Data;Hora UTC;PRECIPITAÇÃO TOTAL, HORÁRIO (mm);PRESSAO ATMOSFERICA AO NIVEL DA ESTACAO, HORARIA (mB);PRESSÃO ATMOSFERICA MAX.NA HORA ANT. (AUT) (mB);PRESSÃO ATMOSFERICA MIN. NA HORA ANT. (AUT) (mB);RADIACAO GLOBAL (Kj/m²);TEMPERATURA DO AR - BULBO SECO, HORARIA (°C);TEMPERATURA DO PONTO DE ORVALHO (°C);TEMPERATURA MÁXIMA NA HORA ANT. (AUT) (°C);TEMPERATURA MÍNIMA NA HORA ANT. (AUT) (°C);TEMPERATURA ORVALHO MAX. NA HORA ANT. (AUT) (°C);TEMPERATURA ORVALHO MIN. NA HORA ANT. (AUT) (°C);UMIDADE REL. MAX. NA HORA ANT. (AUT) (%);UMIDADE REL. MIN. NA HORA ANT. (AUT) (%);UMIDADE RELATIVA DO AR, HORARIA (%);VENTO, DIREÇÃO HORARIA (gr) (° (gr));VENTO, RAJADA MAXIMA (m/s);VENTO, VELOCIDADE HORARIA (m/s)
2023/01/01;0000 UTC;;;;;;;;;;;;;;;;;
2023/01/01;0100 UTC;;;;;;;;;;;;;;;;;
2023/01/01;0200 UTC;0.0;991.2;991.3;991.1;;22.6;22.6;23.2;22.6;23.0;22.6;100.0;98.0;100.0;21.0;1.7;0.4
2023/01/01;0300 UTC;0.0;990.6;991.3;990.6;;22.7;22.7;22.9;22.3;22.9;22.3;100.0;98.0;100.0;203.0;2.1;0.7
2023/01/01;0400 UTC;0.0;990.9;991.3;990.5;;22.3;22.3;22.8;22.2;22.8;22.2;100.0;99.0;100.0;1.0;5.8;0.8
2023/01/01;0500 UTC;0.0;990.3;990.9;990.3;;21.8;21.8;22.3;21.8;22.3;21.8;100.0;100.0;100.0;113.0;1.5;0.2
2023/01/01;0600 UTC;0.0;989.8;990.3;989.8;;21.6;21.6;21.9;21.5;21.9;21.5;100.0;100.0;100.0;207.0;0.8;0.3
2023/01/01;0700 UTC;0.0;990.0;990.1;989.8;;21.5;21.5;21.7;21.4;21.6;21.4;100.0;100.0;100.0;146.0;1.0;0.5
2023/01/01;0800 UTC;0.0;990.2;990.2;989.8;;21.5;21.5;21.7;21.4;21.7;21.4;100.0;100.0;100.0;145.0;1.2;0.5
2023/01/01;0900 UTC;0.0;990.8;990.8;990.2;;22.1;22.1;22.1;21.5;22.1;21.5;100.0;100.0;100.0;108.0;2.1;0.3
2023/01/01;1000 UTC;0.0;991.6;991.6;990.8;79.5;22.8;22.8;22.8;22.0;22.8;22.0;100.0;100.0;100.0;99.0;1.1;0.3
2023/01/01;1100 UTC;0.2;992.0;992.0;991.6;521.9;24.7;24.1;24.7;22.8;24.1;22.9;100.0;96.0;96.0;79.0;2.1;1.0
2023/01/01;1200 UTC;0.0;992.2;992.2;992.0;1070.5;25.9;23.7;25.9;24.7;24.4;23.5;97.0;87.0;88.0;89.0;3.6;1.5
2023/01/01;1300 UTC;0.0;992.0;992.3;992.0;1684.6;27.8;23.2;27.8;25.9;24.4;22.4;89.0;75.0;76.0;114.0;3.5;1.8
2023/01/01;1400 UTC;0.0;991.2;992.0;991.2;2874.3;30.5;22.7;30.8;27.8;24.0;22.2;77.0;61.0;63.0;120.0;3.5;1.2
2023/01/01;1500 UTC;0.0;990.7;991.2;990.7;3570.6;31.5;21.9;31.8;30.4;23.4;21.5;65.0;55.0;57.0;89.0;4.5;1.6
2023/01/01;1600 UTC;0.0;989.9;990.7;989.9;3210.3;31.8;22.4;32.5;31.5;23.4;20.6;61.0;51.0;58.0;42.0;4.4;1.5
2023/01/01;1700 UTC;0.0;988.8;989.9;988.8;2463.7;32.6;22.4;33.1;31.8;23.5;21.1;61.0;51.0;55.0;67.0;3.3;1.5
2023/01/01;1800 UTC;0.0;987.8;988.8;987.8;1925.9;31.7;23.7;33.0;31.4;23.9;21.9;63.0;53.0;63.0;84.0;5.5;2.1
2023/01/01;1900 UTC;0.0;987.1;987.9;987.1;1633.6;31.4;23.3;31.7;29.4;24.3;22.3;72.0;58.0;62.0;180.0;4.7;1.8
2023/01/01;2000 UTC;0.0;986.8;987.1;986.6;1755.8;32.5;22.1;33.2;31.2;24.2;22.0;66.0;53.0;55.0;175.0;3.2;0.8
2023/01/01;2100 UTC;0.0;987.4;987.4;986.8;481.0;29.7;23.7;32.5;29.7;25.5;22.2;75.0;55.0;70.0;181.0;3.7;1.8
2023/01/01;2200 UTC;0.0;987.8;987.8;987.4;58.6;27.1;25.2;29.7;27.0;25.9;23.8;91.0;70.0;89.0;185.0;2.9;1.0
2023/01/01;2300 UTC;0.0;988.8;988.8;987.8;;25.5;25.2;27.1;25.5;25.6;25.0;99.0;89.0;98.0;27.0;2.0;0.3
2023/01/02;0000 UTC;0.0;989.8;989.8;988.8;;24.7;24.6;25.5;24.7;25.2;24.6;99.0;98.0;99.0;343.0;1.0;0.7
2023/01/02;0100 UTC;;;;;;;;;;;;;;;;;
2023/01/02;0200 UTC;0.0;990.8;990.8;990.6;;24.3;24.3;25.4;24.3;24.8;24.3;100.0;96.0;100.0;73.0;1.5;0.4
2023/01/02;0300 UTC;0.0;990.6;990.9;990.6;;23.7;23.7;24.3;23.7;24.3;23.7;100.0;100.0;100.0;169.0;1.0;0.2
2023/01/02;0400 UTC;0.0;989.7;990.6;989.7;;23.4;23.3;23.8;23.4;23.7;23.3;100.0;100.0;100.0;151.0;0.9;0.3
2023/01/02;0500 UTC;0.0;989.9;989.9;989.5;;23.9;23.6;23.9;22.8;23.9;22.8;100.0;98.0;98.0;91.0;5.3;2.1
2023/01/02;0600 UTC;0.0;989.5;990.1;989.5;;23.5;21.7;24.3;23.5;23.6;21.6;98.0;88.0;89.0;101.0;5.3;1.3
2023/01/02;0700 UTC;0.0;989.0;989.5;989.0;;23.4;22.2;23.5;22.8;22.6;21.5;97.0;89.0;93.0;248.0;2.2;0.9
2023/01/02;0800 UTC;0.0;989.3;989.5;988.9;;22.9;22.5;23.4;22.9;22.6;22.2;98.0;93.0;98.0;324.0;2.2;1.2
2023/01/02;0900 UTC;0.0;989.9;989.9;989.2;0.3;22.8;22.3;23.1;22.6;22.5;21.9;98.0;94.0;97.0;241.0;2.9;0.4
2023/01/02;1000 UTC;0.0;990.8;990.8;989.9;186.9;24.0;22.6;24.0;22.8;22.7;22.0;97.0;91.0;91.0;274.0;3.0;0.8
2023/01/02;1100 UTC;0.0;991.4;991.5;990.8;814.3;26.0;23.1;26.0;24.0;23.3;22.4;92.0;84.0;84.0;346.0;2.8;0.9
2023/01/02;1200 UTC;0.0;991.4;991.5;991.4;1822.4;28.1;23.7;28.1;25.9;24.0;22.4;85.0;74.0;77.0;347.0;3.5;1.2
2023/01/02;1300 UTC;0.0;991.4;991.6;991.4;2562.2;29.0;23.5;29.5;27.7;24.4;22.5;77.0;69.0;72.0;336.0;4.4;2.0
2023/01/02;1400 UTC;0.0;990.9;991.4;990.9;2714.2;30.8;23.7;30.8;29.0;24.5;22.9;73.0;65.0;66.0;346.0;3.6;1.1
2023/01/02;1500 UTC;0.0;989.9;991.0;989.9;2592.0;30.7;23.0;31.3;30.2;24.3;21.6;69.0;58.0;64.0;16.0;3.8;1.4
2023/01/02;1600 UTC;0.0;988.5;989.9;988.5;2958.6;32.0;23.4;32.1;30.5;24.5;21.7;69.0;58.0;60.0;18.0;4.5;2.1
2023/01/02;1700 UTC;0.0;987.2;988.5;987.2;3206.5;31.7;23.4;32.5;31.3;23.9;22.4;64.0;56.0;61.0;11.0;6.8;1.9
2023/01/02;1800 UTC;0.0;986.6;987.2;986.5;1911.8;32.2;22.7;32.7;31.3;24.0;22.2;64.0;56.0;57.0;340.0;5.2;1.3
2023/01/02;1900 UTC;0.0;985.9;986.6;985.9;1157.2;31.3;23.3;32.2;31.0;24.2;22.6;65.0;57.0;62.0;306.0;4.9;1.9
2023/01/02;2000 UTC;12.0;987.7;988.2;985.8;427.8;21.8;21.1;31.4;21.7;24.2;20.1;96.0;61.0;96.0;85.0;18.7;6.1
2023/01/02;2100 UTC;14.0;986.6;987.7;986.3;86.9;23.9;22.6;26.9;21.7;25.7;21.2;99.0;84.0;93.0;349.0;18.7;2.3
2023/01/02;2200 UTC;0.0;987.0;987.0;986.4;35.1;23.6;22.8;24.1;23.1;23.4;22.3;100.0;90.0;96.0;243.0;4.8;0.8
2023/01/02;2300 UTC;0.0;988.4;988.4;987.0;;23.8;22.9;23.8;22.9;23.5;22.6;100.0;94.0;95.0;255.0;2.1;0.5
2023/01/03;0000 UTC;0.0;989.7;989.7;988.4;;24.1;23.2;24.1;23.6;23.3;22.9;98.0;95.0;95.0;272.0;2.5;1.1
2023/01/03;0100 UTC;;;;;;;;;;;;;;;;;
2023/01/03;0200 UTC;0.0;990.3;990.4;989.8;;22.8;22.8;23.8;22.7;23.2;22.7;100.0;97.0;100.0;56.0;1.6;0.6
2023/01/03;0300 UTC;0.0;990.1;990.4;990.1;;22.5;22.5;22.8;22.5;22.8;22.5;100.0;100.0;100.0;164.0;1.5;0.4
2023/01/03;0400 UTC;0.0;989.2;990.2;989.2;;22.5;22.5;22.7;22.5;22.7;22.4;100.0;100.0;100.0;179.0;1.1;0.4
2023/01/03;0500 UTC;0.0;988.9;989.2;988.7;;22.2;22.2;22.5;22.1;22.4;22.1;100.0;100.0;100.0;131.0;1.3;0.8
2023/01/03;0600 UTC;0.0;988.6;989.0;988.6;;22.3;22.3;22.5;22.0;22.5;22.0;100.0;100.0;100.0;156.0;1.7;1.1
2023/01/03;0700 UTC;0.0;988.6;988.9;988.6;;22.3;22.2;22.4;22.2;22.4;22.2;100.0;100.0;100.0;134.0;1.7;0.6
2023/01/03;0800 UTC;0.0;988.8;988.9;988.6;;22.8;22.8;22.8;22.2;22.8;22.2;100.0;100.0;100.0;162.0;1.3;0.4
2023/01/03;0900 UTC;0.0;989.3;989.3;988.8;;22.4;22.4;22.8;22.2;22.8;22.2;100.0;100.0;100.0;136.0;1.0;0.3
2023/01/03;1000 UTC;0.2;991.0;991.0;989.3;14.0;23.7;23.1;23.8;22.3;23.7;22.3;100.0;96.0;96.0;49.0;9.7;2.4
2023/01/03;1100 UTC;16.0;992.0;992.1;991.1;29.5;21.5;21.5;23.7;21.0;22.9;20.9;100.0;93.0;100.0;210.0;9.7;2.6
2023/01/03;1200 UTC;2.2;992.0;992.6;992.0;55.3;21.4;21.3;21.6;21.4;21.6;21.3;100.0;99.0;99.0;255.0;4.2;1.7
2023/01/03;1300 UTC;0.8;993.2;993.7;992.0;139.8;21.8;21.8;21.8;21.4;21.8;21.1;100.0;98.0;100.0;157.0;4.3;1.8
2023/01/03;1400 UTC;0.2;993.1;993.2;992.5;475.7;22.7;22.7;22.7;21.8;22.7;21.6;100.0;97.0;100.0;6.0;3.4;1.3
2023/01/03;1500 UTC;0.4;992.2;993.3;992.2;646.9;23.8;22.9;23.8;22.6;23.3;22.6;100.0;94.0;95.0;24.0;4.6;1.3
2023/01/03;1600 UTC;0.0;990.4;992.2;990.4;563.3;23.8;23.4;24.1;23.7;23.5;23.0;98.0;94.0;98.0;344.0;3.5;1.1
2023/01/03;1700 UTC;0.2;989.5;990.7;989.5;1107.3;24.8;23.3;25.0;23.7;24.4;23.2;99.0;91.0;91.0;349.0;3.8;1.0
2023/01/03;1800 UTC;0.2;989.2;989.5;988.9;1442.6;26.0;24.2;26.0;24.8;24.5;23.2;94.0;87.0;90.0;314.0;3.5;2.2
2023/01/03;1900 UTC;0.0;988.6;989.3;988.6;1236.1;26.5;24.0;26.7;25.9;24.4;23.5;90.0;84.0;86.0;61.0;4.0;1.8
2023/01/03;2000 UTC;0.0;988.5;988.7;988.5;968.8;27.1;23.8;27.2;26.5;24.8;23.8;88.0;82.0;82.0;35.0;4.0;0.9
2023/01/03;2100 UTC;0.0;987.8;988.5;987.7;540.4;26.5;24.1;27.1;26.5;24.4;23.2;88.0;81.0;87.0;159.0;2.3;0.4
2023/01/03;2200 UTC;0.0;988.6;988.6;987.8;83.5;25.0;24.7;26.5;25.0;25.1;24.1;99.0;87.0;98.0;153.0;1.5;0.6
2023/01/03;2300 UTC;0.0;989.8;989.8;988.6;;24.0;24.0;25.1;24.0;24.7;24.0;100.0;96.0;100.0;347.0;1.2;0.3
2023/01/04;0000 UTC;0.0;990.8;990.8;989.8;;23.6;23.6;24.1;23.6;24.1;23.6;100.0;100.0;100.0;256.0;0.9;0.4
2023/01/04;0100 UTC;0.0;991.5;991.5;990.8;;23.5;23.5;23.8;23.5;23.8;23.5;100.0;100.0;100.0;180.0;1.0;0.3
2023/01/04;0200 UTC;0.0;991.6;991.7;991.5;;23.0;23.0;23.5;23.0;23.5;23.0;100.0;100.0;100.0;218.0;0.8;0.2
2023/01/04;0300 UTC;0.0;991.6;991.7;991.5;;22.6;22.6;23.0;22.6;23.0;22.6;100.0;100.0;100.0;40.0;1.2;0.3
2023/01/04;0400 UTC;0.0;991.0;991.6;991.0;;22.6;22.5;22.7;22.4;22.7;22.4;100.0;100.0;100.0;176.0;0.9;0.4
2023/01/04;0500 UTC;0.0;990.3;991.0;990.3;;22.4;22.4;22.8;22.4;22.8;22.4;100.0;100.0;100.0;232.0;0.9;0.4
2023/01/04;0600 UTC;0.0;990.3;990.3;990.1;;22.4;22.4;22.5;22.3;22.5;22.3;100.0;100.0;100.0;103.0;0.8;0.3
2023/01/04;0700 UTC;0.0;989.8;990.4;989.8;;22.4;22.3;22.5;22.4;22.5;22.3;100.0;100.0;100.0;245.0;1.0;0.1
2023/01/04;0800 UTC;0.0;990.1;990.1;989.8;;22.2;22.2;22.4;21.9;22.3;21.9;100.0;100.0;100.0;281.0;1.0;0.3
2023/01/04;0900 UTC;0.0;991.2;991.2;990.1;;22.5;22.5;22.6;21.9;22.6;21.9;100.0;100.0;100.0;330.0;1.4;0.8
2023/01/04;1000 UTC;0.0;992.0;992.0;991.2;145.2;23.5;23.5;23.5;22.2;23.5;22.2;100.0;100.0;100.0;106.0;2.2;0.7
2023/01/04;1100 UTC;0.0;993.1;993.1;992.0;436.8;24.6;24.6;24.7;23.5;24.7;23.5;100.0;100.0;100.0;52.0;2.0;1.0
2023/01/04;1200 UTC;0.0;993.6;993.6;993.1;544.4;23.1;22.4;24.6;22.8;24.6;21.8;100.0;92.0;96.0;330.0;6.8;2.6
2023/01/04;1300 UTC;0.2;994.2;994.2;993.6;1661.5;23.6;22.7;24.4;23.1;22.9;21.6;97.0;87.0;94.0;294.0;5.9;2.1
2023/01/04;1400 UTC;0.2;993.8;994.2;993.8;2210.5;24.8;23.0;25.0;23.4;23.4;22.1;97.0;87.0;89.0;;5.6;
2023/01/04;1500 UTC;0.0;992.7;993.8;992.7;2801.0;26.2;22.2;26.7;24.7;24.0;22.2;92.0;79.0;79.0;324.0;5.7;2.9
2023/01/04;1600 UTC;0.0;991.3;992.7;991.3;2855.6;27.5;22.2;27.8;26.1;23.3;21.4;80.0;71.0;73.0;348.0;5.2;1.1
2023/01/04;1700 UTC;0.0;990.4;991.3;990.3;2847.6;28.9;22.2;29.1;27.3;23.6;21.8;75.0;67.0;67.0;43.0;4.9;1.5
2023/01/04;1800 UTC;0.0;990.0;990.7;990.0;2422.4;29.3;22.5;29.4;28.5;23.5;21.4;73.0;65.0;67.0;354.0;5.8;2.3
2023/01/04;1900 UTC;0.0;989.0;990.0;989.0;2219.4;29.1;23.2;29.8;28.9;23.9;22.1;73.0;65.0;71.0;359.0;4.8;1.6
2023/01/04;2000 UTC;0.0;988.5;989.0;988.5;1837.9;29.0;23.1;29.8;29.0;23.8;22.5;73.0;67.0;71.0;49.0;6.0;2.0
2023/01/04;2100 UTC;0.0;987.9;988.4;987.9;777.7;26.5;23.8;29.0;26.5;23.9;22.5;86.0;69.0;85.0;74.0;6.0;1.5
2023/01/04;2200 UTC;0.0;988.2;988.2;987.7;55.0;25.1;23.6;26.5;25.1;24.0;23.5;91.0;85.0;91.0;90.0;3.9;1.3
2023/01/04;2300 UTC;0.0;988.8;988.8;988.2;;24.0;23.0;25.1;24.0;23.5;23.0;94.0;91.0;94.0;64.0;4.2;1.3
2023/01/05;0000 UTC;;;;;;;;;;;;;;;;;
2023/01/05;0100 UTC;;;;;;;;;;;;;;;;;
2023/01/05;0200 UTC;0.0;990.7;990.8;990.1;;22.9;22.9;23.5;22.9;23.3;22.9;100.0;99.0;100.0;98.0;1.4;0.9
2023/01/05;0300 UTC;0.0;991.0;991.0;990.7;;23.1;23.1;23.1;22.9;23.1;22.9;100.0;100.0;100.0;216.0;1.4;0.4
2023/01/05;0400 UTC;0.0;991.2;991.3;991.0;;23.1;23.1;23.4;23.1;23.4;23.0;100.0;100.0;100.0;353.0;1.5;0.9
2023/01/05;0500 UTC;0.0;991.0;991.3;991.0;;23.3;23.3;23.4;23.1;23.4;23.1;100.0;100.0;100.0;126.0;1.6;0.3
2023/01/05;0600 UTC;0.0;990.7;991.0;990.7;;23.4;23.3;23.5;23.2;23.5;23.2;100.0;100.0;100.0;143.0;1.0;0.5
2023/01/05;0700 UTC;0.0;990.2;990.7;990.2;;23.0;23.0;23.4;23.0;23.3;23.0;100.0;100.0;100.0;36.0;1.0;0.3
2023/01/05;0800 UTC;0.0;989.8;990.2;989.8;;22.9;22.9;23.1;22.8;23.1;22.8;100.0;100.0;100.0;166.0;1.2;0.3
2023/01/05;0900 UTC;0.0;989.9;989.9;989.6;;22.7;22.7;22.9;22.7;22.9;22.7;100.0;100.0;100.0;260.0;1.3;0.3
2023/01/05;1000 UTC;0.0;990.6;990.6;989.9;136.3;23.2;23.2;23.2;22.6;23.2;22.6;100.0;100.0;100.0;192.0;2.7;1.6
2023/01/05;1100 UTC;0.2;991.8;991.8;990.6;809.6;25.8;24.2;25.8;23.2;25.4;23.2;100.0;91.0;91.0;225.0;2.7;0.6
2023/01/05;1200 UTC;0.0;992.4;992.4;991.8;1632.2;28.2;24.1;28.2;25.8;24.8;23.6;91.0;78.0;78.0;263.0;2.5;1.1
2023/01/05;1300 UTC;0.0;992.8;992.9;992.3;2005.7;28.2;23.6;29.0;28.0;24.3;22.5;79.0;71.0;76.0;245.0;5.9;1.9
2023/01/05;1400 UTC;0.0;993.0;993.2;992.8;2225.2;27.9;23.4;28.6;26.9;24.4;23.0;83.0;73.0;77.0;228.0;9.1;3.2
2023/01/05;1500 UTC;0.0;992.1;993.0;992.1;3139.9;29.7;23.7;29.7;27.9;24.2;22.3;78.0;66.0;71.0;192.0;7.7;2.3
2023/01/05;1600 UTC;0.0;990.8;992.1;990.8;3563.1;30.1;23.0;30.6;29.0;24.7;22.2;73.0;62.0;66.0;181.0;6.2;3.2
2023/01/05;1700 UTC;0.0;989.2;990.8;989.2;3814.2;30.6;21.7;31.9;29.7;24.1;21.6;69.0;58.0;59.0;206.0;6.5;2.7
2023/01/05;1800 UTC;0.0;988.8;989.2;988.8;2726.5;30.6;22.8;31.7;30.6;23.2;21.4;64.0;56.0;63.0;230.0;5.5;1.7
2023/01/05;1900 UTC;1.6;987.8;988.9;987.8;1250.8;28.4;24.7;30.6;25.6;24.8;22.8;89.0;63.0;80.0;333.0;7.6;2.3
2023/01/05;2000 UTC;0.2;987.5;987.8;987.5;2162.4;30.3;22.3;31.0;28.4;25.5;21.8;82.0;61.0;62.0;6.0;4.0;1.6
2023/01/05;2100 UTC;0.0;988.5;988.5;987.5;797.2;28.8;24.2;30.4;28.8;24.5;22.2;76.0;61.0;76.0;359.0;3.0;1.3
2023/01/05;2200 UTC;0.0;989.6;989.6;988.5;87.1;27.0;24.2;28.8;27.0;24.6;24.0;85.0;75.0;85.0;9.0;3.7;1.3
2023/01/05;2300 UTC;0.0;990.4;990.5;989.6;;26.5;24.2;27.0;26.5;24.6;23.9;88.0;84.0;87.0;1.0;3.5;1.4
2023/01/06;0000 UTC;0.0;991.5;991.5;990.4;;25.4;23.2;26.5;25.4;24.6;23.0;91.0;86.0;87.0;343.0;6.2;2.7
2023/01/06;0100 UTC;;;;;;;;;;;;;;;;;
2023/01/06;0200 UTC;0.0;992.8;992.8;992.4;;24.6;23.3;24.7;24.5;23.6;23.3;94.0;92.0;92.0;354.0;3.0;1.0
2023/01/06;0300 UTC;0.0;992.2;992.9;992.2;;24.1;22.8;24.6;24.1;23.2;22.7;93.0;90.0;92.0;5.0;5.8;2.0
2023/01/06;0400 UTC;0.0;991.2;992.2;991.2;;23.6;22.7;24.1;23.6;22.9;22.6;94.0;92.0;94.0;359.0;5.0;1.6
2023/01/06;0500 UTC;0.0;990.7;991.2;990.7;;23.4;22.6;23.6;23.4;22.7;22.4;96.0;93.0;96.0;9.0;4.4;0.9
2023/01/06;0600 UTC;0.0;990.2;990.7;990.2;;23.3;22.8;23.4;23.2;22.8;22.6;98.0;95.0;98.0;357.0;1.9;0.5
2023/01/06;0700 UTC;0.0;990.1;990.2;989.9;;23.2;23.0;23.5;23.2;23.2;22.8;99.0;97.0;99.0;293.0;2.7;1.5
2023/01/06;0800 UTC;0.0;990.9;990.9;990.1;;23.2;22.9;23.3;23.1;23.2;22.8;100.0;98.0;98.0;328.0;3.1;0.8
2023/01/06;0900 UTC;0.0;991.4;991.4;990.9;;23.0;23.0;23.3;22.9;23.1;22.9;100.0;98.0;100.0;281.0;1.8;0.4
2023/01/06;1000 UTC;0.0;992.4;992.4;991.4;113.4;23.4;23.3;23.4;23.0;23.3;23.0;100.0;100.0;100.0;146.0;1.5;1.1
2023/01/06;1100 UTC;0.0;993.1;993.1;992.4;406.0;24.6;23.3;24.6;23.4;23.5;23.2;100.0;92.0;93.0;69.0;1.5;0.3
2023/01/06;1200 UTC;0.0;993.7;993.7;993.1;688.1;25.1;23.2;25.2;24.6;23.7;22.7;95.0;88.0;89.0;270.0;2.5;1.6
2023/01/06;1300 UTC;0.0;993.8;993.8;993.7;889.5;25.6;23.2;25.8;24.9;23.7;22.9;92.0;85.0;87.0;262.0;4.2;1.9
2023/01/06;1400 UTC;0.0;993.8;993.9;993.7;1514.0;27.3;23.2;27.4;25.6;24.0;22.8;88.0;78.0;78.0;239.0;5.1;1.6
2023/01/06;1500 UTC;0.0;993.4;993.8;993.4;1852.2;27.9;23.9;28.1;27.2;23.9;22.8;81.0;75.0;79.0;209.0;4.2;1.7
2023/01/06;1600 UTC;0.0;992.9;993.4;992.9;1673.6;27.4;23.6;28.4;27.3;24.2;23.2;81.0;75.0;80.0;199.0;4.3;1.3
2023/01/06;1700 UTC;0.0;991.7;992.9;991.7;2376.1;29.9;23.5;30.0;27.4;24.1;22.6;81.0;67.0;69.0;270.0;4.2;1.8
2023/01/06;1800 UTC;0.0;990.7;991.7;990.7;1142.9;27.5;23.3;29.9;27.5;24.3;22.8;80.0;67.0;78.0;209.0;4.8;1.8
2023/01/06;1900 UTC;0.0;990.2;990.8;990.2;532.1;25.6;23.9;27.5;25.4;24.2;22.9;92.0;78.0;90.0;210.0;5.6;1.3
2023/01/06;2000 UTC;0.0;989.8;990.2;989.8;467.5;26.1;24.6;26.1;25.4;24.6;23.8;92.0;89.0;91.0;114.0;3.8;1.0
2023/01/06;2100 UTC;0.0;989.8;989.8;989.5;656.8;27.4;24.5;27.6;26.1;25.0;23.7;92.0;80.0;84.0;158.0;2.3;1.0
2023/01/06;2200 UTC;0.0;990.8;990.8;989.8;147.8;26.0;25.0;27.5;26.0;25.1;24.2;95.0;82.0;95.0;346.0;2.4;0.9
2023/01/06;2300 UTC;0.0;991.8;991.8;990.8;;23.1;22.5;26.0;23.0;25.1;21.7;96.0;87.0;96.0;109.0;6.7;1.2
2023/01/07;0000 UTC;;;;;;;;;;;;;;;;;
2023/01/07;0100 UTC;;;;;;;;;;;;;;;;;
2023/01/07;0200 UTC;;;;;;;;;;;;;;;;;
2023/01/07;0300 UTC;;;;;;;;;;;;;;;;;
2023/01/07;0400 UTC;0.2;993.2;993.6;993.2;;23.3;23.3;23.5;23.2;23.4;23.2;100.0;100.0;100.0;309.0;0.8;0.2
2023/01/07;0500 UTC;0.0;992.6;993.2;992.6;;23.3;23.3;23.4;23.2;23.4;23.2;100.0;100.0;100.0;351.0;1.4;0.4
2023/01/07;0600 UTC;0.0;992.2;992.6;992.1;;23.2;23.2;23.4;23.2;23.4;23.2;100.0;100.0;100.0;60.0;1.3;0.8
2023/01/07;0700 UTC;0.0;992.4;992.4;992.1;;23.3;23.3;23.5;23.2;23.5;23.2;100.0;100.0;100.0;59.0;1.5;1.0
2023/01/07;0800 UTC;0.0;992.8;993.0;992.4;;21.2;20.8;23.6;21.2;23.6;20.7;100.0;91.0;98.0;44.0;8.5;1.6
2023/01/07;0900 UTC;0.2;992.7;992.9;992.7;;21.2;20.9;21.3;21.1;21.2;20.8;100.0;97.0;98.0;82.0;4.0;1.0
2023/01/07;1000 UTC;0.0;993.6;993.6;992.7;86.5;21.6;21.4;21.7;21.2;21.5;20.9;99.0;98.0;99.0;312.0;2.9;0.3
2023/01/07;1100 UTC;0.0;994.6;994.6;993.6;390.2;22.6;21.8;22.8;21.6;21.9;20.6;100.0;89.0;95.0;274.0;1.6;1.0
2023/01/07;1200 UTC;0.0;995.2;995.2;994.6;790.5;23.6;21.6;23.8;22.6;22.2;21.3;96.0;87.0;89.0;173.0;1.9;0.9
2023/01/07;1300 UTC;0.0;995.6;995.6;995.2;1067.5;24.7;22.2;24.7;23.6;22.3;21.4;90.0;84.0;86.0;303.0;1.7;0.5
2023/01/07;1400 UTC;0.0;995.4;995.6;995.4;1129.3;25.0;22.1;25.4;24.5;23.3;21.8;90.0;83.0;84.0;337.0;2.3;0.7
2023/01/07;1500 UTC;0.0;994.6;995.4;994.6;2054.2;26.4;22.3;26.5;25.0;23.2;22.0;87.0;78.0;78.0;38.0;3.8;1.9
2023/01/07;1600 UTC;0.0;993.3;994.6;993.3;3928.9;28.1;22.6;28.3;26.4;23.7;21.8;81.0;72.0;72.0;356.0;5.4;1.9
2023/01/07;1700 UTC;0.0;991.8;993.2;991.8;3807.2;29.3;22.1;29.4;27.9;24.3;20.9;77.0;62.0;65.0;340.0;5.3;1.9
2023/01/07;1800 UTC;0.0;990.6;991.8;990.6;3176.9;29.8;22.0;30.3;29.1;22.5;20.6;66.0;58.0;63.0;359.0;5.0;1.5
2023/01/07;1900 UTC;0.0;989.7;990.6;989.7;2567.5;30.1;22.2;30.5;29.8;22.7;21.2;65.0;59.0;63.0;19.0;4.3;1.8
2023/01/07;2000 UTC;0.0;989.3;989.7;989.2;1923.4;30.6;22.4;31.0;29.9;23.3;21.6;67.0;60.0;62.0;343.0;5.1;1.7
2023/01/07;2100 UTC;0.0;989.8;989.8;989.3;895.5;28.4;23.2;30.7;28.4;23.4;21.8;74.0;60.0;74.0;352.0;5.3;2.2
2023/01/07;2200 UTC;0.0;990.6;990.7;989.8;177.4;26.2;22.8;28.4;26.2;23.2;22.5;82.0;72.0;81.0;350.0;6.3;1.2
2023/01/07;2300 UTC;0.0;991.6;991.6;990.6;;24.3;23.6;26.2;24.3;24.0;22.8;96.0;81.0;96.0;89.0;2.3;0.6
2023/01/08;0000 UTC;;;;;;;;;;;;;;;;;
2023/01/08;0100 UTC;;;;;;;;;;;;;;;;;
2023/01/08;0200 UTC;0.0;993.0;993.0;992.4;;24.7;23.2;24.8;24.5;23.8;23.1;96.0;91.0;91.0;261.0;3.0;1.0
2023/01/08;0300 UTC;;;;;;;;;;;;;;;;;
2023/01/08;0400 UTC;0.0;992.4;992.8;992.4;;23.9;22.9;24.3;23.9;22.9;22.7;94.0;91.0;94.0;202.0;2.0;0.5
2023/01/08;0500 UTC;0.0;992.0;992.4;992.0;;23.6;22.9;24.0;23.6;23.0;22.8;96.0;93.0;96.0;259.0;2.2;1.2
2023/01/08;0600 UTC;0.0;991.7;992.0;991.7;;23.1;22.9;23.6;23.1;23.0;22.9;99.0;96.0;99.0;125.0;2.3;0.5
2023/01/08;0700 UTC;0.0;991.7;991.8;991.7;;22.9;22.9;23.2;22.9;23.2;22.9;100.0;99.0;100.0;5.0;1.0;0.4
2023/01/08;0800 UTC;0.0;991.8;991.9;991.7;;22.7;22.7;22.9;22.7;22.9;22.7;100.0;100.0;100.0;193.0;1.1;0.2
2023/01/08;0900 UTC;0.0;992.4;992.4;991.8;;22.4;22.4;23.0;22.4;23.0;22.4;100.0;100.0;100.0;108.0;1.4;0.4
2023/01/08;1000 UTC;0.0;993.5;993.5;992.5;78.7;23.2;23.1;23.2;22.4;23.1;22.4;100.0;100.0;100.0;58.0;1.0;0.2
2023/01/08;1100 UTC;0.0;993.9;993.9;993.5;379.6;24.2;23.1;24.3;23.2;23.5;23.0;100.0;94.0;94.0;249.0;2.2;1.2
2023/01/08;1200 UTC;0.0;994.8;994.8;993.9;1108.5;26.1;23.1;26.2;24.2;23.8;22.7;95.0;81.0;83.0;243.0;4.2;1.4
2023/01/08;1300 UTC;0.0;994.7;994.9;994.7;1566.2;27.0;23.0;27.3;26.0;23.5;22.6;85.0;77.0;79.0;207.0;3.3;1.3
2023/01/08;1400 UTC;0.0;994.5;994.9;994.5;1578.9;27.3;23.3;27.8;26.6;23.7;22.7;82.0;77.0;79.0;197.0;3.6;1.4
2023/01/08;1500 UTC;0.0;993.8;994.5;993.8;2226.8;28.8;23.3;29.6;27.3;24.3;23.0;80.0;71.0;72.0;348.0;3.5;1.0
2023/01/08;1600 UTC;0.0;992.7;993.7;992.7;1858.4;30.0;23.5;30.0;28.7;23.8;22.7;74.0;67.0;68.0;230.0;3.5;1.4
2023/01/08;1700 UTC;0.0;991.6;992.7;991.6;2445.3;31.1;23.6;31.2;29.5;23.6;22.1;69.0;62.0;64.0;225.0;4.1;1.4
2023/01/08;1800 UTC;0.0;989.8;991.6;989.8;2917.9;31.2;21.8;31.8;30.4;23.8;21.8;67.0;57.0;57.0;255.0;4.9;2.0
2023/01/08;1900 UTC;0.0;988.9;989.8;988.9;1988.2;31.2;22.7;31.7;30.6;23.7;21.5;65.0;58.0;61.0;316.0;4.3;1.1
2023/01/08;2000 UTC;0.0;988.5;988.9;988.3;1759.2;31.2;23.4;32.0;30.7;23.6;21.6;64.0;57.0;63.0;178.0;2.7;1.2
2023/01/08;2100 UTC;0.0;988.8;988.8;988.4;469.9;29.7;23.9;31.3;29.7;24.4;22.7;72.0;62.0;71.0;251.0;2.8;1.2
2023/01/08;2200 UTC;0.0;990.0;990.0;988.8;114.3;26.9;24.7;29.7;26.9;24.9;23.6;88.0;70.0;88.0;56.0;3.6;0.8
2023/01/08;2300 UTC;0.0;991.0;991.0;990.0;;26.2;24.6;27.0;25.9;25.1;24.5;95.0;87.0;91.0;165.0;2.9;1.7
2023/01/09;0000 UTC;;;;;;;;;;;;;;;;;
2023/01/09;0100 UTC;;;;;;;;;;;;;;;;;
2023/01/09;0200 UTC;;;;;;;;;;;;;;;;;
2023/01/09;0300 UTC;6.6;992.7;993.5;992.3;0.1;22.4;22.4;25.3;22.4;24.1;22.0;100.0;88.0;100.0;80.0;7.0;2.9
2023/01/09;0400 UTC;5.0;992.5;992.7;992.2;;22.8;22.8;23.0;22.4;22.9;22.4;100.0;99.0;100.0;42.0;6.3;1.1
2023/01/09;0500 UTC;4.2;992.2;992.5;992.0;;22.4;22.4;22.8;22.4;22.8;22.4;100.0;100.0;100.0;88.0;3.7;0.9
2023/01/09;0600 UTC;1.2;992.3;992.6;992.2;;22.7;22.7;22.7;22.4;22.7;22.4;100.0;99.0;100.0;264.0;4.0;1.0
2023/01/09;0700 UTC;0.4;991.4;992.3;991.4;;22.6;22.6;22.8;22.5;22.8;22.5;100.0;100.0;100.0;242.0;2.1;0.7
2023/01/09;0800 UTC;0.0;991.5;991.5;991.1;;22.3;22.3;22.6;22.3;22.6;22.2;100.0;100.0;100.0;97.0;1.3;0.5
2023/01/09;0900 UTC;0.0;992.1;992.1;991.5;;22.6;22.6;22.6;22.3;22.6;22.2;100.0;100.0;100.0;201.0;1.6;1.2
2023/01/09;1000 UTC;0.0;993.0;993.0;992.1;80.1;22.8;22.8;22.8;22.5;22.8;22.5;100.0;100.0;100.0;235.0;1.7;0.8
2023/01/09;1100 UTC;0.0;993.3;993.3;992.9;374.0;23.5;23.4;23.5;22.8;23.4;22.7;100.0;99.0;99.0;200.0;2.3;1.3
2023/01/09;1200 UTC;0.0;993.8;993.8;993.3;1157.3;24.7;22.8;25.2;23.5;23.8;22.8;99.0;88.0;89.0;212.0;2.9;1.3
2023/01/09;1300 UTC;0.2;994.2;994.2;993.8;1728.1;26.8;23.7;27.2;24.6;24.3;22.6;91.0;80.0;83.0;8.0;2.6;1.0
2023/01/09;1400 UTC;0.0;993.5;994.2;993.5;2806.0;28.5;22.9;28.5;26.5;23.8;21.3;84.0;67.0;72.0;171.0;2.7;0.9
2023/01/09;1500 UTC;0.0;993.0;993.5;993.0;2733.7;28.5;24.1;29.0;27.8;24.1;22.1;77.0;69.0;77.0;113.0;4.5;1.9
2023/01/09;1600 UTC;0.0;992.2;993.0;992.2;3106.7;28.5;22.8;29.0;28.2;24.5;21.7;78.0;66.0;71.0;111.0;5.5;2.1
2023/01/09;1700 UTC;0.0;990.8;992.2;990.8;2281.8;28.8;23.4;29.3;28.3;23.5;22.1;74.0;66.0;72.0;83.0;5.5;1.6
2023/01/09;1800 UTC;0.0;989.7;990.8;989.7;2076.8;29.7;23.0;30.0;28.8;24.0;22.2;73.0;65.0;67.0;168.0;4.2;1.8
2023/01/09;1900 UTC;0.0;988.9;989.7;988.9;2386.9;30.0;23.4;30.7;29.5;24.8;23.2;72.0;65.0;68.0;89.0;4.1;1.8
2023/01/09;2000 UTC;0.0;989.1;989.1;988.7;1769.5;30.2;22.8;30.5;29.9;23.9;22.2;69.0;61.0;65.0;70.0;3.9;1.6
2023/01/09;2100 UTC;0.0;989.2;989.3;989.1;748.4;29.3;24.3;30.6;29.3;24.3;21.9;75.0;61.0;75.0;128.0;3.3;0.5
2023/01/09;2200 UTC;0.0;989.8;989.8;989.2;86.4;26.1;25.0;29.3;26.1;26.0;24.4;94.0;75.0;94.0;161.0;1.1;0.1
2023/01/09;2300 UTC;0.0;990.3;990.3;989.8;;25.9;23.6;26.2;25.2;25.3;23.5;99.0;86.0;87.0;109.0;4.5;1.1
2023/01/10;0000 UTC;0.0;991.1;991.5;990.3;;24.3;22.4;26.0;24.3;24.0;22.4;92.0;85.0;89.0;297.0;7.4;1.4
2023/01/10;0100 UTC;;;;;;;;;;;;;;;;;
2023/01/10;0200 UTC;;;;;;;;;;;;;;;;;
2023/01/10;0300 UTC;8.0;993.1;993.4;993.0;;23.2;22.6;23.8;23.1;23.1;22.6;99.0;94.0;96.0;275.0;3.7;2.0
2023/01/10;0400 UTC;0.4;992.4;993.2;992.4;;23.3;23.1;23.3;22.9;23.2;22.5;100.0;96.0;99.0;308.0;3.8;1.1
2023/01/10;0500 UTC;0.0;991.4;992.4;991.4;;23.2;23.1;23.4;23.0;23.2;22.9;100.0;97.0;99.0;242.0;2.5;0.8
2023/01/10;0600 UTC;0.0;991.2;991.4;990.9;;22.6;22.5;23.2;22.6;23.1;22.5;100.0;99.0;100.0;307.0;1.8;0.5
2023/01/10;0700 UTC;0.2;991.5;991.5;991.2;;22.9;22.9;22.9;22.4;22.9;22.4;100.0;100.0;100.0;202.0;1.5;0.9
2023/01/10;0800 UTC;0.0;991.8;991.8;991.4;;22.7;22.7;22.9;22.6;22.9;22.6;100.0;100.0;100.0;199.0;2.1;0.7
2023/01/10;0900 UTC;0.0;992.1;992.1;991.8;0.1;22.6;22.6;22.7;22.6;22.7;22.5;100.0;100.0;100.0;192.0;2.4;1.0
2023/01/10;1000 UTC;0.0;992.7;992.7;992.1;329.2;23.7;23.1;23.8;22.6;23.4;22.6;100.0;96.0;96.0;179.0;2.8;1.3
2023/01/10;1100 UTC;0.0;993.3;993.4;992.7;1147.8;25.3;23.3;25.4;23.7;23.6;23.1;98.0;87.0;89.0;186.0;5.6;2.6
2023/01/10;1200 UTC;0.0;994.2;994.2;993.3;1283.1;26.0;23.0;26.2;25.2;23.8;22.9;90.0;83.0;84.0;187.0;5.3;2.5
2023/01/10;1300 UTC;0.0;994.6;994.6;994.2;2298.9;28.0;22.7;28.5;25.8;24.4;22.4;86.0;73.0;73.0;206.0;4.8;1.4
2023/01/10;1400 UTC;0.0;994.2;994.6;994.2;2797.9;29.2;23.9;29.2;27.5;24.3;22.5;78.0;69.0;73.0;193.0;4.2;1.9
2023/01/10;1500 UTC;0.0;993.5;994.2;993.5;3309.9;30.5;24.3;30.8;28.7;24.9;22.5;73.0;64.0;69.0;212.0;4.4;1.4
2023/01/10;1600 UTC;0.0;992.5;993.5;992.5;2602.7;30.4;22.7;31.0;29.6;24.7;22.2;71.0;60.0;64.0;149.0;3.5;1.5
2023/01/10;1700 UTC;0.0;991.2;992.5;991.2;3665.4;31.7;22.9;32.1;30.4;24.6;21.8;68.0;57.0;60.0;259.0;3.9;1.1
2023/01/10;1800 UTC;0.0;989.9;991.2;989.9;2070.2;31.2;23.9;31.6;30.6;24.5;22.5;69.0;59.0;65.0;272.0;5.5;2.1
2023/01/10;1900 UTC;0.0;988.8;989.9;988.8;1432.1;29.3;24.0;31.7;29.3;24.4;22.9;73.0;61.0;73.0;195.0;5.3;2.5
2023/01/10;2000 UTC;0.0;989.0;989.0;988.7;755.6;28.5;24.0;29.5;28.4;24.7;23.8;79.0;73.0;77.0;184.0;6.0;2.0
2023/01/10;2100 UTC;0.0;988.9;989.1;988.9;416.9;27.5;23.6;28.5;27.5;24.2;23.2;80.0;74.0;79.0;163.0;4.2;1.5
2023/01/10;2200 UTC;0.0;989.5;989.5;988.9;103.0;26.3;24.2;27.5;26.1;24.3;23.3;90.0;79.0;88.0;155.0;2.7;1.5
2023/01/10;2300 UTC;0.0;991.0;991.0;989.5;;24.8;24.3;26.3;24.8;24.4;23.8;97.0;87.0;97.0;335.0;2.9;0.7
2023/01/11;0000 UTC;;;;;;;;;;;;;;;;;
2023/01/11;0100 UTC;0.0;992.4;992.4;992.0;;24.6;24.3;25.1;24.6;24.5;24.2;99.0;95.0;98.0;240.0;1.5;0.3
2023/01/11;0200 UTC;0.0;992.8;992.9;992.4;;24.1;24.1;24.6;24.0;24.4;24.0;100.0;98.0;100.0;252.0;0.6;0.3
2023/01/11;0300 UTC;;;;;;;;;;;;;;;;;
2023/01/11;0400 UTC;0.0;993.3;993.3;992.3;;24.5;22.9;25.7;23.5;24.6;22.8;100.0;89.0;91.0;354.0;7.5;2.6
2023/01/11;0500 UTC;6.8;993.3;993.3;993.0;;23.4;23.0;24.5;23.3;23.2;22.8;99.0;91.0;98.0;9.0;6.8;1.6
2023/01/11;0600 UTC;18.2;993.4;993.6;993.3;;22.5;22.5;23.4;22.5;23.0;22.5;100.0;97.0;100.0;128.0;6.5;2.0
2023/01/11;0700 UTC;10.8;992.9;993.4;992.9;;21.9;21.2;22.5;21.8;22.4;21.2;100.0;96.0;96.0;124.0;4.9;1.5
2023/01/11;0800 UTC;1.0;992.8;993.1;992.8;;21.9;21.7;22.1;21.6;21.8;21.2;100.0;96.0;99.0;126.0;3.5;0.9
2023/01/11;0900 UTC;0.2;993.5;993.5;992.6;;21.7;21.7;22.0;21.6;22.0;21.6;100.0;99.0;100.0;295.0;2.5;1.3
2023/01/11;1000 UTC;0.0;994.2;994.2;993.5;26.9;21.9;21.9;21.9;21.5;21.9;21.5;100.0;100.0;100.0;199.0;2.5;0.7
2023/01/11;1100 UTC;0.0;994.7;994.8;994.2;121.2;22.6;22.6;22.6;21.9;22.6;21.9;100.0;100.0;100.0;199.0;2.3;0.7
2023/01/11;1200 UTC;0.2;994.9;994.9;994.7;546.9;23.7;23.0;23.7;22.6;23.0;22.6;100.0;95.0;96.0;220.0;2.3;1.1
2023/01/11;1300 UTC;0.0;995.2;995.2;994.9;890.3;24.2;22.6;24.5;23.7;23.1;22.5;96.0;90.0;91.0;187.0;3.3;1.8
2023/01/11;1400 UTC;0.0;995.1;995.4;995.1;1249.0;25.1;22.8;25.5;24.2;23.6;22.3;92.0;85.0;87.0;184.0;3.3;1.3
2023/01/11;1500 UTC;0.0;994.3;995.1;994.2;1700.4;26.7;23.2;26.7;25.1;23.6;22.5;89.0;79.0;81.0;190.0;4.3;1.5
2023/01/11;1600 UTC;0.0;993.3;994.3;993.3;3676.6;29.1;22.6;29.1;26.4;23.7;21.8;82.0;68.0;68.0;206.0;4.1;0.9
2023/01/11;1700 UTC;0.0;991.9;993.3;991.9;3203.0;29.4;22.7;29.9;29.0;23.1;21.0;69.0;59.0;67.0;131.0;3.3;1.0
2023/01/11;1800 UTC;0.0;991.1;991.9;991.1;1732.8;29.0;23.7;29.8;28.9;24.1;22.3;75.0;66.0;73.0;61.0;2.9;0.9
2023/01/11;1900 UTC;0.0;990.2;991.1;990.2;1327.6;29.1;23.6;30.3;28.8;24.0;22.8;75.0;66.0;72.0;4.0;2.6;0.9
2023/01/11;2000 UTC;0.0;989.5;990.2;989.5;1130.1;29.2;23.3;29.9;29.1;24.0;22.8;73.0;68.0;71.0;233.0;2.6;1.0
2023/01/11;2100 UTC;0.0;989.4;989.6;989.4;719.9;29.6;24.0;29.8;29.1;24.7;23.1;77.0;69.0;72.0;199.0;1.8;0.8
2023/01/11;2200 UTC;0.0;989.3;989.4;989.3;171.1;27.3;25.0;29.6;27.3;25.6;23.6;90.0;71.0;87.0;231.0;1.6;0.6
2023/01/11;2300 UTC;0.0;990.1;990.1;989.2;;25.4;25.0;27.3;25.4;25.2;24.4;98.0;85.0;98.0;116.0;1.5;0.2
2023/01/12;0000 UTC;;;;;;;;;;;;;;;;;
2023/01/12;0100 UTC;1.4;991.6;991.7;990.8;;24.4;23.2;25.7;24.4;24.8;22.8;100.0;87.0;93.0;308.0;5.3;1.5
2023/01/12;0200 UTC;;;;;;;;;;;;;;;;;
2023/01/12;0300 UTC;0.4;992.0;992.0;991.5;;23.9;23.8;24.1;23.9;23.9;23.7;100.0;98.0;100.0;139.0;2.6;0.5
2023/01/12;0400 UTC;0.2;991.6;992.0;991.6;;23.8;23.8;23.9;23.6;23.9;23.6;100.0;100.0;100.0;223.0;1.2;0.2
2023/01/12;0500 UTC;0.0;991.3;991.7;991.3;;24.0;24.0;24.0;23.6;24.0;23.6;100.0;100.0;100.0;310.0;1.7;1.0
2023/01/12;0600 UTC;0.0;990.6;991.3;990.6;;23.8;23.8;24.1;23.7;24.1;23.7;100.0;100.0;100.0;208.0;1.7;0.4
2023/01/12;0700 UTC;0.0;990.6;990.7;990.4;;23.7;23.7;23.8;23.5;23.8;23.5;100.0;100.0;100.0;76.0;1.1;0.4
2023/01/12;0800 UTC;9.2;990.9;990.9;990.5;;24.0;24.0;24.4;23.7;24.4;23.7;100.0;100.0;100.0;305.0;8.8;1.8
2023/01/12;0900 UTC;1.6;991.2;991.2;990.8;;23.2;22.7;24.0;23.2;24.0;22.6;100.0;95.0;97.0;266.0;8.8;1.3
2023/01/12;1000 UTC;0.2;991.5;991.5;991.2;49.9;23.1;23.0;23.2;23.0;23.1;22.7;100.0;97.0;100.0;118.0;2.8;0.8
2023/01/12;1100 UTC;0.0;992.0;992.0;991.5;340.7;24.5;23.9;24.5;23.1;24.1;22.9;100.0;96.0;96.0;190.0;1.5;0.6
2023/01/12;1200 UTC;0.0;992.7;992.7;992.0;775.8;26.3;24.9;26.4;24.5;25.4;23.8;97.0;92.0;92.0;190.0;2.0;0.9
2023/01/12;1300 UTC;0.0;992.6;992.8;992.6;1939.3;28.8;23.6;28.9;26.3;25.7;23.0;94.0;71.0;73.0;165.0;3.4;1.6
2023/01/12;1400 UTC;0.0;992.3;992.7;992.3;3186.4;30.1;23.9;30.1;28.8;25.1;22.9;79.0;67.0;70.0;156.0;4.8;1.4
2023/01/12;1500 UTC;0.0;991.4;992.3;991.4;3200.6;31.3;23.2;31.5;29.9;24.8;23.2;72.0;62.0;62.0;61.0;4.0;0.6
2023/01/12;1600 UTC;1.8;990.2;991.4;990.2;1295.5;27.9;25.9;31.3;27.6;25.9;22.8;90.0;62.0;89.0;269.0;3.1;0.7
2023/01/12;1700 UTC;0.2;988.6;990.2;988.6;3418.7;31.5;25.2;31.9;27.9;26.2;24.0;90.0;66.0;69.0;190.0;2.9;1.3
2023/01/12;1800 UTC;0.0;987.2;988.5;987.2;3351.3;32.3;23.3;32.5;31.2;25.6;22.7;70.0;57.0;59.0;339.0;4.0;1.9
2023/01/12;1900 UTC;0.2;987.0;987.2;986.8;1001.0;26.8;25.2;32.4;26.8;25.2;22.9;91.0;58.0;91.0;133.0;4.1;2.5
2023/01/12;2000 UTC;0.2;986.6;987.0;986.5;295.2;26.5;24.6;26.9;25.9;25.5;23.7;93.0;85.0;89.0;71.0;5.8;0.4
2023/01/12;2100 UTC;0.0;987.2;987.4;986.5;253.5;26.2;24.8;26.7;26.1;25.1;23.9;94.0;85.0;92.0;54.0;2.8;1.0
2023/01/12;2200 UTC;0.0;987.3;987.4;986.7;43.1;25.7;25.1;26.5;25.7;25.1;24.3;96.0;88.0;96.0;141.0;2.7;0.8
2023/01/12;2300 UTC;0.0;988.3;988.3;987.3;;25.5;25.3;25.7;25.2;25.5;24.7;100.0;95.0;99.0;157.0;1.4;0.7
2023/01/13;0000 UTC;0.0;989.4;989.5;988.3;;25.4;25.0;25.6;25.3;25.3;24.8;99.0;96.0;98.0;151.0;2.9;0.7
2023/01/13;0100 UTC;;;;;;;;;;;;;;;;;
2023/01/13;0200 UTC;;;;;;;;;;;;;;;;;
2023/01/13;0300 UTC;0.0;989.8;990.1;989.8;;24.3;24.3;24.8;24.3;24.7;24.3;100.0;98.0;100.0;125.0;1.5;0.3
2023/01/13;0400 UTC;0.0;989.4;989.8;989.3;;24.2;24.2;24.3;23.9;24.3;23.8;100.0;100.0;100.0;300.0;1.4;0.8
2023/01/13;0500 UTC;0.0;988.9;989.4;988.9;;23.8;23.8;24.2;23.5;24.2;23.5;100.0;100.0;100.0;251.0;1.4;0.7
2023/01/13;0600 UTC;0.0;988.7;988.9;988.5;;23.1;23.0;23.9;23.1;23.8;23.0;100.0;100.0;100.0;125.0;1.6;0.4
2023/01/13;0700 UTC;0.0;988.9;988.9;988.7;;23.3;23.3;23.5;23.0;23.5;23.0;100.0;100.0;100.0;112.0;1.8;1.2
2023/01/13;0800 UTC;0.0;989.2;989.4;988.9;;23.9;23.6;24.3;23.3;24.3;23.3;100.0;97.0;98.0;101.0;5.2;1.5
2023/01/13;0900 UTC;0.0;989.5;989.5;989.2;;23.3;22.9;23.9;23.3;23.6;22.9;99.0;98.0;98.0;60.0;3.9;1.5
2023/01/13;1000 UTC;0.2;989.5;989.7;989.4;66.0;23.0;22.4;23.3;22.8;22.9;22.3;98.0;96.0;97.0;120.0;3.3;1.1
2023/01/13;1100 UTC;0.0;989.9;990.0;989.5;611.0;24.6;23.4;24.6;23.0;23.4;22.4;98.0;92.0;93.0;135.0;2.8;1.4
2023/01/13;1200 UTC;0.0;991.4;991.4;989.9;1467.4;26.1;23.0;26.1;24.6;23.5;22.4;93.0;83.0;83.0;110.0;3.7;1.0
2023/01/13;1300 UTC;0.0;992.0;992.1;991.4;1746.4;27.7;24.0;27.7;26.1;24.2;22.8;86.0;80.0;80.0;136.0;2.2;0.7
2023/01/13;1400 UTC;0.0;991.6;992.0;991.6;2454.8;28.3;24.2;29.3;27.7;25.1;23.6;81.0;75.0;79.0;188.0;4.4;1.8
2023/01/13;1500 UTC;0.0;990.9;991.6;990.9;2077.1;29.2;24.2;29.9;28.1;25.3;23.7;82.0;71.0;75.0;170.0;3.7;2.2
2023/01/13;1600 UTC;0.0;990.3;990.9;990.1;2220.0;27.6;24.1;29.4;27.6;25.5;23.7;82.0;72.0;81.0;202.0;7.2;3.5
2023/01/13;1700 UTC;0.0;989.3;990.3;989.3;1998.5;27.9;23.8;28.2;27.0;25.1;23.5;85.0;77.0;78.0;199.0;7.5;3.4
2023/01/13;1800 UTC;0.0;989.0;989.4;988.3;984.0;27.1;23.1;28.7;26.9;24.8;22.9;81.0;75.0;79.0;184.0;7.5;2.8
2023/01/13;1900 UTC;0.0;988.3;989.3;988.3;690.2;27.3;22.8;27.7;27.1;23.6;22.4;80.0;75.0;76.0;182.0;6.2;2.0
2023/01/13;2000 UTC;0.0;988.9;988.9;988.2;618.2;27.1;24.0;27.4;26.8;24.3;22.8;86.0;76.0;83.0;138.0;4.7;1.0
2023/01/13;2100 UTC;0.0;989.8;989.8;988.8;309.3;26.5;25.2;27.2;26.5;25.2;23.4;93.0;80.0;93.0;37.0;2.2;0.5
2023/01/13;2200 UTC;0.0;990.0;990.1;989.8;22.6;25.5;24.7;26.5;25.5;25.3;24.6;96.0;92.0;95.0;312.0;2.6;1.2
2023/01/13;2300 UTC;0.0;990.6;990.6;989.9;;24.5;23.5;25.5;24.5;24.6;23.5;95.0;92.0;95.0;285.0;2.2;1.0
2023/01/14;0000 UTC;0.0;991.1;991.3;990.6;;23.9;23.5;24.5;23.9;23.7;23.4;98.0;94.0;98.0;180.0;2.9;1.0
2023/01/14;0100 UTC;0.0;990.8;991.2;990.8;;23.8;22.9;24.0;23.7;23.6;22.8;99.0;95.0;95.0;205.0;2.9;1.3
2023/01/14;0200 UTC;;;;;;;;;;;;;;;;;
2023/01/14;0300 UTC;;;;;;;;;;;;;;;;;
2023/01/14;0400 UTC;0.0;991.6;991.8;991.6;;22.2;21.4;22.4;22.0;21.4;21.0;95.0;92.0;95.0;334.0;5.2;0.9
2023/01/14;0500 UTC;0.0;990.8;991.6;990.8;;21.8;21.6;22.3;21.8;21.6;21.3;99.0;94.0;99.0;83.0;2.4;0.4
2023/01/14;0600 UTC;0.0;990.3;990.9;990.3;;21.8;20.9;21.9;21.7;21.6;20.9;99.0;94.0;94.0;143.0;2.6;1.3
2023/01/14;0700 UTC;0.0;990.1;990.3;990.0;;21.6;21.1;21.9;21.5;21.2;20.7;98.0;93.0;97.0;226.0;2.5;0.6
2023/01/14;0800 UTC;0.0;990.5;990.6;990.1;;21.4;21.3;21.6;21.1;21.5;20.9;100.0;96.0;100.0;140.0;1.3;0.6
2023/01/14;0900 UTC;0.0;991.1;991.1;990.5;;20.9;20.8;21.4;20.9;21.4;20.8;100.0;100.0;100.0;185.0;1.1;0.3
2023/01/14;1000 UTC;0.0;991.8;991.8;991.1;90.8;22.1;22.1;22.1;20.8;22.1;20.8;100.0;100.0;100.0;159.0;1.1;0.6
2023/01/14;1100 UTC;0.0;992.6;992.6;991.7;497.8;23.8;22.0;23.9;22.1;22.7;21.7;100.0;89.0;89.0;93.0;1.9;1.0
2023/01/14;1200 UTC;0.0;993.1;993.1;992.6;766.7;24.6;22.1;24.6;23.8;22.4;21.6;91.0;84.0;86.0;125.0;2.7;1.3
2023/01/14;1300 UTC;0.0;993.3;993.3;993.0;1245.6;25.9;22.4;25.9;24.6;22.7;21.6;87.0;80.0;81.0;117.0;2.5;1.1
2023/01/14;1400 UTC;0.0;993.1;993.3;993.1;1898.6;27.4;22.4;27.8;25.9;22.7;21.3;81.0;71.0;74.0;136.0;3.7;1.5
2023/01/14;1500 UTC;0.0;992.5;993.1;992.5;3326.7;29.4;22.9;30.0;27.4;24.2;22.2;76.0;67.0;68.0;32.0;3.1;1.1
2023/01/14;1600 UTC;0.0;991.7;992.5;991.6;2408.4;29.8;22.1;30.2;29.2;24.0;21.9;73.0;63.0;63.0;187.0;4.3;1.2
2023/01/14;1700 UTC;0.0;990.3;991.7;990.3;2348.4;30.7;22.7;30.7;29.4;23.9;21.4;68.0;59.0;62.0;191.0;3.7;1.2
2023/01/14;1800 UTC;0.0;989.5;990.3;989.5;3020.0;30.4;22.2;31.8;30.2;23.4;21.4;64.0;56.0;62.0;177.0;5.4;2.4
2023/01/14;1900 UTC;0.0;988.9;989.5;988.9;1128.2;30.2;23.1;30.5;29.7;23.3;21.7;68.0;60.0;66.0;149.0;5.8;3.0
2023/01/14;2000 UTC;0.0;989.2;989.2;988.8;1417.3;30.0;23.4;30.6;29.8;24.3;22.6;72.0;63.0;68.0;133.0;5.4;2.6
2023/01/14;2100 UTC;0.0;989.3;989.3;989.0;736.4;29.1;23.8;30.0;29.1;24.1;23.0;75.0;67.0;73.0;140.0;5.6;1.6
2023/01/14;2200 UTC;0.0;989.6;989.6;989.3;125.2;26.6;24.9;29.1;26.6;25.3;23.4;91.0;72.0;91.0;143.0;3.7;1.2
2023/01/14;2300 UTC;0.0;990.7;990.7;989.6;;25.3;24.5;26.7;25.3;24.8;24.2;96.0;86.0;95.0;331.0;1.7;0.7
2023/01/15;0000 UTC;0.0;991.7;991.7;990.8;;24.9;24.7;25.7;24.9;25.1;24.5;99.0;95.0;99.0;96.0;1.3;0.4
2023/01/15;0100 UTC;;;;;;;;;;;;;;;;;
2023/01/15;0200 UTC;0.0;991.8;992.4;991.8;;24.8;24.7;24.8;24.2;24.8;24.2;100.0;98.0;100.0;261.0;1.8;0.5
2023/01/15;0300 UTC;;;;;;;;;;;;;;;;;
2023/01/15;0400 UTC;0.0;991.4;991.7;991.4;;24.2;24.2;24.4;24.1;24.4;24.1;100.0;100.0;100.0;35.0;1.3;0.4
2023/01/15;0500 UTC;0.0;990.9;991.4;990.8;;24.8;24.6;24.9;24.0;24.9;24.0;100.0;99.0;99.0;2.0;4.3;1.8
2023/01/15;0600 UTC;0.0;990.8;991.1;990.6;;23.5;22.9;24.8;23.5;24.5;22.9;99.0;95.0;96.0;352.0;4.3;1.4
2023/01/15;0700 UTC;0.0;991.1;991.1;990.8;;23.0;22.6;23.5;22.9;22.9;22.5;98.0;96.0;97.0;347.0;4.0;1.3
2023/01/15;0800 UTC;0.0;991.5;991.6;991.1;;22.3;22.3;23.0;22.3;22.5;22.3;100.0;97.0;100.0;58.0;3.2;0.3
2023/01/15;0900 UTC;0.0;992.0;992.0;991.4;;22.7;22.7;22.7;22.1;22.7;22.1;100.0;100.0;100.0;275.0;1.8;1.0
2023/01/15;1000 UTC;0.0;993.0;993.0;992.0;109.4;22.9;22.9;22.9;22.6;22.9;22.6;100.0;100.0;100.0;32.0;2.0;0.9
2023/01/15;1100 UTC;0.0;993.2;993.2;993.0;489.1;24.4;22.9;24.4;22.9;23.3;22.6;100.0;91.0;91.0;119.0;2.8;0.5
2023/01/15;1200 UTC;0.0;993.4;993.7;993.1;1204.1;25.8;23.4;26.0;24.3;23.9;22.7;94.0;87.0;87.0;217.0;3.3;1.5
2023/01/15;1300 UTC;0.0;993.7;993.9;993.3;2019.7;26.9;24.1;27.0;25.6;24.3;23.4;89.0;82.0;85.0;279.0;3.9;1.6
2023/01/15;1400 UTC;0.0;993.4;993.8;993.4;2985.2;28.9;24.0;29.0;26.9;25.0;23.7;85.0;75.0;75.0;265.0;4.5;1.7
2023/01/15;1500 UTC;0.0;992.9;993.5;992.9;2479.3;30.4;24.0;30.4;28.5;25.2;22.9;80.0;67.0;69.0;303.0;3.6;1.0
2023/01/15;1600 UTC;0.0;991.8;992.9;991.8;2862.5;30.8;24.2;32.1;29.7;24.9;22.6;73.0;59.0;68.0;170.0;3.6;1.0
2023/01/15;1700 UTC;0.0;990.3;991.8;990.3;3347.8;31.4;24.1;32.3;30.8;26.1;22.7;71.0;59.0;65.0;95.0;3.8;1.4
2023/01/15;1800 UTC;0.0;988.8;990.3;988.8;3022.0;31.7;23.0;33.3;31.4;24.7;22.6;67.0;54.0;60.0;105.0;3.6;1.6
2023/01/15;1900 UTC;0.0;988.8;989.0;988.6;281.9;28.3;24.2;31.8;28.3;25.2;23.1;78.0;60.0;78.0;248.0;7.0;1.8
2023/01/15;2000 UTC;0.0;987.8;988.8;987.7;320.1;28.0;24.2;28.3;27.7;24.8;23.8;83.0;78.0;80.0;271.0;3.3;0.8
2023/01/15;2100 UTC;0.0;988.7;988.7;987.8;331.5;26.9;23.9;28.2;26.9;24.5;23.2;83.0;77.0;83.0;233.0;3.2;1.1
2023/01/15;2200 UTC;0.0;988.3;988.8;988.0;45.1;25.1;24.4;26.9;25.1;24.5;23.9;96.0;83.0;96.0;63.0;2.9;0.9
2023/01/15;2300 UTC;0.0;989.4;989.4;988.3;;24.6;24.4;25.3;24.5;24.7;24.1;99.0;96.0;99.0;251.0;1.5;0.5
2023/01/16;0000 UTC;0.0;990.3;990.4;989.4;;24.9;24.2;24.9;24.1;24.7;24.0;100.0;96.0;96.0;243.0;2.3;0.9
2023/01/16;0100 UTC;0.0;991.0;991.1;990.3;;23.9;23.8;24.9;23.8;24.3;23.8;100.0;96.0;100.0;30.0;2.3;0.8
2023/01/16;0200 UTC;0.0;990.7;991.1;990.7;;24.3;24.3;24.4;23.9;24.4;23.9;100.0;100.0;100.0;225.0;3.2;0.7
2023/01/16;0300 UTC;0.0;990.3;990.8;990.2;;24.3;24.2;24.3;24.0;24.3;24.0;100.0;99.0;100.0;176.0;1.6;0.6
2023/01/16;0400 UTC;0.0;989.6;990.3;989.6;;24.1;24.1;24.6;24.0;24.4;23.9;100.0;96.0;100.0;311.0;2.7;0.5
2023/01/16;0500 UTC;0.0;989.4;989.6;989.2;;23.5;23.5;24.3;23.5;24.3;23.5;100.0;99.0;100.0;307.0;1.6;0.3
2023/01/16;0600 UTC;0.0;989.3;989.4;989.2;;23.5;23.4;23.6;23.2;23.6;23.2;100.0;100.0;100.0;173.0;1.7;0.5
2023/01/16;0700 UTC;0.0;989.0;989.4;988.9;;23.3;23.3;23.5;23.0;23.4;23.0;100.0;100.0;100.0;344.0;1.4;0.5
2023/01/16;0800 UTC;0.0;989.6;989.7;989.0;;23.4;23.4;23.8;23.1;23.8;23.1;100.0;100.0;100.0;101.0;1.8;0.7
2023/01/16;0900 UTC;0.0;989.8;989.8;989.3;;23.5;23.5;23.5;23.1;23.5;23.1;100.0;100.0;100.0;34.0;1.8;0.5
2023/01/16;1000 UTC;0.0;990.3;990.3;989.4;28.9;24.1;24.1;24.2;23.3;24.2;23.3;100.0;100.0;100.0;112.0;2.1;1.1
2023/01/16;1100 UTC;0.0;991.0;991.0;990.3;83.1;24.2;24.0;24.4;24.1;24.4;23.9;100.0;97.0;99.0;94.0;2.9;1.4
2023/01/16;1200 UTC;0.0;991.9;991.9;991.0;193.4;23.9;22.9;24.2;23.9;24.0;22.7;99.0;93.0;94.0;184.0;3.1;0.4
2023/01/16;1300 UTC;0.0;992.0;992.3;991.9;387.4;25.0;24.4;25.0;23.8;24.5;22.9;99.0;94.0;97.0;280.0;3.1;1.8
2023/01/16;1400 UTC;0.2;991.9;992.1;991.8;1262.2;26.5;23.9;26.5;24.9;24.5;23.7;97.0;86.0;86.0;246.0;3.5;1.3
2023/01/16;1500 UTC;0.0;991.0;991.9;990.9;2571.2;27.9;23.9;28.0;26.4;24.8;23.3;88.0;77.0;79.0;6.0;5.3;2.0
2023/01/16;1600 UTC;0.0;990.5;991.0;990.5;3300.2;29.4;24.4;30.0;27.8;24.6;23.0;81.0;70.0;74.0;289.0;4.6;2.2
2023/01/16;1700 UTC;0.0;989.8;990.5;989.8;2920.4;29.1;23.8;30.4;28.8;25.2;23.3;75.0;69.0;73.0;310.0;5.7;2.8
2023/01/16;1800 UTC;0.0;988.8;989.8;988.8;2059.4;29.5;23.8;29.9;28.8;24.2;23.3;75.0;69.0;72.0;286.0;6.0;1.9
2023/01/16;1900 UTC;0.0;988.4;988.8;987.9;1573.1;29.3;23.5;29.9;28.9;24.4;23.3;75.0;69.0;71.0;341.0;4.3;2.1
2023/01/16;2000 UTC;0.0;988.0;988.6;987.8;1069.4;29.3;24.8;29.9;29.3;24.8;23.2;77.0;68.0;77.0;340.0;4.2;0.9
2023/01/16;2100 UTC;0.0;987.7;988.0;987.5;440.0;28.5;25.5;29.4;28.4;25.7;23.8;85.0;72.0;84.0;354.0;2.0;0.9
2023/01/16;2200 UTC;0.0;988.1;988.1;987.7;85.3;26.7;26.2;28.5;26.7;26.4;25.1;97.0;82.0;97.0;47.0;1.7;0.6
2023/01/16;2300 UTC;0.0;988.5;988.5;988.1;;25.9;25.8;26.7;25.9;26.2;25.6;99.0;96.0;99.0;79.0;1.0;0.2
2023/01/17;0000 UTC;0.0;988.8;988.8;988.5;;25.7;25.6;26.5;25.6;26.1;25.4;100.0;96.0;100.0;162.0;1.3;0.5
2023/01/17;0100 UTC;;;;;;;;;;;;;;;;;
2023/01/17;0200 UTC;0.0;989.6;989.6;989.1;;24.3;24.3;25.0;24.3;24.9;24.3;100.0;100.0;100.0;162.0;0.9;0.2
2023/01/17;0300 UTC;0.0;989.2;989.7;989.2;;23.9;23.9;24.3;23.9;24.3;23.9;100.0;100.0;100.0;226.0;0.8;0.5
2023/01/17;0400 UTC;0.0;989.2;989.3;989.1;;23.5;23.4;24.0;23.4;24.0;23.4;100.0;100.0;100.0;16.0;0.8;0.2
2023/01/17;0500 UTC;0.0;988.9;989.2;988.9;;23.1;23.1;23.5;23.1;23.4;23.1;100.0;100.0;100.0;327.0;1.0;0.4
2023/01/17;0600 UTC;0.0;988.5;989.0;988.4;;23.1;23.1;23.2;22.9;23.2;22.9;100.0;100.0;100.0;274.0;0.8;0.4
2023/01/17;0700 UTC;0.0;989.0;989.0;988.5;;22.7;22.7;23.1;22.7;23.1;22.6;100.0;100.0;100.0;42.0;0.7;0.3
2023/01/17;0800 UTC;0.0;989.7;989.7;989.0;;22.9;22.8;22.9;22.6;22.9;22.6;100.0;100.0;100.0;142.0;1.0;0.5
2023/01/17;0900 UTC;0.0;990.1;990.1;989.5;;22.8;22.8;22.9;22.7;22.9;22.7;100.0;100.0;100.0;140.0;1.0;0.5
2023/01/17;1000 UTC;0.0;990.3;990.3;989.9;75.3;23.9;23.9;23.9;22.8;23.9;22.8;100.0;100.0;100.0;285.0;2.0;1.0
2023/01/17;1100 UTC;0.0;991.3;991.3;990.4;191.9;24.0;24.0;24.1;23.8;24.1;23.8;100.0;100.0;100.0;263.0;2.1;1.1
2023/01/17;1200 UTC;0.0;992.6;992.6;991.3;182.8;24.2;23.9;24.2;24.0;24.2;23.8;100.0;98.0;98.0;249.0;2.8;0.8
2023/01/17;1300 UTC;0.0;993.6;993.7;992.6;100.2;24.0;23.8;24.3;24.0;24.0;23.8;99.0;97.0;99.0;237.0;2.5;0.8
2023/01/17;1400 UTC;0.0;993.9;993.9;993.4;109.3;24.0;23.9;24.0;23.8;23.9;23.6;100.0;98.0;99.0;146.0;3.4;1.9
2023/01/17;1500 UTC;0.2;993.9;994.3;993.9;229.4;22.1;21.2;24.0;22.1;23.9;21.1;99.0;90.0;95.0;129.0;9.1;3.8
2023/01/17;1600 UTC;0.8;993.2;994.2;993.2;391.1;22.0;21.4;22.1;21.7;21.4;20.8;97.0;94.0;97.0;161.0;9.1;3.0
2023/01/17;1700 UTC;0.0;992.2;993.2;992.2;669.4;22.8;21.3;22.9;21.9;21.9;20.9;97.0;92.0;92.0;176.0;6.3;1.0
2023/01/17;1800 UTC;0.0;990.8;992.2;990.8;1171.5;24.2;21.5;24.4;22.7;22.3;21.2;93.0;85.0;85.0;249.0;3.9;1.5
2023/01/17;1900 UTC;0.2;990.0;990.9;989.9;1060.3;24.1;21.7;24.3;23.6;22.1;21.2;89.0;84.0;87.0;166.0;3.7;1.0
2023/01/17;2000 UTC;0.0;989.6;990.0;989.6;640.8;24.4;22.2;24.5;24.1;22.4;21.5;89.0;84.0;88.0;91.0;2.5;0.9
2023/01/17;2100 UTC;0.0;988.5;989.6;988.5;371.8;24.3;23.1;24.4;24.3;23.1;22.2;93.0;87.0;93.0;130.0;2.1;0.9
2023/01/17;2200 UTC;0.0;989.0;989.0;988.5;75.4;23.1;23.0;24.3;23.1;23.4;23.0;100.0;93.0;100.0;137.0;1.8;0.4
2023/01/17;2300 UTC;0.0;989.5;989.5;989.0;;22.5;22.4;23.4;22.4;23.3;22.4;100.0;99.0;100.0;95.0;1.6;0.2
2023/01/18;0000 UTC;0.0;989.9;990.0;989.5;;21.8;21.8;22.5;21.8;22.4;21.8;100.0;100.0;100.0;78.0;1.7;0.6
2023/01/18;0100 UTC;0.0;990.9;990.9;989.9;;22.2;22.2;22.2;21.7;22.2;21.7;100.0;100.0;100.0;215.0;1.7;0.8
2023/01/18;0200 UTC;;;;;;;;;;;;;;;;;
2023/01/18;0300 UTC;0.0;991.3;991.3;991.1;;21.7;21.7;22.0;21.7;22.0;21.7;100.0;100.0;100.0;231.0;1.8;0.6
2023/01/18;0400 UTC;0.0;991.5;991.6;991.3;;21.6;21.6;21.8;21.6;21.8;21.6;100.0;100.0;100.0;189.0;1.8;0.9
2023/01/18;0500 UTC;0.0;991.1;991.5;991.1;;21.5;21.4;21.6;21.4;21.6;21.4;100.0;100.0;100.0;227.0;2.0;0.6
2023/01/18;0600 UTC;0.0;990.9;991.1;990.8;;21.4;21.4;21.5;21.4;21.5;21.4;100.0;100.0;100.0;248.0;1.7;0.5
2023/01/18;0700 UTC;0.0;990.8;990.9;990.8;;21.4;21.4;21.5;21.3;21.5;21.3;100.0;100.0;100.0;244.0;2.0;0.7
2023/01/18;0800 UTC;0.2;991.3;991.3;990.8;;21.3;21.3;21.5;21.3;21.4;21.2;100.0;100.0;100.0;183.0;3.2;1.3
2023/01/18;0900 UTC;0.0;991.7;991.7;991.3;;21.2;21.2;21.3;21.2;21.3;21.2;100.0;100.0;100.0;174.0;3.4;1.2
2023/01/18;1000 UTC;0.0;992.6;992.6;991.7;131.7;22.3;22.3;22.3;21.2;22.3;21.2;100.0;100.0;100.0;134.0;3.1;0.5
2023/01/18;1100 UTC;0.0;993.1;993.1;992.6;981.5;24.2;22.1;24.4;22.3;22.6;21.9;100.0;88.0;88.0;150.0;3.5;1.7
2023/01/18;1200 UTC;0.0;993.7;993.7;993.1;1760.4;26.0;22.1;26.0;24.1;22.8;21.5;90.0;77.0;79.0;138.0;4.2;1.8
2023/01/18;1300 UTC;0.0;993.9;993.9;993.7;2539.5;27.6;20.7;27.6;25.9;22.4;20.4;80.0;66.0;66.0;168.0;4.3;2.2
2023/01/18;1400 UTC;0.0;993.7;993.9;993.7;2698.2;28.9;21.2;29.0;27.3;22.5;20.7;71.0;63.0;63.0;133.0;4.3;2.0
2023/01/18;1500 UTC;0.0;993.1;993.7;993.1;3507.5;30.0;22.0;30.1;28.6;22.5;20.2;65.0;58.0;62.0;129.0;4.3;2.0
2023/01/18;1600 UTC;0.0;991.9;993.1;991.9;3766.3;30.8;22.9;31.2;29.6;23.4;21.3;65.0;59.0;63.0;160.0;5.3;2.6
2023/01/18;1700 UTC;0.0;990.5;991.9;990.5;2804.2;31.9;21.5;32.0;30.3;23.3;21.2;64.0;54.0;54.0;192.0;5.1;1.7
2023/01/18;1800 UTC;0.0;989.2;990.5;989.2;3069.7;31.3;21.9;32.6;30.6;23.3;21.1;61.0;53.0;57.0;182.0;5.0;2.3
2023/01/18;1900 UTC;0.0;989.0;989.3;988.9;2451.9;31.6;21.4;32.4;31.3;22.5;20.9;60.0;52.0;55.0;138.0;5.0;1.6
2023/01/18;2000 UTC;0.0;989.2;989.2;988.3;1109.5;27.0;21.2;32.3;27.0;22.7;20.5;71.0;52.0;71.0;1.0;7.3;2.1
2023/01/18;2100 UTC;0.0;992.2;992.2;989.2;189.6;24.2;20.4;27.0;24.2;21.8;20.0;79.0;71.0;79.0;110.0;14.7;6.2
2023/01/18;2200 UTC;1.8;992.2;993.0;992.2;3.8;21.2;20.3;24.2;20.9;20.6;19.9;97.0;79.0;95.0;52.0;16.0;1.6
2023/01/18;2300 UTC;1.2;992.7;993.1;992.2;;21.5;20.8;21.6;21.1;21.2;20.3;98.0;94.0;96.0;239.0;5.0;1.1
2023/01/19;0000 UTC;0.6;992.5;992.7;992.5;;21.3;21.0;21.5;21.2;21.2;20.8;99.0;96.0;99.0;302.0;2.9;0.7
2023/01/19;0100 UTC;0.0;993.1;993.1;992.4;;21.1;21.0;21.5;21.1;21.4;20.9;100.0;98.0;99.0;34.0;3.4;0.7
2023/01/19;0200 UTC;0.0;992.1;993.1;992.1;;21.5;21.0;21.6;21.0;21.5;20.9;100.0;97.0;97.0;301.0;3.0;1.6
2023/01/19;0300 UTC;0.0;991.7;992.2;991.7;;21.4;21.3;21.5;20.9;21.3;20.9;100.0;97.0;100.0;331.0;3.0;1.5
2023/01/19;0400 UTC;0.0;991.8;991.9;991.6;;20.9;20.9;21.4;20.9;21.2;20.8;100.0;99.0;100.0;170.0;3.1;1.4
2023/01/19;0500 UTC;;;;;;;;;;;;;;;;;
2023/01/19;0600 UTC;0.2;991.7;991.9;991.6;;20.7;20.7;21.2;20.5;21.2;20.5;100.0;100.0;100.0;275.0;1.6;0.3
2023/01/19;0700 UTC;0.0;992.1;992.1;991.6;;20.7;20.7;20.7;20.3;20.7;20.2;100.0;100.0;100.0;71.0;1.2;0.4
2023/01/19;0800 UTC;0.0;992.6;992.6;992.0;;21.2;21.2;21.2;20.6;21.2;20.6;100.0;100.0;100.0;41.0;1.1;0.2
2023/01/19;0900 UTC;0.0;993.1;993.1;992.6;;21.4;21.4;21.4;21.1;21.4;21.1;100.0;100.0;100.0;132.0;0.8;0.3
2023/01/19;1000 UTC;0.0;993.5;993.5;993.1;27.7;21.6;21.5;21.6;21.2;21.5;21.2;100.0;100.0;100.0;358.0;1.1;0.7
2023/01/19;1100 UTC;0.0;994.2;994.2;993.5;258.6;22.5;22.5;22.6;21.6;22.5;21.6;100.0;100.0;100.0;78.0;1.6;0.7
2023/01/19;1200 UTC;0.0;995.6;995.6;994.2;526.7;23.2;22.9;23.2;22.5;22.9;22.5;100.0;97.0;98.0;72.0;2.7;0.8
2023/01/19;1300 UTC;0.2;996.6;996.6;995.6;499.4;23.6;23.1;23.6;23.2;23.3;22.7;99.0;96.0;97.0;81.0;3.2;1.2
2023/01/19;1400 UTC;0.2;996.7;996.8;996.6;873.7;24.5;22.4;24.8;23.6;23.5;22.2;98.0;86.0;88.0;62.0;3.3;2.0
2023/01/19;1500 UTC;0.0;996.6;996.7;996.4;1585.3;22.9;22.1;26.2;22.9;23.8;22.1;96.0;81.0;95.0;52.0;7.2;2.6
2023/01/19;1600 UTC;5.8;995.7;996.6;995.7;400.8;21.8;21.6;22.9;21.4;21.9;21.3;100.0;95.0;99.0;36.0;7.2;0.8
2023/01/19;1700 UTC;5.8;994.0;995.7;994.0;613.3;22.6;22.1;22.7;21.6;22.6;21.5;100.0;97.0;97.0;253.0;3.0;0.9
2023/01/19;1800 UTC;0.0;991.9;994.0;991.9;1604.6;24.4;22.0;24.6;22.5;23.2;21.5;99.0;83.0;87.0;260.0;3.0;1.2
2023/01/19;1900 UTC;0.0;991.3;991.9;991.3;1809.9;26.2;23.4;26.6;24.3;23.8;21.8;89.0;76.0;85.0;53.0;2.5;1.1
2023/01/19;2000 UTC;0.0;990.9;991.3;990.9;1737.6;27.1;22.2;27.2;25.9;23.4;21.2;85.0;73.0;75.0;353.0;2.9;0.9
2023/01/19;2100 UTC;0.0;991.3;991.3;990.9;907.9;27.3;22.3;28.0;26.6;22.9;21.8;78.0;72.0;74.0;271.0;2.5;0.4
2023/01/19;2200 UTC;0.0;991.9;991.9;991.3;108.6;23.9;23.8;27.5;23.9;23.8;22.0;99.0;74.0;99.0;139.0;1.2;0.4
2023/01/19;2300 UTC;0.0;992.4;992.5;991.9;;23.9;23.6;24.1;23.6;24.1;23.6;100.0;98.0;99.0;208.0;1.9;0.3
2023/01/20;0000 UTC;0.0;992.9;992.9;992.3;;23.1;23.1;23.9;23.1;23.7;23.1;100.0;98.0;100.0;211.0;1.2;0.4
2023/01/20;0100 UTC;0.0;993.8;993.8;992.9;;22.8;22.8;23.1;22.7;23.1;22.7;100.0;100.0;100.0;186.0;1.0;0.5
2023/01/20;0200 UTC;;;;;;;;;;;;;;;;;
2023/01/20;0300 UTC;;;;;;;;;;;;;;;;;
2023/01/20;0400 UTC;0.0;992.0;992.9;992.0;;21.5;21.5;21.9;21.5;21.9;21.5;100.0;100.0;100.0;137.0;1.2;0.7
2023/01/20;0500 UTC;0.0;991.8;992.0;991.8;;21.3;21.3;21.5;21.2;21.5;21.1;100.0;100.0;100.0;140.0;1.2;0.5
2023/01/20;0600 UTC;0.0;991.8;992.1;991.8;;21.7;21.6;21.7;21.2;21.7;21.2;100.0;100.0;100.0;194.0;0.6;0.3
2023/01/20;0700 UTC;0.0;991.7;991.8;991.7;;22.0;22.0;22.1;21.6;22.1;21.6;100.0;100.0;100.0;64.0;0.7;0.4
2023/01/20;0800 UTC;0.0;991.8;991.8;991.6;;21.9;21.9;22.1;21.9;22.1;21.9;100.0;100.0;100.0;113.0;0.7;0.3
2023/01/20;0900 UTC;0.0;992.2;992.2;991.7;;21.9;21.9;22.1;21.7;22.0;21.7;100.0;100.0;100.0;341.0;1.2;0.8
2023/01/20;1000 UTC;0.2;992.7;992.7;992.2;101.4;22.7;22.7;22.7;21.8;22.7;21.8;100.0;100.0;100.0;108.0;1.2;0.7
2023/01/20;1100 UTC;0.0;993.1;993.1;992.7;947.8;25.3;23.5;25.6;22.7;24.9;22.7;100.0;89.0;90.0;72.0;2.1;1.1
2023/01/20;1200 UTC;0.0;993.9;993.9;993.1;1379.8;26.6;23.2;26.6;25.2;24.0;22.1;92.0;79.0;81.0;72.0;2.8;1.1
2023/01/20;1300 UTC;0.0;994.1;994.1;993.9;2108.7;27.7;22.4;27.9;26.1;23.6;22.1;83.0;73.0;73.0;293.0;4.6;0.8
2023/01/20;1400 UTC;0.0;993.9;994.1;993.9;2850.4;30.1;23.4;30.1;27.7;23.5;21.7;77.0;64.0;67.0;152.0;2.8;0.9
2023/01/20;1500 UTC;0.0;993.2;993.9;993.2;2468.6;29.5;22.0;30.4;28.3;23.9;21.6;71.0;62.0;64.0;238.0;2.5;0.7
2023/01/20;1600 UTC;0.0;992.4;993.2;992.4;2669.7;30.7;22.3;30.9;28.9;23.2;21.9;69.0;61.0;61.0;120.0;3.3;1.4
2023/01/20;1700 UTC;0.0;991.3;992.4;991.3;2705.8;30.8;22.4;31.3;29.7;23.2;21.5;67.0;58.0;61.0;111.0;3.0;0.8
2023/01/20;1800 UTC;0.0;990.0;991.3;990.0;2291.3;30.5;22.4;32.5;30.4;23.4;21.4;64.0;55.0;62.0;84.0;3.0;0.6
2023/01/20;1900 UTC;0.0;988.7;990.0;988.7;2088.7;31.5;21.6;32.2;30.5;23.1;20.8;62.0;53.0;56.0;147.0;3.3;0.8
2023/01/20;2000 UTC;0.0;987.9;988.7;987.8;1423.6;31.2;21.4;32.0;30.5;22.4;21.0;62.0;55.0;56.0;72.0;2.9;1.1
2023/01/20;2100 UTC;0.0;988.2;988.2;987.8;871.6;30.4;23.4;31.9;30.4;23.4;21.1;67.0;54.0;67.0;137.0;2.2;1.0
2023/01/20;2200 UTC;0.0;988.3;988.4;988.1;133.9;26.0;24.5;30.4;26.0;24.9;23.2;93.0;66.0;91.0;211.0;1.5;0.2
2023/01/20;2300 UTC;0.0;988.7;988.8;988.3;;24.5;23.3;26.0;24.4;24.3;23.3;97.0;89.0;93.0;86.0;1.6;0.6
2023/01/21;0000 UTC;0.0;990.0;990.0;988.7;;23.8;23.6;24.6;23.8;23.9;23.3;99.0;92.0;99.0;31.0;1.6;0.2
2023/01/21;0100 UTC;;;;;;;;;;;;;;;;;
2023/01/21;0200 UTC;0.0;991.5;991.5;990.9;;23.4;23.4;23.7;23.4;23.7;23.4;100.0;100.0;100.0;229.0;0.5;0.1
2023/01/21;0300 UTC;0.0;991.2;991.5;991.2;;22.9;22.9;23.5;22.9;23.5;22.9;100.0;100.0;100.0;225.0;0.5;0.1
2023/01/21;0400 UTC;0.0;990.8;991.2;990.8;;22.8;22.7;23.1;22.7;23.1;22.7;100.0;100.0;100.0;133.0;0.6;0.4
2023/01/21;0500 UTC;0.0;990.2;990.8;990.2;;22.6;22.6;22.8;22.4;22.7;22.4;100.0;100.0;100.0;284.0;0.7;0.3
2023/01/21;0600 UTC;0.0;989.8;990.2;989.7;;22.6;22.6;22.8;22.4;22.8;22.4;100.0;100.0;100.0;255.0;0.7;0.5
2023/01/21;0700 UTC;0.0;989.7;989.8;989.6;;22.4;22.4;22.7;22.4;22.7;22.4;100.0;100.0;100.0;270.0;0.7;0.4
2023/01/21;0800 UTC;0.0;989.9;990.0;989.7;;22.0;22.0;22.6;22.0;22.5;22.0;100.0;100.0;100.0;175.0;0.9;0.3
2023/01/21;0900 UTC;0.0;990.1;990.1;989.9;;21.8;21.8;22.1;21.8;22.1;21.8;100.0;100.0;100.0;79.0;1.0;0.6
2023/01/21;1000 UTC;0.0;990.8;990.8;990.1;115.7;23.1;23.1;23.1;21.7;23.1;21.7;100.0;100.0;100.0;345.0;1.0;0.2
2023/01/21;1100 UTC;0.0;991.5;991.5;990.8;777.1;26.2;24.0;26.9;23.1;24.8;23.2;100.0;85.0;88.0;1.0;1.5;0.6
2023/01/21;1200 UTC;0.0;992.4;992.4;991.5;1064.8;27.1;22.9;27.2;26.1;25.0;22.9;93.0;78.0;78.0;15.0;4.2;1.8
2023/01/21;1300 UTC;0.0;992.4;992.5;992.3;1851.2;28.8;23.3;29.2;27.0;24.5;22.8;81.0;71.0;72.0;353.0;5.1;2.0
2023/01/21;1400 UTC;0.0;992.0;992.4;992.0;3045.8;30.1;23.7;30.3;28.6;24.5;22.5;73.0;67.0;69.0;341.0;5.3;2.1
2023/01/21;1500 UTC;0.0;991.2;992.0;991.2;3227.8;30.5;22.8;31.2;29.9;23.9;22.3;69.0;61.0;63.0;335.0;5.3;2.9
2023/01/21;1600 UTC;0.0;990.1;991.2;990.1;2908.4;30.6;23.1;32.5;30.5;23.9;21.8;66.0;55.0;64.0;337.0;6.4;2.2
2023/01/21;1700 UTC;0.0;988.5;990.1;988.5;2878.6;32.5;23.3;32.7;30.3;24.8;21.9;69.0;54.0;59.0;353.0;4.5;2.0
2023/01/21;1800 UTC;0.0;987.4;988.5;987.4;1463.7;29.1;24.0;32.6;28.7;24.1;22.3;75.0;55.0;74.0;338.0;8.0;3.0
2023/01/21;1900 UTC;0.0;987.2;987.4;986.9;1890.0;30.2;24.9;31.3;29.2;25.4;23.2;74.0;64.0;74.0;57.0;5.5;1.2
2023/01/21;2000 UTC;0.0;987.5;987.6;987.1;290.8;24.9;22.0;30.1;24.9;24.5;21.9;85.0;70.0;84.0;43.0;8.3;1.1
2023/01/21;2100 UTC;0.0;986.9;987.6;986.8;136.9;25.3;23.2;25.3;24.8;23.3;22.1;89.0;84.0;88.0;85.0;3.3;0.3
2023/01/21;2200 UTC;0.0;987.6;987.6;986.9;69.9;24.9;24.0;25.4;24.8;24.0;23.2;95.0;88.0;95.0;216.0;1.9;0.3
2023/01/21;2300 UTC;0.0;988.9;988.9;987.6;;24.5;24.2;25.1;24.5;24.4;24.0;98.0;94.0;98.0;88.0;1.9;0.8
2023/01/22;0000 UTC;0.0;989.9;989.9;988.9;;25.0;24.6;25.0;24.5;24.6;24.2;99.0;96.0;98.0;173.0;2.3;1.0
2023/01/22;0100 UTC;0.0;990.7;990.8;989.9;;24.4;24.3;25.0;24.2;24.6;24.2;100.0;97.0;99.0;171.0;1.9;0.5
2023/01/22;0200 UTC;;;;;;;;;;;;;;;;;
2023/01/22;0300 UTC;0.0;990.8;991.2;990.8;;24.2;24.2;24.3;24.1;24.3;24.1;100.0;100.0;100.0;72.0;1.5;0.6
2023/01/22;0400 UTC;0.0;990.1;990.8;990.1;;24.2;24.2;24.4;24.1;24.3;24.1;100.0;100.0;100.0;98.0;1.7;0.5
2023/01/22;0500 UTC;;;;;;;;;;;;;;;;;
2023/01/22;0600 UTC;0.0;989.4;989.4;989.0;;24.3;24.3;24.4;24.1;24.4;24.1;100.0;100.0;100.0;263.0;1.7;0.8
2023/01/22;0700 UTC;0.0;989.3;989.4;989.2;;24.2;24.1;24.4;24.0;24.4;24.0;100.0;100.0;100.0;327.0;1.4;0.4
2023/01/22;0800 UTC;0.0;989.9;989.9;989.3;;24.3;24.3;24.5;24.2;24.5;24.2;100.0;100.0;100.0;191.0;1.9;1.2
2023/01/22;0900 UTC;0.2;990.4;990.5;989.8;;24.6;23.9;24.7;24.2;24.6;23.9;100.0;96.0;96.0;251.0;3.8;1.7
2023/01/22;1000 UTC;0.0;991.9;991.9;990.4;1.8;23.0;22.1;24.6;23.0;23.9;22.0;96.0;92.0;95.0;203.0;8.1;2.9
2023/01/22;1100 UTC;5.6;992.6;992.6;991.9;10.9;22.4;22.2;23.0;22.2;22.2;22.0;100.0;94.0;99.0;197.0;7.8;1.9
2023/01/22;1200 UTC;8.0;993.3;993.3;992.5;132.9;22.5;22.4;22.6;22.2;22.5;22.2;100.0;99.0;99.0;182.0;4.6;1.8
2023/01/22;1300 UTC;2.8;993.6;993.7;993.3;336.4;23.0;22.8;23.0;22.5;22.9;22.4;100.0;98.0;99.0;129.0;3.8;1.3
2023/01/22;1400 UTC;0.8;993.9;994.0;993.6;528.6;23.3;22.7;23.4;23.0;23.2;22.6;100.0;96.0;97.0;181.0;3.0;1.4
2023/01/22;1500 UTC;0.8;993.5;993.9;993.5;502.9;23.4;22.8;23.5;23.2;22.9;22.0;97.0;93.0;97.0;102.0;2.2;0.7
2023/01/22;1600 UTC;0.2;992.8;993.5;992.8;614.5;23.4;23.1;23.7;23.4;23.5;22.8;99.0;97.0;98.0;81.0;3.5;1.9
2023/01/22;1700 UTC;0.2;992.5;992.8;992.5;593.6;23.6;23.1;23.6;23.3;23.5;22.6;99.0;95.0;97.0;348.0;3.5;1.5
2023/01/22;1800 UTC;0.6;992.1;992.5;992.1;643.8;23.6;23.1;23.8;23.4;23.4;22.8;99.0;96.0;97.0;335.0;4.8;2.9
2023/01/22;1900 UTC;0.2;989.8;992.1;989.8;678.6;23.1;22.1;23.9;23.0;23.4;22.0;99.0;93.0;94.0;65.0;5.0;1.2
2023/01/22;2000 UTC;0.0;988.2;989.8;988.2;691.6;23.6;21.8;23.8;23.0;22.6;21.5;94.0;88.0;90.0;151.0;2.5;0.9
2023/01/22;2100 UTC;0.0;987.3;988.2;987.3;311.8;23.5;22.2;23.7;23.5;22.5;21.9;94.0;90.0;92.0;149.0;1.9;1.2
2023/01/22;2200 UTC;0.0;988.5;988.5;987.2;83.9;22.4;22.4;23.5;22.3;22.5;21.9;100.0;91.0;100.0;359.0;1.9;1.1
2023/01/22;2300 UTC;0.0;990.3;990.3;988.5;;22.3;22.0;22.5;22.3;22.4;22.0;100.0;98.0;98.0;34.0;3.5;0.8
2023/01/23;0000 UTC;;;;;;;;;;;;;;;;;
2023/01/23;0100 UTC;;;;;;;;;;;;;;;;;
2023/01/23;0200 UTC;;;;;;;;;;;;;;;;;
2023/01/23;0300 UTC;0.0;992.3;992.4;992.2;;21.7;21.7;21.8;21.4;21.8;21.4;100.0;100.0;100.0;80.0;1.4;0.2
2023/01/23;0400 UTC;0.0;991.4;992.3;991.4;;21.8;21.7;21.8;21.6;21.7;21.6;100.0;100.0;100.0;195.0;0.8;0.3
2023/01/23;0500 UTC;0.0;990.6;991.4;990.6;;21.6;21.6;21.8;21.6;21.8;21.6;100.0;100.0;100.0;301.0;1.5;0.2
2023/01/23;0600 UTC;0.0;990.1;990.6;990.1;;21.5;21.4;21.7;21.5;21.7;21.4;100.0;100.0;100.0;109.0;0.7;0.3
2023/01/23;0700 UTC;0.2;989.6;990.2;989.6;;21.5;21.5;21.6;21.3;21.6;21.3;100.0;100.0;100.0;333.0;1.0;0.5
2023/01/23;0800 UTC;0.0;990.4;990.4;989.6;;21.6;21.6;21.7;21.4;21.7;21.4;100.0;100.0;100.0;180.0;0.9;0.3
2023/01/23;0900 UTC;0.0;990.9;991.0;990.3;;21.5;21.5;21.9;21.5;21.8;21.5;100.0;100.0;100.0;98.0;1.1;0.4
2023/01/23;1000 UTC;0.0;992.1;992.1;990.9;88.1;22.1;22.1;22.1;21.6;22.1;21.5;100.0;100.0;100.0;55.0;1.0;0.5
2023/01/23;1100 UTC;0.0;993.1;993.1;992.1;311.6;23.3;23.3;23.3;22.1;23.3;22.1;100.0;100.0;100.0;35.0;1.6;0.7
2023/01/23;1200 UTC;0.0;993.6;993.6;993.1;784.3;24.4;23.4;24.5;23.3;23.6;22.8;100.0;91.0;94.0;14.0;2.1;1.1
2023/01/23;1300 UTC;0.0;994.0;994.0;993.6;1065.4;25.1;23.3;25.2;24.4;23.9;22.8;94.0;88.0;90.0;2.0;2.5;1.2
2023/01/23;1400 UTC;0.0;993.8;994.0;993.8;946.8;26.2;22.9;26.2;25.1;23.8;22.7;90.0;82.0;82.0;285.0;2.1;0.7
2023/01/23;1500 UTC;0.0;993.4;993.8;993.4;2249.5;28.0;23.0;28.4;26.0;24.2;22.6;85.0;74.0;74.0;343.0;2.5;0.9
2023/01/23;1600 UTC;0.0;992.7;993.4;992.7;3066.2;28.7;22.1;30.0;27.4;24.2;21.9;79.0;65.0;68.0;329.0;2.9;1.1
2023/01/23;1700 UTC;0.0;991.0;992.7;991.0;2195.1;29.1;22.7;29.9;28.6;24.0;22.3;72.0;66.0;68.0;16.0;2.7;1.1
2023/01/23;1800 UTC;0.0;989.4;991.0;989.4;3301.8;30.2;23.7;30.7;28.9;25.0;22.2;76.0;67.0;68.0;158.0;4.1;1.7
2023/01/23;1900 UTC;0.0;988.7;989.4;988.7;2193.2;30.6;23.1;30.7;29.8;24.7;22.5;73.0;63.0;64.0;24.0;4.1;1.2
2023/01/23;2000 UTC;0.0;988.4;988.7;988.3;1719.8;30.7;22.3;31.3;30.0;23.8;21.8;69.0;58.0;61.0;338.0;3.3;1.4
2023/01/23;2100 UTC;0.0;988.5;988.5;988.4;678.1;27.7;25.1;31.0;27.7;25.1;21.4;86.0;57.0;86.0;128.0;2.7;0.4
2023/01/23;2200 UTC;0.0;989.2;989.2;988.5;26.3;25.1;24.6;27.7;25.1;25.2;24.2;97.0;85.0;97.0;190.0;0.6;0.1
2023/01/23;2300 UTC;0.0;989.8;989.8;989.2;;25.1;23.9;26.0;24.8;25.2;23.9;100.0;89.0;93.0;234.0;3.3;0.4
2023/01/24;0000 UTC;0.0;990.0;990.0;989.7;;23.8;23.8;25.2;23.8;24.1;23.7;100.0;93.0;100.0;271.0;1.5;0.2
2023/01/24;0100 UTC;0.0;990.5;990.5;990.0;;23.3;23.2;23.8;23.2;23.8;23.2;100.0;100.0;100.0;139.0;0.8;0.3
2023/01/24;0200 UTC;0.0;991.0;991.0;990.5;;23.4;23.4;24.1;23.3;24.0;23.2;100.0;97.0;100.0;187.0;2.1;0.6
2023/01/24;0300 UTC;0.0;990.8;991.0;990.7;;23.1;23.1;23.4;22.9;23.4;22.9;100.0;100.0;100.0;282.0;1.2;0.5
2023/01/24;0400 UTC;0.0;990.5;990.8;990.5;;23.6;23.2;23.6;22.8;23.5;22.8;100.0;98.0;98.0;264.0;1.9;1.0
2023/01/24;0500 UTC;0.0;989.6;990.5;989.6;;23.2;22.9;23.6;23.2;23.2;22.9;99.0;97.0;98.0;262.0;2.3;0.9
2023/01/24;0600 UTC;0.0;989.5;989.7;989.5;;22.3;22.3;23.2;22.3;22.9;22.3;100.0;98.0;100.0;269.0;1.5;0.3
2023/01/24;0700 UTC;0.0;989.6;989.6;989.4;;22.0;22.0;22.4;22.0;22.4;22.0;100.0;100.0;100.0;56.0;0.9;0.4
2023/01/24;0800 UTC;0.0;989.8;989.8;989.6;;21.8;21.8;22.1;21.8;22.1;21.8;100.0;100.0;100.0;130.0;1.3;0.5
2023/01/24;0900 UTC;0.0;990.3;990.3;989.7;;21.9;21.9;22.1;21.7;22.0;21.7;100.0;100.0;100.0;14.0;1.0;0.5
2023/01/24;1000 UTC;0.0;991.4;991.4;990.3;120.9;23.3;23.3;23.3;21.9;23.3;21.9;100.0;100.0;100.0;350.0;1.9;0.8
2023/01/24;1100 UTC;0.0;991.5;991.6;991.3;772.0;25.8;24.3;25.8;23.4;24.9;23.4;100.0;91.0;92.0;1.0;1.8;0.8
2023/01/24;1200 UTC;0.0;992.1;992.2;991.5;1453.0;27.3;23.9;28.0;25.8;25.1;23.9;92.0;80.0;82.0;291.0;2.0;1.0
2023/01/24;1300 UTC;0.0;992.8;992.8;992.1;1497.3;28.1;24.8;28.7;27.3;25.0;23.3;84.0;74.0;82.0;298.0;2.4;1.1
2023/01/24;1400 UTC;5.6;993.2;993.3;992.5;325.3;22.1;22.1;28.1;21.8;25.0;21.3;100.0;79.0;100.0;73.0;8.4;2.3
2023/01/24;1500 UTC;2.0;992.2;993.2;992.2;596.4;23.7;23.5;23.7;22.1;23.5;22.1;100.0;98.0;98.0;25.0;6.0;1.6
2023/01/24;1600 UTC;0.2;991.3;992.2;991.3;1047.5;25.6;23.2;25.6;23.7;23.7;22.9;99.0;87.0;87.0;202.0;4.9;0.4
2023/01/24;1700 UTC;0.0;989.6;991.3;989.6;2068.6;26.9;22.7;27.2;25.3;24.2;22.7;91.0;78.0;78.0;284.0;2.7;1.5
2023/01/24;1800 UTC;0.0;989.0;989.6;989.0;2034.1;27.0;22.8;27.8;26.9;24.2;22.8;84.0;77.0;78.0;257.0;4.7;2.8
2023/01/24;1900 UTC;0.0;988.2;989.0;988.2;1833.3;27.2;23.0;27.7;26.7;24.0;22.2;83.0;73.0;78.0;254.0;5.1;1.6
2023/01/24;2000 UTC;0.0;988.4;988.4;988.1;795.9;26.3;23.2;27.2;26.2;23.7;22.2;85.0;75.0;83.0;196.0;3.1;1.5
2023/01/24;2100 UTC;0.0;989.2;989.2;988.4;441.3;25.6;23.1;26.5;25.6;23.7;22.6;87.0;80.0;86.0;235.0;4.2;1.2
2023/01/24;2200 UTC;0.0;989.7;989.7;989.2;41.1;24.5;23.5;25.6;24.5;23.6;23.1;94.0;86.0;94.0;253.0;3.4;1.7
2023/01/24;2300 UTC;0.0;989.4;989.7;989.3;;23.2;23.2;24.5;23.2;23.6;23.2;100.0;94.0;100.0;10.0;3.4;0.7
2023/01/25;0000 UTC;0.0;989.5;989.5;989.3;;22.9;22.8;23.4;22.8;23.4;22.8;100.0;100.0;100.0;115.0;1.5;0.8
2023/01/25;0100 UTC;;;;;;;;;;;;;;;;;
2023/01/25;0200 UTC;;;;;;;;;;;;;;;;;
2023/01/25;0300 UTC;0.0;990.3;990.6;990.3;;23.1;23.0;23.2;23.0;23.2;23.0;100.0;100.0;100.0;251.0;1.6;0.8
2023/01/25;0400 UTC;0.0;989.8;990.3;989.8;;22.2;22.2;23.1;22.2;23.0;22.2;100.0;100.0;100.0;78.0;1.9;0.8
2023/01/25;0500 UTC;0.0;989.3;989.8;989.3;;21.9;21.9;22.4;21.8;22.4;21.8;100.0;100.0;100.0;112.0;1.4;0.8
2023/01/25;0600 UTC;0.0;988.8;989.3;988.8;;21.7;21.7;22.0;21.6;22.0;21.6;100.0;100.0;100.0;131.0;1.1;0.4
2023/01/25;0700 UTC;0.0;988.5;988.8;988.4;;22.0;22.0;22.3;21.4;22.3;21.4;100.0;100.0;100.0;258.0;1.8;0.3
2023/01/25;0800 UTC;0.0;988.6;988.6;988.4;;22.0;21.9;22.2;21.7;22.2;21.7;100.0;100.0;100.0;101.0;2.0;1.0
2023/01/25;0900 UTC;0.0;988.9;988.9;988.6;;22.1;22.1;22.3;21.9;22.3;21.9;100.0;100.0;100.0;205.0;2.2;0.8
2023/01/25;1000 UTC;0.0;989.5;989.5;988.9;127.1;22.8;22.8;22.8;22.0;22.8;22.0;100.0;100.0;100.0;120.0;1.7;0.4
2023/01/25;1100 UTC;0.2;990.5;990.5;989.5;839.0;24.9;23.5;25.1;22.8;23.9;22.8;100.0;91.0;92.0;239.0;3.0;1.2
2023/01/25;1200 UTC;0.0;990.9;990.9;990.4;1379.2;26.3;23.1;26.4;24.6;23.8;22.9;93.0;83.0;83.0;246.0;3.0;1.3
2023/01/25;1300 UTC;0.0;991.2;991.3;990.9;2227.6;27.8;23.3;27.8;26.0;23.9;22.5;84.0;75.0;77.0;70.0;3.5;1.3
2023/01/25;1400 UTC;0.0;990.9;991.2;990.9;3057.8;30.0;24.7;30.0;27.4;24.7;22.3;79.0;67.0;73.0;202.0;2.9;0.7
2023/01/25;1500 UTC;0.0;990.3;990.9;990.3;3394.9;30.7;23.1;30.9;29.6;24.4;22.1;73.0;61.0;64.0;229.0;3.9;1.3
2023/01/25;1600 UTC;0.0;989.0;990.3;989.0;3200.6;31.4;22.1;31.6;30.2;23.6;21.8;65.0;58.0;58.0;196.0;4.3;1.4
2023/01/25;1700 UTC;0.0;987.7;989.0;987.7;2703.9;31.4;22.4;32.7;30.8;23.8;21.1;63.0;53.0;59.0;213.0;4.1;2.1
2023/01/25;1800 UTC;0.0;986.1;987.6;986.1;2849.5;32.0;21.5;32.4;30.9;23.9;21.2;63.0;53.0;54.0;214.0;5.0;1.8
2023/01/25;1900 UTC;0.0;985.5;986.1;985.5;1414.2;32.3;22.1;32.3;30.9;23.9;21.4;65.0;54.0;55.0;179.0;3.0;1.0
2023/01/25;2000 UTC;0.0;985.4;985.5;985.3;1478.1;32.0;22.2;32.4;31.7;23.6;21.6;61.0;54.0;56.0;341.0;3.2;1.1
2023/01/25;2100 UTC;0.0;985.3;985.5;985.3;1001.2;31.3;22.7;32.7;31.2;23.7;21.5;65.0;53.0;60.0;32.0;2.5;0.7
2023/01/25;2200 UTC;0.0;985.9;985.9;985.3;155.9;26.9;25.1;31.4;26.9;25.5;22.5;90.0;59.0;90.0;295.0;1.3;0.3
2023/01/25;2300 UTC;0.0;986.9;986.9;985.9;;25.4;24.8;26.9;25.4;25.6;24.6;97.0;89.0;97.0;287.0;0.7;0.5
2023/01/26;0000 UTC;0.0;988.3;988.3;986.9;;24.9;24.8;25.6;24.9;25.4;24.7;100.0;97.0;100.0;166.0;0.7;0.2
2023/01/26;0100 UTC;;;;;;;;;;;;;;;;;
2023/01/26;0200 UTC;0.0;989.0;989.0;988.8;;24.4;24.4;24.6;24.3;24.6;24.3;100.0;100.0;100.0;336.0;0.6;0.2
2023/01/26;0300 UTC;0.0;988.5;989.0;988.5;;24.4;24.4;24.4;24.2;24.4;24.2;100.0;100.0;100.0;17.0;0.6;0.2
2023/01/26;0400 UTC;0.0;987.9;988.5;987.9;;24.4;24.4;24.7;24.4;24.7;24.4;100.0;100.0;100.0;166.0;1.2;0.2
2023/01/26;0500 UTC;0.0;987.6;987.9;987.5;;23.6;23.6;24.6;23.6;24.6;23.6;100.0;100.0;100.0;324.0;1.4;0.8
2023/01/26;0600 UTC;0.0;987.6;987.6;987.4;;23.4;23.4;24.0;23.4;23.9;23.4;100.0;100.0;100.0;41.0;1.4;0.4
2023/01/26;0700 UTC;0.0;987.3;987.6;987.2;;23.2;23.2;23.4;23.1;23.4;23.1;100.0;100.0;100.0;360.0;1.0;0.4
2023/01/26;0800 UTC;0.0;987.4;987.5;987.2;;24.2;24.0;24.3;23.2;24.3;23.2;100.0;99.0;99.0;309.0;1.9;0.9
2023/01/26;0900 UTC;0.0;988.1;988.1;987.4;;24.0;23.8;24.3;23.8;24.2;23.7;100.0;98.0;99.0;311.0;2.0;0.7
2023/01/26;1000 UTC;0.0;988.9;988.9;988.0;84.0;24.2;24.1;24.2;23.8;24.1;23.7;100.0;99.0;99.0;336.0;2.3;1.0
2023/01/26;1100 UTC;0.0;989.4;989.4;988.9;442.3;25.2;24.0;25.2;24.2;24.4;23.8;99.0;92.0;93.0;343.0;3.3;1.5
2023/01/26;1200 UTC;0.0;989.9;989.9;989.4;1492.4;26.9;24.0;27.4;25.2;24.6;23.8;94.0;82.0;84.0;283.0;3.3;1.2
2023/01/26;1300 UTC;0.0;990.3;990.3;989.9;1202.5;27.1;24.4;27.6;26.8;24.5;23.7;86.0;80.0;85.0;283.0;5.0;2.1
2023/01/26;1400 UTC;0.0;990.4;990.5;990.3;862.5;27.5;23.9;27.6;27.0;24.4;23.5;85.0;80.0;81.0;262.0;3.5;1.4
2023/01/26;1500 UTC;0.0;989.7;990.5;989.7;1140.9;28.3;23.9;28.3;27.3;24.6;23.2;84.0;75.0;77.0;133.0;3.1;0.4
2023/01/26;1600 UTC;0.0;989.2;989.7;989.2;1046.6;27.5;24.8;28.4;27.4;24.9;23.3;87.0;74.0;85.0;139.0;2.8;1.5
2023/01/26;1700 UTC;0.0;987.9;989.2;987.9;896.5;27.6;23.0;27.7;27.4;24.8;22.8;85.0;75.0;76.0;242.0;3.2;1.1
2023/01/26;1800 UTC;0.0;986.8;987.9;986.8;1080.2;28.1;24.4;28.1;27.2;24.7;22.5;82.0;75.0;80.0;121.0;2.7;0.8
2023/01/26;1900 UTC;0.0;986.9;986.9;986.7;1095.2;28.0;24.1;28.5;27.8;24.5;22.7;80.0;72.0;79.0;111.0;2.5;1.0
2023/01/26;2000 UTC;0.0;986.6;986.9;986.6;839.4;27.3;24.8;28.1;27.3;25.1;23.4;87.0;76.0;86.0;132.0;4.1;1.7
2023/01/26;2100 UTC;0.0;986.7;986.8;986.3;387.7;26.6;24.7;27.6;26.6;25.1;24.5;90.0;84.0;90.0;109.0;3.5;1.4
2023/01/26;2200 UTC;0.0;988.2;988.2;986.7;63.5;25.8;24.5;26.6;25.8;24.9;24.4;93.0;89.0;93.0;74.0;2.9;0.7
2023/01/26;2300 UTC;0.0;989.6;989.7;988.2;;24.6;22.9;25.8;24.6;24.7;22.9;96.0;91.0;91.0;19.0;8.0;2.9
2023/01/27;0000 UTC;;;;;;;;;;;;;;;;;
2023/01/27;0100 UTC;0.4;990.1;990.1;989.6;;22.9;22.9;23.2;22.9;23.2;22.9;100.0;99.0;100.0;106.0;3.2;0.8
2023/01/27;0200 UTC;;;;;;;;;;;;;;;;;
2023/01/27;0300 UTC;0.2;989.4;990.2;989.4;;22.4;22.4;22.9;22.3;22.9;22.3;100.0;99.0;100.0;32.0;2.7;1.1
2023/01/27;0400 UTC;0.0;988.9;989.4;988.9;;22.3;22.3;22.7;22.3;22.7;22.3;100.0;100.0;100.0;43.0;3.0;0.7
2023/01/27;0500 UTC;0.0;988.4;988.9;988.4;;22.3;22.3;22.7;22.3;22.6;22.3;100.0;100.0;100.0;46.0;2.8;0.8
2023/01/27;0600 UTC;0.0;988.4;988.4;988.2;;22.5;22.5;22.7;22.3;22.7;22.3;100.0;100.0;100.0;344.0;2.8;1.1
2023/01/27;0700 UTC;0.0;988.6;988.6;988.3;;22.2;22.2;22.7;22.2;22.7;22.2;100.0;100.0;100.0;116.0;2.3;0.5
2023/01/27;0800 UTC;0.0;989.0;989.0;988.6;;21.8;21.8;22.2;21.8;22.2;21.8;100.0;100.0;100.0;30.0;1.3;0.4
2023/01/27;0900 UTC;0.0;989.9;989.9;988.9;;22.1;22.1;22.1;21.8;22.1;21.8;100.0;100.0;100.0;142.0;1.6;0.7
2023/01/27;1000 UTC;0.0;990.7;990.7;989.9;106.9;22.6;22.6;22.6;22.1;22.6;22.1;100.0;100.0;100.0;61.0;1.3;0.8
2023/01/27;1100 UTC;0.0;991.6;991.6;990.7;290.5;23.4;23.2;23.6;22.7;23.4;22.7;100.0;98.0;99.0;6.0;1.7;0.9
2023/01/27;1200 UTC;0.0;992.2;992.2;991.6;529.1;24.2;23.4;24.2;23.4;23.6;23.0;100.0;94.0;95.0;352.0;2.0;1.0
2023/01/27;1300 UTC;0.0;992.5;992.5;992.2;914.8;24.9;23.3;24.9;24.2;23.8;23.1;96.0;90.0;90.0;321.0;3.1;1.7
2023/01/27;1400 UTC;0.0;992.1;992.6;992.1;2355.4;26.4;23.4;27.0;24.9;24.7;22.9;94.0;82.0;84.0;350.0;4.4;1.8
2023/01/27;1500 UTC;0.0;991.3;992.1;991.3;2438.3;27.9;23.2;28.5;26.3;24.3;23.1;85.0;75.0;76.0;306.0;4.1;1.4
2023/01/27;1600 UTC;0.0;990.5;991.3;990.5;3008.3;29.0;23.3;29.5;27.8;24.4;22.7;79.0;69.0;71.0;324.0;5.3;1.6
2023/01/27;1700 UTC;0.0;989.2;990.5;989.2;2753.8;29.4;23.7;30.0;28.7;24.5;22.5;75.0;67.0;71.0;303.0;4.6;2.1
2023/01/27;1800 UTC;0.0;988.2;989.2;988.1;2509.1;29.6;23.4;30.4;29.0;24.5;23.0;74.0;66.0;69.0;282.0;4.8;1.6
2023/01/27;1900 UTC;0.0;987.8;988.2;987.6;467.6;25.3;23.6;29.8;25.3;24.5;22.9;91.0;67.0;91.0;135.0;5.9;1.8
2023/01/27;2000 UTC;0.0;987.7;987.9;987.5;383.9;25.6;24.1;25.7;25.1;24.3;23.4;92.0;90.0;91.0;101.0;3.4;1.2
2023/01/27;2100 UTC;0.0;989.1;989.1;987.7;351.3;25.5;23.4;26.0;25.5;24.2;23.4;91.0;88.0;88.0;34.0;5.7;1.9
2023/01/27;2200 UTC;4.4;989.3;989.6;989.1;7.9;23.3;22.8;25.5;23.3;23.6;22.1;97.0;87.0;97.0;272.0;5.7;1.9
2023/01/27;2300 UTC;0.2;990.4;990.4;989.2;;23.0;22.9;23.3;23.0;23.1;22.7;100.0;96.0;99.0;263.0;3.4;1.2
2023/01/28;0000 UTC;0.0;991.2;991.2;990.4;;22.4;22.4;23.0;22.4;22.8;22.3;100.0;98.0;100.0;185.0;2.2;0.6
2023/01/28;0100 UTC;;;;;;;;;;;;;;;;;
2023/01/28;0200 UTC;0.2;992.1;992.4;991.5;;22.3;22.3;22.6;22.2;22.6;22.2;100.0;99.0;100.0;110.0;1.9;0.4
2023/01/28;0300 UTC;;;;;;;;;;;;;;;;;
2023/01/28;0400 UTC;0.0;990.7;991.7;990.7;;22.7;22.6;22.9;22.5;22.9;22.5;100.0;100.0;100.0;210.0;1.8;0.6
2023/01/28;0500 UTC;0.0;990.2;990.7;990.1;;22.4;22.4;22.7;22.3;22.6;22.3;100.0;100.0;100.0;159.0;1.8;0.5
2023/01/28;0600 UTC;0.0;989.9;990.2;989.9;;22.6;22.6;22.6;22.4;22.6;22.4;100.0;100.0;100.0;192.0;1.5;0.7
2023/01/28;0700 UTC;0.0;989.6;989.9;989.6;;22.4;22.4;22.6;22.1;22.6;22.1;100.0;100.0;100.0;262.0;1.5;0.6
2023/01/28;0800 UTC;0.0;990.0;990.0;989.6;;21.8;21.8;22.4;21.8;22.3;21.8;100.0;100.0;100.0;115.0;1.4;0.6
2023/01/28;0900 UTC;0.0;990.8;990.8;990.0;;21.5;21.5;21.8;21.5;21.8;21.5;100.0;100.0;100.0;114.0;1.4;0.3
2023/01/28;1000 UTC;0.0;991.7;991.7;990.8;73.5;23.2;23.2;23.2;21.5;23.2;21.4;100.0;100.0;100.0;144.0;2.2;1.1
2023/01/28;1100 UTC;0.0;992.8;992.8;991.7;435.6;24.2;23.7;24.3;23.2;24.1;23.1;100.0;96.0;97.0;134.0;2.2;1.0
2023/01/28;1200 UTC;0.0;993.2;993.3;992.8;777.4;25.1;23.6;25.7;24.2;24.2;22.9;98.0;85.0;91.0;174.0;2.0;1.0
2023/01/28;1300 UTC;0.0;993.6;993.7;993.2;1289.8;26.4;23.3;26.4;25.0;24.0;22.7;93.0;81.0;83.0;256.0;2.4;0.9
2023/01/28;1400 UTC;0.0;993.6;993.6;993.5;2077.5;27.2;22.9;28.0;26.4;24.2;22.5;85.0;75.0;77.0;277.0;3.6;1.7
2023/01/28;1500 UTC;0.0;992.8;993.6;992.8;1377.8;27.7;23.0;27.9;27.2;23.9;22.6;80.0;74.0;76.0;269.0;3.6;1.5
2023/01/28;1600 UTC;0.0;991.6;992.8;991.6;3019.0;29.1;23.9;29.6;27.6;24.4;22.0;79.0;65.0;74.0;247.0;4.1;1.7
2023/01/28;1700 UTC;0.0;990.3;991.6;990.3;2102.8;29.1;23.7;30.3;28.6;24.3;22.8;76.0;66.0;72.0;263.0;5.1;1.8
2023/01/28;1800 UTC;0.0;989.4;990.3;989.4;2374.1;30.5;23.6;30.7;28.7;25.0;22.9;76.0;65.0;67.0;264.0;4.4;2.1
2023/01/28;1900 UTC;0.0;989.0;989.4;989.0;1203.0;29.4;23.4;30.5;29.4;24.3;22.7;71.0;65.0;71.0;256.0;3.9;1.4
2023/01/28;2000 UTC;0.0;989.0;989.1;988.9;429.6;27.9;25.5;29.4;27.9;26.0;22.8;89.0;68.0;87.0;57.0;2.3;0.8
2023/01/28;2100 UTC;0.0;989.7;989.7;989.0;272.7;27.1;25.6;27.9;26.9;25.7;24.6;92.0;84.0;92.0;101.0;2.3;0.3
2023/01/28;2200 UTC;0.0;990.6;990.6;989.7;81.7;25.8;25.5;27.2;25.7;25.9;25.3;98.0;91.0;98.0;26.0;2.1;0.9
2023/01/28;2300 UTC;1.2;992.5;992.5;990.6;;21.8;21.2;26.0;21.8;25.6;21.2;98.0;85.0;97.0;20.0;9.7;3.3
2023/01/29;0000 UTC;1.2;993.4;993.7;992.4;;22.1;22.0;22.1;21.7;22.0;21.3;100.0;97.0;99.0;299.0;8.4;0.9
2023/01/29;0100 UTC;;;;;;;;;;;;;;;;;
2023/01/29;0200 UTC;2.4;993.1;993.4;993.1;;22.0;22.0;22.1;21.9;22.1;21.9;100.0;99.0;100.0;262.0;3.0;1.6
2023/01/29;0300 UTC;0.8;992.2;993.2;992.2;;22.0;22.0;22.1;22.0;22.1;22.0;100.0;100.0;100.0;260.0;3.2;1.4
2023/01/29;0400 UTC;0.0;992.1;992.4;992.1;;21.9;21.9;22.0;21.9;22.0;21.9;100.0;100.0;100.0;107.0;3.0;0.6
2023/01/29;0500 UTC;0.2;991.8;992.1;991.8;;21.8;21.8;21.9;21.8;21.8;21.7;100.0;100.0;100.0;146.0;1.6;0.4
2023/01/29;0600 UTC;0.0;991.7;991.8;991.6;;21.7;21.6;21.8;21.6;21.8;21.6;100.0;100.0;100.0;131.0;1.5;0.9
2023/01/29;0700 UTC;0.0;991.1;991.7;991.1;;21.5;21.5;21.7;21.4;21.6;21.4;100.0;100.0;100.0;292.0;1.5;0.3
2023/01/29;0800 UTC;0.0;990.9;991.1;990.9;;21.6;21.5;21.6;21.4;21.5;21.4;100.0;100.0;100.0;168.0;1.4;0.5
2023/01/29;0900 UTC;0.0;991.3;991.3;990.8;;21.7;21.7;21.9;21.6;21.9;21.6;100.0;100.0;100.0;157.0;1.3;0.3
2023/01/29;1000 UTC;0.0;991.8;991.8;991.3;74.6;22.2;22.2;22.2;21.7;22.2;21.6;100.0;100.0;100.0;112.0;1.6;0.6
2023/01/29;1100 UTC;0.0;992.3;992.3;991.8;529.6;23.2;22.7;23.2;22.2;23.0;22.2;100.0;97.0;97.0;122.0;3.5;1.4
2023/01/29;1200 UTC;0.0;992.4;992.4;992.3;913.6;24.3;22.5;24.3;23.2;23.4;22.4;98.0;90.0;90.0;173.0;3.7;1.9
2023/01/29;1300 UTC;0.0;992.4;992.5;992.4;1484.6;25.5;22.8;25.5;24.3;23.2;22.2;92.0;85.0;85.0;165.0;3.8;1.8
2023/01/29;1400 UTC;0.0;992.3;992.4;992.3;2995.1;27.4;23.2;27.6;25.5;23.8;22.3;87.0;75.0;78.0;161.0;4.5;2.4
2023/01/29;1500 UTC;0.0;991.5;992.3;991.5;3213.6;28.9;23.1;29.0;27.3;24.6;22.5;81.0;68.0;71.0;163.0;5.1;2.5
2023/01/29;1600 UTC;0.0;990.7;991.6;990.7;3598.8;29.5;23.0;30.5;28.5;24.1;22.1;72.0;63.0;68.0;164.0;4.7;1.7
2023/01/29;1700 UTC;0.0;989.7;990.7;989.7;3100.8;30.0;23.4;30.7;28.9;24.7;22.3;74.0;65.0;68.0;189.0;4.6;1.7
2023/01/29;1800 UTC;0.0;988.3;989.7;988.3;2728.7;31.0;23.0;31.2;29.2;24.4;22.3;70.0;61.0;62.0;210.0;4.3;1.8
2023/01/29;1900 UTC;0.0;987.0;988.3;987.0;2618.7;30.9;23.1;31.1;30.2;24.0;22.2;68.0;61.0;63.0;158.0;4.7;2.0
2023/01/29;2000 UTC;0.0;987.0;987.1;987.0;1740.7;30.7;22.2;31.2;30.2;23.4;21.8;66.0;59.0;61.0;183.0;3.9;1.5
2023/01/29;2100 UTC;0.0;987.9;987.9;987.0;825.2;28.9;24.0;30.7;28.9;24.0;22.0;75.0;60.0;75.0;86.0;4.4;2.2
2023/01/29;2200 UTC;0.0;988.5;988.5;987.9;126.7;24.4;21.1;28.9;24.4;24.2;20.5;82.0;67.0;82.0;21.0;11.2;0.5
2023/01/29;2300 UTC;0.0;989.2;989.4;988.5;;24.4;21.3;24.5;23.4;22.3;20.9;93.0;81.0;83.0;9.0;4.4;1.5
2023/01/30;0000 UTC;0.0;989.3;989.3;989.1;;22.7;22.3;24.4;22.7;22.4;21.3;98.0;83.0;98.0;51.0;3.3;0.5
2023/01/30;0100 UTC;0.0;990.0;990.0;989.3;;23.0;22.6;23.0;22.3;23.0;22.2;100.0;98.0;98.0;289.0;1.7;0.9
2023/01/30;0200 UTC;0.0;990.4;990.4;989.9;;22.1;22.1;23.0;22.1;22.5;22.1;100.0;97.0;100.0;52.0;1.7;0.6
2023/01/30;0300 UTC;0.0;989.7;990.4;989.7;;22.0;21.9;22.1;21.9;22.1;21.9;100.0;100.0;100.0;141.0;1.4;0.6
2023/01/30;0400 UTC;0.0;989.0;989.7;989.0;;21.9;21.9;22.0;21.8;22.0;21.8;100.0;100.0;100.0;263.0;1.2;0.3
2023/01/30;0500 UTC;0.0;989.1;989.1;988.8;;22.4;22.4;22.5;21.9;22.5;21.9;100.0;100.0;100.0;326.0;1.8;1.0
2023/01/30;0600 UTC;0.0;988.9;989.2;988.9;;22.2;22.2;22.5;22.2;22.5;22.2;100.0;100.0;100.0;160.0;1.8;0.6
2023/01/30;0700 UTC;0.0;988.7;988.9;988.6;;21.9;21.9;22.2;21.9;22.2;21.8;100.0;100.0;100.0;131.0;1.1;0.2
2023/01/30;0800 UTC;0.0;989.0;989.0;988.7;;22.0;22.0;22.4;21.9;22.3;21.9;100.0;100.0;100.0;9.0;1.0;0.4
2023/01/30;0900 UTC;0.0;989.7;989.7;989.0;;22.5;22.5;22.5;22.0;22.5;22.0;100.0;100.0;100.0;164.0;1.1;0.6
2023/01/30;1000 UTC;0.0;990.2;990.2;989.7;127.1;24.1;23.8;24.1;22.5;24.0;22.5;100.0;98.0;98.0;106.0;1.2;0.4
2023/01/30;1100 UTC;0.0;990.9;990.9;990.1;1041.2;26.6;23.8;26.6;24.1;24.1;22.6;98.0;82.0;85.0;261.0;2.4;1.2
2023/01/30;1200 UTC;0.0;991.6;991.6;990.9;1441.2;27.6;22.9;27.6;26.0;23.6;21.7;86.0;74.0;76.0;187.0;2.4;0.7
2023/01/30;1300 UTC;0.0;991.6;991.7;991.5;2393.7;28.7;23.3;28.9;27.4;24.2;22.5;80.0;70.0;73.0;177.0;3.3;1.5
2023/01/30;1400 UTC;0.0;991.3;991.6;991.3;2405.9;29.3;23.9;29.4;28.6;24.6;23.3;76.0;72.0;73.0;161.0;4.7;2.8
2023/01/30;1500 UTC;0.0;990.7;991.3;990.7;2993.5;30.5;24.8;30.7;29.2;25.1;23.3;76.0;68.0;72.0;185.0;5.2;2.6
2023/01/30;1600 UTC;0.0;989.3;990.7;989.3;3477.5;30.4;24.2;31.1;29.9;24.6;22.7;72.0;63.0;69.0;149.0;6.1;2.3
2023/01/30;1700 UTC;0.0;988.1;989.3;988.1;3553.1;31.5;22.6;32.0;30.4;24.5;22.3;70.0;57.0;59.0;135.0;5.4;2.2
2023/01/30;1800 UTC;0.0;987.2;988.1;987.2;3210.9;32.0;22.7;32.7;31.3;24.1;21.7;65.0;55.0;58.0;167.0;5.1;2.3
2023/01/30;1900 UTC;0.0;986.9;987.2;986.7;2143.2;28.1;22.6;32.9;28.1;24.0;21.8;73.0;54.0;72.0;68.0;7.8;2.8
2023/01/30;2000 UTC;0.0;986.7;987.5;986.7;913.2;27.3;23.0;29.2;26.9;23.2;20.9;80.0;63.0;77.0;345.0;7.3;2.1
2023/01/30;2100 UTC;0.0;986.7;986.8;986.4;1101.8;29.4;22.7;29.5;27.3;23.5;22.4;78.0;66.0;67.0;107.0;4.1;1.0
2023/01/30;2200 UTC;0.0;987.6;987.6;986.7;95.0;25.9;23.0;29.4;25.9;24.8;21.9;85.0;67.0;84.0;59.0;2.5;0.4
2023/01/30;2300 UTC;0.0;988.5;988.5;987.6;;25.5;24.1;26.1;25.2;24.2;22.4;92.0;82.0;92.0;273.0;2.9;1.1
2023/01/31;0000 UTC;0.0;988.9;988.9;988.5;;25.0;23.5;25.5;25.0;24.0;23.2;93.0;89.0;91.0;263.0;3.4;0.9
2023/01/31;0100 UTC;0.0;989.6;989.7;988.9;;24.0;23.5;25.0;24.0;23.5;23.1;97.0;90.0;97.0;185.0;1.7;0.4
2023/01/31;0200 UTC;;;;;;;;;;;;;;;;;
2023/01/31;0300 UTC;0.0;989.8;990.2;989.8;;23.3;23.1;23.9;23.2;23.3;22.9;99.0;94.0;99.0;180.0;1.9;0.7
2023/01/31;0400 UTC;0.0;989.3;989.8;989.3;;22.7;22.7;23.4;22.7;23.3;22.7;100.0;99.0;100.0;126.0;1.2;0.5
2023/01/31;0500 UTC;0.0;988.8;989.3;988.8;;22.5;22.5;22.8;22.5;22.8;22.4;100.0;100.0;100.0;147.0;0.8;0.2
2023/01/31;0600 UTC;0.0;988.6;988.8;988.5;;22.7;22.7;22.8;22.3;22.8;22.3;100.0;100.0;100.0;276.0;0.9;0.6
2023/01/31;0700 UTC;0.0;988.5;988.6;988.4;;22.4;22.4;22.8;22.4;22.8;22.3;100.0;100.0;100.0;152.0;1.3;0.6
2023/01/31;0800 UTC;0.0;988.6;988.6;988.3;;22.8;22.8;22.9;22.4;22.9;22.4;100.0;100.0;100.0;291.0;1.3;0.2
2023/01/31;0900 UTC;0.0;989.2;989.2;988.6;;22.5;22.5;22.8;22.2;22.8;22.2;100.0;100.0;100.0;333.0;1.1;0.3
2023/01/31;1000 UTC;0.0;989.6;989.6;989.2;63.5;23.2;23.2;23.3;22.5;23.3;22.5;100.0;100.0;100.0;301.0;1.6;0.5
2023/01/31;1100 UTC;0.0;990.3;990.3;989.6;277.5;24.2;24.2;24.2;23.2;24.2;23.2;100.0;100.0;100.0;291.0;2.3;1.0
2023/01/31;1200 UTC;0.0;990.6;990.6;990.2;1548.9;27.7;24.5;27.8;24.2;25.5;23.7;100.0;80.0;83.0;171.0;3.1;1.5
2023/01/31;1300 UTC;0.0;990.8;990.8;990.6;2463.0;29.2;24.3;29.7;27.6;25.1;23.9;83.0;73.0;75.0;116.0;3.5;1.4
2023/01/31;1400 UTC;0.0;990.4;990.8;990.4;3143.2;31.0;23.3;31.0;29.2;24.8;22.7;75.0;63.0;64.0;124.0;2.8;1.4
2023/01/31;1500 UTC;0.0;990.1;990.4;990.1;3462.6;31.2;22.8;32.4;30.7;24.3;22.4;67.0;58.0;61.0;155.0;3.5;1.5
2023/01/31;1600 UTC;0.0;989.3;990.1;989.3;1545.5;31.1;23.7;32.3;30.7;24.7;22.3;66.0;59.0;65.0;287.0;3.5;0.9
2023/01/31;1700 UTC;0.0;988.2;989.3;988.2;3534.5;33.0;22.9;33.5;31.0;23.9;21.7;65.0;52.0;55.0;144.0;4.5;1.5
2023/01/31;1800 UTC;0.0;987.3;988.2;987.3;3676.6;34.4;21.9;34.4;32.2;23.8;21.2;57.0;48.0;48.0;275.0;5.8;1.6
2023/01/31;1900 UTC;3.0;987.5;987.6;987.0;1166.9;26.3;24.3;34.3;26.2;24.6;21.0;91.0;47.0;89.0;26.0;6.0;1.4
2023/01/31;2000 UTC;0.2;986.8;988.0;986.6;220.0;25.5;23.6;26.4;24.9;24.6;22.9;92.0;83.0;89.0;298.0;6.7;1.9
2023/01/31;2100 UTC;0.0;987.2;987.3;986.8;171.9;25.8;23.0;25.9;25.1;24.0;23.0;93.0;84.0;85.0;255.0;3.7;0.8
2023/01/31;2200 UTC;0.0;987.6;987.6;987.1;49.3;24.7;24.1;25.8;24.5;24.3;23.0;98.0;85.0;96.0;181.0;2.0;0.8
2023/01/31;2300 UTC;0.0;988.5;988.5;987.6;;24.1;24.0;24.7;24.0;24.6;23.9;100.0;96.0;100.0;233.0;1.9;0.3
2023/02/01;0000 UTC;;;;;;;;;;;;;;;;;
2023/02/01;0100 UTC;;;;;;;;;;;;;;;;;
2023/02/01;0200 UTC;;;;;;;;;;;;;;;;;
2023/02/01;0300 UTC;0.2;990.4;990.7;990.4;;23.5;23.5;23.8;23.2;23.7;23.2;100.0;100.0;100.0;183.0;0.8;0.4
2023/02/01;0400 UTC;0.0;989.7;990.4;989.7;;23.6;23.6;23.6;23.2;23.6;23.2;100.0;100.0;100.0;172.0;1.6;0.6
2023/02/01;0500 UTC;0.0;988.8;989.7;988.7;;23.7;23.7;24.0;23.5;24.0;23.5;100.0;100.0;100.0;247.0;1.3;0.4
2023/02/01;0600 UTC;0.0;988.5;988.8;988.5;;23.1;23.1;23.7;23.1;23.7;23.1;100.0;100.0;100.0;33.0;1.2;0.1
2023/02/01;0700 UTC;0.0;988.7;988.7;988.5;;23.9;23.9;24.0;22.9;24.0;22.9;100.0;100.0;100.0;248.0;1.4;0.8
2023/02/01;0800 UTC;0.0;988.9;988.9;988.7;;23.4;23.4;24.1;23.1;24.1;23.1;100.0;100.0;100.0;158.0;1.4;0.9
2023/02/01;0900 UTC;0.0;989.8;989.8;988.9;;24.2;24.2;24.2;23.4;24.2;23.4;100.0;100.0;100.0;83.0;4.1;1.7
2023/02/01;1000 UTC;0.0;990.2;990.2;989.8;60.4;24.1;24.1;24.3;24.0;24.2;24.0;100.0;100.0;100.0;153.0;4.1;0.4
2023/02/01;1100 UTC;0.0;991.2;991.2;990.2;356.7;24.8;24.3;24.9;24.0;24.7;24.0;100.0;96.0;97.0;62.0;1.8;0.8
2023/02/01;1200 UTC;0.0;992.4;992.4;991.2;573.7;25.3;24.1;25.5;24.8;24.7;23.7;98.0;91.0;93.0;44.0;3.6;1.5
2023/02/01;1300 UTC;3.2;993.0;993.2;992.4;439.6;24.0;23.3;25.3;24.0;24.0;23.3;97.0;91.0;96.0;33.0;5.2;2.0
2023/02/01;1400 UTC;1.4;993.2;993.5;993.0;229.8;23.1;22.8;24.0;23.0;23.4;22.6;99.0;95.0;98.0;326.0;6.7;2.1
2023/02/01;1500 UTC;0.4;992.3;993.3;992.3;918.7;25.0;23.2;25.0;23.0;23.8;22.7;99.0;90.0;90.0;358.0;4.7;1.5
2023/02/01;1600 UTC;0.0;990.6;992.3;990.6;3113.7;29.0;23.6;29.0;25.0;24.5;22.7;92.0;70.0;73.0;351.0;3.8;1.3
2023/02/01;1700 UTC;0.0;990.1;990.6;990.0;2896.6;30.0;23.5;30.6;28.7;25.1;22.5;76.0;65.0;68.0;320.0;3.4;1.7
2023/02/01;1800 UTC;0.0;989.1;990.1;989.1;2257.8;31.0;23.9;31.1;29.6;25.3;22.9;75.0;64.0;66.0;264.0;3.8;0.9
2023/02/01;1900 UTC;0.0;987.8;989.1;987.8;1591.2;29.6;24.9;31.4;29.6;25.0;21.7;76.0;58.0;76.0;48.0;3.7;1.0
2023/02/01;2000 UTC;0.0;988.1;988.1;987.6;750.7;28.5;25.0;29.6;28.5;25.5;24.3;84.0;74.0;82.0;50.0;2.7;1.1
2023/02/01;2100 UTC;0.0;988.2;988.3;988.1;396.8;27.8;25.2;28.5;27.8;25.7;24.6;88.0;79.0;86.0;15.0;2.2;0.3
2023/02/01;2200 UTC;0.0;988.4;988.4;988.0;66.3;25.9;25.6;27.8;25.9;26.0;24.9;98.0;85.0;98.0;166.0;1.0;0.2
2023/02/01;2300 UTC;0.0;989.1;989.2;988.4;;25.0;25.0;25.9;25.0;25.6;25.0;100.0;98.0;100.0;28.0;0.7;0.3
2023/02/02;0000 UTC;0.0;989.9;989.9;989.1;;24.6;24.6;25.0;24.6;24.9;24.6;100.0;100.0;100.0;359.0;0.8;0.4
2023/02/02;0100 UTC;0.0;991.2;991.2;989.9;;24.7;24.7;24.7;24.3;24.7;24.3;100.0;100.0;100.0;9.0;2.2;0.9
2023/02/02;0200 UTC;;;;;;;;;;;;;;;;;
2023/02/02;0300 UTC;0.0;991.2;991.6;991.2;;24.3;24.3;24.6;24.3;24.6;24.3;100.0;100.0;100.0;353.0;1.6;0.7
2023/02/02;0400 UTC;0.0;990.9;991.3;990.9;;24.7;24.7;24.7;24.2;24.7;24.2;100.0;100.0;100.0;337.0;2.3;1.3
2023/02/02;0500 UTC;0.0;990.7;990.9;990.7;;24.7;24.5;25.0;24.7;24.8;24.5;100.0;98.0;99.0;346.0;3.0;1.4
2023/02/02;0600 UTC;0.0;990.6;990.7;990.5;;24.7;24.5;24.8;24.6;24.6;24.4;99.0;98.0;99.0;348.0;3.0;0.8
2023/02/02;0700 UTC;0.0;990.6;990.7;990.5;;24.4;24.4;24.8;24.4;24.5;24.4;100.0;98.0;100.0;7.0;2.8;0.7
2023/02/02;0800 UTC;0.0;990.8;990.8;990.6;;24.4;24.4;24.5;24.4;24.5;24.3;100.0;100.0;100.0;318.0;1.6;0.5
2023/02/02;0900 UTC;0.0;991.3;991.3;990.8;;23.9;23.9;24.6;23.9;24.4;23.9;100.0;97.0;100.0;55.0;1.8;0.5
2023/02/02;1000 UTC;0.0;991.8;991.8;991.3;86.7;24.3;24.3;24.3;23.6;24.3;23.6;100.0;100.0;100.0;32.0;1.2;0.3
2023/02/02;1100 UTC;0.2;992.8;992.8;991.8;908.4;26.1;23.8;26.4;24.3;24.9;23.8;100.0;87.0;87.0;50.0;2.5;1.0
2023/02/02;1200 UTC;0.0;993.4;993.4;992.8;1655.5;28.0;24.4;28.0;25.9;24.8;23.4;90.0;79.0;81.0;23.0;4.3;1.7
2023/02/02;1300 UTC;0.0;993.9;993.9;993.4;2367.2;28.9;23.3;28.9;27.5;24.8;23.2;84.0;72.0;72.0;13.0;5.4;2.0
2023/02/02;1400 UTC;0.0;993.3;993.9;993.3;3073.7;30.2;24.7;30.2;28.7;24.7;23.2;76.0;69.0;73.0;334.0;5.4;2.5
2023/02/02;1500 UTC;0.0;992.7;993.3;992.7;3414.8;30.3;23.2;30.8;29.4;24.1;22.3;72.0;64.0;66.0;319.0;6.0;3.1
2023/02/02;1600 UTC;0.0;991.9;992.7;991.9;3107.6;31.5;23.1;31.5;29.7;24.8;22.9;71.0;61.0;61.0;331.0;5.9;2.1
2023/02/02;1700 UTC;0.0;990.7;991.9;990.7;3664.3;32.3;24.2;32.3;31.0;24.3;21.6;65.0;57.0;63.0;340.0;6.1;2.7
2023/02/02;1800 UTC;0.0;989.4;990.7;989.4;2769.2;31.5;23.4;32.9;31.2;23.9;22.5;65.0;57.0;62.0;353.0;6.0;2.3
2023/02/02;1900 UTC;0.0;988.6;989.4;988.4;2632.8;32.2;22.9;33.0;31.6;24.0;21.8;63.0;54.0;58.0;325.0;4.9;1.5
2023/02/02;2000 UTC;0.0;988.4;988.5;988.2;1163.3;31.6;23.2;32.2;31.5;23.7;22.1;63.0;56.0;61.0;351.0;3.5;1.2
2023/02/02;2100 UTC;0.0;990.9;990.9;988.4;133.6;24.7;23.4;31.6;24.7;26.0;22.6;92.0;60.0;92.0;60.0;16.0;4.4
2023/02/02;2200 UTC;18.0;989.4;991.2;989.1;11.7;23.2;22.7;24.7;22.6;23.3;22.4;100.0;92.0;97.0;343.0;16.0;1.7
2023/02/02;2300 UTC;0.0;989.5;989.6;989.2;;23.2;23.2;23.3;23.1;23.3;22.7;100.0;97.0;100.0;335.0;3.1;0.8
2023/02/03;0000 UTC;0.2;989.9;989.9;989.4;;23.7;23.7;23.8;23.2;23.8;23.2;100.0;100.0;100.0;156.0;2.2;0.6
2023/02/03;0100 UTC;;;;;;;;;;;;;;;;;
2023/02/03;0200 UTC;0.0;992.1;992.1;990.7;;24.2;24.2;24.2;23.7;24.2;23.8;100.0;100.0;100.0;40.0;3.9;1.3
2023/02/03;0300 UTC;0.0;992.2;992.3;992.0;;24.1;24.1;24.5;24.1;24.3;23.9;100.0;97.0;100.0;22.0;4.1;0.5
2023/02/03;0400 UTC;2.2;992.5;992.5;992.1;;24.4;24.0;24.5;24.1;24.4;24.0;100.0;97.0;98.0;7.0;5.7;1.8
2023/02/03;0500 UTC;5.8;991.6;992.5;991.6;;23.1;22.9;24.4;22.9;24.0;22.6;99.0;93.0;99.0;214.0;7.7;0.8
2023/02/03;0600 UTC;1.2;991.2;991.6;991.2;;23.4;23.2;23.9;23.0;23.6;22.9;100.0;97.0;99.0;333.0;3.4;0.8
2023/02/03;0700 UTC;0.0;991.5;991.5;991.0;;23.5;23.4;23.6;23.2;23.6;23.2;100.0;99.0;100.0;157.0;1.7;1.0
2023/02/03;0800 UTC;0.2;991.1;991.5;991.1;;23.1;23.1;23.5;23.1;23.5;23.1;100.0;100.0;100.0;157.0;1.8;0.7
2023/02/03;0900 UTC;0.0;992.0;992.0;991.1;;23.4;23.3;23.4;23.0;23.4;23.0;100.0;100.0;100.0;155.0;2.5;1.1
2023/02/03;1000 UTC;0.0;992.4;992.4;992.0;61.3;23.6;23.6;23.6;23.2;23.6;23.2;100.0;100.0;100.0;223.0;2.1;0.6
2023/02/03;1100 UTC;0.0;993.4;993.4;992.4;339.3;24.5;24.4;24.5;23.6;24.4;23.6;100.0;99.0;100.0;150.0;2.0;1.1
2023/02/03;1200 UTC;0.0;994.3;994.3;993.4;852.5;25.6;24.4;25.6;24.5;24.7;23.6;100.0;91.0;93.0;142.0;3.0;1.6
2023/02/03;1300 UTC;0.0;994.5;994.5;994.3;1519.3;27.1;24.2;27.1;25.6;24.9;23.7;93.0;82.0;84.0;126.0;3.6;1.6
2023/02/03;1400 UTC;0.0;994.0;994.5;994.0;2490.2;29.2;24.4;29.2;27.1;24.8;23.0;85.0;73.0;76.0;160.0;3.0;0.5
2023/02/03;1500 UTC;0.0;993.2;994.0;993.2;3368.0;30.0;23.6;30.1;28.8;25.0;23.4;77.0;67.0;69.0;68.0;4.4;0.9
2023/02/03;1600 UTC;0.0;991.9;993.2;991.9;2588.7;30.1;24.0;30.7;29.5;25.1;23.1;76.0;64.0;70.0;106.0;3.6;1.4
2023/02/03;1700 UTC;0.0;990.8;991.9;990.8;3166.7;31.5;24.8;31.6;30.1;25.9;22.9;73.0;62.0;68.0;220.0;4.0;1.7
2023/02/03;1800 UTC;0.6;990.4;990.7;990.4;2115.2;27.0;24.2;32.2;27.0;24.7;23.1;85.0;62.0;85.0;99.0;6.6;3.3
2023/02/03;1900 UTC;3.6;989.5;990.5;989.5;249.5;24.5;23.1;27.0;24.4;24.7;22.5;93.0;85.0;91.0;132.0;7.2;1.5
2023/02/03;2000 UTC;0.0;989.4;989.5;988.7;419.5;25.7;23.5;25.7;24.3;23.7;22.6;93.0;87.0;88.0;70.0;3.8;0.9
2023/02/03;2100 UTC;0.0;990.1;990.3;989.4;509.5;26.0;23.9;26.2;25.7;24.2;23.0;90.0;84.0;88.0;88.0;2.6;0.9
2023/02/03;2200 UTC;0.0;991.1;991.1;990.0;85.0;24.7;24.2;26.0;24.7;24.6;23.9;99.0;88.0;97.0;102.0;2.2;0.8
2023/02/03;2300 UTC;0.0;991.8;991.8;991.1;;25.0;24.4;25.0;24.5;24.4;24.2;99.0;96.0;96.0;64.0;2.9;1.1
2023/02/04;0000 UTC;0.0;992.7;993.1;991.8;;25.4;23.7;25.5;24.7;24.4;23.7;97.0;90.0;90.0;50.0;5.1;1.9
2023/02/04;0100 UTC;;;;;;;;;;;;;;;;;
2023/02/04;0200 UTC;;;;;;;;;;;;;;;;;
2023/02/04;0300 UTC;0.0;992.9;993.5;992.9;;22.9;22.1;23.3;22.9;22.1;21.9;95.0;92.0;95.0;81.0;2.7;0.7
2023/02/04;0400 UTC;0.0;991.9;992.9;991.8;;23.2;22.4;23.3;22.5;22.8;22.1;99.0;95.0;95.0;244.0;2.0;0.9
2023/02/04;0500 UTC;0.0;992.1;992.3;991.9;;22.7;22.4;23.2;22.3;22.6;22.3;100.0;95.0;98.0;139.0;3.4;1.1
2023/02/04;0600 UTC;0.0;992.2;992.3;992.0;;22.5;22.3;22.8;22.4;22.6;22.2;99.0;98.0;99.0;145.0;2.0;0.7
2023/02/04;0700 UTC;0.0;992.1;992.3;992.1;;22.3;22.3;22.5;22.1;22.4;22.0;100.0;98.0;100.0;297.0;1.8;0.8
2023/02/04;0800 UTC;0.0;992.2;992.2;992.0;;22.1;22.0;22.6;22.1;22.6;22.0;100.0;99.0;99.0;320.0;2.6;1.0
2023/02/04;0900 UTC;0.0;992.8;992.8;992.2;;21.7;21.7;22.2;21.7;22.1;21.7;100.0;99.0;100.0;145.0;1.7;0.4
2023/02/04;1000 UTC;0.0;993.8;993.8;992.8;108.1;22.8;22.8;22.8;21.6;22.8;21.6;100.0;100.0;100.0;146.0;1.0;0.5
2023/02/04;1100 UTC;0.0;994.6;994.6;993.8;465.8;24.5;22.8;24.5;22.8;23.3;22.7;100.0;90.0;90.0;63.0;1.4;0.4
2023/02/04;1200 UTC;0.0;994.9;994.9;994.6;1098.0;26.3;24.0;26.3;24.5;24.0;22.7;92.0;84.0;87.0;164.0;2.1;1.2
2023/02/04;1300 UTC;0.0;995.0;995.1;994.9;2389.0;28.6;23.5;28.9;26.3;24.1;22.3;87.0;70.0;74.0;94.0;3.4;1.6
2023/02/04;1400 UTC;0.0;994.6;995.0;994.6;3062.1;29.6;23.0;29.8;28.5;24.2;22.3;74.0;67.0;68.0;120.0;4.0;1.6
2023/02/04;1500 UTC;0.0;993.9;994.6;993.9;3543.8;30.7;23.9;30.7;29.2;24.4;22.7;72.0;64.0;67.0;74.0;3.6;1.4
2023/02/04;1600 UTC;0.0;992.9;993.9;992.9;2995.1;30.9;22.9;31.8;30.4;24.5;22.8;69.0;61.0;63.0;104.0;3.6;0.9
2023/02/04;1700 UTC;0.0;991.4;992.9;991.4;2832.8;31.8;22.7;32.5;30.8;23.8;22.0;63.0;56.0;59.0;277.0;3.5;1.8
2023/02/04;1800 UTC;0.0;990.1;991.4;990.1;2808.0;32.5;23.9;33.3;31.8;24.1;22.2;62.0;54.0;61.0;282.0;3.8;1.3
2023/02/04;1900 UTC;0.0;990.1;990.2;989.8;1938.5;27.4;22.1;33.3;27.4;24.9;22.1;73.0;54.0;73.0;44.0;9.3;2.9
2023/02/04;2000 UTC;0.0;990.0;990.2;989.7;774.6;27.8;22.4;27.8;26.3;23.0;21.8;79.0;73.0;73.0;99.0;9.3;0.5
2023/02/04;2100 UTC;0.0;991.6;991.6;990.0;444.0;27.0;24.0;27.8;27.0;24.0;22.0;84.0;71.0;84.0;84.0;4.4;1.7
2023/02/04;2200 UTC;0.6;990.7;991.7;990.7;42.2;25.6;24.9;27.0;25.3;25.3;23.9;99.0;84.0;96.0;359.0;3.3;1.2
2023/02/04;2300 UTC;0.0;991.5;991.5;990.4;;25.6;25.1;26.0;25.1;25.1;24.7;99.0;93.0;97.0;272.0;3.2;0.5
2023/02/05;0000 UTC;0.0;992.6;992.7;991.5;;25.3;25.1;25.6;25.0;25.3;24.9;100.0;97.0;99.0;213.0;2.5;0.8
2023/02/05;0100 UTC;;;;;;;;;;;;;;;;;
2023/02/05;0200 UTC;0.0;993.7;993.7;993.3;;24.8;24.3;25.0;24.5;24.8;23.9;99.0;94.0;97.0;280.0;2.0;0.9
2023/02/05;0300 UTC;0.0;993.9;993.9;993.6;;24.5;24.0;24.9;24.1;24.4;23.8;100.0;96.0;97.0;272.0;1.9;0.9
2023/02/05;0400 UTC;0.0;993.4;993.9;993.3;;23.7;23.6;24.6;23.6;24.3;23.6;100.0;96.0;100.0;341.0;1.9;0.9
2023/02/05;0500 UTC;0.0;993.0;993.4;993.0;;23.4;23.4;23.8;23.3;23.7;23.3;100.0;100.0;100.0;184.0;1.5;0.4
2023/02/05;0600 UTC;0.0;992.1;993.0;992.1;;23.7;23.7;23.8;23.4;23.8;23.3;100.0;100.0;100.0;233.0;1.7;0.3
2023/02/05;0700 UTC;0.0;991.4;992.1;991.4;;23.8;23.8;24.0;23.5;23.9;23.5;100.0;99.0;100.0;187.0;2.4;1.3
2023/02/05;0800 UTC;0.0;991.5;991.5;991.3;;23.3;23.2;23.8;23.2;23.8;23.2;100.0;100.0;100.0;121.0;2.4;0.5
2023/02/05;0900 UTC;0.0;992.2;992.2;991.5;;23.2;23.2;23.3;23.1;23.3;23.1;100.0;100.0;100.0;207.0;1.1;0.3
2023/02/05;1000 UTC;0.0;993.3;993.3;992.2;131.2;24.1;24.1;24.1;23.0;24.1;22.9;100.0;100.0;100.0;2.0;1.2;0.4
2023/02/05;1100 UTC;0.0;993.9;993.9;993.3;568.7;26.3;24.6;26.7;24.1;25.3;24.1;100.0;89.0;90.0;94.0;1.0;0.4
2023/02/05;1200 UTC;0.0;994.4;994.5;993.9;1513.0;27.8;24.0;28.5;26.0;25.4;24.0;92.0;79.0;80.0;134.0;3.8;1.7
2023/02/05;1300 UTC;0.0;994.5;994.5;994.2;2449.2;29.9;24.8;30.4;27.8;25.8;24.0;83.0;73.0;74.0;110.0;3.8;1.3
2023/02/05;1400 UTC;0.0;994.1;994.5;994.1;2838.2;30.7;24.3;30.8;29.6;25.4;23.9;75.0;68.0;69.0;153.0;4.1;1.4
2023/02/05;1500 UTC;0.0;993.2;994.1;993.2;2754.4;31.1;24.2;31.6;30.0;24.9;23.4;72.0;63.0;67.0;143.0;5.1;2.1
2023/02/05;1600 UTC;0.0;991.8;993.2;991.8;2735.8;31.7;24.0;32.2;30.7;25.4;23.5;70.0;62.0;64.0;157.0;5.0;1.2
2023/02/05;1700 UTC;0.0;990.5;991.8;990.5;3531.6;32.5;23.4;33.0;31.1;25.0;22.7;66.0;57.0;59.0;165.0;5.4;2.1
2023/02/05;1800 UTC;0.0;989.3;990.5;989.3;3295.5;33.5;22.8;33.6;32.3;24.5;22.7;61.0;53.0;54.0;220.0;4.6;1.0
2023/02/05;1900 UTC;0.0;988.9;989.3;988.4;2751.5;31.7;20.3;33.9;31.7;24.9;20.3;61.0;51.0;51.0;102.0;11.1;2.5
2023/02/05;2000 UTC;0.0;988.1;989.0;987.9;1498.0;29.9;22.8;31.5;27.9;23.4;19.9;70.0;51.0;66.0;130.0;11.1;3.1
2023/02/05;2100 UTC;0.0;988.6;988.6;987.8;897.3;28.7;24.7;30.4;28.7;24.9;22.1;80.0;63.0;79.0;50.0;6.8;1.1
2023/02/05;2200 UTC;0.0;988.9;989.4;988.6;67.6;27.1;24.0;28.7;27.1;24.2;22.9;83.0;72.0;83.0;122.0;4.7;1.4
2023/02/05;2300 UTC;0.0;989.4;989.4;988.9;;25.9;24.1;27.1;25.9;24.4;23.9;90.0;83.0;90.0;107.0;3.0;0.9
2023/02/06;0000 UTC;;;;;;;;;;;;;;;;;
2023/02/06;0100 UTC;;;;;;;;;;;;;;;;;
2023/02/06;0200 UTC;0.0;992.3;992.3;991.2;;24.2;24.1;25.3;24.2;24.5;23.9;99.0;92.0;99.0;69.0;3.7;0.7
2023/02/06;0300 UTC;0.0;992.0;992.3;992.0;;24.0;24.0;24.3;23.9;24.2;23.9;100.0;99.0;100.0;300.0;1.1;0.5
2023/02/06;0400 UTC;0.0;991.4;992.0;991.3;;23.7;23.6;24.1;23.7;24.1;23.6;100.0;100.0;100.0;63.0;1.4;0.6
2023/02/06;0500 UTC;0.0;991.6;991.6;991.4;;23.4;23.2;24.2;23.4;24.1;23.2;100.0;95.0;99.0;149.0;2.4;0.6
2023/02/06;0600 UTC;0.0;991.1;991.6;991.1;;22.9;22.9;23.4;22.9;23.2;22.8;100.0;99.0;100.0;116.0;1.1;0.4
2023/02/06;0700 UTC;0.0;990.5;991.1;990.5;;22.4;22.4;22.9;22.4;22.9;22.4;100.0;100.0;100.0;58.0;1.2;0.8
2023/02/06;0800 UTC;0.0;990.4;990.6;990.4;;22.4;22.4;22.6;22.3;22.6;22.3;100.0;100.0;100.0;197.0;1.8;0.2
2023/02/06;0900 UTC;0.0;990.6;990.6;990.2;;22.2;22.2;22.6;22.1;22.5;22.1;100.0;100.0;100.0;102.0;1.4;0.6
2023/02/06;1000 UTC;0.0;991.5;991.5;990.6;108.5;23.3;23.3;23.3;22.0;23.3;22.0;100.0;100.0;100.0;71.0;1.6;0.8
2023/02/06;1100 UTC;0.0;992.3;992.3;991.5;824.4;26.3;23.1;26.3;23.3;24.1;22.8;100.0;81.0;83.0;108.0;2.0;0.9
2023/02/06;1200 UTC;0.0;992.7;992.7;992.3;1665.3;28.3;22.3;28.6;26.2;23.4;20.9;83.0;64.0;70.0;327.0;2.6;0.9
2023/02/06;1300 UTC;0.0;992.9;993.0;992.7;2427.7;29.9;22.3;30.1;28.3;23.1;21.0;72.0;61.0;64.0;262.0;3.2;1.6
2023/02/06;1400 UTC;0.0;992.8;993.0;992.7;2885.9;30.5;22.3;30.8;29.6;22.5;20.9;64.0;58.0;62.0;261.0;3.2;1.7
2023/02/06;1500 UTC;0.0;992.2;992.8;992.2;3197.6;32.3;24.0;32.6;30.3;24.0;21.4;63.0;57.0;62.0;89.0;3.1;1.2
2023/02/06;1600 UTC;0.0;991.3;992.2;991.3;2274.2;31.1;22.1;32.5;30.9;23.1;21.7;62.0;56.0;59.0;274.0;4.2;1.2
2023/02/06;1700 UTC;0.0;989.8;991.3;989.8;2197.8;31.6;23.2;32.0;29.0;24.6;21.8;71.0;58.0;61.0;174.0;4.0;1.5
2023/02/06;1800 UTC;0.0;988.5;989.8;988.5;2981.3;31.9;21.7;32.4;31.5;23.6;21.3;63.0;54.0;55.0;152.0;3.5;1.7
2023/02/06;1900 UTC;0.0;987.4;988.5;987.4;2233.3;32.1;22.5;32.8;31.8;23.1;21.5;60.0;53.0;57.0;147.0;2.9;1.4
2023/02/06;2000 UTC;0.0;987.0;987.4;986.7;1289.1;32.1;23.5;32.9;31.2;24.9;21.1;70.0;51.0;61.0;133.0;2.8;1.2
2023/02/06;2100 UTC;0.0;987.6;987.6;986.9;882.2;30.3;25.4;32.1;30.3;25.5;22.2;76.0;56.0;75.0;111.0;3.1;1.9
2023/02/06;2200 UTC;0.0;988.5;988.6;987.6;128.6;27.6;26.0;30.3;27.6;26.1;25.3;91.0;75.0;91.0;101.0;2.9;0.8
2023/02/06;2300 UTC;0.0;988.8;988.8;988.3;;26.7;25.2;27.7;26.5;26.1;25.0;95.0;88.0;91.0;98.0;3.0;1.3
2023/02/07;0000 UTC;;;;;;;;;;;;;;;;;
2023/02/07;0100 UTC;0.0;990.3;990.3;989.7;;24.5;23.3;25.6;24.4;24.4;22.9;95.0;86.0;93.0;123.0;2.0;0.3
2023/02/07;0200 UTC;0.0;990.8;991.0;990.3;;23.9;23.3;24.5;23.7;23.9;23.0;98.0;93.0;97.0;81.0;1.3;0.5
2023/02/07;0300 UTC;0.0;990.4;990.8;990.4;;23.1;23.1;23.9;23.1;23.4;23.0;100.0;96.0;100.0;11.0;1.0;0.1
2023/02/07;0400 UTC;0.0;990.0;990.4;990.0;;23.2;23.1;23.3;22.9;23.2;22.9;100.0;99.0;99.0;158.0;1.5;1.2
2023/02/07;0500 UTC;0.0;989.8;990.2;989.8;;23.3;23.3;23.7;23.1;23.5;23.1;100.0;98.0;100.0;288.0;1.7;0.6
2023/02/07;0600 UTC;0.0;989.4;989.8;989.3;;23.1;22.9;23.5;22.9;23.5;22.9;100.0;98.0;98.0;271.0;1.7;0.6
2023/02/07;0700 UTC;0.0;989.3;989.4;989.1;;22.9;22.8;23.1;22.7;23.1;22.7;100.0;99.0;100.0;174.0;1.6;0.7
2023/02/07;0800 UTC;0.0;989.8;989.8;989.3;;22.8;22.8;23.0;22.6;23.0;22.6;100.0;100.0;100.0;251.0;1.5;0.4
2023/02/07;0900 UTC;0.0;990.2;990.3;989.8;;22.8;22.8;23.0;22.5;23.0;22.5;100.0;100.0;100.0;11.0;2.1;1.1
2023/02/07;1000 UTC;0.0;990.9;990.9;990.2;81.7;23.8;23.6;23.9;22.8;23.6;22.8;100.0;97.0;99.0;336.0;2.5;0.5
2023/02/07;1100 UTC;0.0;991.7;991.7;990.9;688.2;26.6;24.2;26.6;23.8;24.5;23.5;100.0;85.0;87.0;360.0;3.2;1.3
2023/02/07;1200 UTC;0.0;992.3;992.3;991.7;1530.0;27.8;23.5;28.2;26.6;24.0;22.9;87.0;76.0;78.0;276.0;3.2;1.1
2023/02/07;1300 UTC;0.0;992.7;992.8;992.3;1778.3;28.8;23.3;28.9;27.8;24.2;23.0;78.0;72.0;72.0;318.0;3.8;1.8
2023/02/07;1400 UTC;0.0;992.2;992.8;992.2;2525.6;30.0;23.3;30.7;28.4;24.5;22.1;75.0;63.0;67.0;236.0;4.0;1.3
2023/02/07;1500 UTC;0.0;991.7;992.2;991.7;2925.0;32.1;24.7;32.1;29.9;24.8;22.7;70.0;63.0;65.0;59.0;3.4;1.0
2023/02/07;1600 UTC;0.0;990.5;991.7;990.5;2177.8;31.0;24.0;32.1;30.4;24.7;23.3;69.0;63.0;66.0;203.0;3.6;1.2
2023/02/07;1700 UTC;0.0;988.9;990.5;988.9;2890.8;31.9;24.0;32.2;30.8;25.2;23.7;68.0;62.0;63.0;181.0;3.3;1.7
2023/02/07;1800 UTC;0.0;987.7;988.8;987.7;2646.7;32.0;24.1;32.7;31.0;24.8;23.3;67.0;59.0;63.0;190.0;4.8;2.1
2023/02/07;1900 UTC;0.0;987.5;987.9;987.5;2197.1;32.5;23.8;33.0;31.6;24.8;22.0;65.0;54.0;61.0;155.0;4.8;2.2
2023/02/07;2000 UTC;0.0;988.6;988.6;987.2;1915.6;27.7;21.5;33.0;27.7;24.3;21.4;69.0;56.0;69.0;70.0;13.3;4.2
2023/02/07;2100 UTC;1.8;988.6;988.9;988.3;587.3;24.9;22.5;27.7;23.9;23.2;21.2;93.0;69.0;86.0;27.0;13.9;1.0
2023/02/07;2200 UTC;0.0;988.5;989.0;988.0;47.2;23.7;22.3;24.9;23.7;23.1;22.2;94.0;86.0;92.0;356.0;3.9;1.0
2023/02/07;2300 UTC;0.0;989.4;989.5;988.5;;23.6;22.6;24.0;23.4;23.1;22.3;95.0;92.0;94.0;284.0;2.6;1.6
2023/02/08;0000 UTC;;;;;;;;;;;;;;;;;
2023/02/08;0100 UTC;0.0;991.0;991.1;990.5;;23.0;23.0;23.0;22.5;23.0;22.5;100.0;100.0;100.0;220.0;1.8;0.7
2023/02/08;0200 UTC;;;;;;;;;;;;;;;;;
2023/02/08;0300 UTC;0.0;991.8;992.2;991.8;;23.3;23.2;23.7;23.3;23.7;23.2;100.0;99.0;100.0;304.0;1.5;0.5
2023/02/08;0400 UTC;0.0;991.2;991.8;991.2;;23.0;23.0;23.5;23.0;23.5;23.0;100.0;99.0;100.0;130.0;1.0;0.4
2023/02/08;0500 UTC;0.2;990.3;991.2;990.3;;22.7;22.6;23.2;22.7;23.2;22.6;100.0;100.0;100.0;46.0;1.3;0.6
2023/02/08;0600 UTC;0.0;990.0;990.4;990.0;;22.3;22.3;22.7;22.3;22.6;22.3;100.0;100.0;100.0;36.0;1.1;0.5
2023/02/08;0700 UTC;0.0;989.6;990.0;989.6;;22.2;22.2;22.4;22.1;22.3;22.1;100.0;100.0;100.0;151.0;0.8;0.2
2023/02/08;0800 UTC;0.0;989.6;989.8;989.6;;22.7;22.7;23.1;21.9;23.1;21.9;100.0;100.0;100.0;348.0;1.9;0.4
2023/02/08;0900 UTC;0.0;989.9;989.9;989.6;;22.4;22.4;22.7;22.3;22.7;22.3;100.0;100.0;100.0;137.0;1.3;0.5
2023/02/08;1000 UTC;0.0;990.5;990.5;989.8;92.9;23.2;23.2;23.2;22.1;23.2;22.1;100.0;100.0;100.0;159.0;1.6;0.6
2023/02/08;1100 UTC;0.0;991.5;991.5;990.5;530.2;24.6;24.0;24.6;23.2;24.3;23.2;100.0;96.0;96.0;64.0;2.0;1.1
2023/02/08;1200 UTC;0.0;992.1;992.1;991.5;1248.8;26.5;24.0;27.0;24.6;24.8;23.6;97.0;85.0;86.0;64.0;2.7;1.2
2023/02/08;1300 UTC;0.0;993.1;993.1;992.1;1515.8;26.2;24.1;27.1;26.0;24.5;23.3;89.0;82.0;89.0;112.0;6.9;3.0
2023/02/08;1400 UTC;0.0;992.6;993.1;992.5;1613.2;26.4;24.0;27.4;25.7;24.2;22.7;89.0;80.0;87.0;123.0;6.4;2.2
2023/02/08;1500 UTC;0.0;991.5;992.6;991.5;1454.3;27.3;23.7;27.5;26.4;24.0;23.2;87.0;79.0;81.0;125.0;3.7;1.3
2023/02/08;1600 UTC;0.0;990.8;991.5;990.8;2301.3;29.0;23.0;29.6;27.3;24.0;21.8;82.0;63.0;70.0;134.0;2.6;0.9
2023/02/08;1700 UTC;0.0;989.4;990.8;989.4;1828.3;29.3;23.5;29.4;28.3;24.3;22.7;76.0;68.0;71.0;168.0;3.3;1.8
2023/02/08;1800 UTC;0.0;987.7;989.4;987.7;3174.2;31.0;23.9;31.2;29.3;24.6;23.2;73.0;64.0;66.0;138.0;3.4;1.9
2023/02/08;1900 UTC;0.0;986.5;987.7;986.5;2580.8;31.5;23.9;31.7;30.6;25.1;23.1;69.0;62.0;64.0;178.0;4.0;1.5
2023/02/08;2000 UTC;0.0;986.0;986.5;986.0;1768.8;31.4;22.9;31.7;31.1;24.3;22.7;66.0;60.0;61.0;158.0;3.6;1.8
2023/02/08;2100 UTC;0.0;986.8;986.8;986.0;710.4;27.9;23.7;31.7;27.9;24.8;22.2;78.0;58.0;78.0;38.0;7.3;1.0
2023/02/08;2200 UTC;0.0;987.5;987.5;986.8;151.6;26.5;24.5;28.3;26.5;24.9;23.2;90.0;74.0;89.0;255.0;2.4;0.3
2023/02/08;2300 UTC;0.0;988.2;988.3;987.5;;25.8;24.7;26.5;25.7;24.9;24.2;94.0;88.0;94.0;46.0;3.2;0.6
2023/02/09;0000 UTC;;;;;;;;;;;;;;;;;
2023/02/09;0100 UTC;0.0;989.8;989.8;989.2;;24.5;24.4;24.9;24.5;24.9;24.4;100.0;100.0;100.0;97.0;1.2;0.3
2023/02/09;0200 UTC;;;;;;;;;;;;;;;;;
2023/02/09;0300 UTC;0.0;991.2;991.7;990.6;;24.5;22.9;25.5;24.2;24.9;22.9;100.0;90.0;90.0;62.0;7.8;2.2
2023/02/09;0400 UTC;0.0;990.4;991.2;990.4;;23.6;22.5;24.5;23.5;23.0;22.4;97.0;90.0;94.0;355.0;5.0;1.1
2023/02/09;0500 UTC;0.0;989.9;990.4;989.9;;23.2;23.0;23.7;23.1;23.1;22.5;99.0;93.0;99.0;196.0;2.1;0.6
2023/02/09;0600 UTC;0.0;989.5;989.9;989.4;;23.3;22.8;23.6;23.2;23.1;22.8;99.0;96.0;97.0;296.0;1.5;0.8
2023/02/09;0700 UTC;0.0;989.2;989.5;989.0;;22.8;22.8;23.5;22.8;23.3;22.8;100.0;97.0;100.0;32.0;1.5;0.4
2023/02/09;0800 UTC;0.0;990.0;990.0;989.2;;23.7;23.6;23.7;22.6;23.7;22.6;100.0;100.0;100.0;2.0;3.0;1.2
2023/02/09;0900 UTC;0.0;990.6;990.6;990.0;;23.7;22.9;23.8;23.5;23.7;22.9;100.0;95.0;95.0;8.0;3.0;1.1
2023/02/09;1000 UTC;0.0;991.3;991.3;990.6;70.4;24.0;23.6;24.0;23.6;23.6;22.9;98.0;95.0;98.0;46.0;3.1;1.4
2023/02/09;1100 UTC;0.0;992.1;992.1;991.3;598.6;25.0;23.8;25.1;24.0;24.2;23.6;98.0;93.0;93.0;348.0;4.9;2.5
2023/02/09;1200 UTC;1.0;993.0;993.0;992.1;620.3;25.0;24.4;25.2;24.7;24.5;23.5;97.0;92.0;96.0;292.0;5.6;1.5
2023/02/09;1300 UTC;0.2;993.3;993.3;992.9;821.9;25.4;24.4;25.5;25.0;24.8;24.1;97.0;93.0;94.0;324.0;3.8;1.9
2023/02/09;1400 UTC;0.0;993.0;993.3;993.0;962.5;26.1;23.8;26.2;25.4;25.0;23.8;96.0;87.0;87.0;271.0;4.0;1.8
2023/02/09;1500 UTC;0.0;992.7;993.0;992.7;2484.8;27.8;23.3;28.5;26.1;25.0;23.2;89.0;73.0;77.0;284.0;4.5;2.3
2023/02/09;1600 UTC;0.0;991.6;992.7;991.6;3495.1;29.2;23.0;30.2;27.8;24.3;22.9;80.0;67.0;69.0;278.0;4.8;2.4
2023/02/09;1700 UTC;0.0;990.4;991.6;990.4;3462.1;30.4;23.0;30.7;29.2;24.1;22.3;71.0;64.0;65.0;292.0;5.2;2.5
2023/02/09;1800 UTC;0.0;989.2;990.4;989.2;3245.9;31.2;23.8;32.3;29.9;24.7;22.6;68.0;61.0;65.0;262.0;5.2;1.9
2023/02/09;1900 UTC;0.0;988.0;989.2;988.0;2153.0;31.1;24.0;31.9;30.9;24.3;22.8;67.0;60.0;66.0;207.0;4.0;1.5
2023/02/09;2000 UTC;0.0;987.2;988.0;987.1;1911.0;31.4;23.2;32.3;30.9;24.2;22.6;66.0;60.0;62.0;146.0;3.5;1.5
2023/02/09;2100 UTC;0.0;987.5;987.6;987.2;799.6;30.7;24.1;31.8;30.7;24.1;22.8;68.0;60.0;68.0;257.0;2.4;1.1
2023/02/09;2200 UTC;0.0;988.3;988.3;987.5;127.4;27.4;25.9;30.7;27.4;26.4;24.0;93.0;68.0;91.0;149.0;2.4;1.0
2023/02/09;2300 UTC;0.0;988.5;988.5;988.2;;25.9;25.3;27.4;25.9;26.2;25.3;97.0;91.0;97.0;144.0;1.4;0.2
2023/02/10;0000 UTC;0.0;989.4;989.4;988.5;;25.3;25.1;25.9;25.3;25.5;25.0;99.0;96.0;99.0;291.0;2.1;0.4
2023/02/10;0100 UTC;;;;;;;;;;;;;;;;;
2023/02/10;0200 UTC;0.0;990.0;990.0;989.7;;24.9;24.9;25.0;24.7;25.0;24.7;100.0;100.0;100.0;138.0;1.4;0.4
2023/02/10;0300 UTC;;;;;;;;;;;;;;;;;
2023/02/10;0400 UTC;0.0;989.7;990.2;989.7;;24.4;24.4;24.9;24.4;24.9;24.4;100.0;100.0;100.0;40.0;1.7;0.4
2023/02/10;0500 UTC;0.0;989.5;989.7;989.4;;23.9;23.9;24.4;23.8;24.3;23.8;100.0;100.0;100.0;14.0;1.0;0.4
2023/02/10;0600 UTC;0.0;989.2;989.5;989.2;;23.6;23.6;24.1;23.6;24.1;23.6;100.0;100.0;100.0;55.0;1.5;0.5
2023/02/10;0700 UTC;0.0;989.2;989.2;989.1;;23.4;23.4;23.7;23.2;23.6;23.2;100.0;100.0;100.0;30.0;0.8;0.2
2023/02/10;0800 UTC;0.0;989.4;989.4;989.2;;23.1;23.1;23.4;23.1;23.3;23.1;100.0;100.0;100.0;194.0;0.6;0.2
2023/02/10;0900 UTC;0.0;989.6;989.6;989.3;;22.8;22.8;23.2;22.8;23.2;22.8;100.0;100.0;100.0;156.0;0.6;0.4
2023/02/10;1000 UTC;0.2;990.4;990.4;989.6;85.9;23.9;23.9;23.9;22.8;23.9;22.9;100.0;100.0;100.0;224.0;0.9;0.4
2023/02/10;1100 UTC;0.0;991.5;991.5;990.4;769.7;27.2;24.5;28.0;23.8;25.2;23.8;100.0;83.0;85.0;256.0;1.1;0.6
2023/02/10;1200 UTC;0.0;991.9;991.9;991.5;1581.3;29.3;24.7;29.6;27.2;25.4;23.9;86.0;75.0;76.0;102.0;2.1;1.0
2023/02/10;1300 UTC;0.0;992.1;992.2;991.9;2074.0;29.8;25.5;30.0;28.8;25.5;24.0;79.0;72.0;78.0;133.0;2.5;0.9
2023/02/10;1400 UTC;0.0;991.7;992.1;991.7;1431.6;30.4;24.6;30.8;29.7;25.6;24.3;78.0;70.0;71.0;241.0;2.9;1.4
2023/02/10;1500 UTC;0.0;991.0;991.7;991.0;1740.7;30.2;24.9;31.7;30.2;25.6;24.2;74.0;66.0;73.0;8.0;3.9;1.4
2023/02/10;1600 UTC;0.0;989.7;991.0;989.7;3555.2;32.3;22.7;33.3;30.2;25.8;22.7;76.0;55.0;57.0;206.0;3.5;1.3
2023/02/10;1700 UTC;0.0;988.6;989.7;988.6;3075.2;33.7;22.9;33.8;32.1;24.1;21.7;59.0;50.0;53.0;155.0;3.9;2.4
2023/02/10;1800 UTC;0.0;987.7;988.6;987.7;2548.8;32.7;22.8;34.4;32.7;23.8;21.1;56.0;48.0;56.0;113.0;3.9;1.1
2023/02/10;1900 UTC;0.0;986.4;987.7;986.4;2214.5;33.7;22.1;34.2;32.2;23.9;21.2;61.0;47.0;51.0;148.0;3.8;1.5
2023/02/10;2000 UTC;0.0;985.9;986.4;985.8;1433.1;33.4;24.4;34.0;32.9;24.4;22.7;60.0;51.0;59.0;220.0;3.8;1.6
2023/02/10;2100 UTC;0.0;985.6;985.9;985.3;871.7;31.8;23.7;33.7;31.8;24.1;22.9;62.0;55.0;62.0;182.0;3.1;1.3
2023/02/10;2200 UTC;0.0;986.3;986.3;985.5;131.8;28.5;22.8;31.7;28.5;25.6;22.6;76.0;62.0;71.0;154.0;6.9;2.4
2023/02/10;2300 UTC;0.0;987.0;987.0;986.2;;26.4;22.9;28.5;26.4;23.1;22.5;81.0;71.0;81.0;158.0;5.3;0.6
2023/02/11;0000 UTC;0.0;988.1;988.1;987.0;;25.1;24.3;26.4;24.8;24.4;22.9;97.0;81.0;96.0;189.0;3.0;0.5
2023/02/11;0100 UTC;;;;;;;;;;;;;;;;;
2023/02/11;0200 UTC;0.0;989.5;989.6;989.0;;24.4;24.2;24.9;24.4;24.5;23.9;99.0;95.0;99.0;166.0;1.0;0.5
2023/02/11;0300 UTC;0.0;989.6;989.7;989.5;;25.1;24.7;25.4;24.3;25.1;24.2;100.0;97.0;98.0;214.0;1.0;0.4
2023/02/11;0400 UTC;0.0;989.2;989.6;989.2;;24.4;24.4;25.1;24.3;24.8;24.3;100.0;98.0;100.0;149.0;1.0;0.6
2023/02/11;0500 UTC;0.0;988.6;989.2;988.6;;24.0;24.0;24.5;23.8;24.5;23.8;100.0;100.0;100.0;251.0;0.8;0.3
2023/02/11;0600 UTC;0.0;988.1;988.6;988.1;;23.9;23.9;24.1;23.7;24.1;23.7;100.0;100.0;100.0;242.0;0.8;0.3
2023/02/11;0700 UTC;0.0;988.2;988.2;988.0;;23.4;23.3;23.9;23.3;23.8;23.3;100.0;100.0;100.0;28.0;0.5;0.1
2023/02/11;0800 UTC;0.0;988.5;988.5;988.2;;23.3;23.3;23.5;23.2;23.4;23.2;100.0;100.0;100.0;243.0;0.6;0.4
2023/02/11;0900 UTC;0.0;988.7;988.7;988.5;;23.0;23.0;23.4;23.0;23.4;23.0;100.0;100.0;100.0;94.0;1.0;0.4
2023/02/11;1000 UTC;0.0;989.4;989.4;988.7;79.8;24.0;24.0;24.0;23.0;24.0;23.0;100.0;100.0;100.0;232.0;0.6;0.2
2023/02/11;1100 UTC;0.0;990.0;990.0;989.4;662.7;27.0;25.5;27.0;24.0;25.5;24.0;100.0;90.0;91.0;195.0;2.0;0.7
2023/02/11;1200 UTC;0.0;990.4;990.4;990.0;1537.2;29.2;24.6;29.6;27.1;25.7;24.4;91.0;75.0;76.0;169.0;4.1;1.9
2023/02/11;1300 UTC;0.0;990.6;990.7;990.4;2392.3;30.5;24.7;30.8;29.2;25.5;24.2;78.0;69.0;71.0;192.0;4.4;2.3
2023/02/11;1400 UTC;0.0;990.3;990.8;990.3;3061.6;31.8;24.7;32.3;30.6;25.4;24.2;72.0;63.0;66.0;180.0;4.7;2.0
2023/02/11;1500 UTC;0.0;989.8;990.3;989.8;3556.2;33.7;24.2;33.7;31.7;24.9;23.2;66.0;55.0;58.0;195.0;4.9;1.4
2023/02/11;1600 UTC;0.0;989.1;989.8;989.1;3534.5;33.7;23.2;34.3;32.8;24.5;22.4;60.0;51.0;54.0;169.0;4.8;1.9
2023/02/11;1700 UTC;0.0;987.8;989.1;987.8;3321.0;34.6;22.6;34.7;33.4;23.8;22.2;56.0;49.0;50.0;230.0;5.2;1.9
2023/02/11;1800 UTC;0.0;986.8;987.8;986.8;2832.7;33.6;22.3;34.9;33.5;23.3;21.0;53.0;46.0;52.0;149.0;4.7;2.2
2023/02/11;1900 UTC;0.0;985.8;986.9;985.8;2643.4;34.8;22.2;35.1;33.5;23.3;21.5;54.0;46.0;48.0;160.0;4.0;1.4
2023/02/11;2000 UTC;0.0;985.3;985.8;985.3;1794.3;34.6;22.2;35.2;34.0;23.2;20.7;52.0;45.0;49.0;165.0;3.4;1.0
2023/02/11;2100 UTC;0.0;984.8;985.3;984.8;884.8;33.3;22.2;34.7;33.3;23.1;21.6;55.0;48.0;52.0;154.0;3.0;1.6
2023/02/11;2200 UTC;0.0;985.8;985.8;984.7;112.6;27.9;25.2;33.4;27.9;26.1;22.2;87.0;52.0;86.0;347.0;2.3;0.6
2023/02/11;2300 UTC;0.0;986.8;986.8;985.8;;26.9;25.9;27.9;26.8;26.0;24.9;94.0;85.0;94.0;280.0;0.9;0.5
2023/02/12;0000 UTC;0.0;987.6;987.7;986.8;;26.5;25.7;27.0;26.4;26.2;25.5;96.0;93.0;96.0;349.0;1.3;0.5
2023/02/12;0100 UTC;0.0;988.5;988.5;987.6;;26.2;25.5;26.6;26.2;25.8;25.3;97.0;93.0;96.0;5.0;1.7;0.5
2023/02/12;0200 UTC;;;;;;;;;;;;;;;;;
2023/02/12;0300 UTC;0.0;988.7;989.0;988.7;;25.4;25.3;25.9;25.2;25.5;25.1;100.0;97.0;99.0;358.0;2.1;1.0
2023/02/12;0400 UTC;0.0;988.3;988.8;988.2;;25.3;25.1;26.2;25.1;25.3;24.8;100.0;94.0;99.0;354.0;2.1;0.9
2023/02/12;0500 UTC;0.0;988.4;988.5;988.3;;25.3;24.4;25.4;25.1;25.2;24.4;99.0;95.0;95.0;343.0;2.1;1.0
2023/02/12;0600 UTC;0.0;988.5;988.6;988.3;;25.1;23.2;25.3;24.9;24.4;23.2;97.0;90.0;90.0;10.0;3.8;1.5
2023/02/12;0700 UTC;0.0;988.4;989.2;988.4;;24.2;21.8;25.2;24.0;23.2;21.2;89.0;81.0;86.0;352.0;6.9;2.1
2023/02/12;0800 UTC;0.0;988.6;988.8;988.4;;23.4;21.4;24.2;23.4;21.8;21.4;89.0;86.0;89.0;329.0;4.5;2.2
2023/02/12;0900 UTC;0.0;989.1;989.1;988.5;;23.1;21.6;23.4;23.1;21.7;21.4;91.0;89.0;91.0;313.0;4.6;1.4
2023/02/12;1000 UTC;0.0;990.2;990.2;989.1;38.1;23.3;22.0;23.3;23.0;22.3;21.6;95.0;91.0;92.0;41.0;2.8;0.8
2023/02/12;1100 UTC;0.0;991.1;991.1;990.2;908.8;25.2;21.8;25.2;23.3;22.4;21.1;94.0;80.0;82.0;353.0;4.2;2.0
2023/02/12;1200 UTC;0.0;991.9;991.9;991.1;1159.3;26.3;22.0;26.6;24.9;23.0;21.6;86.0;77.0;77.0;353.0;6.0;2.4
2023/02/12;1300 UTC;0.0;992.0;992.2;991.8;2316.1;27.3;23.2;27.9;25.9;23.8;22.0;82.0;76.0;78.0;312.0;6.8;2.3
2023/02/12;1400 UTC;0.0;992.2;992.3;992.0;2525.4;28.2;22.6;28.2;27.0;23.9;22.5;80.0;72.0;72.0;349.0;6.8;3.3
2023/02/12;1500 UTC;0.0;991.4;992.2;991.4;3208.8;29.3;22.9;29.6;28.1;23.8;21.6;72.0;66.0;69.0;343.0;7.1;2.9
2023/02/12;1600 UTC;0.0;989.6;991.4;989.6;3767.8;30.9;24.1;31.4;28.7;24.7;22.4;71.0;63.0;67.0;28.0;6.0;2.0
2023/02/12;1700 UTC;0.0;988.6;989.6;988.6;3406.4;31.7;23.2;31.7;30.4;24.1;22.5;67.0;60.0;61.0;2.0;5.6;1.6
2023/02/12;1800 UTC;0.0;987.4;988.6;987.3;3327.8;32.0;23.6;32.6;30.9;24.2;22.4;64.0;56.0;61.0;346.0;5.4;1.8
2023/02/12;1900 UTC;0.0;987.0;987.5;987.0;2213.3;31.9;23.5;32.6;31.4;24.3;22.7;63.0;58.0;61.0;17.0;5.4;0.8
2023/02/12;2000 UTC;0.0;986.4;987.1;986.4;1194.4;31.9;23.6;32.4;31.7;24.1;23.0;63.0;58.0;61.0;158.0;2.3;0.7
2023/02/12;2100 UTC;0.0;986.5;986.5;986.3;510.9;30.2;26.6;32.0;30.2;26.9;23.3;82.0;60.0;81.0;129.0;2.1;0.6
2023/02/12;2200 UTC;0.0;986.6;986.6;986.4;77.3;27.3;26.2;30.2;27.3;26.9;26.1;93.0;80.0;93.0;114.0;1.3;0.4
2023/02/12;2300 UTC;0.0;987.1;987.1;986.4;;26.6;25.8;27.3;26.5;26.3;25.7;97.0;93.0;96.0;96.0;2.2;0.5
2023/02/13;0000 UTC;;;;;;;;;;;;;;;;;
2023/02/13;0100 UTC;0.0;988.5;988.5;987.9;;25.7;25.6;26.0;25.7;25.7;25.5;100.0;98.0;100.0;355.0;1.6;0.3
2023/02/13;0200 UTC;0.0;988.9;988.9;988.5;;25.8;25.8;25.9;25.5;25.9;25.5;100.0;100.0;100.0;266.0;1.0;0.2
2023/02/13;0300 UTC;0.0;989.1;989.2;988.9;;25.1;25.1;25.8;25.0;25.8;25.0;100.0;100.0;100.0;307.0;1.4;0.5
2023/02/13;0400 UTC;0.0;988.8;989.1;988.6;;25.8;24.8;26.0;25.1;25.4;24.6;100.0;92.0;94.0;209.0;2.5;0.8
2023/02/13;0500 UTC;3.2;988.7;989.2;988.3;;23.9;23.5;25.8;23.9;25.1;23.5;100.0;93.0;98.0;137.0;7.6;3.6
2023/02/13;0600 UTC;1.4;988.9;988.9;988.0;;24.0;23.9;24.2;23.5;24.2;23.2;100.0;97.0;99.0;187.0;7.6;1.1
2023/02/13;0700 UTC;0.0;988.6;988.9;988.3;;23.5;23.2;24.0;23.4;23.8;23.1;99.0;97.0;98.0;179.0;3.6;0.9
2023/02/13;0800 UTC;0.0;989.0;989.0;988.6;;23.6;23.0;23.6;23.4;23.4;23.0;99.0;97.0;97.0;218.0;2.0;0.8
2023/02/13;0900 UTC;0.0;989.4;989.4;989.0;;22.8;22.8;23.6;22.7;23.3;22.7;100.0;97.0;100.0;122.0;1.6;0.6
2023/02/13;1000 UTC;0.0;990.0;990.0;989.4;106.8;23.6;23.5;23.6;22.7;23.6;22.6;100.0;100.0;100.0;325.0;1.1;0.3
2023/02/13;1100 UTC;0.0;990.6;990.6;990.0;777.3;25.9;24.3;25.9;23.5;24.6;23.5;100.0;90.0;91.0;184.0;2.2;1.2
2023/02/13;1200 UTC;0.2;991.2;991.2;990.6;1639.0;28.2;25.2;28.2;25.9;26.0;24.3;92.0;81.0;84.0;159.0;4.5;2.4
2023/02/13;1300 UTC;0.0;991.3;991.4;991.1;2407.9;29.8;24.8;30.2;28.2;26.4;24.7;85.0;74.0;75.0;184.0;5.1;2.1
2023/02/13;1400 UTC;0.0;990.9;991.3;990.9;3052.7;30.8;24.9;31.0;29.6;26.0;24.4;80.0;68.0;71.0;146.0;5.4;2.0
2023/02/13;1500 UTC;0.0;990.0;990.9;990.0;3661.1;32.5;24.8;32.7;30.8;25.8;24.1;74.0;63.0;64.0;168.0;5.3;1.7
2023/02/13;1600 UTC;0.0;989.1;990.1;989.1;3279.1;32.6;25.0;33.4;31.3;25.4;23.9;70.0;59.0;65.0;137.0;4.4;1.0
2023/02/13;1700 UTC;0.0;988.2;989.1;988.2;3817.2;33.0;22.8;33.5;32.3;25.3;22.8;65.0;55.0;55.0;141.0;4.5;2.0
2023/02/13;1800 UTC;0.0;987.4;988.2;987.4;3086.3;33.5;23.8;34.2;32.9;25.0;22.8;62.0;54.0;57.0;182.0;4.6;2.5
2023/02/13;1900 UTC;0.0;986.7;987.4;986.7;2429.8;33.7;23.9;34.2;33.1;24.5;22.8;59.0;53.0;56.0;138.0;4.6;1.7
2023/02/13;2000 UTC;0.0;986.4;986.7;986.4;1822.2;33.7;24.3;34.3;33.4;24.6;23.1;59.0;54.0;58.0;158.0;4.2;2.0
2023/02/13;2100 UTC;0.0;986.4;986.4;986.3;1012.1;32.8;23.8;34.0;32.8;24.4;23.3;60.0;55.0;59.0;179.0;3.8;1.6
2023/02/13;2200 UTC;0.0;986.1;986.4;986.1;85.3;28.4;26.5;32.8;28.4;27.4;24.2;90.0;59.0;90.0;124.0;2.4;0.1
2023/02/13;2300 UTC;0.0;986.3;986.3;986.0;;26.8;26.0;28.4;26.8;27.0;26.0;96.0;90.0;95.0;117.0;1.1;0.6
2023/02/14;0000 UTC;;;;;;;;;;;;;;;;;
2023/02/14;0100 UTC;;;;;;;;;;;;;;;;;
2023/02/14;0200 UTC;;;;;;;;;;;;;;;;;
2023/02/14;0300 UTC;;;;;;;;;;;;;;;;;
2023/02/14;0400 UTC;;;;;;;;;;;;;;;;;
2023/02/14;0500 UTC;0.0;987.3;987.4;987.2;;24.6;24.6;25.2;24.6;25.1;24.5;100.0;100.0;100.0;194.0;0.5;0.1
2023/02/14;0600 UTC;0.0;987.4;987.4;987.2;;24.7;24.7;24.7;24.4;24.7;24.4;100.0;100.0;100.0;274.0;0.6;0.3
2023/02/14;0700 UTC;0.0;987.5;987.5;987.4;;24.9;24.8;25.7;24.7;25.4;24.7;100.0;97.0;100.0;248.0;1.1;0.2
2023/02/14;0800 UTC;0.0;988.2;988.2;987.5;;24.6;24.5;25.0;24.5;24.9;24.5;100.0;99.0;100.0;188.0;1.2;0.3
2023/02/14;0900 UTC;0.0;988.6;988.7;988.2;;24.3;24.3;24.7;24.2;24.7;24.2;100.0;100.0;100.0;189.0;1.1;0.5
2023/02/14;1000 UTC;0.0;989.3;989.3;988.6;115.7;25.8;25.3;25.8;24.3;25.3;24.3;100.0;97.0;97.0;157.0;1.3;0.3
2023/02/14;1100 UTC;0.0;989.6;989.6;989.3;770.4;28.5;26.3;28.5;25.8;26.8;25.3;97.0;88.0;88.0;191.0;2.9;1.6
2023/02/14;1200 UTC;0.0;990.0;990.0;989.6;1510.3;30.9;25.0;31.1;28.5;26.4;25.0;88.0;71.0;71.0;136.0;3.5;1.5
2023/02/14;1300 UTC;0.0;990.2;990.3;989.9;2332.2;32.2;24.5;32.3;30.9;26.1;24.3;73.0;63.0;64.0;128.0;3.9;2.1
2023/02/14;1400 UTC;0.0;989.8;990.2;989.8;2772.4;33.1;25.4;33.7;32.0;26.6;24.3;68.0;62.0;64.0;163.0;4.0;2.0
2023/02/14;1500 UTC;0.0;988.9;989.8;988.9;3687.1;33.9;23.0;34.1;32.9;25.8;22.3;65.0;52.0;53.0;154.0;5.3;2.7
2023/02/14;1600 UTC;0.0;988.0;988.9;988.0;3755.4;34.4;23.8;34.8;33.4;24.8;22.8;59.0;53.0;54.0;118.0;4.9;2.2
2023/02/14;1700 UTC;0.0;986.8;988.0;986.8;3469.6;34.8;23.2;35.8;34.3;24.6;22.6;56.0;49.0;51.0;187.0;5.5;2.7
2023/02/14;1800 UTC;0.0;986.4;987.3;986.4;3222.1;35.2;23.0;35.7;34.4;24.5;22.7;54.0;49.0;49.0;171.0;4.7;2.5
2023/02/14;1900 UTC;0.0;987.2;987.4;986.3;1761.8;28.6;23.3;35.5;28.6;24.6;22.9;73.0;49.0;73.0;52.0;10.3;3.9
2023/02/14;2000 UTC;8.8;985.7;987.2;985.7;832.0;27.4;26.0;28.6;25.2;26.2;22.2;96.0;73.0;92.0;39.0;10.3;1.1
2023/02/14;2100 UTC;0.0;985.9;985.9;985.6;558.1;28.1;25.5;28.3;27.4;26.5;25.2;93.0;84.0;86.0;6.0;3.4;0.9
2023/02/14;2200 UTC;0.2;986.0;986.1;985.9;115.0;26.9;25.7;28.1;26.9;26.8;25.3;96.0;86.0;93.0;4.0;2.0;0.8
2023/02/14;2300 UTC;0.0;986.5;986.5;986.0;;26.1;25.1;26.9;26.0;25.8;25.1;99.0;91.0;94.0;309.0;1.9;0.8
2023/02/15;0000 UTC;0.0;987.3;987.3;986.5;;25.4;25.0;26.1;25.2;25.7;25.0;100.0;93.0;97.0;9.0;1.7;0.8
2023/02/15;0100 UTC;0.0;988.2;988.3;987.3;;24.9;24.9;25.5;24.9;25.1;24.9;100.0;97.0;100.0;41.0;1.7;0.7
2023/02/15;0200 UTC;;;;;;;;;;;;;;;;;
2023/02/15;0300 UTC;;;;;;;;;;;;;;;;;
2023/02/15;0400 UTC;0.0;987.9;988.4;987.9;;24.6;24.6;25.2;24.6;24.9;24.6;100.0;97.0;100.0;48.0;2.4;0.3
2023/02/15;0500 UTC;0.0;987.3;987.9;987.2;;24.7;24.7;25.0;24.5;25.0;24.5;100.0;100.0;100.0;200.0;1.0;0.4
2023/02/15;0600 UTC;0.0;987.2;987.3;987.1;;24.9;24.9;25.0;24.4;25.0;24.4;100.0;100.0;100.0;288.0;1.6;0.6
2023/02/15;0700 UTC;0.0;987.8;988.1;987.2;;25.5;24.2;25.5;24.6;25.3;24.2;100.0;93.0;93.0;30.0;6.4;2.2
2023/02/15;0800 UTC;0.6;989.7;989.9;987.7;;22.9;21.6;25.5;22.9;24.2;21.4;93.0;86.0;92.0;51.0;10.1;2.9
2023/02/15;0900 UTC;6.2;989.5;990.4;989.5;;22.8;22.3;23.1;22.4;22.4;21.7;98.0;92.0;97.0;300.0;7.1;0.9
2023/02/15;1000 UTC;0.2;989.7;989.7;989.1;0.4;23.2;22.8;23.2;22.5;23.1;22.3;100.0;96.0;98.0;327.0;3.6;2.2
2023/02/15;1100 UTC;0.4;991.8;991.8;989.7;15.7;22.5;22.2;23.3;22.3;22.8;21.7;99.0;93.0;98.0;143.0;4.0;1.9
2023/02/15;1200 UTC;0.4;992.7;993.0;991.8;74.5;23.0;22.7;23.1;22.5;22.9;22.2;100.0;97.0;98.0;82.0;5.0;1.4
2023/02/15;1300 UTC;0.2;991.3;992.7;991.3;473.1;23.7;22.7;23.8;22.9;23.1;22.3;99.0;92.0;94.0;135.0;3.3;1.3
2023/02/15;1400 UTC;0.0;990.7;991.3;990.6;1026.3;24.8;23.0;24.9;23.7;23.4;22.5;96.0;87.0;89.0;344.0;2.7;1.4
2023/02/15;1500 UTC;0.0;991.4;991.4;990.7;1672.1;26.5;23.6;26.5;24.7;24.0;22.7;92.0;83.0;84.0;56.0;3.8;1.9
2023/02/15;1600 UTC;0.0;989.5;991.4;989.5;2223.1;27.6;23.0;28.1;26.4;24.5;22.7;87.0;74.0;76.0;47.0;4.6;1.5
2023/02/15;1700 UTC;0.0;988.1;989.5;988.1;2841.7;29.6;22.9;29.6;27.5;24.4;22.0;80.0;67.0;68.0;51.0;3.9;0.8
2023/02/15;1800 UTC;0.0;987.6;988.1;987.6;2219.2;28.9;22.8;29.8;28.9;23.4;20.9;71.0;59.0;69.0;52.0;3.9;1.3
2023/02/15;1900 UTC;0.0;987.4;987.7;987.4;1387.7;28.5;22.8;29.1;28.5;23.7;22.0;74.0;67.0;71.0;20.0;3.5;0.8
2023/02/15;2000 UTC;0.0;986.9;987.4;986.9;776.2;28.3;23.4;28.7;28.3;23.8;22.4;78.0;69.0;75.0;9.0;2.0;0.8
2023/02/15;2100 UTC;0.0;986.5;986.9;986.4;591.5;27.2;24.1;28.6;27.2;24.8;23.2;84.0;72.0;83.0;315.0;3.6;1.4
2023/02/15;2200 UTC;0.0;986.7;986.8;986.5;93.3;25.0;24.8;27.2;25.0;24.9;23.9;99.0;83.0;99.0;12.0;2.7;0.3
2023/02/15;2300 UTC;0.0;987.1;987.1;986.7;;24.4;24.4;25.0;24.4;24.8;24.4;100.0;99.0;100.0;207.0;0.8;0.2
2023/02/16;0000 UTC;0.0;988.2;988.2;987.1;;24.0;24.0;24.8;24.0;24.6;24.0;100.0;98.0;100.0;237.0;1.4;0.2
2023/02/16;0100 UTC;0.0;988.4;988.4;988.2;;23.4;23.4;24.0;23.4;24.0;23.4;100.0;99.0;100.0;;1.0;
2023/02/16;0200 UTC;0.0;989.0;989.0;988.4;;23.3;23.3;23.5;23.2;23.5;23.2;100.0;100.0;100.0;214.0;0.8;0.4
2023/02/16;0300 UTC;0.0;989.2;989.3;989.0;;22.9;22.9;23.3;22.9;23.3;22.9;100.0;100.0;100.0;53.0;0.8;0.3
2023/02/16;0400 UTC;0.0;988.6;989.3;988.6;;22.6;22.6;22.9;22.6;22.9;22.5;100.0;100.0;100.0;179.0;1.0;0.5
2023/02/16;0500 UTC;0.0;988.2;988.6;988.2;;22.6;22.5;22.7;22.5;22.7;22.5;100.0;100.0;100.0;67.0;0.8;0.3
2023/02/16;0600 UTC;0.0;987.9;988.2;987.8;;22.6;22.6;22.7;22.4;22.6;22.4;100.0;100.0;100.0;299.0;1.2;0.5
2023/02/16;0700 UTC;0.0;988.0;988.0;987.9;;22.6;22.6;22.9;22.6;22.9;22.6;100.0;100.0;100.0;358.0;1.2;0.6
2023/02/16;0800 UTC;0.2;988.1;988.1;987.8;;22.4;22.4;22.7;22.4;22.7;22.4;100.0;100.0;100.0;360.0;1.2;0.5
2023/02/16;0900 UTC;0.0;988.2;988.2;988.0;;22.5;22.5;22.8;22.4;22.8;22.5;100.0;100.0;100.0;107.0;1.5;0.2
2023/02/16;1000 UTC;0.0;988.5;988.5;988.1;93.0;23.3;23.3;23.3;22.4;23.3;22.4;100.0;100.0;100.0;3.0;0.8;0.3
2023/02/16;1100 UTC;0.0;989.1;989.1;988.5;837.4;26.0;24.7;26.1;23.3;25.3;23.3;100.0;92.0;92.0;306.0;2.6;1.5
2023/02/16;1200 UTC;0.0;989.9;989.9;989.1;1084.5;27.8;24.6;28.0;26.0;25.4;24.5;93.0;82.0;82.0;57.0;2.6;0.7
2023/02/16;1300 UTC;0.0;990.2;990.3;989.8;2205.3;30.1;24.7;30.3;27.7;25.3;23.6;85.0;72.0;73.0;40.0;4.3;1.1
2023/02/16;1400 UTC;0.0;989.7;990.2;989.7;2395.7;30.8;23.1;30.8;29.4;25.0;23.1;75.0;64.0;64.0;297.0;4.2;1.9
2023/02/16;1500 UTC;0.0;988.7;989.7;988.7;2937.0;31.5;24.0;31.7;29.8;24.7;22.9;70.0;63.0;65.0;51.0;4.2;0.9
2023/02/16;1600 UTC;0.0;987.4;988.7;987.4;3695.5;32.7;24.8;32.8;30.8;25.3;22.6;70.0;58.0;63.0;340.0;4.1;1.6
2023/02/16;1700 UTC;0.0;986.2;987.4;986.2;3358.7;32.5;23.6;33.2;31.4;25.3;22.3;65.0;55.0;60.0;19.0;4.5;1.7
2023/02/16;1800 UTC;0.0;985.4;986.2;985.4;3091.8;32.8;25.0;33.6;32.4;25.7;23.3;65.0;56.0;64.0;14.0;4.6;1.2
2023/02/16;1900 UTC;0.0;984.7;985.4;984.7;2125.6;33.0;23.8;33.2;31.3;25.4;23.1;69.0;57.0;59.0;34.0;3.8;1.7
2023/02/16;2000 UTC;0.0;984.1;984.7;984.0;1762.6;30.4;24.5;33.0;30.1;25.1;23.1;74.0;57.0;71.0;53.0;6.2;2.3
2023/02/16;2100 UTC;0.0;984.1;984.1;984.0;1004.4;29.6;23.5;30.5;29.6;24.9;23.0;72.0;65.0;70.0;62.0;6.1;1.9
2023/02/16;2200 UTC;0.0;984.9;984.9;984.1;146.7;27.3;23.0;29.6;27.3;23.9;22.8;77.0;69.0;77.0;37.0;5.5;1.3
2023/02/16;2300 UTC;0.0;985.2;985.2;984.8;;25.7;24.1;27.3;25.7;24.2;23.0;91.0;77.0;91.0;73.0;4.0;1.0
2023/02/17;0000 UTC;0.0;986.3;986.3;985.1;;25.2;24.1;26.0;25.2;24.2;23.9;94.0;89.0;94.0;62.0;2.7;0.9
2023/02/17;0100 UTC;;;;;;;;;;;;;;;;;
2023/02/17;0200 UTC;;;;;;;;;;;;;;;;;
2023/02/17;0300 UTC;0.0;988.5;988.7;988.2;;24.3;23.7;24.9;24.0;24.5;23.6;100.0;94.0;97.0;313.0;4.4;0.4
2023/02/17;0400 UTC;0.0;988.7;988.9;988.5;;23.5;23.5;24.3;23.5;24.0;23.5;100.0;97.0;100.0;25.0;1.2;0.5
2023/02/17;0500 UTC;0.0;988.1;988.7;988.1;;23.5;23.5;23.6;23.4;23.6;23.4;100.0;100.0;100.0;334.0;1.0;0.5
2023/02/17;0600 UTC;0.0;987.5;988.1;987.5;;23.8;23.8;23.9;23.5;23.9;23.5;100.0;100.0;100.0;287.0;1.0;0.2
2023/02/17;0700 UTC;0.0;987.0;987.5;987.0;;23.4;23.4;23.9;23.4;23.9;23.4;100.0;100.0;100.0;111.0;0.8;0.4
2023/02/17;0800 UTC;0.0;987.1;987.1;987.0;;23.5;23.5;23.7;23.1;23.7;23.1;100.0;100.0;100.0;207.0;1.0;0.4
2023/02/17;0900 UTC;0.0;987.5;987.6;987.1;;23.0;23.0;23.5;22.9;23.5;22.9;100.0;100.0;100.0;221.0;1.0;0.3
2023/02/17;1000 UTC;0.0;988.3;988.3;987.5;99.3;23.8;23.8;23.8;22.9;23.8;22.9;100.0;100.0;100.0;340.0;1.2;0.7
2023/02/17;1100 UTC;0.0;989.2;989.2;988.3;667.5;27.0;25.6;27.1;23.8;26.2;24.0;100.0;92.0;92.0;3.0;1.5;0.6
2023/02/17;1200 UTC;0.0;990.0;990.0;989.2;1512.3;28.4;25.2;28.5;27.0;25.7;24.4;92.0;80.0;83.0;16.0;3.9;1.9
2023/02/17;1300 UTC;0.0;990.3;990.3;990.0;2305.9;29.2;24.1;29.7;28.2;25.5;24.1;84.0;73.0;74.0;6.0;4.3;1.9
2023/02/17;1400 UTC;0.0;989.9;990.3;989.9;3063.1;30.9;25.1;30.9;29.3;25.4;24.3;78.0;69.0;71.0;37.0;5.1;1.9
2023/02/17;1500 UTC;0.0;989.2;989.9;989.1;3335.9;30.4;24.0;31.9;30.3;25.5;23.7;72.0;64.0;69.0;9.0;5.5;2.8
2023/02/17;1600 UTC;0.0;988.5;989.2;988.5;1606.6;26.9;22.7;31.6;26.8;25.5;21.9;78.0;63.0;78.0;276.0;7.2;3.7
2023/02/17;1700 UTC;17.0;987.9;988.8;987.9;511.6;24.4;23.2;27.1;24.1;23.9;22.5;98.0;77.0;93.0;140.0;7.9;1.3
2023/02/17;1800 UTC;0.6;986.2;988.1;986.2;413.6;25.6;24.9;25.6;24.2;25.2;23.3;99.0;93.0;96.0;270.0;5.0;0.6
2023/02/17;1900 UTC;0.2;985.4;986.1;985.4;2089.4;28.8;25.4;28.9;25.6;25.6;24.3;97.0;79.0;82.0;306.0;2.8;0.8
2023/02/17;2000 UTC;0.0;985.5;985.6;985.1;1470.8;28.6;24.8;29.8;28.4;25.9;24.2;84.0;74.0;80.0;357.0;3.0;0.9
2023/02/17;2100 UTC;0.0;985.8;985.8;985.4;447.1;28.1;26.3;28.7;28.1;26.3;24.9;90.0;80.0;90.0;142.0;2.0;0.7
2023/02/17;2200 UTC;0.0;986.3;986.3;985.8;58.4;26.4;26.2;28.1;26.3;26.6;25.9;100.0;89.0;99.0;6.0;1.3;0.5
2023/02/17;2300 UTC;0.0;987.3;987.3;986.3;;25.9;25.9;26.9;25.9;26.6;25.9;100.0;97.0;100.0;255.0;1.7;0.4
2023/02/18;0000 UTC;0.0;988.7;988.7;987.3;;25.4;25.4;25.9;25.4;25.9;25.3;100.0;100.0;100.0;316.0;0.9;0.3
2023/02/18;0100 UTC;;;;;;;;;;;;;;;;;
2023/02/18;0200 UTC;;;;;;;;;;;;;;;;;
2023/02/18;0300 UTC;0.0;989.7;990.2;989.7;;26.0;25.8;26.1;25.3;26.1;25.3;100.0;99.0;99.0;125.0;3.2;0.7
2023/02/18;0400 UTC;0.0;989.0;989.7;989.0;;25.5;25.4;26.0;25.3;25.9;25.3;100.0;99.0;100.0;80.0;2.0;0.9
2023/02/18;0500 UTC;0.0;988.3;988.9;988.3;;25.1;25.1;25.5;25.1;25.5;25.1;100.0;99.0;100.0;315.0;2.0;0.6
2023/02/18;0600 UTC;0.0;988.5;988.5;988.3;;25.3;25.3;25.4;25.0;25.4;25.0;100.0;100.0;100.0;278.0;2.8;1.1
2023/02/18;0700 UTC;0.0;988.4;988.5;988.2;;25.6;25.2;25.6;25.3;25.4;25.1;100.0;97.0;98.0;281.0;2.3;0.9
2023/02/18;0800 UTC;0.0;989.1;989.2;988.4;;24.0;22.9;25.6;24.0;25.1;22.9;98.0;92.0;94.0;230.0;6.7;2.1
2023/02/18;0900 UTC;4.8;989.5;989.6;989.0;;22.7;22.7;24.0;22.7;23.0;22.3;100.0;93.0;100.0;180.0;6.4;1.6
2023/02/18;1000 UTC;5.8;990.0;990.0;989.3;3.4;22.6;22.4;22.8;22.6;22.7;22.3;100.0;99.0;99.0;124.0;4.5;1.8
2023/02/18;1100 UTC;4.2;990.6;990.7;989.8;25.6;22.9;22.9;23.0;22.5;22.9;22.3;100.0;99.0;100.0;173.0;3.6;1.0
2023/02/18;1200 UTC;4.2;991.4;991.4;990.6;140.8;23.7;23.5;23.7;22.9;23.6;22.9;100.0;99.0;99.0;119.0;3.4;1.2
2023/02/18;1300 UTC;1.4;991.6;991.6;991.4;718.3;25.0;24.2;25.0;23.7;24.5;23.4;100.0;95.0;96.0;182.0;3.2;2.0
2023/02/18;1400 UTC;0.2;991.6;991.7;991.6;1845.2;26.9;24.6;27.0;25.0;25.0;23.6;98.0;86.0;87.0;94.0;3.8;0.9
2023/02/18;1500 UTC;0.0;991.2;991.6;991.2;3066.5;28.8;23.9;29.4;26.8;25.8;23.4;89.0;71.0;75.0;352.0;3.1;1.2
2023/02/18;1600 UTC;0.0;990.2;991.2;990.2;3320.6;29.4;24.2;30.4;28.8;25.2;22.7;78.0;66.0;74.0;57.0;3.9;1.4
2023/02/18;1700 UTC;0.0;988.8;990.2;988.8;1905.6;28.8;24.8;31.0;28.7;25.8;23.3;80.0;66.0;79.0;60.0;3.4;1.1
2023/02/18;1800 UTC;0.0;987.5;988.8;987.5;1023.8;29.2;24.2;29.2;28.8;25.4;24.0;82.0;75.0;75.0;120.0;1.7;0.9
2023/02/18;1900 UTC;0.0;986.7;987.5;986.7;2131.7;30.3;23.6;30.6;29.2;25.4;23.5;77.0;67.0;67.0;115.0;2.7;1.4
2023/02/18;2000 UTC;0.0;986.3;986.7;986.3;1829.0;30.5;23.1;31.1;30.2;24.9;22.5;73.0;62.0;65.0;109.0;3.3;1.0
2023/02/18;2100 UTC;0.0;986.9;987.0;986.3;955.3;29.8;24.6;30.7;29.8;25.0;22.5;75.0;63.0;74.0;68.0;2.4;1.0
2023/02/18;2200 UTC;0.0;987.6;987.6;986.7;124.4;26.4;25.4;29.8;26.4;25.7;24.2;96.0;73.0;94.0;169.0;1.5;0.4
2023/02/18;2300 UTC;0.0;988.0;988.0;987.6;;25.4;25.3;26.4;25.4;25.7;25.2;100.0;94.0;100.0;218.0;0.9;0.2
2023/02/19;0000 UTC;;;;;;;;;;;;;;;;;
2023/02/19;0100 UTC;;;;;;;;;;;;;;;;;
2023/02/19;0200 UTC;;;;;;;;;;;;;;;;;
2023/02/19;0300 UTC;0.0;989.8;990.4;989.8;;25.0;23.7;25.2;24.8;24.4;23.7;97.0;91.0;92.0;334.0;4.0;2.2
2023/02/19;0400 UTC;0.0;988.8;989.8;988.8;;24.6;23.7;25.1;24.5;23.8;23.6;95.0;92.0;95.0;201.0;4.0;1.3
2023/02/19;0500 UTC;0.0;988.2;988.8;987.7;;24.0;23.9;24.6;24.0;24.0;23.6;99.0;95.0;99.0;39.0;2.5;0.4
2023/02/19;0600 UTC;0.0;988.2;988.3;987.8;;24.1;24.0;24.3;23.9;24.1;23.8;100.0;98.0;100.0;39.0;2.4;0.7
2023/02/19;0700 UTC;3.2;988.4;988.5;988.2;;24.1;23.6;24.3;24.1;24.1;23.6;100.0;96.0;97.0;334.0;5.0;0.6
2023/02/19;0800 UTC;1.0;989.1;989.1;988.4;;23.9;23.7;24.2;23.9;24.1;23.7;100.0;97.0;99.0;341.0;3.1;1.4
2023/02/19;0900 UTC;9.6;990.1;990.1;989.1;;22.1;21.8;23.9;22.1;23.8;21.8;100.0;97.0;99.0;41.0;9.1;3.0
2023/02/19;1000 UTC;5.4;991.3;991.3;990.1;0.0;21.7;21.5;22.1;21.6;21.8;21.4;100.0;98.0;99.0;264.0;7.7;1.2
2023/02/19;1100 UTC;1.6;991.5;991.5;991.3;15.4;21.7;21.6;21.9;21.6;21.8;21.4;100.0;98.0;99.0;280.0;2.5;0.9
2023/02/19;1200 UTC;2.0;991.6;991.6;991.4;111.5;22.0;21.9;22.0;21.6;21.9;21.3;100.0;98.0;100.0;300.0;2.3;1.1
2023/02/19;1300 UTC;0.6;992.0;992.0;991.6;304.0;22.6;22.3;22.6;21.9;22.5;21.8;100.0;98.0;99.0;318.0;2.9;1.7
2023/02/19;1400 UTC;0.4;992.2;992.2;992.0;500.3;23.0;22.7;23.0;22.5;22.7;22.2;99.0;96.0;98.0;327.0;4.0;1.3
2023/02/19;1500 UTC;0.0;991.8;992.2;991.8;924.0;24.4;23.0;24.4;23.0;23.2;22.2;98.0;90.0;92.0;96.0;2.6;0.8
2023/02/19;1600 UTC;0.0;991.3;991.8;991.2;1867.3;25.7;22.9;25.7;24.2;23.6;22.3;95.0;84.0;85.0;88.0;4.2;2.2
2023/02/19;1700 UTC;0.0;990.5;991.3;990.5;2437.6;26.5;22.2;26.7;25.6;23.8;22.2;86.0;76.0;77.0;121.0;6.1;2.7
2023/02/19;1800 UTC;0.0;989.5;990.5;989.5;1723.6;26.5;23.0;26.9;26.1;23.2;21.9;82.0;75.0;81.0;104.0;5.6;1.8
2023/02/19;1900 UTC;0.0;988.0;989.5;988.0;1891.6;27.2;22.8;27.7;26.4;23.5;21.9;82.0;73.0;77.0;22.0;3.7;1.5
2023/02/19;2000 UTC;0.0;987.7;988.0;987.5;1024.3;26.8;23.4;27.5;26.8;23.6;22.4;83.0;74.0;82.0;76.0;3.9;1.2
2023/02/19;2100 UTC;0.0;987.5;987.9;987.5;436.6;26.1;23.1;26.9;26.1;23.8;22.9;86.0;81.0;84.0;49.0;3.9;1.0
2023/02/19;2200 UTC;0.2;987.9;987.9;987.5;76.6;24.8;24.0;26.1;24.7;24.3;23.2;95.0;84.0;95.0;298.0;2.3;0.5
2023/02/19;2300 UTC;0.0;988.5;988.6;987.9;;23.9;23.9;24.8;23.9;24.3;23.9;100.0;95.0;100.0;22.0;1.2;0.2
2023/02/20;0000 UTC;;;;;;;;;;;;;;;;;
2023/02/20;0100 UTC;0.0;990.0;990.0;989.0;;23.8;23.6;23.9;23.6;23.9;23.6;100.0;99.0;99.0;40.0;1.5;0.7
2023/02/20;0200 UTC;0.0;990.7;990.7;990.0;;23.5;23.5;23.8;23.4;23.6;23.4;100.0;99.0;100.0;148.0;1.4;0.5
2023/02/20;0300 UTC;0.0;990.6;991.0;990.6;;23.3;23.3;23.5;23.3;23.5;23.3;100.0;100.0;100.0;175.0;0.8;0.5
2023/02/20;0400 UTC;0.0;989.9;990.6;989.9;;23.3;23.2;23.4;23.1;23.4;23.1;100.0;100.0;100.0;139.0;0.9;0.4
2023/02/20;0500 UTC;0.0;989.4;989.9;989.3;;23.5;23.5;23.6;23.2;23.6;23.2;100.0;100.0;100.0;299.0;1.0;0.6
2023/02/20;0600 UTC;0.0;989.1;989.5;989.1;;23.6;23.6;23.8;23.3;23.8;23.3;100.0;100.0;100.0;263.0;1.1;0.6
2023/02/20;0700 UTC;0.0;989.1;989.3;989.1;;23.5;23.5;23.8;23.3;23.8;23.3;100.0;100.0;100.0;198.0;1.1;0.3
2023/02/20;0800 UTC;0.0;989.3;989.3;989.0;;23.1;23.1;23.5;23.0;23.5;23.0;100.0;100.0;100.0;153.0;0.9;0.3
2023/02/20;0900 UTC;0.0;989.6;989.6;989.3;;23.0;23.0;23.2;22.9;23.2;22.9;100.0;100.0;100.0;154.0;0.7;0.5
2023/02/20;1000 UTC;0.0;990.4;990.4;989.6;61.0;23.8;23.8;23.8;22.7;23.8;22.7;100.0;100.0;100.0;98.0;1.3;0.6
2023/02/20;1100 UTC;0.0;991.2;991.2;990.4;536.0;25.8;24.3;25.8;23.8;25.1;23.8;100.0;91.0;91.0;114.0;3.5;1.7
2023/02/20;1200 UTC;0.0;992.1;992.1;991.2;880.2;26.0;23.9;26.0;25.3;24.5;23.8;93.0;88.0;89.0;111.0;4.4;1.8
2023/02/20;1300 UTC;0.0;992.1;992.3;992.1;1441.1;27.4;23.2;27.4;25.6;24.4;22.5;90.0;76.0;78.0;14.0;5.8;1.2
2023/02/20;1400 UTC;0.0;991.8;992.2;991.8;2526.5;28.1;22.7;28.1;26.6;23.8;22.2;81.0;72.0;73.0;20.0;5.3;1.9
2023/02/20;1500 UTC;0.0;991.6;991.9;991.6;2867.8;28.9;23.2;29.0;28.0;23.8;22.2;77.0;68.0;71.0;355.0;4.4;1.9
2023/02/20;1600 UTC;0.0;990.3;991.6;990.3;3771.5;29.8;22.3;30.4;28.8;24.5;21.5;74.0;61.0;64.0;23.0;4.4;1.8
2023/02/20;1700 UTC;0.0;989.0;990.3;989.0;3511.7;30.4;22.8;31.4;29.8;24.0;21.7;67.0;60.0;64.0;27.0;4.5;1.2
2023/02/20;1800 UTC;0.0;987.8;989.0;987.8;2828.2;30.9;22.3;31.2;30.2;23.7;21.8;66.0;60.0;60.0;283.0;4.4;1.3
2023/02/20;1900 UTC;0.0;987.1;987.8;987.1;1336.7;30.5;23.3;31.0;30.0;24.8;22.4;71.0;60.0;66.0;354.0;3.7;1.4
2023/02/20;2000 UTC;0.0;987.2;987.3;986.8;1257.1;30.4;23.5;31.1;30.3;23.8;22.4;67.0;62.0;67.0;274.0;3.4;1.8
2023/02/20;2100 UTC;0.0;987.5;987.6;987.2;473.5;29.1;24.5;30.5;29.1;24.7;23.3;77.0;66.0;77.0;266.0;3.4;1.1
2023/02/20;2200 UTC;0.0;988.0;988.0;987.5;55.4;27.8;24.8;29.1;27.8;25.5;24.2;87.0;76.0;84.0;243.0;2.1;1.0
2023/02/20;2300 UTC;2.4;989.5;989.7;988.0;;24.9;23.6;27.8;24.9;24.7;23.0;95.0;79.0;93.0;247.0;6.1;2.3
2023/02/21;0000 UTC;;;;;;;;;;;;;;;;;
2023/02/21;0100 UTC;;;;;;;;;;;;;;;;;
2023/02/21;0200 UTC;0.6;992.9;992.9;992.0;;22.2;21.6;22.7;22.2;21.9;21.3;96.0;93.0;96.0;106.0;7.1;1.6
2023/02/21;0300 UTC;;;;;;;;;;;;;;;;;
2023/02/21;0400 UTC;0.4;991.6;992.3;991.6;;22.2;22.1;22.6;22.2;22.5;22.0;99.0;98.0;99.0;262.0;2.1;0.9
2023/02/21;0500 UTC;1.0;990.9;991.6;990.9;;22.4;22.4;22.4;22.2;22.4;22.1;100.0;99.0;100.0;272.0;2.7;1.2
2023/02/21;0600 UTC;0.2;990.4;990.9;990.4;;22.4;22.3;22.4;22.3;22.4;22.2;100.0;99.0;99.0;266.0;4.4;2.3
2023/02/21;0700 UTC;0.2;990.7;990.7;990.4;;22.6;22.5;22.7;22.4;22.6;22.2;100.0;99.0;99.0;207.0;4.4;1.1
2023/02/21;0800 UTC;0.2;991.0;991.0;990.6;;22.7;22.6;22.7;22.6;22.7;22.5;100.0;99.0;100.0;163.0;2.6;1.5
2023/02/21;0900 UTC;0.0;990.9;991.0;990.9;;22.4;22.4;22.7;22.4;22.6;22.4;100.0;99.0;100.0;111.0;2.6;0.6
2023/02/21;1000 UTC;0.0;991.2;991.2;990.9;42.0;23.0;23.0;23.0;22.2;23.0;22.2;100.0;100.0;100.0;138.0;2.5;1.4
2023/02/21;1100 UTC;0.0;991.9;991.9;991.2;333.1;23.7;23.4;23.7;23.0;23.4;22.9;100.0;98.0;98.0;148.0;3.1;1.9
2023/02/21;1200 UTC;0.0;992.8;992.8;991.9;681.2;24.6;23.5;24.7;23.7;23.6;23.0;98.0;92.0;93.0;147.0;3.9;1.8
2023/02/21;1300 UTC;0.0;993.0;993.0;992.7;1274.6;26.3;23.1;26.5;24.7;24.0;23.1;94.0;82.0;82.0;170.0;3.1;1.3
2023/02/21;1400 UTC;0.0;992.8;993.1;992.8;2625.6;28.4;22.6;28.6;26.2;24.6;22.6;87.0;70.0;70.0;108.0;4.2;2.3
2023/02/21;1500 UTC;0.0;992.3;992.8;992.3;3460.5;29.2;23.3;29.6;28.3;24.1;22.4;76.0;68.0;71.0;141.0;4.7;2.0
2023/02/21;1600 UTC;0.0;991.4;992.3;991.4;3292.9;30.2;24.0;30.2;28.8;24.8;21.5;74.0;62.0;70.0;94.0;4.1;1.6
2023/02/21;1700 UTC;0.0;990.6;991.4;990.6;3682.0;30.2;22.4;30.3;29.2;24.4;21.5;72.0;61.0;63.0;138.0;5.1;1.8
2023/02/21;1800 UTC;0.0;989.4;990.6;989.4;3404.7;31.0;22.1;31.2;30.0;23.3;21.2;65.0;57.0;59.0;105.0;4.5;1.8
2023/02/21;1900 UTC;0.0;988.3;989.4;988.3;2536.7;31.8;22.7;31.8;30.9;23.3;21.2;63.0;56.0;59.0;303.0;4.1;0.9
2023/02/21;2000 UTC;0.0;988.2;988.3;987.6;1488.0;29.4;22.6;32.1;29.4;23.4;21.3;67.0;55.0;67.0;121.0;5.5;2.7
2023/02/21;2100 UTC;0.0;988.7;988.7;988.1;528.3;27.4;23.1;29.4;27.4;23.7;22.4;78.0;67.0;78.0;158.0;5.5;1.5
2023/02/21;2200 UTC;0.0;989.6;989.6;988.7;81.7;25.4;24.3;27.4;25.4;24.7;23.0;94.0;77.0;93.0;24.0;2.7;0.8
2023/02/21;2300 UTC;0.0;990.1;990.1;989.6;;25.3;24.6;26.5;25.3;24.6;23.8;96.0;86.0;96.0;171.0;2.6;1.1
2023/02/22;0000 UTC;;;;;;;;;;;;;;;;;
2023/02/22;0100 UTC;;;;;;;;;;;;;;;;;
2023/02/22;0200 UTC;;;;;;;;;;;;;;;;;
2023/02/22;0300 UTC;0.0;992.9;992.9;992.5;;24.6;24.5;24.9;24.5;24.7;24.1;100.0;97.0;100.0;55.0;1.8;0.5
2023/02/22;0400 UTC;4.4;992.5;992.9;992.5;;24.5;24.3;24.9;24.5;24.8;24.2;100.0;98.0;98.0;170.0;3.6;2.1
2023/02/22;0500 UTC;0.6;991.8;992.5;991.8;;24.1;23.6;24.5;24.1;24.3;23.5;99.0;96.0;97.0;193.0;3.6;1.3
2023/02/22;0600 UTC;0.0;991.0;991.8;991.0;;24.1;24.1;24.2;23.9;24.2;23.6;100.0;97.0;100.0;238.0;3.1;0.8
2023/02/22;0700 UTC;0.0;991.2;991.2;990.9;;24.3;24.2;24.3;24.1;24.3;24.1;100.0;99.0;99.0;238.0;4.1;0.7
2023/02/22;0800 UTC;0.0;991.6;991.7;991.2;;24.1;24.0;24.3;24.1;24.2;23.9;100.0;99.0;100.0;242.0;2.0;0.7
2023/02/22;0900 UTC;0.0;992.1;992.1;991.6;;24.0;24.0;24.1;24.0;24.1;24.0;100.0;100.0;100.0;201.0;2.1;1.0
2023/02/22;1000 UTC;0.0;993.4;993.4;992.1;59.4;24.2;23.6;24.2;23.9;24.1;23.5;100.0;96.0;97.0;145.0;3.8;1.8
2023/02/22;1100 UTC;0.0;994.6;994.6;993.4;367.7;24.5;23.2;24.6;24.2;23.8;23.1;97.0;92.0;93.0;150.0;5.1;2.8
2023/02/22;1200 UTC;0.0;996.2;996.2;994.6;318.5;21.6;20.9;24.7;21.6;23.7;20.8;96.0;89.0;96.0;92.0;10.5;4.1
2023/02/22;1300 UTC;1.8;995.9;996.2;995.9;284.7;21.3;21.0;21.6;21.3;21.2;20.4;98.0;95.0;98.0;135.0;8.8;2.4
2023/02/22;1400 UTC;2.8;995.5;996.0;995.4;432.7;22.3;22.1;22.3;21.3;22.1;20.8;99.0;97.0;98.0;122.0;4.4;1.6
2023/02/22;1500 UTC;0.4;995.6;995.6;995.5;996.1;23.3;22.2;23.4;22.3;23.2;21.6;99.0;93.0;94.0;148.0;4.5;2.5
2023/02/22;1600 UTC;0.0;994.4;995.6;994.4;1979.9;24.4;22.2;24.7;23.3;23.1;21.4;97.0;84.0;88.0;148.0;5.2;2.4
2023/02/22;1700 UTC;0.0;993.5;994.4;993.5;1379.3;25.1;22.8;25.3;24.4;23.3;21.4;90.0;83.0;87.0;79.0;4.4;1.1
2023/02/22;1800 UTC;0.0;992.5;993.5;992.5;1251.8;25.7;23.7;25.9;25.0;23.8;22.5;89.0;83.0;89.0;116.0;2.8;1.6
2023/02/22;1900 UTC;0.0;991.4;992.5;991.4;1460.8;26.1;23.3;26.3;25.6;23.9;22.6;89.0;80.0;84.0;145.0;3.8;2.2
2023/02/22;2000 UTC;0.0;990.9;991.4;990.8;1166.2;26.5;23.2;26.6;26.1;23.7;22.6;86.0;80.0;82.0;154.0;3.5;1.5
2023/02/22;2100 UTC;0.0;990.8;990.9;990.7;562.7;26.0;23.3;26.6;26.0;23.7;22.9;87.0;81.0;85.0;186.0;2.5;1.3
2023/02/22;2200 UTC;0.0;992.2;992.2;990.8;56.0;24.6;24.5;26.0;24.6;24.5;23.2;99.0;85.0;99.0;50.0;2.5;0.5
2023/02/22;2300 UTC;0.0;992.8;992.8;992.2;;24.8;24.6;24.9;24.4;24.6;24.3;100.0;98.0;99.0;308.0;1.4;0.4
2023/02/23;0000 UTC;;;;;;;;;;;;;;;;;
2023/02/23;0100 UTC;0.0;993.2;993.3;993.1;;24.1;24.1;24.5;24.0;24.5;24.0;100.0;100.0;100.0;166.0;1.5;0.7
2023/02/23;0200 UTC;;;;;;;;;;;;;;;;;
2023/02/23;0300 UTC;0.0;993.6;993.9;993.6;;24.2;24.2;24.4;23.8;24.4;23.8;100.0;100.0;100.0;270.0;1.3;0.7
2023/02/23;0400 UTC;0.0;993.4;993.7;993.4;;24.0;24.0;24.2;23.9;24.2;23.7;100.0;98.0;100.0;299.0;2.2;0.8
2023/02/23;0500 UTC;0.0;992.7;993.4;992.6;;24.2;24.1;24.2;24.0;24.1;24.0;100.0;99.0;99.0;259.0;2.3;1.0
2023/02/23;0600 UTC;0.0;992.5;992.8;992.5;;23.6;23.6;24.2;23.5;24.1;23.5;100.0;99.0;100.0;15.0;2.3;0.4
2023/02/23;0700 UTC;0.0;992.7;992.7;992.3;;23.3;23.3;23.8;23.3;23.7;23.3;100.0;100.0;100.0;341.0;2.5;0.5
2023/02/23;0800 UTC;0.2;992.8;992.8;992.6;;23.1;23.1;23.4;23.1;23.4;23.1;100.0;100.0;100.0;130.0;1.1;0.4
2023/02/23;0900 UTC;0.0;993.1;993.1;992.8;;22.9;22.9;23.2;22.9;23.2;22.9;100.0;100.0;100.0;116.0;0.7;0.4
2023/02/23;1000 UTC;0.0;993.6;993.6;993.1;85.9;24.1;24.1;24.1;22.9;24.1;22.9;100.0;100.0;100.0;75.0;1.2;0.5
2023/02/23;1100 UTC;0.0;994.4;994.4;993.6;635.7;26.4;25.3;26.4;24.1;25.3;24.2;100.0;92.0;94.0;51.0;1.6;0.6
2023/02/23;1200 UTC;0.0;995.2;995.2;994.4;1326.3;27.8;24.6;28.1;26.1;25.3;24.0;94.0;80.0;83.0;211.0;2.1;0.9
2023/02/23;1300 UTC;0.0;995.5;995.6;995.2;2380.0;29.4;24.4;29.4;27.6;24.9;23.4;83.0;73.0;75.0;138.0;4.7;2.4
2023/02/23;1400 UTC;0.0;995.1;995.5;995.1;2600.4;29.9;23.1;30.0;28.8;24.4;22.3;75.0;65.0;67.0;146.0;5.9;1.7
2023/02/23;1500 UTC;0.0;994.2;995.1;994.2;3795.1;31.4;23.8;31.4;29.9;24.7;22.2;70.0;61.0;64.0;162.0;5.9;2.6
2023/02/23;1600 UTC;0.0;993.2;994.2;993.2;3341.8;31.8;24.2;32.2;30.4;25.2;22.8;70.0;61.0;65.0;158.0;5.9;1.1
2023/02/23;1700 UTC;0.0;991.9;993.2;991.9;3110.6;32.2;24.0;32.2;30.8;25.1;22.3;70.0;58.0;62.0;161.0;4.8;2.0
2023/02/23;1800 UTC;0.0;990.5;991.9;990.5;2602.1;31.9;23.0;32.5;30.9;24.2;22.2;67.0;56.0;59.0;172.0;4.8;1.6
2023/02/23;1900 UTC;0.0;989.4;990.5;989.4;2588.0;32.7;22.9;32.7;31.8;24.2;22.2;62.0;56.0;56.0;132.0;4.6;1.4
2023/02/23;2000 UTC;0.0;989.7;989.7;988.7;1779.6;32.5;22.8;33.4;32.5;24.0;22.3;60.0;53.0;57.0;262.0;4.3;1.8
2023/02/23;2100 UTC;7.8;991.9;992.4;989.7;222.9;22.0;21.9;32.6;21.9;24.1;20.6;100.0;56.0;100.0;63.0;14.8;2.2
2023/02/23;2200 UTC;4.0;992.3;992.4;991.6;0.3;22.6;22.2;22.7;22.0;22.7;22.0;100.0;98.0;98.0;237.0;5.4;1.7
2023/02/23;2300 UTC;1.6;992.7;992.8;992.2;;23.1;22.7;23.1;22.6;22.9;22.0;99.0;95.0;98.0;246.0;4.0;1.6
2023/02/24;0000 UTC;2.2;992.1;992.8;992.1;;23.2;22.7;23.2;23.1;22.9;22.3;99.0;95.0;97.0;184.0;4.1;1.0
2023/02/24;0100 UTC;0.8;991.7;992.2;991.7;;23.9;23.4;23.9;22.9;23.4;22.6;99.0;97.0;97.0;163.0;4.3;1.5
2023/02/24;0200 UTC;0.2;992.6;992.6;991.4;;23.7;23.6;23.9;23.4;23.6;23.3;100.0;97.0;99.0;102.0;4.3;2.1
2023/02/24;0300 UTC;0.0;991.9;992.9;991.9;;23.9;23.9;23.9;23.7;23.9;23.5;100.0;99.0;100.0;211.0;4.3;0.6
2023/02/24;0400 UTC;0.0;991.7;992.1;991.6;;23.6;23.6;23.9;23.5;23.8;23.5;100.0;100.0;100.0;118.0;3.6;0.9
2023/02/24;0500 UTC;0.0;991.6;992.1;991.6;;23.3;23.3;23.6;23.2;23.6;23.2;100.0;100.0;100.0;103.0;1.5;0.5
2023/02/24;0600 UTC;0.0;990.9;991.6;990.9;;23.4;23.4;23.7;23.2;23.7;23.2;100.0;100.0;100.0;335.0;3.2;1.0
2023/02/24;0700 UTC;0.2;991.7;991.7;990.9;;23.1;23.1;23.4;23.1;23.4;23.1;100.0;100.0;100.0;83.0;2.6;0.5
2023/02/24;0800 UTC;0.0;992.3;992.3;991.7;;23.1;23.1;23.4;23.0;23.4;23.0;100.0;100.0;100.0;355.0;1.8;0.4
2023/02/24;0900 UTC;0.0;992.8;992.8;992.3;;23.2;23.1;23.3;23.0;23.3;23.0;100.0;100.0;100.0;198.0;1.1;0.3
2023/02/24;1000 UTC;0.0;993.0;993.1;992.8;23.3;23.4;23.4;23.5;23.2;23.4;23.1;100.0;100.0;100.0;135.0;1.5;0.7
2023/02/24;1100 UTC;0.0;993.4;993.7;993.0;431.8;24.6;24.2;24.7;23.4;24.5;23.4;100.0;97.0;97.0;274.0;1.9;1.0
2023/02/24;1200 UTC;0.0;993.4;993.7;993.4;877.3;26.2;23.8;26.2;24.6;24.6;23.7;98.0;86.0;87.0;51.0;2.1;0.8
2023/02/24;1300 UTC;0.0;993.3;993.4;993.2;1347.7;27.7;23.5;27.7;26.1;23.9;21.9;87.0;75.0;78.0;92.0;2.3;0.8
2023/02/24;1400 UTC;0.0;992.8;993.3;992.8;3089.6;29.9;23.5;29.9;27.4;23.9;22.0;79.0;65.0;68.0;93.0;3.4;1.1
2023/02/24;1500 UTC;0.0;992.2;992.8;992.2;2991.7;30.0;22.3;30.7;29.1;23.8;21.6;73.0;61.0;63.0;130.0;3.4;1.2
2023/02/24;1600 UTC;0.0;991.4;992.2;991.4;3078.2;30.3;23.1;31.3;30.0;25.0;21.4;70.0;59.0;66.0;129.0;4.1;2.1
2023/02/24;1700 UTC;0.0;990.3;991.4;990.3;2755.9;30.7;24.1;31.5;30.2;24.7;22.9;71.0;61.0;68.0;133.0;4.6;2.1
2023/02/24;1800 UTC;0.0;989.5;990.3;989.5;3203.3;31.3;24.1;31.9;30.7;25.5;23.2;72.0;62.0;66.0;162.0;4.7;2.3
2023/02/24;1900 UTC;0.0;988.3;989.5;988.3;2555.0;31.4;24.0;31.8;31.0;25.4;23.3;69.0;61.0;65.0;146.0;4.6;1.5
2023/02/24;2000 UTC;0.0;987.3;988.3;987.3;1649.0;31.5;23.3;32.1;31.4;24.7;23.2;67.0;61.0;62.0;26.0;3.3;0.8
2023/02/24;2100 UTC;0.0;986.9;987.3;986.8;795.0;30.6;24.0;31.7;30.6;24.7;23.0;70.0;61.0;68.0;158.0;2.6;1.5
2023/02/24;2200 UTC;0.0;987.8;987.8;986.9;109.6;26.9;26.2;30.6;26.9;26.4;23.9;96.0;67.0;96.0;156.0;2.4;0.5
2023/02/24;2300 UTC;0.0;988.6;988.6;987.8;;25.8;25.6;26.9;25.8;26.1;25.6;99.0;94.0;99.0;164.0;0.9;0.2
2023/02/25;0000 UTC;0.0;989.1;989.1;988.6;;25.4;25.4;25.8;25.4;25.7;25.2;100.0;99.0;100.0;207.0;0.7;0.3
2023/02/25;0100 UTC;0.0;989.7;989.7;989.1;;26.0;25.5;26.1;25.1;25.9;25.1;100.0;97.0;97.0;269.0;2.0;1.2
2023/02/25;0200 UTC;;;;;;;;;;;;;;;;;
2023/02/25;0300 UTC;0.0;990.9;990.9;990.6;;24.5;24.5;25.2;24.5;25.2;24.4;100.0;100.0;100.0;252.0;0.9;0.2
2023/02/25;0400 UTC;0.0;990.9;991.1;990.8;;24.5;24.5;24.6;24.4;24.6;24.4;100.0;100.0;100.0;246.0;0.5;0.3
2023/02/25;0500 UTC;0.0;990.3;990.9;990.3;;25.4;25.4;25.4;24.5;25.4;24.5;100.0;100.0;100.0;164.0;1.7;0.8
2023/02/25;0600 UTC;0.0;989.8;990.3;989.8;;24.8;24.8;25.5;24.8;25.5;24.8;100.0;99.0;100.0;136.0;1.7;0.5
2023/02/25;0700 UTC;0.0;989.5;989.9;989.5;;25.1;25.1;25.1;24.8;25.1;24.7;100.0;100.0;100.0;180.0;1.5;0.5
2023/02/25;0800 UTC;0.0;989.8;989.8;989.4;;25.9;25.2;25.9;25.0;25.7;25.0;100.0;96.0;96.0;103.0;2.8;1.4
2023/02/25;0900 UTC;0.0;990.1;990.1;989.7;;25.2;25.0;25.9;25.2;25.2;24.8;99.0;95.0;99.0;128.0;2.8;0.7
2023/02/25;1000 UTC;0.0;991.8;991.8;990.1;37.3;24.5;21.9;25.2;24.5;25.1;21.9;100.0;86.0;86.0;36.0;7.8;2.9
2023/02/25;1100 UTC;0.0;992.7;992.7;991.8;382.1;24.2;22.5;24.4;23.5;22.5;21.6;91.0;86.0;90.0;358.0;7.1;2.1
2023/02/25;1200 UTC;0.0;993.2;993.2;992.7;858.9;25.2;22.0;25.2;24.0;22.3;21.5;90.0;80.0;82.0;11.0;4.5;1.1
2023/02/25;1300 UTC;0.0;993.0;993.3;992.9;1609.2;26.2;20.8;27.0;25.3;22.3;20.8;83.0;71.0;72.0;309.0;4.7;2.4
2023/02/25;1400 UTC;0.0;992.7;993.0;992.7;2540.4;29.0;21.5;29.0;26.2;22.1;20.7;75.0;63.0;64.0;159.0;4.0;0.9
2023/02/25;1500 UTC;0.0;991.6;992.7;991.6;3615.2;30.3;22.4;30.8;28.7;23.3;20.6;67.0;59.0;62.0;169.0;3.5;1.0
2023/02/25;1600 UTC;0.0;990.5;991.7;990.5;3571.0;31.2;23.0;32.1;30.2;24.9;21.7;68.0;57.0;62.0;110.0;3.4;1.5
2023/02/25;1700 UTC;0.0;989.2;990.5;989.2;2447.1;31.0;22.1;31.5;30.8;23.6;21.9;66.0;59.0;59.0;128.0;4.5;1.6
2023/02/25;1800 UTC;0.0;988.4;989.2;988.4;2310.6;31.1;23.4;31.4;30.9;23.4;21.6;64.0;56.0;64.0;100.0;3.3;1.2
2023/02/25;1900 UTC;0.0;988.1;988.7;988.1;1076.1;30.1;24.1;31.1;30.1;24.5;22.5;72.0;61.0;70.0;115.0;2.7;1.2
2023/02/25;2000 UTC;0.0;988.3;988.4;987.8;689.5;30.0;24.4;30.1;29.8;25.5;23.9;78.0;70.0;72.0;145.0;2.3;1.2
2023/02/25;2100 UTC;0.0;987.7;988.5;987.7;477.5;29.6;25.7;30.2;29.5;26.1;24.1;81.0;71.0;80.0;280.0;4.5;2.7
2023/02/25;2200 UTC;0.0;989.3;989.3;987.6;114.2;26.7;25.9;29.7;26.7;26.0;24.8;95.0;76.0;95.0;83.0;4.6;1.3
2023/02/25;2300 UTC;0.0;990.4;990.4;989.3;;25.4;21.8;27.6;25.4;25.9;21.6;95.0;73.0;81.0;49.0;7.1;1.2
2023/02/26;0000 UTC;0.0;991.1;991.1;990.2;;24.0;22.4;25.4;24.0;22.6;21.7;92.0;80.0;91.0;109.0;3.3;1.3
2023/02/26;0100 UTC;;;;;;;;;;;;;;;;;
2023/02/26;0200 UTC;;;;;;;;;;;;;;;;;
2023/02/26;0300 UTC;0.0;991.9;992.2;991.8;;23.0;23.0;23.6;23.0;23.6;23.0;100.0;99.0;100.0;107.0;1.2;0.5
2023/02/26;0400 UTC;0.0;991.6;991.9;991.5;;23.0;23.0;23.3;22.9;23.3;22.9;100.0;100.0;100.0;182.0;1.7;0.4
2023/02/26;0500 UTC;0.0;992.0;992.0;991.6;;23.0;23.0;23.3;22.9;23.3;22.9;100.0;100.0;100.0;320.0;1.8;0.6
2023/02/26;0600 UTC;0.0;991.3;992.1;991.3;;22.8;22.8;23.0;22.6;23.0;22.6;100.0;100.0;100.0;150.0;1.6;0.4
2023/02/26;0700 UTC;0.0;990.8;991.3;990.7;;22.3;22.3;22.8;22.2;22.8;22.2;100.0;100.0;100.0;132.0;1.1;0.6
2023/02/26;0800 UTC;0.0;991.5;991.5;990.6;;22.5;22.3;22.7;22.1;22.7;22.1;100.0;99.0;99.0;232.0;2.1;0.6
2023/02/26;0900 UTC;0.0;991.7;991.7;991.4;;21.9;21.9;22.7;21.8;22.5;21.8;100.0;98.0;100.0;320.0;1.6;0.5
2023/02/26;1000 UTC;0.0;992.9;992.9;991.7;53.4;22.6;22.5;22.6;21.8;22.5;21.8;100.0;100.0;100.0;56.0;1.6;0.5
2023/02/26;1100 UTC;0.0;993.6;993.6;992.9;534.5;25.9;24.1;25.9;22.6;24.2;22.6;100.0;89.0;90.0;66.0;1.8;0.7
2023/02/26;1200 UTC;0.0;993.9;993.9;993.5;1610.6;28.0;22.6;28.0;25.8;23.9;22.5;89.0;73.0;73.0;264.0;3.2;1.5
2023/02/26;1300 UTC;0.0;994.1;994.2;993.8;1976.2;29.5;23.4;29.5;27.7;23.7;21.8;76.0;66.0;70.0;246.0;4.1;1.4
2023/02/26;1400 UTC;0.0;993.8;994.1;993.8;3041.6;29.9;22.9;30.8;28.9;24.2;22.3;71.0;63.0;66.0;143.0;3.4;1.5
2023/02/26;1500 UTC;0.0;993.1;993.8;993.1;2123.7;31.5;23.4;31.5;29.7;24.1;22.2;69.0;60.0;62.0;279.0;2.8;1.1
2023/02/26;1600 UTC;0.0;992.0;993.1;992.0;2682.9;31.2;22.7;31.8;30.3;23.9;21.9;67.0;58.0;61.0;120.0;4.9;1.9
2023/02/26;1700 UTC;0.0;990.9;992.0;990.9;2684.2;32.2;24.4;32.2;30.9;24.4;22.4;66.0;59.0;64.0;133.0;4.0;1.5
2023/02/26;1800 UTC;0.0;989.7;990.9;989.7;1755.6;31.6;24.4;32.2;30.3;25.5;22.7;74.0;60.0;66.0;40.0;4.0;1.3
2023/02/26;1900 UTC;0.0;989.8;989.9;989.5;1302.8;30.9;24.1;32.1;30.9;25.3;23.2;72.0;63.0;67.0;84.0;2.7;0.7
2023/02/26;2000 UTC;0.0;989.5;989.9;989.5;330.5;27.3;24.2;30.9;26.8;25.4;24.2;89.0;67.0;83.0;212.0;6.2;0.9
2023/02/26;2100 UTC;0.0;989.8;989.8;989.4;425.7;27.5;25.0;27.5;27.0;25.2;24.4;88.0;83.0;86.0;111.0;3.3;0.7
2023/02/26;2200 UTC;0.0;990.0;990.0;989.6;153.7;26.3;25.7;27.9;26.3;26.0;24.6;97.0;83.0;97.0;143.0;1.4;0.4
2023/02/26;2300 UTC;0.0;990.2;990.6;989.9;;25.4;25.1;26.3;25.3;25.8;25.0;99.0;95.0;98.0;345.0;1.3;0.8
2023/02/27;0000 UTC;0.0;991.0;991.0;990.2;;25.5;25.3;25.7;25.2;25.6;24.9;100.0;98.0;99.0;1.0;1.5;0.3
2023/02/27;0100 UTC;0.0;992.8;992.8;991.0;;24.9;23.1;26.3;24.9;25.9;23.1;100.0;88.0;90.0;17.0;6.2;2.1
2023/02/27;0200 UTC;0.0;993.0;993.1;992.7;;24.3;21.9;24.9;24.3;23.1;21.9;90.0;86.0;87.0;358.0;5.1;1.4
2023/02/27;0300 UTC;0.0;992.4;993.0;992.4;;23.7;22.2;24.3;23.7;22.2;21.7;91.0;86.0;91.0;352.0;3.2;0.9
2023/02/27;0400 UTC;0.0;991.8;992.4;991.8;;23.3;22.5;23.7;23.0;22.7;22.2;98.0;91.0;96.0;338.0;1.9;0.6
2023/02/27;0500 UTC;0.0;991.4;991.8;991.4;;23.0;22.4;23.5;22.9;22.7;22.2;97.0;93.0;96.0;355.0;2.3;0.9
2023/02/27;0600 UTC;0.0;991.0;991.4;990.9;;22.9;22.5;23.1;22.6;22.6;22.2;99.0;96.0;98.0;311.0;2.6;1.0
2023/02/27;0700 UTC;0.0;990.9;991.0;990.8;;22.3;22.1;23.0;22.3;22.5;22.1;99.0;96.0;98.0;276.0;2.6;0.7
2023/02/27;0800 UTC;0.0;991.7;991.7;990.9;;21.8;21.8;22.3;21.8;22.3;21.8;100.0;98.0;100.0;73.0;1.5;0.4
2023/02/27;0900 UTC;0.0;992.2;992.2;991.7;;21.8;21.8;21.9;21.8;21.9;21.7;100.0;100.0;100.0;65.0;1.0;0.2
2023/02/27;1000 UTC;0.0;992.7;992.7;992.2;69.2;22.5;22.5;22.5;21.8;22.5;21.7;100.0;100.0;100.0;202.0;1.0;0.2
2023/02/27;1100 UTC;0.0;993.4;993.4;992.7;493.0;25.5;22.5;25.5;22.5;23.5;22.2;100.0;83.0;84.0;79.0;1.0;0.4
2023/02/27;1200 UTC;0.0;994.0;994.0;993.4;1299.3;27.4;22.3;27.4;25.5;23.3;21.7;85.0;74.0;74.0;73.0;2.1;1.0
2023/02/27;1300 UTC;0.0;994.0;994.1;993.9;2226.7;28.9;23.8;28.9;27.3;23.8;22.3;78.0;69.0;74.0;34.0;3.7;1.6
2023/02/27;1400 UTC;0.0;994.1;994.1;993.9;2930.9;30.6;23.9;30.7;28.7;24.9;22.8;74.0;67.0;67.0;349.0;4.6;1.9
2023/02/27;1500 UTC;0.0;993.7;994.1;993.7;2753.8;30.3;24.1;31.0;30.0;25.1;23.1;73.0;65.0;69.0;357.0;4.9;1.5
2023/02/27;1600 UTC;0.0;991.9;993.7;991.9;3550.0;31.9;24.1;32.5;30.2;25.0;23.2;70.0;61.0;63.0;174.0;3.9;1.1
2023/02/27;1700 UTC;0.0;990.8;991.9;990.8;3178.7;32.1;24.6;33.4;31.6;25.5;23.4;70.0;59.0;65.0;30.0;5.0;1.4
2023/02/27;1800 UTC;0.0;991.5;991.6;990.7;804.1;26.5;22.1;32.7;26.5;26.1;21.9;82.0;60.0;77.0;122.0;15.4;4.1
2023/02/27;1900 UTC;3.2;990.3;991.7;990.1;36.5;24.2;23.4;26.5;23.7;23.6;21.9;98.0;77.0;96.0;294.0;15.4;2.2
2023/02/27;2000 UTC;0.0;991.2;991.2;989.9;46.5;24.0;23.1;24.2;23.6;23.8;22.9;100.0;94.0;95.0;121.0;5.2;2.3
2023/02/27;2100 UTC;0.2;991.0;991.7;991.0;63.7;23.5;23.3;24.0;23.4;23.3;22.8;99.0;93.0;99.0;11.0;6.2;1.1
2023/02/27;2200 UTC;0.0;990.9;991.1;990.5;19.9;23.8;23.5;24.0;23.5;23.8;23.3;100.0;98.0;98.0;126.0;4.8;1.7
2023/02/27;2300 UTC;0.0;991.6;991.6;990.6;;23.5;23.5;23.9;23.3;23.6;23.3;100.0;97.0;100.0;27.0;3.7;0.9
2023/02/28;0000 UTC;0.0;991.8;991.9;991.6;;23.5;23.4;23.8;23.5;23.8;23.4;100.0;99.0;99.0;134.0;1.8;0.7
2023/02/28;0100 UTC;0.0;991.9;991.9;991.7;;23.6;23.6;23.7;23.0;23.7;23.0;100.0;99.0;100.0;214.0;1.5;0.8
2023/02/28;0200 UTC;0.0;992.1;992.2;991.9;;23.6;23.6;23.6;23.2;23.6;23.2;100.0;100.0;100.0;176.0;1.7;1.1
2023/02/28;0300 UTC;0.0;992.2;992.4;992.1;;23.5;23.5;23.7;23.3;23.7;23.2;100.0;100.0;100.0;123.0;2.2;0.6
2023/02/28;0400 UTC;0.0;992.0;992.4;992.0;;23.3;23.3;23.5;22.8;23.4;22.8;100.0;100.0;100.0;2.0;1.3;0.8
2023/02/28;0500 UTC;0.0;992.3;992.4;991.9;;22.9;22.8;23.3;22.7;23.3;22.7;100.0;100.0;100.0;63.0;2.2;1.1
2023/02/28;0600 UTC;0.0;991.7;992.3;991.7;;23.2;23.2;23.3;22.9;23.3;22.9;100.0;100.0;100.0;64.0;2.2;0.5
2023/02/28;0700 UTC;0.2;992.0;992.0;991.7;;23.1;23.1;23.4;22.9;23.3;22.9;100.0;100.0;100.0;210.0;2.2;0.9
2023/02/28;0800 UTC;0.0;992.2;992.3;991.9;;23.3;23.3;23.4;23.1;23.4;23.1;100.0;100.0;100.0;243.0;2.2;0.8
2023/02/28;0900 UTC;0.0;992.3;992.3;992.0;;23.4;23.4;23.5;23.3;23.5;23.2;100.0;100.0;100.0;336.0;1.9;0.9
2023/02/28;1000 UTC;0.0;993.0;993.0;992.3;50.2;23.8;23.8;23.8;23.4;23.8;23.4;100.0;100.0;100.0;141.0;1.9;0.8
2023/02/28;1100 UTC;0.0;993.6;993.7;992.9;274.0;24.3;24.2;24.3;23.8;24.3;23.8;100.0;100.0;100.0;197.0;2.1;1.1
2023/02/28;1200 UTC;0.0;995.6;995.6;993.5;151.3;24.8;24.4;24.8;24.2;24.5;24.1;100.0;98.0;98.0;147.0;4.4;1.9
2023/02/28;1300 UTC;0.0;995.1;995.9;995.0;103.0;23.5;22.9;24.8;23.5;24.5;22.9;98.0;95.0;97.0;212.0;6.3;1.4
2023/02/28;1400 UTC;0.0;994.8;995.2;994.8;288.0;23.7;22.8;23.7;23.2;23.1;22.2;98.0;94.0;95.0;250.0;3.6;1.3
2023/02/28;1500 UTC;0.0;994.1;994.8;994.1;1031.9;25.1;22.7;25.1;23.7;23.5;22.5;95.0;87.0;87.0;273.0;3.4;1.3
2023/02/28;1600 UTC;0.0;993.5;994.1;993.4;2250.3;27.9;24.1;27.9;25.0;24.3;22.5;89.0;77.0;80.0;163.0;2.4;0.7
2023/02/28;1700 UTC;0.0;992.2;993.5;992.2;3087.3;29.2;24.2;29.3;27.9;24.9;23.4;81.0;71.0;75.0;224.0;3.3;1.0
2023/02/28;1800 UTC;0.2;993.2;993.2;992.2;1186.8;24.9;22.0;29.6;24.9;24.9;21.8;84.0;72.0;84.0;136.0;11.5;5.8
2023/02/28;1900 UTC;13.6;992.7;993.3;992.5;257.5;22.8;22.5;24.9;22.7;22.6;22.0;99.0;84.0;98.0;84.0;11.5;2.2
2023/02/28;2000 UTC;0.2;991.5;992.9;991.5;196.0;22.6;22.4;22.8;22.3;22.6;22.1;99.0;96.0;99.0;36.0;7.4;0.6
2023/02/28;2100 UTC;0.2;991.3;991.6;991.1;165.7;22.8;22.4;23.1;22.6;22.5;21.7;99.0;92.0;98.0;85.0;3.0;0.7
2023/02/28;2200 UTC;0.0;991.6;991.6;991.2;48.5;22.5;22.2;22.9;22.3;22.5;21.9;99.0;95.0;99.0;97.0;2.7;0.5
2023/02/28;2300 UTC;0.0;992.4;992.4;991.6;;22.6;22.4;22.7;22.3;22.5;22.2;100.0;98.0;98.0;123.0;2.2;0.7
2023/03/01;0000 UTC;0.0;993.0;993.0;992.3;;22.7;22.6;23.0;22.6;22.6;22.3;99.0;97.0;99.0;172.0;2.0;0.9
2023/03/01;0100 UTC;0.2;993.4;993.5;992.9;;22.1;22.1;22.8;22.1;22.7;22.1;100.0;99.0;100.0;344.0;2.7;0.9
2023/03/01;0200 UTC;0.0;993.5;993.6;993.2;;22.1;22.1;22.3;22.0;22.3;22.0;100.0;100.0;100.0;336.0;1.9;0.3
2023/03/01;0300 UTC;0.0;994.2;994.2;993.1;;22.1;22.1;22.3;21.6;22.3;21.6;100.0;100.0;100.0;6.0;2.1;1.0
2023/03/01;0400 UTC;0.0;993.2;994.3;993.2;;22.3;22.3;22.6;22.0;22.6;22.0;100.0;100.0;100.0;149.0;1.9;1.4
2023/03/01;0500 UTC;0.0;992.1;993.2;992.1;;22.1;22.0;22.4;22.0;22.4;22.0;100.0;100.0;100.0;151.0;1.9;0.6
2023/03/01;0600 UTC;0.0;991.8;992.1;991.8;;22.1;22.1;22.4;22.0;22.4;22.0;100.0;100.0;100.0;327.0;1.4;0.8
2023/03/01;0700 UTC;0.0;991.6;991.8;991.6;;22.0;22.0;22.4;22.0;22.4;22.0;100.0;100.0;100.0;158.0;2.0;0.5
2023/03/01;0800 UTC;0.0;992.0;992.1;991.6;;21.9;21.9;22.2;21.7;22.2;21.7;100.0;100.0;100.0;168.0;1.2;0.7
2023/03/01;0900 UTC;0.0;992.3;992.3;992.0;;21.6;21.6;21.9;21.6;21.9;21.6;100.0;100.0;100.0;96.0;1.3;0.4
2023/03/01;1000 UTC;0.0;992.7;992.7;992.3;92.5;22.6;22.6;22.6;21.4;22.6;21.4;100.0;100.0;100.0;128.0;1.5;0.7
2023/03/01;1100 UTC;0.0;993.3;993.3;992.7;703.7;24.4;23.6;24.5;22.6;24.1;22.7;100.0;94.0;96.0;130.0;3.2;1.0
2023/03/01;1200 UTC;0.0;994.2;994.2;993.3;866.1;24.9;23.5;25.1;24.3;24.1;23.0;97.0;89.0;92.0;116.0;2.8;1.6
2023/03/01;1300 UTC;0.0;994.5;994.5;994.2;1223.8;25.9;23.9;26.2;24.9;24.3;23.3;92.0;88.0;89.0;130.0;2.9;1.3
2023/03/01;1400 UTC;0.0;994.1;994.5;994.1;3073.4;29.2;25.1;29.2;25.9;25.2;23.1;92.0;73.0;79.0;126.0;3.0;0.8
2023/03/01;1500 UTC;0.0;993.4;994.1;993.4;3595.3;30.0;23.6;30.4;28.7;25.7;23.5;80.0;69.0;69.0;159.0;5.3;1.3
2023/03/01;1600 UTC;0.0;992.1;993.4;992.1;3732.0;31.5;24.0;31.5;30.0;25.1;22.0;74.0;58.0;65.0;93.0;3.8;0.9
2023/03/01;1700 UTC;0.0;990.9;992.1;990.9;3472.1;32.2;24.2;32.2;31.2;25.0;23.0;68.0;59.0;63.0;209.0;4.8;1.0
2023/03/01;1800 UTC;0.0;989.6;990.9;989.6;2848.1;32.1;23.9;32.7;31.6;24.9;22.7;68.0;56.0;62.0;193.0;3.2;1.5
2023/03/01;1900 UTC;0.0;988.9;989.6;988.9;2114.0;32.6;23.4;33.1;31.7;24.4;22.8;64.0;55.0;58.0;254.0;4.1;0.9
2023/03/01;2000 UTC;0.0;988.3;988.9;988.2;1518.4;32.4;23.0;32.7;32.0;24.2;22.2;62.0;55.0;58.0;72.0;3.4;0.9
2023/03/01;2100 UTC;0.0;988.4;988.5;988.3;480.0;28.9;25.6;32.6;28.9;26.0;22.5;83.0;56.0;82.0;180.0;2.0;0.8
2023/03/01;2200 UTC;0.0;989.3;989.6;988.4;33.0;24.3;20.7;28.9;24.3;26.3;20.2;92.0;68.0;81.0;341.0;8.9;2.2
2023/03/01;2300 UTC;0.0;989.5;989.5;989.1;;23.3;22.4;24.3;23.3;22.5;20.8;95.0;80.0;95.0;8.0;5.2;0.7
2023/03/02;0000 UTC;0.0;990.2;990.2;989.5;;23.0;22.6;23.4;23.0;23.0;22.4;99.0;95.0;97.0;115.0;1.2;0.4
2023/03/02;0100 UTC;0.0;991.1;991.1;990.2;;23.1;23.0;23.1;22.8;23.0;22.5;100.0;97.0;100.0;228.0;1.0;0.1
2023/03/02;0200 UTC;0.0;991.5;991.5;991.1;;23.5;23.5;23.5;23.0;23.5;23.0;100.0;100.0;100.0;154.0;0.7;0.3
2023/03/02;0300 UTC;;;;;;;;;;;;;;;;;
2023/03/02;0400 UTC;0.0;990.5;991.2;990.5;;23.8;23.8;23.8;23.6;23.8;23.5;100.0;100.0;100.0;175.0;0.8;0.4
2023/03/02;0500 UTC;0.0;989.9;990.5;989.9;;23.2;23.2;23.8;23.2;23.8;23.2;100.0;100.0;100.0;306.0;0.6;0.4
2023/03/02;0600 UTC;0.0;989.6;989.9;989.6;;23.4;23.4;23.4;23.2;23.4;23.2;100.0;100.0;100.0;146.0;0.7;0.5
2023/03/02;0700 UTC;0.0;989.8;989.8;989.6;;23.5;23.5;23.8;23.3;23.7;23.3;100.0;100.0;100.0;159.0;1.6;0.5
2023/03/02;0800 UTC;0.0;990.3;990.4;989.8;;24.2;23.9;24.3;23.5;24.3;23.6;100.0;99.0;99.0;160.0;1.9;0.6
2023/03/02;0900 UTC;1.0;990.6;990.7;990.3;;24.0;23.1;24.9;23.9;24.5;23.1;100.0;95.0;95.0;119.0;7.0;2.4
2023/03/02;1000 UTC;0.0;991.1;991.4;990.5;10.9;22.9;21.3;24.1;22.9;23.2;21.2;95.0;88.0;91.0;131.0;8.7;2.6
2023/03/02;1100 UTC;0.0;991.8;991.8;991.1;158.5;23.0;21.8;23.1;22.7;22.1;21.1;95.0;89.0;93.0;358.0;4.9;1.0
2023/03/02;1200 UTC;0.0;992.7;992.7;991.8;1415.6;27.4;22.7;27.5;23.1;23.1;21.5;93.0;75.0;76.0;88.0;2.3;1.0
2023/03/02;1300 UTC;0.0;993.0;993.1;992.7;2278.0;28.7;23.6;29.1;26.9;23.9;22.2;80.0;71.0;74.0;48.0;3.4;1.0
2023/03/02;1400 UTC;0.0;992.4;993.0;992.4;2966.6;30.3;24.8;30.3;28.7;24.9;23.0;77.0;69.0;73.0;139.0;3.9;1.1
2023/03/02;1500 UTC;0.0;991.4;992.4;991.4;3605.9;31.8;25.2;31.8;29.8;25.2;23.4;73.0;63.0;68.0;131.0;4.0;1.1
2023/03/02;1600 UTC;0.0;990.2;991.4;990.2;3745.2;31.9;24.4;31.9;30.9;25.2;23.4;70.0;61.0;65.0;175.0;6.1;1.3
2023/03/02;1700 UTC;0.0;988.7;990.2;988.7;3738.3;32.0;24.0;32.5;31.4;25.8;23.3;69.0;60.0;63.0;139.0;4.4;1.7
2023/03/02;1800 UTC;0.0;987.7;988.7;987.6;3070.0;32.9;23.7;33.1;32.0;24.8;22.9;65.0;57.0;59.0;126.0;5.0;0.9
2023/03/02;1900 UTC;0.0;988.8;988.8;987.6;1511.8;25.6;21.8;33.1;25.5;24.4;21.3;80.0;56.0;80.0;60.0;13.2;3.1
2023/03/02;2000 UTC;0.0;988.5;988.9;988.2;399.0;25.7;22.5;26.0;25.6;22.7;21.7;83.0;78.0;83.0;155.0;8.2;1.4
2023/03/02;2100 UTC;0.0;987.3;988.5;987.3;364.5;26.0;22.5;26.1;25.4;23.1;21.6;86.0;77.0;81.0;293.0;4.0;1.6
2023/03/02;2200 UTC;0.0;987.3;987.3;986.8;60.9;24.6;23.1;26.0;24.6;23.1;22.4;91.0;81.0;91.0;308.0;3.2;0.7
2023/03/02;2300 UTC;0.0;988.0;988.0;987.3;;24.0;23.4;24.9;23.8;23.6;23.1;98.0;90.0;97.0;302.0;2.0;0.5
2023/03/03;0000 UTC;;;;;;;;;;;;;;;;;
2023/03/03;0100 UTC;0.0;989.3;989.3;988.9;;23.3;23.2;23.8;23.3;23.4;23.1;100.0;97.0;100.0;151.0;1.6;0.4
2023/03/03;0200 UTC;0.0;990.4;990.4;989.3;;23.1;23.1;23.3;23.0;23.3;23.0;100.0;100.0;100.0;163.0;1.6;0.4
2023/03/03;0300 UTC;0.0;990.6;990.6;990.3;;23.3;23.3;23.3;23.1;23.3;23.1;100.0;100.0;100.0;62.0;1.1;0.6
2023/03/03;0400 UTC;0.0;989.9;990.7;989.9;;23.6;23.6;23.8;23.1;23.7;23.1;100.0;100.0;100.0;298.0;2.2;1.0
2023/03/03;0500 UTC;0.0;989.2;989.9;989.2;;23.3;23.2;24.0;23.3;23.9;23.1;100.0;98.0;100.0;93.0;2.2;0.4
2023/03/03;0600 UTC;0.0;988.4;989.6;988.4;;23.4;23.4;24.1;23.1;24.1;23.1;100.0;99.0;100.0;310.0;4.2;0.3
2023/03/03;0700 UTC;0.0;988.5;988.5;988.2;;23.8;23.7;24.1;23.2;24.0;23.2;100.0;97.0;99.0;26.0;2.3;1.0
2023/03/03;0800 UTC;19.4;990.6;990.7;988.5;0.6;21.5;21.5;24.5;21.5;24.2;21.5;100.0;94.0;100.0;92.0;9.1;2.5
2023/03/03;0900 UTC;20.6;991.2;991.2;990.6;;21.5;21.5;21.6;21.1;21.6;21.1;100.0;100.0;100.0;111.0;8.4;3.3
2023/03/03;1000 UTC;3.2;992.2;992.2;991.2;;22.1;22.0;22.2;21.5;22.0;21.3;100.0;98.0;100.0;113.0;7.2;2.4
2023/03/03;1100 UTC;5.4;992.5;992.5;992.0;12.4;22.3;22.3;22.3;22.0;22.3;22.0;100.0;100.0;100.0;326.0;4.7;1.6
2023/03/03;1200 UTC;2.2;993.1;993.1;992.5;66.8;22.2;22.0;22.4;22.1;22.4;21.9;100.0;99.0;99.0;295.0;3.6;2.1
2023/03/03;1300 UTC;0.8;993.5;993.5;993.1;224.6;22.5;22.2;22.5;22.2;22.3;21.8;99.0;96.0;98.0;301.0;4.0;1.3
2023/03/03;1400 UTC;0.2;992.7;993.6;992.7;587.0;23.2;22.6;23.2;22.5;22.9;21.9;98.0;96.0;96.0;311.0;4.2;2.2
2023/03/03;1500 UTC;0.0;992.2;992.7;991.9;1149.1;24.9;22.3;24.9;23.2;23.3;22.3;97.0;86.0;86.0;35.0;4.8;1.1
2023/03/03;1600 UTC;0.0;991.5;992.3;991.5;1657.7;25.9;23.2;25.9;24.9;23.4;22.3;90.0;84.0;85.0;134.0;5.2;2.6
2023/03/03;1700 UTC;0.0;990.6;991.5;990.6;1629.8;25.8;22.9;26.1;25.2;23.5;22.2;88.0;80.0;84.0;164.0;8.0;3.0
2023/03/03;1800 UTC;0.0;989.8;990.6;989.8;1571.9;27.3;23.3;27.3;25.8;23.3;22.2;84.0;76.0;79.0;137.0;5.6;1.7
2023/03/03;1900 UTC;0.0;989.1;989.8;989.1;1307.9;27.3;22.4;27.5;26.8;23.5;22.3;81.0;74.0;75.0;113.0;6.2;1.3
2023/03/03;2000 UTC;0.0;989.3;989.3;989.0;961.5;26.7;23.9;27.8;26.7;23.9;21.8;85.0;71.0;84.0;75.0;3.1;0.7
2023/03/03;2100 UTC;0.0;989.0;989.3;989.0;304.6;26.2;24.2;26.7;26.2;24.6;23.2;91.0;82.0;88.0;112.0;2.5;1.2
2023/03/03;2200 UTC;0.0;988.5;989.1;988.2;38.9;24.7;24.3;26.2;24.7;24.3;23.6;98.0;86.0;98.0;117.0;3.0;0.5
2023/03/03;2300 UTC;0.0;988.9;988.9;988.3;;24.0;23.8;25.0;24.0;24.6;23.7;100.0;95.0;99.0;102.0;2.6;0.7
2023/03/04;0000 UTC;0.0;989.8;989.8;988.9;;23.3;23.3;24.1;23.3;24.0;23.3;100.0;99.0;100.0;139.0;1.3;0.5
2023/03/04;0100 UTC;;990.2;990.2;989.7;;23.9;23.7;24.1;23.2;24.0;23.2;100.0;97.0;99.0;;;0.9
2023/03/04;0200 UTC;0.0;990.7;990.8;990.2;;23.5;23.5;24.1;23.2;23.7;23.2;100.0;97.0;100.0;285.0;2.5;1.0
2023/03/04;0300 UTC;0.0;990.2;990.7;990.2;;22.6;22.6;23.5;22.6;23.5;22.6;100.0;100.0;100.0;347.0;1.9;0.7
2023/03/04;0400 UTC;0.0;989.6;990.2;989.5;;22.7;22.7;22.9;22.4;22.9;22.4;100.0;100.0;100.0;177.0;1.9;1.1
2023/03/04;0500 UTC;0.0;989.7;989.7;989.4;;23.0;23.0;23.2;22.7;23.2;22.7;100.0;100.0;100.0;3.0;3.4;1.3
2023/03/04;0600 UTC;0.0;989.5;989.9;989.4;;22.8;22.8;23.0;22.7;23.0;22.7;100.0;100.0;100.0;150.0;2.8;0.7
2023/03/04;0700 UTC;0.2;989.4;989.5;989.4;;22.7;22.7;22.8;22.5;22.8;22.5;100.0;100.0;100.0;219.0;1.3;0.3
2023/03/04;0800 UTC;0.0;989.6;989.6;989.4;;22.9;22.9;23.0;22.7;23.0;22.7;100.0;100.0;100.0;273.0;1.1;0.7
2023/03/04;0900 UTC;0.0;989.9;989.9;989.6;;22.7;22.6;22.9;22.4;22.9;22.4;100.0;100.0;100.0;287.0;1.0;0.4
2023/03/04;1000 UTC;0.0;990.5;990.5;989.9;68.1;23.0;23.0;23.0;22.4;23.0;22.3;100.0;100.0;100.0;285.0;1.0;0.4
2023/03/04;1100 UTC;0.0;991.4;991.4;990.5;698.7;25.7;24.1;25.7;23.0;24.9;23.1;100.0;90.0;91.0;161.0;2.0;1.1
2023/03/04;1200 UTC;0.0;992.2;992.2;991.4;1284.6;27.3;24.5;27.5;25.6;25.1;23.7;92.0;84.0;85.0;168.0;3.5;1.4
2023/03/04;1300 UTC;0.0;992.6;992.6;992.3;1342.3;27.7;24.2;27.8;27.0;25.1;24.1;88.0;81.0;81.0;194.0;3.9;1.9
2023/03/04;1400 UTC;0.0;992.6;992.6;992.5;2186.1;28.9;24.2;29.4;27.6;25.4;24.0;84.0;75.0;76.0;168.0;5.1;3.1
2023/03/04;1500 UTC;0.0;992.0;992.6;992.0;2547.7;29.7;25.1;29.8;28.8;25.5;23.9;81.0;73.0;76.0;189.0;5.4;1.8
2023/03/04;1600 UTC;0.0;991.1;992.0;991.1;3102.8;30.4;24.0;30.8;29.4;26.1;24.0;79.0;67.0;69.0;158.0;4.0;2.1
2023/03/04;1700 UTC;0.0;989.9;991.1;989.9;2673.3;30.9;24.2;32.2;30.3;25.9;22.6;73.0;59.0;68.0;205.0;4.0;1.9
2023/03/04;1800 UTC;0.0;989.1;989.9;989.0;793.3;30.0;25.0;31.3;30.0;25.1;23.5;75.0;64.0;75.0;174.0;4.1;1.7
2023/03/04;1900 UTC;0.0;988.5;989.3;988.4;747.5;26.9;22.5;30.0;26.4;25.0;22.1;82.0;73.0;77.0;80.0;10.1;1.5
2023/03/04;2000 UTC;0.0;988.5;988.6;988.2;1252.9;27.9;22.3;28.2;26.8;23.6;21.7;80.0;68.0;72.0;92.0;3.6;1.4
2023/03/04;2100 UTC;0.0;989.6;989.6;988.5;578.6;25.4;22.0;28.2;25.4;22.7;21.5;82.0;68.0;82.0;49.0;4.5;1.4
2023/03/04;2200 UTC;0.0;990.0;990.1;989.6;26.0;24.2;23.2;25.4;24.2;23.3;22.1;94.0;82.0;94.0;27.0;4.5;0.8
2023/03/04;2300 UTC;0.0;989.9;990.0;989.9;;24.1;23.6;24.5;23.9;23.7;23.1;98.0;93.0;97.0;283.0;1.8;0.5
2023/03/05;0000 UTC;0.0;990.6;990.6;989.9;;23.4;23.4;24.1;23.4;23.9;23.3;100.0;97.0;100.0;216.0;1.9;0.3
2023/03/05;0100 UTC;;;;;;;;;;;;;;;;;
2023/03/05;0200 UTC;0.0;992.5;992.6;991.7;;23.4;23.3;23.7;23.2;23.7;23.2;100.0;99.0;100.0;280.0;1.7;0.6
2023/03/05;0300 UTC;0.0;992.3;992.5;992.3;;23.2;23.2;23.5;23.1;23.5;23.1;100.0;100.0;100.0;295.0;1.8;0.5
2023/03/05;0400 UTC;0.0;991.1;992.3;991.1;;22.8;22.8;23.3;22.6;23.3;22.6;100.0;100.0;100.0;263.0;1.2;0.4
2023/03/05;0500 UTC;0.0;990.8;991.3;990.8;;22.4;22.3;22.9;22.3;22.9;22.3;100.0;100.0;100.0;116.0;1.0;0.4
2023/03/05;0600 UTC;0.0;990.2;990.9;990.2;;22.3;22.3;22.5;22.2;22.5;22.2;100.0;100.0;100.0;99.0;0.7;0.3
2023/03/05;0700 UTC;0.0;990.0;990.2;989.9;;22.2;22.2;22.6;22.1;22.6;22.1;100.0;100.0;100.0;116.0;1.0;0.5
2023/03/05;0800 UTC;0.0;990.2;990.2;990.0;;22.0;22.0;22.2;22.0;22.2;22.0;100.0;100.0;100.0;319.0;0.9;0.5
2023/03/05;0900 UTC;0.0;990.5;990.5;990.2;;22.1;22.1;22.5;22.0;22.5;21.9;100.0;100.0;100.0;188.0;1.2;0.6
2023/03/05;1000 UTC;0.0;990.8;990.9;990.5;45.3;22.7;22.7;22.7;22.1;22.7;22.0;100.0;100.0;100.0;340.0;1.5;0.3
2023/03/05;1100 UTC;0.0;991.5;991.5;990.8;552.6;24.6;24.6;24.8;22.6;24.7;22.6;100.0;100.0;100.0;267.0;2.0;1.1
2023/03/05;1200 UTC;0.0;992.1;992.1;991.5;1167.4;26.4;23.8;27.0;24.5;24.9;23.6;100.0;84.0;86.0;249.0;2.0;1.0
2023/03/05;1300 UTC;0.0;992.1;992.2;992.0;2093.0;28.9;24.5;28.9;26.4;25.3;23.7;87.0;77.0;77.0;155.0;2.7;1.0
2023/03/05;1400 UTC;0.0;991.8;992.1;991.8;2818.4;29.9;23.8;30.4;28.9;24.9;23.4;77.0;68.0;70.0;145.0;3.9;2.2
2023/03/05;1500 UTC;0.0;991.2;991.8;991.2;3494.7;31.3;23.4;31.8;29.9;24.6;22.6;72.0;60.0;63.0;176.0;4.5;1.1
2023/03/05;1600 UTC;0.0;990.1;991.2;990.1;3308.7;31.7;25.4;32.6;31.2;25.4;23.1;69.0;59.0;69.0;127.0;4.1;1.6
2023/03/05;1700 UTC;0.0;988.9;990.1;988.9;3015.3;31.6;24.0;33.6;31.4;25.3;23.5;69.0;57.0;64.0;161.0;3.4;1.4
2023/03/05;1800 UTC;0.0;987.3;988.9;987.3;2730.5;32.7;23.3;33.1;31.6;24.1;21.9;64.0;54.0;58.0;211.0;3.7;1.0
2023/03/05;1900 UTC;0.0;986.1;987.3;986.0;2369.9;32.8;22.7;33.3;32.6;24.5;22.7;62.0;55.0;56.0;181.0;4.1;2.2
2023/03/05;2000 UTC;0.0;985.8;986.1;985.8;1556.7;32.7;22.6;33.2;32.5;24.1;22.1;59.0;53.0;55.0;159.0;4.3;1.6
2023/03/05;2100 UTC;0.0;986.1;986.1;985.8;669.4;30.3;25.2;32.7;30.3;25.3;22.5;74.0;55.0;74.0;138.0;3.1;0.7
2023/03/05;2200 UTC;0.0;987.1;987.1;986.1;60.9;27.0;25.5;30.3;27.0;26.1;24.9;92.0;74.0;92.0;150.0;1.6;0.4
2023/03/05;2300 UTC;0.0;987.5;987.7;987.1;;25.9;25.6;27.0;25.9;25.9;25.0;98.0;92.0;98.0;358.0;0.9;0.2
2023/03/06;0000 UTC;;;;;;;;;;;;;;;;;
2023/03/06;0100 UTC;;;;;;;;;;;;;;;;;
2023/03/06;0200 UTC;;;;;;;;;;;;;;;;;
2023/03/06;0300 UTC;;;;;;;;;;;;;;;;;
2023/03/06;0400 UTC;0.0;988.9;989.3;988.9;;24.8;24.8;24.9;24.5;24.9;24.5;100.0;98.0;100.0;23.0;1.6;0.3
2023/03/06;0500 UTC;0.0;988.4;988.9;988.3;;24.7;24.7;25.3;24.6;25.3;24.6;100.0;99.0;100.0;38.0;2.0;0.5
2023/03/06;0600 UTC;0.0;988.6;988.7;988.4;;24.8;24.5;25.3;24.7;25.2;24.5;100.0;97.0;98.0;15.0;2.5;0.7
2023/03/06;0700 UTC;0.0;988.3;988.7;988.2;;24.3;24.3;25.2;24.3;24.8;24.3;100.0;97.0;100.0;21.0;2.2;0.6
2023/03/06;0800 UTC;0.0;988.5;988.5;988.2;;23.9;23.9;24.3;23.9;24.3;23.9;100.0;100.0;100.0;41.0;1.8;0.7
2023/03/06;0900 UTC;0.0;988.8;988.8;988.5;;24.0;23.9;24.3;23.9;24.2;23.9;100.0;100.0;100.0;357.0;1.8;0.7
2023/03/06;1000 UTC;0.0;989.7;989.7;988.8;72.9;24.7;24.5;24.7;23.9;24.6;23.9;100.0;99.0;99.0;32.0;2.5;0.8
2023/03/06;1100 UTC;0.0;990.4;990.4;989.7;700.2;26.6;24.4;26.6;24.7;24.9;24.4;99.0;88.0;88.0;348.0;3.5;1.9
2023/03/06;1200 UTC;0.0;991.1;991.1;990.4;1456.1;28.8;24.5;28.8;26.5;25.3;23.8;89.0;78.0;78.0;43.0;4.3;1.5
2023/03/06;1300 UTC;0.0;991.0;991.3;991.0;2138.9;29.7;23.8;29.9;28.4;25.1;23.5;81.0;70.0;71.0;341.0;3.7;1.4
2023/03/06;1400 UTC;0.0;991.0;991.1;990.9;2792.7;30.3;24.3;31.1;29.7;25.3;23.6;74.0;67.0;70.0;347.0;4.6;2.2
2023/03/06;1500 UTC;0.0;989.9;991.0;989.9;3519.5;31.7;24.2;32.3;30.3;25.6;23.4;73.0;63.0;65.0;23.0;5.5;1.8
2023/03/06;1600 UTC;0.0;988.4;989.9;988.4;3660.7;32.5;23.4;32.8;31.6;24.9;23.3;66.0;58.0;59.0;341.0;5.5;2.4
2023/03/06;1700 UTC;0.0;986.9;988.4;986.9;3379.5;33.4;23.7;33.8;32.1;25.3;22.5;64.0;54.0;57.0;28.0;5.0;1.2
2023/03/06;1800 UTC;0.0;986.0;986.9;986.0;2248.0;32.4;24.1;33.6;32.3;24.5;22.5;62.0;55.0;62.0;2.0;5.5;1.7
2023/03/06;1900 UTC;0.0;985.3;986.0;985.3;1561.2;31.8;25.6;33.4;31.8;25.8;23.3;71.0;57.0;70.0;262.0;5.2;2.7
2023/03/06;2000 UTC;0.0;985.3;985.4;985.1;711.1;30.5;25.8;31.8;30.3;26.2;25.2;78.0;70.0;76.0;242.0;5.4;1.3
2023/03/06;2100 UTC;0.0;986.0;986.0;985.2;388.4;29.5;25.7;30.5;29.5;26.1;25.5;80.0;76.0;80.0;266.0;3.4;1.7
2023/03/06;2200 UTC;0.0;986.7;986.8;986.0;56.4;28.1;25.9;29.5;28.0;26.1;25.5;89.0;79.0;88.0;171.0;3.4;1.1
2023/03/06;2300 UTC;0.0;988.1;988.1;986.7;;27.0;25.6;28.1;27.0;26.2;25.2;92.0;86.0;92.0;342.0;2.7;1.6
2023/03/07;0000 UTC;0.0;989.6;989.7;988.1;;25.4;22.6;27.6;25.3;25.8;22.2;93.0;77.0;84.0;335.0;10.5;3.3
2023/03/07;0100 UTC;;;;;;;;;;;;;;;;;
2023/03/07;0200 UTC;0.0;990.3;990.3;989.4;;23.8;22.4;24.4;23.8;22.7;22.2;92.0;89.0;92.0;311.0;3.7;0.5
2023/03/07;0300 UTC;0.0;990.8;991.0;990.3;;23.2;22.9;23.9;23.2;22.9;22.4;98.0;92.0;98.0;60.0;2.5;0.6
2023/03/07;0400 UTC;0.0;990.1;990.9;990.1;;24.4;23.3;24.4;23.2;23.3;22.6;99.0;93.0;94.0;293.0;2.8;1.3
2023/03/07;0500 UTC;0.0;989.2;990.1;989.2;;24.2;22.4;24.4;23.9;23.2;22.1;96.0;88.0;90.0;223.0;2.6;0.5
2023/03/07;0600 UTC;0.0;988.5;989.2;988.4;;23.6;23.0;24.3;23.6;23.0;22.4;97.0;90.0;96.0;356.0;2.0;0.7
2023/03/07;0700 UTC;0.0;988.7;988.8;988.4;;23.3;23.1;23.7;23.3;23.3;22.9;99.0;96.0;99.0;17.0;1.7;0.7
2023/03/07;0800 UTC;0.0;989.5;989.5;988.7;;23.5;23.4;23.7;23.3;23.6;23.1;100.0;99.0;100.0;137.0;1.2;0.5
2023/03/07;0900 UTC;0.0;989.5;989.7;989.5;;23.9;23.7;23.9;23.3;23.7;23.3;100.0;99.0;99.0;284.0;2.1;1.2
2023/03/07;1000 UTC;0.0;990.2;990.2;989.5;30.2;24.0;23.8;24.0;23.7;23.9;23.3;99.0;97.0;99.0;172.0;2.5;0.3
2023/03/07;1100 UTC;0.0;990.9;990.9;990.2;373.2;25.7;24.3;25.7;24.0;24.4;23.6;100.0;90.0;92.0;224.0;2.0;0.7
2023/03/07;1200 UTC;0.0;991.1;991.1;990.9;965.5;26.9;23.5;26.9;25.7;24.3;22.8;92.0;79.0;82.0;175.0;2.9;1.4
2023/03/07;1300 UTC;0.0;991.3;991.4;991.0;1813.8;28.7;23.8;28.7;26.9;24.0;22.8;83.0;73.0;75.0;179.0;3.5;1.4
2023/03/07;1400 UTC;0.0;991.1;991.4;991.1;1918.8;29.2;24.2;30.0;28.7;24.7;23.5;77.0;69.0;75.0;190.0;3.5;1.2
2023/03/07;1500 UTC;0.0;990.2;991.1;990.2;3167.2;31.2;23.9;31.7;29.2;25.4;23.7;77.0;65.0;65.0;298.0;4.1;1.4
2023/03/07;1600 UTC;0.0;989.1;990.2;989.1;1777.7;30.8;25.7;31.8;30.2;25.7;23.8;75.0;64.0;74.0;184.0;5.2;1.5
2023/03/07;1700 UTC;0.0;987.4;989.1;987.4;1756.8;31.9;23.9;32.2;30.2;25.7;23.9;74.0;63.0;63.0;242.0;4.1;2.1
2023/03/07;1800 UTC;0.0;986.3;987.4;986.3;2037.7;32.5;23.6;32.9;30.9;25.1;23.5;69.0;59.0;60.0;250.0;4.9;2.0
2023/03/07;1900 UTC;0.0;986.1;986.4;985.6;1570.0;31.0;25.6;32.6;31.0;25.6;23.6;73.0;60.0;73.0;168.0;5.3;2.8
2023/03/07;2000 UTC;0.0;986.8;987.1;985.9;1013.9;24.6;21.8;31.2;24.6;25.8;21.1;84.0;67.0;84.0;114.0;14.9;5.7
2023/03/07;2100 UTC;0.0;988.3;988.5;986.8;189.8;23.6;22.0;24.6;23.6;22.2;21.8;91.0;84.0;90.0;76.0;11.6;2.6
2023/03/07;2200 UTC;0.0;988.8;989.1;988.2;17.8;23.6;22.6;23.8;23.6;22.6;22.0;94.0;90.0;94.0;75.0;6.6;2.7
2023/03/07;2300 UTC;0.0;989.6;989.6;988.8;;23.5;22.5;23.6;23.5;22.7;22.5;95.0;94.0;94.0;26.0;5.9;1.1
2023/03/08;0000 UTC;0.0;990.2;990.2;989.4;;23.8;22.8;23.8;23.4;22.8;22.5;95.0;94.0;94.0;132.0;3.5;0.6
2023/03/08;0100 UTC;;;;;;;;;;;;;;;;;
2023/03/08;0200 UTC;0.0;992.1;992.3;991.3;;23.3;23.2;23.9;23.3;23.3;22.8;99.0;94.0;99.0;240.0;2.2;0.3
2023/03/08;0300 UTC;0.0;992.1;992.3;992.0;;23.8;23.2;23.9;23.0;23.6;22.9;100.0;96.0;96.0;187.0;1.7;1.1
2023/03/08;0400 UTC;0.0;991.8;992.2;991.8;;24.0;23.7;24.1;23.7;23.8;23.0;98.0;95.0;98.0;213.0;1.9;0.5
2023/03/08;0500 UTC;0.0;991.2;991.8;991.2;;23.9;23.8;24.1;23.9;23.9;23.7;100.0;98.0;100.0;305.0;2.5;1.4
2023/03/08;0600 UTC;0.0;989.9;991.2;989.9;;23.8;23.6;23.9;23.8;23.8;23.4;100.0;98.0;99.0;191.0;2.3;1.2
2023/03/08;0700 UTC;0.0;989.4;989.9;989.3;;23.9;23.5;23.9;23.8;23.7;23.5;100.0;98.0;98.0;189.0;2.2;0.9
2023/03/08;0800 UTC;0.0;990.1;990.1;989.4;;23.7;23.6;23.9;23.5;23.7;23.4;100.0;97.0;100.0;145.0;1.9;0.6
2023/03/08;0900 UTC;0.0;990.3;990.4;990.0;;23.5;23.5;23.8;23.5;23.6;23.5;100.0;99.0;100.0;36.0;1.5;0.3
2023/03/08;1000 UTC;0.0;990.8;990.8;990.2;32.2;24.0;23.9;24.0;23.5;23.9;23.5;100.0;99.0;99.0;98.0;1.3;0.8
2023/03/08;1100 UTC;0.0;991.7;991.7;990.8;231.4;24.8;23.9;24.8;24.0;24.0;23.4;99.0;93.0;95.0;122.0;2.5;1.1
2023/03/08;1200 UTC;0.0;992.0;992.0;991.7;567.2;25.3;23.7;25.3;24.7;23.8;23.4;95.0;89.0;91.0;151.0;4.0;2.2
2023/03/08;1300 UTC;0.0;992.6;992.6;992.0;667.8;25.6;23.4;25.8;25.3;23.7;22.8;90.0;85.0;88.0;162.0;4.0;2.0
2023/03/08;1400 UTC;0.0;992.5;992.6;992.4;1493.0;27.1;23.1;27.3;25.6;24.0;22.6;89.0;77.0;79.0;149.0;6.3;3.4
2023/03/08;1500 UTC;0.0;991.9;992.5;991.9;2172.8;27.9;23.6;28.6;26.8;24.3;22.9;81.0;74.0;78.0;154.0;6.5;2.9
2023/03/08;1600 UTC;0.0;990.9;991.9;990.9;2670.1;28.6;22.5;29.3;27.9;24.1;22.5;78.0;68.0;69.0;144.0;5.3;2.7
2023/03/08;1700 UTC;0.0;989.5;990.9;989.5;2474.8;29.1;23.2;29.6;28.6;24.1;22.2;74.0;66.0;70.0;158.0;5.4;2.9
2023/03/08;1800 UTC;0.0;988.3;989.5;988.3;2030.1;29.2;22.8;29.8;29.1;23.7;22.6;72.0;66.0;68.0;152.0;5.1;2.7
2023/03/08;1900 UTC;0.0;987.7;988.3;987.7;1622.2;30.6;23.8;30.6;28.7;24.3;22.8;75.0;67.0;67.0;188.0;4.5;2.0
2023/03/08;2000 UTC;0.0;987.8;987.8;987.7;1439.9;30.0;23.2;30.5;29.7;23.8;22.7;70.0;65.0;67.0;201.0;4.5;1.6
2023/03/08;2100 UTC;0.0;988.4;988.4;987.8;357.3;28.0;25.0;30.0;28.0;25.2;22.8;84.0;66.0;84.0;98.0;3.0;1.1
2023/03/08;2200 UTC;3.6;990.1;990.1;988.4;10.2;22.2;21.8;28.0;22.1;24.8;20.9;98.0;73.0;98.0;68.0;12.4;0.9
2023/03/08;2300 UTC;1.6;990.0;990.2;989.8;;22.7;22.5;22.7;22.2;22.5;21.4;99.0;95.0;99.0;285.0;2.6;1.3
2023/03/09;0000 UTC;0.2;991.0;991.0;990.0;;23.3;23.2;23.3;22.7;23.2;22.6;100.0;99.0;100.0;266.0;3.2;1.4
2023/03/09;0100 UTC;0.0;992.4;992.4;991.0;;23.4;23.3;23.4;23.2;23.4;23.0;100.0;99.0;99.0;278.0;3.5;1.2
2023/03/09;0200 UTC;0.0;993.0;993.0;992.4;;23.4;23.3;23.5;23.4;23.4;23.2;100.0;98.0;99.0;279.0;2.7;1.3
2023/03/09;0300 UTC;;;;;;;;;;;;;;;;;
2023/03/09;0400 UTC;0.2;992.4;992.9;992.4;;23.6;23.6;23.6;23.3;23.6;23.3;100.0;99.0;100.0;124.0;5.2;1.6
2023/03/09;0500 UTC;0.0;991.2;992.4;991.2;;23.6;23.5;23.7;23.5;23.7;23.4;100.0;99.0;100.0;230.0;2.7;0.4
2023/03/09;0600 UTC;0.0;989.8;991.2;989.8;;23.4;23.3;23.8;23.4;23.7;23.3;100.0;99.0;99.0;271.0;3.3;1.6
2023/03/09;0700 UTC;0.0;989.8;989.8;989.7;;23.0;23.0;23.5;23.0;23.3;23.0;100.0;98.0;100.0;118.0;3.1;0.7
2023/03/09;0800 UTC;0.0;990.0;990.0;989.8;;23.2;23.2;23.2;22.9;23.2;22.9;100.0;100.0;100.0;151.0;1.5;0.7
2023/03/09;0900 UTC;0.0;990.6;990.6;989.9;;23.0;22.9;23.3;22.9;23.3;22.9;100.0;100.0;100.0;86.0;1.4;0.3
2023/03/09;1000 UTC;0.0;991.4;991.4;990.6;31.1;23.3;23.3;23.3;22.9;23.3;22.9;100.0;100.0;100.0;66.0;0.8;0.2
2023/03/09;1100 UTC;0.0;992.3;992.3;991.4;314.8;24.7;24.4;24.7;23.3;24.5;23.3;100.0;97.0;98.0;145.0;2.7;1.1
2023/03/09;1200 UTC;0.0;993.0;993.0;992.3;732.7;25.7;24.1;25.7;24.7;24.5;23.8;98.0;91.0;91.0;148.0;3.7;1.8
2023/03/09;1300 UTC;0.0;993.2;993.2;993.0;1236.5;26.6;23.9;26.6;25.7;24.8;23.1;93.0;83.0;85.0;164.0;3.2;1.6
2023/03/09;1400 UTC;0.0;993.2;993.3;993.1;1672.8;27.5;24.0;27.8;26.6;24.8;23.3;88.0;78.0;82.0;143.0;5.3;2.5
2023/03/09;1500 UTC;0.0;992.4;993.2;992.4;1845.6;28.0;23.9;28.2;27.2;24.7;23.2;83.0;78.0;79.0;166.0;5.3;2.1
2023/03/09;1600 UTC;0.0;991.4;992.4;991.4;2638.7;28.9;23.0;29.1;27.8;24.7;22.5;80.0;69.0;71.0;193.0;5.2;3.1
2023/03/09;1700 UTC;0.0;990.4;991.4;990.4;3107.3;29.5;23.6;29.7;28.7;24.6;22.6;76.0;69.0;70.0;163.0;6.4;2.3
2023/03/09;1800 UTC;0.0;989.4;990.4;989.4;2631.4;29.5;24.0;29.7;29.1;24.5;23.3;74.0;69.0;72.0;144.0;5.0;2.1
2023/03/09;1900 UTC;0.0;988.5;989.4;988.5;1986.7;29.3;23.5;30.3;29.3;24.4;22.9;74.0;66.0;71.0;160.0;5.0;2.6
2023/03/09;2000 UTC;0.0;987.9;988.5;987.9;718.6;29.2;24.4;29.4;29.0;24.8;23.5;78.0;71.0;75.0;184.0;4.4;1.2
2023/03/09;2100 UTC;0.0;988.0;988.0;987.7;408.2;28.7;25.1;29.2;28.7;25.2;24.2;81.0;75.0;81.0;166.0;2.3;0.8
2023/03/09;2200 UTC;0.0;988.5;988.5;988.0;45.1;25.8;25.5;28.7;25.8;26.1;25.3;98.0;81.0;98.0;200.0;1.6;0.2
2023/03/09;2300 UTC;0.0;988.8;988.8;988.5;;25.1;25.1;25.8;25.1;25.6;25.1;100.0;98.0;100.0;183.0;1.5;0.5
2023/03/10;0000 UTC;0.0;989.4;989.4;988.8;;24.6;24.6;25.4;24.6;25.3;24.6;100.0;100.0;100.0;182.0;1.5;0.4
2023/03/10;0100 UTC;0.0;990.3;990.3;989.4;;24.2;24.2;24.8;24.2;24.7;24.1;100.0;100.0;100.0;153.0;0.9;0.2
2023/03/10;0200 UTC;;;;;;;;;;;;;;;;;
2023/03/10;0300 UTC;0.0;991.2;991.2;990.8;;24.1;24.1;24.2;23.7;24.2;23.6;100.0;100.0;100.0;262.0;1.0;0.5
2023/03/10;0400 UTC;0.0;990.7;991.2;990.7;;24.5;24.5;24.6;23.9;24.6;23.9;100.0;100.0;100.0;240.0;1.4;0.5
2023/03/10;0500 UTC;0.0;990.3;990.9;990.3;;23.8;23.7;24.5;23.8;24.5;23.7;100.0;100.0;100.0;179.0;1.5;0.5
2023/03/10;0600 UTC;0.0;989.8;990.3;989.8;;23.6;23.6;24.1;23.4;24.0;23.4;100.0;100.0;100.0;181.0;1.3;0.6
2023/03/10;0700 UTC;0.0;989.6;989.8;989.5;;24.0;24.0;24.3;23.5;24.3;23.5;100.0;100.0;100.0;168.0;2.0;0.7
2023/03/10;0800 UTC;0.0;990.0;990.0;989.6;;24.0;23.8;24.2;23.9;24.1;23.7;100.0;98.0;99.0;192.0;2.6;0.8
2023/03/10;0900 UTC;0.0;990.0;990.0;989.9;;24.1;24.1;24.2;24.0;24.1;23.8;100.0;99.0;100.0;197.0;2.2;0.7
2023/03/10;1000 UTC;0.2;990.4;990.4;990.0;54.2;24.2;24.2;24.2;24.1;24.2;24.0;100.0;100.0;100.0;190.0;2.3;0.8
2023/03/10;1100 UTC;0.0;991.4;991.4;990.4;587.3;25.9;24.4;25.9;24.2;24.7;24.2;100.0;91.0;91.0;189.0;3.3;1.7
2023/03/10;1200 UTC;0.0;992.1;992.1;991.4;1445.8;28.0;23.8;28.0;25.9;24.9;23.5;92.0;78.0;78.0;154.0;4.9;2.8
2023/03/10;1300 UTC;0.0;992.3;992.3;992.0;2048.5;29.9;24.2;29.9;27.9;24.5;23.5;79.0;70.0;71.0;147.0;5.2;2.6
2023/03/10;1400 UTC;0.0;992.2;992.3;992.2;2781.7;30.9;23.0;30.9;29.5;24.5;22.4;72.0;61.0;63.0;164.0;5.1;2.8
2023/03/10;1500 UTC;0.0;991.6;992.2;991.6;3412.8;31.8;22.8;31.9;30.5;23.6;21.9;65.0;57.0;59.0;148.0;5.1;2.4
2023/03/10;1600 UTC;0.0;990.6;991.6;990.6;3534.6;32.2;23.6;32.3;31.4;24.6;22.5;65.0;58.0;60.0;114.0;4.6;2.0
2023/03/10;1700 UTC;0.0;989.5;990.6;989.5;3459.7;32.8;23.9;33.9;32.1;24.4;22.6;63.0;55.0;60.0;188.0;3.9;2.5
2023/03/10;1800 UTC;0.0;987.9;989.5;987.9;2442.8;33.3;23.8;33.5;32.1;24.1;22.9;60.0;55.0;58.0;202.0;3.9;1.4
2023/03/10;1900 UTC;0.0;987.3;987.9;987.3;2285.2;33.6;22.8;33.7;32.6;24.1;22.1;59.0;53.0;53.0;197.0;4.0;1.5
2023/03/10;2000 UTC;0.0;987.0;987.5;986.9;1503.5;33.5;23.2;33.8;33.0;23.7;22.2;58.0;52.0;55.0;192.0;3.4;0.8
2023/03/10;2100 UTC;0.0;988.4;988.4;987.0;733.9;28.4;21.9;33.6;28.4;25.8;21.9;69.0;53.0;68.0;92.0;9.0;3.7
2023/03/10;2200 UTC;0.0;988.3;988.5;988.1;123.5;25.4;21.0;28.3;25.4;21.8;18.8;77.0;60.0;77.0;104.0;9.0;2.2
2023/03/10;2300 UTC;;;;;;;;;;;;;;;;;
2023/03/11;0000 UTC;0.2;988.9;988.9;988.2;;24.2;23.8;24.9;24.2;23.9;23.4;98.0;93.0;98.0;47.0;3.4;0.9
2023/03/11;0100 UTC;0.0;989.3;989.3;988.8;;24.6;24.1;24.8;24.1;24.4;23.8;100.0;96.0;97.0;62.0;2.2;0.6
2023/03/11;0200 UTC;0.0;990.4;990.4;989.3;;24.1;24.0;24.8;24.0;24.7;24.0;100.0;97.0;100.0;149.0;1.4;0.3
2023/03/11;0300 UTC;;;;;;;;;;;;;;;;;
2023/03/11;0400 UTC;0.0;989.9;990.4;989.9;;24.3;24.3;24.6;24.1;24.6;24.1;100.0;100.0;100.0;320.0;1.9;0.4
2023/03/11;0500 UTC;0.0;989.5;990.0;989.5;;24.3;24.3;24.4;23.9;24.4;23.9;100.0;100.0;100.0;324.0;2.0;0.9
2023/03/11;0600 UTC;0.0;989.4;989.5;989.4;;24.2;24.0;24.6;24.2;24.5;23.9;100.0;98.0;99.0;305.0;2.5;0.6
2023/03/11;0700 UTC;0.0;989.5;989.5;989.2;;24.4;24.1;24.4;23.9;24.3;23.8;100.0;98.0;99.0;274.0;2.4;0.8
2023/03/11;0800 UTC;0.0;989.6;989.8;989.5;;24.3;23.9;24.6;23.9;24.4;23.7;100.0;96.0;98.0;268.0;2.9;1.5
2023/03/11;0900 UTC;0.0;989.8;989.8;989.6;;24.6;24.1;24.6;24.3;24.3;23.9;99.0;97.0;97.0;280.0;2.7;0.7
2023/03/11;1000 UTC;0.0;990.5;990.5;989.7;29.1;24.6;23.8;24.7;24.5;24.1;23.7;98.0;95.0;95.0;302.0;2.5;1.0
2023/03/11;1100 UTC;0.0;991.5;991.5;990.5;361.9;25.9;24.7;25.9;24.6;24.8;23.7;96.0;93.0;94.0;219.0;3.0;0.7
2023/03/11;1200 UTC;0.0;992.3;992.3;991.5;892.5;26.5;23.3;27.4;25.6;24.9;23.3;94.0;81.0;82.0;233.0;4.7;1.7
2023/03/11;1300 UTC;0.0;992.4;992.4;992.2;1304.1;28.0;23.8;28.5;26.5;24.7;23.4;85.0;77.0;78.0;207.0;3.8;1.4
2023/03/11;1400 UTC;0.0;991.8;992.4;991.8;2448.6;29.3;23.8;30.0;27.8;24.9;23.7;81.0;71.0;72.0;235.0;4.6;2.0
2023/03/11;1500 UTC;0.0;991.8;991.9;991.7;2250.5;30.5;23.7;30.7;29.2;25.2;23.3;75.0;66.0;67.0;233.0;4.6;1.3
2023/03/11;1600 UTC;0.0;990.5;991.8;990.5;1883.8;30.2;25.2;30.8;29.5;25.2;23.5;76.0;67.0;74.0;181.0;4.9;2.6
2023/03/11;1700 UTC;0.0;989.3;990.5;989.3;2583.5;30.9;24.6;31.0;29.9;25.1;23.8;74.0;67.0;69.0;195.0;5.1;2.4
2023/03/11;1800 UTC;0.0;988.1;989.3;988.1;2152.3;30.5;24.3;31.7;30.2;25.1;23.7;71.0;65.0;70.0;188.0;5.1;2.2
2023/03/11;1900 UTC;0.0;987.4;988.1;987.4;1798.6;30.4;24.0;31.4;30.4;25.1;23.4;72.0;65.0;69.0;164.0;5.1;2.6
2023/03/11;2000 UTC;0.0;987.4;987.4;987.2;1207.3;30.4;24.6;31.0;30.3;24.9;23.6;72.0;66.0;71.0;164.0;4.7;2.3
2023/03/11;2100 UTC;0.0;987.3;987.5;987.3;472.4;29.5;24.9;30.4;29.4;25.2;24.2;78.0;69.0;77.0;153.0;4.1;1.4
2023/03/11;2200 UTC;0.0;988.4;988.4;987.3;54.6;27.9;25.0;29.5;27.9;25.3;24.8;84.0;76.0;84.0;139.0;5.2;2.2
2023/03/11;2300 UTC;0.0;989.5;989.5;988.4;;27.1;24.7;27.9;27.1;25.1;24.6;88.0;84.0;86.0;168.0;4.5;1.8
2023/03/12;0000 UTC;;;;;;;;;;;;;;;;;
2023/03/12;0100 UTC;0.0;991.3;991.3;990.4;;25.2;24.2;26.3;25.2;24.8;24.2;96.0;89.0;94.0;141.0;2.3;0.8
2023/03/12;0200 UTC;0.0;991.5;991.6;991.3;;24.7;24.0;25.2;24.7;24.3;24.0;96.0;94.0;96.0;68.0;2.3;0.3
2023/03/12;0300 UTC;0.0;991.2;991.5;991.2;;24.2;23.7;24.7;24.2;24.1;23.7;98.0;95.0;97.0;71.0;2.6;0.5
2023/03/12;0400 UTC;0.0;990.4;991.2;990.4;;23.5;23.5;24.2;23.5;23.8;23.4;100.0;97.0;100.0;144.0;1.3;0.3
2023/03/12;0500 UTC;0.0;989.7;990.4;989.7;;23.6;23.5;23.6;23.4;23.6;23.3;100.0;99.0;99.0;146.0;1.5;0.7
2023/03/12;0600 UTC;0.0;989.3;989.7;989.3;;23.4;23.4;24.0;23.3;24.0;23.3;100.0;99.0;100.0;54.0;1.1;0.3
2023/03/12;0700 UTC;0.0;988.7;989.3;988.7;;23.8;23.7;24.0;23.3;23.9;23.3;100.0;99.0;99.0;185.0;1.4;0.8
2023/03/12;0800 UTC;0.0;989.4;989.4;988.7;;23.0;23.0;23.8;22.9;23.7;22.9;100.0;99.0;100.0;308.0;1.2;0.6
2023/03/12;0900 UTC;0.0;990.0;990.0;989.4;;23.2;23.2;23.6;23.0;23.6;23.0;100.0;100.0;100.0;78.0;1.3;0.9
2023/03/12;1000 UTC;0.0;990.5;990.5;990.0;87.8;24.8;24.8;24.8;23.1;24.8;23.1;100.0;100.0;100.0;230.0;1.5;0.7
2023/03/12;1100 UTC;0.0;991.0;991.0;990.5;618.6;26.0;24.6;26.0;24.8;25.0;24.2;100.0;92.0;92.0;162.0;3.2;1.2
2023/03/12;1200 UTC;0.0;991.6;991.6;991.0;1336.4;27.9;24.1;28.0;26.0;24.9;24.0;92.0;80.0;80.0;180.0;4.8;2.6
2023/03/12;1300 UTC;0.0;992.0;992.0;991.6;1324.0;27.9;24.3;28.7;27.7;24.7;23.4;82.0;74.0;81.0;157.0;4.8;2.6
2023/03/12;1400 UTC;0.0;991.9;992.0;991.8;2216.6;29.5;24.2;29.8;27.8;25.4;23.8;81.0;71.0;73.0;134.0;5.1;1.5
2023/03/12;1500 UTC;0.0;991.2;992.0;991.2;3272.3;31.6;24.5;31.7;29.3;25.1;23.5;75.0;63.0;66.0;327.0;3.9;1.2
2023/03/12;1600 UTC;0.0;989.8;991.2;989.8;1650.2;30.3;24.4;31.9;30.3;25.0;23.6;72.0;63.0;71.0;296.0;4.9;2.2
2023/03/12;1700 UTC;0.0;988.7;989.8;988.7;1276.9;30.0;23.8;31.3;29.9;25.1;23.7;72.0;66.0;70.0;283.0;4.5;2.8
2023/03/12;1800 UTC;0.0;988.2;988.7;988.2;447.4;26.1;23.2;30.0;26.0;25.2;22.9;84.0;70.0;84.0;299.0;10.6;3.1
2023/03/12;1900 UTC;0.0;987.8;988.2;987.6;510.3;26.3;23.0;26.3;25.8;23.4;22.9;85.0;82.0;82.0;298.0;6.8;2.6
2023/03/12;2000 UTC;0.0;988.0;988.2;987.6;582.1;26.2;23.0;26.6;26.0;23.3;22.8;85.0;80.0;83.0;325.0;5.4;1.6
2023/03/12;2100 UTC;0.0;989.6;989.6;988.0;227.0;25.7;23.6;26.2;25.7;23.6;22.9;89.0;83.0;89.0;77.0;3.0;0.9
2023/03/12;2200 UTC;0.0;990.5;990.5;989.6;14.2;25.0;24.1;25.7;25.0;24.1;23.5;95.0;88.0;95.0;136.0;3.1;0.6
2023/03/12;2300 UTC;0.0;991.0;991.0;990.5;;24.6;24.3;25.0;24.5;24.3;23.9;98.0;95.0;98.0;43.0;1.1;0.6
2023/03/13;0000 UTC;0.0;991.4;991.5;991.0;;25.1;24.2;25.1;24.5;24.7;24.2;99.0;95.0;95.0;232.0;2.2;1.3
2023/03/13;0100 UTC;0.0;992.2;992.2;991.4;;24.8;24.2;25.1;24.6;24.5;24.1;99.0;94.0;96.0;274.0;2.3;0.5
2023/03/13;0200 UTC;;;;;;;;;;;;;;;;;
2023/03/13;0300 UTC;0.0;992.0;992.4;991.9;;24.1;23.8;24.9;24.1;24.0;23.8;98.0;95.0;98.0;8.0;2.4;0.7
2023/03/13;0400 UTC;0.0;991.1;992.0;991.1;;24.3;23.5;24.5;24.0;24.0;23.4;99.0;95.0;95.0;280.0;2.2;0.8
2023/03/13;0500 UTC;0.0;989.9;991.1;989.9;;24.0;23.6;24.4;24.0;23.6;23.4;97.0;95.0;97.0;268.0;2.2;1.4
2023/03/13;0600 UTC;0.0;990.0;990.0;989.7;;23.6;23.5;24.0;23.6;23.6;23.4;99.0;97.0;99.0;248.0;2.4;0.5
2023/03/13;0700 UTC;0.0;990.2;990.2;990.0;;24.0;23.8;24.0;23.6;23.9;23.5;100.0;99.0;99.0;270.0;1.6;0.9
2023/03/13;0800 UTC;0.0;990.5;990.5;990.2;;22.9;22.9;24.0;22.9;23.8;22.9;100.0;98.0;100.0;30.0;1.6;0.5
2023/03/13;0900 UTC;0.0;990.6;990.7;990.5;;23.6;23.6;23.6;22.9;23.6;22.9;100.0;100.0;100.0;193.0;1.4;0.9
2023/03/13;1000 UTC;0.0;991.2;991.2;990.6;24.9;23.7;23.7;23.7;23.5;23.7;23.4;100.0;100.0;100.0;185.0;2.1;1.1
2023/03/13;1100 UTC;0.0;992.6;992.6;991.2;353.4;24.5;23.5;24.6;23.7;24.0;23.4;100.0;94.0;94.0;193.0;2.6;1.5
2023/03/13;1200 UTC;0.0;993.0;993.1;992.6;645.7;25.8;23.8;25.8;24.5;24.1;23.5;95.0;89.0;89.0;221.0;3.3;1.4
2023/03/13;1300 UTC;0.0;993.2;993.4;993.0;1035.6;26.1;23.4;26.2;25.3;23.9;22.9;89.0;83.0;85.0;189.0;4.5;2.4
2023/03/13;1400 UTC;0.0;993.3;993.4;993.2;1273.1;26.1;23.1;27.1;26.1;24.0;22.8;86.0;79.0;84.0;178.0;4.5;2.3
2023/03/13;1500 UTC;0.0;992.5;993.3;992.5;2729.3;28.9;23.2;29.1;26.1;24.0;22.4;85.0;70.0;72.0;203.0;5.2;2.0
2023/03/13;1600 UTC;0.0;991.5;992.5;991.5;3318.2;30.3;23.0;30.8;28.6;24.0;22.6;74.0;63.0;65.0;200.0;5.3;1.8
2023/03/13;1700 UTC;0.0;990.1;991.5;990.1;3484.7;31.0;23.3;31.7;29.9;24.3;22.3;68.0;60.0;64.0;217.0;5.5;2.2
2023/03/13;1800 UTC;0.0;989.0;990.1;989.0;2600.1;31.3;23.3;31.6;30.3;23.7;22.5;66.0;60.0;63.0;159.0;5.1;2.1
2023/03/13;1900 UTC;0.0;987.9;989.0;987.9;1565.2;30.9;23.4;32.0;30.7;23.7;22.5;65.0;59.0;65.0;175.0;3.9;1.1
2023/03/13;2000 UTC;0.0;988.5;988.5;987.9;807.8;30.8;24.0;31.2;30.3;25.2;22.9;74.0;62.0;67.0;24.0;2.6;0.5
2023/03/13;2100 UTC;0.0;989.9;990.2;988.5;238.9;23.6;20.7;30.9;23.6;25.6;20.0;84.0;66.0;84.0;115.0;15.2;5.9
2023/03/13;2200 UTC;0.0;990.2;990.2;989.9;14.6;23.1;20.9;23.6;22.8;21.2;20.7;90.0;84.0;88.0;94.0;14.2;3.0
2023/03/13;2300 UTC;0.0;991.4;991.4;990.2;;23.5;21.3;23.5;23.1;21.3;20.9;89.0;87.0;87.0;100.0;7.6;3.1
2023/03/14;0000 UTC;1.6;992.9;992.9;991.4;;23.0;22.2;23.6;22.7;22.2;21.3;97.0;87.0;95.0;153.0;6.6;1.0
2023/03/14;0100 UTC;1.4;993.5;993.5;992.8;;22.7;22.6;23.2;22.6;22.8;22.2;100.0;95.0;100.0;60.0;1.9;0.4
2023/03/14;0200 UTC;1.4;993.7;993.8;993.5;;22.9;22.8;23.0;22.6;22.9;22.6;100.0;98.0;100.0;245.0;1.8;0.5
2023/03/14;0300 UTC;0.4;993.2;993.7;993.2;;22.9;22.8;23.0;22.8;22.9;22.7;100.0;99.0;100.0;246.0;2.0;1.1
2023/03/14;0400 UTC;;;;;;;;;;;;;;;;;
2023/03/14;0500 UTC;0.2;991.6;992.3;991.6;;22.9;22.8;22.9;22.8;22.9;22.7;100.0;99.0;99.0;238.0;2.9;1.0
2023/03/14;0600 UTC;0.0;990.7;991.6;990.7;;22.9;22.9;22.9;22.8;22.9;22.7;100.0;99.0;100.0;238.0;2.2;1.0
2023/03/14;0700 UTC;0.2;990.3;990.7;989.9;;22.8;22.6;23.0;22.7;22.9;22.6;100.0;99.0;99.0;203.0;3.1;1.0
2023/03/14;0800 UTC;0.0;991.1;991.1;990.3;;22.7;22.7;22.8;22.6;22.7;22.5;100.0;99.0;100.0;154.0;2.1;0.7
2023/03/14;0900 UTC;0.0;991.7;991.7;991.1;;22.8;22.5;23.0;22.7;22.8;22.5;100.0;98.0;98.0;170.0;2.2;0.7
2023/03/14;1000 UTC;0.0;992.4;992.4;991.7;44.4;22.6;22.6;22.8;22.4;22.6;22.3;100.0;98.0;100.0;69.0;1.6;0.2
2023/03/14;1100 UTC;0.0;993.1;993.1;992.4;435.7;24.2;23.6;24.2;22.6;23.6;22.6;100.0;96.0;96.0;162.0;2.0;1.1
2023/03/14;1200 UTC;0.0;993.7;993.7;993.1;842.8;25.1;22.7;25.1;24.2;23.8;22.7;97.0;87.0;87.0;169.0;4.4;2.5
2023/03/14;1300 UTC;0.2;993.9;994.0;993.7;1621.5;26.6;22.9;26.9;25.0;23.6;22.0;88.0;76.0;80.0;156.0;4.4;1.7
2023/03/14;1400 UTC;0.0;993.4;993.9;993.4;1711.8;27.2;22.2;27.2;26.2;23.0;21.2;80.0;73.0;74.0;157.0;3.7;1.9
2023/03/14;1500 UTC;0.0;993.0;993.4;993.0;2160.1;27.4;22.7;27.7;27.0;23.2;21.5;78.0;71.0;75.0;156.0;4.0;2.2
2023/03/14;1600 UTC;0.0;992.3;993.0;992.3;1399.4;27.7;22.4;27.7;27.1;22.9;22.0;76.0;72.0;73.0;154.0;3.6;2.0
2023/03/14;1700 UTC;0.0;991.5;992.3;991.5;1546.2;28.0;22.6;28.4;27.6;23.6;21.8;76.0;71.0;73.0;175.0;3.9;2.1
2023/03/14;1800 UTC;0.0;990.8;991.5;990.8;1614.6;28.6;22.2;28.6;27.8;23.0;21.9;74.0;68.0;69.0;173.0;3.9;1.4
2023/03/14;1900 UTC;0.0;989.7;990.8;989.7;1274.6;28.2;24.0;29.1;27.8;24.0;22.1;79.0;68.0;78.0;137.0;3.2;1.1
2023/03/14;2000 UTC;0.0;989.2;989.7;989.2;1124.2;28.7;22.7;28.7;27.6;23.6;22.1;78.0;69.0;70.0;149.0;4.0;1.9
2023/03/14;2100 UTC;0.0;989.3;989.3;989.1;561.4;27.7;23.8;28.7;27.7;23.8;22.0;80.0;68.0;79.0;147.0;3.6;0.6
2023/03/14;2200 UTC;0.0;989.9;989.9;989.3;63.3;24.9;24.3;27.8;24.9;24.5;23.0;97.0;75.0;97.0;115.0;2.2;0.4
2023/03/14;2300 UTC;0.0;990.5;990.5;989.9;;24.1;24.0;24.9;24.0;24.3;23.9;100.0;96.0;100.0;173.0;0.5;0.4
2023/03/15;0000 UTC;0.0;991.1;991.1;990.5;;23.8;23.8;24.0;23.8;24.0;23.8;100.0;99.0;100.0;179.0;0.6;0.3
2023/03/15;0100 UTC;0.0;991.6;991.6;991.1;;23.8;23.8;23.9;23.7;23.9;23.7;100.0;100.0;100.0;175.0;0.8;0.1
2023/03/15;0200 UTC;0.0;991.9;991.9;991.6;;24.0;24.0;24.0;23.8;24.0;23.8;100.0;100.0;100.0;23.0;0.8;0.3
2023/03/15;0300 UTC;;;;;;;;;;;;;;;;;
2023/03/15;0400 UTC;0.0;991.5;991.9;991.5;;24.2;24.2;24.3;24.1;24.2;24.1;100.0;100.0;100.0;115.0;0.5;0.2
2023/03/15;0500 UTC;0.0;991.2;991.5;991.2;;24.2;24.2;24.3;24.2;24.2;24.2;100.0;100.0;100.0;97.0;0.5;0.2
2023/03/15;0600 UTC;0.0;990.5;991.2;990.5;;24.5;24.5;24.6;24.2;24.5;24.2;100.0;100.0;100.0;245.0;0.7;0.4
2023/03/15;0700 UTC;0.0;990.6;990.7;990.5;;24.9;24.7;24.9;24.5;24.8;24.5;100.0;99.0;99.0;150.0;5.9;1.3
2023/03/15;0800 UTC;0.8;989.9;990.6;989.9;;23.2;23.1;25.1;23.2;24.7;22.8;100.0;94.0;99.0;5.0;6.0;0.9
2023/03/15;0900 UTC;0.2;990.5;990.5;989.9;;23.3;23.2;23.5;23.1;23.5;23.0;100.0;98.0;99.0;284.0;3.2;1.4
2023/03/15;1000 UTC;0.0;990.9;990.9;990.5;19.5;23.5;23.4;23.5;23.2;23.4;23.1;99.0;98.0;99.0;247.0;3.2;1.1
2023/03/15;1100 UTC;0.0;992.1;992.1;990.9;279.1;23.6;23.1;23.6;23.4;23.4;22.9;99.0;96.0;97.0;224.0;4.4;1.3
2023/03/15;1200 UTC;0.0;992.9;992.9;992.1;554.0;24.2;23.3;24.2;23.5;23.3;22.7;97.0;93.0;94.0;215.0;3.5;1.1
2023/03/15;1300 UTC;0.0;992.8;993.0;992.8;660.6;24.9;23.1;24.9;24.1;23.6;22.9;94.0;89.0;90.0;212.0;4.0;1.6
2023/03/15;1400 UTC;0.0;992.6;992.8;992.6;1351.9;26.7;23.7;26.7;24.8;23.8;22.8;91.0;82.0;83.0;215.0;4.4;1.5
2023/03/15;1500 UTC;0.0;991.7;992.6;991.7;3005.7;28.7;24.7;28.7;26.2;24.7;22.7;86.0;75.0;79.0;161.0;4.7;2.6
2023/03/15;1600 UTC;0.0;990.4;991.7;990.4;2519.0;29.1;23.0;29.8;28.4;24.7;22.5;79.0;67.0;70.0;190.0;4.8;2.3
2023/03/15;1700 UTC;0.0;989.4;990.4;989.4;2822.7;29.5;22.6;30.0;29.0;24.1;22.4;72.0;66.0;67.0;171.0;5.4;2.0
2023/03/15;1800 UTC;0.0;988.4;989.4;988.4;2249.8;29.9;22.2;30.2;29.4;23.9;22.0;72.0;62.0;63.0;147.0;5.0;1.0
2023/03/15;1900 UTC;0.0;988.9;988.9;988.2;1086.0;24.2;22.4;30.1;24.1;23.2;21.6;90.0;62.0;90.0;352.0;10.0;3.8
2023/03/15;2000 UTC;0.0;989.2;989.2;988.5;629.1;23.9;22.2;24.3;23.9;22.7;21.9;92.0;88.0;90.0;348.0;10.4;3.3
2023/03/15;2100 UTC;0.0;989.6;989.6;989.2;131.0;23.2;22.0;23.9;23.2;22.4;21.7;93.0;89.0;93.0;5.0;8.2;2.3
2023/03/15;2200 UTC;2.2;990.0;990.0;989.6;0.0;22.6;22.4;23.2;22.6;22.7;21.9;100.0;93.0;99.0;357.0;5.5;2.0
2023/03/15;2300 UTC;0.6;990.7;990.7;990.0;;22.5;22.3;22.7;22.5;22.5;22.3;100.0;98.0;99.0;34.0;5.5;1.3
2023/03/16;0000 UTC;0.0;991.4;991.4;990.7;;22.6;22.4;22.6;22.4;22.6;22.3;100.0;99.0;99.0;78.0;4.6;2.0
2023/03/16;0100 UTC;;;;;;;;;;;;;;;;;
2023/03/16;0200 UTC;0.2;992.8;992.9;992.3;;22.6;22.5;22.6;22.5;22.5;22.4;100.0;99.0;100.0;64.0;2.6;1.0
2023/03/16;0300 UTC;0.2;992.5;992.8;992.5;;22.5;22.5;22.5;22.5;22.5;22.4;100.0;99.0;100.0;64.0;3.0;0.6
2023/03/16;0400 UTC;2.4;991.8;992.5;991.8;;22.1;22.1;22.5;22.1;22.5;22.1;100.0;100.0;100.0;33.0;4.4;1.4
2023/03/16;0500 UTC;5.4;990.8;991.8;990.8;;22.2;22.2;22.2;22.1;22.2;22.1;100.0;100.0;100.0;29.0;3.7;0.7
2023/03/16;0600 UTC;0.8;990.1;990.8;990.1;;22.6;22.6;22.6;22.2;22.6;22.2;100.0;100.0;100.0;336.0;2.0;1.3
2023/03/16;0700 UTC;0.2;990.1;990.2;990.1;;22.6;22.5;22.6;22.4;22.6;22.4;100.0;100.0;100.0;318.0;2.2;0.5
2023/03/16;0800 UTC;0.2;989.7;990.1;989.7;;22.4;22.4;22.6;22.4;22.5;22.4;100.0;100.0;100.0;74.0;1.4;0.4
2023/03/16;0900 UTC;0.0;989.7;989.8;989.7;;22.3;22.3;22.5;22.3;22.5;22.3;100.0;100.0;100.0;84.0;0.8;0.5
2023/03/16;1000 UTC;0.2;990.1;990.1;989.7;43.3;22.5;22.5;22.5;22.3;22.5;22.3;100.0;100.0;100.0;53.0;1.3;0.6
2023/03/16;1100 UTC;0.0;990.9;990.9;990.1;340.8;23.2;23.0;23.4;22.4;23.3;22.4;100.0;98.0;98.0;69.0;1.9;0.8
2023/03/16;1200 UTC;0.0;991.5;991.5;990.9;784.5;24.1;22.7;24.2;23.2;23.2;22.5;99.0;90.0;92.0;36.0;2.4;1.2
2023/03/16;1300 UTC;0.0;991.9;991.9;991.5;1379.9;25.6;22.7;25.7;24.1;23.6;22.1;93.0;83.0;84.0;27.0;3.8;1.4
2023/03/16;1400 UTC;0.0;991.8;991.9;991.8;2384.0;26.8;21.5;27.1;25.4;23.7;21.5;86.0;72.0;73.0;326.0;4.0;2.2
2023/03/16;1500 UTC;0.0;991.4;991.8;991.4;2552.7;28.8;22.9;28.9;26.8;24.5;21.4;81.0;70.0;70.0;54.0;4.0;0.9
2023/03/16;1600 UTC;0.0;990.6;991.4;990.6;1901.1;28.6;22.5;29.5;27.9;23.6;21.7;74.0;64.0;70.0;268.0;4.3;1.2
2023/03/16;1700 UTC;0.0;989.1;990.6;989.1;2732.4;29.3;23.1;29.6;28.5;23.4;21.2;72.0;62.0;69.0;282.0;4.7;1.8
2023/03/16;1800 UTC;0.0;987.7;989.0;987.7;2876.4;30.0;21.1;30.3;29.0;23.4;20.7;70.0;58.0;59.0;344.0;4.6;1.3
2023/03/16;1900 UTC;0.0;986.6;987.7;986.6;2179.6;30.0;21.5;30.6;29.4;22.4;20.3;64.0;56.0;60.0;36.0;4.2;1.1
2023/03/16;2000 UTC;0.0;986.5;986.6;986.3;1176.7;29.5;21.4;30.4;29.4;22.6;20.4;66.0;58.0;62.0;36.0;3.1;0.7
2023/03/16;2100 UTC;0.0;986.8;986.8;986.5;503.3;27.0;24.7;30.1;27.0;25.3;20.8;88.0;59.0;87.0;108.0;1.2;0.3
2023/03/16;2200 UTC;0.0;987.5;987.5;986.8;37.8;24.8;24.5;27.0;24.8;24.8;24.2;98.0;86.0;98.0;144.0;0.8;0.3
2023/03/16;2300 UTC;0.0;988.3;988.3;987.5;;24.1;24.1;24.8;24.1;24.4;23.9;100.0;98.0;100.0;135.0;0.5;0.2
2023/03/17;0000 UTC;0.0;989.4;989.4;988.3;;23.9;23.9;24.1;23.8;24.1;23.8;100.0;100.0;100.0;87.0;0.8;0.3
2023/03/17;0100 UTC;0.0;990.1;990.1;989.4;;24.5;23.5;24.5;23.9;24.1;23.5;100.0;94.0;94.0;98.0;2.3;0.9
2023/03/17;0200 UTC;0.0;990.5;990.5;990.1;;24.1;23.9;24.5;24.0;23.9;23.4;99.0;94.0;99.0;85.0;1.7;0.3
2023/03/17;0300 UTC;0.0;990.4;990.5;990.3;;23.7;23.7;24.1;23.7;24.0;23.6;100.0;99.0;100.0;92.0;0.8;0.4
2023/03/17;0400 UTC;0.0;989.6;990.4;989.6;;23.5;23.4;23.8;23.4;23.8;23.4;100.0;100.0;100.0;356.0;1.3;0.3
2023/03/17;0500 UTC;0.0;989.3;989.6;989.2;;23.5;23.5;23.6;23.4;23.6;23.4;100.0;100.0;100.0;92.0;0.7;0.4
2023/03/17;0600 UTC;0.0;988.5;989.3;988.5;;23.4;23.4;23.6;23.4;23.5;23.4;100.0;100.0;100.0;120.0;1.1;0.4
2023/03/17;0700 UTC;0.0;988.6;988.6;988.4;;23.5;23.5;23.5;23.3;23.5;23.3;100.0;100.0;100.0;2.0;1.1;0.4
2023/03/17;0800 UTC;0.0;988.7;988.7;988.6;;23.7;23.7;24.2;23.4;24.1;23.4;100.0;100.0;100.0;332.0;1.5;0.3
2023/03/17;0900 UTC;0.0;989.0;989.0;988.7;;23.3;23.3;23.7;23.3;23.7;23.3;100.0;100.0;100.0;99.0;0.8;0.3
2023/03/17;1000 UTC;0.0;989.8;989.8;989.0;52.4;23.7;23.7;23.7;23.3;23.7;23.3;100.0;100.0;100.0;349.0;1.0;0.5
2023/03/17;1100 UTC;0.0;990.6;990.6;989.8;447.0;25.1;23.9;25.4;23.7;24.5;23.7;100.0;92.0;93.0;316.0;3.1;1.6
2023/03/17;1200 UTC;0.0;991.7;991.7;990.6;1013.8;26.6;24.2;26.6;25.0;24.5;23.7;94.0;85.0;87.0;255.0;3.4;1.4
2023/03/17;1300 UTC;0.0;991.9;992.2;991.7;1205.9;27.5;23.9;27.6;26.3;24.2;22.9;87.0;78.0;81.0;274.0;3.9;1.6
2023/03/17;1400 UTC;0.0;991.5;991.9;991.3;2240.7;28.0;23.8;28.5;27.5;25.0;22.3;83.0;71.0;78.0;25.0;6.0;2.7
2023/03/17;1500 UTC;0.0;991.5;991.9;991.5;585.9;22.7;21.7;28.0;22.7;23.8;21.0;94.0;77.0;94.0;39.0;13.2;1.8
2023/03/17;1600 UTC;0.0;990.1;991.5;990.1;215.6;22.8;21.6;22.8;22.5;21.9;21.5;96.0;93.0;93.0;28.0;4.6;0.7
2023/03/17;1700 UTC;0.0;989.1;990.1;989.1;496.0;23.6;22.2;23.8;22.8;22.5;21.6;96.0;91.0;92.0;359.0;2.1;0.8
2023/03/17;1800 UTC;0.0;988.4;989.1;988.4;515.9;24.6;22.8;24.7;23.6;23.0;22.3;93.0;88.0;90.0;31.0;2.6;1.2
2023/03/17;1900 UTC;0.0;988.3;988.5;988.3;476.8;25.0;23.1;25.1;24.6;23.6;22.7;93.0;88.0;89.0;338.0;3.1;1.8
2023/03/17;2000 UTC;0.0;988.3;988.3;988.1;469.8;25.2;23.1;25.2;25.0;23.4;22.7;90.0;87.0;89.0;340.0;3.5;1.5
2023/03/17;2100 UTC;0.0;988.9;988.9;988.3;166.7;24.9;23.1;25.2;24.9;23.5;22.8;92.0;87.0;90.0;279.0;3.3;1.1
2023/03/17;2200 UTC;0.0;989.4;989.4;988.9;16.3;23.9;23.2;24.9;23.9;23.3;23.0;96.0;90.0;96.0;349.0;2.3;0.7
2023/03/17;2300 UTC;0.0;990.1;990.1;989.4;;23.5;23.4;24.0;23.5;23.4;23.2;99.0;95.0;99.0;96.0;2.0;0.9
2023/03/18;0000 UTC;0.0;991.0;991.0;990.1;;23.9;23.5;23.9;23.4;23.7;23.3;100.0;98.0;98.0;115.0;3.2;1.3
2023/03/18;0100 UTC;0.0;991.8;991.8;991.0;;24.1;23.5;24.1;23.8;23.7;23.5;99.0;96.0;96.0;114.0;4.2;1.9
2023/03/18;0200 UTC;;;;;;;;;;;;;;;;;
2023/03/18;0300 UTC;;;;;;;;;;;;;;;;;
2023/03/18;0400 UTC;;;;;;;;;;;;;;;;;
2023/03/18;0500 UTC;;;;;;;;;;;;;;;;;
2023/03/18;0600 UTC;0.2;990.5;990.9;990.5;;22.6;22.5;22.7;22.6;22.6;22.4;100.0;98.0;99.0;62.0;3.5;1.4
2023/03/18;0700 UTC;2.6;990.3;990.5;990.3;;22.4;22.4;22.6;22.4;22.6;22.4;100.0;99.0;100.0;64.0;5.2;1.7
2023/03/18;0800 UTC;0.8;990.2;990.3;990.0;;22.4;22.4;22.4;22.3;22.4;22.3;100.0;100.0;100.0;66.0;3.7;0.7
2023/03/18;0900 UTC;0.0;990.5;990.5;990.2;;22.3;22.3;22.4;22.3;22.3;22.3;100.0;100.0;100.0;64.0;3.3;1.5
2023/03/18;1000 UTC;0.0;991.2;991.2;990.5;30.0;22.5;22.5;22.5;22.3;22.5;22.3;100.0;100.0;100.0;14.0;4.0;1.1
2023/03/18;1100 UTC;0.2;991.8;991.8;991.2;282.3;22.8;22.6;22.8;22.5;22.7;22.4;100.0;99.0;99.0;359.0;7.1;2.5
2023/03/18;1200 UTC;3.4;992.7;992.7;991.8;420.4;23.0;22.9;23.0;22.6;23.0;22.4;100.0;98.0;99.0;330.0;7.6;3.9
2023/03/18;1300 UTC;7.4;993.2;993.2;992.7;611.3;23.6;23.5;23.6;22.9;23.5;22.8;100.0;98.0;99.0;331.0;7.1;2.3
2023/03/18;1400 UTC;0.4;993.1;993.2;993.1;927.9;24.1;23.4;24.1;23.6;23.9;23.0;100.0;94.0;96.0;344.0;4.9;2.2
2023/03/18;1500 UTC;0.2;992.7;993.1;992.6;554.1;24.0;23.2;24.3;24.0;23.7;23.0;97.0;94.0;95.0;355.0;4.3;1.7
2023/03/18;1600 UTC;1.8;991.6;992.7;991.6;523.6;23.8;23.5;24.0;23.7;23.6;22.8;98.0;95.0;98.0;9.0;3.7;1.6
2023/03/18;1700 UTC;1.8;990.5;991.6;990.5;635.7;24.1;23.6;24.1;23.8;23.8;23.3;99.0;96.0;97.0;12.0;4.0;1.5
2023/03/18;1800 UTC;0.6;989.4;990.5;989.4;621.3;24.2;23.5;24.3;24.0;23.9;23.3;98.0;95.0;96.0;43.0;2.6;1.2
2023/03/18;1900 UTC;0.0;989.1;989.4;988.9;715.6;24.7;23.5;24.8;24.1;24.3;23.2;99.0;92.0;93.0;40.0;2.8;1.0
2023/03/18;2000 UTC;0.0;989.2;989.2;989.1;667.2;25.2;23.3;25.2;24.6;24.0;23.2;95.0;89.0;89.0;38.0;2.6;0.8
2023/03/18;2100 UTC;0.0;989.4;989.4;989.2;380.0;24.7;23.8;25.2;24.6;23.8;23.2;95.0;89.0;95.0;37.0;2.1;0.2
2023/03/18;2200 UTC;0.4;990.3;990.3;989.4;28.1;22.9;22.2;24.7;22.9;24.1;22.1;100.0;93.0;95.0;323.0;5.4;2.8
2023/03/18;2300 UTC;2.0;991.3;991.4;990.3;;22.2;22.1;22.9;22.2;22.4;22.1;100.0;95.0;100.0;54.0;4.7;1.2
2023/03/19;0000 UTC;7.0;992.1;992.1;991.3;;22.0;22.0;22.3;21.9;22.2;21.7;100.0;97.0;100.0;42.0;3.2;0.7
2023/03/19;0100 UTC;4.4;992.8;992.8;992.1;;21.9;21.9;22.0;21.9;22.0;21.9;100.0;100.0;100.0;55.0;2.5;0.5
2023/03/19;0200 UTC;0.2;993.2;993.2;992.8;;22.0;22.0;22.0;21.9;22.0;21.9;100.0;100.0;100.0;29.0;2.1;0.5
2023/03/19;0300 UTC;0.4;992.7;993.2;992.7;;22.2;22.2;22.2;22.0;22.2;22.0;100.0;100.0;100.0;42.0;2.5;0.8
2023/03/19;0400 UTC;0.0;992.0;992.7;992.0;;22.0;22.0;22.3;22.0;22.2;22.0;100.0;100.0;100.0;51.0;2.9;1.1
2023/03/19;0500 UTC;1.4;991.5;992.0;991.5;;22.2;22.1;22.2;22.0;22.2;22.0;100.0;100.0;100.0;75.0;2.9;1.6
2023/03/19;0600 UTC;0.4;991.2;991.5;991.2;;22.2;22.1;22.2;22.1;22.2;22.1;100.0;100.0;100.0;54.0;3.1;1.1
2023/03/19;0700 UTC;19.2;991.7;991.8;991.2;;21.8;21.8;22.3;21.7;22.3;21.7;100.0;100.0;100.0;291.0;4.0;0.9
2023/03/19;0800 UTC;19.8;991.8;991.8;991.6;0.0;21.8;21.8;21.8;21.7;21.8;21.7;100.0;100.0;100.0;292.0;3.5;1.6
2023/03/19;0900 UTC;6.6;992.2;992.2;991.8;;21.8;21.8;21.8;21.7;21.8;21.7;100.0;100.0;100.0;359.0;3.0;0.7
2023/03/19;1000 UTC;6.0;992.9;992.9;992.2;3.2;21.8;21.8;21.8;21.7;21.8;21.7;100.0;100.0;100.0;3.0;2.1;0.7
2023/03/19;1100 UTC;2.8;993.9;993.9;992.9;49.4;22.1;22.1;22.1;21.8;22.1;21.8;100.0;100.0;100.0;25.0;2.5;1.0
2023/03/19;1200 UTC;3.6;995.0;995.0;993.9;160.2;22.3;22.3;22.3;22.1;22.3;22.1;100.0;99.0;100.0;360.0;3.6;1.0
2023/03/19;1300 UTC;2.6;995.8;995.8;995.0;232.5;21.8;21.7;22.3;21.8;22.3;21.7;100.0;99.0;100.0;8.0;5.5;1.7
2023/03/19;1400 UTC;5.6;995.6;995.8;995.6;670.1;22.5;22.3;22.6;21.8;22.5;21.7;100.0;98.0;99.0;349.0;4.8;2.0
2023/03/19;1500 UTC;0.8;994.9;995.6;994.9;1548.1;24.3;23.3;24.3;22.5;23.6;22.2;100.0;93.0;95.0;356.0;4.7;2.0
2023/03/19;1600 UTC;0.2;993.8;994.9;993.8;1544.3;23.9;22.7;24.3;23.7;23.1;21.8;94.0;88.0;92.0;357.0;5.3;1.8
2023/03/19;1700 UTC;0.0;992.5;993.8;992.5;853.3;23.5;22.1;24.0;23.4;22.9;21.9;93.0;90.0;92.0;356.0;4.5;1.4
2023/03/19;1800 UTC;0.0;991.5;992.5;991.5;1015.7;23.9;22.0;24.1;23.5;22.8;21.8;94.0;88.0;90.0;350.0;4.0;1.7
2023/03/19;1900 UTC;0.0;991.0;991.5;991.0;762.0;23.8;21.9;24.2;23.7;22.2;21.4;90.0;85.0;89.0;345.0;4.0;1.9
2023/03/19;2000 UTC;0.0;990.5;991.0;990.5;373.1;23.7;22.3;23.9;23.7;22.7;21.7;94.0;88.0;92.0;36.0;3.7;0.6
2023/03/19;2100 UTC;0.0;990.7;990.7;990.5;203.0;23.4;22.6;23.8;23.4;22.8;22.1;96.0;91.0;96.0;30.0;1.9;0.4
2023/03/19;2200 UTC;0.0;991.2;991.2;990.7;12.5;22.7;22.6;23.4;22.7;22.8;22.5;100.0;95.0;100.0;95.0;1.1;0.3
2023/03/19;2300 UTC;0.0;991.9;991.9;991.2;;22.3;22.3;22.7;22.3;22.6;22.3;100.0;100.0;100.0;73.0;0.6;0.4
2023/03/20;0000 UTC;0.0;992.6;992.6;991.9;;22.2;22.2;22.3;22.2;22.3;22.2;100.0;100.0;100.0;115.0;1.4;0.7
2023/03/20;0100 UTC;0.0;993.3;993.3;992.6;;22.1;22.1;22.3;22.1;22.2;22.1;100.0;100.0;100.0;47.0;1.1;0.5
2023/03/20;0200 UTC;0.0;993.6;993.6;993.3;;21.9;21.9;22.1;21.8;22.1;21.8;100.0;100.0;100.0;65.0;0.9;0.4
2023/03/20;0300 UTC;0.0;993.4;993.6;993.4;;22.0;22.0;22.1;21.9;22.0;21.9;100.0;100.0;100.0;7.0;1.1;0.3
2023/03/20;0400 UTC;0.0;992.5;993.4;992.5;;22.0;22.0;22.1;22.0;22.1;22.0;100.0;100.0;100.0;206.0;0.6;0.3
2023/03/20;0500 UTC;0.0;991.7;992.5;991.7;;22.0;22.0;22.0;21.9;22.0;21.9;100.0;100.0;100.0;115.0;0.8;0.3
2023/03/20;0600 UTC;0.0;991.1;991.7;991.1;;22.1;22.1;22.2;22.0;22.2;22.0;100.0;100.0;100.0;126.0;0.8;0.2
2023/03/20;0700 UTC;0.0;991.1;991.2;991.1;;21.7;21.6;22.2;21.7;22.1;21.6;100.0;100.0;100.0;306.0;1.1;0.4
2023/03/20;0800 UTC;0.0;990.9;991.1;990.9;;21.1;21.1;21.6;21.0;21.6;21.0;100.0;100.0;100.0;145.0;0.9;0.5
2023/03/20;0900 UTC;0.0;991.1;991.1;990.9;;21.1;21.1;21.3;21.0;21.3;20.9;100.0;100.0;100.0;141.0;0.9;0.6
2023/03/20;1000 UTC;0.0;992.0;992.0;991.1;61.9;21.8;21.8;21.8;21.1;21.8;21.1;100.0;100.0;100.0;28.0;0.9;0.5
2023/03/20;1100 UTC;0.0;992.7;992.7;992.0;528.5;23.3;22.9;23.4;21.8;23.3;21.8;100.0;97.0;97.0;77.0;2.2;1.2
2023/03/20;1200 UTC;0.0;993.1;993.2;992.7;705.4;24.2;23.0;24.3;23.3;23.5;22.7;98.0;93.0;93.0;64.0;3.0;1.3
2023/03/20;1300 UTC;0.0;993.5;993.5;993.1;1019.5;25.4;22.9;25.5;24.2;23.4;22.5;94.0;86.0;86.0;89.0;3.5;1.0
2023/03/20;1400 UTC;0.0;993.4;993.6;993.4;1917.8;27.6;22.9;27.6;25.3;23.9;22.3;88.0;76.0;76.0;271.0;3.2;1.1
2023/03/20;1500 UTC;0.0;993.1;993.4;993.1;2893.4;27.5;22.3;28.5;26.7;23.7;21.3;80.0;69.0;73.0;55.0;3.7;1.1
2023/03/20;1600 UTC;0.0;992.3;993.1;992.3;1906.3;27.8;22.0;28.6;27.5;23.9;21.7;77.0;69.0;71.0;168.0;3.6;1.7
2023/03/20;1700 UTC;5.6;990.9;992.3;990.9;734.6;25.0;23.6;27.9;24.4;23.9;22.0;94.0;70.0;92.0;304.0;4.8;0.9
2023/03/20;1800 UTC;0.2;989.5;990.9;989.5;1756.2;28.8;23.3;28.8;25.0;25.1;22.8;94.0;71.0;72.0;339.0;1.8;0.5
2023/03/20;1900 UTC;0.0;988.6;989.5;988.6;2342.8;28.3;23.3;30.4;28.3;24.4;21.7;76.0;62.0;74.0;105.0;4.7;2.3
2023/03/20;2000 UTC;0.0;988.2;988.6;988.2;1360.2;27.9;23.7;28.5;27.8;24.1;23.1;79.0;74.0;78.0;64.0;6.0;2.0
2023/03/20;2100 UTC;0.0;988.7;988.7;988.2;437.6;25.9;24.2;28.2;25.9;24.2;23.0;91.0;74.0;91.0;64.0;4.4;0.5
2023/03/20;2200 UTC;0.0;989.3;989.3;988.7;20.3;24.0;23.9;25.9;24.0;24.5;23.6;100.0;91.0;100.0;128.0;0.9;0.2
2023/03/20;2300 UTC;0.0;990.5;990.5;989.3;;23.5;23.5;24.0;23.4;24.0;23.4;100.0;100.0;100.0;274.0;0.9;0.3
2023/03/21;0000 UTC;0.2;991.6;991.6;990.5;;23.4;23.3;23.5;23.2;23.5;23.2;100.0;100.0;100.0;341.0;1.4;0.1
2023/03/21;0100 UTC;0.0;992.5;992.5;991.6;;24.1;23.3;24.4;23.3;24.0;23.3;100.0;95.0;95.0;277.0;3.4;1.4
2023/03/21;0200 UTC;;;;;;;;;;;;;;;;;
2023/03/21;0300 UTC;0.0;992.4;992.9;992.4;;23.6;23.1;23.8;23.5;23.5;23.1;100.0;97.0;97.0;253.0;1.4;0.6
2023/03/21;0400 UTC;0.0;992.2;992.4;992.2;;23.5;23.4;23.7;23.4;23.4;23.0;100.0;96.0;99.0;184.0;1.4;0.6
2023/03/21;0500 UTC;0.0;991.9;992.3;991.9;;23.5;22.9;23.6;23.4;23.5;22.7;100.0;96.0;96.0;291.0;2.5;1.6
2023/03/21;0600 UTC;2.8;991.5;991.9;991.5;;22.6;22.5;23.5;22.6;22.9;22.2;99.0;95.0;99.0;233.0;5.3;1.7
2023/03/21;0700 UTC;10.4;991.8;991.8;991.4;;22.7;22.6;22.8;22.6;22.8;22.5;100.0;99.0;100.0;257.0;4.7;1.7
2023/03/21;0800 UTC;12.0;991.9;991.9;991.8;;22.5;22.4;22.7;22.4;22.7;22.4;100.0;100.0;100.0;263.0;4.1;1.1
2023/03/21;0900 UTC;6.6;992.3;992.3;991.9;;22.2;22.2;22.5;22.2;22.5;22.2;100.0;100.0;100.0;9.0;2.1;0.9
2023/03/21;1000 UTC;2.0;993.1;993.1;992.3;8.5;22.3;22.2;22.3;22.2;22.3;22.2;100.0;100.0;100.0;74.0;1.6;0.3
2023/03/21;1100 UTC;0.6;993.8;993.8;993.1;222.0;22.8;22.6;22.8;22.3;22.7;22.2;100.0;99.0;99.0;199.0;1.9;1.1
2023/03/21;1200 UTC;0.2;994.3;994.3;993.8;840.4;24.3;23.3;24.3;22.7;23.4;22.2;100.0;91.0;94.0;207.0;1.8;0.9
2023/03/21;1300 UTC;0.0;994.2;994.3;994.2;1256.2;25.3;21.6;25.5;24.2;23.5;21.6;94.0;80.0;80.0;212.0;3.2;1.7
2023/03/21;1400 UTC;0.0;994.1;994.2;994.0;1814.1;26.3;23.2;26.3;25.2;23.4;21.7;85.0;79.0;83.0;127.0;3.3;0.8
2023/03/21;1500 UTC;0.0;993.9;994.1;993.9;1656.0;27.0;22.8;27.2;26.0;24.3;22.2;86.0;78.0;78.0;91.0;4.0;1.6
2023/03/21;1600 UTC;0.0;993.0;993.9;993.0;2494.9;27.7;22.7;28.2;26.7;24.3;22.6;83.0;74.0;74.0;68.0;3.3;1.3
2023/03/21;1700 UTC;0.0;991.8;993.0;991.8;2733.2;28.5;23.8;29.1;27.6;24.3;22.5;79.0;70.0;76.0;107.0;4.2;1.6
2023/03/21;1800 UTC;0.0;990.8;991.8;990.8;1685.9;28.9;23.7;29.0;27.2;23.9;22.3;79.0;70.0;74.0;176.0;4.0;0.8
2023/03/21;1900 UTC;0.0;990.6;990.8;990.5;1793.0;27.2;23.7;29.7;27.1;23.8;21.8;82.0;63.0;81.0;243.0;4.3;2.0
2023/03/21;2000 UTC;0.0;990.8;990.8;990.5;662.7;26.2;23.8;27.2;26.1;24.6;23.5;90.0;81.0;87.0;324.0;4.4;0.9
2023/03/21;2100 UTC;0.0;991.5;991.6;990.8;244.5;23.1;22.5;26.4;23.1;24.7;22.3;97.0;83.0;96.0;74.0;8.0;2.6
2023/03/21;2200 UTC;0.2;991.5;991.6;991.4;52.7;22.4;21.7;23.1;22.4;22.4;21.6;97.0;95.0;96.0;67.0;6.4;1.5
2023/03/21;2300 UTC;;;;;;;;;;;;;;;;;
2023/03/22;0000 UTC;0.0;992.0;992.0;991.5;;22.5;22.4;22.6;22.4;22.5;22.1;99.0;98.0;99.0;312.0;1.5;0.6
2023/03/22;0100 UTC;0.0;992.9;992.9;992.0;;22.3;22.3;22.5;22.2;22.5;22.2;100.0;99.0;100.0;146.0;1.4;0.9
2023/03/22;0200 UTC;;;;;;;;;;;;;;;;;
2023/03/22;0300 UTC;0.0;993.3;993.5;993.3;;22.4;22.4;22.5;22.4;22.5;22.4;100.0;100.0;100.0;130.0;1.8;0.6
2023/03/22;0400 UTC;0.0;992.7;993.3;992.7;;22.2;22.1;22.4;22.1;22.4;22.1;100.0;100.0;100.0;93.0;2.0;0.7
2023/03/22;0500 UTC;0.0;992.2;992.7;992.2;;22.1;22.1;22.2;22.1;22.2;22.0;100.0;100.0;100.0;143.0;1.3;0.4
2023/03/22;0600 UTC;0.0;991.9;992.2;991.9;;22.2;22.2;22.2;22.1;22.2;22.0;100.0;100.0;100.0;81.0;1.0;0.7
2023/03/22;0700 UTC;0.0;992.1;992.1;991.9;;22.3;22.3;22.3;22.2;22.3;22.2;100.0;100.0;100.0;40.0;0.9;0.2
2023/03/22;0800 UTC;0.2;992.1;992.1;992.1;;22.4;22.4;22.4;22.3;22.4;22.3;100.0;100.0;100.0;22.0;1.3;0.5
2023/03/22;0900 UTC;0.0;992.3;992.3;992.1;;22.1;22.1;22.4;22.0;22.3;22.0;100.0;100.0;100.0;101.0;1.0;0.2
2023/03/22;1000 UTC;0.0;992.9;992.9;992.2;58.5;22.5;22.5;22.5;22.1;22.5;22.1;100.0;100.0;100.0;124.0;1.3;0.6
2023/03/22;1100 UTC;0.0;993.7;993.8;992.9;683.4;24.8;22.6;24.8;22.5;23.6;22.5;100.0;88.0;88.0;70.0;2.3;1.2
2023/03/22;1200 UTC;0.0;994.5;994.5;993.7;1381.8;25.8;22.9;26.1;24.5;23.3;22.2;91.0;82.0;84.0;90.0;3.5;1.4
2023/03/22;1300 UTC;0.0;994.7;994.8;994.5;2092.1;27.2;22.2;27.6;25.8;23.5;21.9;84.0;72.0;74.0;71.0;4.2;1.9
2023/03/22;1400 UTC;0.0;994.4;994.7;994.4;2656.9;27.9;22.6;28.5;27.2;23.8;22.0;77.0;69.0;73.0;111.0;5.0;2.5
2023/03/22;1500 UTC;0.0;993.8;994.4;993.8;2393.4;28.5;22.7;29.1;27.9;24.1;21.7;78.0;67.0;71.0;104.0;5.0;2.1
2023/03/22;1600 UTC;0.0;992.6;993.8;992.6;2376.7;29.5;23.0;29.8;28.4;23.5;21.7;72.0;64.0;68.0;67.0;4.5;1.2
2023/03/22;1700 UTC;0.0;991.1;992.6;991.1;2765.2;29.4;23.1;29.9;28.8;23.7;22.1;71.0;64.0;69.0;86.0;4.2;1.4
2023/03/22;1800 UTC;0.0;989.7;991.1;989.7;2720.2;30.5;22.7;31.2;29.4;24.4;22.3;71.0;62.0;63.0;105.0;3.8;1.5
2023/03/22;1900 UTC;0.0;988.9;989.7;988.9;1627.5;30.6;22.9;30.9;29.6;23.7;21.8;68.0;60.0;64.0;134.0;3.9;1.3
2023/03/22;2000 UTC;0.0;988.4;988.9;988.4;905.0;30.0;22.5;30.6;29.5;24.4;21.9;74.0;60.0;64.0;157.0;2.8;1.1
2023/03/22;2100 UTC;5.2;988.9;988.9;988.4;468.7;25.1;24.3;30.4;25.0;24.7;22.4;96.0;63.0;96.0;132.0;9.9;0.9
2023/03/22;2200 UTC;0.2;989.7;989.7;988.9;12.6;24.8;24.5;25.4;24.6;25.2;24.1;100.0;94.0;99.0;330.0;2.7;0.9
2023/03/22;2300 UTC;0.0;990.7;990.7;989.7;;23.9;23.8;24.9;23.9;24.5;23.5;99.0;94.0;99.0;9.0;4.1;0.5
2023/03/23;0000 UTC;0.0;991.2;991.3;990.7;;24.3;24.2;24.3;23.8;24.2;23.8;100.0;98.0;100.0;244.0;1.7;0.7
2023/03/23;0100 UTC;0.0;992.5;992.5;991.2;;23.5;23.5;24.3;23.5;24.2;23.5;100.0;99.0;100.0;200.0;1.5;0.2
2023/03/23;0200 UTC;;;;;;;;;;;;;;;;;
2023/03/23;0300 UTC;0.0;992.6;992.8;992.6;;23.8;23.8;23.9;23.3;23.9;23.3;100.0;100.0;100.0;335.0;1.5;0.5
2023/03/23;0400 UTC;0.0;991.7;992.6;991.7;;23.9;23.9;24.1;23.8;24.1;23.8;100.0;100.0;100.0;112.0;1.3;0.8
2023/03/23;0500 UTC;0.0;991.0;991.7;991.0;;23.5;23.4;23.9;23.3;23.9;23.3;100.0;100.0;100.0;52.0;1.3;0.4
2023/03/23;0600 UTC;2.0;991.5;991.6;991.0;;23.3;23.1;24.5;23.2;24.4;23.1;100.0;95.0;99.0;113.0;8.8;3.2
2023/03/23;0700 UTC;3.8;991.1;991.6;991.1;;23.1;23.1;23.4;23.0;23.3;22.9;100.0;98.0;100.0;334.0;6.7;1.1
2023/03/23;0800 UTC;5.0;990.9;991.6;990.9;;23.0;23.0;23.1;23.0;23.1;23.0;100.0;100.0;100.0;80.0;3.4;1.0
2023/03/23;0900 UTC;0.8;991.4;991.5;990.7;;22.7;22.7;23.1;22.7;23.1;22.7;100.0;100.0;100.0;337.0;4.4;2.4
2023/03/23;1000 UTC;0.2;992.1;992.1;991.4;31.2;22.6;22.5;22.8;22.3;22.7;22.3;100.0;100.0;100.0;353.0;4.4;1.0
2023/03/23;1100 UTC;0.2;993.3;993.3;992.1;324.9;23.3;22.9;23.3;22.6;23.1;22.5;100.0;97.0;98.0;30.0;2.2;0.6
2023/03/23;1200 UTC;1.8;994.5;994.5;993.3;413.8;23.9;23.6;23.9;23.3;23.7;23.0;100.0;98.0;98.0;100.0;2.3;0.4
2023/03/23;1300 UTC;5.0;994.7;994.8;994.5;745.4;24.9;23.8;25.0;23.5;24.7;23.4;100.0;93.0;94.0;90.0;2.7;1.0
2023/03/23;1400 UTC;0.2;994.7;994.9;994.6;1562.8;26.3;23.8;26.7;24.9;24.9;23.3;96.0;84.0;86.0;2.0;3.5;1.9
2023/03/23;1500 UTC;0.0;993.9;994.7;993.9;1788.8;27.3;23.4;27.6;26.4;24.5;23.0;86.0;78.0;79.0;43.0;4.4;1.1
2023/03/23;1600 UTC;0.0;992.6;993.9;992.6;1189.1;27.2;24.0;28.1;27.2;24.5;23.1;83.0;76.0;82.0;133.0;2.7;1.6
2023/03/23;1700 UTC;0.0;991.1;992.6;991.1;1252.0;27.3;23.8;27.5;27.0;24.7;23.6;86.0;80.0;81.0;134.0;3.3;1.8
2023/03/23;1800 UTC;0.0;989.9;991.1;989.9;1191.1;27.6;23.0;27.9;27.4;24.2;22.6;82.0;75.0;76.0;127.0;3.3;1.0
2023/03/23;1900 UTC;0.0;989.1;989.9;989.1;991.3;28.0;23.5;28.1;27.4;24.1;22.8;80.0;75.0;77.0;114.0;1.9;0.4
2023/03/23;2000 UTC;0.0;989.0;989.1;989.0;598.4;27.4;24.4;28.3;27.4;24.8;22.9;84.0;74.0;84.0;293.0;2.3;1.2
2023/03/23;2100 UTC;0.0;989.7;989.7;989.0;323.0;26.8;24.7;27.6;26.7;25.1;23.7;90.0;80.0;89.0;332.0;2.4;0.9
2023/03/23;2200 UTC;0.0;990.4;990.4;989.7;25.3;25.3;24.5;26.8;25.1;25.1;24.4;96.0;86.0;96.0;308.0;2.2;0.7
2023/03/23;2300 UTC;0.0;991.5;991.6;990.4;;25.0;24.5;25.4;24.9;24.6;24.3;98.0;94.0;97.0;259.0;1.8;0.7
2023/03/24;0000 UTC;0.0;992.2;992.2;991.5;;24.7;24.5;25.0;24.7;24.6;24.4;99.0;97.0;99.0;241.0;2.0;0.6
2023/03/24;0100 UTC;0.0;992.7;992.7;992.2;;24.4;24.2;24.9;24.4;24.6;24.2;99.0;97.0;98.0;253.0;2.5;0.5
2023/03/24;0200 UTC;0.0;992.9;993.1;992.7;;23.8;23.8;24.5;23.8;24.2;23.8;100.0;98.0;100.0;188.0;2.0;0.4
2023/03/24;0300 UTC;0.0;991.8;992.9;991.8;;23.9;23.9;23.9;23.7;23.9;23.7;100.0;100.0;100.0;179.0;1.5;0.6
2023/03/24;0400 UTC;0.0;991.0;991.8;991.0;;23.4;23.4;24.2;23.4;24.2;23.4;100.0;100.0;100.0;297.0;1.6;0.2
2023/03/24;0500 UTC;0.0;990.4;991.0;990.4;;22.9;22.9;23.4;22.9;23.4;22.8;100.0;100.0;100.0;59.0;1.2;0.8
2023/03/24;0600 UTC;0.0;990.1;990.4;990.1;;22.6;22.6;22.9;22.6;22.9;22.6;100.0;100.0;100.0;203.0;1.0;0.1
2023/03/24;0700 UTC;0.0;990.0;990.2;990.0;;22.3;22.3;22.6;22.3;22.6;22.3;100.0;100.0;100.0;155.0;0.9;0.6
2023/03/24;0800 UTC;0.0;990.4;990.4;990.0;;22.3;22.3;22.6;22.3;22.6;22.3;100.0;100.0;100.0;66.0;1.2;0.3
2023/03/24;0900 UTC;0.0;990.9;990.9;990.4;;22.4;22.4;22.6;22.1;22.6;22.1;100.0;100.0;100.0;145.0;0.9;0.6
2023/03/24;1000 UTC;0.0;991.6;991.6;990.9;109.7;23.6;23.6;23.6;22.2;23.6;22.2;100.0;100.0;100.0;192.0;1.2;0.5
2023/03/24;1100 UTC;0.0;992.6;992.6;991.6;597.0;25.8;25.0;25.8;23.7;25.4;23.7;100.0;95.0;95.0;162.0;3.8;1.8
2023/03/24;1200 UTC;0.0;993.2;993.2;992.6;1336.3;27.4;24.2;27.5;25.8;25.2;24.0;95.0;83.0;83.0;155.0;6.1;3.4
2023/03/24;1300 UTC;0.0;993.7;993.7;993.2;1678.5;28.4;24.3;28.6;26.9;25.0;23.9;85.0;78.0;78.0;189.0;6.1;2.4
2023/03/24;1400 UTC;0.0;993.5;993.7;993.5;2910.7;29.8;24.4;30.5;28.0;24.9;23.7;80.0;70.0;73.0;166.0;5.5;2.2
2023/03/24;1500 UTC;0.0;993.1;993.6;993.1;2407.2;30.0;23.6;30.5;29.2;24.9;23.5;74.0;66.0;69.0;155.0;4.7;1.5
2023/03/24;1600 UTC;0.0;991.8;993.1;991.8;3248.7;30.9;23.4;31.4;30.0;24.7;22.6;70.0;61.0;65.0;205.0;4.5;1.4
2023/03/24;1700 UTC;0.0;990.0;991.8;990.0;3452.0;32.0;23.6;32.0;30.9;24.4;22.0;67.0;58.0;61.0;99.0;5.8;1.2
2023/03/24;1800 UTC;0.0;988.5;990.0;988.5;2993.1;32.1;22.8;32.5;31.4;24.6;22.4;65.0;56.0;58.0;141.0;5.7;2.5
2023/03/24;1900 UTC;0.0;988.2;988.5;988.1;1903.3;32.1;23.1;32.8;31.5;24.7;22.3;66.0;56.0;59.0;156.0;5.7;3.1
2023/03/24;2000 UTC;0.0;988.0;988.2;987.8;1417.6;30.3;23.5;32.3;30.3;24.1;22.0;70.0;55.0;67.0;40.0;5.0;1.8
2023/03/24;2100 UTC;0.0;988.7;988.7;988.0;514.9;28.4;22.8;30.4;28.4;24.3;22.3;76.0;65.0;72.0;83.0;5.2;1.7
2023/03/24;2200 UTC;0.0;989.5;989.5;988.7;17.0;24.8;21.9;28.4;24.8;23.0;21.3;84.0;69.0;84.0;325.0;4.4;0.7
2023/03/24;2300 UTC;0.0;990.1;990.2;989.5;;23.6;23.0;25.3;23.6;23.0;20.9;96.0;76.0;96.0;119.0;2.0;0.4
2023/03/25;0000 UTC;0.0;990.4;990.4;990.0;;23.5;22.7;23.7;23.2;23.1;22.3;98.0;93.0;95.0;35.0;3.3;0.8
2023/03/25;0100 UTC;0.0;991.2;991.3;990.4;;24.1;23.3;24.1;23.2;23.3;22.7;97.0;93.0;95.0;338.0;2.6;0.8
2023/03/25;0200 UTC;0.0;991.5;991.6;991.2;;24.4;23.6;24.4;24.0;23.6;23.2;96.0;95.0;95.0;340.0;2.8;1.7
2023/03/25;0300 UTC;0.0;991.5;991.6;991.5;;24.1;23.5;24.4;23.9;23.6;23.4;98.0;95.0;97.0;5.0;2.8;1.0
2023/03/25;0400 UTC;0.0;991.1;991.5;991.1;;23.9;23.7;24.2;23.9;23.8;23.5;99.0;96.0;99.0;360.0;2.5;0.9
2023/03/25;0500 UTC;0.0;990.5;991.1;990.5;;23.3;23.3;23.9;23.2;23.8;23.2;100.0;99.0;100.0;189.0;2.2;0.5
2023/03/25;0600 UTC;0.0;990.2;990.5;990.2;;23.0;23.0;23.4;23.0;23.4;23.0;100.0;100.0;100.0;125.0;1.0;0.2
2023/03/25;0700 UTC;0.0;990.1;990.2;990.1;;22.6;22.6;23.0;22.6;23.0;22.6;100.0;100.0;100.0;105.0;1.2;0.3
2023/03/25;0800 UTC;0.0;990.3;990.3;990.0;;22.4;22.4;22.8;22.3;22.8;22.3;100.0;100.0;100.0;92.0;0.9;0.3
2023/03/25;0900 UTC;0.0;990.4;990.4;990.3;;22.2;22.2;22.5;22.0;22.4;22.0;100.0;100.0;100.0;74.0;0.8;0.6
2023/03/25;1000 UTC;0.0;991.0;991.0;990.4;77.9;23.0;23.0;23.0;21.9;23.0;21.9;100.0;100.0;100.0;4.0;0.8;0.3
2023/03/25;1100 UTC;0.0;991.7;991.7;991.0;713.0;25.6;23.3;25.9;22.8;24.7;22.6;100.0;85.0;87.0;302.0;2.3;1.0
2023/03/25;1200 UTC;0.0;992.5;992.5;991.7;1390.9;27.4;22.9;27.6;25.6;23.8;22.3;87.0;76.0;77.0;234.0;2.5;1.0
2023/03/25;1300 UTC;0.0;992.6;992.6;992.5;1959.5;29.5;23.5;29.5;27.4;24.4;22.5;78.0;68.0;71.0;195.0;3.6;1.3
2023/03/25;1400 UTC;0.0;992.4;992.6;992.4;2652.3;30.7;23.2;30.8;29.3;24.4;22.3;72.0;64.0;65.0;204.0;3.2;1.3
2023/03/25;1500 UTC;0.0;992.1;992.4;992.1;3293.9;31.2;22.9;31.8;30.1;24.7;22.6;70.0;60.0;61.0;118.0;3.4;1.3
2023/03/25;1600 UTC;0.0;991.1;992.1;991.1;2010.7;31.2;22.3;32.3;30.7;25.1;22.3;69.0;58.0;59.0;154.0;3.2;0.9
2023/03/25;1700 UTC;0.0;990.3;991.1;990.3;3295.5;31.9;21.7;32.7;31.1;23.9;20.4;64.0;49.0;55.0;90.0;4.8;2.2
2023/03/25;1800 UTC;0.0;989.4;990.3;989.4;2280.8;32.2;21.6;32.8;30.7;23.5;20.4;65.0;50.0;54.0;88.0;5.6;1.5
2023/03/25;1900 UTC;0.0;988.7;989.4;988.6;1690.2;32.5;21.7;33.2;31.1;24.3;21.0;66.0;51.0;53.0;123.0;3.4;1.0
2023/03/25;2000 UTC;0.0;988.4;988.7;988.3;1237.7;32.1;22.7;33.1;31.8;23.8;21.1;60.0;50.0;58.0;121.0;2.9;1.1
2023/03/25;2100 UTC;0.0;988.5;988.6;988.4;585.6;29.9;23.0;32.1;29.9;23.6;21.5;67.0;54.0;67.0;159.0;4.3;2.4
2023/03/25;2200 UTC;0.0;989.1;989.1;988.5;15.0;26.0;24.2;29.9;26.0;25.2;23.0;92.0;67.0;90.0;339.0;4.3;0.6
2023/03/25;2300 UTC;0.0;989.5;989.5;989.1;;25.6;24.6;26.0;25.2;24.9;24.4;96.0;90.0;95.0;291.0;1.4;0.6
2023/03/26;0000 UTC;;;;;;;;;;;;;;;;;
2023/03/26;0100 UTC;;;;;;;;;;;;;;;;;
2023/03/26;0200 UTC;0.0;990.8;990.9;990.7;;24.1;24.1;24.5;24.1;24.5;24.1;100.0;100.0;100.0;98.0;0.6;0.3
2023/03/26;0300 UTC;;;;;;;;;;;;;;;;;
2023/03/26;0400 UTC;0.0;990.5;990.8;990.5;;23.9;23.9;24.3;23.9;24.3;23.9;100.0;100.0;100.0;212.0;0.8;0.2
2023/03/26;0500 UTC;0.0;990.1;990.5;990.0;;23.9;23.9;24.0;23.8;24.0;23.8;100.0;100.0;100.0;13.0;1.4;0.6
2023/03/26;0600 UTC;;;;;;;;;;;;;;;;;
2023/03/26;0700 UTC;33.2;989.9;992.0;989.9;2.4;22.1;21.7;24.2;20.3;22.9;20.2;100.0;94.0;98.0;326.0;18.0;1.2
2023/03/26;0800 UTC;0.4;990.4;990.4;989.7;;22.3;22.1;22.4;21.9;22.4;21.6;100.0;98.0;99.0;225.0;4.5;1.6
2023/03/26;0900 UTC;17.8;991.3;991.4;990.4;;23.0;22.8;23.6;21.9;23.0;21.9;100.0;94.0;99.0;146.0;6.0;1.1
2023/03/26;1000 UTC;6.4;991.9;991.9;991.3;28.7;23.1;23.0;23.2;22.8;23.2;22.8;100.0;99.0;100.0;179.0;3.4;1.7
2023/03/26;1100 UTC;0.0;992.9;992.9;991.9;90.1;23.3;22.7;23.3;22.9;23.0;22.6;100.0;96.0;96.0;178.0;3.9;1.7
2023/03/26;1200 UTC;0.0;993.6;993.6;992.9;431.5;24.6;23.7;24.6;23.2;23.7;22.7;98.0;94.0;95.0;216.0;4.0;0.9
2023/03/26;1300 UTC;0.0;993.9;993.9;993.6;962.7;26.3;24.4;26.4;24.6;24.7;23.6;95.0;88.0;89.0;204.0;3.4;1.2
2023/03/26;1400 UTC;0.0;993.7;994.0;993.7;1946.4;27.7;24.3;27.7;25.7;24.8;23.4;92.0;80.0;82.0;162.0;3.1;1.3
2023/03/26;1500 UTC;0.0;993.2;993.7;993.2;2585.9;29.8;24.8;30.1;27.7;25.3;23.1;84.0;70.0;75.0;232.0;2.5;0.8
2023/03/26;1600 UTC;0.0;991.8;993.2;991.8;2461.0;30.0;24.3;30.5;29.3;25.7;23.3;78.0;68.0;71.0;133.0;3.2;1.3
2023/03/26;1700 UTC;0.0;990.1;991.8;990.1;2952.1;30.2;24.7;31.1;29.6;25.5;23.5;76.0;66.0;73.0;152.0;5.9;3.2
2023/03/26;1800 UTC;0.0;989.4;990.1;989.2;2899.1;31.2;24.2;31.6;30.1;25.7;23.1;73.0;64.0;67.0;151.0;5.9;2.6
2023/03/26;1900 UTC;0.0;988.5;989.5;988.5;2201.7;31.1;23.5;31.4;31.0;24.4;22.9;68.0;61.0;64.0;167.0;5.7;2.1
2023/03/26;2000 UTC;0.0;988.5;988.6;988.4;1358.5;31.0;24.1;31.4;30.9;24.6;22.9;68.0;62.0;67.0;146.0;4.7;2.4
2023/03/26;2100 UTC;0.0;988.3;988.7;988.2;474.0;29.9;24.6;31.0;29.9;25.6;23.4;76.0;65.0;73.0;191.0;4.7;1.1
2023/03/26;2200 UTC;0.0;989.1;989.1;988.3;45.4;26.5;25.9;29.9;26.5;26.6;24.5;96.0;73.0;96.0;72.0;2.3;0.6
2023/03/26;2300 UTC;0.0;990.6;990.6;989.1;;25.8;25.5;26.5;25.8;25.9;25.4;100.0;95.0;99.0;30.0;1.4;0.8
2023/03/27;0000 UTC;;;;;;;;;;;;;;;;;
2023/03/27;0100 UTC;0.0;991.6;991.6;990.6;;25.5;25.5;26.0;25.2;25.6;25.2;100.0;97.0;100.0;347.0;1.8;1.1
2023/03/27;0200 UTC;0.0;991.5;991.7;991.4;;25.3;25.2;25.6;25.2;25.5;25.2;100.0;99.0;100.0;349.0;1.8;0.6
2023/03/27;0300 UTC;0.0;991.2;991.5;991.2;;25.0;25.0;25.5;25.0;25.4;25.0;100.0;99.0;100.0;117.0;1.2;0.3
2023/03/27;0400 UTC;0.0;990.9;991.2;990.8;;24.9;24.9;25.0;24.6;25.0;24.6;100.0;100.0;100.0;272.0;0.8;0.4
2023/03/27;0500 UTC;0.0;990.9;991.0;990.8;;24.9;24.7;25.3;24.7;25.2;24.7;100.0;98.0;99.0;345.0;2.5;1.0
2023/03/27;0600 UTC;0.0;990.6;990.9;990.4;;24.8;23.6;25.0;24.7;24.7;23.6;99.0;93.0;93.0;4.0;3.3;1.4
2023/03/27;0700 UTC;0.0;990.4;990.7;990.3;;24.1;23.8;24.8;24.1;23.8;23.6;98.0;93.0;98.0;16.0;3.3;0.3
2023/03/27;0800 UTC;0.0;990.7;990.7;990.3;;24.4;23.5;24.4;23.9;24.0;23.4;100.0;94.0;95.0;7.0;3.2;1.4
2023/03/27;0900 UTC;0.0;990.8;990.8;990.5;;24.0;23.3;24.6;23.9;23.4;22.9;97.0;91.0;96.0;360.0;3.9;0.8
2023/03/27;1000 UTC;0.0;991.7;991.7;990.7;31.9;24.4;23.8;24.4;23.9;23.9;23.3;99.0;96.0;97.0;193.0;2.0;0.8
2023/03/27;1100 UTC;0.0;992.2;992.2;991.7;398.4;25.9;24.7;25.9;24.4;24.7;23.6;98.0;92.0;93.0;356.0;1.9;0.9
2023/03/27;1200 UTC;0.0;993.0;993.0;992.2;1290.4;27.5;24.1;27.5;25.8;24.6;23.6;93.0;80.0;81.0;317.0;3.5;1.3
2023/03/27;1300 UTC;0.0;992.9;993.1;992.9;1646.1;28.6;24.4;28.6;27.2;24.6;23.6;84.0;77.0;78.0;292.0;3.8;1.5
2023/03/27;1400 UTC;0.0;992.6;992.9;992.6;2238.6;28.9;23.2;29.7;27.9;24.9;23.2;83.0;70.0;71.0;296.0;3.5;1.8
2023/03/27;1500 UTC;0.0;991.4;992.6;991.4;3161.5;30.5;24.7;30.9;28.9;24.7;22.9;75.0;64.0;71.0;324.0;3.8;1.7
2023/03/27;1600 UTC;0.0;989.9;991.4;989.9;2508.7;31.3;23.7;31.6;29.8;24.6;22.6;71.0;60.0;64.0;308.0;5.0;2.1
2023/03/27;1700 UTC;0.0;988.7;989.9;988.7;3065.5;31.5;23.5;32.3;30.6;24.5;22.3;66.0;58.0;62.0;329.0;5.1;2.0
2023/03/27;1800 UTC;0.0;988.2;988.8;988.1;2743.0;32.3;24.6;33.2;31.5;24.8;22.9;65.0;58.0;64.0;262.0;4.3;1.5
2023/03/27;1900 UTC;0.0;989.7;989.9;988.0;1277.5;24.1;21.8;32.8;24.1;25.0;21.1;87.0;57.0;87.0;79.0;14.6;6.3
2023/03/27;2000 UTC;19.8;990.6;990.7;989.7;48.0;22.8;22.4;24.0;21.9;22.4;21.7;100.0;87.0;98.0;187.0;16.0;1.6
2023/03/27;2100 UTC;3.0;990.6;990.7;990.2;5.5;22.9;22.5;23.2;22.8;23.2;22.4;100.0;97.0;98.0;153.0;5.4;1.0
2023/03/27;2200 UTC;2.2;990.6;990.7;990.4;;23.5;23.5;23.5;22.8;23.5;22.5;100.0;98.0;100.0;139.0;3.2;1.3
2023/03/27;2300 UTC;1.4;990.3;990.6;990.1;;23.7;23.7;23.7;23.4;23.7;23.4;100.0;100.0;100.0;343.0;3.2;1.7
2023/03/28;0000 UTC;0.2;990.4;990.6;990.3;;23.7;23.6;23.8;23.5;23.8;23.5;100.0;100.0;100.0;214.0;3.5;0.9
2023/03/28;0100 UTC;0.2;991.2;991.2;990.4;;23.6;23.4;24.2;23.6;24.1;23.3;100.0;98.0;99.0;153.0;4.6;1.2
2023/03/28;0200 UTC;0.0;991.7;991.8;991.2;;23.6;23.6;23.6;23.3;23.6;23.3;100.0;98.0;100.0;337.0;2.3;1.1
2023/03/28;0300 UTC;0.0;991.0;991.7;991.0;;23.7;23.7;23.8;23.6;23.8;23.6;100.0;100.0;100.0;281.0;2.2;1.4
2023/03/28;0400 UTC;0.0;991.0;991.1;991.0;;23.7;23.7;23.8;23.6;23.8;23.5;100.0;100.0;100.0;279.0;2.2;0.7
2023/03/28;0500 UTC;0.0;990.5;991.0;990.5;;23.5;23.5;23.8;23.5;23.8;23.5;100.0;100.0;100.0;4.0;1.5;0.5
2023/03/28;0600 UTC;0.0;990.3;990.5;990.3;;23.8;23.8;23.8;23.5;23.8;23.4;100.0;100.0;100.0;322.0;1.5;0.7
2023/03/28;0700 UTC;0.0;990.6;990.6;990.3;;23.7;23.7;23.8;23.6;23.8;23.6;100.0;100.0;100.0;70.0;1.5;0.5
2023/03/28;0800 UTC;0.0;990.9;990.9;990.6;;23.5;23.5;23.8;23.5;23.8;23.5;100.0;100.0;100.0;11.0;1.4;0.5
2023/03/28;0900 UTC;0.2;991.2;991.3;990.8;;23.4;23.4;23.5;23.3;23.5;23.3;100.0;100.0;100.0;72.0;1.7;0.9
2023/03/28;1000 UTC;0.0;991.6;991.6;991.2;80.8;23.8;23.8;23.9;23.3;23.9;23.3;100.0;100.0;100.0;104.0;1.7;0.4
2023/03/28;1100 UTC;0.0;992.1;992.1;991.6;611.2;25.0;23.8;25.1;23.8;24.1;23.5;100.0;91.0;93.0;137.0;2.0;1.1
2023/03/28;1200 UTC;0.0;992.5;992.5;992.1;1198.5;26.9;24.1;27.0;24.8;24.5;23.5;95.0;83.0;85.0;103.0;2.5;0.9
2023/03/28;1300 UTC;0.0;993.0;993.0;992.5;1632.1;27.3;23.8;27.7;26.5;24.6;23.5;87.0;81.0;81.0;171.0;4.5;2.0
2023/03/28;1400 UTC;0.0;993.0;993.2;993.0;1960.4;28.5;24.3;28.5;27.0;24.8;23.5;84.0;77.0;78.0;148.0;4.6;2.2
2023/03/28;1500 UTC;0.0;992.7;993.1;992.7;2528.2;29.0;24.1;29.6;28.0;25.2;23.5;81.0;72.0;75.0;114.0;4.0;1.2
2023/03/28;1600 UTC;0.0;991.3;992.7;991.3;2284.8;30.5;24.5;30.5;28.7;25.5;23.5;81.0;69.0;71.0;42.0;3.7;0.8
2023/03/28;1700 UTC;0.0;989.5;991.3;989.5;2848.4;29.8;23.6;31.4;29.4;25.9;23.6;76.0;67.0;69.0;169.0;4.4;2.4
2023/03/28;1800 UTC;0.0;988.6;989.5;988.5;2495.9;30.4;23.9;31.1;29.7;25.5;23.5;73.0;65.0;68.0;166.0;4.7;2.6
2023/03/28;1900 UTC;0.0;989.5;989.5;988.6;1090.3;25.0;23.6;31.0;25.0;25.0;22.6;92.0;66.0;92.0;34.0;7.0;1.4
2023/03/28;2000 UTC;9.6;987.8;989.8;987.8;49.8;23.8;23.2;25.0;23.4;23.8;22.7;99.0;92.0;96.0;164.0;6.1;1.6
2023/03/28;2100 UTC;0.0;988.5;988.5;987.6;53.8;23.9;23.6;24.1;23.7;24.0;22.9;100.0;94.0;98.0;123.0;2.4;0.5
2023/03/28;2200 UTC;0.2;989.5;989.5;988.5;4.6;24.3;24.3;24.4;23.9;24.4;23.8;100.0;97.0;100.0;295.0;1.9;0.3
2023/03/28;2300 UTC;0.0;989.8;990.0;989.4;;24.2;24.1;24.3;24.1;24.2;24.1;100.0;100.0;100.0;6.0;1.2;0.5
2023/03/29;0000 UTC;0.0;990.3;990.4;989.8;;24.1;24.1;24.6;24.1;24.6;24.1;100.0;99.0;100.0;334.0;2.0;0.9
2023/03/29;0100 UTC;0.0;990.7;990.7;990.3;;23.9;23.9;24.3;23.9;24.2;23.9;100.0;99.0;100.0;16.0;1.5;0.3
2023/03/29;0200 UTC;0.0;990.8;990.8;990.7;;23.9;23.9;24.1;23.8;24.1;23.8;100.0;100.0;100.0;76.0;2.3;0.4
2023/03/29;0300 UTC;0.0;990.3;990.8;990.3;;23.9;23.9;24.1;23.8;24.0;23.8;100.0;100.0;100.0;9.0;0.8;0.3
2023/03/29;0400 UTC;0.0;990.2;990.3;990.2;;24.0;24.0;24.3;23.7;24.3;23.7;100.0;100.0;100.0;49.0;1.7;0.6
2023/03/29;0500 UTC;0.0;990.0;990.2;990.0;;24.0;24.0;24.1;24.0;24.1;24.0;100.0;100.0;100.0;77.0;1.8;0.8
2023/03/29;0600 UTC;0.0;989.9;990.0;989.9;;23.7;23.7;24.0;23.7;24.0;23.7;100.0;99.0;100.0;33.0;2.0;0.6
2023/03/29;0700 UTC;0.0;989.8;989.9;989.8;;24.0;24.0;24.0;23.6;24.0;23.6;100.0;100.0;100.0;2.0;1.6;0.7
2023/03/29;0800 UTC;0.0;990.0;990.0;989.8;;24.0;24.0;24.2;23.9;24.2;23.9;100.0;100.0;100.0;146.0;1.6;0.3
2023/03/29;0900 UTC;0.2;990.5;990.5;990.0;;23.8;23.8;24.0;23.6;24.0;23.6;100.0;100.0;100.0;18.0;1.1;0.5
2023/03/29;1000 UTC;0.0;991.2;991.2;990.5;55.6;24.5;24.5;24.5;23.8;24.5;23.7;100.0;100.0;100.0;216.0;1.1;0.3
2023/03/29;1100 UTC;0.0;991.7;991.8;991.2;728.8;26.3;24.4;26.4;24.5;25.6;24.4;100.0;89.0;89.0;351.0;2.0;0.9
2023/03/29;1200 UTC;0.0;992.5;992.5;991.7;1455.5;27.7;24.1;27.8;26.3;25.0;24.0;91.0;81.0;81.0;342.0;4.1;2.2
2023/03/29;1300 UTC;0.0;992.9;992.9;992.5;1627.5;28.6;23.6;28.8;27.3;25.2;23.5;85.0;75.0;75.0;330.0;4.4;2.1
2023/03/29;1400 UTC;0.0;992.6;992.9;992.5;2050.6;29.9;22.9;30.2;28.4;25.1;22.9;80.0;66.0;66.0;16.0;4.3;1.5
2023/03/29;1500 UTC;0.0;991.8;992.7;991.8;2323.6;30.3;23.9;30.7;29.1;25.5;23.1;77.0;66.0;69.0;291.0;4.2;1.5
2023/03/29;1600 UTC;0.0;990.5;991.8;990.5;2771.0;32.0;24.9;32.0;29.9;25.3;23.0;74.0;61.0;66.0;101.0;3.4;1.4
2023/03/29;1700 UTC;0.0;989.2;990.5;989.2;2417.9;31.8;23.4;32.5;30.8;24.7;23.0;70.0;60.0;61.0;311.0;3.1;1.4
2023/03/29;1800 UTC;0.0;988.9;989.3;988.9;914.9;29.5;25.0;32.0;29.5;25.9;22.8;78.0;61.0;76.0;164.0;4.0;2.1
2023/03/29;1900 UTC;0.0;988.5;989.0;988.4;656.1;28.5;24.9;29.5;28.4;26.0;24.9;84.0;76.0;81.0;175.0;4.6;1.7
2023/03/29;2000 UTC;0.0;988.4;988.7;988.4;440.4;28.2;25.5;28.6;28.2;25.7;25.0;86.0;81.0;85.0;186.0;3.3;1.5
2023/03/29;2100 UTC;0.0;989.2;989.3;988.4;181.1;27.8;26.0;28.2;27.7;26.0;25.4;90.0;85.0;90.0;192.0;2.6;0.7
2023/03/29;2200 UTC;0.0;989.2;989.3;988.8;8.5;26.7;26.1;27.8;26.4;26.2;25.8;98.0;89.0;97.0;325.0;2.1;1.4
2023/03/29;2300 UTC;0.6;989.7;990.0;989.2;;24.5;24.0;26.7;24.4;26.1;23.5;98.0;88.0;97.0;4.0;7.4;0.4
2023/03/30;0000 UTC;0.2;990.1;990.2;989.6;;24.9;24.3;25.1;24.3;24.6;23.7;99.0;95.0;97.0;208.0;2.5;1.0
2023/03/30;0100 UTC;0.0;991.0;991.1;990.1;;24.7;24.7;25.0;24.6;24.9;24.3;100.0;96.0;100.0;116.0;2.8;0.6
2023/03/30;0200 UTC;0.0;991.8;991.8;991.0;;24.9;24.9;25.0;24.7;24.9;24.6;100.0;99.0;100.0;360.0;1.1;0.3
2023/03/30;0300 UTC;0.0;991.6;991.8;991.5;;25.0;25.0;25.0;24.9;25.0;24.9;100.0;100.0;100.0;32.0;0.8;0.3
2023/03/30;0400 UTC;0.0;991.5;991.6;991.5;;25.3;25.2;25.4;25.0;25.4;25.0;100.0;100.0;100.0;265.0;1.9;0.5
2023/03/30;0500 UTC;0.0;991.2;991.5;991.2;;25.1;25.1;25.3;25.0;25.3;25.0;100.0;99.0;100.0;327.0;1.8;0.5
2023/03/30;0600 UTC;0.2;990.8;991.2;990.8;;24.9;24.8;25.1;24.8;25.1;24.8;100.0;99.0;100.0;258.0;1.6;0.9
2023/03/30;0700 UTC;0.0;990.8;990.8;990.5;;24.6;24.5;24.9;24.3;24.8;24.3;100.0;100.0;100.0;289.0;1.6;0.6
2023/03/30;0800 UTC;0.0;991.3;991.3;990.8;;24.3;24.3;24.6;24.1;24.5;24.1;100.0;100.0;100.0;124.0;1.2;0.6
2023/03/30;0900 UTC;0.0;991.7;991.8;991.3;;25.0;25.0;25.1;24.2;25.1;24.1;100.0;100.0;100.0;282.0;1.6;0.7
2023/03/30;1000 UTC;0.0;992.1;992.1;991.7;72.7;25.1;25.1;25.2;24.4;25.2;24.4;100.0;100.0;100.0;111.0;1.3;0.1
2023/03/30;1100 UTC;0.0;993.0;993.0;992.1;552.5;27.4;25.7;27.4;25.1;26.1;25.1;100.0;90.0;91.0;66.0;1.4;0.5
2023/03/30;1200 UTC;0.0;993.5;993.5;993.0;1507.4;29.0;25.2;29.1;27.2;25.9;24.7;92.0;79.0;80.0;228.0;2.4;0.9
2023/03/30;1300 UTC;0.0;993.8;993.8;993.5;2060.5;29.9;24.9;30.0;28.5;26.0;24.3;83.0;73.0;75.0;129.0;3.3;0.9
2023/03/30;1400 UTC;0.0;993.4;993.8;993.4;2410.3;30.5;23.9;31.3;29.5;25.5;22.8;77.0;62.0;68.0;124.0;4.1;1.6
2023/03/30;1500 UTC;0.0;992.7;993.4;992.7;2302.8;31.6;24.6;31.6;30.1;24.8;23.0;73.0;63.0;67.0;71.0;4.8;1.4
2023/03/30;1600 UTC;0.0;991.6;992.7;991.6;1784.2;30.8;24.1;32.6;30.6;25.8;22.8;73.0;60.0;68.0;76.0;4.2;1.1
2023/03/30;1700 UTC;0.0;990.5;991.6;990.5;2479.0;32.7;23.5;33.0;30.8;24.4;22.4;68.0;56.0;58.0;256.0;3.4;0.8
2023/03/30;1800 UTC;0.0;989.5;990.5;989.5;1617.1;32.6;23.1;33.0;31.1;24.8;22.5;69.0;55.0;57.0;254.0;2.3;0.6
2023/03/30;1900 UTC;0.0;988.7;989.5;988.7;1257.8;32.8;23.2;33.0;30.9;25.4;22.4;72.0;56.0;57.0;275.0;2.7;1.5
2023/03/30;2000 UTC;0.0;988.6;988.7;988.6;1284.2;32.8;21.8;33.5;32.5;24.0;21.8;59.0;52.0;52.0;212.0;2.7;0.8
2023/03/30;2100 UTC;0.0;988.4;988.8;988.4;292.4;28.6;26.2;33.2;28.6;26.5;21.9;88.0;52.0;87.0;144.0;2.3;0.7
2023/03/30;2200 UTC;0.0;989.0;989.0;988.4;16.1;27.9;24.7;28.6;26.6;26.7;24.6;96.0;82.0;83.0;271.0;4.9;2.5
2023/03/30;2300 UTC;0.0;989.2;989.2;988.9;;26.1;24.9;27.9;26.1;25.4;24.6;96.0;83.0;93.0;231.0;4.9;0.6
2023/03/31;0000 UTC;0.0;989.7;989.7;989.2;;25.8;24.8;26.4;25.5;25.2;24.7;97.0;92.0;94.0;296.0;3.7;0.9
2023/03/31;0100 UTC;0.0;990.5;990.5;989.7;;25.2;25.0;26.1;25.1;25.1;24.8;99.0;94.0;99.0;339.0;2.8;0.6
2023/03/31;0200 UTC;0.0;991.3;991.3;990.5;;24.9;24.9;25.2;24.7;25.1;24.7;100.0;99.0;100.0;16.0;1.5;0.5
2023/03/31;0300 UTC;0.0;991.2;991.3;991.2;;25.0;24.9;25.1;24.8;25.1;24.8;100.0;100.0;100.0;10.0;0.9;0.3
2023/03/31;0400 UTC;0.0;990.7;991.2;990.7;;25.2;25.2;25.4;24.9;25.4;24.9;100.0;100.0;100.0;266.0;1.8;0.5
2023/03/31;0500 UTC;0.0;990.2;990.7;990.2;;24.8;24.7;25.4;24.8;25.3;24.7;100.0;99.0;100.0;285.0;1.2;0.3
2023/03/31;0600 UTC;0.0;990.0;990.3;990.0;;24.8;24.8;24.9;24.5;24.9;24.5;100.0;100.0;100.0;249.0;0.9;0.3
2023/03/31;0700 UTC;0.0;989.8;990.0;989.8;;24.8;24.8;25.0;24.4;25.0;24.4;100.0;100.0;100.0;272.0;0.8;0.3
2023/03/31;0800 UTC;0.0;989.8;989.8;989.6;;24.6;24.6;25.3;24.5;25.3;24.5;100.0;100.0;100.0;58.0;1.3;0.3
2023/03/31;0900 UTC;0.0;990.9;990.9;989.8;;25.5;25.5;25.5;24.5;25.5;24.5;100.0;100.0;100.0;82.0;6.7;2.2
2023/03/31;1000 UTC;0.0;991.9;991.9;990.8;43.4;25.0;24.6;25.8;25.0;25.7;24.6;100.0;96.0;97.0;52.0;6.7;1.0
2023/03/31;1100 UTC;0.0;993.3;993.3;991.8;165.4;24.7;23.6;25.0;24.5;24.6;23.4;98.0;93.0;94.0;59.0;4.5;2.0
2023/03/31;1200 UTC;0.0;993.4;993.4;993.2;712.8;25.3;22.7;26.1;24.7;23.7;22.2;94.0;81.0;85.0;79.0;7.8;1.2
2023/03/31;1300 UTC;0.0;994.1;994.1;993.4;1028.3;26.2;23.0;26.9;25.3;23.6;22.4;86.0;78.0;83.0;314.0;3.6;1.7
2023/03/31;1400 UTC;0.0;994.0;994.1;993.9;760.2;25.8;23.6;26.4;25.7;23.9;22.9;89.0;82.0;88.0;312.0;4.3;1.8
2023/03/31;1500 UTC;0.0;993.2;994.0;993.2;563.2;25.8;23.1;25.9;25.3;23.9;22.8;91.0;84.0;85.0;354.0;4.2;1.1
2023/03/31;1600 UTC;0.0;992.2;993.2;992.2;1221.9;26.7;22.4;27.2;25.8;23.8;22.3;87.0;77.0;77.0;290.0;3.1;1.4
2023/03/31;1700 UTC;0.0;990.8;992.2;990.8;1946.6;28.6;23.9;28.6;26.7;24.4;22.9;82.0;73.0;76.0;16.0;3.1;0.7
2023/03/31;1800 UTC;0.0;990.2;990.8;990.2;2649.9;29.7;23.7;30.0;28.6;24.9;22.8;77.0;67.0;70.0;316.0;3.9;1.8
2023/03/31;1900 UTC;0.0;990.1;990.3;989.9;2012.3;30.2;24.5;30.6;29.5;25.1;23.0;74.0;67.0;72.0;357.0;4.9;1.8
2023/03/31;2000 UTC;0.0;989.5;990.1;989.5;1219.1;29.9;24.2;30.7;29.8;24.9;23.5;72.0;68.0;71.0;329.0;4.9;2.3
2023/03/31;2100 UTC;0.0;989.4;989.5;989.4;477.2;28.2;24.9;30.0;28.2;24.9;23.7;83.0;69.0;82.0;23.0;4.2;0.7
2023/03/31;2200 UTC;0.0;989.6;989.6;989.3;13.1;25.8;25.4;28.2;25.8;25.6;24.7;98.0;82.0;97.0;32.0;1.5;0.4
2023/03/31;2300 UTC;0.0;990.7;990.7;989.6;;25.3;25.2;25.8;25.1;25.4;24.9;100.0;97.0;99.0;35.0;1.3;0.4
2023/04/01;0000 UTC;0.0;991.5;991.5;990.7;;25.4;25.2;25.9;25.2;25.5;25.1;100.0;96.0;99.0;4.0;2.4;0.4
2023/04/01;0100 UTC;0.0;991.7;991.7;991.5;;25.1;25.1;25.5;24.9;25.3;24.9;100.0;99.0;100.0;151.0;2.0;0.3
2023/04/01;0200 UTC;;;;;;;;;;;;;;;;;
2023/04/01;0300 UTC;0.0;991.6;991.6;991.4;;24.4;24.4;25.2;24.4;25.0;24.4;100.0;96.0;100.0;98.0;2.0;0.5
2023/04/01;0400 UTC;0.0;991.2;991.6;991.1;;24.5;24.5;24.6;24.3;24.6;24.3;100.0;100.0;100.0;4.0;1.3;0.7
2023/04/01;0500 UTC;0.0;990.9;991.2;990.8;;24.7;24.7;24.9;24.3;24.9;24.3;100.0;99.0;100.0;325.0;1.8;0.6
2023/04/01;0600 UTC;0.0;990.4;990.9;990.4;;24.7;24.6;25.1;24.5;25.0;24.5;100.0;99.0;99.0;294.0;2.5;0.6
2023/04/01;0700 UTC;0.0;990.6;990.7;990.4;;24.6;24.6;24.8;24.3;24.8;24.3;100.0;99.0;100.0;276.0;1.8;0.7
2023/04/01;0800 UTC;0.0;990.5;990.6;990.5;;24.4;24.4;24.7;24.3;24.7;24.3;100.0;100.0;100.0;290.0;1.6;0.9
2023/04/01;0900 UTC;0.0;990.6;990.6;990.4;;23.9;23.9;24.6;23.9;24.6;23.9;100.0;100.0;100.0;31.0;1.8;0.7
2023/04/01;1000 UTC;0.0;992.9;992.9;990.6;4.6;22.3;21.2;24.7;22.3;24.6;21.2;100.0;92.0;94.0;57.0;10.6;3.8
2023/04/01;1100 UTC;0.0;993.7;993.7;992.8;54.6;22.1;21.5;22.3;22.0;21.5;21.2;97.0;94.0;97.0;75.0;8.9;2.1
2023/04/01;1200 UTC;2.4;992.2;993.8;992.2;255.7;22.4;22.1;22.4;21.9;22.2;21.5;99.0;97.0;98.0;43.0;4.4;1.6
2023/04/01;1300 UTC;0.2;993.5;993.5;992.1;1091.1;25.1;23.8;25.1;22.4;23.8;22.0;99.0;88.0;92.0;347.0;4.4;1.4
2023/04/01;1400 UTC;0.0;993.1;993.5;993.1;2938.8;27.0;23.7;27.1;24.9;24.0;22.0;92.0;78.0;82.0;282.0;4.8;2.4
2023/04/01;1500 UTC;0.0;992.7;993.6;992.7;1757.3;26.7;22.6;28.2;26.4;24.9;22.2;85.0;74.0;78.0;187.0;4.1;1.9
2023/04/01;1600 UTC;0.0;991.5;992.7;991.5;2663.3;27.7;22.4;28.0;26.6;23.9;22.1;81.0;72.0;73.0;174.0;4.9;1.8
2023/04/01;1700 UTC;0.0;990.4;991.5;990.4;3201.4;29.2;22.6;29.9;27.7;24.3;22.0;75.0;65.0;67.0;326.0;4.2;1.5
2023/04/01;1800 UTC;0.0;989.7;990.4;989.7;1944.2;29.8;23.4;30.0;28.9;24.3;22.1;73.0;66.0;69.0;319.0;4.9;1.6
2023/04/01;1900 UTC;0.0;988.6;989.7;988.6;1859.8;28.9;23.0;30.3;28.8;24.3;22.6;73.0;66.0;70.0;326.0;5.2;2.7
2023/04/01;2000 UTC;0.0;988.3;988.8;988.3;1345.7;29.0;22.8;29.7;28.9;24.0;22.3;73.0;66.0;69.0;352.0;5.2;2.1
2023/04/01;2100 UTC;0.0;988.7;988.8;988.3;507.4;27.2;23.8;29.3;27.2;23.8;22.7;82.0;69.0;82.0;4.0;5.1;0.9
2023/04/01;2200 UTC;0.0;988.7;988.7;988.4;14.0;25.6;23.6;27.3;25.5;24.3;23.2;92.0;78.0;88.0;343.0;3.4;1.1
2023/04/01;2300 UTC;0.0;989.2;989.2;988.6;;23.9;23.6;25.6;23.9;24.4;23.5;98.0;88.0;98.0;360.0;2.3;0.8
2023/04/02;0000 UTC;0.0;990.0;990.0;989.2;;24.3;23.6;24.4;23.9;23.8;23.5;98.0;94.0;96.0;340.0;2.6;1.0
2023/04/02;0100 UTC;0.0;990.5;990.6;990.0;;24.2;23.1;24.4;23.9;23.8;23.1;98.0;94.0;94.0;314.0;2.9;1.4
2023/04/02;0200 UTC;0.0;990.7;990.7;990.5;;23.9;22.8;24.2;23.6;23.2;22.8;96.0;93.0;94.0;304.0;2.9;1.4
2023/04/02;0300 UTC;0.0;990.9;990.9;990.7;;23.6;22.9;23.9;23.4;23.2;22.8;98.0;94.0;96.0;307.0;2.5;1.0
2023/04/02;0400 UTC;0.0;991.0;991.1;990.8;;23.2;22.8;23.6;23.2;23.0;22.8;98.0;96.0;98.0;275.0;2.6;0.5
2023/04/02;0500 UTC;0.0;990.9;991.2;990.9;;22.6;22.6;23.2;22.6;23.0;22.6;100.0;98.0;100.0;72.0;1.7;0.6
2023/04/02;0600 UTC;0.0;990.2;990.9;990.2;;22.6;22.6;22.7;22.4;22.7;22.4;100.0;100.0;100.0;2.0;2.0;0.9
2023/04/02;0700 UTC;0.0;990.3;990.4;990.2;;22.2;22.2;22.6;22.2;22.6;22.2;100.0;100.0;100.0;117.0;1.8;0.3
2023/04/02;0800 UTC;0.2;990.4;990.4;990.2;;21.9;21.9;22.3;21.8;22.3;21.8;100.0;100.0;100.0;13.0;1.0;0.4
2023/04/02;0900 UTC;0.0;990.8;990.8;990.4;;21.9;21.9;22.1;21.6;22.1;21.6;100.0;100.0;100.0;87.0;1.0;0.2
2023/04/02;1000 UTC;0.0;991.4;991.4;990.8;45.1;22.6;22.6;22.6;21.8;22.6;21.8;100.0;100.0;100.0;39.0;1.3;0.8
2023/04/02;1100 UTC;0.0;992.0;992.0;991.4;689.2;25.2;23.4;25.2;22.6;23.5;22.3;100.0;89.0;90.0;327.0;2.0;1.2
2023/04/02;1200 UTC;0.0;992.6;992.6;992.0;1375.9;27.1;23.3;27.1;25.2;24.0;22.7;91.0;78.0;79.0;30.0;3.2;1.4
2023/04/02;1300 UTC;0.0;992.9;993.0;992.6;2026.3;28.5;23.0;28.5;27.0;23.8;22.2;80.0;71.0;72.0;347.0;4.6;1.8
2023/04/02;1400 UTC;0.0;992.7;992.9;992.7;2565.8;30.2;23.0;30.3;28.2;24.0;22.0;73.0;65.0;66.0;14.0;5.3;1.6
2023/04/02;1500 UTC;0.0;991.7;992.7;991.7;3205.6;30.7;23.0;31.2;29.2;24.0;21.7;70.0;60.0;64.0;359.0;4.8;2.1
2023/04/02;1600 UTC;0.0;990.8;991.7;990.8;3520.0;32.0;23.5;32.0;30.4;23.6;21.8;66.0;57.0;61.0;326.0;5.7;1.7
2023/04/02;1700 UTC;0.0;989.9;990.8;989.9;3100.5;32.0;22.4;32.1;30.5;23.2;21.5;61.0;55.0;57.0;345.0;5.3;1.4
2023/04/02;1800 UTC;0.0;988.8;989.9;988.8;2800.8;32.6;22.0;32.8;31.5;23.6;21.7;60.0;53.0;53.0;331.0;5.1;2.0
2023/04/02;1900 UTC;0.0;987.8;988.8;987.8;2063.7;32.0;21.9;33.1;31.6;23.5;21.3;61.0;53.0;55.0;312.0;4.5;2.1
2023/04/02;2000 UTC;0.0;987.4;987.8;987.3;1240.6;31.3;23.1;32.6;31.2;23.2;21.8;62.0;54.0;62.0;319.0;4.3;2.5
2023/04/02;2100 UTC;0.0;987.8;987.8;987.4;463.5;28.4;24.9;31.5;28.4;24.9;22.1;82.0;59.0;82.0;345.0;4.1;0.6
2023/04/02;2200 UTC;0.0;988.5;988.5;987.8;5.3;25.6;24.7;28.4;25.6;25.0;23.7;95.0;79.0;95.0;41.0;2.0;0.4
2023/04/02;2300 UTC;0.0;989.7;989.7;988.5;;25.0;24.7;25.6;25.0;25.0;24.4;98.0;93.0;98.0;135.0;0.8;0.2
2023/04/03;0000 UTC;0.0;990.6;990.7;989.7;;24.6;24.5;25.0;24.6;24.8;24.4;99.0;97.0;99.0;149.0;0.8;0.2
2023/04/03;0100 UTC;0.0;991.0;991.2;990.6;;24.7;24.5;25.1;24.4;25.1;24.2;100.0;99.0;99.0;240.0;2.6;0.4
2023/04/03;0200 UTC;0.0;991.3;991.4;991.0;;24.8;24.1;25.3;24.6;24.8;24.1;100.0;93.0;96.0;121.0;3.0;0.6
2023/04/03;0300 UTC;0.0;991.6;991.7;991.3;;24.0;23.9;24.9;23.9;24.2;23.8;100.0;94.0;99.0;149.0;1.7;0.7
2023/04/03;0400 UTC;0.0;990.9;991.6;990.9;;24.1;24.1;24.2;24.0;24.1;23.9;100.0;99.0;100.0;120.0;1.2;0.4
2023/04/03;0500 UTC;0.0;990.2;990.9;990.2;;24.0;24.0;24.2;24.0;24.2;24.0;100.0;100.0;100.0;80.0;1.0;0.4
2023/04/03;0600 UTC;0.0;989.7;990.2;989.7;;24.2;23.9;24.4;23.8;24.3;23.8;100.0;98.0;98.0;160.0;5.6;0.5
2023/04/03;0700 UTC;0.0;989.2;989.7;989.2;;23.4;23.4;24.2;23.4;24.0;23.4;100.0;98.0;100.0;259.0;1.3;0.3
2023/04/03;0800 UTC;0.0;989.4;989.4;989.2;;23.2;23.2;23.7;23.0;23.7;23.0;100.0;100.0;100.0;102.0;1.6;0.3
2023/04/03;0900 UTC;0.0;990.3;990.3;989.4;;23.3;23.3;23.4;22.9;23.4;22.9;100.0;100.0;100.0;148.0;2.0;0.7
2023/04/03;1000 UTC;0.0;991.1;991.1;990.3;66.6;24.2;24.1;24.2;23.2;24.1;23.2;100.0;99.0;99.0;158.0;1.7;1.0
2023/04/03;1100 UTC;0.0;991.8;991.8;991.1;706.6;26.2;23.9;26.2;24.2;24.2;23.5;99.0;86.0;87.0;176.0;3.2;1.5
2023/04/03;1200 UTC;0.0;992.6;992.6;991.8;964.2;27.0;24.2;27.0;26.1;24.3;23.4;88.0;83.0;85.0;144.0;3.5;1.1
2023/04/03;1300 UTC;0.0;993.1;993.1;992.5;1783.7;28.6;24.0;29.1;27.0;24.9;23.7;84.0;74.0;76.0;57.0;2.3;0.9
2023/04/03;1400 UTC;0.0;992.5;993.1;992.5;1740.5;29.1;23.8;29.9;28.6;25.4;23.6;79.0;71.0;73.0;324.0;3.0;1.1
2023/04/03;1500 UTC;0.0;991.6;992.5;991.6;1473.3;28.0;22.7;30.5;28.0;24.6;22.7;77.0;66.0;73.0;170.0;5.3;2.6
2023/04/03;1600 UTC;0.0;990.1;991.6;990.1;2148.3;30.2;22.7;30.6;27.5;24.1;21.7;74.0;59.0;64.0;167.0;5.3;0.9
2023/04/03;1700 UTC;0.0;989.4;990.1;989.4;696.4;27.6;24.3;30.2;27.6;24.5;22.7;83.0;64.0;82.0;307.0;4.7;2.0
2023/04/03;1800 UTC;0.0;989.0;989.5;989.0;500.9;26.5;23.3;27.6;25.3;24.2;22.3;90.0;79.0;82.0;326.0;5.1;1.4
2023/04/03;1900 UTC;0.0;989.4;989.4;988.9;526.4;26.8;23.6;26.9;26.4;23.7;22.9;84.0;80.0;83.0;315.0;3.5;1.3
2023/04/03;2000 UTC;0.8;989.2;989.8;989.2;217.0;23.6;22.5;26.8;23.3;24.0;21.8;96.0;82.0;94.0;43.0;10.0;1.6
2023/04/03;2100 UTC;0.0;990.6;990.6;989.1;252.7;23.8;23.2;24.7;23.6;23.2;22.4;96.0;89.0;96.0;143.0;4.1;1.6
2023/04/03;2200 UTC;0.0;990.6;990.9;990.6;2.9;23.4;23.3;23.8;23.4;23.4;23.0;100.0;96.0;100.0;140.0;2.6;1.2
2023/04/03;2300 UTC;0.0;990.2;990.6;990.1;;23.5;23.3;23.5;23.1;23.4;22.5;100.0;94.0;99.0;234.0;1.9;0.6
2023/04/04;0000 UTC;0.0;991.0;991.1;990.2;;23.4;23.3;23.7;23.4;23.5;23.2;99.0;98.0;99.0;330.0;2.0;1.5
2023/04/04;0100 UTC;0.2;991.3;991.3;991.0;;23.4;23.2;23.7;23.3;23.4;23.0;100.0;96.0;99.0;234.0;2.0;0.6
2023/04/04;0200 UTC;0.0;991.9;991.9;991.3;;23.8;23.5;23.8;23.4;23.5;22.9;100.0;95.0;98.0;270.0;2.2;0.9
2023/04/04;0300 UTC;0.0;991.7;991.9;991.6;;23.5;23.4;23.8;23.4;23.6;23.2;100.0;98.0;99.0;182.0;2.3;0.6
2023/04/04;0400 UTC;0.0;991.4;991.8;991.4;;23.4;23.3;23.7;23.3;23.7;23.2;100.0;98.0;100.0;29.0;2.1;0.6
2023/04/04;0500 UTC;0.0;990.6;991.4;990.6;;23.3;23.2;23.4;23.2;23.4;23.2;100.0;100.0;100.0;35.0;1.0;0.2
2023/04/04;0600 UTC;0.2;989.9;990.6;989.9;;23.5;23.5;23.6;23.2;23.6;23.2;100.0;100.0;100.0;198.0;0.9;0.3
2023/04/04;0700 UTC;0.0;989.6;989.9;989.6;;23.5;23.4;23.7;23.4;23.7;23.4;100.0;100.0;100.0;323.0;1.0;0.6
2023/04/04;0800 UTC;0.0;989.3;989.6;989.2;;23.3;23.3;23.5;23.2;23.5;23.2;100.0;100.0;100.0;60.0;1.2;0.5
2023/04/04;0900 UTC;0.0;989.8;989.8;989.3;;23.2;23.2;23.4;23.2;23.4;23.2;100.0;100.0;100.0;81.0;1.3;0.4
2023/04/04;1000 UTC;0.0;990.6;990.6;989.8;41.6;23.4;23.4;23.4;23.2;23.4;23.1;100.0;100.0;100.0;100.0;2.4;0.8
2023/04/04;1100 UTC;0.0;991.4;991.4;990.6;382.2;24.4;23.7;24.5;23.4;24.1;23.4;100.0;95.0;96.0;178.0;1.7;0.7
2023/04/04;1200 UTC;0.2;991.9;991.9;991.4;764.7;25.6;23.1;26.0;24.4;24.4;23.0;97.0;85.0;86.0;121.0;4.4;1.9
2023/04/04;1300 UTC;0.0;992.1;992.2;991.9;1529.8;27.5;23.3;27.6;25.7;23.7;22.6;87.0;77.0;78.0;125.0;4.4;1.3
2023/04/04;1400 UTC;0.0;991.8;992.2;991.8;2326.2;28.3;23.3;28.7;27.2;24.0;22.5;80.0;72.0;74.0;157.0;4.4;1.8
2023/04/04;1500 UTC;0.0;990.9;991.8;990.9;2787.5;28.8;23.9;29.7;28.0;24.3;22.7;77.0;68.0;75.0;127.0;4.1;1.9
2023/04/04;1600 UTC;0.0;989.7;990.9;989.7;2572.2;30.2;23.5;30.7;28.7;24.6;23.0;76.0;68.0;68.0;162.0;4.2;1.2
2023/04/04;1700 UTC;0.0;988.7;989.7;988.7;2481.5;30.0;23.2;30.6;29.4;24.4;22.9;73.0;65.0;67.0;179.0;4.6;1.9
2023/04/04;1800 UTC;0.0;987.7;988.7;987.7;2381.8;30.5;22.3;31.0;29.7;23.9;22.3;69.0;62.0;62.0;172.0;4.9;2.0
2023/04/04;1900 UTC;0.0;986.7;987.7;986.7;2073.2;30.9;22.6;31.8;30.5;24.2;22.4;66.0;61.0;61.0;156.0;4.0;2.1
2023/04/04;2000 UTC;0.0;986.4;986.7;986.4;1240.7;30.8;22.8;32.3;30.7;23.6;22.1;64.0;58.0;63.0;148.0;3.3;1.3
2023/04/04;2100 UTC;0.0;986.6;986.6;986.4;467.5;28.8;24.3;30.9;28.8;25.0;22.1;80.0;59.0;77.0;72.0;2.8;0.7
2023/04/04;2200 UTC;0.0;986.9;986.9;986.5;17.3;25.3;22.5;28.7;25.3;25.8;21.9;90.0;75.0;85.0;47.0;4.2;0.6
2023/04/04;2300 UTC;0.0;987.5;987.5;986.9;;24.6;22.6;25.3;24.1;23.5;21.9;96.0;83.0;89.0;106.0;5.9;0.7
2023/04/05;0000 UTC;0.0;988.5;988.5;987.4;;23.8;23.2;24.9;23.8;23.5;22.5;98.0;87.0;96.0;278.0;1.6;0.4
2023/04/05;0100 UTC;0.0;989.3;989.3;988.5;;23.9;23.9;23.9;23.6;23.9;23.2;100.0;96.0;100.0;357.0;1.5;0.4
2023/04/05;0200 UTC;0.0;989.7;989.7;989.2;;23.9;23.9;24.0;23.7;24.0;23.7;100.0;100.0;100.0;93.0;1.5;0.3
2023/04/05;0300 UTC;0.0;989.3;989.8;989.3;;23.9;23.9;24.2;23.9;24.2;23.9;100.0;100.0;100.0;106.0;0.7;0.3
2023/04/05;0400 UTC;0.0;988.9;989.3;988.9;;24.0;24.0;24.0;23.7;24.0;23.7;100.0;100.0;100.0;216.0;0.7;0.3
2023/04/05;0500 UTC;0.0;988.4;988.9;988.4;;23.8;23.8;24.1;23.7;24.0;23.7;100.0;100.0;100.0;272.0;0.7;0.2
2023/04/05;0600 UTC;0.0;988.0;988.4;988.0;;23.5;23.5;23.9;23.4;23.9;23.3;100.0;100.0;100.0;198.0;0.9;0.2
2023/04/05;0700 UTC;0.0;988.2;988.3;988.0;;23.3;23.3;23.7;23.3;23.7;23.3;100.0;100.0;100.0;197.0;0.8;0.1
2023/04/05;0800 UTC;0.0;988.2;988.3;988.2;;23.4;23.4;23.4;23.1;23.4;23.1;100.0;100.0;100.0;67.0;0.6;0.2
2023/04/05;0900 UTC;0.0;988.7;988.7;988.1;;23.1;23.1;23.4;23.1;23.4;23.1;100.0;100.0;100.0;198.0;0.9;0.4
2023/04/05;1000 UTC;0.0;989.7;989.7;988.7;54.0;23.7;23.7;23.8;23.1;23.7;23.1;100.0;100.0;100.0;333.0;0.6;0.1
2023/04/05;1100 UTC;0.0;990.4;990.4;989.7;519.4;26.6;24.6;26.6;23.7;25.1;23.7;100.0;88.0;89.0;110.0;2.3;1.0
2023/04/05;1200 UTC;0.0;990.7;990.7;990.4;1265.1;28.5;23.5;28.5;26.6;25.6;23.0;92.0;73.0;74.0;122.0;4.0;2.1
2023/04/05;1300 UTC;0.0;991.0;991.1;990.6;1760.6;29.3;23.6;29.5;28.5;24.3;22.9;75.0;69.0;71.0;113.0;4.6;1.9
2023/04/05;1400 UTC;0.0;990.8;991.2;990.8;2512.4;31.0;23.5;31.3;29.3;24.4;22.8;75.0;63.0;65.0;111.0;4.9;2.0
2023/04/05;1500 UTC;0.0;989.4;990.8;989.4;3001.0;31.0;22.3;32.1;30.7;24.2;22.3;67.0;58.0;60.0;104.0;5.4;2.4
2023/04/05;1600 UTC;0.0;988.5;989.4;988.5;1444.0;28.6;23.6;32.3;28.6;25.0;22.6;75.0;59.0;74.0;1.0;5.0;2.0
2023/04/05;1700 UTC;3.8;987.8;988.6;987.8;510.4;24.1;22.2;28.6;24.1;24.5;21.9;93.0;74.0;90.0;120.0;9.7;2.2
2023/04/05;1800 UTC;0.4;987.0;987.8;987.0;404.2;24.7;23.3;24.7;23.6;23.7;21.6;97.0;86.0;92.0;268.0;5.9;1.3
2023/04/05;1900 UTC;0.2;987.0;987.3;986.9;401.7;24.5;23.2;25.3;24.4;24.3;22.9;96.0;89.0;92.0;344.0;6.0;2.6
2023/04/05;2000 UTC;0.0;986.7;987.0;986.2;647.6;25.1;23.4;26.2;24.5;24.1;23.0;92.0;84.0;91.0;344.0;5.6;1.8
2023/04/05;2100 UTC;0.0;986.8;986.9;986.3;281.7;24.7;23.8;25.6;24.7;23.9;22.9;95.0;85.0;95.0;342.0;3.2;1.3
2023/04/05;2200 UTC;0.0;986.7;986.8;986.6;8.3;23.8;23.8;24.8;23.8;24.2;23.7;100.0;93.0;100.0;48.0;2.5;0.9
2023/04/05;2300 UTC;0.0;987.7;987.7;986.7;;23.8;23.8;24.4;23.8;24.4;23.6;100.0;97.0;100.0;69.0;3.6;0.8
2023/04/06;0000 UTC;0.0;989.2;989.2;987.5;;24.1;24.1;24.2;23.8;24.1;23.7;100.0;99.0;100.0;216.0;1.8;0.4
2023/04/06;0100 UTC;0.0;989.8;989.8;989.2;;23.9;23.8;24.5;23.9;24.3;23.8;100.0;98.0;99.0;127.0;2.7;0.4
2023/04/06;0200 UTC;0.0;990.5;990.6;989.8;;24.0;23.9;24.2;23.7;24.1;23.7;100.0;98.0;99.0;315.0;2.1;0.7
2023/04/06;0300 UTC;0.0;990.3;990.5;990.3;;23.7;23.7;24.2;23.7;24.1;23.7;100.0;98.0;100.0;153.0;1.5;0.3
2023/04/06;0400 UTC;0.0;989.7;990.3;989.7;;23.5;23.5;23.7;23.5;23.7;23.4;100.0;100.0;100.0;31.0;1.4;0.4
2023/04/06;0500 UTC;0.0;989.9;989.9;989.7;;23.7;23.7;23.7;23.3;23.7;23.3;100.0;100.0;100.0;161.0;1.1;0.5
2023/04/06;0600 UTC;0.0;989.5;989.9;989.5;;24.4;24.2;24.5;23.7;24.5;23.7;100.0;99.0;99.0;214.0;3.1;1.1
2023/04/06;0700 UTC;0.0;988.9;989.5;988.7;;23.3;22.8;24.4;23.3;24.1;22.8;99.0;95.0;97.0;203.0;3.1;0.7
2023/04/06;0800 UTC;0.0;988.8;989.1;988.8;;23.4;22.7;23.5;23.0;23.2;22.5;100.0;94.0;95.0;185.0;2.1;1.2
2023/04/06;0900 UTC;0.0;989.0;989.0;988.7;;23.1;23.0;23.5;23.0;23.1;22.4;100.0;95.0;100.0;342.0;2.1;0.3
2023/04/06;1000 UTC;0.0;989.4;989.4;989.0;29.4;23.8;23.7;23.8;23.1;23.7;23.0;100.0;99.0;100.0;141.0;2.0;1.0
2023/04/06;1100 UTC;0.2;990.4;990.4;989.4;275.7;24.0;23.0;24.1;23.8;23.7;22.7;100.0;93.0;94.0;76.0;3.2;1.7
2023/04/06;1200 UTC;0.0;990.9;990.9;990.4;866.4;25.8;23.5;25.8;23.9;23.5;22.5;95.0;85.0;87.0;74.0;5.7;1.7
2023/04/06;1300 UTC;0.0;991.3;991.3;990.9;854.8;26.8;24.0;26.9;25.8;24.7;23.3;90.0;84.0;85.0;37.0;3.1;0.9
2023/04/06;1400 UTC;0.0;991.3;991.3;991.1;1616.3;28.5;24.0;29.0;26.8;24.7;23.3;85.0;74.0;77.0;78.0;2.6;1.0
2023/04/06;1500 UTC;0.0;990.4;991.3;990.4;2125.0;29.5;23.1;29.5;27.8;24.7;22.9;80.0;67.0;68.0;252.0;3.7;0.8
2023/04/06;1600 UTC;0.0;989.1;990.4;989.1;3214.9;30.8;23.2;30.9;29.4;24.5;22.2;72.0;62.0;64.0;195.0;3.5;1.1
2023/04/06;1700 UTC;0.0;987.7;989.1;987.7;2790.3;31.2;22.0;31.4;29.9;24.1;21.4;69.0;56.0;58.0;310.0;3.7;1.5
2023/04/06;1800 UTC;0.0;986.8;987.7;986.7;2386.6;32.1;23.2;32.3;30.6;24.0;21.9;65.0;57.0;59.0;9.0;4.0;1.4
2023/04/06;1900 UTC;0.0;986.4;987.1;986.4;894.6;27.7;23.6;32.1;27.1;23.8;22.3;80.0;59.0;79.0;43.0;8.5;1.5
2023/04/06;2000 UTC;0.0;985.9;986.3;985.6;580.8;28.1;24.7;28.8;27.7;24.7;23.0;82.0;72.0;82.0;83.0;3.6;0.9
2023/04/06;2100 UTC;0.0;986.4;986.4;985.9;198.5;27.3;25.3;28.1;27.3;25.6;24.5;89.0;81.0;89.0;42.0;1.7;0.7
2023/04/06;2200 UTC;0.0;987.3;987.3;986.4;4.4;25.8;25.1;27.3;25.8;25.6;24.6;96.0;89.0;96.0;77.0;1.3;0.4
2023/04/06;2300 UTC;0.0;988.3;988.3;987.3;;25.3;24.7;25.8;25.3;25.2;24.4;98.0;94.0;97.0;7.0;1.6;0.6
2023/04/07;0000 UTC;0.0;989.5;989.6;988.3;;25.7;24.2;26.3;25.3;25.0;24.1;99.0;88.0;92.0;78.0;4.5;1.2
2023/04/07;0100 UTC;0.0;989.7;989.7;989.4;;24.7;23.9;25.7;24.6;24.2;23.8;96.0;91.0;96.0;79.0;2.5;0.4
2023/04/07;0200 UTC;0.0;990.3;990.4;989.7;;24.9;24.3;24.9;24.1;24.3;23.7;99.0;95.0;96.0;14.0;2.9;0.9
2023/04/07;0300 UTC;0.0;990.0;990.3;989.9;;24.1;23.8;24.9;24.1;24.2;23.6;98.0;93.0;98.0;143.0;2.5;0.7
2023/04/07;0400 UTC;0.0;989.4;990.0;989.4;;24.1;24.1;24.3;24.0;24.1;23.7;100.0;97.0;100.0;64.0;1.0;0.2
2023/04/07;0500 UTC;0.0;989.1;989.6;989.1;;24.1;24.1;24.1;24.0;24.1;24.0;100.0;99.0;100.0;61.0;0.7;0.3
2023/04/07;0600 UTC;0.0;988.8;989.1;988.7;;24.1;24.1;24.2;24.1;24.2;24.1;100.0;100.0;100.0;77.0;1.1;0.5
2023/04/07;0700 UTC;0.0;988.8;988.9;988.8;;24.4;24.4;24.4;24.1;24.4;24.1;100.0;100.0;100.0;357.0;1.3;0.5
2023/04/07;0800 UTC;0.0;988.9;989.0;988.8;;24.3;24.0;24.5;24.3;24.4;24.0;100.0;98.0;98.0;360.0;2.1;0.7
2023/04/07;0900 UTC;0.0;989.6;989.6;988.9;;24.0;24.0;24.4;23.9;24.1;23.9;100.0;98.0;100.0;89.0;1.2;0.7
2023/04/07;1000 UTC;0.0;990.7;990.8;989.6;15.8;24.4;24.3;24.4;24.0;24.3;24.0;100.0;99.0;100.0;124.0;1.8;0.5
2023/04/07;1100 UTC;0.0;991.2;991.2;990.7;238.2;24.9;24.2;25.0;24.3;24.5;24.1;100.0;95.0;96.0;139.0;1.6;0.6
2023/04/07;1200 UTC;0.0;992.0;992.0;991.2;745.7;26.6;24.1;26.6;24.9;24.7;23.7;97.0;85.0;86.0;97.0;1.8;1.0
2023/04/07;1300 UTC;0.0;992.5;992.5;992.0;1182.1;27.2;24.0;27.3;26.4;24.4;23.5;87.0;80.0;83.0;23.0;2.5;1.2
2023/04/07;1400 UTC;0.0;992.4;992.6;992.4;1929.8;28.3;24.5;29.0;27.1;25.0;23.6;84.0;75.0;80.0;348.0;4.2;2.2
2023/04/07;1500 UTC;0.0;991.4;992.4;991.4;2339.1;29.6;24.0;29.8;28.3;25.3;23.3;80.0;69.0;72.0;337.0;4.5;2.4
2023/04/07;1600 UTC;0.0;990.4;991.4;990.4;3130.5;31.0;24.0;31.0;29.3;25.1;23.0;73.0;64.0;67.0;340.0;5.2;2.0
2023/04/07;1700 UTC;0.0;989.0;990.4;989.0;2783.1;30.5;23.8;31.0;30.0;25.1;22.7;73.0;62.0;68.0;324.0;5.5;1.7
2023/04/07;1800 UTC;0.0;988.1;989.0;988.0;1771.2;30.1;24.0;31.0;29.4;24.6;23.3;73.0;66.0;70.0;285.0;5.1;2.4
2023/04/07;1900 UTC;0.0;988.0;988.2;987.7;1409.5;30.2;23.6;31.1;29.7;24.8;23.3;73.0;66.0;68.0;275.0;4.4;1.7
2023/04/07;2000 UTC;0.0;988.0;988.1;987.9;1165.9;30.5;24.1;31.0;29.9;24.3;23.5;71.0;66.0;69.0;268.0;3.9;1.1
2023/04/07;2100 UTC;0.0;988.3;988.3;988.0;419.6;29.1;24.7;30.5;29.1;25.0;23.8;78.0;68.0;77.0;262.0;3.0;0.9
2023/04/07;2200 UTC;0.0;988.9;988.9;988.2;4.5;26.3;25.2;29.1;26.3;25.2;24.5;94.0;77.0;94.0;56.0;3.5;0.5
2023/04/07;2300 UTC;0.0;989.5;989.5;988.9;;25.5;25.3;26.3;25.5;25.4;25.0;99.0;94.0;99.0;64.0;1.4;0.5
2023/04/08;0000 UTC;0.0;990.3;990.3;989.5;;25.2;25.2;25.5;25.1;25.3;25.0;100.0;98.0;100.0;264.0;0.9;0.4
2023/04/08;0100 UTC;0.0;990.9;990.9;990.3;;24.8;24.8;25.4;24.7;25.3;24.7;100.0;99.0;100.0;36.0;1.1;0.3
2023/04/08;0200 UTC;0.0;991.2;991.2;990.9;;24.5;24.5;25.0;24.5;25.0;24.5;100.0;100.0;100.0;127.0;1.4;0.2
2023/04/08;0300 UTC;0.0;991.3;991.4;991.2;;24.4;24.4;24.6;24.3;24.6;24.3;100.0;100.0;100.0;276.0;1.4;0.3
2023/04/08;0400 UTC;0.0;991.1;991.3;991.0;;24.6;24.6;24.6;24.3;24.6;24.3;100.0;100.0;100.0;238.0;1.4;0.3
2023/04/08;0500 UTC;0.0;990.7;991.1;990.7;;25.4;25.2;25.5;24.6;25.3;24.6;100.0;98.0;99.0;153.0;2.0;1.1
2023/04/08;0600 UTC;2.2;990.0;990.7;990.0;;24.8;24.8;25.4;24.7;25.2;24.6;100.0;98.0;100.0;251.0;1.8;0.3
2023/04/08;0700 UTC;0.0;989.7;990.1;989.7;;24.2;24.2;24.8;24.1;24.7;24.1;100.0;100.0;100.0;69.0;0.7;0.2
2023/04/08;0800 UTC;0.2;989.6;989.7;989.5;;23.9;23.9;24.3;23.9;24.3;23.9;100.0;100.0;100.0;172.0;0.6;0.2
2023/04/08;0900 UTC;0.0;990.5;990.5;989.6;;23.9;23.9;24.1;23.8;24.1;23.8;100.0;100.0;100.0;332.0;1.2;0.2
2023/04/08;1000 UTC;0.0;991.3;991.4;990.5;20.8;24.3;24.3;24.3;23.9;24.3;23.8;100.0;100.0;100.0;352.0;0.9;0.5
2023/04/08;1100 UTC;0.0;992.2;992.2;991.3;186.5;25.3;25.3;25.3;24.3;25.3;24.4;100.0;100.0;100.0;296.0;1.3;0.7
2023/04/08;1200 UTC;0.0;993.1;993.1;992.2;617.1;26.3;25.1;26.3;25.2;25.5;24.7;100.0;91.0;93.0;261.0;1.6;0.9
2023/04/08;1300 UTC;0.0;993.5;993.5;993.1;1167.7;27.3;24.7;27.5;26.3;25.4;24.2;93.0;84.0;86.0;337.0;2.7;1.2
2023/04/08;1400 UTC;0.0;993.4;993.6;993.4;1396.4;28.1;24.9;28.4;27.3;25.7;24.4;89.0;79.0;83.0;300.0;3.5;1.5
2023/04/08;1500 UTC;0.0;992.7;993.4;992.7;1550.7;28.4;25.3;28.6;27.8;25.6;24.4;86.0;80.0;84.0;301.0;4.5;2.3
2023/04/08;1600 UTC;0.0;991.5;992.7;991.5;1746.2;28.4;24.4;28.8;27.7;25.4;24.4;86.0;78.0;79.0;321.0;4.8;1.9
2023/04/08;1700 UTC;0.0;990.3;991.5;990.3;2079.1;29.3;24.4;30.2;28.3;25.3;23.8;80.0;72.0;75.0;272.0;4.2;2.2
2023/04/08;1800 UTC;0.0;988.8;990.3;988.8;1922.2;30.7;24.2;30.9;29.3;25.3;24.0;75.0;68.0;69.0;264.0;4.6;1.7
2023/04/08;1900 UTC;0.0;988.7;989.0;988.7;1340.9;30.2;24.2;31.0;29.9;25.0;23.7;73.0;67.0;70.0;234.0;4.3;1.0
2023/04/08;2000 UTC;0.0;989.1;989.1;988.6;583.8;29.6;25.1;30.4;29.5;25.3;24.3;77.0;70.0;77.0;233.0;3.3;1.1
2023/04/08;2100 UTC;0.0;989.1;989.2;988.9;193.3;27.6;24.2;29.6;27.6;25.3;24.2;82.0;76.0;82.0;266.0;4.5;1.6
2023/04/08;2200 UTC;0.0;989.8;989.8;989.1;9.8;26.7;24.5;27.6;26.7;24.6;23.9;88.0;81.0;88.0;246.0;3.9;0.9
2023/04/08;2300 UTC;0.0;990.7;990.7;989.8;;26.2;24.6;26.7;26.1;24.8;24.5;92.0;88.0;91.0;292.0;2.8;1.5
2023/04/09;0000 UTC;0.0;991.6;991.6;990.7;;25.2;24.6;26.2;24.8;24.7;24.3;98.0;90.0;96.0;293.0;2.8;0.7
2023/04/09;0100 UTC;0.0;991.9;991.9;991.5;;24.9;24.3;25.3;24.9;24.8;24.3;97.0;95.0;97.0;251.0;2.0;0.9
2023/04/09;0200 UTC;0.0;992.2;992.3;991.9;;24.6;24.4;24.9;24.6;24.6;24.3;99.0;96.0;99.0;250.0;1.8;0.3
2023/04/09;0300 UTC;0.0;992.0;992.3;992.0;;24.8;24.0;25.0;24.6;24.8;23.9;100.0;94.0;95.0;233.0;2.1;0.5
2023/04/09;0400 UTC;0.0;991.6;992.0;991.5;;24.8;24.2;24.9;24.7;24.2;24.0;97.0;95.0;97.0;270.0;1.6;0.6
2023/04/09;0500 UTC;0.0;991.4;991.6;991.3;;24.3;24.1;24.8;24.3;24.2;23.9;99.0;95.0;99.0;12.0;2.5;0.4
2023/04/09;0600 UTC;0.0;990.9;991.4;990.9;;24.1;24.1;24.3;24.1;24.3;24.1;100.0;99.0;100.0;83.0;1.1;0.7
2023/04/09;0700 UTC;0.0;990.4;990.9;990.4;;24.1;24.1;24.5;24.1;24.5;24.1;100.0;100.0;100.0;311.0;1.0;0.3
2023/04/09;0800 UTC;0.0;990.4;990.6;990.3;;24.1;24.1;24.3;24.0;24.3;24.0;100.0;100.0;100.0;27.0;1.6;0.2
2023/04/09;0900 UTC;0.0;990.7;990.7;990.2;;24.0;24.0;24.2;23.9;24.2;23.9;100.0;100.0;100.0;322.0;0.8;0.3
2023/04/09;1000 UTC;0.0;991.3;991.3;990.7;38.5;24.4;24.4;24.4;23.9;24.4;23.9;100.0;100.0;100.0;263.0;1.5;1.0
2023/04/09;1100 UTC;0.0;992.1;992.1;991.3;560.6;26.1;24.7;26.2;24.4;24.9;24.2;100.0;91.0;92.0;259.0;3.2;1.4
2023/04/09;1200 UTC;0.0;993.1;993.1;992.1;1294.4;27.6;24.3;27.7;26.1;25.1;24.0;92.0;80.0;82.0;235.0;3.9;0.9
2023/04/09;1300 UTC;0.0;993.7;993.7;993.1;1984.8;29.0;23.7;29.9;27.4;25.2;23.5;85.0;71.0;73.0;182.0;3.2;1.4
2023/04/09;1400 UTC;0.0;993.8;993.8;993.7;2148.1;30.1;24.3;30.7;29.0;25.2;23.5;76.0;69.0;71.0;227.0;3.1;1.4
2023/04/09;1500 UTC;0.0;992.7;993.8;992.7;2268.6;31.4;24.9;31.4;29.7;25.4;24.1;75.0;67.0;68.0;213.0;3.1;1.1
2023/04/09;1600 UTC;0.0;991.2;992.7;991.2;1998.9;30.7;24.2;32.1;30.1;25.4;23.7;72.0;66.0;69.0;184.0;4.1;2.2
2023/04/09;1700 UTC;0.0;989.3;991.2;989.3;2347.6;31.3;24.7;32.9;30.5;25.5;24.1;72.0;62.0;68.0;166.0;4.3;2.9
2023/04/09;1800 UTC;0.0;988.9;989.3;988.7;1926.6;31.6;24.7;33.0;31.1;25.4;23.5;71.0;59.0;67.0;89.0;4.3;2.1
2023/04/09;1900 UTC;0.0;990.3;990.3;988.9;217.0;23.7;22.7;31.6;23.7;25.2;22.2;95.0;66.0;94.0;44.0;12.5;3.0
2023/04/09;2000 UTC;0.0;989.8;990.9;989.8;12.7;23.5;22.8;24.4;23.5;22.9;22.5;96.0;90.0;95.0;290.0;7.7;1.4
2023/04/09;2100 UTC;1.2;990.0;990.1;989.6;1.2;23.6;23.0;23.7;23.4;23.1;22.4;97.0;94.0;96.0;232.0;2.9;0.7
2023/04/09;2200 UTC;1.4;990.9;990.9;990.0;;23.8;23.3;24.0;23.6;23.8;23.0;100.0;96.0;98.0;215.0;4.0;1.1
2023/04/09;2300 UTC;1.2;991.6;991.7;990.9;;23.6;23.5;23.8;23.6;23.6;23.2;100.0;97.0;100.0;115.0;3.9;0.7
2023/04/10;0000 UTC;0.4;992.6;992.6;991.6;;23.6;23.6;23.9;23.5;23.7;23.5;100.0;98.0;100.0;106.0;1.5;0.4
2023/04/10;0100 UTC;0.0;992.7;992.8;992.6;;24.1;23.8;24.1;23.6;24.1;23.6;100.0;99.0;99.0;288.0;1.6;1.1
2023/04/10;0200 UTC;0.2;992.5;992.8;992.5;;23.9;23.8;24.1;23.7;23.9;23.7;100.0;98.0;100.0;273.0;2.2;1.0
2023/04/10;0300 UTC;0.0;992.6;992.8;992.5;;24.0;23.7;24.0;23.7;24.0;23.6;100.0;98.0;98.0;183.0;2.3;1.2
2023/04/10;0400 UTC;0.2;992.1;992.6;992.1;;23.8;23.8;24.0;23.8;23.9;23.3;100.0;96.0;100.0;181.0;2.2;0.8
2023/04/10;0500 UTC;0.0;991.7;992.1;991.7;;23.4;23.4;23.9;23.3;23.8;23.3;100.0;99.0;100.0;334.0;1.9;0.8
2023/04/10;0600 UTC;0.0;991.5;991.8;991.5;;23.2;23.2;23.4;23.2;23.4;23.2;100.0;100.0;100.0;238.0;1.9;0.3
2023/04/10;0700 UTC;0.0;991.6;991.6;991.2;;23.3;23.3;23.5;23.2;23.5;23.2;100.0;100.0;100.0;82.0;1.4;0.4
2023/04/10;0800 UTC;0.0;991.5;991.7;991.5;;24.2;24.2;24.2;23.3;24.2;23.3;100.0;100.0;100.0;166.0;2.5;1.0
2023/04/10;0900 UTC;0.0;991.8;991.8;991.5;;24.0;23.8;24.3;24.0;24.2;23.7;100.0;97.0;99.0;148.0;3.6;1.5
2023/04/10;1000 UTC;0.0;992.4;992.4;991.8;39.1;23.8;23.8;24.1;23.6;23.8;23.5;100.0;97.0;100.0;105.0;3.0;0.4
2023/04/10;1100 UTC;0.0;993.3;993.3;992.4;492.5;25.3;23.0;25.6;23.8;24.4;22.9;100.0;86.0;87.0;148.0;4.9;2.2
2023/04/10;1200 UTC;0.0;994.0;994.0;993.3;1215.1;26.0;23.3;26.0;25.3;23.7;22.9;89.0;83.0;85.0;156.0;5.5;2.1
2023/04/10;1300 UTC;0.0;994.4;994.4;994.0;1773.8;27.6;23.8;27.6;26.0;24.0;22.8;86.0;78.0;80.0;184.0;4.3;2.2
2023/04/10;1400 UTC;0.0;994.2;994.5;994.2;2595.6;28.9;24.3;29.2;27.6;24.9;23.3;82.0;73.0;76.0;147.0;4.9;2.6
2023/04/10;1500 UTC;0.0;993.6;994.2;993.6;2820.9;30.1;24.8;30.1;28.5;24.9;22.6;77.0;67.0;73.0;147.0;5.4;2.2
2023/04/10;1600 UTC;0.0;992.4;993.6;992.4;3061.4;30.4;24.0;31.1;29.3;25.3;23.3;73.0;66.0;69.0;169.0;4.7;2.7
2023/04/10;1700 UTC;0.0;990.9;992.4;990.9;2303.3;31.0;23.9;31.7;29.8;25.2;22.8;71.0;63.0;66.0;132.0;4.7;1.6
2023/04/10;1800 UTC;0.0;989.7;990.9;989.7;2063.6;30.9;23.8;31.7;30.2;24.4;23.1;68.0;63.0;66.0;197.0;4.7;1.8
2023/04/10;1900 UTC;0.0;988.6;989.7;988.6;1933.4;31.3;23.8;32.1;30.9;24.5;22.8;67.0;61.0;65.0;161.0;4.9;2.3
2023/04/10;2000 UTC;0.0;988.8;988.9;988.4;1165.6;31.0;23.5;31.4;30.9;24.0;22.8;66.0;61.0;65.0;165.0;4.4;1.9
2023/04/10;2100 UTC;0.0;989.5;989.5;988.8;399.4;29.0;25.5;31.1;29.0;25.5;23.3;82.0;64.0;82.0;162.0;3.4;0.6
2023/04/10;2200 UTC;0.0;990.3;990.3;989.5;3.3;26.0;25.1;29.0;26.0;26.1;25.1;95.0;82.0;95.0;333.0;1.3;0.7
2023/04/10;2300 UTC;8.8;990.8;991.0;990.2;;24.3;24.0;26.3;24.2;25.3;21.7;99.0;77.0;98.0;10.0;11.3;1.2
2023/04/11;0000 UTC;;;;;;;;;;;;;;;;;
2023/04/11;0100 UTC;17.0;993.0;993.3;992.0;0.7;23.1;22.9;25.1;22.5;24.7;22.4;100.0;95.0;99.0;8.0;9.6;1.1
2023/04/11;0200 UTC;0.2;993.1;993.3;992.9;;23.2;23.2;23.3;23.0;23.2;22.7;100.0;98.0;100.0;34.0;2.9;0.6
2023/04/11;0300 UTC;0.0;992.9;993.2;992.9;;23.2;23.1;23.6;23.1;23.5;23.1;100.0;98.0;99.0;322.0;3.7;1.1
2023/04/11;0400 UTC;0.0;992.5;992.9;992.5;;23.3;23.3;23.4;23.2;23.3;23.1;100.0;99.0;100.0;118.0;2.3;0.6
2023/04/11;0500 UTC;0.0;991.7;992.6;991.7;;23.6;23.6;23.7;23.3;23.7;23.3;100.0;100.0;100.0;328.0;1.2;0.3
2023/04/11;0600 UTC;0.0;990.6;991.7;990.6;;23.7;23.7;23.8;23.4;23.8;23.4;100.0;100.0;100.0;270.0;1.7;0.8
2023/04/11;0700 UTC;0.0;990.5;990.6;990.3;;23.3;23.3;23.7;23.3;23.7;23.3;100.0;100.0;100.0;158.0;1.3;0.2
2023/04/11;0800 UTC;0.0;990.9;990.9;990.4;;23.2;23.2;23.5;23.2;23.5;23.2;100.0;100.0;100.0;86.0;1.7;0.7
2023/04/11;0900 UTC;0.0;991.6;991.6;990.9;;23.4;23.4;23.5;23.2;23.4;23.2;100.0;100.0;100.0;60.0;1.2;0.9
2023/04/11;1000 UTC;0.0;992.4;992.4;991.6;38.6;24.0;24.0;24.0;23.4;24.0;23.4;100.0;100.0;100.0;309.0;1.4;0.9
2023/04/11;1100 UTC;0.0;992.9;992.9;992.4;384.7;24.9;24.2;24.9;24.0;24.7;24.0;100.0;96.0;96.0;6.0;1.5;0.6
2023/04/11;1200 UTC;0.0;993.0;993.0;992.8;1169.1;26.6;23.8;27.1;24.9;24.9;23.5;97.0;83.0;85.0;322.0;3.3;1.2
2023/04/11;1300 UTC;0.0;993.6;993.6;993.0;1782.2;28.3;24.7;28.3;26.3;24.7;23.4;88.0;79.0;81.0;324.0;4.0;1.7
2023/04/11;1400 UTC;0.0;993.5;993.7;993.5;1239.3;27.9;24.2;28.3;27.5;24.9;23.6;83.0;78.0;80.0;294.0;4.0;1.8
2023/04/11;1500 UTC;0.0;992.8;993.5;992.8;2496.3;29.3;23.8;30.0;27.8;25.4;23.7;82.0;72.0;72.0;357.0;4.3;1.8
2023/04/11;1600 UTC;0.0;991.4;992.8;991.4;2828.9;30.6;24.5;31.6;29.0;25.9;23.2;79.0;64.0;70.0;348.0;4.3;1.9
2023/04/11;1700 UTC;0.0;990.5;991.4;990.5;1909.0;30.1;24.5;30.9;29.8;24.8;23.1;75.0;65.0;72.0;170.0;4.1;1.4
2023/04/11;1800 UTC;0.0;989.3;990.5;989.3;1754.7;30.4;24.1;30.5;29.1;25.5;23.7;78.0;67.0;69.0;357.0;3.9;1.5
2023/04/11;1900 UTC;0.0;988.4;989.3;988.3;1955.5;30.9;24.1;31.8;30.5;25.0;23.0;70.0;61.0;67.0;48.0;3.7;1.1
2023/04/11;2000 UTC;0.0;988.4;988.7;988.4;1159.2;29.5;25.0;32.2;29.5;25.0;23.2;77.0;62.0;77.0;153.0;4.8;2.0
2023/04/11;2100 UTC;0.0;988.7;988.7;988.4;237.5;28.3;25.2;29.5;28.3;25.2;24.7;84.0;76.0;84.0;164.0;3.7;1.5
2023/04/11;2200 UTC;0.0;989.4;989.4;988.7;11.6;27.1;25.2;28.2;27.1;25.3;25.0;89.0;83.0;89.0;224.0;2.9;0.7
2023/04/11;2300 UTC;0.0;990.0;990.0;989.4;;25.4;25.4;27.1;25.4;25.6;25.1;100.0;89.0;100.0;100.0;1.4;0.5
2023/04/12;0000 UTC;0.0;990.7;990.7;990.0;;24.8;24.8;25.4;24.8;25.3;24.8;100.0;99.0;100.0;175.0;0.9;0.2
2023/04/12;0100 UTC;0.0;990.8;991.0;990.7;;24.9;24.9;25.0;24.7;25.0;24.7;100.0;100.0;100.0;69.0;1.3;0.5
2023/04/12;0200 UTC;0.0;990.8;990.9;990.7;;24.6;24.6;25.1;24.5;25.1;24.5;100.0;100.0;100.0;43.0;1.4;0.1
2023/04/12;0300 UTC;0.0;990.4;990.8;990.4;;24.3;24.3;24.6;24.2;24.6;24.2;100.0;100.0;100.0;95.0;0.7;0.3
2023/04/12;0400 UTC;0.0;989.9;990.5;989.9;;24.1;24.1;24.3;23.9;24.3;23.9;100.0;100.0;100.0;127.0;1.9;0.7
2023/04/12;0500 UTC;0.0;989.6;989.9;989.6;;24.0;24.0;24.2;23.6;24.2;23.6;100.0;100.0;100.0;253.0;1.2;0.3
2023/04/12;0600 UTC;0.0;989.1;989.6;989.1;;23.8;23.7;24.0;23.5;24.0;23.5;100.0;100.0;100.0;151.0;1.0;0.6
2023/04/12;0700 UTC;0.0;989.3;989.3;989.1;;23.4;23.4;23.9;23.4;23.9;23.4;100.0;100.0;100.0;108.0;1.0;0.3
2023/04/12;0800 UTC;0.0;989.3;989.3;989.1;;23.5;23.5;23.9;23.3;23.9;23.3;100.0;100.0;100.0;95.0;1.7;0.6
2023/04/12;0900 UTC;0.0;989.6;989.6;989.3;;23.7;23.7;23.7;23.5;23.7;23.5;100.0;100.0;100.0;120.0;1.7;0.7
2023/04/12;1000 UTC;0.2;990.4;990.4;989.6;36.8;23.8;23.8;23.8;23.5;23.8;23.5;100.0;100.0;100.0;134.0;1.4;0.5
2023/04/12;1100 UTC;0.0;991.1;991.1;990.4;641.5;26.8;24.2;26.8;23.8;24.5;23.6;100.0;86.0;86.0;122.0;3.4;0.8
2023/04/12;1200 UTC;0.0;991.4;991.4;991.1;1338.5;28.4;24.7;28.4;26.5;24.9;23.8;88.0;78.0;80.0;136.0;3.1;1.6
2023/04/12;1300 UTC;0.0;991.7;991.7;991.4;1896.8;29.8;24.2;30.1;28.2;25.2;23.9;81.0;71.0;72.0;91.0;4.1;1.9
2023/04/12;1400 UTC;0.0;991.2;991.7;991.2;2494.7;31.0;23.6;31.2;29.6;24.8;23.1;74.0;65.0;65.0;70.0;5.4;1.3
2023/04/12;1500 UTC;0.0;990.3;991.3;990.3;2954.8;31.3;23.8;32.0;30.8;25.2;22.9;71.0;61.0;64.0;173.0;4.2;1.5
2023/04/12;1600 UTC;0.0;989.3;990.3;989.3;1611.1;31.7;23.2;32.5;30.7;24.5;23.1;69.0;59.0;61.0;252.0;4.6;1.0
2023/04/12;1700 UTC;0.0;988.1;989.3;988.1;2485.8;32.4;23.0;32.8;29.6;26.4;23.0;79.0;58.0;58.0;326.0;3.0;1.0
2023/04/12;1800 UTC;0.0;987.6;988.1;987.5;2055.5;30.5;23.6;33.5;27.9;25.0;22.0;76.0;53.0;67.0;218.0;7.5;1.6
2023/04/12;1900 UTC;0.0;986.9;987.6;986.8;1149.6;31.8;23.4;32.3;29.3;24.9;23.4;74.0;61.0;61.0;154.0;3.8;0.7
2023/04/12;2000 UTC;0.0;987.4;987.6;986.9;787.1;29.1;24.1;31.8;29.0;25.7;23.5;76.0;61.0;75.0;44.0;5.7;2.5
2023/04/12;2100 UTC;0.0;987.8;987.9;987.2;382.5;26.8;23.5;29.1;26.7;23.9;22.8;84.0;72.0;83.0;145.0;5.7;2.8
2023/04/12;2200 UTC;0.0;987.8;987.8;987.2;;26.3;23.8;26.8;25.8;24.2;23.1;89.0;80.0;86.0;205.0;5.3;0.8
2023/04/12;2300 UTC;0.0;988.0;988.0;987.6;;25.4;24.2;26.3;25.2;24.6;23.8;96.0;86.0;93.0;356.0;1.8;0.5
2023/04/13;0000 UTC;0.0;988.9;988.9;988.0;;25.1;24.4;26.0;25.0;24.6;24.0;96.0;90.0;96.0;347.0;2.6;0.6
2023/04/13;0100 UTC;0.0;989.1;989.1;988.9;;24.9;24.9;25.1;24.9;24.9;24.4;100.0;96.0;100.0;93.0;1.0;0.1
2023/04/13;0200 UTC;0.0;989.3;989.3;989.0;;24.9;24.9;24.9;24.7;24.9;24.7;100.0;100.0;100.0;301.0;0.6;0.3
2023/04/13;0300 UTC;0.0;989.2;989.5;989.2;;25.0;25.0;25.1;24.8;25.1;24.8;100.0;100.0;100.0;51.0;0.8;0.5
2023/04/13;0400 UTC;0.0;988.5;989.2;988.5;;25.1;25.1;25.5;24.9;25.4;24.9;100.0;100.0;100.0;322.0;1.2;0.5
2023/04/13;0500 UTC;0.0;988.3;988.6;988.3;;25.3;25.1;25.5;25.1;25.3;24.6;100.0;95.0;99.0;312.0;1.7;0.6
2023/04/13;0600 UTC;0.0;987.6;988.3;987.6;;25.2;25.1;25.4;24.8;25.2;24.7;100.0;98.0;100.0;266.0;1.7;0.6
2023/04/13;0700 UTC;0.0;987.6;987.7;987.6;;24.8;24.8;25.2;24.8;25.1;24.8;100.0;98.0;100.0;99.0;2.0;0.8
2023/04/13;0800 UTC;7.4;988.6;988.6;987.6;;24.8;24.6;25.4;24.8;25.4;24.4;100.0;97.0;99.0;73.0;4.1;1.0
2023/04/13;0900 UTC;0.2;988.5;988.6;988.2;;24.7;24.7;25.0;24.7;25.0;24.7;100.0;99.0;100.0;24.0;2.7;0.7
2023/04/13;1000 UTC;6.6;989.1;989.3;988.5;9.5;23.4;23.3;24.8;23.3;24.8;23.2;100.0;97.0;99.0;335.0;7.0;1.8
2023/04/13;1100 UTC;0.0;989.6;989.6;989.0;91.6;23.5;23.4;23.5;23.2;23.4;23.0;100.0;98.0;99.0;220.0;3.2;1.0
2023/04/13;1200 UTC;0.0;990.5;990.6;989.6;221.6;24.5;24.4;24.5;23.5;24.4;23.3;100.0;98.0;99.0;292.0;4.0;0.4
2023/04/13;1300 UTC;0.0;991.3;991.3;990.5;344.4;25.1;24.5;25.1;24.5;24.5;23.9;99.0;94.0;96.0;276.0;1.9;0.8
2023/04/13;1400 UTC;0.0;991.3;991.6;991.2;574.5;26.4;24.4;26.4;25.1;24.9;24.0;97.0;89.0;89.0;232.0;2.5;0.7
2023/04/13;1500 UTC;0.2;990.3;991.3;990.3;1104.2;27.5;24.0;27.5;26.4;25.0;23.5;90.0;79.0;81.0;185.0;3.1;1.6
2023/04/13;1600 UTC;0.0;988.8;990.3;988.8;1492.2;28.6;24.6;28.7;27.5;24.9;23.2;82.0;76.0;79.0;258.0;3.3;1.0
2023/04/13;1700 UTC;0.0;987.6;988.8;987.6;1378.1;28.5;24.1;28.7;28.1;24.7;23.3;80.0;74.0;77.0;264.0;2.8;1.2
2023/04/13;1800 UTC;0.0;987.0;987.6;987.0;1018.2;28.0;25.1;28.5;27.7;25.3;23.9;87.0;76.0;84.0;254.0;2.9;1.4
2023/04/13;1900 UTC;0.0;986.8;987.2;986.7;764.2;28.0;25.1;28.1;27.7;25.4;24.5;86.0;82.0;84.0;260.0;3.8;1.5
2023/04/13;2000 UTC;0.0;986.6;986.8;986.6;430.4;27.5;25.2;28.1;27.5;25.2;24.5;88.0;82.0;87.0;264.0;3.4;1.1
2023/04/13;2100 UTC;0.0;987.1;987.1;986.6;164.0;26.5;25.2;27.5;26.5;25.5;24.9;93.0;86.0;92.0;233.0;2.6;1.4
2023/04/13;2200 UTC;0.0;987.7;987.7;987.1;2.0;26.1;25.0;26.5;26.1;25.3;24.9;94.0;91.0;94.0;221.0;3.0;0.7
2023/04/13;2300 UTC;0.0;988.0;988.0;987.7;;25.1;24.9;26.1;25.1;25.0;24.8;99.0;93.0;99.0;75.0;1.6;0.4
2023/04/14;0000 UTC;0.0;988.6;988.6;988.0;;24.6;24.6;25.1;24.6;25.0;24.6;100.0;99.0;100.0;20.0;0.9;0.1
2023/04/14;0100 UTC;0.0;988.7;988.9;988.6;;24.9;24.5;25.0;24.6;25.0;24.5;100.0;98.0;98.0;284.0;2.1;1.0
2023/04/14;0200 UTC;0.0;988.8;988.9;988.7;;24.0;24.0;24.9;24.0;24.5;24.0;100.0;98.0;100.0;185.0;2.1;0.3
2023/04/14;0300 UTC;0.0;989.0;989.3;988.8;;23.7;23.7;24.0;23.6;24.0;23.6;100.0;100.0;100.0;4.0;1.2;0.5
2023/04/14;0400 UTC;0.0;988.8;989.2;988.8;;23.6;23.6;23.9;23.4;23.8;23.4;100.0;100.0;100.0;216.0;1.2;0.3
2023/04/14;0500 UTC;0.0;988.6;988.8;988.6;;23.3;23.3;23.6;23.1;23.5;23.1;100.0;100.0;100.0;96.0;0.9;0.1
2023/04/14;0600 UTC;0.0;988.6;988.6;988.3;;23.3;23.3;23.4;23.0;23.4;23.0;100.0;100.0;100.0;190.0;0.9;0.3
2023/04/14;0700 UTC;0.0;988.8;988.8;988.6;;23.4;23.4;23.4;23.0;23.4;23.0;100.0;100.0;100.0;186.0;1.3;0.7
2023/04/14;0800 UTC;0.0;988.8;989.0;988.7;;23.5;23.4;23.8;23.3;23.8;23.3;100.0;100.0;100.0;160.0;1.6;0.5
2023/04/14;0900 UTC;0.0;989.4;989.4;988.7;;23.6;23.6;23.7;23.1;23.7;23.1;100.0;100.0;100.0;36.0;1.3;0.3
2023/04/14;1000 UTC;0.0;990.3;990.3;989.4;36.2;24.5;24.5;24.5;23.6;24.5;23.6;100.0;100.0;100.0;179.0;2.3;0.8
2023/04/14;1100 UTC;0.0;991.1;991.1;990.3;542.0;26.2;24.7;26.2;24.5;24.9;24.3;100.0;91.0;91.0;145.0;2.6;1.4
2023/04/14;1200 UTC;0.0;992.2;992.2;991.1;797.4;26.4;24.1;26.6;26.1;24.7;23.9;91.0;86.0;87.0;132.0;3.0;1.3
2023/04/14;1300 UTC;0.0;991.8;992.2;991.8;1802.3;28.7;24.0;28.9;26.4;25.2;23.9;89.0;75.0;76.0;110.0;2.7;1.2
2023/04/14;1400 UTC;0.0;991.6;991.9;991.6;2233.5;28.9;23.6;30.3;28.4;24.4;22.9;77.0;69.0;73.0;168.0;4.1;2.4
2023/04/14;1500 UTC;0.0;991.1;991.6;991.0;3006.8;29.8;24.4;30.1;28.9;25.1;23.6;76.0;70.0;73.0;125.0;4.9;1.8
2023/04/14;1600 UTC;0.6;990.3;991.2;990.3;1537.7;26.1;24.2;30.3;25.1;24.8;21.2;91.0;67.0;90.0;49.0;8.6;1.1
2023/04/14;1700 UTC;0.0;989.4;990.3;989.4;1044.9;27.1;23.7;27.2;26.1;24.4;22.4;90.0;78.0;81.0;120.0;4.6;1.2
2023/04/14;1800 UTC;0.0;988.6;989.4;988.6;888.7;27.7;24.3;27.7;26.9;24.4;22.6;84.0;77.0;82.0;108.0;3.2;0.9
2023/04/14;1900 UTC;0.0;988.2;988.6;988.2;770.0;28.5;23.3;28.5;27.7;24.5;23.3;82.0;74.0;74.0;65.0;2.0;0.6
2023/04/14;2000 UTC;0.0;988.0;988.2;987.8;805.9;28.3;24.5;29.3;28.3;24.5;22.9;80.0;70.0;80.0;58.0;1.6;0.6
2023/04/14;2100 UTC;0.0;987.7;988.0;987.6;208.3;26.6;25.5;28.3;26.6;25.7;23.8;94.0;77.0;94.0;182.0;1.7;0.6
2023/04/14;2200 UTC;0.0;987.7;987.7;987.6;5.6;25.1;25.0;26.6;25.0;25.6;25.0;100.0;92.0;100.0;186.0;1.4;0.3
2023/04/14;2300 UTC;0.0;988.3;988.3;987.7;;24.5;24.5;25.1;24.5;25.1;24.5;100.0;100.0;100.0;22.0;1.2;0.2
2023/04/15;0000 UTC;0.0;989.2;989.2;988.3;;24.1;24.1;24.5;24.1;24.5;24.1;100.0;100.0;100.0;112.0;0.7;0.4
2023/04/15;0100 UTC;0.0;989.6;989.6;989.2;;24.1;24.1;24.3;24.0;24.2;24.0;100.0;100.0;100.0;239.0;0.6;0.2
2023/04/15;0200 UTC;0.0;990.0;990.0;989.6;;23.9;23.9;24.2;23.9;24.2;23.9;100.0;100.0;100.0;86.0;0.7;0.3
2023/04/15;0300 UTC;0.2;990.3;990.3;990.0;;23.8;23.8;23.9;23.6;23.9;23.6;100.0;100.0;100.0;339.0;1.1;0.3
2023/04/15;0400 UTC;0.0;989.9;990.3;989.9;;23.4;23.4;23.9;23.4;23.8;23.4;100.0;100.0;100.0;152.0;0.7;0.5
2023/04/15;0500 UTC;0.0;989.3;989.9;989.3;;23.4;23.4;23.5;23.3;23.5;23.2;100.0;100.0;100.0;232.0;0.6;0.2
2023/04/15;0600 UTC;0.0;989.1;989.3;989.1;;23.3;23.3;23.5;23.2;23.5;23.2;100.0;100.0;100.0;331.0;0.9;0.2
2023/04/15;0700 UTC;0.0;989.5;989.5;989.1;;23.3;23.3;23.5;23.0;23.5;23.0;100.0;100.0;100.0;288.0;1.0;0.2
2023/04/15;0800 UTC;0.0;989.7;989.8;989.5;;23.2;23.2;23.4;23.1;23.4;23.1;100.0;100.0;100.0;111.0;0.7;0.2
2023/04/15;0900 UTC;0.0;990.3;990.3;989.7;;23.5;23.5;23.5;23.2;23.5;23.2;100.0;100.0;100.0;26.0;0.6;0.1
2023/04/15;1000 UTC;0.0;991.2;991.2;990.3;56.8;24.0;24.0;24.0;23.4;24.0;23.4;100.0;100.0;100.0;131.0;0.7;0.4
2023/04/15;1100 UTC;0.0;991.7;991.7;991.2;633.6;27.2;25.8;27.2;24.0;26.5;24.0;100.0;92.0;92.0;141.0;3.7;1.5
2023/04/15;1200 UTC;0.0;992.3;992.3;991.6;1268.7;28.8;25.6;28.8;27.1;26.2;25.0;93.0;82.0;83.0;152.0;3.9;1.8
2023/04/15;1300 UTC;0.0;992.6;992.6;992.3;1830.4;30.4;25.2;30.4;28.7;26.3;23.8;85.0;69.0;74.0;165.0;3.9;1.8
2023/04/15;1400 UTC;0.0;992.1;992.6;992.1;2192.3;31.5;24.8;31.6;30.0;26.2;24.1;76.0;67.0;67.0;171.0;4.4;2.3
2023/04/15;1500 UTC;0.0;991.3;992.1;991.3;2574.0;32.1;24.4;32.2;31.2;25.6;23.8;71.0;63.0;64.0;129.0;4.7;1.6
2023/04/15;1600 UTC;0.0;990.5;991.3;990.4;2870.6;31.6;23.8;32.9;31.6;25.2;23.3;66.0;59.0;63.0;158.0;4.8;2.6
2023/04/15;1700 UTC;0.0;989.5;990.5;989.5;2706.5;33.1;22.8;33.8;31.6;24.4;22.5;64.0;52.0;55.0;182.0;4.4;1.6
2023/04/15;1800 UTC;0.0;988.5;989.5;988.5;2324.8;33.2;23.5;33.6;32.4;24.1;22.0;62.0;52.0;57.0;167.0;3.5;1.4
2023/04/15;1900 UTC;0.0;987.6;988.5;987.6;1960.6;33.0;23.0;34.1;32.8;24.1;22.3;59.0;52.0;56.0;170.0;4.1;1.7
2023/04/15;2000 UTC;0.0;987.4;987.7;987.3;1133.9;32.6;23.4;33.5;32.4;23.7;22.1;60.0;53.0;59.0;153.0;3.9;1.4
2023/04/15;2100 UTC;0.0;987.4;987.6;987.4;298.1;28.8;26.3;32.6;28.8;27.0;23.3;86.0;59.0;86.0;147.0;2.4;0.3
2023/04/15;2200 UTC;0.0;987.6;987.6;987.4;2.4;26.8;26.3;28.8;26.8;26.5;25.8;97.0;86.0;97.0;181.0;0.9;0.3
2023/04/15;2300 UTC;0.0;988.1;988.2;987.6;;26.1;25.9;26.8;26.1;26.3;25.6;99.0;96.0;99.0;107.0;0.9;0.3
2023/04/16;0000 UTC;0.0;989.1;989.1;988.1;;25.5;25.5;26.1;25.5;25.9;25.5;100.0;98.0;100.0;330.0;0.8;0.4
2023/04/16;0100 UTC;0.0;989.8;989.8;989.2;;25.1;25.1;25.5;25.1;25.4;25.1;100.0;100.0;100.0;323.0;0.8;0.2
2023/04/16;0200 UTC;0.0;989.9;990.1;989.8;;25.0;25.0;25.2;25.0;25.2;25.0;100.0;100.0;100.0;173.0;0.6;0.2
2023/04/16;0300 UTC;0.0;990.0;990.1;989.9;;24.9;24.9;25.0;24.7;25.0;24.7;100.0;100.0;100.0;298.0;0.5;0.2
2023/04/16;0400 UTC;0.0;989.4;990.0;989.4;;24.5;24.5;24.9;24.5;24.8;24.4;100.0;100.0;100.0;161.0;0.5;0.2
2023/04/16;0500 UTC;0.0;988.9;989.5;988.9;;24.2;24.2;24.5;24.1;24.5;24.1;100.0;100.0;100.0;149.0;0.4;0.2
2023/04/16;0600 UTC;0.0;988.7;988.9;988.7;;24.1;24.1;24.3;23.9;24.3;23.9;100.0;100.0;100.0;268.0;0.9;0.1
2023/04/16;0700 UTC;0.0;988.7;988.8;988.6;;24.0;24.0;24.2;23.8;24.2;23.8;100.0;100.0;100.0;130.0;0.5;0.2
2023/04/16;0800 UTC;0.0;989.0;989.1;988.7;;23.9;23.9;24.0;23.7;24.0;23.7;100.0;100.0;100.0;357.0;1.0;0.1
2023/04/16;0900 UTC;0.0;989.6;989.6;989.0;;23.7;23.7;24.0;23.6;24.0;23.6;100.0;100.0;100.0;44.0;0.6;0.3
2023/04/16;1000 UTC;0.0;990.2;990.2;989.6;46.1;24.1;24.1;24.2;23.5;24.1;23.5;100.0;100.0;100.0;235.0;0.6;0.2
2023/04/16;1100 UTC;0.0;991.0;991.0;990.2;604.0;27.5;26.1;27.5;24.1;26.4;24.1;100.0;92.0;92.0;267.0;1.1;0.6
2023/04/16;1200 UTC;0.0;991.9;991.9;991.0;1137.7;29.2;26.0;29.4;27.5;26.6;25.1;92.0;81.0;83.0;277.0;2.4;0.9
2023/04/16;1300 UTC;0.0;992.2;992.2;991.9;1753.4;31.5;25.4;31.7;29.2;27.2;24.8;84.0;68.0;70.0;207.0;3.0;1.3
2023/04/16;1400 UTC;0.0;991.8;992.2;991.8;2302.5;32.9;24.2;33.0;31.3;25.8;23.8;72.0;60.0;60.0;108.0;3.0;1.2
2023/04/16;1500 UTC;0.0;990.8;991.8;990.8;2030.3;32.3;25.1;33.4;31.9;25.6;23.2;67.0;56.0;66.0;117.0;3.2;1.6
2023/04/16;1600 UTC;0.0;989.5;990.8;989.3;2144.7;32.9;24.5;33.9;32.0;25.6;23.7;68.0;58.0;61.0;198.0;4.4;2.1
2023/04/16;1700 UTC;0.0;988.6;989.5;988.4;2839.2;32.9;24.4;34.1;32.4;25.4;22.7;64.0;56.0;61.0;124.0;6.5;3.1
2023/04/16;1800 UTC;0.0;988.2;989.3;988.2;1640.0;28.3;23.8;33.1;26.8;25.3;20.9;82.0;60.0;77.0;336.0;10.3;2.6
2023/04/16;1900 UTC;0.0;986.9;988.2;986.9;1483.3;28.9;23.4;29.2;28.1;24.1;22.3;78.0;70.0;72.0;70.0;6.1;1.3
2023/04/16;2000 UTC;0.0;986.7;986.9;986.6;1119.4;30.6;23.8;30.8;28.8;24.2;22.9;75.0;65.0;67.0;26.0;2.2;1.0
2023/04/16;2100 UTC;0.0;986.8;986.8;986.5;205.1;27.5;25.2;30.6;27.0;25.5;23.6;90.0;67.0;87.0;297.0;2.6;1.0
2023/04/16;2200 UTC;0.0;986.9;986.9;986.6;0.6;25.3;24.6;27.9;25.3;25.3;23.1;97.0;76.0;96.0;33.0;2.1;0.4
2023/04/16;2300 UTC;0.0;987.5;987.5;986.9;;24.8;24.8;25.3;24.7;24.8;24.4;100.0;96.0;100.0;268.0;1.0;0.2
2023/04/17;0000 UTC;0.0;988.2;988.2;987.5;;24.5;24.3;24.8;24.4;24.7;24.2;100.0;98.0;99.0;244.0;1.0;0.3
2023/04/17;0100 UTC;0.0;988.5;988.5;988.2;;24.2;24.2;24.5;24.2;24.5;24.2;100.0;99.0;100.0;344.0;1.8;0.3
2023/04/17;0200 UTC;0.0;988.2;988.6;988.2;;24.0;24.0;24.4;24.0;24.4;24.0;100.0;100.0;100.0;136.0;0.8;0.4
2023/04/17;0300 UTC;0.0;987.7;988.2;987.7;;24.1;24.1;24.2;23.9;24.2;23.9;100.0;100.0;100.0;50.0;1.6;0.5
2023/04/17;0400 UTC;0.0;987.5;987.7;987.5;;23.8;23.8;24.2;23.8;24.2;23.7;100.0;100.0;100.0;38.0;0.8;0.4
2023/04/17;0500 UTC;0.0;987.0;987.5;986.9;;23.8;23.8;24.2;23.8;24.2;23.8;100.0;100.0;100.0;34.0;0.9;0.5
2023/04/17;0600 UTC;0.0;987.0;987.1;987.0;;24.0;24.0;24.4;23.8;24.3;23.8;100.0;100.0;100.0;336.0;1.3;0.6
2023/04/17;0700 UTC;0.0;987.1;987.1;986.9;;24.4;24.4;24.6;23.8;24.6;23.8;100.0;100.0;100.0;352.0;1.7;0.9
2023/04/17;0800 UTC;0.0;987.3;987.4;987.0;;24.7;24.7;25.1;24.2;25.1;24.2;100.0;100.0;100.0;2.0;2.2;0.6
2023/04/17;0900 UTC;0.0;988.0;988.0;987.3;;25.1;25.1;25.1;24.7;25.1;24.6;100.0;100.0;100.0;337.0;2.1;1.1
2023/04/17;1000 UTC;0.2;988.9;988.9;988.0;62.3;25.2;25.2;25.2;24.8;25.2;24.8;100.0;100.0;100.0;27.0;2.2;0.4
2023/04/17;1100 UTC;0.0;989.4;989.4;988.9;582.0;26.7;25.4;26.8;25.2;26.0;25.2;100.0;93.0;93.0;342.0;2.3;1.0
2023/04/17;1200 UTC;0.0;989.4;989.5;989.3;1245.6;28.7;26.5;28.7;26.7;26.5;25.4;94.0;85.0;88.0;337.0;4.7;1.6
2023/04/17;1300 UTC;0.0;989.8;989.8;989.4;1792.6;30.4;26.4;30.7;28.7;26.9;24.8;89.0;76.0;79.0;342.0;4.2;1.8
2023/04/17;1400 UTC;0.0;989.0;989.8;989.0;2270.7;31.5;26.3;31.6;30.4;26.6;25.4;79.0;71.0;74.0;339.0;4.7;1.3
2023/04/17;1500 UTC;0.0;987.8;989.0;987.8;2500.0;32.2;24.7;33.2;31.0;27.4;24.4;76.0;64.0;65.0;300.0;4.2;1.5
2023/04/17;1600 UTC;0.0;986.7;987.8;986.7;2748.8;32.5;25.1;34.2;32.1;26.4;23.1;68.0;56.0;65.0;167.0;4.6;2.2
2023/04/17;1700 UTC;0.0;985.8;986.7;985.8;2774.1;34.7;24.0;34.7;32.1;24.7;21.7;65.0;49.0;54.0;275.0;4.6;1.5
2023/04/17;1800 UTC;0.0;984.8;985.8;984.8;2649.2;33.1;25.3;34.8;32.4;25.8;22.6;68.0;51.0;64.0;161.0;5.4;2.5
2023/04/17;1900 UTC;0.0;984.0;984.8;983.9;1989.6;33.9;24.1;34.2;32.9;25.6;23.2;64.0;54.0;57.0;201.0;4.5;1.5
2023/04/17;2000 UTC;0.0;983.6;984.0;983.5;1253.9;33.4;24.6;34.4;33.1;25.3;24.2;62.0;57.0;60.0;261.0;4.1;2.0
2023/04/17;2100 UTC;0.0;983.7;983.8;983.4;456.1;29.6;26.6;33.8;29.6;26.9;24.2;84.0;59.0;84.0;18.0;3.5;0.4
2023/04/17;2200 UTC;0.0;984.4;984.4;983.7;13.7;27.5;26.7;29.6;27.5;27.0;26.2;96.0;84.0;95.0;337.0;1.4;0.5
2023/04/17;2300 UTC;0.0;984.8;984.8;984.3;;27.1;26.8;28.2;27.1;27.0;26.2;98.0;89.0;98.0;132.0;1.5;0.4
2023/04/18;0000 UTC;0.0;985.6;985.6;984.8;;26.9;26.1;27.1;26.4;26.8;26.0;99.0;95.0;95.0;137.0;2.3;1.6
2023/04/18;0100 UTC;0.0;986.2;986.2;985.5;;26.1;25.8;26.9;26.1;26.3;25.8;100.0;94.0;99.0;96.0;2.3;0.8
2023/04/18;0200 UTC;0.0;986.9;986.9;986.2;;26.6;25.8;26.8;26.0;26.1;25.8;100.0;95.0;96.0;30.0;2.3;0.6
2023/04/18;0300 UTC;0.0;986.9;987.2;986.9;;26.0;25.9;26.6;25.8;26.2;25.8;100.0;96.0;100.0;145.0;1.3;0.3
2023/04/18;0400 UTC;0.0;986.8;987.1;986.8;;25.7;25.7;26.0;25.6;26.0;25.6;100.0;100.0;100.0;121.0;0.8;0.3
2023/04/18;0500 UTC;0.0;986.0;986.8;986.0;;25.7;25.7;25.7;25.4;25.7;25.4;100.0;100.0;100.0;173.0;1.8;0.4
2023/04/18;0600 UTC;0.0;986.2;986.3;985.6;;25.6;24.5;26.4;25.6;26.3;24.4;100.0;92.0;94.0;29.0;5.7;1.8
2023/04/18;0700 UTC;12.0;987.4;987.6;986.0;;22.6;22.5;25.6;22.6;24.6;22.4;100.0;92.0;100.0;14.0;7.7;3.2
2023/04/18;0800 UTC;17.2;986.4;987.6;986.1;0.0;22.5;22.4;22.8;22.3;22.8;22.0;100.0;97.0;99.0;3.0;10.0;1.5
2023/04/18;0900 UTC;0.8;987.5;987.5;986.4;;23.3;22.9;23.3;22.5;22.9;22.1;99.0;95.0;98.0;25.0;5.2;1.8
2023/04/18;1000 UTC;0.6;987.9;987.9;987.3;7.1;23.1;22.3;23.3;23.0;22.9;21.9;98.0;93.0;95.0;27.0;5.3;0.9
2023/04/18;1100 UTC;0.2;988.2;988.2;987.9;195.9;23.8;23.1;23.8;23.1;23.2;22.2;97.0;94.0;96.0;174.0;3.8;0.7
2023/04/18;1200 UTC;0.0;989.6;989.6;988.2;657.2;25.4;24.0;25.4;23.8;24.0;22.8;96.0;89.0;92.0;347.0;2.1;1.1
2023/04/18;1300 UTC;0.0;990.1;990.1;989.6;1675.5;26.1;22.2;26.9;25.4;24.5;21.9;92.0;78.0;79.0;321.0;5.8;2.3
2023/04/18;1400 UTC;0.0;990.3;990.3;989.9;2238.6;27.4;23.5;28.2;25.9;24.6;22.4;88.0;75.0;80.0;264.0;7.4;3.4
2023/04/18;1500 UTC;0.0;990.3;990.8;990.3;550.8;24.7;23.2;27.5;24.7;24.3;23.0;92.0;78.0;92.0;129.0;7.4;1.8
2023/04/18;1600 UTC;3.6;988.8;990.3;988.8;280.3;25.0;24.3;25.1;24.0;24.5;22.8;98.0;91.0;96.0;202.0;3.7;0.8
2023/04/18;1700 UTC;1.2;987.6;988.8;987.6;1171.0;26.1;24.8;26.1;25.0;25.2;24.4;98.0;91.0;93.0;129.0;3.9;1.4
2023/04/18;1800 UTC;0.0;987.0;987.7;987.0;620.2;26.6;25.2;26.6;25.7;25.4;24.0;95.0;90.0;92.0;347.0;2.9;1.1
2023/04/18;1900 UTC;0.2;986.6;987.5;986.6;918.4;26.6;24.1;27.2;26.4;25.6;24.1;94.0;85.0;86.0;334.0;7.4;3.7
2023/04/18;2000 UTC;0.0;986.8;986.9;986.3;681.3;25.1;22.6;26.6;25.0;24.2;22.4;88.0;82.0;86.0;336.0;7.1;1.8
2023/04/18;2100 UTC;0.0;987.4;987.4;986.8;195.1;24.4;23.1;25.2;24.4;23.3;22.5;92.0;86.0;92.0;289.0;3.5;1.0
2023/04/18;2200 UTC;0.0;987.3;987.7;987.3;0.5;23.7;23.5;24.4;23.5;23.6;22.8;99.0;92.0;99.0;343.0;2.4;1.4
2023/04/18;2300 UTC;0.0;988.2;988.2;987.3;;23.5;23.5;23.8;23.5;23.7;23.4;100.0;98.0;100.0;60.0;2.4;0.6
2023/04/19;0000 UTC;0.0;989.2;989.2;988.2;;23.7;23.5;23.8;23.5;23.8;23.5;100.0;99.0;99.0;355.0;1.7;0.9
2023/04/19;0100 UTC;0.0;989.8;989.8;989.2;;23.8;23.6;23.8;23.6;23.6;23.4;99.0;98.0;99.0;342.0;2.1;1.2
2023/04/19;0200 UTC;0.0;990.1;990.1;989.8;;23.7;23.6;23.8;23.6;23.7;23.5;100.0;98.0;99.0;14.0;2.5;1.0
2023/04/19;0300 UTC;0.0;990.1;990.2;989.9;;23.8;23.5;23.9;23.8;23.7;23.4;99.0;97.0;98.0;18.0;3.0;1.1
2023/04/19;0400 UTC;0.0;990.0;990.1;990.0;;23.9;23.6;24.0;23.8;23.8;23.5;99.0;98.0;98.0;22.0;3.3;1.3
2023/04/19;0500 UTC;0.0;989.4;990.0;989.4;;23.6;23.3;23.9;23.6;23.6;23.3;99.0;98.0;99.0;7.0;3.4;1.1
2023/04/19;0600 UTC;0.0;989.4;989.4;989.3;;23.2;23.2;23.6;23.1;23.4;23.1;100.0;99.0;100.0;347.0;2.1;0.7
2023/04/19;0700 UTC;0.0;989.4;989.6;989.3;;23.1;23.1;23.2;23.0;23.2;23.0;100.0;100.0;100.0;349.0;2.4;1.1
2023/04/19;0800 UTC;0.0;989.4;989.5;989.4;;23.1;23.1;23.2;23.1;23.1;23.0;100.0;99.0;100.0;43.0;2.4;0.7
2023/04/19;0900 UTC;0.0;989.9;989.9;989.4;;23.3;23.2;23.4;23.0;23.4;23.0;100.0;99.0;100.0;9.0;2.4;0.9
2023/04/19;1000 UTC;0.0;991.0;991.0;989.9;38.3;23.5;23.5;23.5;23.3;23.5;23.2;100.0;100.0;100.0;23.0;2.0;0.6
2023/04/19;1100 UTC;0.0;992.0;992.0;991.0;393.6;24.5;23.4;24.5;23.5;24.0;23.4;100.0;94.0;94.0;341.0;3.2;1.9
2023/04/19;1200 UTC;0.0;992.9;992.9;992.0;1397.6;26.4;23.1;26.7;24.5;24.0;23.1;94.0;81.0;82.0;316.0;4.9;2.5
2023/04/19;1300 UTC;0.0;993.6;993.6;992.9;2062.2;28.0;23.8;28.0;26.3;24.1;22.9;85.0;77.0;78.0;330.0;5.1;2.5
2023/04/19;1400 UTC;0.0;993.6;993.9;993.6;2543.0;29.4;23.6;29.9;28.0;24.8;23.2;80.0;70.0;71.0;321.0;4.2;1.7
2023/04/19;1500 UTC;0.0;992.8;993.6;992.8;2837.2;30.3;24.5;30.7;29.4;25.1;23.1;75.0;67.0;71.0;333.0;5.1;2.2
2023/04/19;1600 UTC;0.0;991.8;992.8;991.8;2852.4;31.4;24.4;31.4;29.8;25.3;23.5;75.0;64.0;66.0;302.0;5.6;1.7
2023/04/19;1700 UTC;0.0;990.3;991.7;990.3;3101.6;32.3;24.0;32.3;30.9;24.9;22.8;68.0;58.0;62.0;262.0;5.6;1.8
2023/04/19;1800 UTC;0.0;989.3;990.3;989.3;2532.1;32.2;23.8;32.7;31.5;24.5;22.4;64.0;56.0;61.0;26.0;4.9;1.6
2023/04/19;1900 UTC;0.0;988.7;989.3;988.7;500.4;29.2;24.1;32.3;29.2;24.8;22.7;76.0;59.0;74.0;221.0;4.0;1.4
2023/04/19;2000 UTC;0.0;988.7;988.7;988.5;480.0;29.0;25.0;30.4;28.5;25.3;23.8;81.0;69.0;79.0;169.0;2.9;0.8
2023/04/19;2100 UTC;0.0;988.9;988.9;988.6;352.1;27.5;26.1;30.4;27.5;26.7;24.3;93.0;71.0;92.0;104.0;1.4;0.6
2023/04/19;2200 UTC;0.0;989.2;989.2;988.9;1.4;25.6;25.1;27.6;25.6;26.2;25.1;98.0;92.0;97.0;137.0;1.0;0.2
2023/04/19;2300 UTC;0.0;990.3;990.3;989.2;;25.4;25.3;26.0;25.4;25.8;25.0;100.0;95.0;99.0;178.0;2.2;0.3
2023/04/20;0000 UTC;0.0;991.3;991.3;990.3;;25.1;25.0;25.7;25.1;25.7;25.0;100.0;99.0;100.0;168.0;1.0;0.2
2023/04/20;0100 UTC;0.0;992.0;992.0;991.3;;24.7;24.7;25.1;24.7;25.1;24.7;100.0;100.0;100.0;244.0;0.7;0.1
2023/04/20;0200 UTC;0.0;992.5;992.5;992.0;;24.7;24.7;24.7;24.5;24.7;24.5;100.0;100.0;100.0;13.0;0.6;0.2
2023/04/20;0300 UTC;0.0;992.0;992.5;992.0;;24.8;24.8;25.1;24.7;25.1;24.7;100.0;100.0;100.0;232.0;1.0;0.2
2023/04/20;0400 UTC;0.0;991.8;992.0;991.8;;25.0;25.0;25.1;24.6;25.1;24.6;100.0;100.0;100.0;316.0;0.9;0.2
2023/04/20;0500 UTC;0.0;991.1;991.8;991.1;;25.1;25.1;25.1;24.9;25.1;24.9;100.0;100.0;100.0;56.0;0.8;0.3
2023/04/20;0600 UTC;0.0;990.6;991.1;990.6;;24.9;24.9;25.1;24.8;25.1;24.8;100.0;100.0;100.0;340.0;0.8;0.6
2023/04/20;0700 UTC;0.0;991.1;991.2;990.6;;25.3;23.8;25.6;24.6;25.4;23.8;100.0;91.0;92.0;190.0;7.7;3.0
2023/04/20;0800 UTC;0.0;990.9;991.2;990.8;;24.5;23.8;25.3;24.5;24.1;23.8;97.0;92.0;96.0;155.0;7.3;1.2
2023/04/20;0900 UTC;0.0;991.2;991.2;990.9;;23.8;23.5;24.6;23.8;24.0;23.5;98.0;96.0;98.0;301.0;3.2;0.4
2023/04/20;1000 UTC;0.0;992.0;992.1;991.1;65.0;24.0;24.0;24.0;23.5;24.0;23.5;100.0;98.0;100.0;29.0;2.0;0.6
2023/04/20;1100 UTC;0.0;992.7;992.8;992.0;517.8;25.8;24.0;25.8;24.0;24.4;23.8;100.0;89.0;90.0;354.0;2.3;1.0
2023/04/20;1200 UTC;0.0;993.2;993.2;992.6;1260.7;28.2;24.0;28.2;25.7;24.6;23.5;90.0;78.0;78.0;166.0;2.4;0.6
2023/04/20;1300 UTC;0.0;993.5;993.6;993.2;1480.7;28.2;24.3;28.9;27.6;25.2;23.5;83.0;76.0;79.0;194.0;3.0;1.6
2023/04/20;1400 UTC;0.0;993.2;993.6;993.2;1938.4;28.5;24.3;30.2;28.0;25.3;24.0;82.0;71.0;78.0;208.0;4.2;2.2
2023/04/20;1500 UTC;0.0;992.4;993.2;992.4;2093.2;29.5;24.5;30.0;28.3;25.4;23.9;81.0;71.0;74.0;226.0;5.0;2.1
2023/04/20;1600 UTC;0.0;991.6;992.4;991.6;2128.0;29.9;24.7;30.8;29.3;25.0;23.7;76.0;68.0;74.0;222.0;5.6;2.0
2023/04/20;1700 UTC;0.0;990.6;991.7;990.6;1373.4;29.0;24.4;29.9;28.7;25.1;24.0;80.0;72.0;77.0;200.0;5.4;2.2
2023/04/20;1800 UTC;0.0;989.4;990.6;989.4;1544.9;29.7;24.3;30.0;28.9;25.2;23.6;77.0;71.0;73.0;184.0;5.1;1.5
2023/04/20;1900 UTC;0.0;988.4;989.4;988.4;948.4;29.7;24.3;30.2;29.7;24.8;23.6;75.0;69.0;73.0;168.0;2.6;1.4
2023/04/20;2000 UTC;0.0;988.3;988.4;988.1;559.9;29.5;25.5;29.7;29.4;25.9;24.4;81.0;73.0;79.0;103.0;2.6;0.9
2023/04/20;2100 UTC;0.0;988.2;988.4;988.2;310.9;27.8;26.5;29.7;27.8;26.7;25.2;93.0;76.0;92.0;61.0;1.5;0.6
2023/04/20;2200 UTC;0.0;988.4;988.5;988.2;0.4;26.1;26.1;27.8;26.1;26.5;25.9;100.0;91.0;100.0;53.0;1.3;0.3
2023/04/20;2300 UTC;0.0;989.3;989.3;988.4;;25.3;25.3;26.1;25.3;26.0;25.3;100.0;99.0;100.0;81.0;1.3;0.4
2023/04/21;0000 UTC;0.0;990.2;990.2;989.3;;25.1;25.1;25.3;25.1;25.3;25.1;100.0;100.0;100.0;186.0;1.1;0.1
2023/04/21;0100 UTC;0.0;991.1;991.1;990.2;;24.7;24.7;25.2;24.7;25.2;24.6;100.0;100.0;100.0;291.0;1.0;0.5
2023/04/21;0200 UTC;0.0;991.2;991.4;991.1;;24.6;24.6;24.8;24.6;24.8;24.6;100.0;100.0;100.0;245.0;1.0;0.2
2023/04/21;0300 UTC;0.0;990.8;991.2;990.8;;25.1;25.0;25.1;24.4;25.1;24.4;100.0;100.0;100.0;264.0;1.6;0.6
2023/04/21;0400 UTC;0.0;990.0;990.8;990.0;;24.6;24.6;25.1;24.4;25.0;24.4;100.0;100.0;100.0;277.0;1.6;0.3
2023/04/21;0500 UTC;0.0;989.2;990.0;989.2;;24.4;24.4;24.6;24.2;24.6;24.2;100.0;100.0;100.0;358.0;1.2;0.6
2023/04/21;0600 UTC;0.0;988.4;989.2;988.4;;24.1;24.1;24.6;24.0;24.6;24.0;100.0;100.0;100.0;17.0;1.8;0.4
2023/04/21;0700 UTC;0.0;988.6;988.6;988.3;;23.9;23.9;24.3;23.9;24.3;23.9;100.0;100.0;100.0;38.0;1.8;0.3
2023/04/21;0800 UTC;0.0;988.6;988.7;988.5;;23.9;23.9;24.2;23.7;24.2;23.7;100.0;100.0;100.0;175.0;0.7;0.2
2023/04/21;0900 UTC;0.0;988.6;988.7;988.5;;24.3;24.3;24.4;23.7;24.3;23.7;100.0;100.0;100.0;96.0;1.0;0.6
2023/04/21;1000 UTC;0.0;989.3;989.3;988.6;39.6;25.3;25.3;25.3;24.2;25.3;24.2;100.0;100.0;100.0;52.0;1.5;0.4
2023/04/21;1100 UTC;0.2;990.1;990.1;989.3;524.5;26.8;25.9;26.8;25.3;26.5;25.3;100.0;95.0;95.0;43.0;2.0;0.6
2023/04/21;1200 UTC;0.0;990.5;990.6;990.1;1332.9;29.1;26.1;29.1;26.8;26.2;24.6;95.0;80.0;84.0;356.0;3.5;0.9
2023/04/21;1300 UTC;0.0;990.3;990.6;990.3;1982.0;29.7;24.2;30.1;28.7;25.5;23.9;84.0;71.0;72.0;92.0;3.9;1.5
2023/04/21;1400 UTC;0.0;990.1;990.3;990.1;2522.4;31.1;23.3;31.2;29.6;24.9;23.3;74.0;63.0;63.0;137.0;3.9;1.8
2023/04/21;1500 UTC;0.0;989.1;990.1;989.1;2780.6;31.1;24.1;31.8;30.3;25.1;22.8;71.0;62.0;67.0;135.0;5.8;2.1
2023/04/21;1600 UTC;0.0;988.3;989.1;988.3;2863.6;32.0;24.1;32.8;31.1;25.0;23.5;68.0;60.0;63.0;89.0;5.4;1.6
2023/04/21;1700 UTC;0.0;987.3;988.3;987.3;2050.7;32.4;24.4;33.7;31.3;25.1;23.4;68.0;58.0;63.0;84.0;3.9;1.3
2023/04/21;1800 UTC;0.0;986.2;987.3;986.2;1350.3;33.0;24.1;33.3;30.6;26.7;23.3;80.0;59.0;60.0;188.0;3.2;1.2
2023/04/21;1900 UTC;0.0;985.6;986.2;985.6;1397.9;33.3;26.1;34.2;32.1;26.1;23.5;66.0;56.0;66.0;284.0;3.3;0.6
2023/04/21;2000 UTC;0.0;986.0;986.0;985.6;1224.6;33.1;25.1;33.5;31.2;25.3;24.2;69.0;61.0;63.0;198.0;4.3;1.5
2023/04/21;2100 UTC;0.0;986.3;986.4;986.0;308.6;28.5;25.9;33.2;28.5;26.1;24.4;86.0;61.0;86.0;34.0;3.6;0.3
2023/04/21;2200 UTC;0.0;986.5;986.5;986.3;;26.8;26.1;28.5;26.8;26.3;25.6;96.0;84.0;96.0;200.0;2.0;0.4
2023/04/21;2300 UTC;0.0;987.4;987.4;986.5;;26.4;26.3;26.8;26.3;26.5;26.1;100.0;96.0;99.0;215.0;0.9;0.4
2023/04/22;0000 UTC;0.0;988.2;988.2;987.4;;26.0;26.0;26.4;25.9;26.3;25.8;100.0;99.0;100.0;127.0;1.2;0.5
2023/04/22;0100 UTC;0.0;988.8;988.8;988.2;;25.9;25.9;26.1;25.9;26.0;25.8;100.0;99.0;100.0;115.0;1.3;0.4
2023/04/22;0200 UTC;0.0;988.6;988.8;988.5;;25.8;25.8;26.2;25.8;26.2;25.8;100.0;98.0;100.0;199.0;1.3;0.5
2023/04/22;0300 UTC;0.0;988.8;989.0;988.3;;25.7;23.9;26.8;25.7;26.2;23.9;100.0;87.0;90.0;19.0;5.1;1.1
2023/04/22;0400 UTC;0.0;988.4;989.1;988.4;;24.9;23.9;25.7;24.8;24.2;23.8;95.0;90.0;94.0;9.0;2.5;0.9
2023/04/22;0500 UTC;0.0;988.1;988.5;988.0;;24.5;23.8;24.8;24.5;24.1;23.7;96.0;94.0;96.0;23.0;2.6;0.7
2023/04/22;0600 UTC;0.0;987.9;988.1;987.9;;24.2;23.6;24.8;24.2;24.0;23.6;97.0;94.0;97.0;11.0;2.2;0.7
2023/04/22;0700 UTC;0.0;988.3;988.3;987.8;;24.2;23.4;24.3;24.0;24.0;23.3;99.0;94.0;95.0;317.0;2.5;1.4
2023/04/22;0800 UTC;0.0;988.1;988.3;988.0;;23.8;23.2;24.3;23.8;23.4;22.9;97.0;93.0;97.0;213.0;2.5;0.5
2023/04/22;0900 UTC;0.0;988.5;988.5;988.0;;23.3;23.2;23.8;23.2;23.3;23.2;100.0;97.0;100.0;156.0;1.5;0.7
2023/04/22;1000 UTC;0.0;989.5;989.5;988.5;52.6;24.0;24.0;24.0;23.2;24.0;23.2;100.0;100.0;100.0;133.0;1.5;0.8
2023/04/22;1100 UTC;0.0;990.5;990.5;989.5;585.0;26.5;24.1;26.5;24.0;24.8;23.8;100.0;86.0;86.0;156.0;4.2;2.6
2023/04/22;1200 UTC;0.0;991.2;991.3;990.5;1403.2;27.7;23.1;28.0;26.5;24.5;22.9;88.0;75.0;76.0;144.0;7.3;2.7
2023/04/22;1300 UTC;0.0;991.6;991.6;991.2;1734.1;28.6;23.6;28.9;27.3;23.9;22.8;79.0;72.0;74.0;105.0;5.3;2.6
2023/04/22;1400 UTC;0.0;991.1;991.6;991.1;2236.5;30.6;23.5;30.8;28.5;24.2;23.1;75.0;66.0;66.0;140.0;5.2;2.3
2023/04/22;1500 UTC;0.0;990.0;991.1;990.0;2706.5;31.4;23.7;32.0;30.3;24.3;22.9;69.0;60.0;64.0;100.0;6.0;2.7
2023/04/22;1600 UTC;0.0;988.8;990.0;988.8;3118.4;32.5;23.5;32.9;31.5;24.3;23.1;64.0;58.0;59.0;118.0;6.2;3.2
2023/04/22;1700 UTC;0.0;987.7;988.8;987.7;2606.1;32.6;22.9;33.2;31.8;24.2;22.6;61.0;56.0;57.0;89.0;6.5;3.1
2023/04/22;1800 UTC;0.0;987.1;987.7;987.1;1509.4;31.7;23.8;33.0;31.5;24.3;23.1;65.0;57.0;63.0;123.0;6.5;1.9
2023/04/22;1900 UTC;0.0;986.5;987.1;986.5;1880.6;32.7;23.7;33.1;31.7;24.4;23.0;64.0;57.0;59.0;117.0;6.0;2.6
2023/04/22;2000 UTC;0.0;986.6;986.6;986.5;929.2;31.1;23.8;33.3;31.1;24.1;22.7;66.0;55.0;66.0;138.0;5.6;1.8
2023/04/22;2100 UTC;0.0;987.0;987.0;986.6;190.9;28.7;25.3;31.0;28.7;26.6;23.5;82.0;64.0;82.0;147.0;4.3;0.9
2023/04/22;2200 UTC;0.0;987.3;987.4;987.0;0.0;26.7;25.2;28.7;26.7;26.1;24.8;93.0;82.0;92.0;132.0;1.9;1.0
2023/04/22;2300 UTC;0.0;988.2;988.2;987.3;;25.8;25.3;26.7;25.7;25.4;24.9;98.0;90.0;97.0;236.0;1.7;0.3
2023/04/23;0000 UTC;0.0;988.9;988.9;988.2;;25.5;25.2;25.8;25.4;25.5;25.0;99.0;97.0;98.0;143.0;0.9;0.5
2023/04/23;0100 UTC;0.0;989.7;989.7;988.9;;25.6;25.0;25.6;25.3;25.1;24.9;98.0;96.0;96.0;176.0;1.5;0.5
2023/04/23;0200 UTC;0.0;989.9;989.9;989.7;;24.8;24.8;25.7;24.7;25.2;24.7;100.0;96.0;100.0;145.0;1.1;0.1
2023/04/23;0300 UTC;0.0;989.8;990.0;989.8;;24.6;24.6;24.8;24.4;24.8;24.4;100.0;100.0;100.0;110.0;0.7;0.2
2023/04/23;0400 UTC;0.0;989.4;989.8;989.4;;24.7;24.7;24.7;24.3;24.7;24.3;100.0;100.0;100.0;149.0;1.6;0.8
2023/04/23;0500 UTC;0.0;989.2;989.4;989.0;;25.9;23.2;26.1;24.7;25.0;23.2;100.0;85.0;85.0;131.0;3.5;1.7
2023/04/23;0600 UTC;0.0;989.1;989.3;989.1;;24.4;22.8;26.1;24.4;23.2;22.6;91.0;83.0;91.0;118.0;3.5;1.2
2023/04/23;0700 UTC;0.0;989.0;989.1;988.9;;24.0;22.7;24.6;24.0;22.8;22.6;92.0;89.0;92.0;139.0;2.3;0.9
2023/04/23;0800 UTC;0.0;989.2;989.2;989.0;;24.1;22.6;24.4;23.6;22.9;22.6;96.0;90.0;91.0;127.0;2.8;0.7
2023/04/23;0900 UTC;0.0;990.1;990.1;989.2;;23.5;22.5;24.1;23.0;23.2;22.5;99.0;91.0;94.0;130.0;3.4;1.2
2023/04/23;1000 UTC;0.0;991.1;991.1;990.1;53.4;23.3;23.0;23.6;22.8;23.0;22.5;99.0;94.0;98.0;89.0;3.0;0.6
2023/04/23;1100 UTC;0.0;991.7;991.7;991.1;641.2;26.1;22.3;26.1;23.3;23.4;21.9;98.0;79.0;80.0;125.0;4.6;2.0
2023/04/23;1200 UTC;0.0;991.8;991.9;991.7;1407.6;27.8;21.7;28.1;26.0;22.7;21.5;80.0;69.0;70.0;141.0;5.9;2.9
2023/04/23;1300 UTC;0.0;991.8;991.9;991.8;1987.5;29.5;21.8;29.9;27.7;22.5;21.3;71.0;62.0;63.0;112.0;6.5;2.6
2023/04/23;1400 UTC;0.0;991.5;991.9;991.5;2506.3;30.6;21.2;31.1;29.3;22.4;21.0;64.0;57.0;57.0;133.0;6.9;3.7
2023/04/23;1500 UTC;0.0;990.7;991.6;990.7;2864.8;31.7;22.1;32.4;30.6;22.5;21.0;59.0;54.0;57.0;127.0;7.0;2.8
2023/04/23;1600 UTC;0.0;989.8;990.7;989.8;3078.8;32.3;22.0;32.7;31.5;22.7;21.2;58.0;52.0;54.0;105.0;7.4;2.4
2023/04/23;1700 UTC;0.0;989.0;989.8;989.0;2951.5;32.9;21.4;33.3;32.2;22.7;20.7;55.0;49.0;51.0;146.0;6.4;1.6
2023/04/23;1800 UTC;0.0;988.5;989.0;988.5;2225.2;33.2;21.0;33.7;32.2;22.0;20.4;53.0;47.0;49.0;136.0;4.9;2.4
2023/04/23;1900 UTC;0.0;988.3;988.5;988.3;1873.0;33.3;20.7;33.6;32.6;22.0;20.3;52.0;47.0;48.0;134.0;4.9;1.4
2023/04/23;2000 UTC;0.0;988.3;988.3;988.2;951.9;30.4;23.9;33.6;30.4;23.9;20.7;68.0;47.0;68.0;100.0;4.0;1.1
2023/04/23;2100 UTC;0.0;988.7;988.7;988.3;116.7;27.2;25.0;30.6;27.2;25.6;22.3;88.0;62.0;88.0;138.0;3.4;0.5
2023/04/23;2200 UTC;0.0;989.0;989.0;988.7;;25.6;24.9;27.1;25.6;25.3;24.6;96.0;88.0;96.0;236.0;0.8;0.2
2023/04/23;2300 UTC;0.0;989.8;989.8;989.0;;25.0;24.7;25.6;25.0;25.2;24.7;99.0;96.0;99.0;43.0;0.5;0.1
2023/04/24;0000 UTC;0.0;990.7;990.7;989.8;;24.8;24.7;25.0;24.8;24.9;24.6;100.0;98.0;99.0;165.0;0.4;0.1
2023/04/24;0100 UTC;0.0;991.0;991.1;990.7;;24.6;24.6;24.8;24.5;24.8;24.5;100.0;99.0;100.0;166.0;0.6;0.3
2023/04/24;0200 UTC;0.0;991.1;991.1;991.0;;24.3;24.3;24.7;24.3;24.7;24.3;100.0;100.0;100.0;134.0;0.7;0.4
2023/04/24;0300 UTC;0.0;991.2;991.2;991.0;;24.4;24.4;24.5;24.2;24.5;24.2;100.0;100.0;100.0;121.0;0.8;0.3
2023/04/24;0400 UTC;0.0;990.8;991.3;990.8;;25.0;24.1;25.0;24.4;24.8;24.1;100.0;95.0;95.0;126.0;2.2;1.2
2023/04/24;0500 UTC;0.0;990.8;991.0;990.4;;25.4;23.3;25.4;25.0;24.4;23.3;97.0;88.0;88.0;52.0;5.5;1.5
2023/04/24;0600 UTC;0.0;990.0;990.8;990.0;;24.4;23.6;25.4;24.4;23.7;23.1;96.0;88.0;95.0;170.0;3.8;0.2
2023/04/24;0700 UTC;0.0;989.7;990.0;989.7;;23.8;23.7;24.5;23.7;24.2;23.5;100.0;95.0;100.0;116.0;0.8;0.3
2023/04/24;0800 UTC;0.0;989.8;989.8;989.6;;23.1;23.1;23.8;23.1;23.8;23.1;100.0;100.0;100.0;147.0;1.0;0.4
2023/04/24;0900 UTC;0.0;990.1;990.1;989.7;;23.2;23.2;23.3;22.8;23.3;22.8;100.0;100.0;100.0;152.0;0.7;0.3
2023/04/24;1000 UTC;0.0;990.8;990.8;990.1;42.8;24.2;22.9;24.2;22.9;23.5;22.8;100.0;92.0;92.0;128.0;2.7;1.3
2023/04/24;1100 UTC;0.0;991.5;991.5;990.8;660.2;26.3;22.2;26.5;24.2;22.9;21.8;92.0;77.0;78.0;106.0;6.4;1.6
2023/04/24;1200 UTC;0.0;992.3;992.3;991.5;1352.0;28.0;21.9;28.0;26.3;22.5;21.6;79.0;70.0;70.0;118.0;6.8;3.4
2023/04/24;1300 UTC;0.0;992.7;992.8;992.3;1937.3;29.4;21.7;29.6;27.8;22.5;21.3;71.0;62.0;63.0;105.0;7.8;3.1
2023/04/24;1400 UTC;0.0;992.5;992.8;992.5;2416.9;30.8;21.6;31.0;29.3;22.6;21.4;64.0;58.0;58.0;100.0;6.6;2.4
2023/04/24;1500 UTC;0.0;991.9;992.5;991.9;2788.5;31.7;21.8;32.0;30.5;22.5;21.3;61.0;55.0;56.0;124.0;6.5;2.7
2023/04/24;1600 UTC;0.0;991.2;991.9;991.2;2957.5;32.8;22.0;33.2;31.5;23.1;20.9;58.0;51.0;53.0;92.0;5.8;2.3
2023/04/24;1700 UTC;0.0;990.3;991.2;990.3;2618.4;33.1;22.5;33.2;31.8;22.7;21.1;56.0;50.0;54.0;105.0;6.0;1.8
2023/04/24;1800 UTC;0.0;989.5;990.3;989.5;1667.9;32.9;22.2;33.3;31.3;23.2;21.0;60.0;50.0;54.0;106.0;5.0;1.3
2023/04/24;1900 UTC;0.0;989.4;989.6;989.4;616.0;31.9;22.4;33.1;30.1;24.2;21.3;71.0;51.0;57.0;108.0;4.4;0.8
2023/04/24;2000 UTC;0.0;989.6;989.7;989.4;402.5;29.6;23.1;32.2;28.6;25.2;22.2;82.0;56.0;68.0;114.0;5.3;1.8
2023/04/24;2100 UTC;0.8;989.4;989.9;989.4;120.6;25.7;24.4;29.8;25.2;25.1;21.2;96.0;63.0;93.0;80.0;6.0;0.6
2023/04/24;2200 UTC;0.0;989.8;989.8;989.4;0.1;24.8;24.8;25.7;24.7;24.8;24.5;100.0;93.0;100.0;177.0;1.1;0.1
2023/04/24;2300 UTC;0.0;990.5;990.5;989.8;;25.4;24.4;25.7;24.6;25.2;24.4;100.0;92.0;94.0;141.0;3.6;1.1
2023/04/25;0000 UTC;0.0;991.1;991.1;990.5;;24.6;24.5;25.4;24.6;24.9;23.9;100.0;92.0;100.0;83.0;1.7;0.4
2023/04/25;0100 UTC;0.0;991.6;991.6;991.1;;24.1;24.1;24.6;24.1;24.5;24.1;100.0;100.0;100.0;295.0;1.3;0.3
2023/04/25;0200 UTC;0.2;991.8;991.8;991.6;;24.2;24.2;24.3;24.1;24.3;24.0;100.0;100.0;100.0;346.0;0.7;0.4
2023/04/25;0300 UTC;0.0;992.2;992.3;991.8;;24.5;23.7;24.6;24.0;24.4;23.7;100.0;95.0;96.0;44.0;3.4;0.5
2023/04/25;0400 UTC;0.0;991.8;992.2;991.8;;23.7;23.7;24.5;23.7;23.8;23.6;100.0;95.0;100.0;69.0;1.6;0.2
2023/04/25;0500 UTC;0.0;991.4;991.9;991.4;;23.4;23.4;23.7;23.3;23.7;23.3;100.0;100.0;100.0;129.0;0.7;0.3
2023/04/25;0600 UTC;0.0;991.1;991.5;991.1;;23.2;23.2;23.5;23.1;23.5;23.1;100.0;100.0;100.0;104.0;0.7;0.2
2023/04/25;0700 UTC;0.0;991.1;991.2;991.1;;23.2;23.2;23.3;22.9;23.3;22.9;100.0;100.0;100.0;100.0;0.5;0.3
2023/04/25;0800 UTC;0.0;991.5;991.5;991.1;;23.0;23.0;23.2;22.8;23.2;22.8;100.0;100.0;100.0;187.0;1.0;0.1
2023/04/25;0900 UTC;0.0;991.9;991.9;991.5;;22.7;22.7;23.2;22.7;23.2;22.7;100.0;100.0;100.0;186.0;0.7;0.3
2023/04/25;1000 UTC;0.0;992.4;992.4;991.9;45.8;23.2;23.2;23.3;22.7;23.2;22.7;100.0;100.0;100.0;188.0;0.8;0.4
2023/04/25;1100 UTC;0.0;993.0;993.0;992.4;666.5;26.3;23.7;26.3;23.2;24.7;23.3;100.0;85.0;86.0;146.0;3.5;1.5
2023/04/25;1200 UTC;0.0;993.6;993.6;993.0;1342.5;28.0;22.8;28.1;26.2;24.4;22.7;88.0;73.0;73.0;111.0;3.6;1.8
2023/04/25;1300 UTC;0.0;994.0;994.0;993.6;1945.9;29.7;23.6;29.7;27.9;24.1;22.7;76.0;69.0;70.0;101.0;4.0;1.5
2023/04/25;1400 UTC;0.0;993.7;994.1;993.7;2387.1;30.6;22.1;30.8;29.5;23.4;22.0;70.0;60.0;61.0;106.0;6.4;3.3
2023/04/25;1500 UTC;0.0;992.9;993.7;992.9;2231.5;31.4;22.8;31.8;30.0;23.5;21.7;65.0;58.0;60.0;109.0;6.2;1.7
2023/04/25;1600 UTC;0.0;991.7;992.9;991.7;1734.6;32.5;23.0;32.5;30.0;23.3;22.1;65.0;55.0;57.0;80.0;4.3;1.2
2023/04/25;1700 UTC;0.0;991.0;991.7;991.0;2092.4;31.4;23.3;32.7;31.2;23.3;21.4;62.0;52.0;62.0;100.0;5.1;1.2
2023/04/25;1800 UTC;0.0;990.2;991.0;990.2;2165.5;33.0;22.5;33.3;31.4;23.3;20.8;62.0;49.0;54.0;77.0;3.9;1.2
2023/04/25;1900 UTC;0.0;989.9;990.2;989.9;851.9;33.1;22.4;33.1;30.5;25.1;21.8;70.0;53.0;54.0;8.0;3.8;0.5
2023/04/25;2000 UTC;0.0;990.0;990.0;989.9;724.4;31.9;24.8;33.8;29.5;25.4;21.5;79.0;50.0;66.0;96.0;2.1;0.8
2023/04/25;2100 UTC;0.0;990.2;990.2;989.9;263.4;28.3;26.3;32.3;28.2;26.3;22.3;89.0;56.0;89.0;131.0;2.1;0.7
2023/04/25;2200 UTC;0.0;990.4;990.4;990.2;;26.0;25.4;29.3;26.0;26.4;24.3;97.0;75.0;96.0;10.0;2.0;0.5
2023/04/25;2300 UTC;0.0;990.7;990.7;990.4;;25.5;25.3;26.0;25.5;25.7;25.2;99.0;96.0;99.0;321.0;1.1;0.6
2023/04/26;0000 UTC;0.0;991.2;991.2;990.7;;25.0;24.9;25.4;24.9;25.4;24.9;100.0;99.0;100.0;154.0;1.1;0.5
2023/04/26;0100 UTC;0.0;991.5;991.7;991.2;;24.8;24.8;25.1;24.7;25.1;24.7;100.0;100.0;100.0;166.0;1.0;0.4
2023/04/26;0200 UTC;0.0;991.8;991.8;991.5;;24.3;24.3;24.8;24.3;24.8;24.3;100.0;100.0;100.0;121.0;0.6;0.3
2023/04/26;0300 UTC;0.2;991.7;991.8;991.7;;24.0;24.0;24.3;24.0;24.3;23.9;100.0;100.0;100.0;169.0;0.5;0.2
2023/04/26;0400 UTC;0.0;991.4;991.7;991.4;;24.0;23.9;24.1;23.9;24.1;23.9;100.0;100.0;100.0;172.0;0.4;0.2
2023/04/26;0500 UTC;0.0;990.9;991.4;990.9;;24.0;24.0;24.1;23.8;24.1;23.8;100.0;100.0;100.0;130.0;0.4;0.2
2023/04/26;0600 UTC;0.0;990.5;990.9;990.5;;24.1;24.1;24.2;23.9;24.2;23.9;100.0;100.0;100.0;165.0;0.8;0.2
2023/04/26;0700 UTC;0.0;990.5;990.6;990.5;;24.3;24.2;24.4;24.1;24.4;24.1;100.0;100.0;100.0;182.0;0.5;0.3
2023/04/26;0800 UTC;0.0;990.7;990.7;990.5;;24.2;24.2;24.5;24.0;24.5;24.0;100.0;100.0;100.0;154.0;1.3;0.5
2023/04/26;0900 UTC;0.0;990.9;990.9;990.6;;23.9;23.9;24.2;23.9;24.2;23.9;100.0;100.0;100.0;139.0;1.3;0.3
2023/04/26;1000 UTC;0.0;991.2;991.2;990.8;52.6;23.8;23.8;24.0;23.6;24.0;23.5;100.0;98.0;100.0;107.0;1.6;0.5
2023/04/26;1100 UTC;0.0;992.0;992.0;991.2;670.9;27.0;23.0;27.1;23.8;24.6;23.0;100.0;79.0;79.0;163.0;3.6;2.1
2023/04/26;1200 UTC;0.0;992.7;992.7;992.0;1366.0;29.2;23.1;29.4;27.0;24.0;22.8;80.0;69.0;70.0;123.0;3.6;1.9
2023/04/26;1300 UTC;0.0;993.1;993.1;992.7;1958.2;30.6;22.5;30.6;29.2;23.5;21.8;70.0;61.0;62.0;142.0;5.4;3.2
2023/04/26;1400 UTC;0.0;992.6;993.1;992.6;2547.3;32.4;22.3;32.4;30.6;23.3;21.4;62.0;54.0;55.0;119.0;5.3;2.0
2023/04/26;1500 UTC;0.0;991.7;992.6;991.7;2805.2;32.3;22.2;32.8;31.7;23.0;21.3;57.0;53.0;55.0;136.0;6.3;2.4
2023/04/26;1600 UTC;0.0;991.0;991.7;991.0;2571.9;32.8;22.1;33.7;31.9;23.0;21.0;58.0;49.0;54.0;161.0;6.1;1.9
2023/04/26;1700 UTC;0.0;990.2;991.0;990.2;3062.0;33.6;20.9;34.4;32.8;22.3;20.1;53.0;44.0;48.0;149.0;5.7;2.4
2023/04/26;1800 UTC;0.0;989.6;990.2;989.6;2059.0;33.9;20.3;34.5;32.9;21.7;19.9;51.0;44.0;45.0;140.0;5.4;1.5
2023/04/26;1900 UTC;0.0;989.3;989.6;989.3;1501.5;33.8;21.2;34.4;31.5;23.1;20.2;61.0;44.0;48.0;177.0;3.9;1.4
2023/04/26;2000 UTC;0.0;989.4;989.4;989.3;1037.9;33.1;21.6;33.9;33.1;21.7;19.6;51.0;44.0;51.0;174.0;3.9;1.1
2023/04/26;2100 UTC;0.0;989.4;989.5;989.4;291.5;28.3;25.6;33.1;28.3;26.2;21.2;85.0;50.0;85.0;131.0;2.3;0.4
2023/04/26;2200 UTC;0.0;989.6;989.6;989.4;;25.8;24.7;28.3;25.8;25.8;24.5;94.0;85.0;94.0;144.0;0.7;0.4
2023/04/26;2300 UTC;0.0;990.2;990.2;989.5;;25.1;24.6;25.8;25.1;24.8;23.9;97.0;92.0;97.0;177.0;0.8;0.2
2023/04/27;0000 UTC;0.0;990.7;990.7;990.2;;24.6;24.3;25.1;24.6;24.6;24.2;99.0;96.0;98.0;70.0;1.2;0.6
2023/04/27;0100 UTC;0.0;991.2;991.2;990.7;;24.4;24.3;24.7;24.4;24.7;24.2;100.0;98.0;100.0;149.0;1.2;0.3
2023/04/27;0200 UTC;0.0;991.4;991.4;991.2;;24.3;24.3;24.4;24.2;24.3;24.0;100.0;99.0;100.0;125.0;1.4;0.2
2023/04/27;0300 UTC;0.0;991.6;991.6;991.4;;23.8;23.8;24.3;23.8;24.3;23.7;100.0;100.0;100.0;106.0;0.8;0.1
2023/04/27;0400 UTC;0.0;991.1;991.6;991.1;;23.3;23.3;23.9;23.3;23.9;23.3;100.0;100.0;100.0;107.0;0.9;0.3
2023/04/27;0500 UTC;0.0;990.6;991.1;990.6;;23.1;23.0;23.4;23.0;23.3;23.0;100.0;100.0;100.0;188.0;0.8;0.3
2023/04/27;0600 UTC;0.0;990.3;990.6;990.3;;23.2;23.2;23.3;22.9;23.3;22.9;100.0;100.0;100.0;257.0;0.7;0.4
2023/04/27;0700 UTC;0.0;990.5;990.5;990.3;;23.0;23.0;23.2;22.8;23.2;22.8;100.0;100.0;100.0;206.0;0.6;0.2
2023/04/27;0800 UTC;0.0;990.5;990.5;990.4;;22.8;22.8;23.1;22.6;23.0;22.6;100.0;100.0;100.0;239.0;0.5;0.2
2023/04/27;0900 UTC;0.0;990.8;990.8;990.5;;22.6;22.6;23.0;22.4;23.0;22.4;100.0;100.0;100.0;87.0;0.8;0.3
2023/04/27;1000 UTC;0.0;991.7;991.7;990.8;56.1;23.2;23.2;23.3;22.5;23.3;22.5;100.0;100.0;100.0;52.0;1.6;0.7
2023/04/27;1100 UTC;0.0;992.3;992.4;991.7;675.6;26.9;23.5;26.9;23.1;24.4;23.0;100.0;81.0;82.0;90.0;2.1;0.9
2023/04/27;1200 UTC;0.0;992.5;992.5;992.3;1327.5;29.2;23.4;29.3;26.9;24.2;23.0;83.0;71.0;71.0;3.0;1.9;0.9
2023/04/27;1300 UTC;0.0;992.9;992.9;992.5;1973.9;31.0;22.0;31.1;29.1;24.0;22.0;74.0;59.0;59.0;357.0;3.5;1.6
2023/04/27;1400 UTC;0.0;992.5;993.0;992.5;2260.9;32.8;23.1;32.9;31.0;23.7;21.4;63.0;54.0;57.0;232.0;3.0;1.1
2023/04/27;1500 UTC;0.0;991.6;992.5;991.6;2855.7;34.0;22.8;34.0;32.4;23.3;21.3;57.0;49.0;52.0;238.0;3.3;1.0
2023/04/27;1600 UTC;0.0;990.6;991.6;990.6;3129.6;34.3;21.1;34.6;33.3;23.9;19.9;56.0;44.0;46.0;337.0;3.3;1.3
2023/04/27;1700 UTC;0.0;989.5;990.6;989.5;2995.9;34.3;19.8;34.8;33.5;22.5;19.8;51.0;43.0;43.0;358.0;3.8;1.0
2023/04/27;1800 UTC;0.0;988.7;989.5;988.7;2517.1;34.1;21.1;35.3;33.9;21.6;19.8;48.0;43.0;47.0;15.0;4.0;1.4
2023/04/27;1900 UTC;0.0;988.4;988.7;988.3;1905.1;34.2;21.3;34.8;33.9;21.8;19.9;49.0;42.0;47.0;360.0;3.6;1.3
2023/04/27;2000 UTC;0.0;988.7;988.7;988.3;886.8;32.9;22.4;34.4;32.9;23.0;19.9;54.0;43.0;54.0;187.0;3.3;1.1
2023/04/27;2100 UTC;0.0;989.1;989.1;988.7;236.5;28.3;25.7;32.9;28.3;26.4;21.8;86.0;52.0;86.0;122.0;1.8;0.2
2023/04/27;2200 UTC;0.0;989.5;989.6;989.1;;26.6;25.7;28.3;26.6;26.0;25.0;95.0;84.0;95.0;281.0;1.2;0.2
2023/04/27;2300 UTC;0.0;990.3;990.3;989.5;;26.6;26.4;26.6;25.8;26.4;25.3;99.0;95.0;99.0;330.0;2.3;0.8
2023/04/28;0000 UTC;0.0;991.0;991.0;990.3;;25.6;25.5;26.9;25.6;26.3;25.2;99.0;91.0;99.0;70.0;2.3;0.2
2023/04/28;0100 UTC;0.0;991.6;991.6;991.0;;25.2;25.1;25.6;25.2;25.5;24.9;99.0;97.0;99.0;300.0;1.0;0.3
2023/04/28;0200 UTC;0.0;991.7;991.8;991.6;;24.6;24.4;25.2;24.6;25.2;24.3;100.0;97.0;99.0;30.0;0.8;0.4
2023/04/28;0300 UTC;0.0;991.5;991.7;991.5;;24.7;24.7;24.7;24.5;24.7;24.3;100.0;99.0;100.0;352.0;1.3;0.4
2023/04/28;0400 UTC;0.0;991.0;991.5;991.0;;24.4;24.4;24.8;24.3;24.8;24.3;100.0;100.0;100.0;72.0;1.1;0.3
2023/04/28;0500 UTC;0.0;990.8;991.0;990.7;;24.2;24.2;24.5;24.2;24.5;24.2;100.0;100.0;100.0;78.0;1.3;0.4
2023/04/28;0600 UTC;0.0;990.5;990.8;990.5;;24.3;24.3;24.4;24.2;24.4;24.2;100.0;100.0;100.0;8.0;1.1;0.7
2023/04/28;0700 UTC;0.0;990.6;990.7;990.5;;23.9;23.9;24.3;23.6;24.3;23.6;100.0;100.0;100.0;152.0;1.2;0.5
2023/04/28;0800 UTC;0.0;990.8;990.8;990.5;;23.8;23.7;24.0;23.7;24.0;23.7;100.0;100.0;100.0;12.0;0.8;0.4
2023/04/28;0900 UTC;0.0;991.4;991.4;990.8;;23.5;23.5;23.9;23.5;23.9;23.5;100.0;100.0;100.0;30.0;0.8;0.3
2023/04/28;1000 UTC;0.0;992.1;992.1;991.4;81.5;24.5;24.5;24.5;23.5;24.5;23.5;100.0;100.0;100.0;357.0;1.6;0.4
2023/04/28;1100 UTC;0.0;992.7;992.7;992.1;737.2;27.4;25.3;27.5;24.5;25.5;24.5;100.0;86.0;88.0;1.0;2.3;1.0
2023/04/28;1200 UTC;0.0;993.5;993.5;992.7;1189.5;29.3;24.1;29.8;27.4;25.2;23.9;89.0;72.0;74.0;312.0;3.4;1.6
2023/04/28;1300 UTC;0.0;993.7;993.7;993.5;1720.8;30.8;23.9;30.8;29.1;24.6;23.7;74.0;67.0;67.0;332.0;3.5;1.6
2023/04/28;1400 UTC;0.0;993.3;993.7;993.3;2438.9;31.8;23.5;32.3;30.8;24.8;22.9;69.0;58.0;62.0;243.0;4.0;1.8
2023/04/28;1500 UTC;0.0;992.5;993.3;992.5;2187.6;32.3;24.3;33.5;31.6;24.3;22.0;63.0;53.0;63.0;192.0;4.3;2.2
2023/04/28;1600 UTC;0.0;991.5;992.5;991.5;2336.8;34.6;24.1;34.6;31.9;24.3;22.6;63.0;54.0;55.0;79.0;4.3;1.1
2023/04/28;1700 UTC;0.0;990.7;991.5;990.7;2123.1;33.3;22.3;34.8;32.2;23.9;21.5;60.0;51.0;53.0;182.0;3.9;1.4
2023/04/28;1800 UTC;0.0;990.0;990.7;990.0;1910.6;33.0;22.3;33.7;32.7;23.3;21.6;56.0;51.0;53.0;160.0;3.8;1.1
2023/04/28;1900 UTC;0.0;989.7;990.0;989.7;1296.9;33.0;23.3;33.3;32.6;23.8;21.9;59.0;52.0;57.0;155.0;2.8;0.9
2023/04/28;2000 UTC;0.0;989.7;989.7;989.6;722.4;31.8;24.3;33.0;31.8;24.3;22.6;64.0;56.0;64.0;166.0;2.3;1.3
2023/04/28;2100 UTC;0.0;990.0;990.0;989.7;181.8;28.1;26.4;31.8;28.1;26.8;24.2;91.0;64.0;91.0;111.0;1.9;0.3
2023/04/28;2200 UTC;0.0;990.3;990.3;990.0;;26.6;25.8;28.1;26.6;26.6;25.8;97.0;91.0;96.0;159.0;0.7;0.1
2023/04/28;2300 UTC;0.0;990.8;990.8;990.3;;26.1;26.0;26.6;26.1;26.2;25.9;99.0;96.0;99.0;134.0;1.1;0.2
2023/04/29;0000 UTC;0.0;991.7;991.7;990.8;;25.5;25.3;26.1;25.3;25.9;24.9;99.0;96.0;99.0;147.0;0.8;0.4
2023/04/29;0100 UTC;0.0;992.2;992.2;991.7;;25.4;25.4;25.5;25.2;25.5;25.1;100.0;99.0;100.0;228.0;0.8;0.3
2023/04/29;0200 UTC;0.0;992.4;992.4;992.2;;25.0;25.0;25.4;25.0;25.4;25.0;100.0;100.0;100.0;323.0;0.6;0.2
2023/04/29;0300 UTC;0.0;992.2;992.4;992.2;;24.6;24.6;25.0;24.6;25.0;24.6;100.0;100.0;100.0;118.0;0.8;0.3
2023/04/29;0400 UTC;0.0;991.8;992.3;991.8;;24.5;24.5;24.7;24.4;24.7;24.4;100.0;100.0;100.0;227.0;0.5;0.2
2023/04/29;0500 UTC;0.0;991.1;991.8;991.1;;24.5;24.5;24.6;24.3;24.6;24.3;100.0;100.0;100.0;94.0;1.0;0.2
2023/04/29;0600 UTC;0.0;990.8;991.2;990.8;;24.2;24.2;24.6;24.0;24.6;24.0;100.0;100.0;100.0;96.0;0.8;0.4
2023/04/29;0700 UTC;0.0;990.6;990.8;990.6;;24.0;24.0;24.6;23.9;24.5;23.9;100.0;100.0;100.0;177.0;0.9;0.2
2023/04/29;0800 UTC;0.0;990.5;990.6;990.4;;23.9;23.9;24.1;23.6;24.1;23.6;100.0;100.0;100.0;93.0;0.6;0.3
2023/04/29;0900 UTC;0.0;991.2;991.2;990.5;;23.3;23.3;23.9;23.2;23.8;23.2;100.0;100.0;100.0;130.0;0.6;0.4
2023/04/29;1000 UTC;0.2;992.1;992.1;991.2;57.9;23.9;23.8;23.9;23.3;23.8;23.3;100.0;100.0;100.0;348.0;0.7;0.2
2023/04/29;1100 UTC;0.0;992.9;992.9;992.1;638.7;27.5;24.2;27.8;23.9;25.4;23.9;100.0;82.0;82.0;103.0;1.3;0.5
2023/04/29;1200 UTC;0.0;993.3;993.3;992.9;1312.0;29.8;23.8;30.0;27.5;24.9;23.4;84.0;68.0;70.0;111.0;2.3;1.3
2023/04/29;1300 UTC;0.0;993.6;993.6;993.3;1872.6;31.7;24.0;31.7;29.8;24.7;23.3;71.0;63.0;64.0;137.0;3.4;1.8
2023/04/29;1400 UTC;0.0;993.6;993.7;993.6;2322.1;33.2;22.8;33.4;31.5;24.3;22.2;66.0;54.0;54.0;53.0;4.5;0.8
2023/04/29;1500 UTC;0.0;992.6;993.6;992.6;2649.9;33.2;22.0;34.2;32.7;24.2;21.7;59.0;51.0;52.0;149.0;3.7;2.2
2023/04/29;1600 UTC;0.0;991.4;992.6;991.4;2808.6;34.0;22.3;34.7;33.1;22.7;21.4;54.0;48.0;50.0;136.0;4.5;1.9
2023/04/29;1700 UTC;0.0;990.3;991.4;990.3;2631.4;34.3;22.4;34.4;33.8;23.1;21.5;53.0;48.0;50.0;178.0;4.1;1.4
2023/04/29;1800 UTC;0.0;989.2;990.3;989.2;1953.6;34.2;23.0;35.3;33.3;23.0;21.6;54.0;47.0;52.0;190.0;4.0;1.6
2023/04/29;1900 UTC;0.0;988.8;989.2;988.8;1601.5;33.9;22.1;35.0;33.7;23.5;21.7;53.0;48.0;50.0;177.0;3.8;2.1
2023/04/29;2000 UTC;0.0;988.9;989.0;988.7;1030.3;33.4;22.7;34.5;33.3;23.1;22.1;54.0;50.0;54.0;155.0;3.6;1.7
2023/04/29;2100 UTC;0.0;989.7;989.7;988.9;131.9;28.5;25.1;33.4;28.1;26.2;22.6;86.0;54.0;82.0;24.0;2.9;0.9
2023/04/29;2200 UTC;0.0;990.1;990.2;989.7;;27.8;23.7;29.4;27.7;25.1;23.7;82.0;74.0;79.0;4.0;6.3;0.8
2023/04/29;2300 UTC;0.0;990.5;990.6;989.8;;27.1;24.6;27.8;26.0;24.9;23.5;93.0;78.0;86.0;356.0;2.6;1.2
2023/04/30;0000 UTC;0.0;991.4;991.4;990.5;;25.9;24.7;27.1;25.8;25.1;24.5;94.0;86.0;93.0;44.0;2.6;0.6
2023/04/30;0100 UTC;0.0;991.9;991.9;991.4;;25.5;24.7;25.9;25.3;25.1;24.7;99.0;93.0;95.0;326.0;1.6;0.7
2023/04/30;0200 UTC;0.0;992.0;992.0;991.9;;25.2;25.1;25.7;25.0;25.5;24.8;100.0;95.0;99.0;2.0;2.2;0.9
2023/04/30;0300 UTC;0.0;992.0;992.3;992.0;;25.4;24.9;25.7;25.1;25.3;24.8;99.0;96.0;97.0;351.0;2.4;0.8
2023/04/30;0400 UTC;0.0;991.6;992.0;991.6;;24.8;24.8;25.4;24.8;25.0;24.6;100.0;97.0;100.0;28.0;2.0;0.6
2023/04/30;0500 UTC;0.0;991.3;991.6;991.3;;24.7;24.3;25.0;24.7;24.8;24.3;100.0;96.0;98.0;20.0;1.8;0.5
2023/04/30;0600 UTC;0.0;991.0;991.4;991.0;;24.4;24.2;24.7;24.4;24.5;24.0;100.0;97.0;99.0;8.0;1.9;0.7
2023/04/30;0700 UTC;0.0;990.8;991.1;990.8;;24.0;24.0;24.4;24.0;24.3;24.0;100.0;98.0;100.0;58.0;1.5;0.4
2023/04/30;0800 UTC;0.0;990.8;991.0;990.8;;24.0;23.9;24.3;23.9;24.3;23.9;100.0;100.0;100.0;177.0;1.1;0.4
2023/04/30;0900 UTC;0.0;991.0;991.0;990.8;;24.0;24.0;24.2;23.9;24.2;23.9;100.0;100.0;100.0;14.0;0.8;0.3
2023/04/30;1000 UTC;0.0;992.2;992.2;991.0;52.6;24.4;24.4;24.4;23.8;24.4;23.7;100.0;100.0;100.0;89.0;0.9;0.2
2023/04/30;1100 UTC;0.0;993.0;993.0;992.2;498.0;26.9;25.0;27.1;24.3;25.6;24.3;100.0;89.0;89.0;45.0;1.5;0.5
2023/04/30;1200 UTC;0.0;993.3;993.3;993.0;535.2;27.3;25.0;27.5;26.6;25.7;24.8;92.0;86.0;88.0;261.0;2.6;1.3
2023/04/30;1300 UTC;0.0;993.8;993.9;993.3;1302.4;29.0;25.1;29.5;27.3;25.9;24.6;89.0;77.0;79.0;352.0;3.4;1.5
2023/04/30;1400 UTC;0.0;993.2;993.8;993.2;1720.1;30.3;25.0;30.7;28.8;26.4;24.4;80.0;72.0;73.0;307.0;3.5;1.9
2023/04/30;1500 UTC;0.0;992.1;993.2;992.1;2568.1;32.1;24.6;32.1;30.0;25.4;23.9;73.0;64.0;65.0;297.0;4.2;2.1
2023/04/30;1600 UTC;0.0;992.0;992.1;991.7;2305.7;26.6;23.6;33.6;26.6;25.5;22.6;83.0;61.0;83.0;148.0;10.4;5.4
2023/04/30;1700 UTC;0.0;990.0;992.0;990.0;615.8;26.8;24.0;27.3;26.3;24.3;23.6;87.0;82.0;84.0;312.0;8.1;1.7
2023/04/30;1800 UTC;0.0;990.0;990.3;989.8;143.0;26.1;24.1;27.1;26.0;24.4;24.0;89.0;84.0;89.0;268.0;3.6;1.4
2023/04/30;1900 UTC;0.0;990.3;990.3;989.7;241.7;26.2;24.6;26.2;25.8;24.6;23.9;92.0;89.0;91.0;358.0;2.8;1.1
2023/04/30;2000 UTC;0.0;989.1;990.3;989.0;343.2;26.5;24.8;26.9;26.2;24.9;24.4;91.0;87.0;90.0;55.0;3.4;0.5
2023/04/30;2100 UTC;0.0;989.9;989.9;989.1;74.1;25.8;24.2;26.5;25.5;24.7;23.3;92.0;85.0;91.0;169.0;3.5;0.9
2023/04/30;2200 UTC;0.0;991.0;991.0;989.9;;25.1;24.3;26.0;25.0;24.4;24.0;96.0;89.0;96.0;155.0;2.2;0.6
2023/04/30;2300 UTC;0.0;991.4;991.5;991.0;;24.9;24.3;25.1;24.8;24.6;24.3;98.0;96.0;97.0;118.0;1.9;0.6
2023/05/01;0000 UTC;0.0;991.9;991.9;991.4;;24.6;24.2;24.9;24.5;24.4;24.1;99.0;96.0;98.0;156.0;1.3;0.7
2023/05/01;0100 UTC;0.0;993.1;993.1;991.9;;24.3;24.3;24.6;24.2;24.3;24.1;100.0;98.0;100.0;25.0;2.3;1.0
2023/05/01;0200 UTC;0.0;993.4;993.5;993.1;;24.7;23.4;24.8;24.3;24.4;23.4;100.0;92.0;92.0;34.0;5.8;1.1
2023/05/01;0300 UTC;0.0;993.4;993.4;993.3;;24.4;23.0;24.8;24.4;23.4;22.9;92.0;90.0;92.0;38.0;4.3;0.9
2023/05/01;0400 UTC;0.0;992.9;993.5;992.9;;23.9;22.6;24.4;23.9;23.0;22.4;93.0;91.0;93.0;347.0;4.4;1.3
2023/05/01;0500 UTC;0.0;992.3;992.9;992.3;;23.4;22.3;23.9;23.4;22.7;22.3;94.0;92.0;94.0;343.0;4.0;1.8
2023/05/01;0600 UTC;0.0;992.1;992.3;992.0;;23.1;22.5;23.4;23.1;22.6;22.3;96.0;94.0;96.0;313.0;4.3;1.0
2023/05/01;0700 UTC;0.0;991.8;992.1;991.8;;23.0;22.4;23.3;22.9;22.7;22.4;98.0;96.0;96.0;323.0;3.0;1.2
2023/05/01;0800 UTC;0.0;992.0;992.0;991.8;;22.7;22.4;23.1;22.7;22.5;22.2;98.0;96.0;98.0;345.0;3.0;1.1
2023/05/01;0900 UTC;0.0;992.2;992.2;991.9;;22.3;22.3;22.7;22.3;22.6;22.3;100.0;98.0;100.0;93.0;2.1;0.6
2023/05/01;1000 UTC;0.0;992.8;992.8;992.2;56.5;22.7;22.7;22.7;21.9;22.7;21.8;100.0;100.0;100.0;77.0;1.1;0.4
2023/05/01;1100 UTC;0.0;993.4;993.5;992.8;647.8;25.3;22.6;26.0;22.6;23.4;22.6;100.0;84.0;85.0;151.0;1.6;0.7
2023/05/01;1200 UTC;0.0;994.0;994.0;993.4;1235.7;27.7;22.7;27.8;25.3;23.1;22.4;86.0;73.0;74.0;66.0;2.7;1.1
2023/05/01;1300 UTC;0.0;994.3;994.3;994.0;1845.3;28.9;23.2;29.1;27.2;23.7;22.3;77.0;70.0;71.0;82.0;3.0;1.3
2023/05/01;1400 UTC;0.0;994.2;994.4;994.2;2354.3;31.0;23.9;31.0;28.4;24.0;22.7;73.0;66.0;66.0;108.0;3.7;1.0
2023/05/01;1500 UTC;0.0;993.4;994.2;993.4;2054.0;31.2;24.5;31.2;29.5;24.7;23.3;71.0;65.0;68.0;90.0;4.3;1.0
2023/05/01;1600 UTC;0.0;992.4;993.4;992.4;2458.1;31.2;23.5;32.4;30.2;24.4;22.7;68.0;61.0;64.0;163.0;5.7;2.2
2023/05/01;1700 UTC;0.0;990.8;992.4;990.8;2547.0;31.6;23.5;32.6;30.3;24.0;22.5;68.0;59.0;62.0;352.0;4.1;1.1
2023/05/01;1800 UTC;0.0;989.4;990.8;989.4;2443.8;31.6;22.5;33.4;31.5;24.4;22.1;63.0;53.0;59.0;156.0;3.8;1.7
2023/05/01;1900 UTC;0.0;989.3;989.4;989.2;1651.9;28.9;22.1;32.5;28.9;23.6;21.6;67.0;54.0;67.0;77.0;7.8;3.0
2023/05/01;2000 UTC;0.0;988.9;989.3;988.9;528.8;28.4;23.1;29.1;28.1;23.1;21.9;73.0;66.0;73.0;90.0;6.7;1.9
2023/05/01;2100 UTC;0.0;989.1;989.2;988.9;248.4;26.8;23.8;28.6;26.8;23.8;23.3;84.0;73.0;84.0;46.0;4.1;0.9
2023/05/01;2200 UTC;0.0;989.4;989.5;989.1;;25.1;24.1;26.8;25.1;24.5;23.7;95.0;84.0;94.0;32.0;2.1;0.3
2023/05/01;2300 UTC;0.0;990.7;990.7;989.4;;24.7;24.1;25.1;24.6;24.4;23.9;97.0;94.0;97.0;70.0;2.0;0.7
2023/05/02;0000 UTC;0.0;991.4;991.4;990.7;;24.4;24.0;24.7;24.3;24.4;24.0;100.0;96.0;98.0;87.0;1.7;0.7
2023/05/02;0100 UTC;0.0;992.1;992.1;991.3;;24.5;23.1;24.7;24.3;24.0;23.1;98.0;91.0;92.0;63.0;4.0;1.6
2023/05/02;0200 UTC;0.0;992.3;992.4;991.9;;24.2;23.0;24.5;24.2;23.1;22.9;93.0;91.0;93.0;50.0;3.7;1.2
2023/05/02;0300 UTC;0.0;992.2;992.5;992.1;;24.1;23.0;24.2;24.0;23.2;23.0;95.0;93.0;94.0;53.0;2.9;1.0
2023/05/02;0400 UTC;0.0;991.8;992.2;991.8;;23.7;22.9;24.1;23.7;23.1;22.9;96.0;94.0;95.0;12.0;2.8;0.6
2023/05/02;0500 UTC;0.0;991.2;991.8;991.1;;23.3;22.9;23.7;23.2;22.9;22.6;98.0;95.0;98.0;77.0;2.2;0.4
2023/05/02;0600 UTC;0.0;990.7;991.2;990.6;;23.0;23.0;23.5;23.0;23.1;22.6;100.0;96.0;100.0;7.0;1.7;0.8
2023/05/02;0700 UTC;0.0;990.6;990.7;990.5;;22.9;22.9;23.0;22.8;23.0;22.8;100.0;99.0;100.0;344.0;1.8;1.0
2023/05/02;0800 UTC;0.0;990.8;990.8;990.5;;22.6;22.6;23.0;22.5;23.0;22.4;100.0;99.0;100.0;6.0;1.6;0.5
2023/05/02;0900 UTC;0.0;991.1;991.1;990.8;;22.4;22.4;22.8;22.1;22.8;22.1;100.0;100.0;100.0;360.0;1.6;0.6
2023/05/02;1000 UTC;0.0;992.0;992.0;991.1;53.5;22.8;22.8;22.8;22.3;22.8;22.3;100.0;100.0;100.0;18.0;1.7;0.5
2023/05/02;1100 UTC;0.0;992.7;992.7;992.0;565.7;24.3;22.5;24.5;22.8;23.4;22.5;100.0;89.0;89.0;352.0;3.8;1.6
2023/05/02;1200 UTC;0.0;993.4;993.4;992.7;1025.7;26.4;22.9;26.4;24.3;23.3;22.3;91.0;81.0;81.0;9.0;3.3;1.1
2023/05/02;1300 UTC;0.0;993.8;993.8;993.4;1788.0;28.5;22.3;28.8;25.9;23.2;21.7;82.0;69.0;69.0;29.0;4.3;1.5
2023/05/02;1400 UTC;0.0;993.7;993.9;993.7;2319.1;29.7;22.5;29.7;27.9;23.0;21.6;73.0;64.0;65.0;346.0;4.3;1.6
2023/05/02;1500 UTC;0.0;992.8;993.7;992.8;2712.7;30.5;22.3;31.3;29.3;23.5;21.9;67.0;60.0;62.0;23.0;3.7;1.7
2023/05/02;1600 UTC;0.0;991.6;992.8;991.6;2516.3;31.2;22.3;31.6;30.2;23.1;21.9;64.0;58.0;59.0;195.0;3.6;1.2
2023/05/02;1700 UTC;0.0;990.4;991.6;990.4;2213.2;31.9;22.7;32.5;30.7;23.8;21.8;63.0;57.0;58.0;104.0;2.8;1.4
2023/05/02;1800 UTC;0.0;989.2;990.4;989.2;1887.5;33.1;23.5;33.1;31.1;23.5;21.4;62.0;54.0;57.0;265.0;3.1;1.3
2023/05/02;1900 UTC;0.0;988.8;989.2;988.8;1640.6;31.8;21.6;33.2;31.5;22.7;21.2;58.0;52.0;55.0;311.0;3.4;1.4
2023/05/02;2000 UTC;0.0;988.4;988.8;988.4;748.2;30.1;24.5;31.9;30.1;25.1;21.8;73.0;55.0;72.0;72.0;2.7;0.6
2023/05/02;2100 UTC;0.0;988.4;988.5;988.4;195.7;26.7;25.0;30.1;26.7;25.6;24.3;90.0;72.0;90.0;360.0;1.1;0.3
2023/05/02;2200 UTC;0.0;988.4;988.5;988.3;;25.1;24.6;26.7;25.1;25.1;24.2;97.0;90.0;97.0;16.0;1.0;0.2
2023/05/02;2300 UTC;0.0;989.2;989.2;988.4;;24.6;24.5;25.1;24.6;24.7;24.2;99.0;97.0;99.0;;0.5;0.1
2023/05/03;0000 UTC;0.0;990.0;990.0;989.2;;24.5;24.4;24.6;24.3;24.5;24.2;100.0;99.0;100.0;161.0;0.7;0.3
2023/05/03;0100 UTC;0.0;990.7;990.7;990.0;;24.1;24.1;24.5;24.1;24.4;24.0;100.0;100.0;100.0;34.0;1.7;0.2
2023/05/03;0200 UTC;0.0;991.1;991.1;990.7;;23.7;23.7;24.1;23.6;24.1;23.6;100.0;100.0;100.0;167.0;0.6;0.2
2023/05/03;0300 UTC;0.0;991.3;991.3;991.0;;23.8;23.7;23.8;23.5;23.8;23.5;100.0;100.0;100.0;280.0;0.6;0.2
2023/05/03;0400 UTC;0.0;990.9;991.3;990.9;;23.5;23.5;23.7;23.3;23.7;23.3;100.0;100.0;100.0;197.0;0.8;0.4
2023/05/03;0500 UTC;0.0;990.5;991.0;990.5;;23.1;23.1;23.8;23.1;23.7;23.1;100.0;100.0;100.0;149.0;1.0;0.4
2023/05/03;0600 UTC;0.0;990.2;990.5;990.1;;22.8;22.7;23.3;22.7;23.3;22.7;100.0;100.0;100.0;136.0;0.7;0.3
2023/05/03;0700 UTC;0.0;990.1;990.2;990.1;;22.8;22.7;22.9;22.4;22.9;22.4;100.0;100.0;100.0;102.0;0.8;0.2
2023/05/03;0800 UTC;0.0;990.4;990.4;990.1;;22.6;22.6;22.8;22.5;22.8;22.5;100.0;100.0;100.0;32.0;1.2;0.3
2023/05/03;0900 UTC;0.0;990.4;990.4;990.3;;22.8;22.8;23.0;22.4;23.0;22.4;100.0;100.0;100.0;85.0;0.9;0.4
2023/05/03;1000 UTC;0.0;991.3;991.3;990.4;51.9;22.9;22.9;23.2;22.3;23.2;22.3;100.0;100.0;100.0;123.0;0.7;0.4
2023/05/03;1100 UTC;;;;;;;;;;;;;;;;;
2023/05/03;1200 UTC;;;;;;;;;;;;;;;;;
2023/05/03;1300 UTC;;;;;;;;;;;;;;;;;
2023/05/03;1400 UTC;;;;;;;;;;;;;;;;;
2023/05/03;1500 UTC;;;;;;;;;;;;;;;;;
2023/05/03;1600 UTC;;;;;;;;;;;;;;;;;
2023/05/03;1700 UTC;0.0;989.6;991.0;989.5;2795.1;32.8;21.6;33.3;32.3;22.4;20.5;54.0;48.0;52.0;141.0;6.5;3.2
2023/05/03;1800 UTC;0.0;988.7;989.6;988.7;2353.4;32.4;20.7;33.3;32.3;21.7;20.2;52.0;48.0;50.0;156.0;6.5;3.5
2023/05/03;1900 UTC;0.0;988.6;988.8;988.6;1734.3;32.5;21.4;33.1;32.2;21.7;20.1;53.0;48.0;52.0;149.0;6.5;3.1
2023/05/03;2000 UTC;0.0;988.6;988.6;988.5;783.4;30.4;21.7;32.6;30.4;21.8;20.6;60.0;50.0;60.0;147.0;5.5;1.6
2023/05/03;2100 UTC;0.0;988.9;988.9;988.6;229.6;27.0;24.8;30.5;27.0;25.0;21.8;88.0;60.0;88.0;140.0;2.9;0.5
2023/05/03;2200 UTC;0.0;989.4;989.4;988.9;;24.8;23.9;27.0;24.8;25.0;23.8;96.0;86.0;95.0;216.0;1.0;0.2
2023/05/03;2300 UTC;0.0;990.2;990.2;989.4;;23.6;23.0;24.8;23.6;23.9;23.0;98.0;94.0;97.0;62.0;0.8;0.2
2023/05/04;0000 UTC;0.0;990.7;990.7;990.2;;23.1;23.0;23.6;23.0;23.3;22.9;100.0;97.0;99.0;220.0;0.6;0.3
2023/05/04;0100 UTC;0.0;991.2;991.2;990.7;;23.2;23.1;23.4;23.0;23.3;22.8;100.0;98.0;99.0;155.0;0.7;0.3
2023/05/04;0200 UTC;0.0;991.5;991.6;991.2;;22.6;22.6;23.2;22.6;23.1;22.6;100.0;99.0;100.0;192.0;0.5;0.3
2023/05/04;0300 UTC;0.0;991.4;991.6;991.4;;22.2;22.2;22.7;21.9;22.6;21.9;100.0;100.0;100.0;178.0;0.7;0.4
2023/05/04;0400 UTC;0.0;991.0;991.4;991.0;;22.1;22.0;22.3;21.9;22.3;21.9;100.0;100.0;100.0;158.0;0.7;0.4
2023/05/04;0500 UTC;0.0;990.5;991.0;990.5;;21.5;21.5;22.1;21.5;22.1;21.5;100.0;100.0;100.0;198.0;0.7;0.2
2023/05/04;0600 UTC;0.0;989.9;990.5;989.9;;21.3;21.3;21.6;21.1;21.6;21.1;100.0;100.0;100.0;142.0;0.7;0.3
2023/05/04;0700 UTC;0.0;990.4;990.4;989.9;;22.1;22.0;22.3;20.6;22.3;20.5;100.0;99.0;99.0;33.0;2.8;1.0
2023/05/04;0800 UTC;0.0;990.4;990.4;990.2;;22.1;22.1;22.8;22.0;22.7;22.0;100.0;99.0;100.0;21.0;2.1;0.4
2023/05/04;0900 UTC;0.0;991.0;991.0;990.4;;22.2;22.2;22.2;21.6;22.2;21.6;100.0;100.0;100.0;18.0;1.4;0.5
2023/05/04;1000 UTC;0.2;991.7;991.7;991.0;48.3;22.6;22.6;22.7;21.9;22.7;21.9;100.0;100.0;100.0;8.0;1.9;0.6
2023/05/04;1100 UTC;0.0;992.6;992.6;991.7;629.9;25.7;24.0;25.7;22.6;24.0;22.6;100.0;88.0;90.0;336.0;2.2;0.9
2023/05/04;1200 UTC;0.0;993.5;993.5;992.6;1124.6;28.1;24.3;28.2;25.7;24.8;23.5;90.0;80.0;80.0;3.0;3.3;1.0
2023/05/04;1300 UTC;0.0;993.9;993.9;993.5;1854.1;29.8;22.7;29.8;27.9;24.8;21.9;82.0;63.0;66.0;12.0;3.5;1.7
2023/05/04;1400 UTC;0.0;993.8;993.9;993.8;2217.2;31.1;21.1;31.7;29.7;23.5;20.0;69.0;52.0;55.0;20.0;3.6;1.3
2023/05/04;1500 UTC;0.0;993.1;993.8;993.1;2397.7;31.8;20.2;32.4;30.6;21.5;18.5;57.0;45.0;50.0;344.0;3.6;1.4
2023/05/04;1600 UTC;0.0;992.1;993.1;992.1;2804.4;32.8;18.5;33.2;31.9;20.1;17.8;50.0;41.0;43.0;336.0;3.9;1.1
2023/05/04;1700 UTC;0.0;990.7;992.1;990.7;2777.9;33.3;21.3;33.9;32.2;21.8;18.4;51.0;42.0;49.0;335.0;4.3;1.4
2023/05/04;1800 UTC;0.0;989.8;990.7;989.8;2397.3;32.7;21.2;33.9;32.2;21.8;20.6;52.0;47.0;51.0;194.0;4.7;1.6
2023/05/04;1900 UTC;0.0;989.3;989.8;989.3;1927.5;33.1;21.8;34.3;32.7;22.2;21.0;52.0;48.0;52.0;13.0;3.1;1.4
2023/05/04;2000 UTC;0.0;989.3;989.3;989.2;961.6;32.1;22.9;34.0;32.0;22.9;21.3;58.0;49.0;58.0;150.0;2.9;1.2
2023/05/04;2100 UTC;0.0;989.9;989.9;989.3;241.8;28.2;25.1;32.1;28.2;25.5;21.7;85.0;54.0;84.0;136.0;2.0;0.6
2023/05/04;2200 UTC;0.0;990.4;990.5;989.9;;25.8;24.5;28.2;25.8;25.4;24.3;93.0;83.0;93.0;86.0;1.0;0.6
2023/05/04;2300 UTC;0.0;990.8;990.8;990.3;;25.1;24.5;25.8;25.1;25.0;24.4;97.0;92.0;96.0;312.0;1.0;0.3
2023/05/05;0000 UTC;0.0;991.7;991.7;990.8;;24.9;24.6;25.1;24.8;24.8;24.4;99.0;96.0;99.0;130.0;0.7;0.4
2023/05/05;0100 UTC;0.0;992.4;992.4;991.7;;24.5;24.4;25.0;24.5;24.8;24.4;100.0;98.0;100.0;22.0;1.4;0.5
2023/05/05;0200 UTC;0.0;992.7;992.8;992.4;;24.4;24.3;24.8;24.4;24.6;24.2;100.0;98.0;99.0;207.0;2.3;0.3
2023/05/05;0300 UTC;0.0;992.8;993.0;992.7;;24.2;24.2;24.6;24.1;24.6;24.1;100.0;99.0;100.0;149.0;1.2;0.3
2023/05/05;0400 UTC;0.0;992.4;992.8;992.3;;24.3;24.3;24.4;24.0;24.4;24.0;100.0;100.0;100.0;39.0;0.9;0.2
2023/05/05;0500 UTC;0.0;991.6;992.4;991.6;;24.3;24.3;24.4;24.2;24.3;24.1;100.0;100.0;100.0;34.0;1.0;0.3
2023/05/05;0600 UTC;0.0;991.7;991.9;991.6;;24.9;24.1;25.2;24.3;24.8;24.1;100.0;94.0;95.0;39.0;4.5;0.7
2023/05/05;0700 UTC;0.4;992.0;992.0;991.4;;24.5;24.0;24.9;24.5;24.4;24.0;100.0;95.0;97.0;122.0;2.6;1.2
2023/05/05;0800 UTC;1.4;991.8;992.0;991.5;;23.6;23.2;24.5;23.6;24.1;23.1;98.0;96.0;98.0;96.0;5.2;1.2
2023/05/05;0900 UTC;8.6;992.3;992.7;991.7;;23.6;23.6;23.9;23.2;23.6;23.1;100.0;96.0;100.0;327.0;7.1;1.1
2023/05/05;1000 UTC;0.8;993.5;993.5;992.1;4.5;23.7;23.7;23.7;23.5;23.7;23.5;100.0;100.0;100.0;117.0;2.0;1.0
2023/05/05;1100 UTC;0.6;993.3;994.0;993.1;107.7;24.0;23.7;24.0;23.7;23.9;23.6;100.0;98.0;99.0;254.0;4.1;0.9
2023/05/05;1200 UTC;0.2;994.0;994.0;993.3;494.3;25.1;24.9;25.1;23.9;25.0;23.6;100.0;97.0;99.0;360.0;2.0;0.9
2023/05/05;1300 UTC;0.0;994.5;994.6;994.0;1123.3;26.7;24.3;26.8;25.0;25.0;23.7;99.0;85.0;87.0;179.0;2.0;0.7
2023/05/05;1400 UTC;0.0;994.4;994.6;994.4;1790.8;28.3;24.0;28.9;26.6;25.0;23.7;90.0;76.0;77.0;327.0;1.9;0.6
2023/05/05;1500 UTC;0.0;993.7;994.4;993.7;2586.9;30.2;23.9;30.3;28.2;25.7;23.9;83.0;69.0;69.0;74.0;3.2;0.7
2023/05/05;1600 UTC;0.0;992.5;993.7;992.5;1380.2;29.3;25.0;30.6;29.0;25.3;23.7;79.0;69.0;78.0;259.0;3.8;2.3
2023/05/05;1700 UTC;0.0;991.1;992.5;991.1;2488.9;30.0;24.1;31.4;29.3;25.1;23.8;77.0;66.0;71.0;176.0;3.8;2.0
2023/05/05;1800 UTC;0.0;990.4;991.1;990.4;1146.9;29.8;24.3;30.7;29.2;25.1;23.4;77.0;67.0;72.0;2.0;3.3;1.3
2023/05/05;1900 UTC;0.0;990.5;991.0;990.4;334.3;25.7;24.2;30.2;25.7;25.3;23.8;91.0;71.0;91.0;155.0;8.5;1.4
2023/05/05;2000 UTC;0.2;990.6;990.6;990.1;238.4;25.8;24.9;26.2;25.7;24.9;23.9;95.0;90.0;95.0;90.0;3.0;0.8
2023/05/05;2100 UTC;0.0;990.4;990.6;990.2;68.6;25.8;25.2;25.8;25.6;25.3;24.6;97.0;94.0;96.0;124.0;2.1;0.3
2023/05/05;2200 UTC;0.0;990.5;990.6;990.3;;25.1;24.9;25.8;25.1;25.3;24.7;99.0;96.0;99.0;35.0;1.1;0.2
2023/05/05;2300 UTC;0.0;991.6;991.6;990.5;;24.7;24.6;25.2;24.6;25.2;24.6;100.0;99.0;100.0;152.0;1.7;0.4
2023/05/06;0000 UTC;0.0;992.0;992.0;991.6;;24.1;24.1;24.7;24.1;24.6;24.1;100.0;100.0;100.0;350.0;1.1;0.3
2023/05/06;0100 UTC;0.0;992.6;992.6;992.0;;24.2;24.2;24.7;24.1;24.7;24.1;100.0;100.0;100.0;357.0;1.5;0.3
2023/05/06;0200 UTC;0.0;992.5;992.6;992.4;;24.0;24.0;24.3;23.9;24.3;23.9;100.0;100.0;100.0;160.0;1.1;0.6
2023/05/06;0300 UTC;0.0;992.4;992.5;992.4;;23.8;23.8;24.1;23.8;24.1;23.8;100.0;100.0;100.0;225.0;0.9;0.3
2023/05/06;0400 UTC;0.0;992.1;992.4;992.0;;23.7;23.7;23.8;23.5;23.8;23.5;100.0;100.0;100.0;8.0;0.8;0.5
2023/05/06;0500 UTC;0.0;991.8;992.1;991.8;;24.0;24.0;24.3;23.7;24.3;23.7;100.0;100.0;100.0;115.0;1.1;0.6
2023/05/06;0600 UTC;0.0;991.8;991.9;991.7;;24.2;24.2;24.2;24.0;24.2;24.0;100.0;100.0;100.0;44.0;2.1;0.7
2023/05/06;0700 UTC;0.0;991.8;992.0;991.8;;24.4;24.2;24.5;24.1;24.4;24.1;100.0;99.0;99.0;14.0;2.8;0.9
2023/05/06;0800 UTC;0.0;991.6;991.8;991.4;;24.1;23.9;24.7;24.0;24.3;23.6;100.0;97.0;99.0;108.0;2.8;0.4
2023/05/06;0900 UTC;0.2;992.5;992.6;991.6;;24.3;24.0;24.3;23.9;24.1;23.8;100.0;97.0;98.0;276.0;5.7;0.4
2023/05/06;1000 UTC;0.0;992.9;993.0;992.5;20.5;24.2;23.9;24.4;24.0;24.1;23.7;100.0;96.0;98.0;300.0;2.2;0.6
2023/05/06;1100 UTC;0.0;993.1;993.1;992.8;475.9;25.7;23.8;25.8;24.2;24.4;23.7;98.0;89.0;90.0;243.0;3.4;1.0
2023/05/06;1200 UTC;0.0;993.6;993.6;993.1;1019.9;28.1;24.7;28.1;25.6;24.9;23.8;92.0;81.0;82.0;184.0;2.1;0.7
2023/05/06;1300 UTC;0.0;993.8;993.9;993.6;1462.7;29.3;24.6;29.5;28.0;25.6;23.7;82.0;73.0;76.0;174.0;2.9;1.3
2023/05/06;1400 UTC;0.0;993.2;993.8;993.2;2160.6;30.5;25.4;31.0;29.3;25.5;24.1;77.0;70.0;74.0;147.0;4.1;1.9
2023/05/06;1500 UTC;0.0;992.4;993.2;992.4;2562.0;31.2;25.2;31.8;30.5;26.0;24.1;75.0;66.0;71.0;155.0;5.0;2.1
2023/05/06;1600 UTC;0.0;991.4;992.4;991.4;3001.6;32.3;24.0;32.5;31.1;25.4;23.3;70.0;60.0;62.0;154.0;6.3;2.9
2023/05/06;1700 UTC;0.0;990.0;991.4;990.0;2921.1;33.3;23.4;33.6;32.1;24.8;22.2;64.0;53.0;56.0;126.0;5.6;2.3
2023/05/06;1800 UTC;0.0;989.2;990.0;989.2;1699.5;32.2;23.9;33.4;32.0;24.0;22.6;62.0;55.0;62.0;152.0;5.3;2.7
2023/05/06;1900 UTC;0.0;988.6;989.2;988.6;1018.3;31.7;24.1;32.2;31.6;24.4;23.2;64.0;60.0;64.0;151.0;4.2;1.5
2023/05/06;2000 UTC;0.0;988.5;988.6;988.4;1075.6;32.3;24.2;32.6;31.6;24.8;23.0;67.0;58.0;63.0;101.0;3.3;1.1
2023/05/06;2100 UTC;0.0;988.8;988.8;988.5;263.5;28.1;26.0;32.4;28.1;26.5;23.6;89.0;61.0;89.0;122.0;3.0;0.2
2023/05/06;2200 UTC;0.0;989.1;989.1;988.8;;26.3;26.0;28.1;26.3;26.0;25.2;98.0;88.0;98.0;123.0;1.0;0.2
2023/05/06;2300 UTC;0.0;989.8;989.8;989.1;;25.7;25.5;26.3;25.7;26.0;25.3;99.0;98.0;99.0;173.0;0.8;0.6
2023/05/07;0000 UTC;0.0;990.5;990.5;989.8;;25.4;25.4;25.8;25.4;25.7;25.3;100.0;99.0;100.0;308.0;1.5;0.2
2023/05/07;0100 UTC;0.0;991.0;991.0;990.5;;25.0;24.9;25.4;24.9;25.4;24.9;100.0;100.0;100.0;279.0;0.4;0.2
2023/05/07;0200 UTC;0.0;991.5;991.5;991.0;;24.7;24.7;25.0;24.6;25.0;24.6;100.0;100.0;100.0;154.0;0.7;0.5
2023/05/07;0300 UTC;0.0;991.2;991.6;991.2;;24.6;24.6;24.8;24.5;24.8;24.4;100.0;100.0;100.0;309.0;0.7;0.4
2023/05/07;0400 UTC;0.0;990.8;991.2;990.8;;24.3;24.3;24.6;24.3;24.6;24.2;100.0;100.0;100.0;288.0;0.6;0.2
2023/05/07;0500 UTC;0.0;990.1;990.8;990.1;;23.7;23.7;24.3;23.6;24.3;23.6;100.0;100.0;100.0;158.0;0.7;0.4
2023/05/07;0600 UTC;0.0;989.6;990.1;989.6;;23.5;23.5;24.0;23.5;24.0;23.5;100.0;100.0;100.0;12.0;0.6;0.3
2023/05/07;0700 UTC;0.0;989.5;989.6;989.5;;23.2;23.2;23.5;23.1;23.4;23.1;100.0;100.0;100.0;31.0;0.5;0.1
2023/05/07;0800 UTC;0.0;989.7;989.7;989.5;;23.0;23.0;23.5;23.0;23.4;23.0;100.0;100.0;100.0;175.0;0.8;0.5
2023/05/07;0900 UTC;0.0;990.1;990.1;989.6;;23.0;22.9;23.3;23.0;23.3;22.9;100.0;100.0;100.0;189.0;0.8;0.1
2023/05/07;1000 UTC;0.0;990.9;990.9;990.1;35.6;23.2;23.2;23.2;22.8;23.2;22.8;100.0;100.0;100.0;161.0;0.7;0.2
2023/05/07;1100 UTC;0.0;991.9;991.9;990.9;619.0;26.3;24.4;26.4;23.2;25.3;23.2;100.0;88.0;89.0;104.0;2.9;1.1
2023/05/07;1200 UTC;0.0;992.6;992.6;991.9;1334.0;28.0;22.8;28.3;26.3;24.8;22.5;89.0;72.0;73.0;111.0;3.9;2.0
2023/05/07;1300 UTC;0.0;992.7;992.8;992.6;1898.6;29.6;22.6;29.7;28.0;23.2;22.1;74.0;64.0;66.0;100.0;6.0;2.4
2023/05/07;1400 UTC;0.0;992.4;992.8;992.3;2341.3;31.3;22.3;31.4;29.4;23.8;21.5;66.0;58.0;59.0;104.0;5.4;2.7
2023/05/07;1500 UTC;0.0;991.5;992.4;991.5;2693.1;32.6;22.5;32.8;31.1;23.1;22.0;60.0;54.0;56.0;111.0;6.2;2.8
2023/05/07;1600 UTC;0.0;990.7;991.5;990.7;2530.3;33.0;21.3;33.5;31.8;22.5;20.7;56.0;48.0;50.0;111.0;6.2;2.5
2023/05/07;1700 UTC;0.0;989.8;990.7;989.8;2952.2;33.5;21.1;33.9;32.8;21.5;19.9;50.0;44.0;48.0;88.0;6.2;2.4
2023/05/07;1800 UTC;0.0;988.9;989.8;988.9;2466.6;33.6;20.1;34.1;33.3;21.9;19.6;50.0;44.0;45.0;145.0;5.6;2.9
2023/05/07;1900 UTC;0.0;988.6;988.9;988.6;1665.3;33.2;20.2;34.0;33.2;21.4;19.4;49.0;43.0;47.0;129.0;5.3;2.2
2023/05/07;2000 UTC;0.0;988.8;988.8;988.6;621.2;30.7;22.4;33.6;30.6;22.7;20.4;62.0;47.0;62.0;133.0;4.7;1.2
2023/05/07;2100 UTC;0.0;989.1;989.1;988.8;104.5;26.6;24.5;30.7;26.6;24.9;22.4;89.0;62.0;88.0;133.0;2.0;0.3
2023/05/07;2200 UTC;;;;;;;;;;;;;;;;;
2023/05/07;2300 UTC;0.0;989.6;989.6;989.4;;24.3;23.8;25.2;24.3;24.5;23.7;98.0;95.0;97.0;135.0;1.3;0.4
2023/05/08;0000 UTC;0.0;990.5;990.5;989.6;;24.0;24.0;24.3;24.0;24.1;23.5;100.0;96.0;100.0;237.0;1.0;0.2
2023/05/08;0100 UTC;0.0;991.1;991.1;990.5;;23.6;23.6;24.0;23.6;23.9;23.5;100.0;99.0;100.0;337.0;0.5;0.2
2023/05/08;0200 UTC;0.0;991.3;991.3;991.0;;23.3;23.3;23.6;23.3;23.6;23.3;100.0;100.0;100.0;265.0;0.5;0.2
2023/05/08;0300 UTC;0.0;991.6;991.6;991.3;;23.0;23.0;23.4;23.0;23.4;23.0;100.0;100.0;100.0;209.0;0.4;0.1
2023/05/08;0400 UTC;0.0;991.2;991.6;991.2;;23.1;23.1;23.3;22.7;23.2;22.7;100.0;100.0;100.0;124.0;1.1;0.4
2023/05/08;0500 UTC;0.0;990.9;991.2;990.9;;22.6;22.6;23.1;22.5;23.0;22.5;100.0;100.0;100.0;256.0;0.9;0.3
2023/05/08;0600 UTC;0.0;990.9;990.9;990.8;;23.0;23.0;23.1;22.5;23.0;22.4;100.0;100.0;100.0;190.0;0.6;0.3
2023/05/08;0700 UTC;0.0;991.0;991.0;990.8;;22.5;22.5;23.0;22.5;23.0;22.5;100.0;100.0;100.0;158.0;0.6;0.2
2023/05/08;0800 UTC;0.0;991.3;991.3;991.0;;22.3;22.3;22.6;22.3;22.6;22.3;100.0;100.0;100.0;155.0;0.6;0.3
2023/05/08;0900 UTC;0.0;991.6;991.6;991.3;;22.1;22.1;22.4;22.1;22.4;22.1;100.0;100.0;100.0;168.0;0.8;0.3
2023/05/08;1000 UTC;0.0;992.3;992.3;991.6;74.5;22.8;22.8;22.8;21.8;22.8;21.8;100.0;100.0;100.0;205.0;1.1;0.6
2023/05/08;1100 UTC;0.0;993.1;993.1;992.3;482.2;25.6;22.3;25.6;22.8;23.6;22.3;100.0;82.0;82.0;137.0;2.8;1.3
2023/05/08;1200 UTC;0.0;993.7;993.7;993.1;1178.1;27.2;22.1;27.8;25.6;23.2;21.4;84.0;69.0;74.0;136.0;4.1;1.5
2023/05/08;1300 UTC;0.0;993.9;993.9;993.8;1662.6;29.4;22.3;29.4;27.2;22.9;21.5;76.0;63.0;65.0;122.0;5.7;2.4
2023/05/08;1400 UTC;0.0;993.7;994.0;993.7;2107.1;30.8;21.8;30.8;29.4;22.8;21.8;67.0;59.0;59.0;109.0;5.6;2.4
2023/05/08;1500 UTC;0.0;992.8;993.7;992.8;2482.2;31.6;21.1;32.4;30.8;22.7;20.2;61.0;51.0;54.0;144.0;5.1;2.6
2023/05/08;1600 UTC;0.0;992.1;992.8;992.0;2022.0;31.7;21.0;32.4;31.4;21.8;19.9;56.0;50.0;53.0;159.0;5.8;2.6
2023/05/08;1700 UTC;0.0;991.3;992.1;991.3;2420.9;32.9;21.5;32.9;31.7;22.4;20.8;57.0;49.0;52.0;139.0;6.1;3.3
2023/05/08;1800 UTC;0.0;990.6;991.3;990.6;2187.2;32.1;20.8;33.5;31.9;21.7;19.5;53.0;44.0;51.0;156.0;6.1;2.4
2023/05/08;1900 UTC;0.0;990.4;990.7;990.4;1339.6;32.0;22.0;32.3;31.7;22.1;20.6;56.0;50.0;56.0;150.0;5.0;2.6
2023/05/08;2000 UTC;0.0;990.3;990.4;990.2;825.1;30.6;22.8;32.1;30.6;22.8;21.0;63.0;53.0;63.0;141.0;5.0;1.4
2023/05/08;2100 UTC;0.0;990.2;990.3;990.2;250.3;28.2;23.6;30.6;28.2;24.0;22.6;76.0;63.0;76.0;148.0;2.9;1.2
2023/05/08;2200 UTC;0.0;990.6;990.6;990.2;;25.5;24.2;28.2;25.5;24.3;23.5;93.0;76.0;93.0;152.0;1.8;0.4
2023/05/08;2300 UTC;0.0;991.1;991.1;990.6;;24.4;23.5;25.5;24.3;24.5;23.5;96.0;93.0;95.0;155.0;1.2;0.5
2023/05/09;0000 UTC;0.0;991.5;991.5;991.1;;24.1;23.9;24.5;23.9;24.0;23.4;99.0;95.0;99.0;156.0;0.9;0.2
2023/05/09;0100 UTC;0.0;992.0;992.0;991.5;;23.6;23.6;24.1;23.6;23.9;23.4;100.0;97.0;100.0;41.0;0.6;0.1
2023/05/09;0200 UTC;0.0;992.3;992.3;992.0;;23.2;23.2;23.6;23.2;23.6;23.1;100.0;100.0;100.0;192.0;0.8;0.4
2023/05/09;0300 UTC;0.0;992.2;992.3;992.1;;23.0;22.9;23.4;22.9;23.3;22.9;100.0;100.0;100.0;202.0;0.8;0.2
2023/05/09;0400 UTC;0.0;992.0;992.3;992.0;;22.7;22.7;23.0;22.5;23.0;22.5;100.0;100.0;100.0;219.0;0.6;0.2
2023/05/09;0500 UTC;0.0;991.7;992.0;991.7;;22.5;22.5;22.7;22.4;22.7;22.4;100.0;100.0;100.0;304.0;0.4;0.2
2023/05/09;0600 UTC;0.0;991.6;991.7;991.5;;22.4;22.4;22.5;22.0;22.4;21.9;100.0;100.0;100.0;278.0;0.6;0.3
2023/05/09;0700 UTC;0.0;991.5;991.6;991.5;;22.5;22.4;22.5;22.1;22.4;22.1;100.0;100.0;100.0;114.0;0.7;0.3
2023/05/09;0800 UTC;0.0;991.7;991.7;991.5;;22.4;22.4;22.6;22.2;22.6;22.2;100.0;100.0;100.0;66.0;0.9;0.4
2023/05/09;0900 UTC;0.0;992.1;992.1;991.7;;22.1;22.1;22.4;21.8;22.4;21.8;100.0;100.0;100.0;164.0;0.9;0.4
2023/05/09;1000 UTC;0.0;992.7;992.7;992.1;53.0;22.5;22.5;22.5;21.8;22.5;21.8;100.0;100.0;100.0;182.0;0.9;0.3
2023/05/09;1100 UTC;0.0;993.3;993.3;992.7;513.9;25.9;24.6;26.0;22.5;25.0;22.4;100.0;92.0;92.0;88.0;1.2;0.4
2023/05/09;1200 UTC;0.0;993.7;993.7;993.3;1270.1;28.4;24.1;28.4;25.8;24.8;23.5;94.0;76.0;78.0;154.0;3.7;1.5
2023/05/09;1300 UTC;0.0;993.9;993.9;993.7;1664.3;30.4;23.7;30.4;28.3;24.4;22.7;78.0;66.0;67.0;128.0;3.7;1.8
2023/05/09;1400 UTC;0.0;993.5;993.9;993.5;2271.3;31.8;22.4;32.0;30.3;24.0;22.1;68.0;56.0;57.0;135.0;5.0;2.2
2023/05/09;1500 UTC;0.0;992.8;993.5;992.8;2336.2;32.5;21.8;32.7;31.7;22.9;21.0;58.0;52.0;54.0;141.0;5.4;2.1
2023/05/09;1600 UTC;0.0;991.7;992.8;991.7;2895.7;33.4;21.1;33.9;32.3;22.4;20.8;55.0;48.0;49.0;156.0;5.5;2.4
2023/05/09;1700 UTC;0.0;990.6;991.7;990.6;2901.5;33.5;20.7;34.0;32.9;22.0;20.2;52.0;46.0;47.0;152.0;5.5;2.4
2023/05/09;1800 UTC;0.0;989.8;990.6;989.8;2342.6;33.5;20.4;34.3;33.3;22.0;20.2;50.0;45.0;46.0;112.0;5.0;1.4
2023/05/09;1900 UTC;0.0;989.5;989.8;989.5;1651.1;33.6;20.4;35.2;33.4;21.5;20.3;49.0;44.0;46.0;179.0;3.7;1.2
2023/05/09;2000 UTC;0.0;989.5;989.6;989.4;930.6;32.9;21.8;34.3;32.8;22.1;20.4;53.0;46.0;52.0;166.0;3.2;1.4
2023/05/09;2100 UTC;0.0;989.6;989.6;989.5;252.5;28.2;24.9;32.9;28.2;25.6;21.6;84.0;52.0;83.0;150.0;2.6;0.3
2023/05/09;2200 UTC;0.0;989.9;989.9;989.6;;26.2;25.0;28.2;26.2;25.8;24.9;95.0;83.0;93.0;151.0;0.9;0.4
2023/05/09;2300 UTC;0.0;990.4;990.4;989.9;;25.3;24.9;26.2;25.3;25.1;24.8;98.0;93.0;98.0;163.0;0.6;0.4
2023/05/10;0000 UTC;0.0;990.8;990.8;990.4;;24.8;24.7;25.3;24.7;25.0;24.5;99.0;98.0;99.0;150.0;0.6;0.3
2023/05/10;0100 UTC;0.0;991.3;991.3;990.8;;24.5;24.4;24.9;24.4;24.8;24.2;100.0;99.0;100.0;218.0;0.6;0.1
2023/05/10;0200 UTC;0.0;991.4;991.5;991.3;;24.1;24.1;24.5;24.1;24.5;24.1;100.0;100.0;100.0;150.0;0.5;0.2
2023/05/10;0300 UTC;0.0;991.5;991.6;991.4;;23.9;23.9;24.2;23.8;24.1;23.8;100.0;99.0;100.0;176.0;0.9;0.2
2023/05/10;0400 UTC;0.0;990.9;991.5;990.9;;23.6;23.6;24.0;23.6;23.9;23.6;100.0;100.0;100.0;152.0;0.8;0.3
2023/05/10;0500 UTC;0.0;990.6;990.9;990.6;;23.4;23.4;23.7;23.3;23.6;23.3;100.0;100.0;100.0;198.0;0.6;0.2
2023/05/10;0600 UTC;;;;;;;;;;;;;;;;;
2023/05/10;0700 UTC;0.0;990.5;990.5;990.3;;23.0;23.0;23.4;22.9;23.3;22.8;100.0;100.0;100.0;168.0;1.1;0.6
2023/05/10;0800 UTC;0.0;990.6;990.6;990.4;;22.7;22.7;23.0;22.5;23.0;22.5;100.0;100.0;100.0;126.0;1.0;0.1
2023/05/10;0900 UTC;0.0;991.0;991.0;990.6;;22.7;22.7;22.7;22.5;22.7;22.4;100.0;100.0;100.0;95.0;1.0;0.3
2023/05/10;1000 UTC;0.0;991.5;991.5;991.0;51.1;23.0;23.0;23.0;22.3;23.0;22.3;100.0;100.0;100.0;225.0;0.7;0.3
2023/05/10;1100 UTC;0.0;992.0;992.0;991.5;637.6;26.0;23.8;26.0;23.0;24.1;23.1;100.0;87.0;88.0;174.0;2.5;1.3
2023/05/10;1200 UTC;0.0;992.3;992.3;992.0;1304.3;28.3;22.6;28.5;26.0;24.5;22.6;88.0;71.0;71.0;136.0;3.9;1.8
2023/05/10;1300 UTC;0.0;992.4;992.4;992.3;1893.0;30.0;22.3;30.3;28.3;23.5;21.8;74.0;62.0;64.0;146.0;4.3;2.5
2023/05/10;1400 UTC;0.0;992.1;992.4;992.1;2311.4;32.0;22.2;32.1;30.0;22.9;21.5;65.0;54.0;56.0;121.0;4.7;2.5
2023/05/10;1500 UTC;0.0;991.1;992.1;991.1;2642.1;32.5;21.1;32.9;31.7;23.1;21.1;58.0;51.0;51.0;157.0;5.7;3.0
2023/05/10;1600 UTC;0.0;990.3;991.1;990.3;2934.3;32.8;21.6;33.7;32.3;22.0;20.2;54.0;47.0;52.0;149.0;5.6;2.9
2023/05/10;1700 UTC;0.0;989.5;990.3;989.5;2869.2;33.7;21.5;33.9;32.9;22.6;21.0;53.0;48.0;49.0;150.0;6.6;3.2
2023/05/10;1800 UTC;0.0;988.9;989.5;988.9;1843.4;32.3;21.6;34.6;32.3;22.8;20.8;55.0;48.0;53.0;158.0;5.4;2.2
2023/05/10;1900 UTC;0.0;988.5;988.9;988.5;938.2;32.1;23.0;33.7;32.1;23.0;21.0;59.0;50.0;59.0;139.0;4.6;1.4
2023/05/10;2000 UTC;0.0;988.7;988.7;988.4;749.8;32.4;23.2;32.5;31.7;23.4;22.0;62.0;55.0;58.0;149.0;2.7;1.0
2023/05/10;2100 UTC;0.0;988.9;988.9;988.7;252.5;28.0;25.6;32.7;28.0;26.3;22.5;87.0;55.0;87.0;151.0;2.0;0.4
2023/05/10;2200 UTC;0.0;989.0;989.0;988.8;;26.0;25.2;28.0;26.0;25.8;25.0;96.0;87.0;96.0;187.0;0.6;0.3
2023/05/10;2300 UTC;0.0;989.4;989.4;989.0;;25.1;24.8;26.0;25.1;25.3;24.8;99.0;96.0;98.0;172.0;0.6;0.2
2023/05/11;0000 UTC;0.0;989.8;989.8;989.4;;24.8;24.5;25.1;24.7;25.0;24.5;100.0;98.0;98.0;231.0;0.7;0.3
2023/05/11;0100 UTC;0.0;990.5;990.5;989.8;;24.1;24.1;24.9;24.1;24.7;24.1;100.0;97.0;100.0;283.0;3.0;0.1
2023/05/11;0200 UTC;0.0;990.4;990.5;990.4;;24.0;24.0;24.2;23.8;24.2;23.8;100.0;99.0;100.0;294.0;0.6;0.2
2023/05/11;0300 UTC;0.0;990.1;990.4;990.1;;23.7;23.7;24.1;23.5;24.1;23.5;100.0;100.0;100.0;116.0;0.5;0.1
2023/05/11;0400 UTC;0.0;989.9;990.1;989.9;;23.4;23.3;23.7;23.2;23.7;23.2;100.0;100.0;100.0;239.0;0.6;0.3
2023/05/11;0500 UTC;0.0;989.4;989.9;989.4;;23.3;23.3;23.5;23.1;23.5;23.0;100.0;100.0;100.0;246.0;0.6;0.1
2023/05/11;0600 UTC;0.0;989.2;989.4;989.2;;23.3;23.3;23.5;23.1;23.4;23.0;100.0;98.0;100.0;221.0;1.7;0.4
2023/05/11;0700 UTC;0.0;988.8;989.2;988.8;;23.3;23.3;23.5;23.1;23.4;23.1;100.0;99.0;100.0;196.0;1.7;0.3
2023/05/11;0800 UTC;0.0;989.0;989.0;988.8;;23.0;22.9;23.3;22.8;23.3;22.7;100.0;98.0;100.0;229.0;1.0;0.4
2023/05/11;0900 UTC;0.0;989.4;989.4;989.0;;22.5;22.5;23.0;22.3;22.9;22.3;100.0;99.0;100.0;177.0;1.0;0.6
2023/05/11;1000 UTC;0.2;989.9;989.9;989.4;42.6;22.8;22.8;22.8;22.3;22.8;22.3;100.0;100.0;100.0;141.0;1.0;0.5
2023/05/11;1100 UTC;0.0;990.6;990.6;989.9;609.4;26.1;22.4;26.1;22.8;23.3;21.9;100.0;79.0;80.0;195.0;2.6;1.3
2023/05/11;1200 UTC;0.0;991.1;991.1;990.6;1306.5;28.6;22.7;28.6;26.1;23.0;22.1;81.0;70.0;70.0;185.0;3.5;1.8
2023/05/11;1300 UTC;0.0;991.2;991.3;991.0;1816.5;30.2;21.5;30.7;28.6;22.6;21.2;70.0;58.0;60.0;157.0;5.2;2.4
2023/05/11;1400 UTC;0.0;991.0;991.3;990.9;2287.7;31.5;21.4;31.9;30.2;22.3;20.9;60.0;55.0;55.0;167.0;5.7;2.7
2023/05/11;1500 UTC;0.0;990.4;991.0;990.4;2622.5;32.7;21.2;32.9;31.3;22.4;21.1;57.0;50.0;51.0;164.0;5.5;2.8
2023/05/11;1600 UTC;0.0;989.4;990.4;989.4;2919.1;34.0;21.2;34.0;32.4;21.9;20.4;53.0;46.0;47.0;150.0;4.7;1.9
2023/05/11;1700 UTC;0.0;989.0;989.4;989.0;2159.2;33.7;20.2;34.3;32.8;21.5;19.7;50.0;44.0;45.0;172.0;4.1;1.7
2023/05/11;1800 UTC;0.0;988.3;989.0;988.3;2329.4;33.7;19.0;34.5;33.3;20.9;19.0;48.0;41.0;42.0;159.0;3.8;2.0
2023/05/11;1900 UTC;0.0;988.0;988.3;988.0;1643.7;33.4;20.6;34.3;33.3;20.9;18.4;47.0;40.0;47.0;162.0;3.6;2.0
2023/05/11;2000 UTC;0.0;988.0;988.1;987.9;916.7;32.7;21.6;33.6;32.7;21.6;20.0;52.0;46.0;52.0;159.0;3.5;1.5
2023/05/11;2100 UTC;0.0;988.5;988.5;988.0;180.2;27.5;24.7;32.7;27.5;25.6;21.2;86.0;51.0;85.0;133.0;2.9;0.3
2023/05/11;2200 UTC;0.0;988.9;988.9;988.4;;25.5;24.5;27.4;25.5;24.8;24.2;95.0;85.0;94.0;280.0;0.6;0.2
2023/05/11;2300 UTC;0.0;990.0;990.0;988.9;;24.9;24.7;25.6;24.9;24.9;24.2;99.0;92.0;98.0;115.0;0.5;0.2
2023/05/12;0000 UTC;0.0;990.8;990.8;990.0;;24.6;24.5;24.9;24.6;24.6;24.3;100.0;97.0;100.0;165.0;0.6;0.2
2023/05/12;0100 UTC;0.0;991.4;991.4;990.8;;24.5;24.3;24.8;24.3;24.6;24.1;100.0;97.0;99.0;241.0;1.4;0.2
2023/05/12;0200 UTC;0.0;991.4;991.6;991.4;;24.2;24.0;24.5;24.2;24.4;24.0;100.0;99.0;99.0;170.0;0.6;0.2
2023/05/12;0300 UTC;0.0;991.2;991.4;991.2;;24.0;24.0;24.3;23.9;24.2;23.8;100.0;99.0;100.0;205.0;0.5;0.2
2023/05/12;0400 UTC;0.0;991.0;991.2;991.0;;23.7;23.6;24.1;23.6;24.0;23.6;100.0;100.0;100.0;352.0;0.5;0.1
2023/05/12;0500 UTC;0.0;990.6;991.0;990.5;;23.2;23.2;23.7;23.1;23.7;23.1;100.0;100.0;100.0;96.0;0.9;0.2
2023/05/12;0600 UTC;0.0;990.0;990.6;990.0;;23.0;23.0;23.2;23.0;23.2;23.0;100.0;100.0;100.0;150.0;0.7;0.2
2023/05/12;0700 UTC;0.0;989.9;990.0;989.8;;22.5;22.5;23.0;22.4;23.0;22.4;100.0;100.0;100.0;139.0;0.8;0.5
2023/05/12;0800 UTC;0.0;990.1;990.1;989.8;;22.6;22.6;22.9;22.5;22.8;22.5;100.0;100.0;100.0;77.0;0.8;0.4
2023/05/12;0900 UTC;0.0;990.7;990.7;990.1;;22.2;22.2;22.6;22.2;22.5;22.2;100.0;100.0;100.0;253.0;0.9;0.3
2023/05/12;1000 UTC;0.0;991.0;991.0;990.7;23.0;22.3;22.3;22.4;22.0;22.4;22.0;100.0;100.0;100.0;75.0;0.9;0.3
2023/05/12;1100 UTC;0.0;991.8;991.8;991.0;307.6;24.5;24.3;24.5;22.3;24.3;22.3;100.0;99.0;99.0;93.0;1.7;0.8
2023/05/12;1200 UTC;0.0;992.6;992.6;991.8;901.2;27.1;24.2;27.1;24.5;24.7;23.5;99.0;82.0;84.0;71.0;1.7;0.7
2023/05/12;1300 UTC;0.0;993.0;993.1;992.6;1578.7;28.7;22.9;28.8;26.9;24.5;22.5;86.0;70.0;71.0;92.0;4.0;1.9
2023/05/12;1400 UTC;0.0;992.8;993.0;992.8;2221.3;30.9;21.3;31.0;28.7;23.2;20.7;71.0;56.0;57.0;93.0;4.3;2.0
2023/05/12;1500 UTC;0.0;992.2;992.8;992.2;2096.1;31.9;21.0;32.1;30.5;22.4;20.6;60.0;52.0;53.0;88.0;3.8;1.6
2023/05/12;1600 UTC;0.0;991.5;992.2;991.5;2844.9;32.5;20.2;33.4;31.7;22.2;20.1;56.0;48.0;49.0;167.0;5.0;1.6
2023/05/12;1700 UTC;0.0;990.7;991.5;990.7;2472.0;33.2;20.7;33.4;31.9;21.7;20.0;53.0;47.0;48.0;56.0;4.3;1.3
2023/05/12;1800 UTC;0.0;989.9;990.7;989.9;2208.6;33.2;19.3;34.8;32.5;21.6;19.1;50.0;42.0;44.0;213.0;3.6;1.2
2023/05/12;1900 UTC;0.0;989.7;989.9;989.7;1601.2;33.6;20.7;34.2;32.8;21.1;19.3;49.0;44.0;47.0;208.0;3.1;0.9
2023/05/12;2000 UTC;0.0;989.9;989.9;989.6;882.0;33.0;22.1;34.4;32.7;22.1;20.2;53.0;45.0;53.0;183.0;3.1;0.7
2023/05/12;2100 UTC;0.0;990.2;990.2;989.9;224.0;27.1;24.6;33.0;27.1;24.9;22.3;86.0;53.0;86.0;308.0;1.5;0.3
2023/05/12;2200 UTC;0.0;990.8;990.8;990.2;;25.4;24.5;27.1;25.4;25.0;24.4;96.0;86.0;94.0;199.0;0.6;0.2
2023/05/12;2300 UTC;0.0;991.7;991.7;990.8;;24.9;24.3;25.5;24.7;24.7;24.2;98.0;94.0;97.0;46.0;1.3;0.6
2023/05/13;0000 UTC;0.0;992.2;992.2;991.7;;24.4;24.3;24.9;24.4;24.6;24.2;100.0;97.0;99.0;62.0;1.3;0.4
2023/05/13;0100 UTC;0.0;992.5;992.5;992.2;;23.9;23.9;24.4;23.9;24.3;23.9;100.0;99.0;100.0;336.0;1.3;0.8
2023/05/13;0200 UTC;0.0;992.7;992.8;992.5;;24.1;24.1;24.5;23.9;24.4;23.9;100.0;98.0;100.0;25.0;2.4;0.3
2023/05/13;0300 UTC;0.0;992.7;992.9;992.7;;24.4;24.0;24.6;23.8;24.2;23.8;100.0;97.0;98.0;354.0;2.2;0.6
2023/05/13;0400 UTC;0.0;992.4;992.7;992.4;;23.8;23.8;24.6;23.8;24.4;23.7;100.0;98.0;100.0;357.0;2.2;0.5
2023/05/13;0500 UTC;0.0;991.8;992.4;991.8;;24.0;24.0;24.1;23.8;24.1;23.7;100.0;100.0;100.0;328.0;1.9;1.0
2023/05/13;0600 UTC;0.0;991.4;991.8;991.4;;23.5;23.5;24.1;23.5;24.0;23.5;100.0;99.0;100.0;15.0;1.9;0.4
2023/05/13;0700 UTC;0.0;991.1;991.4;991.1;;22.7;22.7;23.5;22.6;23.5;22.6;100.0;100.0;100.0;109.0;0.9;0.6
2023/05/13;0800 UTC;0.0;991.2;991.3;991.1;;22.9;22.9;23.0;22.5;23.0;22.5;100.0;100.0;100.0;235.0;0.9;0.4
2023/05/13;0900 UTC;0.0;991.6;991.6;991.2;;22.8;22.8;23.0;22.7;23.0;22.6;100.0;100.0;100.0;106.0;0.7;0.4
2023/05/13;1000 UTC;0.0;992.2;992.2;991.6;48.0;23.5;23.5;23.6;22.5;23.5;22.5;100.0;100.0;100.0;280.0;0.8;0.4
2023/05/13;1100 UTC;0.0;992.8;992.8;992.2;508.8;26.2;24.5;26.3;23.3;25.1;23.3;100.0;90.0;90.0;103.0;2.2;0.7
2023/05/13;1200 UTC;0.0;993.6;993.6;992.8;1151.5;26.7;24.7;27.6;26.1;25.3;24.1;92.0;84.0;88.0;74.0;3.0;1.3
2023/05/13;1300 UTC;0.0;994.0;994.0;993.6;1728.0;28.4;24.0;28.8;26.7;25.3;23.8;89.0;76.0;77.0;316.0;2.9;1.2
2023/05/13;1400 UTC;0.0;993.6;994.0;993.6;2274.3;30.6;23.9;31.2;28.4;24.7;23.8;77.0;66.0;68.0;50.0;2.4;0.7
2023/05/13;1500 UTC;0.0;992.8;993.6;992.8;2730.2;32.0;24.0;32.3;30.6;24.7;22.1;68.0;56.0;63.0;131.0;3.4;2.0
2023/05/13;1600 UTC;0.0;991.9;992.8;991.9;2266.0;33.5;22.1;33.6;31.3;24.1;21.9;63.0;51.0;51.0;323.0;3.3;1.1
2023/05/13;1700 UTC;0.0;990.8;991.9;990.8;2238.5;33.2;22.1;33.6;32.2;23.1;21.7;58.0;51.0;52.0;138.0;3.8;1.7
2023/05/13;1800 UTC;0.0;989.8;990.8;989.8;2329.4;33.2;21.6;33.7;32.7;22.3;21.0;53.0;49.0;51.0;209.0;4.1;1.2
2023/05/13;1900 UTC;0.0;989.8;989.9;989.7;1570.2;32.9;21.9;33.5;32.7;22.7;21.5;55.0;50.0;52.0;159.0;3.7;1.4
2023/05/13;2000 UTC;0.0;989.9;989.9;989.7;631.7;31.5;23.5;33.0;30.9;23.7;21.3;66.0;51.0;63.0;158.0;3.1;0.9
2023/05/13;2100 UTC;0.0;990.4;990.4;989.9;171.6;27.5;25.5;31.6;27.5;25.9;23.2;89.0;61.0;89.0;137.0;1.9;0.3
2023/05/13;2200 UTC;0.0;991.0;991.0;990.4;;26.2;25.6;27.5;26.2;25.9;25.2;96.0;88.0;96.0;247.0;0.7;0.2
2023/05/13;2300 UTC;0.0;991.6;991.6;991.0;;25.5;25.3;26.2;25.5;25.8;25.3;99.0;96.0;99.0;144.0;0.5;0.3
2023/05/14;0000 UTC;0.0;992.4;992.4;991.6;;25.1;25.0;25.5;25.1;25.3;25.0;100.0;97.0;100.0;20.0;0.8;0.1
2023/05/14;0100 UTC;0.0;992.8;992.8;992.4;;24.4;24.4;25.1;24.4;25.0;24.3;100.0;99.0;100.0;308.0;0.5;0.4
2023/05/14;0200 UTC;0.0;992.8;992.9;992.8;;24.2;24.1;24.4;24.1;24.4;24.0;100.0;100.0;100.0;238.0;0.6;0.1
2023/05/14;0300 UTC;0.0;992.7;992.9;992.7;;23.9;23.8;24.2;23.7;24.1;23.7;100.0;99.0;100.0;340.0;1.0;0.3
2023/05/14;0400 UTC;0.0;992.3;992.7;992.3;;23.6;23.5;24.0;23.5;23.9;23.5;100.0;99.0;100.0;283.0;0.7;0.2
2023/05/14;0500 UTC;0.0;992.0;992.3;991.9;;23.1;23.1;23.6;23.1;23.6;23.1;100.0;100.0;100.0;159.0;0.6;0.3
2023/05/14;0600 UTC;0.0;991.7;992.0;991.6;;23.2;23.2;23.3;23.0;23.3;22.9;100.0;100.0;100.0;176.0;1.3;0.4
2023/05/14;0700 UTC;0.0;991.8;991.8;991.7;;22.6;22.4;23.2;22.5;23.2;22.3;100.0;99.0;99.0;146.0;1.4;0.6
2023/05/14;0800 UTC;0.0;992.5;992.5;991.8;;22.3;22.3;22.9;22.3;22.6;22.0;100.0;95.0;100.0;212.0;1.5;0.3
2023/05/14;0900 UTC;0.0;993.1;993.1;992.5;;22.2;22.2;22.3;22.0;22.3;22.0;100.0;99.0;100.0;48.0;0.6;0.2
2023/05/14;1000 UTC;0.0;993.6;993.6;993.1;41.4;22.4;22.4;22.4;21.8;22.4;21.7;100.0;100.0;100.0;143.0;0.8;0.4
2023/05/14;1100 UTC;0.0;994.3;994.3;993.6;574.8;25.8;22.7;25.9;22.4;23.9;22.4;100.0;83.0;83.0;137.0;2.0;1.1
2023/05/14;1200 UTC;0.0;994.8;994.8;994.3;1263.9;28.1;21.6;28.3;25.8;23.1;20.9;84.0;65.0;68.0;164.0;4.1;2.4
2023/05/14;1300 UTC;0.0;995.0;995.0;994.8;1806.6;30.5;21.5;30.5;28.1;22.0;20.4;68.0;57.0;59.0;147.0;4.3;2.0
2023/05/14;1400 UTC;0.0;994.8;995.0;994.8;2253.4;31.6;20.2;32.1;30.4;21.5;19.9;59.0;49.0;51.0;150.0;4.5;2.1
2023/05/14;1500 UTC;0.0;994.2;994.8;994.2;2722.2;32.8;20.5;32.9;31.4;20.8;19.7;52.0;47.0;48.0;145.0;5.0;2.4
2023/05/14;1600 UTC;0.0;993.1;994.2;993.1;2866.5;34.1;20.8;34.1;32.7;21.2;19.7;50.0;45.0;46.0;142.0;4.8;1.6
2023/05/14;1700 UTC;0.0;992.2;993.2;992.2;2715.3;33.7;20.6;34.6;33.3;21.5;19.8;48.0;44.0;46.0;173.0;4.6;2.3
2023/05/14;1800 UTC;0.0;991.6;992.2;991.6;2292.6;34.0;20.9;34.5;33.6;21.5;20.6;49.0;45.0;46.0;186.0;4.5;1.7
2023/05/14;1900 UTC;0.0;991.1;991.6;991.1;1554.8;33.7;20.9;34.3;33.5;21.8;20.5;49.0;46.0;47.0;177.0;3.6;1.9
2023/05/14;2000 UTC;0.0;991.3;991.3;991.0;860.2;33.2;22.0;34.5;33.2;22.4;20.5;52.0;46.0;52.0;193.0;3.7;1.2
2023/05/14;2100 UTC;0.0;991.7;991.7;991.3;240.7;28.5;25.1;33.3;28.5;25.7;22.0;82.0;52.0;82.0;293.0;2.4;0.4
2023/05/14;2200 UTC;0.0;992.1;992.1;991.7;;26.4;25.4;28.5;26.4;25.7;24.5;95.0;82.0;94.0;180.0;0.9;0.2
2023/05/14;2300 UTC;0.0;992.6;992.6;992.1;;25.7;25.4;26.4;25.7;25.7;25.4;98.0;94.0;98.0;162.0;0.8;0.2
2023/05/15;0000 UTC;0.0;993.1;993.1;992.6;;25.1;25.0;25.7;25.1;25.4;24.9;100.0;98.0;100.0;187.0;0.6;0.3
2023/05/15;0100 UTC;0.0;993.6;993.6;993.1;;24.6;24.5;25.1;24.6;24.9;24.5;100.0;98.0;100.0;99.0;0.6;0.2
2023/05/15;0200 UTC;0.0;993.6;993.7;993.6;;23.9;23.9;24.6;23.9;24.5;23.8;100.0;99.0;100.0;146.0;0.4;0.3
2023/05/15;0300 UTC;0.0;993.5;993.7;993.5;;23.7;23.7;24.0;23.6;23.9;23.6;100.0;100.0;100.0;304.0;0.4;0.1
2023/05/15;0400 UTC;0.0;993.1;993.5;993.1;;23.6;23.6;23.7;23.4;23.7;23.4;100.0;99.0;100.0;157.0;0.6;0.3
2023/05/15;0500 UTC;0.0;992.8;993.1;992.8;;23.5;23.5;23.7;23.4;23.6;23.4;100.0;100.0;100.0;234.0;0.7;0.3
2023/05/15;0600 UTC;0.0;992.6;992.9;992.5;;24.1;24.1;24.2;23.5;24.2;23.5;100.0;99.0;100.0;129.0;2.3;0.7
2023/05/15;0700 UTC;0.0;992.7;992.8;992.6;;24.6;24.1;25.0;24.0;24.4;23.8;100.0;95.0;97.0;300.0;4.9;0.9
2023/05/15;0800 UTC;0.0;993.0;993.0;992.7;;24.0;23.9;24.6;23.9;24.2;23.9;100.0;97.0;100.0;357.0;1.7;0.4
2023/05/15;0900 UTC;0.0;993.4;993.4;993.0;;23.7;23.7;24.0;23.6;23.9;23.6;100.0;100.0;100.0;1.0;1.0;0.6
2023/05/15;1000 UTC;0.0;994.1;994.2;993.4;38.9;23.8;23.8;23.8;23.4;23.8;23.4;100.0;100.0;100.0;360.0;1.9;0.6
2023/05/15;1100 UTC;0.0;994.5;994.5;994.1;574.2;27.0;23.8;27.1;23.8;24.4;23.6;100.0;83.0;83.0;340.0;2.6;1.0
2023/05/15;1200 UTC;0.0;995.3;995.3;994.5;1263.3;28.8;24.1;29.0;27.0;24.4;23.5;84.0;74.0;76.0;8.0;3.1;1.5
2023/05/15;1300 UTC;0.0;995.7;995.7;995.3;1271.1;28.9;23.9;29.5;28.5;24.3;23.5;76.0;71.0;75.0;350.0;4.1;2.0
2023/05/15;1400 UTC;0.0;995.1;995.7;995.1;2204.0;30.7;23.1;31.0;28.9;24.5;23.1;75.0;64.0;64.0;342.0;4.2;1.9
2023/05/15;1500 UTC;0.0;994.1;995.1;994.1;2704.2;32.1;23.1;32.3;30.3;24.4;22.9;67.0;59.0;59.0;99.0;5.1;1.9
2023/05/15;1600 UTC;0.0;993.0;994.1;993.0;2331.7;32.2;22.8;33.1;31.9;24.0;22.3;62.0;55.0;58.0;343.0;3.9;1.3
2023/05/15;1700 UTC;0.4;992.1;993.0;992.1;1161.7;30.7;27.0;32.8;28.9;27.0;22.9;82.0;56.0;81.0;286.0;4.5;1.9
2023/05/15;1800 UTC;0.2;991.3;992.1;991.3;683.1;31.9;24.7;31.9;29.9;27.6;23.9;86.0;66.0;66.0;286.0;3.1;1.1
2023/05/15;1900 UTC;0.0;990.9;991.3;990.8;1743.4;32.9;24.4;33.9;31.9;25.3;22.8;66.0;52.0;61.0;12.0;3.5;1.4
2023/05/15;2000 UTC;0.0;991.0;991.0;990.8;637.9;31.0;24.9;33.4;29.2;25.7;22.8;81.0;57.0;70.0;113.0;3.5;0.6
2023/05/15;2100 UTC;0.0;991.3;991.3;991.0;215.2;27.8;26.1;32.5;27.8;26.8;24.4;91.0;63.0;91.0;155.0;1.1;0.3
2023/05/15;2200 UTC;0.0;991.8;991.8;991.3;;26.3;25.8;27.8;26.3;26.3;25.4;98.0;90.0;97.0;298.0;1.1;0.3
2023/05/15;2300 UTC;0.0;992.0;992.1;991.8;;25.7;25.6;26.3;25.6;26.0;25.6;100.0;97.0;100.0;228.0;0.5;0.2
2023/05/16;0000 UTC;0.0;992.4;992.4;991.9;;25.4;25.4;25.7;25.3;25.7;25.2;100.0;100.0;100.0;;0.4;0.1
2023/05/16;0100 UTC;0.0;992.9;993.0;992.4;;25.1;25.1;25.4;24.9;25.4;24.8;100.0;100.0;100.0;161.0;0.9;0.2
2023/05/16;0200 UTC;0.0;992.9;993.0;992.9;;24.6;24.6;25.1;24.4;25.1;24.4;100.0;99.0;100.0;159.0;0.6;0.2
2023/05/16;0300 UTC;0.0;992.7;992.9;992.7;;24.2;24.2;24.6;24.1;24.6;24.1;100.0;100.0;100.0;108.0;0.6;0.1
2023/05/16;0400 UTC;0.0;992.4;992.7;992.4;;24.0;23.9;24.2;23.9;24.2;23.9;100.0;100.0;100.0;80.0;0.4;0.2
2023/05/16;0500 UTC;0.0;991.8;992.4;991.8;;23.8;23.8;24.0;23.8;24.0;23.8;100.0;100.0;100.0;132.0;0.5;0.2
2023/05/16;0600 UTC;0.0;991.2;991.8;991.2;;23.8;23.8;23.9;23.5;23.9;23.5;100.0;100.0;100.0;263.0;0.6;0.3
2023/05/16;0700 UTC;0.0;991.1;991.2;991.1;;23.6;23.6;23.8;23.5;23.7;23.5;100.0;100.0;100.0;251.0;0.6;0.2
2023/05/16;0800 UTC;0.0;991.1;991.2;991.0;;23.8;23.8;24.0;23.4;24.0;23.4;100.0;100.0;100.0;330.0;2.8;0.9
2023/05/16;0900 UTC;0.0;991.4;991.4;991.0;;23.5;23.5;24.0;23.4;24.0;23.4;100.0;100.0;100.0;111.0;1.8;0.3
2023/05/16;1000 UTC;0.0;992.0;992.0;991.4;28.1;23.5;23.5;23.6;23.2;23.6;23.2;100.0;100.0;100.0;79.0;1.1;0.6
2023/05/16;1100 UTC;0.0;993.1;993.1;992.0;552.8;27.3;25.1;27.4;23.5;25.4;23.6;100.0;85.0;88.0;68.0;1.8;0.5
2023/05/16;1200 UTC;0.0;993.8;993.8;993.1;1045.1;28.0;24.4;28.3;27.2;25.1;24.0;88.0;79.0;81.0;86.0;2.5;0.8
2023/05/16;1300 UTC;0.0;993.7;993.8;993.6;1651.3;29.7;24.3;30.1;27.8;25.1;23.4;83.0;71.0;73.0;92.0;3.4;1.5
2023/05/16;1400 UTC;0.0;993.4;993.8;993.4;2226.5;30.7;24.3;31.1;29.6;24.8;23.6;74.0;66.0;69.0;180.0;3.9;1.8
2023/05/16;1500 UTC;0.0;992.4;993.4;992.4;2622.3;31.9;23.6;32.6;30.7;24.5;23.0;69.0;59.0;62.0;131.0;4.1;1.7
2023/05/16;1600 UTC;0.0;991.1;992.4;991.1;2976.7;33.1;23.6;33.3;31.9;24.2;22.6;62.0;56.0;57.0;115.0;4.9;2.2
2023/05/16;1700 UTC;0.0;990.4;991.1;990.4;2326.4;33.7;23.1;33.8;32.3;23.9;22.5;58.0;54.0;54.0;178.0;5.0;1.4
2023/05/16;1800 UTC;0.0;990.1;990.4;989.8;1391.5;29.1;23.6;33.8;29.1;24.0;22.6;73.0;54.0;72.0;28.0;8.2;2.4
2023/05/16;1900 UTC;0.0;989.9;990.1;989.6;880.6;28.3;24.1;29.7;28.3;24.5;23.5;78.0;72.0;78.0;54.0;6.5;1.5
2023/05/16;2000 UTC;0.0;990.6;990.7;989.6;169.8;26.9;23.6;28.3;26.9;24.5;23.3;83.0;78.0;82.0;329.0;4.9;2.5
2023/05/16;2100 UTC;0.0;990.9;991.2;990.5;24.5;25.9;23.5;26.9;25.9;23.7;23.4;87.0;82.0;87.0;295.0;4.5;1.7
2023/05/16;2200 UTC;0.0;991.0;991.0;990.6;;24.6;23.9;25.9;24.6;24.0;23.4;96.0;87.0;96.0;27.0;3.5;0.6
2023/05/16;2300 UTC;0.0;991.7;991.7;991.0;;24.3;23.6;24.6;24.3;23.9;23.6;97.0;95.0;96.0;359.0;2.2;0.8
2023/05/17;0000 UTC;0.0;992.1;992.2;991.7;;24.1;23.8;24.4;24.0;23.9;23.3;99.0;96.0;98.0;6.0;2.7;0.7
2023/05/17;0100 UTC;0.0;992.2;992.2;992.0;;23.7;23.6;24.2;23.6;23.8;23.4;100.0;97.0;100.0;281.0;1.2;0.5
2023/05/17;0200 UTC;0.0;992.5;992.5;992.1;;23.4;23.4;23.8;23.4;23.7;23.3;100.0;98.0;100.0;23.0;1.3;0.8
2023/05/17;0300 UTC;0.0;992.2;992.6;992.2;;23.5;23.5;23.8;23.4;23.6;23.3;100.0;99.0;100.0;97.0;2.1;0.8
2023/05/17;0400 UTC;0.0;991.8;992.2;991.8;;23.7;23.6;24.0;23.4;23.9;23.3;100.0;98.0;100.0;236.0;1.4;0.7
2023/05/17;0500 UTC;0.0;991.3;991.8;991.1;;23.3;23.2;23.9;23.2;23.7;23.2;100.0;98.0;100.0;46.0;1.8;0.4
2023/05/17;0600 UTC;0.0;990.7;991.3;990.7;;23.1;23.0;23.3;23.0;23.3;23.0;100.0;100.0;100.0;106.0;1.4;1.0
2023/05/17;0700 UTC;0.0;990.9;991.1;990.7;;23.2;23.1;23.4;22.9;23.3;22.9;100.0;100.0;100.0;192.0;1.4;0.5
2023/05/17;0800 UTC;0.0;991.1;991.3;990.8;;23.3;23.1;23.6;23.1;23.5;23.1;100.0;98.0;99.0;191.0;1.9;1.0
2023/05/17;0900 UTC;0.0;991.3;991.3;991.0;;23.0;22.9;23.3;23.0;23.3;22.9;100.0;99.0;100.0;154.0;1.6;0.5
2023/05/17;1000 UTC;0.0;992.4;992.4;991.3;20.3;23.1;23.1;23.2;22.8;23.1;22.8;100.0;100.0;100.0;360.0;1.9;0.9
2023/05/17;1100 UTC;0.2;992.6;992.6;992.3;261.1;24.3;24.0;24.3;23.1;24.1;23.1;100.0;98.0;98.0;79.0;1.6;0.7
2023/05/17;1200 UTC;0.0;993.3;993.3;992.6;968.7;27.3;24.6;27.4;24.4;25.1;24.1;98.0;85.0;85.0;36.0;1.8;0.6
2023/05/17;1300 UTC;0.0;993.5;993.6;993.3;1196.0;28.1;25.1;28.1;26.7;25.2;24.1;88.0;80.0;84.0;329.0;2.5;1.3
2023/05/17;1400 UTC;0.0;992.8;993.5;992.8;1337.8;29.7;25.3;29.8;28.0;25.8;24.1;85.0;77.0;77.0;54.0;3.4;1.3
2023/05/17;1500 UTC;0.0;992.3;992.9;992.3;2218.2;30.9;24.1;32.0;29.6;25.3;23.0;78.0;63.0;67.0;266.0;3.4;1.1
2023/05/17;1600 UTC;0.0;991.5;992.3;991.5;1516.4;31.1;24.4;31.2;30.3;24.8;23.7;72.0;67.0;67.0;273.0;2.6;1.6
2023/05/17;1700 UTC;0.0;990.5;991.5;990.5;1718.4;31.7;23.8;32.2;30.7;24.7;23.4;68.0;61.0;63.0;235.0;3.1;1.0
2023/05/17;1800 UTC;0.0;989.6;990.5;989.6;1635.8;32.5;22.9;33.4;31.1;24.4;22.8;66.0;56.0;57.0;212.0;2.6;1.0
2023/05/17;1900 UTC;0.0;989.2;989.6;989.2;1211.1;31.5;24.1;32.8;31.2;24.4;22.6;66.0;57.0;65.0;183.0;3.2;1.3
2023/05/17;2000 UTC;0.0;989.6;989.6;989.2;704.4;30.9;25.8;32.0;30.8;25.8;22.9;74.0;60.0;74.0;154.0;2.1;0.6
2023/05/17;2100 UTC;0.0;990.0;990.0;989.6;193.5;27.8;26.0;30.8;27.8;26.4;25.1;91.0;75.0;90.0;44.0;1.2;0.5
2023/05/17;2200 UTC;0.0;990.3;990.3;990.0;;26.4;25.9;27.8;26.4;26.1;25.5;97.0;88.0;97.0;177.0;0.9;0.2
2023/05/17;2300 UTC;0.0;991.1;991.1;990.3;;25.8;25.6;26.4;25.7;26.1;25.3;99.0;96.0;99.0;190.0;0.8;0.2
2023/05/18;0000 UTC;0.0;991.5;991.5;991.1;;25.3;25.2;25.8;25.3;25.8;25.2;100.0;99.0;100.0;343.0;0.8;0.4
2023/05/18;0100 UTC;0.0;991.8;991.8;991.5;;25.1;25.1;25.3;25.0;25.3;25.0;100.0;99.0;100.0;133.0;0.8;0.3
2023/05/18;0200 UTC;0.0;991.9;992.0;991.8;;24.5;24.5;25.1;24.5;25.1;24.4;100.0;100.0;100.0;48.0;0.9;0.6
2023/05/18;0300 UTC;0.0;991.8;991.9;991.7;;24.2;24.2;24.5;24.0;24.5;24.0;100.0;100.0;100.0;343.0;0.9;0.2
2023/05/18;0400 UTC;0.0;992.0;992.0;991.8;;24.1;24.1;24.3;24.0;24.3;24.0;100.0;100.0;100.0;27.0;0.6;0.2
2023/05/18;0500 UTC;0.0;991.5;992.0;991.5;;23.9;23.9;24.1;23.4;24.1;23.4;100.0;100.0;100.0;285.0;0.7;0.4
2023/05/18;0600 UTC;0.0;991.2;991.5;991.2;;23.4;23.3;23.9;23.2;23.9;23.2;100.0;100.0;100.0;141.0;0.8;0.3
2023/05/18;0700 UTC;0.0;990.9;991.2;990.9;;23.2;23.2;23.5;23.0;23.5;23.0;100.0;100.0;100.0;271.0;0.6;0.1
2023/05/18;0800 UTC;0.0;991.2;991.2;990.9;;22.7;22.7;23.2;22.6;23.2;22.6;100.0;100.0;100.0;190.0;0.7;0.2
2023/05/18;0900 UTC;0.0;991.5;991.5;991.2;;22.6;22.6;23.0;22.6;23.0;22.6;100.0;100.0;100.0;136.0;0.8;0.4
2023/05/18;1000 UTC;0.0;992.5;992.5;991.5;36.2;23.0;23.0;23.0;22.5;23.0;22.5;100.0;100.0;100.0;214.0;0.7;0.3
2023/05/18;1100 UTC;0.0;993.3;993.3;992.5;546.5;25.8;24.7;25.8;22.9;25.0;22.9;100.0;93.0;94.0;189.0;2.8;1.3
2023/05/18;1200 UTC;0.0;994.2;994.2;993.3;1287.6;27.8;24.1;28.1;25.8;25.2;23.9;94.0;79.0;80.0;183.0;4.3;2.0
2023/05/18;1300 UTC;0.0;994.7;994.8;994.2;1814.5;29.9;24.7;29.9;27.8;24.7;23.6;81.0;72.0;74.0;158.0;3.8;1.8
2023/05/18;1400 UTC;0.0;994.5;994.7;994.5;2222.2;31.5;23.6;31.5;29.8;24.5;23.0;74.0;61.0;63.0;126.0;4.0;2.0
2023/05/18;1500 UTC;0.0;993.9;994.5;993.9;2646.2;32.3;22.7;32.4;31.3;23.5;22.1;63.0;57.0;57.0;173.0;4.9;2.6
2023/05/18;1600 UTC;0.0;992.9;993.9;992.9;2779.2;32.8;22.6;33.5;32.2;23.5;22.2;59.0;53.0;55.0;185.0;4.9;2.3
2023/05/18;1700 UTC;0.0;992.0;992.9;992.0;2735.7;33.4;21.8;34.3;32.7;23.4;21.6;56.0;49.0;51.0;148.0;5.8;2.6
2023/05/18;1800 UTC;0.0;991.4;992.0;991.4;2354.8;33.8;22.6;34.3;33.4;23.0;21.7;53.0;49.0;52.0;168.0;5.8;2.5
2023/05/18;1900 UTC;0.0;990.9;991.5;990.9;1152.3;33.3;22.2;34.1;32.1;23.2;22.0;58.0;51.0;52.0;188.0;5.3;2.1
2023/05/18;2000 UTC;0.0;990.7;990.9;990.7;873.1;32.5;22.6;33.5;32.5;22.8;21.7;56.0;51.0;56.0;153.0;4.7;1.8
2023/05/18;2100 UTC;0.0;991.1;991.1;990.6;205.7;27.8;25.1;32.6;27.8;25.5;22.5;85.0;55.0;85.0;280.0;3.0;0.1
2023/05/18;2200 UTC;0.0;991.4;991.4;991.1;;26.1;25.4;27.8;26.1;25.6;24.8;96.0;85.0;96.0;156.0;0.8;0.3
2023/05/18;2300 UTC;0.0;992.0;992.0;991.4;;25.0;24.6;26.1;25.0;25.4;24.5;98.0;96.0;98.0;227.0;0.5;0.2
2023/05/19;0000 UTC;0.0;992.8;992.8;992.0;;24.7;24.3;25.0;24.3;24.8;24.1;100.0;97.0;98.0;191.0;1.1;0.4
2023/05/19;0100 UTC;0.0;993.0;993.1;992.8;;24.1;24.1;24.7;24.1;24.5;24.0;100.0;98.0;100.0;259.0;1.1;0.3
2023/05/19;0200 UTC;0.0;992.9;993.1;992.9;;23.9;23.7;24.1;23.7;24.1;23.4;100.0;98.0;99.0;180.0;1.1;0.3
2023/05/19;0300 UTC;0.0;992.9;993.0;992.9;;23.4;23.4;23.9;23.3;23.8;23.3;100.0;98.0;100.0;172.0;0.7;0.2
2023/05/19;0400 UTC;0.0;992.4;992.9;992.4;;22.9;22.9;23.4;22.7;23.4;22.7;100.0;100.0;100.0;141.0;0.5;0.3
2023/05/19;0500 UTC;0.0;991.8;992.4;991.8;;22.4;22.3;23.0;22.4;23.0;22.3;100.0;100.0;100.0;223.0;0.6;0.3
2023/05/19;0600 UTC;0.0;991.6;991.8;991.6;;22.3;22.3;22.5;22.2;22.5;22.1;100.0;100.0;100.0;294.0;0.6;0.2
2023/05/19;0700 UTC;0.0;991.4;991.6;991.4;;22.1;22.1;22.3;21.9;22.3;21.9;100.0;100.0;100.0;328.0;1.5;0.6
2023/05/19;0800 UTC;0.0;991.5;991.5;991.3;;21.5;21.5;22.1;21.3;22.1;21.3;100.0;100.0;100.0;246.0;1.3;0.3
2023/05/19;0900 UTC;0.0;991.9;991.9;991.5;;21.3;21.2;21.6;21.0;21.6;21.0;100.0;100.0;100.0;88.0;0.7;0.3
2023/05/19;1000 UTC;0.0;992.8;992.8;991.9;28.6;21.4;21.4;21.6;20.8;21.6;20.8;100.0;100.0;100.0;147.0;1.6;0.6
2023/05/19;1100 UTC;0.0;993.9;993.9;992.8;345.6;23.5;22.8;23.8;21.2;23.6;21.2;100.0;95.0;96.0;28.0;2.2;0.9
2023/05/19;1200 UTC;0.0;994.6;994.6;993.9;756.9;26.2;22.9;26.2;23.3;23.2;22.1;98.0;82.0;82.0;83.0;2.3;0.9
2023/05/19;1300 UTC;0.0;994.6;994.7;994.6;1504.9;28.5;22.8;28.9;26.2;23.8;22.1;82.0;71.0;71.0;354.0;2.9;1.3
2023/05/19;1400 UTC;0.0;994.2;994.6;994.2;2251.8;30.8;23.1;30.9;28.3;23.5;21.7;73.0;61.0;63.0;40.0;4.3;1.6
2023/05/19;1500 UTC;0.0;993.1;994.2;993.1;2689.3;32.4;23.0;32.4;30.8;24.2;22.2;65.0;56.0;58.0;69.0;3.9;1.3
2023/05/19;1600 UTC;0.0;991.8;993.1;991.8;2827.7;33.3;21.0;33.3;32.0;23.6;20.4;59.0;47.0;49.0;140.0;5.9;2.5
2023/05/19;1700 UTC;0.0;990.8;991.8;990.8;2109.2;33.3;21.0;33.7;31.6;22.7;20.4;59.0;46.0;49.0;135.0;5.9;2.0
2023/05/19;1800 UTC;0.0;989.9;990.8;989.9;2281.5;33.6;21.2;33.9;33.0;21.4;20.0;50.0;46.0;49.0;191.0;4.3;1.7
2023/05/19;1900 UTC;0.0;989.5;989.9;989.5;1534.5;33.2;20.6;33.8;32.8;21.6;19.5;51.0;44.0;48.0;156.0;4.5;1.6
2023/05/19;2000 UTC;0.0;989.4;989.5;989.4;830.5;32.3;21.7;33.2;32.2;21.7;20.4;54.0;48.0;54.0;183.0;3.6;1.4
2023/05/19;2100 UTC;0.0;989.6;989.6;989.4;199.2;27.3;24.0;32.3;27.3;25.5;21.3;84.0;53.0;83.0;149.0;2.6;0.3
2023/05/19;2200 UTC;0.0;989.7;989.7;989.5;;25.5;24.4;27.3;25.5;24.8;24.2;95.0;83.0;93.0;153.0;0.6;0.4
2023/05/19;2300 UTC;0.0;990.3;990.3;989.7;;24.8;24.0;25.5;24.7;24.7;24.0;98.0;93.0;96.0;83.0;0.7;0.1
2023/05/20;0000 UTC;0.0;990.9;990.9;990.3;;24.5;23.9;24.9;24.5;24.2;23.8;97.0;94.0;96.0;140.0;0.7;0.3
2023/05/20;0100 UTC;0.0;991.3;991.4;990.9;;24.9;24.2;25.0;24.5;24.2;23.6;97.0;92.0;96.0;107.0;1.4;0.6
2023/05/20;0200 UTC;0.0;991.4;991.5;991.3;;24.7;24.2;24.9;24.7;24.3;23.8;98.0;94.0;97.0;107.0;1.4;0.2
2023/05/20;0300 UTC;0.0;991.4;991.5;991.4;;24.8;24.2;24.8;24.5;24.3;24.0;98.0;96.0;97.0;123.0;1.3;0.4
2023/05/20;0400 UTC;0.0;991.1;991.4;991.0;;24.6;24.0;24.9;24.6;24.2;23.9;97.0;94.0;97.0;180.0;1.4;0.4
2023/05/20;0500 UTC;0.0;990.7;991.0;990.6;;24.0;23.9;24.6;24.0;24.3;23.9;99.0;96.0;99.0;145.0;1.0;0.2
2023/05/20;0600 UTC;0.0;990.2;990.7;990.2;;23.7;23.6;24.1;23.7;23.9;23.5;100.0;98.0;99.0;136.0;0.8;0.6
2023/05/20;0700 UTC;0.0;990.1;990.2;990.1;;23.7;23.7;23.9;23.7;23.9;23.6;100.0;99.0;100.0;121.0;0.8;0.3
2023/05/20;0800 UTC;0.0;990.4;990.4;990.1;;23.1;23.0;23.7;23.1;23.7;23.0;100.0;99.0;100.0;132.0;1.8;0.8
2023/05/20;0900 UTC;0.0;990.6;990.6;990.4;;23.4;21.5;23.6;23.0;23.0;21.5;100.0;89.0;89.0;117.0;2.8;1.2
2023/05/20;1000 UTC;0.0;991.3;991.3;990.6;28.3;23.4;21.9;23.5;23.0;22.0;21.0;93.0;86.0;91.0;133.0;2.3;0.5
2023/05/20;1100 UTC;0.0;992.2;992.2;991.3;339.7;25.3;21.4;25.3;23.4;22.3;21.1;91.0;79.0;79.0;116.0;2.4;1.4
2023/05/20;1200 UTC;0.0;992.9;992.9;992.2;1177.6;27.4;20.9;27.4;25.3;21.6;20.6;79.0;68.0;68.0;121.0;4.2;1.9
2023/05/20;1300 UTC;0.0;993.0;993.0;992.9;1573.9;30.4;21.6;30.5;27.0;21.8;20.5;71.0;58.0;59.0;91.0;3.6;1.6
2023/05/20;1400 UTC;0.0;992.8;993.0;992.8;2270.8;31.9;19.9;32.0;30.1;21.4;19.3;59.0;48.0;49.0;106.0;5.2;2.5
2023/05/20;1500 UTC;0.0;991.8;992.8;991.8;2677.9;33.1;20.7;33.1;31.6;21.1;19.3;52.0;47.0;48.0;104.0;7.1;1.8
2023/05/20;1600 UTC;0.0;991.0;991.8;991.0;2709.5;33.4;19.9;33.7;32.1;20.9;19.2;51.0;42.0;45.0;74.0;6.4;2.3
2023/05/20;1700 UTC;0.0;990.0;991.0;990.0;2254.2;33.7;19.1;34.0;31.8;20.7;19.0;51.0;42.0;42.0;86.0;5.1;1.7
2023/05/20;1800 UTC;0.0;989.1;990.0;989.1;2577.5;33.8;20.3;34.6;33.4;20.4;18.7;46.0;41.0;45.0;140.0;6.1;2.3
2023/05/20;1900 UTC;0.0;988.6;989.1;988.6;1402.7;33.1;20.9;34.0;32.5;21.8;19.9;52.0;44.0;49.0;108.0;3.8;1.4
2023/05/20;2000 UTC;0.0;988.7;988.7;988.6;674.0;31.9;22.1;33.2;30.9;22.2;20.4;60.0;47.0;56.0;142.0;3.1;1.4
2023/05/20;2100 UTC;0.0;988.9;988.9;988.7;184.3;26.9;24.5;31.9;26.9;25.0;21.4;87.0;54.0;87.0;133.0;3.0;0.5
2023/05/20;2200 UTC;0.0;989.1;989.1;988.9;;25.0;23.9;26.9;25.0;24.5;23.9;94.0;87.0;94.0;160.0;0.9;0.5
2023/05/20;2300 UTC;0.0;989.7;989.7;989.1;;24.2;23.6;25.0;24.2;24.1;23.4;97.0;92.0;97.0;137.0;1.0;0.1
2023/05/21;0000 UTC;0.0;990.1;990.1;989.7;;23.3;22.7;24.2;23.3;23.6;22.6;97.0;96.0;96.0;237.0;0.6;0.3
2023/05/21;0100 UTC;0.0;990.4;990.4;990.1;;22.7;22.5;23.4;22.7;23.3;22.5;100.0;96.0;99.0;308.0;0.5;0.2
2023/05/21;0200 UTC;0.0;990.5;990.5;990.4;;22.2;22.1;22.7;22.0;22.5;21.7;100.0;97.0;100.0;140.0;1.5;0.4
2023/05/21;0300 UTC;0.0;990.4;990.5;990.3;;22.1;22.1;22.2;21.8;22.2;21.8;100.0;99.0;100.0;83.0;1.7;0.8
2023/05/21;0400 UTC;0.0;990.1;990.4;990.1;;21.6;21.6;22.1;21.6;22.1;21.6;100.0;100.0;100.0;100.0;2.0;0.7
2023/05/21;0500 UTC;0.0;989.8;990.1;989.7;;21.1;21.1;21.7;21.1;21.7;21.1;100.0;99.0;100.0;115.0;1.8;0.4
2023/05/21;0600 UTC;0.0;989.5;989.8;989.5;;21.2;21.1;21.7;21.1;21.6;21.1;100.0;99.0;99.0;113.0;1.5;0.5
2023/05/21;0700 UTC;0.0;989.5;989.5;989.4;;21.2;20.5;21.3;20.8;21.3;20.2;100.0;94.0;96.0;131.0;2.2;1.0
2023/05/21;0800 UTC;0.0;989.7;989.7;989.4;;22.1;19.5;22.2;21.2;20.8;19.4;97.0;85.0;85.0;128.0;2.8;1.2
2023/05/21;0900 UTC;0.0;990.2;990.2;989.7;;21.9;19.3;22.3;21.6;20.0;19.1;91.0;83.0;85.0;143.0;2.5;1.3
2023/05/21;1000 UTC;0.0;990.6;990.6;990.2;30.9;21.7;18.8;21.9;21.2;19.3;18.7;88.0;84.0;84.0;140.0;3.0;1.6
2023/05/21;1100 UTC;0.0;991.1;991.1;990.6;490.1;24.7;18.1;24.7;21.7;18.8;17.7;84.0;65.0;67.0;124.0;5.6;2.5
2023/05/21;1200 UTC;0.0;991.9;991.9;991.1;1273.3;27.3;18.2;27.3;24.7;18.4;17.6;67.0;57.0;58.0;124.0;5.9;2.6
2023/05/21;1300 UTC;0.0;992.0;992.0;991.9;1799.9;29.3;18.1;29.4;27.3;18.9;17.7;59.0;50.0;51.0;104.0;6.0;3.1
2023/05/21;1400 UTC;0.0;991.5;992.0;991.5;2255.7;31.7;18.1;31.7;29.3;19.1;17.3;52.0;43.0;45.0;104.0;6.0;2.5
2023/05/21;1500 UTC;0.0;990.9;991.5;990.9;2711.0;32.1;18.0;32.2;31.2;18.0;16.3;45.0;40.0;43.0;95.0;7.3;3.1
2023/05/21;1600 UTC;0.0;989.9;990.9;989.9;2835.1;32.3;18.4;32.9;31.8;18.9;17.0;45.0;41.0;44.0;105.0;7.1;3.1
2023/05/21;1700 UTC;0.0;989.1;989.9;989.1;2726.1;32.8;18.3;33.2;32.1;18.8;16.9;44.0;39.0;42.0;102.0;6.6;2.4
2023/05/21;1800 UTC;0.0;988.3;989.1;988.3;2266.1;33.6;17.7;33.6;32.5;18.8;16.4;43.0;37.0;39.0;28.0;5.9;1.6
2023/05/21;1900 UTC;0.0;988.0;988.3;988.0;1589.1;32.8;17.1;33.7;32.6;18.3;16.7;42.0;38.0;39.0;106.0;3.8;1.9
2023/05/21;2000 UTC;0.0;988.1;988.1;987.9;874.6;31.7;19.3;32.9;31.7;19.3;17.4;48.0;39.0;48.0;110.0;4.1;1.4
2023/05/21;2100 UTC;0.0;988.5;988.5;988.1;202.1;26.2;22.7;31.7;26.2;23.4;18.7;82.0;46.0;81.0;133.0;3.1;0.4
2023/05/21;2200 UTC;0.0;988.9;988.9;988.5;;23.8;22.5;26.2;23.8;23.1;22.2;93.0;81.0;93.0;;1.2;0.1
2023/05/21;2300 UTC;0.0;989.9;989.9;988.9;;22.8;22.1;23.8;22.8;22.4;21.3;96.0;91.0;96.0;327.0;1.6;0.3
2023/05/22;0000 UTC;0.0;990.1;990.1;989.9;;22.2;21.5;22.8;22.2;22.2;21.5;98.0;95.0;96.0;123.0;0.8;0.3
2023/05/22;0100 UTC;0.0;990.5;990.5;990.1;;21.6;21.3;22.2;21.6;21.6;21.0;98.0;96.0;98.0;136.0;1.1;0.4
2023/05/22;0200 UTC;0.0;990.7;990.7;990.5;;22.9;21.1;22.9;21.5;21.6;21.0;98.0;89.0;89.0;128.0;2.5;1.2
2023/05/22;0300 UTC;0.0;990.8;990.9;990.7;;23.4;20.9;23.7;22.9;21.1;20.4;89.0;81.0;86.0;140.0;2.5;0.9
2023/05/22;0400 UTC;0.0;990.9;990.9;990.8;;22.6;21.8;23.5;22.6;22.2;20.4;96.0;83.0;95.0;139.0;1.5;0.3
2023/05/22;0500 UTC;0.0;990.2;990.9;990.2;;21.8;20.9;22.6;21.8;21.9;20.6;96.0;92.0;94.0;124.0;1.6;0.9
2023/05/22;0600 UTC;0.0;989.7;990.2;989.7;;21.7;19.6;21.9;21.3;21.2;19.6;97.0;88.0;88.0;117.0;2.9;1.5
2023/05/22;0700 UTC;0.0;989.6;989.7;989.5;;21.9;18.1;21.9;21.6;19.5;18.1;88.0;79.0;79.0;135.0;2.9;1.2
2023/05/22;0800 UTC;0.0;989.7;989.7;989.5;;21.1;17.9;22.1;20.5;18.3;17.8;87.0;78.0;82.0;135.0;2.7;1.5
2023/05/22;0900 UTC;0.0;990.6;990.6;989.7;;19.7;18.3;21.4;19.7;18.4;17.7;92.0;81.0;92.0;137.0;2.7;0.6
2023/05/22;1000 UTC;0.0;991.2;991.2;990.6;39.1;21.1;18.0;21.1;19.4;18.5;17.7;93.0;83.0;83.0;138.0;2.3;1.3
2023/05/22;1100 UTC;0.0;991.9;991.9;991.2;397.2;23.4;18.1;23.4;21.1;18.5;17.7;83.0;71.0;72.0;139.0;4.7;2.4
2023/05/22;1200 UTC;0.0;992.8;992.8;991.9;1005.8;26.0;18.8;26.0;23.4;18.8;17.8;72.0;63.0;65.0;119.0;4.7;1.8
2023/05/22;1300 UTC;0.0;993.4;993.4;992.8;1721.0;28.2;18.8;28.3;25.9;19.5;18.3;65.0;56.0;57.0;156.0;4.8;2.7
2023/05/22;1400 UTC;0.0;993.1;993.4;993.1;2246.6;30.7;19.2;30.7;28.0;19.6;18.0;59.0;48.0;50.0;105.0;5.6;2.5
2023/05/22;1500 UTC;0.0;992.5;993.1;992.5;2689.5;31.6;18.0;32.4;30.7;19.4;17.5;50.0;43.0;44.0;110.0;6.7;3.1
2023/05/22;1600 UTC;0.0;991.4;992.5;991.4;2815.9;32.3;18.6;32.9;31.6;19.5;17.7;46.0;42.0;44.0;91.0;8.0;3.3
2023/05/22;1700 UTC;0.0;990.6;991.4;990.6;2695.7;32.9;19.0;32.9;32.0;19.4;17.9;46.0;42.0;44.0;118.0;8.0;2.1
2023/05/22;1800 UTC;0.0;990.2;990.6;990.2;2267.8;32.9;18.8;33.3;32.5;19.8;17.9;46.0;41.0;43.0;103.0;4.9;2.0
2023/05/22;1900 UTC;0.0;990.2;990.3;990.1;1555.4;32.7;19.3;33.4;32.6;19.4;17.9;46.0;41.0;45.0;157.0;4.9;2.1
2023/05/22;2000 UTC;0.0;990.3;990.3;990.1;864.6;31.7;19.7;32.8;31.6;20.1;18.5;50.0;44.0;49.0;147.0;4.7;1.9
2023/05/22;2100 UTC;0.0;989.9;990.3;989.9;197.3;26.2;22.0;31.7;26.2;22.9;19.7;78.0;49.0;78.0;76.0;3.4;0.5
2023/05/22;2200 UTC;0.0;989.9;990.0;989.9;;24.0;22.8;26.2;24.0;23.5;21.6;95.0;77.0;93.0;150.0;1.5;0.2
2023/05/22;2300 UTC;0.0;990.4;990.4;989.9;;23.0;22.2;24.0;22.9;22.9;22.1;97.0;91.0;96.0;175.0;0.9;0.4
2023/05/23;0000 UTC;0.0;990.9;990.9;990.4;;22.3;21.7;23.0;22.3;22.4;21.6;98.0;94.0;96.0;167.0;0.7;0.5
2023/05/23;0100 UTC;0.0;991.4;991.4;990.9;;21.9;21.3;22.4;21.9;22.0;21.3;98.0;96.0;96.0;208.0;0.7;0.3
2023/05/23;0200 UTC;0.0;991.6;991.8;991.4;;21.6;21.5;22.0;21.5;21.7;21.0;99.0;96.0;99.0;172.0;0.9;0.2
2023/05/23;0300 UTC;0.0;991.8;991.8;991.6;;21.0;20.4;21.7;21.0;21.5;20.4;99.0;96.0;96.0;147.0;1.9;0.9
2023/05/23;0400 UTC;0.0;991.6;991.9;991.6;;20.6;19.5;21.0;20.6;20.5;19.4;97.0;92.0;93.0;148.0;1.9;0.6
2023/05/23;0500 UTC;0.0;991.2;991.7;991.2;;20.1;19.4;20.7;20.1;20.1;19.4;98.0;93.0;95.0;190.0;1.0;0.4
2023/05/23;0600 UTC;0.0;991.0;991.2;990.9;;19.7;19.7;20.1;19.7;19.9;19.4;100.0;95.0;100.0;148.0;0.6;0.4
2023/05/23;0700 UTC;0.0;990.7;991.1;990.7;;19.5;19.5;19.9;19.5;19.9;19.4;100.0;99.0;100.0;68.0;0.7;0.4
2023/05/23;0800 UTC;0.0;991.0;991.0;990.6;;19.3;19.3;19.6;19.1;19.5;19.1;100.0;100.0;100.0;151.0;1.2;0.4
2023/05/23;0900 UTC;0.0;991.4;991.4;991.0;;19.3;19.1;19.4;19.0;19.3;19.0;100.0;98.0;98.0;114.0;2.4;1.2
2023/05/23;1000 UTC;0.0;991.9;991.9;991.4;30.8;19.7;19.1;19.7;19.0;19.3;18.7;100.0;96.0;96.0;154.0;2.4;0.7
2023/05/23;1100 UTC;0.0;992.5;992.5;991.8;488.5;23.8;19.4;23.8;19.7;20.0;18.3;97.0;73.0;77.0;97.0;3.1;1.4
2023/05/23;1200 UTC;0.0;993.2;993.2;992.5;1278.8;25.9;18.4;25.9;23.8;19.3;18.2;77.0;63.0;63.0;121.0;4.8;2.7
2023/05/23;1300 UTC;0.0;993.3;993.3;993.2;1761.8;28.2;19.6;28.3;25.9;19.8;18.6;64.0;58.0;60.0;131.0;6.1;2.7
2023/05/23;1400 UTC;0.0;993.0;993.3;993.0;2254.5;31.0;19.3;31.1;28.2;20.3;18.8;60.0;48.0;50.0;127.0;5.8;3.1
2023/05/23;1500 UTC;0.0;992.2;993.1;992.2;2706.7;32.3;19.8;32.4;30.9;19.8;18.7;50.0;45.0;48.0;108.0;6.9;3.2
2023/05/23;1600 UTC;0.0;991.3;992.2;991.3;2725.3;32.7;19.6;33.5;32.0;20.5;18.7;48.0;44.0;46.0;109.0;9.0;3.5
2023/05/23;1700 UTC;0.0;990.4;991.3;990.4;2641.7;32.5;19.4;33.2;32.3;19.9;18.7;48.0;44.0;46.0;128.0;8.6;3.2
2023/05/23;1800 UTC;0.0;989.6;990.4;989.6;2186.1;32.7;19.7;33.1;32.4;20.7;19.0;49.0;44.0;46.0;83.0;5.9;1.6
2023/05/23;1900 UTC;0.0;989.6;989.6;989.6;1520.7;32.8;19.6;33.0;32.4;20.7;18.9;50.0;44.0;46.0;109.0;4.5;1.5
2023/05/23;2000 UTC;0.0;989.8;989.8;989.6;883.7;31.7;21.7;32.9;31.7;22.1;19.0;58.0;45.0;56.0;97.0;3.9;1.0
2023/05/23;2100 UTC;0.0;990.1;990.1;989.8;197.7;26.7;24.5;31.8;26.7;24.7;21.5;88.0;54.0;88.0;149.0;2.4;0.5
2023/05/23;2200 UTC;0.0;990.3;990.3;990.1;;24.6;23.6;26.7;24.6;24.3;23.5;94.0;85.0;94.0;174.0;0.8;0.3
2023/05/23;2300 UTC;0.0;990.6;990.6;990.3;;23.8;23.4;24.6;23.8;23.6;23.1;97.0;93.0;97.0;174.0;0.9;0.2
2023/05/24;0000 UTC;0.0;991.0;991.0;990.6;;23.0;22.8;23.8;22.9;23.4;22.6;99.0;97.0;99.0;168.0;0.7;0.3
2023/05/24;0100 UTC;0.0;991.4;991.4;991.0;;22.5;22.1;23.0;22.5;22.8;21.9;99.0;96.0;98.0;286.0;0.7;0.2
2023/05/24;0200 UTC;0.0;991.5;991.5;991.4;;21.9;21.5;22.6;21.8;22.4;21.5;100.0;97.0;98.0;187.0;0.6;0.4
2023/05/24;0300 UTC;0.0;991.6;991.7;991.5;;21.5;21.3;21.9;21.4;21.6;21.1;99.0;98.0;99.0;157.0;1.5;0.6
2023/05/24;0400 UTC;0.0;991.3;991.7;991.3;;21.2;20.9;21.7;21.2;21.4;20.8;99.0;97.0;98.0;215.0;1.3;0.2
2023/05/24;0500 UTC;0.0;990.5;991.3;990.5;;20.8;20.5;21.2;20.8;20.9;20.5;99.0;97.0;98.0;245.0;0.5;0.3
2023/05/24;0600 UTC;0.0;990.1;990.5;990.1;;20.7;20.6;20.8;20.6;20.7;20.4;100.0;98.0;99.0;164.0;0.6;0.2
2023/05/24;0700 UTC;0.0;990.0;990.1;989.9;;20.7;20.7;20.9;20.4;20.8;20.3;100.0;99.0;100.0;347.0;0.8;0.1
2023/05/24;0800 UTC;0.0;990.2;990.2;990.0;;20.7;20.7;20.8;20.3;20.8;20.3;100.0;100.0;100.0;138.0;0.3;0.2
2023/05/24;0900 UTC;0.0;990.6;990.6;990.2;;20.3;20.3;20.7;20.2;20.7;20.2;100.0;100.0;100.0;151.0;0.5;0.4
2023/05/24;1000 UTC;0.0;991.1;991.1;990.5;41.2;20.8;20.7;20.8;20.0;20.7;20.0;100.0;99.0;99.0;181.0;1.6;0.8
2023/05/24;1100 UTC;0.0;991.7;991.7;991.1;502.1;24.3;20.8;24.3;20.8;21.3;20.5;99.0;81.0;81.0;151.0;3.6;2.1
2023/05/24;1200 UTC;0.0;992.4;992.4;991.7;1240.5;26.9;20.9;26.9;24.2;21.2;20.1;81.0;69.0;70.0;113.0;4.8;2.2
2023/05/24;1300 UTC;0.0;992.4;992.5;992.4;1656.8;29.0;21.4;29.1;26.7;21.9;20.3;70.0;62.0;63.0;90.0;5.3;2.4
2023/05/24;1400 UTC;0.0;992.0;992.4;992.0;2190.8;31.2;21.1;31.4;29.0;22.1;21.0;64.0;55.0;55.0;62.0;6.7;3.0
2023/05/24;1500 UTC;0.0;991.5;992.0;991.4;2490.6;31.8;21.2;32.6;31.2;22.1;21.0;57.0;51.0;54.0;56.0;7.3;2.7
2023/05/24;1600 UTC;0.0;990.4;991.5;990.4;2366.7;31.9;21.0;33.4;31.6;22.2;20.8;55.0;49.0;53.0;48.0;7.8;2.4
2023/05/24;1700 UTC;0.0;989.7;990.4;989.7;2326.7;33.5;21.6;33.8;31.3;22.3;20.3;57.0;46.0;50.0;46.0;5.4;2.0
2023/05/24;1800 UTC;0.0;989.0;989.7;989.0;1399.5;32.5;22.0;33.7;30.8;22.6;21.3;59.0;50.0;54.0;73.0;5.6;1.7
2023/05/24;1900 UTC;0.0;988.7;989.0;988.7;1534.3;32.9;21.7;33.5;31.6;22.5;20.9;57.0;49.0;52.0;85.0;4.6;1.8
2023/05/24;2000 UTC;0.0;989.0;989.0;988.7;671.5;31.5;22.6;33.1;31.0;22.8;21.2;60.0;50.0;59.0;76.0;4.0;1.0
2023/05/24;2100 UTC;0.0;989.3;989.3;989.0;175.6;27.0;24.5;31.6;27.0;24.5;22.2;86.0;58.0;86.0;105.0;2.7;0.5
2023/05/24;2200 UTC;0.0;989.8;989.8;989.3;;24.9;23.3;27.0;24.9;24.6;23.2;93.0;84.0;91.0;149.0;1.3;0.3
2023/05/24;2300 UTC;0.0;990.4;990.4;989.8;;24.1;23.0;24.9;24.1;23.8;22.8;95.0;91.0;94.0;152.0;0.9;0.5
2023/05/25;0000 UTC;0.0;990.9;990.9;990.4;;23.4;23.1;24.1;23.4;23.5;22.9;99.0;94.0;98.0;101.0;0.9;0.3
2023/05/25;0100 UTC;0.0;991.2;991.2;990.9;;22.8;22.6;23.4;22.7;23.0;22.4;100.0;97.0;99.0;211.0;0.6;0.2
2023/05/25;0200 UTC;0.0;991.1;991.2;991.0;;22.5;22.4;22.9;22.5;22.8;22.4;100.0;99.0;99.0;181.0;0.5;0.3
2023/05/25;0300 UTC;0.0;991.5;991.5;991.1;;22.6;22.5;22.6;22.3;22.5;22.0;100.0;98.0;100.0;91.0;1.5;0.2
2023/05/25;0400 UTC;0.0;991.3;991.5;991.3;;22.2;22.2;22.6;22.1;22.6;22.1;100.0;99.0;100.0;47.0;1.1;0.3
2023/05/25;0500 UTC;0.0;990.9;991.3;990.9;;22.3;22.3;22.3;22.1;22.3;22.0;100.0;100.0;100.0;110.0;1.0;0.3
2023/05/25;0600 UTC;0.0;990.7;991.0;990.7;;22.8;22.6;22.8;22.3;22.6;22.3;100.0;99.0;99.0;135.0;1.0;0.5
2023/05/25;0700 UTC;0.0;990.5;990.7;990.4;;22.1;21.9;22.8;22.1;22.6;21.9;100.0;99.0;99.0;167.0;1.6;0.8
2023/05/25;0800 UTC;0.0;990.6;990.6;990.4;;21.9;21.9;22.3;21.8;22.2;21.7;100.0;98.0;100.0;74.0;1.1;0.5
2023/05/25;0900 UTC;0.0;991.0;991.0;990.6;;21.8;21.7;21.9;21.6;21.9;21.5;100.0;99.0;100.0;118.0;1.7;0.8
2023/05/25;1000 UTC;0.0;991.5;991.5;991.0;29.2;22.7;21.4;22.7;21.8;21.8;21.4;100.0;93.0;93.0;135.0;2.3;1.1
2023/05/25;1100 UTC;0.0;992.4;992.4;991.5;491.2;26.4;22.3;26.4;22.7;22.5;21.3;93.0;78.0;78.0;124.0;3.9;1.1
2023/05/25;1200 UTC;0.0;992.9;993.0;992.4;1259.1;28.8;22.1;28.8;26.4;22.5;21.8;78.0;67.0;67.0;111.0;4.6;2.0
2023/05/25;1300 UTC;0.0;993.1;993.2;992.9;1773.1;30.4;21.1;30.5;28.6;22.5;20.6;69.0;56.0;57.0;94.0;6.8;3.2
2023/05/25;1400 UTC;0.0;992.9;993.1;992.9;2219.4;31.4;20.7;31.6;30.3;21.6;20.5;58.0;52.0;53.0;104.0;7.3;3.8
2023/05/25;1500 UTC;0.0;991.7;992.9;991.7;2671.7;32.3;21.1;32.8;31.4;21.8;20.3;54.0;50.0;52.0;98.0;7.7;3.1
2023/05/25;1600 UTC;0.0;990.8;991.7;990.7;2802.4;32.9;20.3;33.2;32.1;21.3;19.7;52.0;46.0;48.0;107.0;8.5;3.4
2023/05/25;1700 UTC;0.0;989.6;990.8;989.6;2679.7;33.0;19.6;33.6;32.8;21.2;19.3;49.0;44.0;45.0;102.0;8.0;2.9
2023/05/25;1800 UTC;0.0;989.1;989.6;989.1;2366.5;33.6;20.6;34.2;33.0;21.5;19.7;49.0;44.0;47.0;102.0;7.4;2.5
2023/05/25;1900 UTC;0.0;989.1;989.1;989.0;1723.4;33.0;20.8;34.2;33.0;21.5;20.4;50.0;46.0;49.0;118.0;5.7;2.6
2023/05/25;2000 UTC;0.0;989.5;989.5;989.1;658.6;31.2;22.0;33.3;31.2;22.3;20.7;58.0;48.0;58.0;135.0;4.3;1.4
2023/05/25;2100 UTC;0.0;989.9;990.0;989.5;184.9;28.0;23.8;31.2;28.0;23.9;21.6;78.0;56.0;78.0;142.0;3.6;0.8
2023/05/25;2200 UTC;0.0;990.2;990.2;989.9;;25.2;24.2;28.0;25.2;24.5;23.7;94.0;78.0;94.0;169.0;1.3;0.3
2023/05/25;2300 UTC;0.0;990.9;990.9;990.2;;24.2;23.5;25.2;24.2;24.2;23.3;96.0;94.0;96.0;133.0;0.9;0.4
2023/05/26;0000 UTC;0.0;991.2;991.2;990.9;;23.8;22.4;24.2;23.8;23.4;22.2;96.0;88.0;92.0;165.0;1.9;0.2
2023/05/26;0100 UTC;0.0;991.4;991.4;991.2;;23.4;21.8;23.8;23.1;22.7;21.8;95.0;91.0;91.0;144.0;1.8;1.1
2023/05/26;0200 UTC;0.0;991.5;991.6;991.4;;23.2;21.2;23.8;23.0;21.9;21.1;93.0;85.0;89.0;152.0;2.1;0.7
2023/05/26;0300 UTC;0.0;991.5;991.6;991.4;;23.1;20.5;23.2;22.6;21.5;20.5;94.0;85.0;86.0;143.0;2.0;1.2
2023/05/26;0400 UTC;0.0;991.3;991.5;991.3;;22.3;21.4;23.2;22.3;21.8;20.4;96.0;85.0;94.0;163.0;2.0;0.2
2023/05/26;0500 UTC;0.0;990.8;991.3;990.8;;22.3;21.5;22.4;22.2;22.2;21.3;98.0;94.0;96.0;151.0;1.1;0.7
2023/05/26;0600 UTC;0.0;990.7;990.8;990.7;;22.1;21.7;22.4;22.1;22.1;21.3;98.0;94.0;98.0;130.0;1.7;0.8
2023/05/26;0700 UTC;0.0;990.5;990.7;990.5;;22.7;20.6;22.9;22.0;21.9;20.5;98.0;87.0;88.0;119.0;2.5;1.2
2023/05/26;0800 UTC;0.0;990.9;990.9;990.5;;22.6;20.1;23.0;22.5;20.6;19.9;89.0;84.0;86.0;82.0;2.8;1.1
2023/05/26;0900 UTC;0.0;991.3;991.3;990.9;;21.9;20.9;22.6;21.6;21.3;20.1;97.0;86.0;94.0;138.0;2.0;0.8
2023/05/26;1000 UTC;0.0;992.0;992.0;991.3;37.3;22.9;20.2;22.9;21.8;21.4;20.1;97.0;85.0;85.0;133.0;2.4;1.2
2023/05/26;1100 UTC;0.0;992.6;992.6;992.0;326.6;24.9;20.3;24.9;22.9;20.5;19.9;85.0;76.0;76.0;122.0;3.9;1.5
2023/05/26;1200 UTC;0.0;993.3;993.4;992.6;1004.6;27.8;20.7;27.8;24.9;20.7;19.6;77.0;65.0;66.0;117.0;6.8;2.7
2023/05/26;1300 UTC;0.0;993.6;993.6;993.3;1773.1;29.9;20.3;29.9;27.8;21.1;20.1;65.0;56.0;56.0;114.0;5.8;2.8
2023/05/26;1400 UTC;0.0;993.5;993.6;993.5;2215.0;30.9;21.0;31.6;29.9;21.1;19.4;58.0;52.0;55.0;89.0;6.9;2.9
2023/05/26;1500 UTC;0.0;992.9;993.6;992.9;2512.2;32.0;20.9;32.4;30.9;21.5;20.1;56.0;50.0;52.0;85.0;7.7;2.7
2023/05/26;1600 UTC;0.0;992.0;993.0;992.0;2168.7;32.0;20.5;33.0;31.2;21.7;20.3;55.0;48.0;51.0;80.0;6.2;2.7
2023/05/26;1700 UTC;0.0;991.1;992.0;991.1;1389.5;32.9;22.4;32.9;30.7;22.6;20.5;58.0;49.0;54.0;73.0;7.9;1.4
2023/05/26;1800 UTC;0.0;990.4;991.1;990.4;1623.7;32.9;20.6;33.2;31.5;22.5;20.4;58.0;48.0;49.0;84.0;5.0;1.2
2023/05/26;1900 UTC;0.0;990.4;990.5;990.4;1210.6;33.0;21.8;33.7;31.4;22.9;20.3;59.0;46.0;52.0;49.0;3.9;1.1
2023/05/26;2000 UTC;0.0;990.7;990.7;990.4;1038.7;32.9;21.6;33.6;32.9;22.5;20.5;53.0;47.0;52.0;102.0;3.6;1.6
2023/05/26;2100 UTC;0.0;991.0;991.0;990.7;182.1;27.6;23.9;32.9;27.6;24.6;21.4;80.0;51.0;80.0;150.0;3.2;0.3
2023/05/26;2200 UTC;0.0;991.1;991.1;990.9;;25.2;23.8;27.6;25.2;24.6;23.6;92.0;80.0;92.0;58.0;1.5;0.2
2023/05/26;2300 UTC;0.0;991.6;991.6;991.1;;24.3;23.5;25.2;24.3;23.8;23.4;96.0;90.0;95.0;200.0;0.5;0.1
2023/05/27;0000 UTC;0.0;992.1;992.1;991.6;;23.8;23.4;24.3;23.8;23.4;22.9;97.0;93.0;97.0;242.0;1.3;0.1
2023/05/27;0100 UTC;0.0;992.3;992.3;992.1;;23.6;23.2;23.8;23.6;23.4;22.8;98.0;95.0;97.0;187.0;1.1;0.3
2023/05/27;0200 UTC;0.0;992.3;992.3;992.2;;23.3;23.1;23.6;23.3;23.3;22.8;99.0;97.0;99.0;138.0;1.0;0.6
2023/05/27;0300 UTC;0.0;992.1;992.3;992.1;;22.8;22.8;23.3;22.7;23.1;22.6;100.0;98.0;100.0;128.0;0.9;0.6
2023/05/27;0400 UTC;0.0;991.8;992.1;991.8;;22.7;22.3;22.9;22.7;22.8;22.3;100.0;97.0;98.0;153.0;1.4;0.6
2023/05/27;0500 UTC;0.0;991.4;991.8;991.4;;22.1;22.1;22.7;21.9;22.5;21.8;100.0;97.0;100.0;130.0;1.2;0.5
2023/05/27;0600 UTC;0.0;991.0;991.4;991.0;;22.2;21.7;22.3;22.1;22.2;21.7;100.0;97.0;97.0;129.0;2.1;0.8
2023/05/27;0700 UTC;0.0;991.0;991.0;990.8;;21.6;21.6;22.2;21.6;21.8;21.3;100.0;95.0;100.0;116.0;2.0;0.6
2023/05/27;0800 UTC;0.0;991.4;991.4;991.0;;21.4;21.4;21.7;21.3;21.6;21.3;100.0;100.0;100.0;283.0;1.1;0.2
2023/05/27;0900 UTC;0.0;992.2;992.2;991.4;;20.8;20.8;21.4;20.7;21.4;20.7;100.0;100.0;100.0;161.0;1.0;0.6
2023/05/27;1000 UTC;0.0;992.9;992.9;992.2;30.4;21.7;21.5;21.7;20.8;21.6;20.8;100.0;99.0;99.0;151.0;1.4;0.9
2023/05/27;1100 UTC;0.0;993.7;993.7;992.9;343.0;25.1;22.2;25.2;21.7;22.6;21.5;99.0;84.0;84.0;121.0;2.2;1.1
2023/05/27;1200 UTC;0.0;994.1;994.1;993.7;1056.3;28.2;21.5;28.5;25.1;22.8;21.3;84.0;66.0;67.0;114.0;4.6;2.0
2023/05/27;1300 UTC;0.0;994.3;994.3;994.0;1759.4;30.4;22.3;30.5;28.2;22.9;21.4;69.0;59.0;62.0;105.0;4.5;2.1
2023/05/27;1400 UTC;0.0;994.1;994.4;994.0;2192.6;32.2;21.4;32.3;30.4;22.9;20.6;63.0;52.0;53.0;104.0;5.0;2.6
2023/05/27;1500 UTC;0.0;993.6;994.1;993.6;2658.8;32.4;20.5;33.0;31.7;21.4;19.9;54.0;48.0;50.0;102.0;6.8;2.8
2023/05/27;1600 UTC;0.0;992.7;993.6;992.7;2673.6;33.1;21.0;33.5;32.3;22.0;20.3;53.0;47.0;49.0;78.0;6.1;2.0
2023/05/27;1700 UTC;0.0;991.9;992.7;991.9;2036.5;33.0;21.4;33.7;31.7;21.9;19.9;54.0;46.0;51.0;98.0;5.9;1.4
2023/05/27;1800 UTC;0.0;991.3;991.9;991.3;2152.4;33.7;19.9;33.9;32.2;21.6;19.6;51.0;44.0;44.0;98.0;4.7;1.9
2023/05/27;1900 UTC;0.0;991.3;991.4;991.3;1665.3;33.5;20.4;34.1;33.2;21.5;20.0;49.0;44.0;47.0;157.0;5.0;2.7
2023/05/27;2000 UTC;0.0;991.6;991.6;991.3;799.3;32.0;23.4;33.8;32.0;24.3;20.2;64.0;46.0;61.0;132.0;4.9;0.9
2023/05/27;2100 UTC;0.0;991.7;991.7;991.6;177.2;28.0;24.7;32.2;28.0;24.7;21.4;82.0;53.0;82.0;153.0;2.9;0.6
2023/05/27;2200 UTC;0.0;992.1;992.1;991.7;;25.4;24.0;28.0;25.4;24.8;23.7;93.0;79.0;92.0;181.0;1.3;0.3
2023/05/27;2300 UTC;0.0;992.5;992.5;992.1;;24.5;23.8;25.4;24.5;24.3;23.8;97.0;92.0;96.0;151.0;0.5;0.1
2023/05/28;0000 UTC;0.0;992.6;992.6;992.4;;23.9;23.6;24.5;23.9;24.1;23.5;99.0;96.0;98.0;129.0;0.5;0.4
2023/05/28;0100 UTC;0.0;992.7;992.8;992.6;;23.3;23.3;23.9;23.3;23.7;23.2;100.0;98.0;99.0;223.0;0.5;0.2
2023/05/28;0200 UTC;0.0;992.5;992.7;992.5;;22.7;22.6;23.4;22.7;23.3;22.6;100.0;99.0;99.0;195.0;0.4;0.2
2023/05/28;0300 UTC;0.0;992.3;992.5;992.3;;22.4;22.4;22.9;22.3;22.9;22.3;100.0;99.0;100.0;27.0;0.5;0.2
2023/05/28;0400 UTC;0.0;991.6;992.3;991.6;;21.8;21.8;22.4;21.7;22.4;21.7;100.0;100.0;100.0;156.0;0.8;0.2
2023/05/28;0500 UTC;0.0;991.2;991.6;991.2;;21.3;21.3;21.9;21.3;21.8;21.3;100.0;100.0;100.0;267.0;0.6;0.1
2023/05/28;0600 UTC;0.0;990.8;991.2;990.8;;21.0;21.0;21.4;20.8;21.4;20.8;100.0;100.0;100.0;185.0;0.5;0.2
2023/05/28;0700 UTC;0.0;990.7;990.8;990.6;;20.8;20.8;21.1;20.7;21.1;20.7;100.0;100.0;100.0;109.0;1.6;1.0
2023/05/28;0800 UTC;0.0;991.2;991.2;990.7;;21.0;21.0;21.1;20.8;21.1;20.8;100.0;100.0;100.0;42.0;1.7;0.4
2023/05/28;0900 UTC;0.0;991.7;991.7;991.2;;20.6;20.6;21.1;20.6;21.0;20.6;100.0;100.0;100.0;273.0;1.1;0.3
2023/05/28;1000 UTC;0.0;992.7;992.7;991.7;24.5;20.8;20.8;20.8;20.3;20.8;20.3;100.0;99.0;100.0;225.0;0.8;0.3
2023/05/28;1100 UTC;0.0;993.6;993.6;992.7;232.5;22.9;22.2;22.9;20.8;22.5;20.7;100.0;96.0;96.0;152.0;0.8;0.3
2023/05/28;1200 UTC;0.0;994.1;994.2;993.6;397.2;24.4;22.2;24.4;22.9;22.9;21.8;97.0;88.0;88.0;151.0;1.6;1.0
2023/05/28;1300 UTC;0.0;994.3;994.3;994.1;921.2;26.8;22.7;27.0;24.4;22.9;22.0;89.0;75.0;78.0;144.0;3.1;1.2
2023/05/28;1400 UTC;0.0;993.7;994.3;993.7;967.0;29.1;22.6;29.1;26.8;23.2;22.0;79.0;67.0;68.0;154.0;4.6;2.6
2023/05/28;1500 UTC;0.0;992.9;993.8;992.9;1135.0;30.5;22.8;30.6;29.1;23.3;22.0;70.0;62.0;64.0;180.0;4.6;1.0
2023/05/28;1600 UTC;0.0;991.6;992.9;991.6;2002.0;32.2;22.1;32.3;30.5;23.5;21.4;66.0;54.0;55.0;137.0;3.6;1.5
2023/05/28;1700 UTC;0.0;990.5;991.6;990.5;2574.2;32.8;21.3;33.8;31.8;22.6;20.9;56.0;48.0;51.0;207.0;5.0;1.2
2023/05/28;1800 UTC;0.0;989.8;990.5;989.8;1848.7;33.2;21.4;34.1;32.2;22.7;20.9;55.0;49.0;50.0;172.0;3.5;1.7
2023/05/28;1900 UTC;0.0;989.6;989.8;989.6;1560.8;32.9;20.8;33.3;32.8;22.0;20.4;52.0;48.0;49.0;187.0;3.7;1.9
2023/05/28;2000 UTC;0.0;989.7;989.8;989.4;887.9;32.9;21.8;33.2;32.8;21.9;20.8;52.0;49.0;52.0;185.0;3.1;1.2
2023/05/28;2100 UTC;0.0;990.0;990.0;989.7;228.8;28.0;25.2;32.9;28.0;25.6;21.6;85.0;52.0;85.0;127.0;2.4;0.4
2023/05/28;2200 UTC;0.0;990.3;990.3;990.0;;25.5;24.4;28.0;25.5;25.2;23.9;93.0;85.0;93.0;151.0;0.7;0.5
2023/05/28;2300 UTC;0.0;990.9;990.9;990.3;;24.7;24.2;25.5;24.7;24.4;24.0;97.0;93.0;97.0;228.0;0.7;0.2
2023/05/29;0000 UTC;0.0;991.3;991.3;990.9;;24.2;23.9;24.7;24.1;24.3;23.7;99.0;97.0;99.0;303.0;0.5;0.2
2023/05/29;0100 UTC;0.0;991.6;991.6;991.3;;23.7;23.3;24.2;23.7;24.1;23.3;99.0;97.0;98.0;294.0;0.8;0.1
2023/05/29;0200 UTC;0.0;991.6;991.6;991.5;;23.2;22.8;23.8;23.2;23.6;22.8;99.0;97.0;98.0;300.0;0.8;0.1
2023/05/29;0300 UTC;0.0;991.4;991.6;991.4;;22.6;22.4;23.2;22.6;23.1;22.4;100.0;98.0;99.0;226.0;0.8;0.4
2023/05/29;0400 UTC;0.0;991.2;991.4;991.1;;22.2;22.0;23.1;22.2;22.7;22.0;99.0;96.0;99.0;205.0;1.6;0.2
2023/05/29;0500 UTC;0.0;990.7;991.2;990.7;;21.6;21.6;22.3;21.6;22.1;21.5;100.0;99.0;100.0;137.0;0.7;0.4
2023/05/29;0600 UTC;0.0;990.6;990.7;990.6;;21.6;21.6;21.8;21.5;21.8;21.5;100.0;99.0;100.0;314.0;0.8;0.2
2023/05/29;0700 UTC;0.0;990.6;990.7;990.5;;21.3;21.3;21.6;21.0;21.6;20.9;100.0;100.0;100.0;110.0;1.0;0.5
2023/05/29;0800 UTC;0.0;990.7;990.7;990.5;;21.3;21.3;21.5;21.2;21.5;21.2;100.0;100.0;100.0;23.0;1.3;0.4
2023/05/29;0900 UTC;0.0;991.0;991.0;990.7;;20.9;20.9;21.3;20.9;21.3;20.9;100.0;100.0;100.0;357.0;0.8;0.4
2023/05/29;1000 UTC;0.0;991.5;991.5;991.0;26.5;21.0;21.0;21.0;20.5;21.0;20.4;100.0;100.0;100.0;162.0;1.1;0.2
2023/05/29;1100 UTC;0.0;992.1;992.1;991.5;481.8;25.7;21.5;25.7;21.0;22.5;21.0;100.0;78.0;78.0;117.0;3.0;1.3
2023/05/29;1200 UTC;0.0;992.5;992.6;992.1;1225.2;28.3;21.7;28.3;25.7;22.1;21.2;78.0;67.0;67.0;106.0;3.7;2.0
2023/05/29;1300 UTC;0.0;992.6;992.7;992.5;1726.0;31.3;22.7;31.3;28.3;23.1;21.3;69.0;59.0;61.0;78.0;3.8;1.4
2023/05/29;1400 UTC;0.0;992.1;992.6;992.1;2167.4;32.6;20.7;32.7;31.1;22.5;20.1;61.0;48.0;49.0;105.0;4.6;2.7
2023/05/29;1500 UTC;0.0;991.5;992.1;991.5;2614.6;33.5;19.6;33.7;32.6;21.1;19.0;50.0;43.0;44.0;88.0;7.4;3.2
2023/05/29;1600 UTC;0.0;990.6;991.5;990.6;2440.7;34.0;20.2;34.3;32.8;21.2;19.2;49.0;42.0;44.0;94.0;7.4;2.3
2023/05/29;1700 UTC;0.0;989.7;990.6;989.7;1824.4;34.1;19.5;34.6;32.4;21.4;19.4;50.0;42.0;43.0;141.0;5.8;2.3
2023/05/29;1800 UTC;0.0;989.0;989.7;989.0;1981.7;33.9;19.8;34.5;33.4;21.3;18.7;48.0;40.0;44.0;110.0;5.3;1.4
2023/05/29;1900 UTC;0.0;988.8;989.0;988.7;1187.2;31.3;23.9;34.5;31.3;23.9;19.2;65.0;40.0;65.0;106.0;3.5;0.6
2023/05/29;2000 UTC;0.0;988.8;988.8;988.7;787.6;32.9;24.4;33.6;30.8;24.4;19.7;69.0;44.0;61.0;146.0;2.4;0.9
2023/05/29;2100 UTC;0.0;989.2;989.2;988.8;177.0;27.4;23.9;33.1;27.4;25.2;22.0;81.0;54.0;81.0;162.0;2.4;0.5
2023/05/29;2200 UTC;0.0;989.7;989.7;989.2;;25.0;23.8;27.4;25.0;24.1;23.2;94.0;81.0;93.0;113.0;0.9;0.2
2023/05/29;2300 UTC;0.0;990.4;990.4;989.7;;24.2;23.5;25.0;24.2;23.8;23.1;96.0;90.0;96.0;169.0;0.5;0.2
2023/05/30;0000 UTC;0.0;990.9;990.9;990.4;;23.7;23.3;24.2;23.7;23.6;23.1;98.0;95.0;98.0;210.0;0.7;0.2
2023/05/30;0100 UTC;0.0;991.3;991.4;990.9;;23.2;23.1;23.7;23.2;23.4;23.0;99.0;98.0;99.0;273.0;0.4;0.2
2023/05/30;0200 UTC;0.0;991.4;991.4;991.3;;22.7;22.6;23.2;22.7;23.2;22.6;100.0;99.0;99.0;144.0;0.5;0.2
2023/05/30;0300 UTC;0.0;991.3;991.4;991.2;;22.3;22.2;22.7;22.1;22.6;21.8;100.0;98.0;100.0;291.0;0.7;0.2
2023/05/30;0400 UTC;0.0;991.1;991.3;991.1;;21.8;21.8;22.4;21.7;22.4;21.6;100.0;99.0;100.0;170.0;0.5;0.2
2023/05/30;0500 UTC;0.0;990.7;991.1;990.7;;21.6;21.6;22.0;21.6;22.0;21.5;100.0;100.0;100.0;82.0;0.5;0.1
2023/05/30;0600 UTC;0.0;990.5;990.7;990.5;;21.3;21.3;21.7;21.1;21.7;21.1;100.0;100.0;100.0;49.0;0.5;0.2
2023/05/30;0700 UTC;0.0;990.6;990.6;990.4;;21.5;21.5;21.5;21.1;21.5;21.1;100.0;100.0;100.0;286.0;0.5;0.1
2023/05/30;0800 UTC;0.0;991.0;991.0;990.6;;21.5;21.5;21.6;21.4;21.6;21.4;100.0;100.0;100.0;295.0;0.6;0.1
2023/05/30;0900 UTC;0.0;991.7;991.7;991.0;;21.0;21.0;21.5;21.0;21.5;21.0;100.0;100.0;100.0;115.0;0.5;0.1
2023/05/30;1000 UTC;0.0;992.4;992.4;991.7;28.6;21.4;21.4;21.5;21.0;21.4;21.1;100.0;100.0;100.0;51.0;0.6;0.3
2023/05/30;1100 UTC;0.0;993.1;993.1;992.4;465.7;26.0;21.9;26.0;21.4;22.9;21.2;100.0;78.0;78.0;134.0;1.6;0.7
2023/05/30;1200 UTC;0.0;993.5;993.7;993.1;1148.4;29.0;21.7;29.0;26.1;22.6;21.4;78.0;65.0;65.0;136.0;2.7;1.6
2023/05/30;1300 UTC;0.0;993.8;993.8;993.5;1518.1;30.5;21.3;31.0;29.0;22.4;21.0;66.0;58.0;58.0;133.0;4.4;1.6
2023/05/30;1400 UTC;0.0;993.6;993.8;993.6;2133.0;32.3;21.1;32.5;30.4;22.2;20.3;61.0;50.0;51.0;117.0;4.3;2.2
2023/05/30;1500 UTC;0.0;992.8;993.7;992.8;2525.7;33.7;21.2;33.7;32.4;22.1;19.8;53.0;45.0;48.0;116.0;5.5;2.0
2023/05/30;1600 UTC;0.0;991.7;992.9;991.7;2348.5;32.9;20.3;34.6;32.9;21.8;19.9;49.0;43.0;47.0;92.0;7.5;2.3
2023/05/30;1700 UTC;0.0;990.8;991.7;990.8;1812.7;35.1;21.4;35.1;32.3;22.7;20.4;55.0;44.0;45.0;55.0;5.6;1.7
2023/05/30;1800 UTC;0.0;990.2;990.8;990.2;1892.5;32.6;21.6;35.2;32.6;22.0;20.3;52.0;43.0;52.0;74.0;6.0;2.5
2023/05/30;1900 UTC;0.0;990.3;990.3;990.1;1451.9;32.6;21.2;33.7;32.3;22.7;20.8;54.0;48.0;51.0;53.0;6.3;2.5
2023/05/30;2000 UTC;0.0;990.7;990.7;990.2;858.7;31.1;23.1;32.9;31.1;23.4;21.0;63.0;51.0;62.0;27.0;5.8;1.3
2023/05/30;2100 UTC;0.0;990.9;991.0;990.7;134.4;28.8;22.4;31.1;28.8;23.7;22.4;72.0;62.0;68.0;22.0;3.6;1.0
2023/05/30;2200 UTC;0.0;990.9;990.9;990.8;;26.5;23.6;28.8;26.4;24.3;22.4;86.0;68.0;84.0;17.0;2.6;0.5
2023/05/30;2300 UTC;0.0;991.4;991.4;990.9;;25.6;24.4;26.6;25.6;24.5;23.3;94.0;82.0;93.0;147.0;1.6;0.3
2023/05/31;0000 UTC;0.0;992.3;992.3;991.4;;25.4;24.4;25.6;25.4;24.6;24.2;95.0;92.0;95.0;96.0;1.0;0.3
2023/05/31;0100 UTC;0.0;993.0;993.0;992.3;;24.9;24.2;25.6;24.9;24.4;24.0;96.0;92.0;96.0;9.0;1.8;0.5
2023/05/31;0200 UTC;0.0;993.0;993.0;992.9;;24.4;23.9;24.9;24.4;24.3;23.9;98.0;96.0;97.0;336.0;1.1;0.4
2023/05/31;0300 UTC;0.0;992.6;993.0;992.6;;24.6;24.0;24.6;24.3;24.1;23.9;98.0;97.0;97.0;192.0;1.1;0.2
2023/05/31;0400 UTC;0.0;992.5;992.6;992.5;;24.7;24.0;25.1;24.6;24.2;23.6;98.0;92.0;96.0;16.0;1.5;0.3
2023/05/31;0500 UTC;0.0;992.1;992.5;992.1;;24.5;24.1;24.7;24.4;24.3;24.0;98.0;96.0;98.0;301.0;0.6;0.2
2023/05/31;0600 UTC;0.0;991.8;992.1;991.8;;24.5;23.8;25.0;24.5;24.2;23.7;98.0;93.0;96.0;146.0;2.6;0.4
2023/05/31;0700 UTC;0.0;991.9;992.0;991.8;;25.0;23.8;25.1;24.5;24.1;23.8;96.0;93.0;93.0;203.0;1.7;0.3
2023/05/31;0800 UTC;0.0;992.4;992.4;991.7;;24.7;24.3;25.0;24.5;24.4;23.8;98.0;93.0;98.0;296.0;1.8;0.5
2023/05/31;0900 UTC;0.0;992.8;992.8;992.4;;24.2;24.2;24.9;24.2;24.6;24.2;100.0;97.0;100.0;47.0;1.3;0.5
2023/05/31;1000 UTC;0.0;993.8;993.8;992.8;18.0;24.6;24.6;24.6;24.2;24.6;24.1;100.0;99.0;100.0;311.0;1.5;0.9
2023/05/31;1100 UTC;0.0;995.0;995.0;993.8;198.8;25.7;25.0;25.7;24.6;25.2;24.4;100.0;96.0;96.0;165.0;2.2;1.2
2023/05/31;1200 UTC;0.0;995.8;995.8;995.0;507.9;26.9;24.7;27.0;25.6;25.2;24.5;96.0;87.0;88.0;236.0;2.5;0.9
2023/05/31;1300 UTC;0.0;995.6;995.9;995.6;818.4;28.3;23.9;28.4;26.7;25.2;23.9;90.0;77.0;77.0;142.0;3.5;2.2
2023/05/31;1400 UTC;0.0;995.1;995.6;995.1;2044.9;29.9;23.5;31.0;28.3;24.4;22.3;78.0;62.0;68.0;173.0;4.1;2.3
2023/05/31;1500 UTC;0.0;994.1;995.1;994.1;2410.7;31.3;22.9;31.6;29.9;23.7;22.8;68.0;61.0;61.0;185.0;4.4;1.6
2023/05/31;1600 UTC;0.0;992.6;994.1;992.6;2481.6;32.1;22.3;32.6;31.3;23.6;22.2;62.0;55.0;56.0;139.0;5.3;2.9
2023/05/31;1700 UTC;0.0;992.4;992.6;992.0;1700.0;27.6;22.6;33.3;27.6;23.5;22.0;74.0;53.0;74.0;88.0;9.4;3.3
2023/05/31;1800 UTC;0.0;992.4;992.6;992.2;241.2;25.5;22.1;27.5;25.5;22.6;21.8;81.0;74.0;81.0;111.0;9.4;2.6
2023/05/31;1900 UTC;1.0;991.8;992.5;991.8;89.6;24.5;22.9;25.5;24.1;23.5;22.0;94.0;81.0;91.0;275.0;5.8;1.2
2023/05/31;2000 UTC;0.0;992.3;992.3;991.8;60.6;24.7;23.2;24.8;24.4;23.6;22.9;93.0;91.0;92.0;270.0;4.5;1.2
2023/05/31;2100 UTC;0.0;992.6;992.7;992.3;98.7;24.7;23.5;24.9;24.7;23.7;23.2;94.0;91.0;93.0;191.0;2.6;1.3
2023/05/31;2200 UTC;0.0;992.7;992.8;992.6;;24.2;23.3;24.7;24.2;23.6;23.3;95.0;93.0;95.0;198.0;2.9;0.6
2023/05/31;2300 UTC;0.0;993.3;993.3;992.7;;24.1;23.2;24.3;24.0;23.4;23.2;96.0;93.0;95.0;203.0;2.5;0.8
2023/06/01;0000 UTC;0.0;993.8;993.8;993.3;;24.1;23.6;24.1;23.9;23.6;23.2;98.0;95.0;97.0;204.0;2.4;0.6
2023/06/01;0100 UTC;0.0;994.0;994.0;993.7;;24.0;23.5;24.2;24.0;23.5;23.3;97.0;95.0;97.0;183.0;1.3;0.4
2023/06/01;0200 UTC;0.0;993.9;994.0;993.9;;24.1;23.3;24.3;23.9;23.7;23.3;98.0;94.0;96.0;181.0;1.6;0.5
2023/06/01;0300 UTC;0.0;993.9;994.0;993.8;;23.2;23.1;24.1;23.2;23.3;23.1;99.0;96.0;99.0;316.0;1.3;0.2
2023/06/01;0400 UTC;0.2;993.6;993.9;993.6;;22.5;22.5;23.2;22.5;23.2;22.5;100.0;100.0;100.0;53.0;0.8;0.2
2023/06/01;0500 UTC;0.0;993.0;993.6;993.0;;22.5;22.5;22.5;22.1;22.5;22.1;100.0;100.0;100.0;233.0;0.7;0.1
2023/06/01;0600 UTC;0.0;992.9;993.0;992.9;;22.8;22.8;22.9;22.5;22.9;22.5;100.0;100.0;100.0;36.0;0.7;0.4
2023/06/01;0700 UTC;0.0;992.8;992.9;992.7;;22.8;22.8;22.9;22.8;22.9;22.8;100.0;100.0;100.0;206.0;1.3;0.1
2023/06/01;0800 UTC;0.0;993.2;993.2;992.8;;22.6;22.6;22.8;22.5;22.7;22.5;100.0;100.0;100.0;157.0;0.7;0.6
2023/06/01;0900 UTC;0.0;993.6;993.6;993.2;;22.2;22.2;22.7;22.2;22.6;22.2;100.0;100.0;100.0;291.0;0.7;0.2
2023/06/01;1000 UTC;0.0;994.0;994.0;993.6;37.7;22.4;22.3;22.4;22.0;22.3;22.0;100.0;100.0;100.0;22.0;0.6;0.4
2023/06/01;1100 UTC;0.0;994.9;994.9;994.0;310.1;24.5;24.3;24.5;22.4;24.3;22.4;100.0;99.0;99.0;353.0;1.9;0.3
2023/06/01;1200 UTC;0.0;995.2;995.2;994.9;931.5;27.0;23.6;27.0;24.5;24.6;23.3;99.0;81.0;82.0;134.0;2.7;1.5
2023/06/01;1300 UTC;0.0;995.0;995.4;995.0;1732.2;29.5;22.6;29.7;27.0;24.2;22.2;84.0;65.0;66.0;137.0;3.7;1.6
2023/06/01;1400 UTC;0.0;994.7;995.0;994.7;1708.7;30.6;23.2;30.8;29.5;23.6;22.0;68.0;63.0;65.0;143.0;3.7;1.4
2023/06/01;1500 UTC;0.0;994.0;994.7;994.0;2336.6;32.2;22.6;32.5;30.3;23.6;21.7;67.0;55.0;57.0;140.0;3.9;1.7
2023/06/01;1600 UTC;0.0;993.0;994.0;993.0;2750.1;33.5;21.3;33.6;32.1;22.9;21.1;57.0;49.0;49.0;191.0;5.1;1.5
2023/06/01;1700 UTC;0.0;992.1;993.0;992.1;1851.7;32.9;22.4;34.4;32.1;23.2;20.9;58.0;48.0;54.0;159.0;4.4;1.8
2023/06/01;1800 UTC;0.0;991.3;992.1;991.3;2066.3;34.0;21.4;34.1;32.4;23.1;20.4;57.0;46.0;48.0;212.0;3.8;1.4
2023/06/01;1900 UTC;0.0;991.0;991.3;991.0;996.9;32.3;22.7;34.6;32.3;22.9;20.2;57.0;45.0;57.0;167.0;3.2;1.7
2023/06/01;2000 UTC;0.0;991.0;991.0;990.9;369.0;31.2;25.5;32.5;31.2;25.5;22.3;72.0;56.0;72.0;196.0;2.9;0.8
2023/06/01;2100 UTC;0.0;991.5;991.5;991.0;75.5;29.1;25.5;31.2;29.1;26.1;24.3;84.0;72.0;81.0;221.0;1.5;0.4
2023/06/01;2200 UTC;0.0;991.9;991.9;991.5;;27.7;23.8;29.2;27.6;25.4;23.7;81.0;73.0;79.0;188.0;2.4;0.6
2023/06/01;2300 UTC;0.0;992.4;992.4;991.9;;26.0;24.0;27.8;26.0;24.0;23.8;89.0;79.0;89.0;190.0;1.5;0.4
2023/06/02;0000 UTC;0.0;992.8;992.8;992.3;;24.9;24.2;26.0;24.9;24.4;24.0;96.0;89.0;96.0;166.0;0.7;0.5
2023/06/02;0100 UTC;0.0;993.2;993.2;992.8;;24.5;23.9;25.0;24.5;24.3;23.8;97.0;96.0;97.0;199.0;0.9;0.3
2023/06/02;0200 UTC;0.0;993.1;993.3;993.1;;24.0;23.6;24.5;24.0;24.0;23.6;98.0;97.0;97.0;163.0;0.8;0.4
2023/06/02;0300 UTC;0.0;992.8;993.1;992.7;;23.9;23.4;24.1;23.9;23.7;23.4;98.0;97.0;97.0;174.0;1.4;0.5
2023/06/02;0400 UTC;0.0;992.4;992.8;992.4;;23.6;23.2;23.9;23.6;23.5;23.1;98.0;97.0;98.0;199.0;1.1;0.4
2023/06/02;0500 UTC;0.0;991.5;992.4;991.5;;23.3;22.8;23.6;23.3;23.2;22.8;98.0;96.0;97.0;220.0;1.5;0.3
2023/06/02;0600 UTC;0.0;991.0;991.5;991.0;;22.6;22.4;23.3;22.6;22.8;22.3;99.0;97.0;99.0;198.0;1.2;0.4
2023/06/02;0700 UTC;0.0;991.0;991.0;990.9;;22.5;22.5;22.8;22.3;22.6;22.1;100.0;98.0;100.0;48.0;1.2;0.6
2023/06/02;0800 UTC;0.0;991.1;991.1;991.0;;21.8;21.8;22.5;21.7;22.5;21.7;100.0;100.0;100.0;80.0;1.4;0.3
2023/06/02;0900 UTC;0.0;991.5;991.5;991.0;;21.5;21.5;21.8;21.3;21.7;21.3;100.0;100.0;100.0;143.0;1.1;0.7
2023/06/02;1000 UTC;0.0;992.2;992.2;991.5;24.4;21.5;21.4;21.5;21.1;21.5;21.1;100.0;100.0;100.0;311.0;1.1;0.4
2023/06/02;1100 UTC;0.0;993.1;993.1;992.2;427.1;24.9;22.2;25.2;21.4;23.0;21.4;100.0;82.0;85.0;138.0;2.2;0.9
2023/06/02;1200 UTC;0.0;993.5;993.5;993.1;1213.7;27.7;21.0;27.8;24.9;22.5;20.7;86.0;66.0;67.0;123.0;3.6;2.1
2023/06/02;1300 UTC;0.0;993.5;993.7;993.5;1700.7;29.3;21.2;30.2;27.7;22.4;20.4;69.0;61.0;62.0;129.0;5.1;1.4
2023/06/02;1400 UTC;0.0;992.7;993.5;992.7;2133.3;31.2;21.8;31.5;29.3;22.6;21.4;64.0;55.0;58.0;148.0;4.9;2.2
2023/06/02;1500 UTC;0.0;991.9;992.7;991.9;2579.6;32.8;20.6;33.1;31.2;22.0;19.9;57.0;47.0;49.0;144.0;7.0;3.6
2023/06/02;1600 UTC;0.0;990.9;991.9;990.9;2744.9;33.7;20.9;33.7;32.2;21.7;20.0;52.0;46.0;47.0;147.0;7.0;3.7
2023/06/02;1700 UTC;0.0;989.8;990.9;989.8;2136.0;33.8;20.6;34.2;32.8;21.3;19.5;48.0;43.0;46.0;156.0;6.6;2.4
2023/06/02;1800 UTC;0.0;989.1;989.8;989.1;2159.4;33.2;20.4;34.4;33.2;21.3;19.9;48.0;44.0;47.0;166.0;5.8;3.0
2023/06/02;1900 UTC;0.0;988.9;989.1;988.8;1308.7;33.5;20.3;34.3;32.6;21.4;20.0;51.0;45.0;46.0;153.0;5.2;2.5
2023/06/02;2000 UTC;0.0;989.1;989.1;988.9;840.7;32.8;21.5;33.5;32.8;21.7;20.4;52.0;46.0;52.0;152.0;4.9;1.9
2023/06/02;2100 UTC;0.0;989.8;989.8;989.1;184.6;28.2;23.3;32.8;28.2;23.9;21.0;76.0;50.0;75.0;142.0;4.4;0.5
2023/06/02;2200 UTC;0.0;990.2;990.2;989.8;;25.3;24.3;28.2;25.3;24.6;23.3;94.0;75.0;94.0;173.0;0.8;0.3
2023/06/02;2300 UTC;0.0;990.7;990.7;990.2;;24.2;23.6;25.3;24.2;24.3;23.6;96.0;93.0;96.0;194.0;0.6;0.3
2023/06/03;0000 UTC;0.0;991.1;991.1;990.7;;23.4;23.1;24.2;23.4;23.5;23.1;98.0;96.0;98.0;199.0;0.5;0.3
2023/06/03;0100 UTC;0.0;991.6;991.6;991.1;;22.9;22.8;23.4;22.9;23.1;22.7;100.0;97.0;99.0;286.0;0.6;0.2
2023/06/03;0200 UTC;0.0;991.6;991.7;991.6;;22.4;22.4;23.0;22.4;23.0;22.3;100.0;98.0;100.0;212.0;0.4;0.2
2023/06/03;0300 UTC;0.0;991.5;991.6;991.4;;22.0;21.8;22.4;21.9;22.3;21.6;100.0;98.0;99.0;175.0;0.6;0.4
2023/06/03;0400 UTC;0.0;991.0;991.5;991.0;;21.6;21.4;22.0;21.6;21.8;21.3;99.0;97.0;99.0;180.0;0.8;0.5
2023/06/03;0500 UTC;0.0;990.4;991.0;990.4;;21.1;21.0;21.6;21.1;21.5;21.0;100.0;99.0;100.0;167.0;0.7;0.3
2023/06/03;0600 UTC;0.0;990.0;990.4;990.0;;20.9;20.9;21.1;20.8;21.1;20.8;100.0;99.0;100.0;325.0;0.5;0.2
2023/06/03;0700 UTC;0.0;990.0;990.0;989.8;;20.6;20.4;20.9;20.4;20.9;20.3;100.0;99.0;99.0;157.0;0.6;0.4
2023/06/03;0800 UTC;0.0;990.5;990.5;990.0;;20.5;20.5;21.0;20.4;20.9;20.3;100.0;99.0;100.0;267.0;1.0;0.3
2023/06/03;0900 UTC;0.0;990.7;990.7;990.5;;20.3;20.2;20.8;20.3;20.8;20.1;100.0;99.0;99.0;185.0;0.6;0.4
2023/06/03;1000 UTC;0.0;991.2;991.2;990.7;23.0;21.3;21.1;21.3;20.3;21.1;20.3;100.0;99.0;99.0;183.0;1.6;1.0
2023/06/03;1100 UTC;0.0;991.9;991.9;991.2;448.4;25.2;21.3;25.2;21.3;21.6;21.0;99.0;79.0;79.0;151.0;3.3;1.7
2023/06/03;1200 UTC;0.0;992.5;992.5;991.9;1181.5;27.7;21.4;27.9;25.2;21.9;21.0;80.0;67.0;69.0;139.0;5.6;3.0
2023/06/03;1300 UTC;0.0;992.8;992.8;992.4;1690.9;30.3;19.9;30.5;27.7;21.6;19.4;69.0;52.0;54.0;121.0;8.8;4.1
2023/06/03;1400 UTC;0.0;992.4;992.8;992.4;2138.3;31.9;19.2;32.3;30.2;20.6;18.9;54.0;47.0;47.0;108.0;8.8;3.7
2023/06/03;1500 UTC;0.0;992.0;992.5;992.0;2592.6;32.8;19.2;33.3;31.7;20.1;18.7;48.0;43.0;45.0;98.0;7.7;2.4
2023/06/03;1600 UTC;0.0;991.1;992.0;991.1;2749.9;33.8;19.9;33.9;32.5;21.2;18.7;48.0;43.0;44.0;83.0;6.6;2.2
2023/06/03;1700 UTC;0.0;990.3;991.1;990.3;2628.4;34.0;19.7;34.4;33.3;21.0;19.2;47.0;42.0;43.0;72.0;7.9;2.5
2023/06/03;1800 UTC;0.0;989.8;990.3;989.8;1740.4;33.2;19.8;34.4;32.2;20.6;18.7;49.0;41.0;45.0;83.0;5.8;2.3
2023/06/03;1900 UTC;0.0;989.8;989.9;989.7;1230.0;33.4;20.8;34.0;32.5;21.9;19.7;52.0;44.0;48.0;94.0;5.4;2.1
2023/06/03;2000 UTC;0.0;990.0;990.0;989.8;511.4;30.1;22.7;33.6;30.1;23.3;20.4;65.0;47.0;65.0;103.0;3.9;1.1
2023/06/03;2100 UTC;0.0;990.4;990.4;989.9;132.8;26.7;24.3;30.1;26.7;24.7;22.1;87.0;63.0;87.0;159.0;2.5;0.5
2023/06/03;2200 UTC;0.0;990.7;990.7;990.4;;24.8;23.6;26.7;24.8;24.3;23.2;93.0;83.0;93.0;171.0;0.7;0.3
2023/06/03;2300 UTC;0.0;991.4;991.4;990.7;;23.6;22.7;24.8;23.6;23.7;22.7;96.0;92.0;95.0;176.0;0.8;0.3
2023/06/04;0000 UTC;0.0;992.1;992.1;991.4;;23.1;22.4;23.7;23.1;22.9;22.2;96.0;94.0;96.0;232.0;2.0;0.3
2023/06/04;0100 UTC;0.0;992.5;992.5;992.1;;22.8;22.1;23.2;22.7;22.7;21.9;98.0;94.0;96.0;207.0;0.7;0.3
2023/06/04;0200 UTC;0.0;992.7;992.7;992.5;;22.2;22.0;22.8;22.2;22.5;21.8;99.0;95.0;99.0;228.0;0.6;0.2
2023/06/04;0300 UTC;0.0;992.8;992.9;992.7;;21.7;21.6;22.2;21.7;22.1;21.6;100.0;99.0;99.0;201.0;0.7;0.3
2023/06/04;0400 UTC;0.0;992.6;992.8;992.6;;21.6;21.6;22.0;21.6;21.9;21.3;100.0;98.0;100.0;217.0;0.9;0.2
2023/06/04;0500 UTC;0.0;992.2;992.6;992.2;;21.1;21.0;21.6;21.1;21.5;21.0;100.0;99.0;99.0;190.0;0.8;0.4
2023/06/04;0600 UTC;0.0;991.9;992.2;991.9;;21.0;20.8;21.2;20.8;21.1;20.6;100.0;98.0;99.0;143.0;0.9;0.6
2023/06/04;0700 UTC;0.0;991.5;991.9;991.5;;20.9;20.7;21.2;20.9;21.0;20.7;100.0;98.0;99.0;146.0;1.3;0.2
2023/06/04;0800 UTC;0.0;991.8;991.8;991.5;;20.8;20.8;21.0;20.7;21.0;20.6;100.0;99.0;100.0;232.0;0.8;0.2
2023/06/04;0900 UTC;0.0;992.5;992.5;991.8;;20.4;20.4;20.8;20.3;20.7;20.2;100.0;99.0;100.0;150.0;1.1;0.5
2023/06/04;1000 UTC;0.0;993.1;993.1;992.5;20.9;20.8;20.4;20.9;20.2;20.6;20.1;100.0;97.0;97.0;122.0;2.4;1.0
2023/06/04;1100 UTC;0.0;994.1;994.1;993.1;212.9;23.1;20.7;23.1;20.9;20.9;20.2;97.0;86.0;87.0;95.0;2.7;0.9
2023/06/04;1200 UTC;0.0;995.1;995.1;994.1;1007.3;26.6;21.1;26.9;23.1;21.5;20.6;86.0;70.0;72.0;132.0;4.1;2.0
2023/06/04;1300 UTC;0.0;995.2;995.3;995.1;1691.4;29.6;20.6;29.9;26.6;22.0;20.3;72.0;57.0;59.0;109.0;6.2;2.7
2023/06/04;1400 UTC;0.0;995.2;995.3;995.2;1937.1;31.5;20.6;31.5;29.5;21.6;20.0;60.0;53.0;53.0;109.0;6.2;2.6
2023/06/04;1500 UTC;0.0;994.5;995.3;994.5;2574.4;32.2;20.3;32.4;31.3;21.7;20.1;54.0;49.0;49.0;82.0;6.6;2.8
2023/06/04;1600 UTC;0.0;993.7;994.5;993.7;2732.2;33.5;19.8;33.5;32.1;21.5;19.5;51.0;44.0;45.0;100.0;7.0;2.9
2023/06/04;1700 UTC;0.0;992.9;993.7;992.9;2586.0;34.1;19.6;34.1;32.9;20.6;19.0;47.0;43.0;43.0;105.0;7.3;2.4
2023/06/04;1800 UTC;0.0;992.4;992.9;992.4;2354.3;33.5;20.1;34.4;33.3;20.3;18.8;47.0;41.0;45.0;89.0;5.0;1.8
2023/06/04;1900 UTC;0.0;992.1;992.4;992.1;1521.4;33.7;19.7;33.9;33.3;20.8;19.2;48.0;42.0;44.0;113.0;4.1;1.7
2023/06/04;2000 UTC;0.0;992.4;992.4;992.1;823.2;32.7;20.7;33.7;32.7;21.0;18.9;51.0;43.0;49.0;113.0;3.8;1.0
2023/06/04;2100 UTC;0.0;992.8;992.8;992.4;177.5;27.0;23.2;32.7;27.0;24.1;20.5;81.0;49.0;80.0;156.0;2.2;0.3
2023/06/04;2200 UTC;0.0;993.2;993.2;992.8;;25.0;23.6;27.0;25.0;24.0;22.8;93.0;78.0;92.0;150.0;1.1;0.2
2023/06/04;2300 UTC;0.0;993.6;993.6;993.2;;23.9;23.1;25.0;23.9;23.8;23.0;97.0;92.0;95.0;182.0;0.5;0.3
2023/06/05;0000 UTC;0.0;994.1;994.2;993.6;;23.5;22.1;24.0;23.4;23.1;22.1;96.0;92.0;92.0;160.0;1.7;0.7
2023/06/05;0100 UTC;0.0;994.2;994.2;994.1;;23.9;20.6;24.4;23.5;22.0;20.6;92.0;82.0;82.0;130.0;2.2;1.2
2023/06/05;0200 UTC;0.0;994.3;994.4;994.2;;21.8;21.4;24.1;21.8;21.5;20.5;97.0;81.0;97.0;128.0;2.1;0.6
2023/06/05;0300 UTC;0.0;994.5;994.5;994.3;;21.4;21.1;22.0;21.4;21.3;20.7;99.0;92.0;98.0;100.0;2.2;0.5
2023/06/05;0400 UTC;0.0;994.2;994.5;994.2;;21.2;20.0;21.4;21.0;21.2;20.0;99.0;93.0;93.0;148.0;2.4;1.1
2023/06/05;0500 UTC;0.0;993.5;994.3;993.5;;20.3;20.2;21.2;20.2;20.9;19.9;100.0;93.0;99.0;124.0;1.7;0.7
2023/06/05;0600 UTC;0.0;993.0;993.5;993.0;;19.8;19.8;20.4;19.8;20.2;19.7;100.0;98.0;100.0;57.0;1.6;0.2
2023/06/05;0700 UTC;0.0;992.9;993.0;992.9;;19.1;19.0;19.9;19.1;19.9;19.0;100.0;99.0;99.0;165.0;0.5;0.3
2023/06/05;0800 UTC;0.0;993.3;993.3;992.9;;19.3;19.2;19.3;19.0;19.3;18.8;100.0;99.0;100.0;131.0;0.7;0.3
2023/06/05;0900 UTC;0.0;993.5;993.5;993.2;;19.1;19.1;19.4;18.9;19.4;18.8;100.0;99.0;100.0;104.0;1.5;0.6
2023/06/05;1000 UTC;0.0;994.0;994.0;993.5;23.2;19.0;18.6;19.2;18.7;19.2;18.5;100.0;98.0;98.0;168.0;1.5;0.5
2023/06/05;1100 UTC;0.0;994.7;994.7;994.0;456.0;23.6;19.5;23.6;19.0;19.5;18.6;98.0;76.0;78.0;142.0;2.4;1.0
2023/06/05;1200 UTC;0.0;995.3;995.3;994.7;1181.4;26.7;19.4;26.7;23.6;19.7;18.8;78.0;64.0;64.0;107.0;5.4;2.1
2023/06/05;1300 UTC;0.0;995.4;995.6;995.3;1687.4;29.0;19.7;29.3;26.7;20.2;18.8;65.0;56.0;57.0;113.0;6.3;2.3
2023/06/05;1400 UTC;0.0;995.4;995.4;995.3;2134.5;30.9;19.3;31.2;29.0;20.2;19.2;58.0;50.0;50.0;81.0;6.0;2.6
2023/06/05;1500 UTC;0.0;994.6;995.4;994.6;2589.1;32.0;19.5;32.1;30.8;20.2;18.2;52.0;45.0;48.0;93.0;7.1;3.2
2023/06/05;1600 UTC;0.0;993.8;994.6;993.8;2744.1;32.6;18.9;33.4;32.0;20.1;18.3;48.0;41.0;45.0;93.0;5.7;2.3
2023/06/05;1700 UTC;0.0;992.9;993.8;992.9;2627.9;33.4;18.8;33.5;32.6;19.4;18.0;45.0;41.0;42.0;118.0;6.2;2.3
2023/06/05;1800 UTC;0.0;992.2;992.9;992.2;2210.6;33.4;17.8;33.7;32.8;19.4;17.6;44.0;39.0;40.0;117.0;6.4;2.0
2023/06/05;1900 UTC;0.0;991.9;992.2;991.9;1526.8;33.0;18.0;33.9;32.8;19.5;16.9;43.0;37.0;41.0;133.0;5.1;2.0
2023/06/05;2000 UTC;0.0;991.9;992.0;991.9;842.6;31.8;19.2;33.1;31.8;19.4;17.4;48.0;39.0;47.0;160.0;3.9;1.8
2023/06/05;2100 UTC;0.0;992.2;992.2;991.9;177.5;27.2;22.6;31.8;27.2;23.5;19.5;79.0;47.0;76.0;168.0;3.0;0.9
2023/06/05;2200 UTC;0.0;992.5;992.5;992.2;;24.3;22.7;27.2;24.3;23.3;22.5;92.0;75.0;90.0;181.0;1.4;0.3
2023/06/05;2300 UTC;0.0;992.7;992.7;992.5;;23.2;22.7;24.3;23.2;22.8;22.0;97.0;90.0;97.0;196.0;0.5;0.2
2023/06/06;0000 UTC;0.0;992.9;992.9;992.7;;22.1;21.9;23.2;22.1;22.7;21.8;99.0;96.0;99.0;231.0;0.6;0.2
2023/06/06;0100 UTC;0.0;993.2;993.2;992.9;;21.4;21.1;22.1;21.3;22.0;20.9;99.0;97.0;98.0;274.0;0.5;0.3
2023/06/06;0200 UTC;0.0;993.3;993.3;993.2;;20.7;20.7;21.6;20.7;21.4;20.6;100.0;97.0;100.0;23.0;0.9;0.3
2023/06/06;0300 UTC;0.0;993.2;993.3;993.1;;20.3;20.3;20.8;20.3;20.8;20.3;100.0;99.0;100.0;301.0;0.7;0.2
2023/06/06;0400 UTC;0.0;993.1;993.3;993.1;;19.8;19.7;20.3;19.7;20.3;19.5;100.0;99.0;100.0;142.0;0.6;0.1
2023/06/06;0500 UTC;0.0;992.6;993.1;992.6;;19.3;19.3;19.8;19.2;19.7;19.2;100.0;99.0;100.0;52.0;0.4;0.1
2023/06/06;0600 UTC;0.0;992.4;992.6;992.4;;18.9;18.9;19.3;18.8;19.3;18.8;100.0;100.0;100.0;238.0;0.4;0.1
2023/06/06;0700 UTC;0.0;991.9;992.4;991.9;;18.6;18.5;19.1;18.5;19.0;18.4;100.0;99.0;99.0;183.0;0.5;0.2
2023/06/06;0800 UTC;0.0;992.1;992.1;991.9;;18.6;18.6;18.9;18.6;18.8;18.5;100.0;99.0;100.0;50.0;0.9;0.4
2023/06/06;0900 UTC;0.0;992.5;992.5;992.1;;18.6;18.6;18.8;18.3;18.8;18.3;100.0;100.0;100.0;28.0;0.7;0.3
2023/06/06;1000 UTC;0.0;993.2;993.2;992.5;24.0;19.1;19.0;19.1;18.2;19.0;18.2;100.0;99.0;100.0;175.0;1.2;0.8
2023/06/06;1100 UTC;0.0;993.9;993.9;993.2;367.3;22.4;19.8;22.4;19.1;21.2;19.1;100.0;85.0;85.0;139.0;1.7;0.6
2023/06/06;1200 UTC;0.0;994.2;994.2;993.9;1252.7;26.4;19.7;26.5;22.4;20.1;18.7;86.0;66.0;67.0;144.0;3.2;1.7
2023/06/06;1300 UTC;0.0;994.2;994.2;994.1;1689.3;29.2;19.1;29.3;26.4;20.6;18.9;67.0;54.0;55.0;156.0;4.4;2.5
2023/06/06;1400 UTC;0.0;993.9;994.2;993.9;2131.2;31.0;19.4;31.5;29.2;20.1;18.7;56.0;48.0;50.0;137.0;4.4;2.6
2023/06/06;1500 UTC;0.0;993.5;993.9;993.4;2573.9;33.0;19.7;33.1;30.9;20.2;18.5;51.0;44.0;46.0;123.0;7.2;2.0
2023/06/06;1600 UTC;0.0;992.5;993.5;992.5;2724.1;33.3;19.1;33.5;32.5;20.0;18.0;47.0;40.0;43.0;95.0;5.5;2.2
2023/06/06;1700 UTC;0.0;991.6;992.5;991.6;2308.3;33.4;19.5;34.3;32.6;19.8;17.4;45.0;38.0;44.0;20.0;5.5;0.9
2023/06/06;1800 UTC;0.0;990.9;991.6;990.9;1960.2;33.7;18.2;34.9;32.6;20.9;17.8;48.0;38.0;40.0;227.0;4.5;1.4
2023/06/06;1900 UTC;0.0;990.7;990.9;990.7;1708.2;33.4;18.8;34.9;33.0;19.0;17.8;42.0;38.0;42.0;128.0;4.5;2.0
2023/06/06;2000 UTC;0.0;990.8;990.8;990.6;803.6;32.3;19.6;33.7;32.2;20.1;18.1;49.0;40.0;47.0;150.0;4.0;1.5
2023/06/06;2100 UTC;0.0;991.3;991.3;990.7;120.0;26.8;22.3;32.3;26.8;23.1;20.0;77.0;47.0;76.0;129.0;2.8;0.5
2023/06/06;2200 UTC;0.0;991.5;991.5;991.3;;25.4;23.3;26.8;25.4;23.8;22.5;89.0;77.0;88.0;151.0;0.8;0.4
2023/06/06;2300 UTC;0.0;992.0;992.0;991.5;;24.1;23.1;25.4;24.1;23.3;22.5;94.0;87.0;94.0;182.0;1.0;0.3
2023/06/07;0000 UTC;0.0;992.7;992.7;992.0;;23.5;22.2;24.1;23.5;23.2;22.2;95.0;91.0;93.0;141.0;0.9;0.4
2023/06/07;0100 UTC;0.0;993.2;993.2;992.7;;22.5;21.9;23.5;22.5;22.3;21.9;97.0;93.0;97.0;109.0;2.0;0.6
2023/06/07;0200 UTC;0.0;993.3;993.4;993.2;;21.7;21.5;22.5;21.7;22.2;21.5;99.0;96.0;99.0;141.0;1.3;0.4
2023/06/07;0300 UTC;0.0;993.3;993.4;993.2;;21.3;21.2;21.7;21.2;21.6;21.2;100.0;99.0;100.0;91.0;0.9;0.2
2023/06/07;0400 UTC;0.0;993.0;993.3;993.0;;20.5;20.2;21.3;20.4;21.2;20.2;100.0;98.0;98.0;202.0;1.0;0.4
2023/06/07;0500 UTC;0.0;992.7;993.1;992.7;;20.1;20.0;20.6;20.0;20.5;19.9;100.0;98.0;100.0;200.0;0.9;0.2
2023/06/07;0600 UTC;0.0;992.5;992.7;992.5;;19.5;19.5;20.2;19.4;20.1;19.4;100.0;100.0;100.0;30.0;0.4;0.1
2023/06/07;0700 UTC;0.0;992.1;992.5;992.1;;19.1;19.1;19.6;19.0;19.5;19.0;100.0;100.0;100.0;109.0;0.5;0.2
2023/06/07;0800 UTC;0.0;992.5;992.5;992.1;;19.0;18.9;19.2;18.7;19.2;18.6;100.0;99.0;100.0;349.0;0.5;0.2
2023/06/07;0900 UTC;0.0;992.8;992.8;992.5;;18.3;18.3;19.0;18.2;18.9;18.2;100.0;100.0;100.0;203.0;0.7;0.3
2023/06/07;1000 UTC;0.0;993.5;993.5;992.8;21.3;18.6;18.6;18.6;18.1;18.6;18.1;100.0;100.0;100.0;160.0;0.5;0.1
2023/06/07;1100 UTC;0.0;994.2;994.2;993.5;456.9;24.0;19.0;24.0;18.6;20.2;18.7;100.0;73.0;73.0;112.0;2.4;1.1
2023/06/07;1200 UTC;0.0;994.8;994.8;994.2;1193.4;27.2;18.8;27.2;24.0;19.7;18.4;76.0;60.0;60.0;115.0;3.7;1.7
2023/06/07;1300 UTC;0.0;995.0;995.0;994.8;1694.6;29.7;18.6;29.9;27.2;19.7;17.9;61.0;50.0;51.0;115.0;4.9;2.0
2023/06/07;1400 UTC;0.0;994.9;995.1;994.9;2118.4;32.1;18.8;32.1;29.7;19.7;17.8;52.0;44.0;45.0;99.0;5.7;2.1
2023/06/07;1500 UTC;0.0;994.4;994.9;994.4;2560.3;32.9;18.2;33.4;31.9;19.2;17.7;46.0;41.0;42.0;97.0;5.9;2.7
2023/06/07;1600 UTC;0.0;993.6;994.4;993.6;2684.4;33.5;18.4;33.9;32.8;19.2;17.8;44.0;39.0;41.0;91.0;5.3;2.0
2023/06/07;1700 UTC;0.0;992.9;993.6;992.9;2495.7;32.8;18.6;34.3;32.8;19.4;17.8;45.0;39.0;43.0;101.0;5.4;1.5
2023/06/07;1800 UTC;0.0;992.3;992.9;992.3;1851.4;33.7;18.5;34.2;32.1;20.1;18.0;47.0;39.0;41.0;165.0;5.2;1.9
2023/06/07;1900 UTC;0.0;992.3;992.4;992.3;1369.4;33.2;19.9;34.1;32.5;20.4;18.0;48.0;40.0;46.0;100.0;4.3;1.3
2023/06/07;2000 UTC;0.0;992.4;992.4;992.3;879.1;32.3;20.9;33.8;32.3;20.9;18.7;51.0;41.0;51.0;127.0;3.8;0.9
2023/06/07;2100 UTC;0.0;992.6;992.6;992.4;215.3;28.2;23.5;32.3;28.2;23.5;20.2;76.0;50.0;76.0;160.0;2.4;0.7
2023/06/07;2200 UTC;0.0;993.0;993.0;992.6;;25.4;22.9;28.1;25.4;23.7;22.2;87.0;75.0;86.0;162.0;1.8;0.5
2023/06/07;2300 UTC;0.0;993.5;993.5;993.0;;23.7;21.7;25.4;23.7;22.8;21.2;90.0;85.0;88.0;146.0;1.7;0.7
2023/06/08;0000 UTC;0.0;993.9;993.9;993.5;;22.8;20.8;23.7;22.7;22.0;20.7;91.0;87.0;88.0;146.0;1.7;0.8
2023/06/08;0100 UTC;0.0;994.4;994.4;993.9;;22.4;20.8;23.0;22.3;21.1;19.9;92.0;84.0;91.0;138.0;2.2;0.7
2023/06/08;0200 UTC;0.0;994.7;994.7;994.4;;21.4;20.1;22.4;21.4;21.2;19.9;95.0;91.0;92.0;140.0;1.4;0.8
2023/06/08;0300 UTC;0.0;994.6;994.7;994.6;;20.9;20.0;21.5;20.8;20.4;19.4;94.0;90.0;94.0;146.0;1.3;0.6
2023/06/08;0400 UTC;0.0;994.3;994.6;994.3;;20.5;20.1;20.9;20.2;20.2;19.3;98.0;93.0;97.0;269.0;1.5;0.2
2023/06/08;0500 UTC;0.0;993.7;994.3;993.7;;19.8;19.6;20.5;19.8;20.0;19.3;99.0;96.0;99.0;150.0;1.4;0.2
2023/06/08;0600 UTC;0.0;993.3;993.7;993.3;;19.2;19.1;19.8;19.2;19.7;19.1;100.0;96.0;100.0;349.0;0.5;0.1
2023/06/08;0700 UTC;0.0;992.8;993.3;992.8;;18.9;18.7;19.3;18.9;19.3;18.7;100.0;99.0;99.0;178.0;0.8;0.3
2023/06/08;0800 UTC;0.0;993.1;993.2;992.8;;19.0;19.0;19.2;18.8;19.2;18.7;100.0;98.0;100.0;152.0;0.7;0.2
2023/06/08;0900 UTC;0.0;993.7;993.7;993.0;;19.1;19.1;19.1;18.7;19.1;18.7;100.0;99.0;100.0;86.0;2.0;0.6
2023/06/08;1000 UTC;0.0;994.1;994.1;993.7;44.5;20.2;19.0;20.2;18.9;19.3;18.8;100.0;93.0;93.0;113.0;2.6;1.1
2023/06/08;1100 UTC;0.0;994.6;994.6;994.1;476.2;24.5;18.8;24.5;20.2;19.5;18.5;93.0;70.0;71.0;123.0;3.6;2.0
2023/06/08;1200 UTC;0.0;995.4;995.4;994.6;1222.9;27.6;18.2;27.7;24.5;19.1;18.2;71.0;57.0;57.0;126.0;7.0;3.0
2023/06/08;1300 UTC;0.0;995.8;995.9;995.4;1514.5;29.0;18.7;29.0;27.3;19.2;18.0;59.0;54.0;54.0;121.0;7.0;3.5
2023/06/08;1400 UTC;0.0;995.8;995.9;995.7;2113.3;30.9;18.9;30.9;28.9;19.3;17.8;55.0;47.0;49.0;116.0;8.6;3.4
2023/06/08;1500 UTC;0.0;995.0;995.8;995.0;2472.7;31.9;18.7;32.2;30.6;19.7;17.9;49.0;45.0;45.0;91.0;8.1;2.3
2023/06/08;1600 UTC;0.0;994.1;995.0;994.1;2656.0;32.5;19.3;32.5;31.4;19.3;17.8;47.0;43.0;46.0;75.0;7.7;2.9
2023/06/08;1700 UTC;0.0;993.1;994.1;993.1;2625.6;33.6;18.4;33.7;32.6;19.7;18.4;46.0;40.0;41.0;107.0;6.1;3.0
2023/06/08;1800 UTC;0.0;992.4;993.1;992.3;2207.6;33.4;18.6;34.4;33.1;19.6;17.6;43.0;39.0;41.0;83.0;5.7;1.8
2023/06/08;1900 UTC;0.0;992.2;992.4;992.2;1397.4;32.9;18.8;34.1;32.2;20.0;18.0;49.0;39.0;43.0;86.0;4.9;1.4
2023/06/08;2000 UTC;0.0;992.2;992.3;992.2;861.2;32.2;20.3;33.8;32.2;20.7;18.0;50.0;39.0;49.0;104.0;4.1;0.9
2023/06/08;2100 UTC;0.0;992.5;992.5;992.2;181.5;26.4;22.0;32.2;26.4;22.9;20.0;78.0;48.0;77.0;336.0;2.5;0.1
2023/06/08;2200 UTC;0.0;992.7;992.7;992.4;;24.6;22.7;26.4;24.6;23.2;22.0;90.0;77.0;89.0;192.0;0.7;0.3
2023/06/08;2300 UTC;0.0;993.1;993.1;992.7;;24.1;22.8;24.9;24.1;23.2;22.6;93.0;89.0;92.0;179.0;2.9;0.3
2023/06/09;0000 UTC;0.0;993.7;993.7;993.1;;22.8;21.9;24.1;22.8;22.8;21.9;96.0;92.0;95.0;30.0;1.1;0.5
2023/06/09;0100 UTC;0.0;993.9;994.0;993.7;;22.2;22.0;22.8;22.2;22.1;21.4;99.0;94.0;99.0;303.0;1.1;0.2
2023/06/09;0200 UTC;0.0;993.9;994.0;993.8;;21.4;21.2;22.2;21.4;21.9;21.2;99.0;98.0;99.0;193.0;0.6;0.3
2023/06/09;0300 UTC;0.0;993.7;993.9;993.7;;21.1;20.9;21.4;21.0;21.4;20.6;100.0;98.0;99.0;159.0;0.8;0.3
2023/06/09;0400 UTC;0.0;993.6;993.7;993.6;;20.5;20.4;21.1;20.5;20.9;20.4;100.0;98.0;99.0;258.0;0.8;0.2
2023/06/09;0500 UTC;0.0;993.1;993.6;993.1;;20.0;20.0;20.6;20.0;20.6;20.0;100.0;99.0;100.0;123.0;0.3;0.1
2023/06/09;0600 UTC;0.0;992.7;993.1;992.7;;19.7;19.7;20.1;19.7;20.1;19.6;100.0;99.0;100.0;145.0;0.5;0.3
2023/06/09;0700 UTC;0.0;992.5;992.7;992.4;;19.4;19.4;19.9;19.3;19.9;19.3;100.0;100.0;100.0;137.0;0.5;0.2
2023/06/09;0800 UTC;0.0;992.7;992.7;992.4;;19.2;19.1;19.6;19.2;19.5;19.1;100.0;99.0;99.0;203.0;0.5;0.2
2023/06/09;0900 UTC;0.0;993.1;993.1;992.7;;19.1;19.0;19.4;19.0;19.4;19.0;100.0;99.0;100.0;95.0;0.5;0.2
2023/06/09;1000 UTC;0.0;993.4;993.4;993.0;24.9;19.2;19.0;19.2;18.8;19.1;18.8;100.0;99.0;99.0;158.0;1.5;0.7
2023/06/09;1100 UTC;0.0;994.2;994.2;993.4;446.5;24.5;19.5;24.5;19.2;20.5;19.0;99.0;73.0;74.0;116.0;3.4;1.6
2023/06/09;1200 UTC;0.0;995.0;995.0;994.2;1186.4;27.2;19.8;27.2;24.5;20.0;19.4;74.0;63.0;64.0;121.0;5.2;2.1
2023/06/09;1300 UTC;0.0;995.1;995.2;995.0;1673.6;29.8;20.2;29.8;27.2;20.9;19.5;64.0;56.0;56.0;107.0;5.0;2.3
2023/06/09;1400 UTC;0.0;994.7;995.1;994.7;1839.9;30.7;20.2;31.4;29.9;20.9;19.5;57.0;52.0;54.0;92.0;5.6;2.2
2023/06/09;1500 UTC;0.0;994.1;994.7;994.1;2492.8;32.4;20.9;32.8;30.6;21.5;19.9;56.0;49.0;51.0;74.0;5.4;2.1
2023/06/09;1600 UTC;0.0;993.0;994.1;993.0;2552.1;33.5;21.0;34.0;31.9;22.0;20.2;54.0;47.0;48.0;82.0;4.8;1.8
2023/06/09;1700 UTC;0.0;992.2;993.0;992.2;2697.2;33.9;20.9;34.1;32.7;21.4;19.9;50.0;45.0;47.0;60.0;5.6;2.0
2023/06/09;1800 UTC;0.0;991.9;992.2;991.9;2237.6;33.2;19.8;34.3;33.1;21.6;19.6;49.0;43.0;46.0;117.0;4.9;2.0
2023/06/09;1900 UTC;0.0;991.6;991.9;991.6;1564.4;34.1;21.0;34.4;33.2;21.5;19.8;49.0;44.0;46.0;28.0;4.4;1.0
2023/06/09;2000 UTC;0.0;991.7;991.8;991.6;852.0;32.8;20.7;34.1;32.8;21.6;20.0;51.0;45.0;49.0;141.0;3.8;1.4
2023/06/09;2100 UTC;0.0;992.2;992.2;991.7;182.3;27.6;23.1;32.8;27.6;24.2;20.9;77.0;49.0;77.0;293.0;2.8;0.3
2023/06/09;2200 UTC;0.0;992.6;992.6;992.2;;25.6;24.1;27.6;25.6;24.4;23.1;92.0;76.0;92.0;;0.8;0.1
2023/06/09;2300 UTC;0.0;993.1;993.1;992.6;;24.7;24.0;25.6;24.7;24.3;23.9;96.0;92.0;96.0;177.0;0.6;0.2
2023/06/10;0000 UTC;0.0;993.4;993.4;993.1;;23.9;23.4;24.7;23.9;24.1;23.4;98.0;96.0;97.0;168.0;0.5;0.3
2023/06/10;0100 UTC;0.0;993.8;993.8;993.4;;23.5;23.2;24.1;23.5;23.4;22.9;99.0;94.0;99.0;150.0;1.1;0.1
2023/06/10;0200 UTC;0.0;993.8;993.8;993.7;;22.7;22.5;23.5;22.6;23.2;22.2;99.0;98.0;99.0;131.0;0.6;0.3
2023/06/10;0300 UTC;0.0;993.5;993.8;993.5;;22.1;22.0;22.7;22.1;22.6;22.0;100.0;98.0;99.0;167.0;0.7;0.3
2023/06/10;0400 UTC;0.0;993.2;993.5;993.2;;21.8;21.7;22.2;21.8;22.1;21.6;100.0;99.0;100.0;295.0;0.6;0.5
2023/06/10;0500 UTC;0.0;992.7;993.2;992.7;;21.3;21.2;21.9;21.3;21.9;21.2;100.0;99.0;100.0;202.0;0.7;0.4
2023/06/10;0600 UTC;0.0;992.2;992.7;992.2;;21.1;21.0;21.3;21.0;21.3;21.0;100.0;99.0;100.0;117.0;0.7;0.3
2023/06/10;0700 UTC;0.0;992.0;992.2;992.0;;20.7;20.6;21.1;20.5;21.0;20.5;100.0;99.0;100.0;181.0;0.5;0.3
2023/06/10;0800 UTC;0.0;992.1;992.2;992.0;;20.2;20.2;20.8;20.2;20.7;20.2;100.0;99.0;100.0;145.0;0.5;0.2
2023/06/10;0900 UTC;0.0;992.6;992.6;992.1;;20.3;20.2;20.4;20.2;20.4;20.1;100.0;99.0;100.0;212.0;0.5;0.3
2023/06/10;1000 UTC;0.0;993.1;993.1;992.6;20.4;20.3;20.3;20.3;19.9;20.3;19.8;100.0;99.0;100.0;210.0;0.6;0.3
2023/06/10;1100 UTC;0.0;993.9;993.9;993.1;438.4;24.8;21.0;24.8;20.3;21.6;20.3;100.0;79.0;79.0;146.0;2.0;1.1
2023/06/10;1200 UTC;0.0;994.4;994.4;993.9;1115.4;27.7;21.1;27.9;24.9;21.7;20.7;80.0;66.0;67.0;114.0;4.2;2.3
2023/06/10;1300 UTC;0.0;994.5;994.6;994.4;1673.9;29.6;21.0;29.9;27.7;21.5;20.2;67.0;58.0;60.0;135.0;5.3;3.0
2023/06/10;1400 UTC;0.0;994.3;994.7;994.2;2117.4;31.5;21.0;31.5;29.5;22.4;20.9;61.0;53.0;54.0;151.0;5.4;3.0
2023/06/10;1500 UTC;0.0;993.6;994.4;993.6;2533.5;32.9;20.3;33.4;31.1;21.3;19.9;55.0;46.0;48.0;133.0;5.9;3.1
2023/06/10;1600 UTC;0.0;992.5;993.6;992.5;2713.9;33.8;20.9;34.5;32.7;21.6;20.3;49.0;45.0;47.0;78.0;6.2;2.6
2023/06/10;1700 UTC;0.0;991.5;992.5;991.5;2619.3;34.4;20.8;34.7;33.2;21.7;20.5;50.0;44.0;45.0;65.0;5.3;1.6
2023/06/10;1800 UTC;0.0;990.9;991.5;990.9;2248.0;34.5;20.4;35.1;33.9;21.4;20.1;47.0;43.0;44.0;114.0;5.8;2.0
2023/06/10;1900 UTC;0.0;990.7;990.9;990.7;1423.0;34.1;21.1;34.9;33.5;21.4;19.4;48.0;42.0;47.0;73.0;4.7;1.1
2023/06/10;2000 UTC;0.0;990.9;990.9;990.7;849.5;33.4;20.9;34.4;33.4;21.9;19.7;50.0;43.0;48.0;161.0;2.7;1.5
2023/06/10;2100 UTC;0.0;991.0;991.0;990.8;202.8;28.0;24.0;33.4;28.0;24.5;20.7;80.0;48.0;79.0;162.0;2.7;0.5
2023/06/10;2200 UTC;0.0;991.4;991.5;991.0;;25.9;24.1;28.0;25.9;24.6;23.3;91.0;79.0;90.0;182.0;0.7;0.4
2023/06/10;2300 UTC;0.0;991.8;991.8;991.5;;24.9;23.8;25.9;24.9;24.3;23.7;94.0;90.0;94.0;167.0;0.7;0.3
2023/06/11;0000 UTC;0.0;992.1;992.1;991.7;;24.1;23.5;24.9;24.1;23.9;23.4;96.0;93.0;96.0;179.0;0.7;0.1
2023/06/11;0100 UTC;0.0;992.5;992.5;992.1;;23.4;22.7;24.1;23.4;23.4;22.7;97.0;95.0;96.0;182.0;0.6;0.3
2023/06/11;0200 UTC;0.0;992.7;992.8;992.5;;23.0;22.3;23.5;23.0;23.0;22.3;98.0;94.0;96.0;139.0;2.2;0.2
2023/06/11;0300 UTC;0.0;992.4;992.7;992.3;;22.6;22.1;23.1;22.6;22.5;22.0;98.0;95.0;97.0;195.0;0.9;0.4
2023/06/11;0400 UTC;0.0;992.2;992.4;992.2;;22.3;22.2;22.7;22.3;22.4;21.8;99.0;97.0;99.0;272.0;1.2;0.2
2023/06/11;0500 UTC;0.0;991.9;992.2;991.9;;21.9;21.8;22.4;21.9;22.3;21.8;100.0;99.0;100.0;302.0;0.8;0.2
2023/06/11;0600 UTC;0.0;991.7;991.9;991.7;;21.6;21.4;21.9;21.5;21.9;21.2;100.0;98.0;99.0;273.0;1.1;0.3
2023/06/11;0700 UTC;0.0;991.8;991.8;991.6;;21.1;21.1;21.6;21.0;21.6;20.9;100.0;99.0;100.0;133.0;0.8;0.3
2023/06/11;0800 UTC;0.0;992.4;992.4;991.8;;20.9;20.9;21.2;20.9;21.2;20.9;100.0;100.0;100.0;347.0;0.6;0.3
2023/06/11;0900 UTC;0.0;992.8;992.8;992.4;;20.6;20.6;21.0;20.5;21.0;20.5;100.0;100.0;100.0;164.0;0.5;0.3
2023/06/11;1000 UTC;0.0;993.4;993.4;992.8;18.7;20.6;20.5;20.6;20.4;20.6;20.3;100.0;99.0;100.0;138.0;0.7;0.4
2023/06/11;1100 UTC;0.0;994.0;994.0;993.4;392.9;25.0;21.4;25.2;20.6;21.9;20.5;100.0;80.0;80.0;128.0;1.0;0.3
2023/06/11;1200 UTC;0.0;994.2;994.2;994.0;1154.8;29.0;22.0;29.1;24.9;22.5;21.3;82.0;64.0;66.0;102.0;3.4;1.6
2023/06/11;1300 UTC;0.0;994.2;994.3;994.2;1641.6;31.5;21.8;31.5;28.9;23.1;21.1;69.0;57.0;57.0;108.0;3.9;1.8
2023/06/11;1400 UTC;0.0;993.7;994.2;993.7;2086.7;32.9;20.9;33.1;31.0;21.8;20.1;58.0;47.0;49.0;111.0;5.3;2.3
2023/06/11;1500 UTC;0.0;992.9;993.7;992.9;2531.8;33.2;20.5;33.9;32.2;21.7;20.2;51.0;46.0;47.0;110.0;5.8;2.5
2023/06/11;1600 UTC;0.0;991.9;992.9;991.9;2707.8;34.8;20.9;34.8;33.2;21.8;20.3;50.0;44.0;44.0;96.0;4.7;1.7
2023/06/11;1700 UTC;0.0;991.1;991.9;991.1;2634.5;34.3;20.4;35.4;33.9;22.2;20.1;49.0;43.0;44.0;66.0;5.1;2.3
2023/06/11;1800 UTC;0.0;990.4;991.1;990.4;2105.6;34.9;21.0;35.2;33.7;22.0;20.4;49.0;43.0;44.0;42.0;5.0;1.7
2023/06/11;1900 UTC;0.0;990.3;990.4;990.3;1737.1;35.1;20.8;35.5;34.4;21.8;20.3;47.0;42.0;43.0;105.0;3.9;1.3
2023/06/11;2000 UTC;0.0;990.5;990.6;990.3;873.5;33.4;21.9;35.2;33.4;22.7;20.6;54.0;43.0;51.0;137.0;3.6;1.0
2023/06/11;2100 UTC;0.0;990.8;990.8;990.5;170.5;27.9;24.1;33.4;27.9;24.4;21.1;80.0;49.0;80.0;;2.3;0.1
2023/06/11;2200 UTC;0.0;991.1;991.1;990.8;;25.7;24.3;28.0;25.7;24.9;23.9;93.0;79.0;92.0;23.0;1.9;0.2
2023/06/11;2300 UTC;0.0;991.6;991.6;991.1;;24.8;24.2;25.7;24.8;24.6;24.0;96.0;92.0;96.0;298.0;0.7;0.1
2023/06/12;0000 UTC;0.0;992.0;992.0;991.6;;24.0;23.5;24.8;24.0;24.2;23.5;98.0;96.0;97.0;285.0;0.3;0.2
2023/06/12;0100 UTC;0.0;992.3;992.3;992.0;;23.5;23.2;24.0;23.4;23.6;22.9;98.0;97.0;98.0;161.0;0.6;0.2
2023/06/12;0200 UTC;0.0;992.3;992.5;992.3;;22.9;22.8;23.5;22.9;23.3;22.4;99.0;96.0;99.0;290.0;0.5;0.3
2023/06/12;0300 UTC;0.0;992.0;992.3;992.0;;22.4;22.4;23.0;22.4;22.8;22.4;100.0;99.0;100.0;194.0;0.5;0.2
2023/06/12;0400 UTC;0.0;991.8;992.1;991.8;;22.0;22.0;22.4;22.0;22.4;21.8;100.0;98.0;100.0;224.0;0.6;0.1
2023/06/12;0500 UTC;0.0;991.5;991.8;991.5;;21.6;21.5;22.0;21.4;22.0;21.4;100.0;100.0;100.0;93.0;0.4;0.2
2023/06/12;0600 UTC;0.0;991.2;991.5;991.2;;21.1;21.1;21.6;21.0;21.5;20.9;100.0;100.0;100.0;179.0;0.9;0.3
2023/06/12;0700 UTC;0.0;991.2;991.2;991.1;;20.9;20.8;21.1;20.8;21.1;20.6;100.0;99.0;99.0;196.0;0.9;0.3
2023/06/12;0800 UTC;0.0;991.5;991.5;991.1;;20.7;20.7;21.0;20.5;20.9;20.4;100.0;99.0;100.0;116.0;0.5;0.1
2023/06/12;0900 UTC;0.0;992.2;992.2;991.5;;20.4;20.2;20.8;20.3;20.8;20.2;100.0;99.0;99.0;222.0;0.8;0.3
2023/06/12;1000 UTC;0.0;992.8;992.8;992.2;20.7;20.5;20.4;20.7;20.2;20.6;20.0;100.0;99.0;99.0;184.0;1.1;0.6
2023/06/12;1100 UTC;0.0;993.6;993.6;992.8;428.1;25.1;21.4;25.1;20.5;22.0;20.5;100.0;80.0;80.0;65.0;2.3;1.2
2023/06/12;1200 UTC;0.0;993.9;994.0;993.6;1146.6;29.2;21.8;29.2;25.1;21.9;20.8;81.0;64.0;64.0;38.0;2.3;0.4
2023/06/12;1300 UTC;0.0;994.1;994.2;993.9;1630.7;30.7;22.0;31.1;29.2;22.5;20.9;64.0;56.0;60.0;84.0;3.3;1.7
2023/06/12;1400 UTC;0.0;993.9;994.2;993.9;2075.0;32.4;21.0;33.0;30.7;22.1;20.7;60.0;50.0;51.0;110.0;3.7;1.7
2023/06/12;1500 UTC;0.0;993.0;993.9;993.0;2519.4;33.4;20.4;33.9;32.2;21.7;20.0;53.0;45.0;47.0;97.0;4.1;1.9
2023/06/12;1600 UTC;0.0;992.0;993.0;992.0;2544.6;34.2;21.3;34.9;33.1;21.3;19.7;49.0;42.0;47.0;79.0;4.5;1.7
2023/06/12;1700 UTC;0.0;991.1;991.9;991.1;2007.7;33.9;20.1;34.3;32.8;21.6;19.3;51.0;43.0;45.0;83.0;4.3;1.6
2023/06/12;1800 UTC;0.0;990.8;991.1;990.7;1885.1;33.3;21.2;34.9;33.3;21.2;18.8;49.0;40.0;49.0;23.0;3.5;1.0
2023/06/12;1900 UTC;0.0;990.5;990.8;990.5;1474.6;34.2;20.0;34.5;32.8;21.9;19.2;53.0;41.0;43.0;66.0;2.8;0.8
2023/06/12;2000 UTC;0.0;990.7;990.8;990.5;820.3;33.1;22.2;34.5;33.1;22.8;19.3;55.0;41.0;53.0;32.0;2.3;0.6
2023/06/12;2100 UTC;0.0;990.9;990.9;990.7;187.1;27.8;24.5;33.0;27.8;24.6;22.2;82.0;53.0;82.0;167.0;0.9;0.5
2023/06/12;2200 UTC;0.0;991.2;991.2;990.9;;25.3;24.2;27.8;25.3;24.6;23.5;94.0;81.0;94.0;324.0;0.8;0.4
2023/06/12;2300 UTC;0.0;991.5;991.5;991.2;;24.4;23.7;25.3;24.3;24.4;23.4;97.0;94.0;96.0;73.0;0.6;0.1
2023/06/13;0000 UTC;0.0;991.8;991.8;991.5;;23.7;23.2;24.4;23.7;23.8;23.1;97.0;96.0;97.0;167.0;0.5;0.3
2023/06/13;0100 UTC;0.0;992.3;992.3;991.8;;23.0;22.7;23.7;23.0;23.2;22.5;98.0;96.0;98.0;147.0;0.9;0.5
2023/06/13;0200 UTC;0.0;992.4;992.4;992.3;;22.5;22.2;23.1;22.4;22.8;22.2;100.0;96.0;99.0;188.0;0.6;0.4
2023/06/13;0300 UTC;0.0;992.2;992.4;992.2;;22.3;21.9;22.5;22.1;22.2;21.7;99.0;97.0;98.0;215.0;0.7;0.4
2023/06/13;0400 UTC;0.0;992.0;992.2;992.0;;21.8;21.7;22.3;21.8;22.2;21.7;100.0;98.0;99.0;188.0;0.7;0.4
2023/06/13;0500 UTC;0.0;991.8;992.0;991.8;;21.6;21.6;21.8;21.5;21.7;21.2;100.0;98.0;100.0;201.0;0.7;0.2
2023/06/13;0600 UTC;0.0;991.8;991.9;991.8;;21.3;21.3;21.6;21.2;21.6;21.1;100.0;99.0;100.0;42.0;0.9;0.5
2023/06/13;0700 UTC;0.0;992.0;992.0;991.8;;21.0;21.0;21.3;20.8;21.3;20.7;100.0;99.0;100.0;139.0;0.7;0.4
2023/06/13;0800 UTC;0.0;992.2;992.2;992.0;;21.0;20.9;21.1;20.8;21.1;20.7;100.0;100.0;100.0;27.0;0.7;0.4
2023/06/13;0900 UTC;0.0;992.7;992.7;992.2;;21.1;21.0;21.1;20.9;21.1;20.8;100.0;100.0;100.0;302.0;1.0;0.3
2023/06/13;1000 UTC;0.0;993.2;993.2;992.7;22.1;21.5;21.4;21.5;21.0;21.4;20.9;100.0;99.0;99.0;134.0;0.7;0.4
2023/06/13;1100 UTC;0.0;993.7;993.7;993.2;251.6;24.0;22.4;24.0;21.5;22.7;21.5;100.0;91.0;91.0;147.0;1.3;0.6
2023/06/13;1200 UTC;0.0;994.6;994.7;993.7;1081.3;28.0;22.8;28.0;24.0;23.1;22.0;92.0;73.0;74.0;59.0;4.1;1.3
2023/06/13;1300 UTC;0.0;994.6;994.7;994.5;1556.2;30.5;21.4;30.6;28.0;22.7;20.8;74.0;56.0;58.0;92.0;3.9;2.1
2023/06/13;1400 UTC;0.0;994.2;994.6;994.2;2063.5;32.6;21.1;32.6;30.5;22.1;20.7;59.0;51.0;51.0;39.0;5.1;2.0
2023/06/13;1500 UTC;0.0;993.4;994.2;993.4;2514.1;33.2;20.5;33.8;32.4;21.7;20.2;52.0;46.0;47.0;11.0;5.7;1.7
2023/06/13;1600 UTC;0.0;992.4;993.4;992.4;1567.4;33.4;21.1;33.8;31.6;21.9;20.4;54.0;47.0;48.0;56.0;5.2;2.0
2023/06/13;1700 UTC;0.0;991.6;992.4;991.6;2211.2;34.0;20.1;34.3;32.6;21.8;19.7;51.0;44.0;44.0;25.0;5.2;0.9
2023/06/13;1800 UTC;0.0;990.9;991.6;990.9;902.6;32.3;22.1;34.0;32.0;22.7;20.3;58.0;44.0;55.0;54.0;3.1;0.6
2023/06/13;1900 UTC;0.0;990.5;990.9;990.5;602.1;30.9;24.9;33.3;29.0;25.4;20.7;79.0;48.0;71.0;145.0;1.5;0.2
2023/06/13;2000 UTC;0.0;990.4;990.5;990.3;838.8;32.7;23.8;34.3;30.9;24.7;20.3;70.0;46.0;60.0;350.0;1.0;0.4
2023/06/13;2100 UTC;0.0;990.7;990.7;990.4;184.8;27.2;24.0;33.6;27.2;24.9;22.0;84.0;51.0;83.0;148.0;1.2;0.4
2023/06/13;2200 UTC;0.0;991.0;991.0;990.7;;25.3;24.2;27.2;25.3;24.5;23.9;94.0;82.0;94.0;214.0;0.8;0.1
2023/06/13;2300 UTC;0.0;991.3;991.3;991.0;;24.6;24.1;25.3;24.6;24.3;23.9;97.0;94.0;97.0;218.0;1.0;0.1
2023/06/14;0000 UTC;0.0;991.9;991.9;991.3;;23.9;23.5;24.6;23.9;24.2;23.5;99.0;97.0;97.0;167.0;0.5;0.3
2023/06/14;0100 UTC;0.0;992.4;992.4;991.9;;23.4;23.2;24.0;23.4;23.6;23.2;99.0;97.0;99.0;202.0;0.5;0.2
2023/06/14;0200 UTC;0.0;992.3;992.4;992.3;;22.8;22.7;23.3;22.8;23.3;22.6;100.0;98.0;99.0;218.0;0.5;0.1
2023/06/14;0300 UTC;0.0;992.1;992.4;992.1;;22.4;22.1;22.8;22.3;22.7;22.1;100.0;98.0;99.0;201.0;0.8;0.3
2023/06/14;0400 UTC;0.0;992.0;992.1;992.0;;21.9;21.8;22.4;21.9;22.2;21.6;99.0;98.0;99.0;177.0;0.7;0.4
2023/06/14;0500 UTC;0.0;991.8;992.0;991.8;;21.7;21.7;21.9;21.6;21.9;21.4;100.0;98.0;100.0;189.0;0.5;0.1
2023/06/14;0600 UTC;0.0;991.5;991.8;991.5;;21.3;21.2;21.8;21.3;21.7;21.2;100.0;99.0;100.0;152.0;0.8;0.4
2023/06/14;0700 UTC;0.0;991.2;991.5;991.2;;21.0;20.8;21.3;20.9;21.3;20.7;100.0;99.0;99.0;249.0;1.2;0.3
2023/06/14;0800 UTC;0.0;991.5;991.5;991.2;;20.8;20.7;21.1;20.7;21.1;20.7;100.0;99.0;100.0;;0.7;0.1
2023/06/14;0900 UTC;0.0;992.0;992.0;991.5;;20.2;20.2;20.8;20.1;20.8;20.1;100.0;100.0;100.0;155.0;0.4;0.2
2023/06/14;1000 UTC;0.0;992.7;992.7;992.0;21.0;20.4;20.4;20.5;20.0;20.5;20.0;100.0;100.0;100.0;299.0;1.0;0.3
2023/06/14;1100 UTC;0.0;993.4;993.4;992.7;435.0;24.2;22.1;24.2;20.4;22.3;20.5;100.0;87.0;88.0;237.0;1.5;0.7
2023/06/14;1200 UTC;0.0;994.0;994.0;993.4;1144.1;26.6;22.6;26.7;24.2;23.0;21.7;88.0;78.0;78.0;216.0;3.8;1.7
2023/06/14;1300 UTC;0.0;994.0;994.0;993.9;1632.4;29.0;22.0;29.0;26.2;22.7;21.7;78.0;66.0;66.0;189.0;5.0;2.4
2023/06/14;1400 UTC;0.0;993.7;994.0;993.7;2084.8;30.8;20.5;30.8;28.7;22.2;20.1;67.0;54.0;54.0;148.0;5.4;2.9
2023/06/14;1500 UTC;0.0;993.4;993.7;993.4;2227.4;31.9;20.9;32.3;30.8;21.5;19.8;56.0;50.0;52.0;138.0;5.4;2.7
2023/06/14;1600 UTC;0.0;992.2;993.4;992.2;2671.1;32.9;19.2;33.4;31.5;21.5;19.1;53.0;44.0;44.0;151.0;6.0;2.2
2023/06/14;1700 UTC;0.0;991.1;992.2;991.1;2562.8;33.4;19.1;33.9;32.7;19.9;19.0;46.0;42.0;43.0;248.0;4.5;1.2
2023/06/14;1800 UTC;0.0;990.5;991.1;990.5;1888.0;33.2;20.5;34.4;32.3;21.7;18.8;52.0;41.0;48.0;37.0;3.3;0.8
2023/06/14;1900 UTC;0.0;990.1;990.5;990.1;1264.6;33.7;19.7;34.4;32.5;21.7;18.9;53.0;41.0;44.0;21.0;1.9;0.6
2023/06/14;2000 UTC;0.0;990.2;990.2;990.0;817.0;32.3;22.7;34.2;32.3;23.3;19.1;58.0;42.0;57.0;52.0;1.9;0.6
2023/06/14;2100 UTC;0.0;990.5;990.6;990.2;193.3;27.0;22.9;32.4;27.0;23.8;21.4;78.0;53.0;78.0;226.0;1.2;0.4
2023/06/14;2200 UTC;0.0;991.2;991.2;990.5;;25.6;23.5;27.0;25.6;24.0;22.5;89.0;77.0;88.0;172.0;1.2;0.4
2023/06/14;2300 UTC;0.0;992.1;992.1;991.2;;24.6;23.6;25.6;24.6;24.1;23.4;94.0;88.0;94.0;314.0;0.9;0.3
2023/06/15;0000 UTC;0.0;992.7;992.7;992.1;;23.9;23.2;24.6;23.9;23.6;23.1;96.0;94.0;96.0;202.0;0.6;0.1
2023/06/15;0100 UTC;0.0;993.0;993.0;992.7;;23.0;22.4;23.9;23.0;23.5;22.4;99.0;96.0;96.0;145.0;0.6;0.4
2023/06/15;0200 UTC;0.0;993.3;993.3;993.0;;22.8;22.5;23.1;22.8;22.7;22.3;99.0;96.0;98.0;209.0;0.7;0.3
2023/06/15;0300 UTC;0.0;993.2;993.3;993.2;;22.2;21.9;22.8;22.1;22.5;21.8;99.0;97.0;98.0;200.0;0.8;0.3
2023/06/15;0400 UTC;0.0;993.1;993.4;993.1;;22.1;21.8;22.3;21.8;21.9;21.3;99.0;97.0;98.0;234.0;1.0;0.4
2023/06/15;0500 UTC;0.0;992.5;993.1;992.5;;21.6;21.4;22.1;21.6;21.8;21.4;99.0;98.0;99.0;192.0;0.9;0.3
2023/06/15;0600 UTC;0.0;992.1;992.5;992.1;;21.3;21.0;21.6;21.2;21.4;20.9;99.0;98.0;98.0;204.0;1.0;0.4
2023/06/15;0700 UTC;0.0;992.3;992.3;992.1;;21.5;21.3;21.5;21.1;21.4;21.0;100.0;98.0;99.0;216.0;1.4;0.4
2023/06/15;0800 UTC;0.0;992.7;992.7;992.3;;22.5;21.8;22.5;21.5;21.9;21.2;99.0;96.0;96.0;230.0;2.4;0.8
2023/06/15;0900 UTC;0.0;993.1;993.2;992.6;;21.8;21.1;22.5;21.8;21.8;21.1;97.0;95.0;96.0;226.0;2.6;0.7
2023/06/15;1000 UTC;0.0;993.9;993.9;993.1;19.2;20.9;20.8;21.8;20.8;21.3;20.8;100.0;96.0;100.0;202.0;1.9;0.2
2023/06/15;1100 UTC;0.0;994.4;994.4;993.8;414.8;23.5;21.9;23.5;20.8;21.9;20.8;100.0;90.0;90.0;197.0;2.7;1.2
2023/06/15;1200 UTC;0.0;995.0;995.0;994.4;1124.2;24.9;21.5;24.9;23.5;22.0;21.2;90.0;81.0;81.0;190.0;5.5;3.2
2023/06/15;1300 UTC;0.0;994.9;995.1;994.9;1618.6;26.6;21.4;27.5;24.9;22.2;21.2;82.0;71.0;73.0;189.0;5.3;2.6
2023/06/15;1400 UTC;0.0;994.4;994.9;994.4;2062.9;29.2;22.2;29.4;26.6;22.4;21.6;74.0;65.0;66.0;219.0;5.4;2.0
2023/06/15;1500 UTC;0.0;993.7;994.4;993.7;2434.7;30.9;22.7;30.9;28.4;22.7;21.6;68.0;61.0;61.0;203.0;5.2;2.2
2023/06/15;1600 UTC;0.0;992.8;993.7;992.8;2238.8;31.9;21.8;31.9;29.6;22.7;21.2;64.0;55.0;55.0;162.0;5.9;2.1
2023/06/15;1700 UTC;0.0;991.4;992.8;991.4;2551.6;32.1;22.1;32.2;31.0;22.5;21.2;59.0;54.0;55.0;167.0;5.8;2.5
2023/06/15;1800 UTC;0.0;990.6;991.4;990.6;2145.5;33.0;21.4;33.4;31.5;22.3;20.7;56.0;50.0;51.0;201.0;5.0;1.4
2023/06/15;1900 UTC;0.0;990.4;990.6;990.4;1478.0;32.3;20.8;33.3;32.3;21.7;20.2;52.0;48.0;51.0;206.0;5.1;2.1
2023/06/15;2000 UTC;0.0;990.7;990.7;990.4;822.0;32.7;22.1;33.1;31.8;22.1;20.8;55.0;50.0;54.0;220.0;4.4;0.9
2023/06/15;2100 UTC;0.0;991.1;991.1;990.7;193.8;29.4;22.3;32.8;29.4;22.3;21.7;66.0;53.0;66.0;229.0;3.0;0.5
2023/06/15;2200 UTC;0.0;991.5;991.5;991.1;;25.4;23.8;29.4;25.4;24.0;22.4;91.0;66.0;91.0;179.0;1.3;0.4
2023/06/15;2300 UTC;0.0;992.3;992.3;991.5;;24.1;23.2;25.4;24.1;23.9;23.2;95.0;91.0;95.0;195.0;0.5;0.2
2023/06/16;0000 UTC;0.0;993.2;993.2;992.3;;23.4;23.0;24.1;23.4;23.3;22.7;98.0;95.0;97.0;251.0;0.6;0.1
2023/06/16;0100 UTC;0.0;993.8;993.8;993.2;;22.8;22.5;23.4;22.8;23.0;22.4;99.0;96.0;98.0;179.0;0.6;0.3
2023/06/16;0200 UTC;0.0;994.0;994.0;993.8;;24.3;21.6;24.7;22.8;22.5;21.6;98.0;84.0;85.0;193.0;2.8;1.3
2023/06/16;0300 UTC;0.0;993.9;994.1;993.8;;24.0;21.5;24.6;24.0;21.8;21.5;86.0;84.0;86.0;198.0;3.9;1.2
2023/06/16;0400 UTC;0.0;993.5;993.9;993.5;;23.2;21.3;24.0;23.1;21.5;21.2;89.0;86.0;89.0;202.0;2.9;1.0
2023/06/16;0500 UTC;0.0;993.0;993.5;993.0;;22.5;20.8;23.2;22.5;21.3;20.8;92.0;89.0;90.0;202.0;2.3;0.9
2023/06/16;0600 UTC;0.0;992.7;993.0;992.7;;21.4;20.6;22.5;21.4;20.8;20.5;95.0;90.0;95.0;178.0;1.9;0.9
2023/06/16;0700 UTC;0.0;992.6;992.7;992.5;;20.8;20.4;21.6;20.7;20.7;20.2;97.0;94.0;97.0;244.0;1.8;0.4
2023/06/16;0800 UTC;0.0;992.8;992.8;992.6;;19.9;19.8;20.8;19.9;20.3;19.7;100.0;97.0;99.0;197.0;0.9;0.3
2023/06/16;0900 UTC;0.0;993.3;993.3;992.8;;19.8;19.8;20.0;19.5;19.9;19.4;100.0;99.0;100.0;137.0;0.8;0.3
2023/06/16;1000 UTC;0.0;994.0;994.0;993.3;20.7;19.5;19.5;19.8;19.4;19.8;19.4;100.0;100.0;100.0;235.0;0.9;0.3
2023/06/16;1100 UTC;0.0;994.6;994.6;994.0;409.0;22.3;20.8;22.4;19.5;21.0;19.5;100.0;90.0;91.0;188.0;2.2;1.1
2023/06/16;1200 UTC;0.0;995.1;995.1;994.6;1110.9;25.5;21.5;25.6;22.3;21.8;20.9;92.0;79.0;79.0;160.0;3.0;1.2
2023/06/16;1300 UTC;0.0;994.9;995.2;994.9;1601.7;27.8;21.4;28.3;25.5;21.8;21.1;79.0;66.0;68.0;155.0;4.2;2.1
2023/06/16;1400 UTC;0.0;994.7;994.9;994.7;2026.6;30.2;21.7;30.8;27.8;22.7;21.5;69.0;59.0;60.0;173.0;3.9;1.8
2023/06/16;1500 UTC;0.0;994.2;994.7;994.2;2455.2;32.1;20.7;32.3;29.9;22.1;20.6;62.0;51.0;51.0;130.0;4.7;2.4
2023/06/16;1600 UTC;0.0;993.0;994.2;993.0;2662.7;32.9;19.6;33.3;31.5;21.6;19.4;54.0;46.0;46.0;125.0;4.9;2.9
2023/06/16;1700 UTC;0.0;991.8;993.0;991.8;2571.9;33.3;19.9;34.4;32.7;21.0;18.6;49.0;41.0;45.0;169.0;5.0;1.8
2023/06/16;1800 UTC;0.0;991.2;991.8;991.2;2195.9;33.7;19.0;34.8;32.8;20.3;18.7;46.0;40.0;42.0;175.0;4.5;1.7
2023/06/16;1900 UTC;0.0;991.0;991.2;991.0;1242.2;33.4;20.5;34.3;32.5;20.5;19.0;49.0;41.0;47.0;179.0;4.2;1.5
2023/06/16;2000 UTC;0.0;991.1;991.1;991.0;845.9;32.4;21.3;33.9;32.4;21.3;19.5;52.0;44.0;52.0;190.0;3.5;2.0
2023/06/16;2100 UTC;0.0;991.5;991.5;991.1;198.2;28.2;24.0;32.4;28.2;24.0;21.3;78.0;52.0;78.0;172.0;3.5;0.5
2023/06/16;2200 UTC;0.0;991.8;991.8;991.5;;25.5;23.6;28.2;25.5;24.1;23.4;89.0;78.0;89.0;53.0;0.7;0.1
2023/06/16;2300 UTC;0.0;992.6;992.6;991.8;;24.4;23.1;25.5;24.4;23.9;23.1;94.0;89.0;92.0;268.0;0.5;0.2
2023/06/17;0000 UTC;0.0;993.2;993.2;992.6;;23.6;22.8;24.4;23.6;23.4;22.7;96.0;92.0;96.0;206.0;0.5;0.2
2023/06/17;0100 UTC;0.0;993.6;993.6;993.2;;23.1;22.2;23.6;23.1;22.9;22.1;96.0;94.0;94.0;177.0;0.5;0.3
2023/06/17;0200 UTC;0.0;993.6;993.7;993.6;;22.8;22.1;23.1;22.8;22.2;22.0;95.0;94.0;95.0;223.0;0.6;0.2
2023/06/17;0300 UTC;0.0;993.7;993.7;993.6;;22.3;22.1;22.8;22.2;22.4;21.7;98.0;95.0;98.0;275.0;0.5;0.2
2023/06/17;0400 UTC;0.0;993.8;993.8;993.7;;21.9;21.3;22.4;21.8;22.1;21.2;98.0;96.0;97.0;177.0;0.8;0.5
2023/06/17;0500 UTC;0.0;993.4;993.8;993.4;;21.6;21.0;22.1;21.6;21.5;21.0;98.0;96.0;96.0;238.0;1.1;0.2
2023/06/17;0600 UTC;0.0;992.8;993.4;992.8;;21.4;21.0;21.7;21.3;21.1;20.7;98.0;96.0;98.0;167.0;1.5;0.8
2023/06/17;0700 UTC;0.0;992.7;992.8;992.6;;21.4;20.6;21.7;21.3;21.0;20.4;98.0;94.0;95.0;206.0;1.5;0.5
2023/06/17;0800 UTC;0.0;993.0;993.0;992.7;;21.0;20.3;21.7;21.0;20.6;20.1;96.0;92.0;96.0;192.0;2.0;0.9
2023/06/17;0900 UTC;0.0;993.6;993.6;993.0;;20.8;20.2;21.2;20.6;20.4;20.1;97.0;94.0;96.0;205.0;2.0;0.4
2023/06/17;1000 UTC;0.0;994.2;994.2;993.6;23.1;20.8;20.3;20.8;20.3;20.3;19.9;98.0;95.0;97.0;185.0;1.2;0.7
2023/06/17;1100 UTC;0.0;994.8;994.8;994.2;450.0;23.9;20.6;23.9;20.8;20.7;20.2;97.0;81.0;82.0;195.0;4.0;2.2
2023/06/17;1200 UTC;0.0;995.4;995.4;994.8;1143.0;27.0;21.3;27.0;23.9;21.3;20.5;82.0;71.0;71.0;189.0;4.6;2.6
2023/06/17;1300 UTC;0.0;995.4;995.5;995.4;1605.5;29.2;20.8;29.4;27.0;21.3;20.3;71.0;60.0;61.0;174.0;5.6;2.9
2023/06/17;1400 UTC;0.0;995.1;995.5;995.1;2008.7;31.3;20.5;31.4;29.1;21.6;20.1;62.0;53.0;53.0;151.0;6.0;3.6
2023/06/17;1500 UTC;0.0;994.3;995.1;994.3;2454.9;33.0;20.6;33.1;31.1;21.2;20.2;53.0;48.0;48.0;169.0;6.3;3.0
2023/06/17;1600 UTC;0.0;993.2;994.3;993.2;2624.6;33.4;19.8;33.7;32.4;21.2;19.5;50.0;44.0;45.0;179.0;6.4;2.9
2023/06/17;1700 UTC;0.0;992.3;993.2;992.2;2530.6;33.8;19.9;34.6;33.0;20.3;18.9;46.0;42.0;44.0;150.0;7.3;3.4
2023/06/17;1800 UTC;0.0;991.6;992.3;991.6;2140.6;33.7;19.4;34.5;33.4;20.2;19.1;45.0;42.0;43.0;178.0;6.2;3.1
2023/06/17;1900 UTC;0.0;991.3;991.6;991.3;1495.5;34.0;20.4;34.1;33.2;20.4;19.3;46.0;43.0;45.0;169.0;5.8;2.4
2023/06/17;2000 UTC;0.0;991.4;991.4;991.3;857.8;32.9;20.9;34.2;32.8;21.2;20.0;50.0;44.0;49.0;187.0;4.5;1.8
2023/06/17;2100 UTC;0.0;991.8;991.8;991.4;201.5;28.2;23.4;32.9;28.2;23.5;20.8;75.0;49.0;75.0;155.0;3.1;0.4
2023/06/17;2200 UTC;0.0;992.3;992.3;991.8;;25.5;23.6;28.2;25.5;24.1;23.2;90.0;75.0;89.0;173.0;0.7;0.3
2023/06/17;2300 UTC;0.0;993.0;993.0;992.3;;25.1;23.2;25.5;24.9;23.9;22.9;94.0;87.0;89.0;242.0;1.1;0.6
2023/06/18;0000 UTC;0.0;993.7;993.7;993.0;;23.9;22.9;25.1;23.9;23.7;22.9;95.0;89.0;94.0;182.0;1.1;0.3
2023/06/18;0100 UTC;0.0;994.1;994.1;993.7;;23.3;22.4;23.9;23.3;23.0;22.4;97.0;94.0;95.0;244.0;0.7;0.3
2023/06/18;0200 UTC;0.0;994.1;994.2;994.1;;23.3;21.6;23.4;23.0;22.5;21.6;95.0;90.0;90.0;197.0;1.9;0.6
2023/06/18;0300 UTC;0.0;993.9;994.1;993.9;;23.7;20.9;23.7;23.0;21.5;20.9;90.0;84.0;84.0;191.0;2.2;0.8
2023/06/18;0400 UTC;0.0;993.6;993.9;993.6;;22.8;20.6;24.0;22.8;20.8;20.5;87.0;82.0;87.0;195.0;2.3;0.8
2023/06/18;0500 UTC;0.0;993.0;993.6;993.0;;23.4;20.4;23.4;22.8;20.8;20.4;88.0;83.0;83.0;209.0;2.8;1.1
2023/06/18;0600 UTC;0.0;992.4;993.0;992.4;;22.0;20.0;23.4;22.0;20.4;19.9;88.0;83.0;88.0;184.0;2.4;0.7
2023/06/18;0700 UTC;0.0;992.3;992.4;992.2;;21.9;19.8;22.3;21.9;20.1;19.7;88.0;86.0;87.0;216.0;2.3;0.5
2023/06/18;0800 UTC;0.0;992.4;992.4;992.3;;21.3;19.6;21.9;21.3;19.8;19.6;91.0;87.0;90.0;212.0;1.7;0.5
2023/06/18;0900 UTC;0.0;992.7;992.7;992.4;;20.9;19.4;21.5;20.9;19.6;19.3;92.0;89.0;92.0;208.0;2.0;0.3
2023/06/18;1000 UTC;0.0;993.8;993.8;992.7;16.1;20.8;19.7;20.9;20.3;19.7;19.3;95.0;91.0;93.0;163.0;3.8;0.6
2023/06/18;1100 UTC;0.0;994.5;994.5;993.8;405.0;23.4;20.5;23.4;20.8;20.5;19.6;93.0;84.0;84.0;163.0;3.7;1.8
2023/06/18;1200 UTC;0.0;994.9;995.0;994.5;1130.8;26.4;21.2;26.4;23.3;21.2;20.3;84.0;73.0;73.0;154.0;4.5;2.7
2023/06/18;1300 UTC;0.0;994.9;995.0;994.9;1622.8;29.1;20.6;29.4;26.3;21.6;20.6;73.0;60.0;60.0;142.0;5.9;3.2
2023/06/18;1400 UTC;0.0;994.7;994.9;994.7;2053.7;30.6;20.1;31.3;29.2;21.1;20.1;61.0;52.0;54.0;151.0;6.6;3.2
2023/06/18;1500 UTC;0.0;994.1;994.7;994.1;2561.6;32.3;20.1;33.4;30.6;21.2;19.7;55.0;45.0;49.0;146.0;6.4;3.1
2023/06/18;1600 UTC;0.0;993.2;994.1;993.2;2653.9;33.1;19.8;33.7;32.1;20.7;19.4;49.0;45.0;46.0;156.0;6.7;3.0
2023/06/18;1700 UTC;0.0;992.1;993.2;992.1;2540.1;33.2;19.6;34.2;32.9;20.4;19.6;47.0;43.0;45.0;170.0;5.6;2.4
2023/06/18;1800 UTC;0.0;991.6;992.1;991.5;1850.9;32.8;20.1;34.8;32.7;20.6;19.6;48.0;43.0;47.0;155.0;5.9;2.6
2023/06/18;1900 UTC;0.0;991.4;991.6;991.4;1223.5;33.7;19.6;33.9;32.2;21.8;19.4;53.0;43.0;44.0;155.0;5.2;1.9
2023/06/18;2000 UTC;0.0;991.5;991.5;991.3;906.4;32.3;20.3;34.2;32.3;20.8;19.0;50.0;42.0;49.0;169.0;3.8;1.9
2023/06/18;2100 UTC;0.0;992.1;992.1;991.5;142.4;27.7;23.0;32.3;27.7;23.2;20.2;76.0;49.0;76.0;165.0;3.3;0.3
2023/06/18;2200 UTC;0.0;992.4;992.4;992.1;;25.2;23.0;27.7;25.2;23.6;22.6;89.0;76.0;88.0;292.0;0.8;0.2
2023/06/18;2300 UTC;0.0;992.9;992.9;992.4;;24.2;22.8;25.2;24.1;23.4;22.7;94.0;87.0;92.0;164.0;0.9;0.5
2023/06/19;0000 UTC;0.0;993.6;993.6;992.9;;23.2;22.7;24.2;23.2;23.2;22.6;97.0;92.0;97.0;141.0;0.9;0.2
2023/06/19;0100 UTC;0.0;994.1;994.1;993.6;;22.5;21.9;23.2;22.5;22.8;21.9;99.0;95.0;96.0;240.0;0.9;0.4
2023/06/19;0200 UTC;0.0;994.2;994.2;994.1;;22.1;21.7;22.6;22.1;22.3;21.7;99.0;96.0;98.0;190.0;0.8;0.4
2023/06/19;0300 UTC;0.0;994.0;994.2;994.0;;21.7;21.3;22.1;21.7;21.8;21.3;98.0;97.0;98.0;224.0;0.7;0.4
2023/06/19;0400 UTC;0.0;993.8;994.0;993.7;;21.6;21.0;21.7;21.5;21.3;20.8;98.0;95.0;96.0;233.0;1.3;0.3
2023/06/19;0500 UTC;0.0;993.3;993.8;993.3;;22.0;21.0;22.0;21.5;21.2;20.7;97.0;94.0;94.0;196.0;1.7;0.8
2023/06/19;0600 UTC;0.0;992.7;993.3;992.7;;21.7;20.6;22.2;21.7;21.0;20.6;94.0;92.0;93.0;235.0;1.7;0.5
2023/06/19;0700 UTC;0.0;992.4;992.7;992.4;;21.2;20.4;21.7;21.1;20.6;20.3;95.0;93.0;95.0;216.0;1.7;0.4
2023/06/19;0800 UTC;0.0;993.0;993.0;992.4;;20.7;20.0;21.2;20.7;20.4;19.9;96.0;94.0;96.0;191.0;1.5;0.5
2023/06/19;0900 UTC;0.0;993.5;993.5;993.0;;20.1;19.4;20.7;20.1;20.0;19.4;96.0;95.0;95.0;181.0;1.4;0.6
2023/06/19;1000 UTC;0.0;994.1;994.1;993.5;18.2;20.0;19.7;20.4;19.9;19.7;18.9;98.0;91.0;98.0;69.0;1.6;0.4
2023/06/19;1100 UTC;0.0;994.6;994.6;994.0;407.4;23.4;19.7;23.4;20.0;20.0;19.3;99.0;80.0;80.0;162.0;3.7;1.7
2023/06/19;1200 UTC;0.0;995.1;995.1;994.6;1126.2;26.4;21.0;26.4;23.3;21.0;19.8;81.0;72.0;72.0;149.0;4.1;2.3
2023/06/19;1300 UTC;0.0;995.2;995.2;995.0;1616.1;29.2;21.3;29.3;26.4;21.7;20.8;72.0;61.0;63.0;154.0;4.4;2.6
2023/06/19;1400 UTC;0.0;995.2;995.4;995.1;2044.1;31.7;20.1;32.1;29.1;21.7;19.3;63.0;48.0;50.0;123.0;7.3;2.6
2023/06/19;1500 UTC;0.0;994.3;995.2;994.3;2494.0;32.7;19.0;32.9;31.6;20.6;18.8;51.0;44.0;44.0;123.0;7.1;3.0
2023/06/19;1600 UTC;0.0;993.6;994.3;993.6;2654.2;33.7;18.5;34.6;32.5;19.9;18.3;46.0;39.0;41.0;105.0;7.5;2.2
2023/06/19;1700 UTC;0.0;992.5;993.6;992.5;2530.8;34.0;18.4;34.9;33.4;19.0;18.0;42.0;38.0;40.0;112.0;7.8;3.1
2023/06/19;1800 UTC;0.0;991.8;992.5;991.8;2126.6;34.3;19.0;35.1;33.9;19.5;17.8;43.0;37.0;41.0;126.0;6.3;3.2
2023/06/19;1900 UTC;0.0;991.9;991.9;991.8;1546.3;34.3;18.3;35.0;34.1;19.4;17.9;41.0;37.0;39.0;108.0;5.8;2.0
2023/06/19;2000 UTC;0.0;992.1;992.1;991.8;795.1;33.7;19.6;34.4;33.1;20.8;18.0;47.0;38.0;43.0;153.0;3.5;1.4
2023/06/19;2100 UTC;0.0;992.4;992.4;992.1;206.8;27.7;23.0;33.7;27.7;23.1;19.8;76.0;43.0;76.0;133.0;2.2;0.4
2023/06/19;2200 UTC;0.0;992.7;992.7;992.4;;25.1;23.2;27.7;25.1;23.6;22.1;90.0;75.0;89.0;187.0;0.6;0.3
2023/06/19;2300 UTC;0.0;993.3;993.3;992.7;;24.1;22.7;25.1;24.1;23.4;22.7;93.0;88.0;92.0;161.0;1.2;0.4
2023/06/20;0000 UTC;0.0;994.0;994.0;993.3;;23.1;22.4;24.1;23.1;22.9;22.2;96.0;92.0;96.0;169.0;0.7;0.3
2023/06/20;0100 UTC;0.0;994.4;994.4;994.0;;22.5;22.2;23.1;22.4;22.4;21.7;98.0;95.0;98.0;296.0;0.6;0.2
2023/06/20;0200 UTC;0.0;994.5;994.5;994.4;;21.9;21.9;22.5;21.9;22.2;21.4;100.0;95.0;99.0;147.0;1.3;0.1
2023/06/20;0300 UTC;0.0;994.3;994.5;994.3;;21.4;21.1;21.9;21.4;21.8;21.0;100.0;97.0;98.0;175.0;0.8;0.6
2023/06/20;0400 UTC;0.0;993.9;994.3;993.9;;20.9;20.6;21.4;20.8;21.1;20.4;99.0;98.0;98.0;218.0;0.8;0.3
2023/06/20;0500 UTC;0.0;993.5;993.9;993.5;;20.3;20.2;21.0;20.2;21.0;20.1;100.0;98.0;99.0;193.0;0.7;0.4
2023/06/20;0600 UTC;0.0;993.1;993.5;993.1;;20.0;19.9;20.3;19.9;20.2;19.7;100.0;98.0;99.0;200.0;0.9;0.5
2023/06/20;0700 UTC;0.0;993.1;993.1;993.0;;19.6;19.6;20.1;19.5;20.1;19.4;100.0;99.0;100.0;134.0;0.9;0.3
2023/06/20;0800 UTC;0.0;993.3;993.4;993.0;;19.3;19.2;19.6;19.2;19.6;19.1;100.0;99.0;100.0;150.0;1.4;0.5
2023/06/20;0900 UTC;0.0;993.4;993.4;993.3;;18.9;18.8;19.6;18.9;19.5;18.8;100.0;99.0;100.0;123.0;1.3;0.5
2023/06/20;1000 UTC;0.0;993.9;993.9;993.4;32.4;19.1;19.1;19.2;18.6;19.1;18.5;100.0;99.0;100.0;119.0;0.7;0.1
2023/06/20;1100 UTC;0.0;994.8;994.8;993.9;527.2;24.4;19.6;24.5;19.1;20.8;19.2;100.0;74.0;75.0;149.0;2.4;1.3
2023/06/20;1200 UTC;0.0;995.5;995.5;994.8;852.7;26.7;18.7;26.7;24.4;20.1;18.6;76.0;62.0;62.0;122.0;5.7;2.7
2023/06/20;1300 UTC;0.0;995.6;995.8;995.4;1658.3;28.9;18.6;29.3;26.5;19.0;18.1;63.0;52.0;54.0;116.0;7.1;3.1
2023/06/20;1400 UTC;0.0;995.3;995.7;995.3;2085.3;31.2;17.8;31.4;28.9;18.9;17.2;54.0;43.0;45.0;100.0;7.8;3.4
2023/06/20;1500 UTC;0.0;994.7;995.3;994.7;2525.8;32.0;17.4;32.9;31.1;18.8;17.0;45.0;40.0;42.0;103.0;7.9;3.1
2023/06/20;1600 UTC;0.0;994.2;994.8;994.2;2678.0;33.6;18.3;33.9;31.9;19.0;17.6;44.0;39.0;41.0;100.0;5.8;2.4
2023/06/20;1700 UTC;0.0;993.3;994.2;993.3;2566.7;33.7;17.3;34.3;32.8;18.7;17.1;41.0;37.0;38.0;92.0;6.3;2.8
2023/06/20;1800 UTC;0.0;992.5;993.3;992.5;2181.4;33.7;17.4;34.4;33.3;18.8;16.9;41.0;36.0;38.0;130.0;5.8;2.4
2023/06/20;1900 UTC;0.0;992.3;992.5;992.3;1567.5;33.7;17.0;34.6;33.5;18.0;16.1;39.0;35.0;37.0;119.0;5.1;2.4
2023/06/20;2000 UTC;0.0;992.1;992.3;992.1;835.3;32.2;19.8;33.8;32.2;19.8;17.1;48.0;37.0;48.0;100.0;4.8;0.9
2023/06/20;2100 UTC;0.0;992.3;992.3;992.0;214.7;27.6;22.6;32.2;27.6;23.7;19.4;77.0;46.0;74.0;151.0;1.9;0.8
2023/06/20;2200 UTC;0.0;992.7;992.7;992.3;;24.1;22.2;27.6;24.1;22.9;21.8;91.0;74.0;89.0;151.0;1.4;0.1
2023/06/20;2300 UTC;0.0;993.2;993.2;992.7;;23.0;21.7;24.1;23.0;22.3;21.6;95.0;89.0;93.0;166.0;0.8;0.2
2023/06/21;0000 UTC;0.0;993.7;993.7;993.2;;22.9;20.0;23.0;22.8;21.6;20.0;93.0;84.0;84.0;143.0;1.2;0.6
2023/06/21;0100 UTC;0.0;994.1;994.1;993.7;;22.0;20.0;22.9;22.0;21.7;19.9;95.0;84.0;89.0;157.0;1.0;0.7
2023/06/21;0200 UTC;0.0;994.1;994.2;994.1;;22.7;19.4;22.7;21.9;20.4;19.3;91.0;82.0;82.0;137.0;1.9;1.1
2023/06/21;0300 UTC;0.0;994.2;994.2;994.0;;21.4;20.6;22.7;21.4;21.2;19.4;95.0;82.0;95.0;139.0;1.9;0.5
2023/06/21;0400 UTC;0.0;993.7;994.2;993.7;;20.0;19.8;21.4;20.0;20.6;19.6;99.0;93.0;99.0;81.0;1.4;0.3
2023/06/21;0500 UTC;0.0;993.1;993.7;993.1;;19.2;18.9;20.0;19.2;19.9;18.9;99.0;97.0;98.0;227.0;0.8;0.2
2023/06/21;0600 UTC;0.0;992.6;993.1;992.5;;18.9;18.8;19.2;18.7;19.0;18.5;100.0;98.0;99.0;329.0;1.0;0.3
2023/06/21;0700 UTC;0.0;992.4;992.6;992.3;;18.5;18.4;18.9;18.3;18.8;17.9;100.0;97.0;99.0;115.0;1.4;0.3
2023/06/21;0800 UTC;0.0;992.6;992.6;992.3;;18.3;18.1;18.5;18.0;18.4;17.7;100.0;98.0;99.0;84.0;2.0;0.6
2023/06/21;0900 UTC;0.0;993.0;993.0;992.6;;18.9;18.1;18.9;18.2;18.4;18.0;100.0;95.0;95.0;119.0;1.8;0.6
2023/06/21;1000 UTC;0.0;993.4;993.4;993.0;13.7;19.6;17.4;19.6;18.4;18.5;17.4;99.0;87.0;87.0;125.0;2.8;1.3
2023/06/21;1100 UTC;0.0;994.3;994.4;993.4;423.2;23.7;16.9;23.7;19.6;17.4;16.7;87.0;66.0;66.0;111.0;5.0;2.0
2023/06/21;1200 UTC;0.0;994.9;995.0;994.3;508.9;24.8;17.7;24.8;22.7;17.7;16.8;72.0;64.0;65.0;118.0;4.9;1.9
2023/06/21;1300 UTC;0.0;995.4;995.4;994.9;1680.7;28.4;18.2;28.4;24.8;19.1;17.5;65.0;54.0;54.0;92.0;5.7;2.5
2023/06/21;1400 UTC;0.0;995.1;995.4;995.1;2062.9;30.2;19.1;30.7;28.4;19.3;18.1;55.0;50.0;52.0;123.0;6.3;2.8
2023/06/21;1500 UTC;0.0;994.5;995.2;994.5;2506.3;31.6;19.1;31.9;30.2;19.8;18.6;53.0;46.0;48.0;83.0;6.2;2.7
2023/06/21;1600 UTC;0.0;993.5;994.5;993.5;2674.7;32.1;18.7;32.8;31.5;19.7;18.4;49.0;44.0;45.0;94.0;6.7;2.9
2023/06/21;1700 UTC;0.0;992.6;993.5;992.6;2451.4;32.8;18.9;33.2;32.1;19.6;18.2;47.0;43.0;44.0;105.0;7.0;2.8
2023/06/21;1800 UTC;0.0;991.9;992.6;991.9;1965.2;33.1;18.9;33.5;31.8;19.6;18.3;46.0;41.0;43.0;64.0;6.0;1.2
2023/06/21;1900 UTC;0.0;991.5;991.9;991.5;1291.3;32.7;19.3;33.4;31.8;19.9;18.4;49.0;42.0;45.0;129.0;7.0;2.0
2023/06/21;2000 UTC;0.0;991.4;991.5;991.4;876.0;31.9;19.3;32.7;31.9;20.3;18.8;51.0;44.0;47.0;113.0;4.1;1.7
2023/06/21;2100 UTC;0.0;991.6;991.6;991.4;212.9;26.8;22.1;32.0;26.8;22.2;19.0;75.0;46.0;75.0;140.0;2.8;0.4
2023/06/21;2200 UTC;0.0;991.9;991.9;991.6;;24.1;22.0;26.8;24.1;22.8;21.9;88.0;75.0;88.0;138.0;1.2;0.4
2023/06/21;2300 UTC;0.0;992.3;992.3;991.9;;22.9;21.7;24.1;22.9;22.0;21.6;94.0;87.0;93.0;170.0;1.2;0.2
2023/06/22;0000 UTC;0.0;992.9;992.9;992.3;;22.1;21.0;22.9;22.1;21.7;21.0;95.0;91.0;94.0;236.0;1.3;0.3
2023/06/22;0100 UTC;0.0;993.5;993.5;992.9;;21.5;21.0;22.1;21.5;21.2;20.6;97.0;94.0;97.0;134.0;0.7;0.2
2023/06/22;0200 UTC;0.0;993.5;993.5;993.4;;20.7;20.4;21.5;20.7;21.0;20.2;98.0;97.0;98.0;161.0;0.7;0.4
2023/06/22;0300 UTC;0.0;993.2;993.5;993.2;;20.2;20.0;20.7;20.0;20.4;19.7;99.0;96.0;99.0;185.0;0.8;0.3
2023/06/22;0400 UTC;0.0;992.9;993.3;992.9;;19.8;19.6;20.2;19.7;20.1;19.4;99.0;97.0;99.0;246.0;0.6;0.2
2023/06/22;0500 UTC;0.0;992.4;992.9;992.4;;19.1;18.9;19.8;19.1;19.7;18.9;100.0;99.0;99.0;207.0;0.6;0.1
2023/06/22;0600 UTC;0.0;991.9;992.4;991.9;;19.3;18.9;19.3;19.0;19.1;18.7;99.0;97.0;98.0;160.0;0.9;0.5
2023/06/22;0700 UTC;0.0;991.8;992.0;991.8;;19.6;19.5;19.8;19.3;19.8;18.9;100.0;97.0;99.0;153.0;1.0;0.3
2023/06/22;0800 UTC;0.0;992.2;992.2;991.8;;19.3;19.1;19.6;19.1;19.5;18.8;100.0;98.0;99.0;120.0;1.7;0.5
2023/06/22;0900 UTC;0.0;992.7;992.7;992.2;;18.9;18.7;19.3;18.9;19.2;18.7;100.0;98.0;99.0;98.0;1.7;0.8
2023/06/22;1000 UTC;0.0;993.4;993.4;992.7;18.3;21.3;17.8;21.3;18.9;19.0;17.8;99.0;81.0;81.0;113.0;3.3;1.8
2023/06/22;1100 UTC;0.0;993.9;993.9;993.4;395.9;24.0;18.1;24.0;21.3;18.2;17.8;80.0;69.0;70.0;113.0;4.6;1.9
2023/06/22;1200 UTC;0.0;994.6;994.6;993.9;1139.3;26.5;19.1;26.5;24.0;19.2;17.9;70.0;64.0;64.0;130.0;5.5;2.6
2023/06/22;1300 UTC;0.0;994.6;994.7;994.5;1642.2;28.0;19.1;28.4;26.4;19.8;18.8;64.0;58.0;58.0;103.0;6.2;3.5
2023/06/22;1400 UTC;0.0;994.4;994.7;994.4;2066.3;30.3;19.5;30.5;28.0;20.2;18.7;59.0;51.0;53.0;101.0;7.4;2.6
2023/06/22;1500 UTC;0.0;993.7;994.4;993.7;2506.9;31.1;19.2;31.9;30.0;20.3;18.8;53.0;49.0;49.0;87.0;6.0;2.5
2023/06/22;1600 UTC;0.0;992.8;993.7;992.8;2665.4;33.0;19.1;33.0;31.1;20.3;18.4;49.0;43.0;44.0;90.0;5.6;1.9
2023/06/22;1700 UTC;0.0;992.0;992.8;992.0;2565.8;32.9;18.8;33.6;31.9;19.9;18.1;48.0;42.0;43.0;135.0;5.0;2.7
2023/06/22;1800 UTC;0.0;991.5;992.0;991.5;2101.5;32.5;18.9;33.8;31.9;19.8;18.6;49.0;42.0;45.0;93.0;5.2;2.1
2023/06/22;1900 UTC;0.0;991.2;991.4;991.2;1569.5;32.5;18.5;33.4;32.4;19.3;18.0;45.0;41.0;43.0;112.0;5.8;2.6
2023/06/22;2000 UTC;0.0;991.5;991.5;991.2;803.7;31.0;19.7;33.2;31.0;20.3;18.3;51.0;42.0;51.0;101.0;4.3;1.2
2023/06/22;2100 UTC;0.0;991.9;991.9;991.5;169.1;27.0;22.9;30.9;27.0;22.9;19.8;78.0;51.0;78.0;149.0;2.8;0.6
2023/06/22;2200 UTC;0.0;992.2;992.2;991.9;;24.3;22.5;27.0;24.3;22.6;21.9;90.0;77.0;90.0;180.0;1.0;0.3
2023/06/22;2300 UTC;0.0;992.6;992.6;992.2;;22.9;21.8;24.3;22.9;22.5;21.6;94.0;89.0;94.0;209.0;0.4;0.2
2023/06/23;0000 UTC;0.0;992.9;992.9;992.6;;22.0;21.0;22.9;22.0;21.9;21.0;95.0;93.0;94.0;182.0;0.8;0.4
2023/06/23;0100 UTC;0.0;993.2;993.2;992.9;;21.4;20.8;22.0;21.4;21.2;20.7;97.0;93.0;96.0;183.0;0.7;0.5
2023/06/23;0200 UTC;0.0;993.3;993.4;993.2;;20.9;20.8;21.4;20.9;21.0;20.4;99.0;94.0;99.0;212.0;0.6;0.2
2023/06/23;0300 UTC;0.0;993.0;993.3;993.0;;20.4;20.2;20.9;20.2;20.8;20.0;99.0;98.0;99.0;158.0;0.8;0.4
2023/06/23;0400 UTC;0.0;992.8;993.1;992.8;;20.0;19.9;20.4;19.9;20.2;19.5;100.0;98.0;100.0;314.0;0.8;0.3
2023/06/23;0500 UTC;0.0;992.2;992.8;992.2;;19.7;19.6;20.0;19.5;19.9;19.4;100.0;99.0;100.0;345.0;0.5;0.1
2023/06/23;0600 UTC;0.0;991.8;992.2;991.8;;19.0;18.9;19.7;19.0;19.5;18.9;100.0;99.0;99.0;173.0;0.5;0.2
2023/06/23;0700 UTC;0.0;991.9;991.9;991.7;;18.8;18.8;19.1;18.6;19.0;18.5;100.0;99.0;100.0;232.0;0.5;0.1
2023/06/23;0800 UTC;0.0;992.1;992.1;991.9;;18.3;18.3;18.8;18.2;18.8;18.2;100.0;100.0;100.0;121.0;0.9;0.3
2023/06/23;0900 UTC;0.0;992.6;992.6;992.1;;18.7;18.7;18.7;18.2;18.7;18.2;100.0;100.0;100.0;114.0;2.2;0.5
2023/06/23;1000 UTC;0.0;993.0;993.0;992.6;16.8;18.3;18.3;18.7;18.1;18.6;18.0;100.0;99.0;100.0;118.0;1.5;0.6
2023/06/23;1100 UTC;0.0;993.5;993.5;993.0;407.6;23.0;18.7;23.0;18.3;20.0;18.3;100.0;77.0;77.0;131.0;2.5;1.2
2023/06/23;1200 UTC;0.0;994.2;994.2;993.5;1152.2;26.3;18.3;26.3;23.0;18.9;18.1;77.0;62.0;62.0;114.0;5.8;3.2
2023/06/23;1300 UTC;0.0;994.3;994.3;994.2;1653.4;28.9;19.0;29.0;26.1;19.9;18.3;63.0;55.0;55.0;90.0;6.9;2.0
2023/06/23;1400 UTC;0.0;994.1;994.3;994.1;2080.3;31.5;19.3;31.5;28.8;20.0;18.4;57.0;48.0;49.0;101.0;7.2;2.3
2023/06/23;1500 UTC;0.0;993.6;994.1;993.6;2510.6;32.0;18.2;32.2;30.8;19.5;17.4;49.0;43.0;44.0;73.0;7.7;3.1
2023/06/23;1600 UTC;0.0;992.5;993.6;992.5;2655.1;32.5;18.0;33.2;31.6;18.8;17.2;44.0;41.0;42.0;82.0;6.8;2.0
2023/06/23;1700 UTC;0.0;991.7;992.6;991.7;2505.8;32.5;18.0;33.2;31.8;19.4;17.6;46.0;41.0;42.0;112.0;7.4;2.7
2023/06/23;1800 UTC;0.0;990.9;991.7;990.9;1980.0;32.5;18.9;33.2;31.6;19.0;17.5;47.0;40.0;45.0;81.0;5.7;1.3
2023/06/23;1900 UTC;0.0;990.7;990.9;990.7;1438.6;32.6;18.5;33.6;32.2;19.4;17.6;46.0;40.0;43.0;72.0;4.3;1.4
2023/06/23;2000 UTC;0.0;990.9;990.9;990.7;808.5;30.9;20.1;32.8;30.9;20.2;17.9;53.0;42.0;53.0;120.0;2.5;0.9
2023/06/23;2100 UTC;0.0;991.2;991.2;990.9;161.5;26.4;21.7;30.9;26.4;23.0;20.5;77.0;53.0;75.0;174.0;2.0;0.3
2023/06/23;2200 UTC;0.0;991.5;991.6;991.2;;23.6;22.0;26.4;23.6;22.3;21.3;90.0;75.0;90.0;137.0;0.5;0.2
2023/06/23;2300 UTC;0.0;992.2;992.2;991.5;;22.8;21.6;23.6;22.8;22.1;21.4;95.0;90.0;93.0;208.0;1.3;0.3
2023/06/24;0000 UTC;0.0;992.8;992.8;992.2;;22.0;21.3;22.8;22.0;21.9;21.0;96.0;90.0;96.0;314.0;0.9;0.4
2023/06/24;0100 UTC;0.0;993.1;993.1;992.8;;21.5;20.6;22.0;21.4;21.3;20.6;97.0;94.0;95.0;348.0;1.0;0.4
2023/06/24;0200 UTC;0.0;993.2;993.3;993.1;;21.2;20.6;21.5;21.0;20.9;20.1;98.0;94.0;96.0;339.0;1.2;0.5
2023/06/24;0300 UTC;0.0;993.2;993.3;993.2;;20.6;20.4;21.3;20.6;20.9;20.2;99.0;94.0;99.0;85.0;1.2;0.1
2023/06/24;0400 UTC;0.0;993.1;993.2;993.0;;20.1;20.1;20.6;20.1;20.5;20.0;100.0;99.0;100.0;312.0;0.6;0.3
2023/06/24;0500 UTC;0.0;992.6;993.1;992.6;;20.0;19.8;20.2;19.8;20.1;19.6;100.0;98.0;99.0;119.0;1.1;0.4
2023/06/24;0600 UTC;0.0;992.2;992.6;992.2;;19.4;19.4;20.0;19.4;19.9;19.1;100.0;98.0;100.0;133.0;1.1;0.2
2023/06/24;0700 UTC;0.0;992.1;992.3;992.1;;19.2;18.9;19.4;19.0;19.4;18.8;100.0;98.0;98.0;277.0;0.5;0.3
2023/06/24;0800 UTC;0.0;992.6;992.6;992.1;;18.7;18.6;19.5;18.7;19.3;18.6;100.0;97.0;100.0;303.0;2.8;0.2
2023/06/24;0900 UTC;0.0;992.8;992.8;992.6;;18.1;18.1;18.7;18.0;18.7;17.9;100.0;99.0;100.0;115.0;1.1;0.2
2023/06/24;1000 UTC;0.0;993.5;993.5;992.8;21.9;18.3;18.3;18.3;17.8;18.3;17.9;100.0;100.0;100.0;107.0;1.4;0.7
2023/06/24;1100 UTC;0.0;994.2;994.2;993.5;421.9;23.4;18.2;23.4;18.2;19.2;18.1;100.0;72.0;73.0;92.0;2.8;1.1
2023/06/24;1200 UTC;0.0;994.6;994.7;994.2;1149.3;26.9;18.1;27.1;23.4;18.9;17.9;73.0;58.0;59.0;110.0;4.2;1.8
2023/06/24;1300 UTC;0.0;994.6;994.7;994.5;1631.0;29.8;17.8;29.9;26.8;19.0;17.0;60.0;48.0;48.0;134.0;4.3;1.5
2023/06/24;1400 UTC;0.0;994.2;994.6;994.2;2102.6;32.1;17.8;32.1;29.7;18.8;16.7;51.0;41.0;42.0;140.0;4.9;2.1
2023/06/24;1500 UTC;0.0;993.8;994.3;993.8;2504.9;31.6;18.0;32.3;31.1;19.8;16.3;50.0;39.0;45.0;103.0;6.4;3.1
2023/06/24;1600 UTC;0.0;993.1;993.8;993.1;2667.4;33.4;17.8;33.4;31.4;18.1;16.2;45.0;38.0;40.0;103.0;6.4;2.1
2023/06/24;1700 UTC;0.0;992.1;993.1;992.1;2576.2;32.5;16.6;33.4;32.1;17.8;15.9;41.0;36.0;39.0;127.0;5.5;2.5
2023/06/24;1800 UTC;0.0;991.6;992.1;991.5;2203.4;32.9;16.8;33.6;32.2;17.7;15.9;40.0;36.0;38.0;115.0;5.8;2.2
2023/06/24;1900 UTC;0.0;991.5;991.6;991.5;1351.5;32.7;16.6;33.4;32.2;17.9;16.1;42.0;37.0;38.0;140.0;4.6;2.3
2023/06/24;2000 UTC;0.0;991.9;991.9;991.5;751.2;31.2;19.2;32.8;31.2;19.7;16.5;51.0;38.0;49.0;104.0;3.9;1.2
2023/06/24;2100 UTC;0.0;992.0;992.0;991.9;194.1;25.7;21.6;31.2;25.7;22.1;19.2;78.0;49.0;78.0;139.0;2.1;0.2
2023/06/24;2200 UTC;0.0;992.3;992.3;992.0;;23.5;21.7;25.7;23.5;21.8;21.0;90.0;77.0;90.0;197.0;2.3;0.3
2023/06/24;2300 UTC;0.0;992.8;992.8;992.2;;22.1;21.1;23.5;22.1;21.9;20.8;95.0;89.0;94.0;180.0;0.6;0.3
2023/06/25;0000 UTC;0.0;993.3;993.4;992.8;;21.4;20.4;22.1;21.4;21.2;20.4;95.0;93.0;94.0;145.0;0.8;0.4
2023/06/25;0100 UTC;0.0;993.6;993.6;993.3;;20.7;19.9;21.4;20.7;20.4;19.9;96.0;93.0;96.0;166.0;0.9;0.6
2023/06/25;0200 UTC;0.0;993.8;993.9;993.6;;20.4;19.1;20.7;20.2;19.9;18.9;96.0;92.0;92.0;158.0;2.3;1.2
2023/06/25;0300 UTC;0.0;993.7;993.9;993.7;;19.8;19.2;21.0;19.8;19.2;18.5;96.0;86.0;96.0;134.0;2.3;0.9
2023/06/25;0400 UTC;0.0;993.5;993.8;993.5;;19.3;19.2;19.8;19.3;19.2;18.7;99.0;94.0;99.0;353.0;1.8;0.1
2023/06/25;0500 UTC;0.0;992.9;993.5;992.9;;18.6;18.3;19.4;18.5;19.3;18.2;100.0;98.0;99.0;122.0;0.6;0.3
2023/06/25;0600 UTC;0.0;992.4;992.9;992.4;;18.0;18.0;18.6;18.0;18.5;17.9;100.0;99.0;100.0;171.0;0.6;0.2
2023/06/25;0700 UTC;0.0;992.3;992.4;992.2;;17.5;17.3;18.1;17.5;18.1;17.2;100.0;98.0;99.0;205.0;0.6;0.4
2023/06/25;0800 UTC;0.0;992.5;992.5;992.3;;17.4;17.4;17.6;17.3;17.4;17.0;100.0;98.0;100.0;128.0;0.7;0.3
2023/06/25;0900 UTC;0.0;992.7;992.8;992.5;;16.8;16.8;17.4;16.8;17.4;16.7;100.0;100.0;100.0;109.0;1.4;0.7
2023/06/25;1000 UTC;0.0;993.5;993.5;992.7;11.3;17.1;17.1;17.2;16.8;17.2;16.8;100.0;99.0;100.0;157.0;1.9;0.6
2023/06/25;1100 UTC;0.0;994.1;994.1;993.5;362.8;22.1;17.0;22.1;16.9;17.8;16.8;100.0;73.0;73.0;129.0;2.4;1.2
2023/06/25;1200 UTC;0.0;994.7;994.7;994.2;1139.6;25.7;17.0;25.8;22.1;17.6;16.7;73.0;59.0;59.0;137.0;5.1;2.6
2023/06/25;1300 UTC;0.0;994.9;995.0;994.7;1649.7;28.7;17.8;28.9;25.7;18.2;16.9;59.0;51.0;52.0;117.0;5.7;2.1
2023/06/25;1400 UTC;0.0;994.5;994.9;994.5;2073.5;30.8;16.9;31.1;28.7;18.4;16.9;52.0;43.0;43.0;144.0;5.7;3.1
2023/06/25;1500 UTC;0.0;994.0;994.5;994.0;2505.6;32.2;17.1;32.2;30.7;17.9;16.4;45.0;40.0;40.0;99.0;5.7;2.6
2023/06/25;1600 UTC;0.0;993.2;994.0;993.2;2641.7;32.9;17.0;32.9;31.7;17.8;15.8;43.0;37.0;39.0;103.0;7.4;2.9
2023/06/25;1700 UTC;0.0;992.5;993.2;992.5;2581.9;32.7;16.2;33.2;32.1;17.1;15.1;39.0;35.0;37.0;107.0;6.4;2.6
2023/06/25;1800 UTC;0.0;992.3;992.5;992.3;2187.7;32.9;15.7;33.3;32.4;16.7;15.0;39.0;33.0;36.0;100.0;6.3;2.0
2023/06/25;1900 UTC;0.0;992.3;992.3;992.2;1564.9;32.9;15.4;33.5;32.5;16.9;15.1;38.0;34.0;35.0;130.0;5.0;1.9
2023/06/25;2000 UTC;0.0;992.1;992.3;992.1;928.6;32.1;17.6;33.3;32.0;18.3;15.1;44.0;35.0;42.0;107.0;4.1;1.2
2023/06/25;2100 UTC;0.0;992.3;992.3;992.1;239.0;26.3;20.9;32.1;26.3;21.6;17.8;73.0;42.0;72.0;232.0;2.4;0.3
2023/06/25;2200 UTC;0.0;992.6;992.6;992.3;;23.7;20.8;26.3;23.7;21.2;20.3;85.0;72.0;84.0;180.0;0.5;0.2
2023/06/25;2300 UTC;0.0;993.0;993.0;992.6;;22.2;21.4;23.8;22.2;21.8;20.8;95.0;83.0;95.0;241.0;0.5;0.1
2023/06/26;0000 UTC;0.0;993.3;993.3;993.0;;21.3;20.8;22.2;21.3;21.4;20.5;97.0;94.0;97.0;157.0;0.6;0.3
2023/06/26;0100 UTC;0.0;993.6;993.6;993.3;;20.7;20.2;21.3;20.7;20.7;19.9;97.0;95.0;97.0;178.0;0.7;0.2
2023/06/26;0200 UTC;0.0;993.5;993.6;993.4;;20.0;19.4;20.7;20.0;20.4;19.4;98.0;95.0;96.0;224.0;0.7;0.2
2023/06/26;0300 UTC;0.0;993.6;993.7;993.5;;19.4;19.3;20.1;19.4;19.6;19.1;99.0;96.0;99.0;280.0;0.5;0.1
2023/06/26;0400 UTC;0.0;993.1;993.7;993.1;;18.7;18.5;19.4;18.6;19.4;18.3;100.0;98.0;99.0;217.0;0.5;0.1
2023/06/26;0500 UTC;0.0;992.6;993.1;992.6;;18.1;18.0;18.7;18.1;18.5;18.0;100.0;98.0;100.0;214.0;0.6;0.2
2023/06/26;0600 UTC;0.0;991.7;992.6;991.7;;17.9;17.8;18.3;17.8;18.2;17.5;100.0;97.0;99.0;272.0;1.4;0.3
2023/06/26;0700 UTC;0.0;991.9;992.0;991.7;;17.8;17.5;18.0;17.6;17.9;17.5;100.0;98.0;99.0;114.0;2.3;0.3
2023/06/26;0800 UTC;0.0;992.3;992.3;991.8;;17.9;17.4;17.9;17.6;17.7;17.3;99.0;97.0;97.0;117.0;3.1;1.6
2023/06/26;0900 UTC;0.0;992.6;992.6;992.3;;18.1;17.5;18.8;17.9;17.8;17.3;97.0;91.0;96.0;167.0;3.1;0.7
2023/06/26;1000 UTC;0.0;993.2;993.2;992.6;14.1;17.9;17.3;18.9;17.9;17.9;17.2;97.0;92.0;97.0;183.0;1.6;1.0
2023/06/26;1100 UTC;0.0;993.6;993.6;993.2;432.2;21.4;17.3;21.4;17.9;17.9;17.3;97.0;77.0;77.0;151.0;2.8;1.9
2023/06/26;1200 UTC;0.0;994.0;994.0;993.6;1183.9;24.8;17.5;24.8;21.4;17.7;16.6;78.0;63.0;64.0;133.0;6.6;2.2
2023/06/26;1300 UTC;0.0;994.2;994.3;994.0;1501.3;27.4;17.2;27.6;24.9;18.0;16.9;64.0;53.0;54.0;121.0;8.3;3.6
2023/06/26;1400 UTC;0.0;994.3;994.4;994.2;2047.0;29.4;17.2;29.7;27.3;17.6;16.6;54.0;47.0;48.0;103.0;8.4;3.4
2023/06/26;1500 UTC;0.0;993.9;994.3;993.9;2456.3;30.5;17.0;30.9;29.2;17.9;16.6;49.0;44.0;44.0;117.0;7.4;3.3
2023/06/26;1600 UTC;0.0;993.0;993.8;993.0;2661.2;31.7;17.5;31.9;30.2;18.2;16.8;47.0;42.0;43.0;117.0;7.1;2.9
2023/06/26;1700 UTC;0.0;992.1;993.0;992.1;2572.5;32.6;18.5;32.6;31.2;18.5;17.0;44.0;41.0;43.0;126.0;6.6;2.7
2023/06/26;1800 UTC;0.0;991.5;992.1;991.4;2202.4;32.4;16.6;33.3;32.0;18.1;16.6;43.0;38.0;39.0;131.0;5.9;3.2
2023/06/26;1900 UTC;0.0;991.3;991.5;991.3;1242.8;32.1;16.9;33.2;31.5;18.5;16.6;45.0;38.0;40.0;94.0;5.9;2.1
2023/06/26;2000 UTC;0.0;991.6;991.6;991.3;720.0;30.4;19.5;32.2;30.4;20.0;17.0;54.0;40.0;52.0;88.0;4.2;0.9
2023/06/26;2100 UTC;0.0;991.8;991.8;991.6;194.8;25.9;21.8;30.4;25.9;22.1;19.7;78.0;52.0;78.0;205.0;1.3;0.2
2023/06/26;2200 UTC;0.0;992.2;992.2;991.8;;23.0;21.3;25.8;23.0;21.7;21.2;90.0;78.0;90.0;268.0;0.5;0.1
2023/06/26;2300 UTC;0.0;992.8;992.9;992.2;;22.4;21.2;23.0;22.3;21.7;21.1;95.0;90.0;93.0;165.0;1.2;0.6
2023/06/27;0000 UTC;0.0;993.6;993.6;992.9;;21.7;21.2;22.5;21.7;21.4;20.9;98.0;92.0;97.0;245.0;1.2;0.2
2023/06/27;0100 UTC;0.0;993.8;993.9;993.6;;20.7;20.4;21.7;20.6;21.2;20.1;98.0;96.0;98.0;33.0;1.1;0.3
2023/06/27;0200 UTC;0.0;993.9;993.9;993.8;;20.0;19.8;20.7;20.0;20.3;19.6;99.0;97.0;99.0;101.0;1.6;0.4
2023/06/27;0300 UTC;0.0;993.6;993.9;993.6;;19.0;18.9;20.0;19.0;19.8;18.8;99.0;98.0;99.0;107.0;1.7;0.8
2023/06/27;0400 UTC;0.0;993.4;993.6;993.4;;19.0;18.6;19.2;19.0;19.0;18.4;99.0;96.0;98.0;161.0;1.8;0.7
2023/06/27;0500 UTC;0.0;993.1;993.4;993.1;;18.6;18.0;19.0;18.5;18.7;18.0;99.0;96.0;96.0;186.0;1.9;0.4
2023/06/27;0600 UTC;0.0;993.0;993.1;993.0;;17.8;17.3;18.6;17.5;18.0;16.8;98.0;95.0;97.0;142.0;1.7;1.2
2023/06/27;0700 UTC;0.0;992.9;993.0;992.8;;17.2;16.9;17.8;17.0;17.6;16.6;99.0;97.0;98.0;135.0;1.7;1.2
2023/06/27;0800 UTC;0.0;993.2;993.3;992.9;;17.0;16.9;17.6;17.0;17.2;16.8;100.0;95.0;100.0;3.0;1.9;0.3
2023/06/27;0900 UTC;0.0;993.4;993.4;993.2;;16.2;16.2;17.0;16.2;17.0;16.1;100.0;98.0;100.0;287.0;1.8;0.3
2023/06/27;1000 UTC;0.0;993.8;993.8;993.3;13.2;16.0;15.7;16.3;15.7;16.3;15.5;100.0;98.0;98.0;152.0;2.0;1.2
2023/06/27;1100 UTC;0.2;994.6;994.6;993.8;315.3;19.8;16.0;20.0;16.0;16.6;15.5;98.0;76.0;79.0;126.0;3.0;1.6
2023/06/27;1200 UTC;0.0;994.9;995.0;994.6;982.3;23.7;16.6;23.7;19.8;16.6;15.9;79.0;65.0;65.0;130.0;3.4;1.4
2023/06/27;1300 UTC;0.0;995.1;995.1;994.9;1673.6;26.7;16.0;27.0;23.7;17.2;15.5;65.0;50.0;52.0;130.0;5.7;3.2
2023/06/27;1400 UTC;0.0;995.0;995.2;994.9;2091.1;28.6;16.6;28.9;26.8;17.4;15.6;52.0;47.0;48.0;103.0;8.3;3.5
2023/06/27;1500 UTC;0.0;994.0;995.0;994.0;2560.4;30.7;16.4;31.1;28.6;18.1;15.9;49.0;41.0;42.0;99.0;8.3;3.8
2023/06/27;1600 UTC;0.0;993.2;994.0;993.2;2717.9;32.1;16.7;32.4;30.7;17.0;15.5;43.0;37.0;40.0;110.0;7.4;2.9
2023/06/27;1700 UTC;0.0;992.2;993.2;992.2;2604.8;32.4;15.5;33.1;32.0;16.9;14.9;40.0;35.0;36.0;113.0;6.1;2.7
2023/06/27;1800 UTC;0.0;991.4;992.2;991.4;2212.6;32.6;15.2;33.4;32.3;16.9;15.2;38.0;34.0;35.0;123.0;5.8;2.9
2023/06/27;1900 UTC;0.0;991.1;991.4;991.1;1564.9;32.9;15.6;34.0;32.5;17.0;15.0;37.0;34.0;35.0;139.0;5.2;1.3
2023/06/27;2000 UTC;0.0;991.4;991.4;991.1;888.9;32.0;18.2;33.1;32.0;18.2;15.1;44.0;35.0;44.0;137.0;3.8;1.1
2023/06/27;2100 UTC;0.0;991.6;991.6;991.4;211.9;25.7;19.2;32.0;25.7;20.9;17.0;70.0;41.0;68.0;309.0;2.3;0.3
2023/06/27;2200 UTC;0.0;991.8;991.8;991.6;;22.8;20.8;25.7;22.8;20.9;19.3;88.0;68.0;88.0;215.0;0.5;0.2
2023/06/27;2300 UTC;0.0;992.2;992.2;991.8;;21.8;20.4;22.8;21.8;20.8;20.2;92.0;88.0;92.0;298.0;0.8;0.3
2023/06/28;0000 UTC;0.0;993.0;993.0;992.2;;21.0;20.2;21.8;21.0;20.7;19.7;96.0;92.0;95.0;183.0;2.0;0.7
2023/06/28;0100 UTC;0.0;993.3;993.3;993.0;;19.9;19.4;21.1;19.9;20.3;19.2;97.0;92.0;97.0;199.0;2.0;0.3
2023/06/28;0200 UTC;0.0;993.4;993.4;993.3;;19.5;19.1;19.9;19.4;19.3;18.7;97.0;95.0;97.0;168.0;0.9;0.2
2023/06/28;0300 UTC;0.0;993.3;993.4;993.2;;19.3;19.0;19.5;19.0;19.2;18.6;99.0;97.0;98.0;347.0;0.8;0.3
2023/06/28;0400 UTC;0.0;993.0;993.3;993.0;;18.7;18.5;19.4;18.7;19.1;18.5;99.0;97.0;99.0;261.0;0.9;0.2
2023/06/28;0500 UTC;0.0;992.5;993.0;992.5;;18.5;18.2;18.7;18.4;18.5;18.0;99.0;97.0;98.0;171.0;1.0;0.8
2023/06/28;0600 UTC;0.0;992.1;992.5;992.1;;17.9;17.4;18.5;17.9;18.3;17.4;98.0;97.0;97.0;188.0;1.0;0.5
2023/06/28;0700 UTC;0.0;992.3;992.3;992.0;;17.5;17.4;17.9;17.3;17.6;16.9;99.0;97.0;99.0;189.0;0.9;0.6
2023/06/28;0800 UTC;0.0;992.7;992.7;992.3;;17.5;17.4;17.6;17.4;17.4;16.9;100.0;97.0;99.0;18.0;0.9;0.2
2023/06/28;0900 UTC;0.0;993.1;993.1;992.7;;17.1;17.0;17.5;17.1;17.4;17.0;100.0;99.0;99.0;162.0;1.2;0.4
2023/06/28;1000 UTC;0.0;993.5;993.5;993.1;14.7;17.1;16.8;17.2;16.9;17.1;16.6;99.0;98.0;98.0;174.0;1.0;0.5
2023/06/28;1100 UTC;0.0;994.5;994.5;993.5;340.7;21.2;18.5;21.2;17.1;18.5;17.0;99.0;84.0;84.0;170.0;2.0;0.9
2023/06/28;1200 UTC;0.0;995.1;995.1;994.5;1055.6;25.1;18.9;25.1;21.2;19.2;18.2;84.0;68.0;68.0;151.0;4.1;2.0
2023/06/28;1300 UTC;0.0;995.2;995.3;995.1;1583.1;28.6;19.0;28.6;25.1;19.4;18.1;68.0;56.0;56.0;140.0;6.8;2.1
2023/06/28;1400 UTC;0.0;995.2;995.4;995.2;2071.6;30.4;19.0;30.4;28.3;19.4;17.9;57.0;50.0;51.0;128.0;7.1;3.0
2023/06/28;1500 UTC;0.0;994.6;995.2;994.6;2505.0;32.5;17.3;32.7;30.0;19.1;17.3;52.0;40.0;40.0;102.0;6.6;2.6
2023/06/28;1600 UTC;0.0;994.0;994.6;994.0;2659.7;32.6;17.0;33.5;31.6;18.1;16.3;43.0;38.0;39.0;125.0;6.8;3.2
2023/06/28;1700 UTC;0.0;992.9;994.0;992.9;2568.8;32.8;17.3;33.4;32.4;17.8;16.3;41.0;37.0;40.0;102.0;6.9;2.5
2023/06/28;1800 UTC;0.0;992.2;992.9;992.2;2196.6;33.5;17.7;33.6;32.4;17.7;16.6;40.0;37.0;39.0;98.0;6.3;1.8
2023/06/28;1900 UTC;0.0;992.1;992.3;992.1;1570.6;33.5;16.2;34.0;32.8;17.8;16.0;40.0;36.0;36.0;139.0;5.0;2.0
2023/06/28;2000 UTC;0.0;992.4;992.4;992.1;903.3;32.5;17.4;33.5;32.5;18.9;16.0;44.0;36.0;41.0;139.0;3.4;1.0
2023/06/28;2100 UTC;0.0;992.7;992.7;992.4;230.8;26.8;21.1;32.7;26.8;21.1;16.5;71.0;38.0;71.0;283.0;2.2;0.4
2023/06/28;2200 UTC;0.0;993.0;993.0;992.7;;24.3;21.6;26.8;24.3;21.6;20.8;85.0;71.0;85.0;194.0;0.6;0.3
2023/06/28;2300 UTC;0.0;993.6;993.6;993.0;;22.7;21.0;24.3;22.7;21.6;21.0;91.0;84.0;90.0;199.0;0.6;0.4
2023/06/29;0000 UTC;0.0;994.1;994.1;993.6;;21.9;20.5;22.7;21.9;21.1;20.4;92.0;90.0;92.0;223.0;0.6;0.3
2023/06/29;0100 UTC;0.0;994.7;994.7;994.1;;21.1;20.4;21.9;21.1;20.6;20.2;96.0;92.0;96.0;110.0;0.6;0.2
2023/06/29;0200 UTC;0.0;994.9;994.9;994.7;;20.9;19.8;21.1;20.8;20.4;19.5;97.0;93.0;94.0;165.0;1.0;0.6
2023/06/29;0300 UTC;0.0;994.7;994.9;994.7;;20.3;20.0;20.9;20.2;20.0;19.5;98.0;93.0;98.0;63.0;1.0;0.3
2023/06/29;0400 UTC;0.0;994.3;994.7;994.3;;19.4;19.3;20.3;19.4;19.9;19.3;99.0;97.0;99.0;282.0;0.7;0.2
2023/06/29;0500 UTC;0.0;993.5;994.3;993.5;;18.7;18.4;19.4;18.7;19.2;18.4;99.0;98.0;98.0;293.0;0.7;0.1
2023/06/29;0600 UTC;0.0;993.5;993.5;993.2;;19.0;17.9;19.8;18.2;18.8;17.9;100.0;91.0;93.0;124.0;3.8;1.0
2023/06/29;0700 UTC;0.0;993.3;993.6;993.3;;17.8;17.6;19.0;17.8;18.0;17.4;99.0;93.0;99.0;296.0;1.9;0.1
2023/06/29;0800 UTC;0.0;993.4;993.4;993.3;;17.4;17.1;17.8;17.3;17.6;17.1;99.0;98.0;98.0;279.0;0.8;0.4
2023/06/29;0900 UTC;0.0;993.5;993.5;993.4;;17.1;16.8;17.4;17.0;17.2;16.7;99.0;98.0;98.0;243.0;1.1;0.5
2023/06/29;1000 UTC;0.0;994.2;994.2;993.5;14.9;17.7;17.2;17.7;16.9;17.6;16.4;100.0;96.0;97.0;95.0;3.9;1.4
2023/06/29;1100 UTC;0.0;995.1;995.1;994.2;391.5;22.3;17.7;22.3;17.5;18.4;17.1;98.0;75.0;75.0;122.0;5.3;1.6
2023/06/29;1200 UTC;0.0;995.5;995.6;995.1;1143.6;26.4;17.0;26.4;22.3;18.4;16.6;75.0;56.0;56.0;133.0;5.4;3.0
2023/06/29;1300 UTC;0.0;995.6;995.7;995.5;1659.7;29.1;15.8;29.1;26.4;17.6;15.8;57.0;45.0;45.0;135.0;7.4;3.6
2023/06/29;1400 UTC;0.0;995.5;995.6;995.5;2093.6;30.9;16.1;31.0;28.9;16.7;15.3;46.0;40.0;41.0;113.0;7.4;4.0
2023/06/29;1500 UTC;0.0;994.9;995.5;994.9;2509.6;32.7;15.8;32.7;30.6;17.3;15.6;43.0;36.0;36.0;127.0;7.4;2.9
2023/06/29;1600 UTC;0.0;994.0;994.9;994.0;2672.1;32.6;15.1;33.3;31.8;16.2;14.3;38.0;33.0;35.0;134.0;6.8;2.9
2023/06/29;1700 UTC;0.0;993.2;994.1;993.1;2572.8;33.6;15.2;33.9;32.5;15.7;14.3;36.0;32.0;33.0;152.0;6.3;2.7
2023/06/29;1800 UTC;0.0;992.4;993.2;992.4;2203.4;33.3;14.7;33.9;33.0;15.4;13.9;34.0;31.0;33.0;157.0;5.5;3.0
2023/06/29;1900 UTC;0.0;992.0;992.4;992.0;1577.4;33.1;13.8;33.9;33.0;15.0;13.7;33.0;30.0;31.0;152.0;5.1;2.2
2023/06/29;2000 UTC;0.0;992.0;992.0;991.9;916.5;32.4;15.2;33.6;32.4;15.2;13.8;36.0;31.0;36.0;165.0;4.4;1.5
2023/06/29;2100 UTC;0.0;992.3;992.3;992.0;230.3;26.0;20.3;32.5;26.0;20.3;14.9;71.0;35.0;71.0;313.0;2.5;0.2
2023/06/29;2200 UTC;0.0;992.6;992.6;992.3;;23.0;20.3;26.0;23.0;20.8;19.6;85.0;70.0;85.0;183.0;0.4;0.2
2023/06/29;2300 UTC;0.0;993.0;993.0;992.6;;21.6;20.2;23.0;21.6;20.3;20.1;92.0;85.0;92.0;185.0;0.7;0.4
2023/06/30;0000 UTC;0.0;993.7;993.7;993.0;;20.7;20.1;21.6;20.7;20.2;19.7;96.0;92.0;96.0;30.0;0.8;0.1
2023/06/30;0100 UTC;0.0;994.0;994.1;993.7;;19.7;18.7;20.7;19.7;20.1;18.7;97.0;94.0;94.0;178.0;0.7;0.2
2023/06/30;0200 UTC;0.0;993.9;994.1;993.9;;19.3;18.5;19.8;19.2;19.1;18.4;98.0;94.0;95.0;199.0;0.8;0.4
2023/06/30;0300 UTC;0.0;994.1;994.1;993.9;;18.6;18.3;19.4;18.5;18.7;18.1;99.0;94.0;98.0;53.0;1.9;0.9
2023/06/30;0400 UTC;0.0;994.0;994.2;994.0;;17.9;17.7;18.6;17.9;18.4;17.7;99.0;97.0;98.0;329.0;1.9;0.3
2023/06/30;0500 UTC;0.0;993.6;994.0;993.6;;17.5;17.4;18.0;17.3;17.8;17.2;100.0;98.0;99.0;233.0;0.7;0.2
2023/06/30;0600 UTC;0.0;993.0;993.6;993.0;;16.9;16.6;17.5;16.6;17.5;16.5;100.0;98.0;98.0;232.0;0.9;0.5
2023/06/30;0700 UTC;0.0;992.8;993.0;992.7;;17.5;16.3;18.0;16.8;17.4;16.2;98.0;91.0;93.0;215.0;2.8;0.7
2023/06/30;0800 UTC;0.0;993.2;993.2;992.7;;16.3;16.1;17.5;16.2;16.5;15.9;99.0;92.0;98.0;96.0;1.5;0.5
2023/06/30;0900 UTC;0.0;993.6;993.6;993.2;;15.8;15.6;16.5;15.8;16.2;15.5;99.0;97.0;98.0;168.0;1.0;0.2
2023/06/30;1000 UTC;0.0;994.3;994.3;993.6;13.8;16.0;15.7;16.0;15.5;15.7;15.1;99.0;97.0;98.0;182.0;1.3;0.6
2023/06/30;1100 UTC;0.0;995.1;995.1;994.3;397.3;20.9;16.3;20.9;16.0;17.1;15.6;98.0;75.0;75.0;173.0;2.2;1.3
2023/06/30;1200 UTC;0.0;995.7;995.7;995.1;1145.1;25.0;16.1;25.0;21.0;16.8;15.9;76.0;58.0;58.0;152.0;3.8;2.1
2023/06/30;1300 UTC;0.0;996.0;996.0;995.7;1651.5;27.9;16.6;27.9;24.7;17.0;15.7;59.0;50.0;50.0;152.0;4.6;2.3
2023/06/30;1400 UTC;0.0;995.7;996.0;995.7;2074.6;30.6;16.5;30.7;27.8;17.6;16.3;51.0;42.0;43.0;163.0;4.5;2.7
2023/06/30;1500 UTC;0.0;995.2;995.8;995.2;2491.1;32.7;16.5;33.1;30.5;16.7;15.6;43.0;36.0;38.0;169.0;5.2;2.4
2023/06/30;1600 UTC;0.0;994.2;995.2;994.2;2654.7;33.8;16.2;33.8;32.3;16.4;15.0;38.0;33.0;35.0;149.0;5.6;3.0
2023/06/30;1700 UTC;0.0;993.2;994.2;993.2;2531.8;33.6;15.0;34.8;33.2;15.9;13.7;35.0;29.0;33.0;146.0;5.8;2.6
2023/06/30;1800 UTC;0.0;992.6;993.2;992.6;2155.1;33.9;14.4;34.2;33.4;15.5;13.8;34.0;30.0;31.0;148.0;6.2;2.6
2023/06/30;1900 UTC;0.0;992.3;992.6;992.3;1515.0;33.3;16.8;34.3;33.3;17.1;14.3;38.0;31.0;37.0;99.0;5.0;1.7
2023/06/30;2000 UTC;0.0;992.5;992.5;992.3;907.3;32.4;18.3;33.7;32.4;18.3;15.5;44.0;34.0;43.0;114.0;4.2;1.4
2023/06/30;2100 UTC;0.0;992.8;992.8;992.5;230.4;26.3;21.2;32.4;26.3;21.2;17.8;73.0;42.0;73.0;56.0;2.7;0.3
2023/06/30;2200 UTC;0.0;993.1;993.1;992.8;;23.4;20.5;26.3;23.4;21.6;20.4;84.0;73.0;84.0;200.0;0.5;0.2
2023/06/30;2300 UTC;0.0;993.5;993.5;993.1;;22.0;20.3;23.3;22.0;20.8;20.2;90.0;84.0;90.0;209.0;0.5;0.3
2023/07/01;0000 UTC;0.0;993.8;993.9;993.5;;21.1;20.0;22.0;21.1;20.3;19.8;94.0;90.0;94.0;173.0;1.0;0.2
2023/07/01;0100 UTC;0.0;994.0;994.0;993.8;;20.1;19.3;21.1;20.1;20.2;19.2;97.0;94.0;95.0;165.0;0.6;0.3
2023/07/01;0200 UTC;0.0;994.1;994.2;994.0;;19.7;19.1;20.1;19.5;19.3;18.7;97.0;95.0;96.0;92.0;1.2;0.3
2023/07/01;0300 UTC;0.0;994.2;994.2;994.1;;18.9;18.5;19.7;18.9;19.2;18.3;98.0;96.0;98.0;166.0;0.7;0.2
2023/07/01;0400 UTC;0.0;993.9;994.2;993.9;;18.4;18.0;18.9;18.4;18.5;17.9;98.0;96.0;97.0;158.0;0.7;0.4
2023/07/01;0500 UTC;0.0;993.5;993.9;993.4;;17.9;17.5;18.6;17.9;18.1;17.4;97.0;96.0;97.0;94.0;0.7;0.2
2023/07/01;0600 UTC;0.0;992.6;993.5;992.6;;17.7;17.3;17.9;17.6;17.6;17.0;98.0;96.0;97.0;210.0;1.3;0.4
2023/07/01;0700 UTC;0.0;992.7;992.8;992.6;;17.3;17.1;17.8;17.3;17.5;17.0;99.0;96.0;99.0;271.0;2.1;0.3
2023/07/01;0800 UTC;0.0;992.8;992.8;992.6;;17.1;16.8;17.3;16.9;17.2;16.7;99.0;98.0;98.0;178.0;0.6;0.3
2023/07/01;0900 UTC;0.0;993.3;993.3;992.8;;17.2;17.0;17.4;17.1;17.3;16.8;100.0;97.0;98.0;222.0;1.3;0.4
2023/07/01;1000 UTC;0.0;993.7;993.7;993.3;14.2;17.1;16.9;17.2;16.8;17.0;16.4;99.0;97.0;99.0;189.0;1.8;0.6
2023/07/01;1100 UTC;0.0;994.2;994.2;993.7;395.7;22.1;17.6;22.1;17.1;18.1;16.7;99.0;76.0;76.0;153.0;1.6;1.0
2023/07/01;1200 UTC;0.0;994.8;994.8;994.2;1157.1;25.9;18.1;26.0;22.1;18.3;17.1;76.0;61.0;62.0;142.0;4.7;2.4
2023/07/01;1300 UTC;0.0;994.9;995.0;994.8;928.2;27.5;18.3;27.5;25.9;18.6;17.5;62.0;57.0;57.0;146.0;4.7;2.0
2023/07/01;1400 UTC;0.0;994.6;994.9;994.6;2183.5;30.7;18.1;31.1;27.4;19.0;17.5;58.0;45.0;47.0;149.0;5.9;2.9
2023/07/01;1500 UTC;0.0;994.0;994.6;993.9;2512.3;32.4;17.6;32.5;30.3;18.4;16.7;47.0;40.0;41.0;141.0;6.2;3.7
2023/07/01;1600 UTC;0.0;993.3;994.0;993.3;2371.9;31.0;18.4;33.1;30.8;18.4;16.6;47.0;39.0;47.0;90.0;7.6;2.3
2023/07/01;1700 UTC;0.0;992.3;993.3;992.3;2632.8;33.1;17.3;33.4;31.0;18.9;16.5;47.0;37.0;39.0;82.0;6.1;2.3
2023/07/01;1800 UTC;0.0;991.5;992.3;991.5;2164.8;33.5;16.0;33.9;32.9;17.8;15.1;40.0;34.0;35.0;133.0;5.1;2.3
2023/07/01;1900 UTC;0.0;991.0;991.5;990.9;1589.0;32.8;16.3;34.0;32.8;16.7;15.5;37.0;34.0;37.0;160.0;5.4;2.9
2023/07/01;2000 UTC;0.0;991.2;991.2;990.9;932.1;32.2;15.8;33.4;32.2;16.6;15.6;38.0;35.0;37.0;150.0;5.4;1.9
2023/07/01;2100 UTC;0.0;991.4;991.4;991.2;239.2;26.5;19.9;32.4;26.5;20.6;15.9;68.0;37.0;67.0;208.0;3.3;0.2
2023/07/01;2200 UTC;0.0;991.7;991.7;991.4;;23.3;20.3;26.5;23.3;21.0;20.0;84.0;67.0;83.0;201.0;0.4;0.2
2023/07/01;2300 UTC;0.0;992.2;992.2;991.7;;21.8;20.5;23.3;21.8;20.8;20.2;92.0;83.0;92.0;184.0;0.6;0.2
2023/07/02;0000 UTC;0.0;992.7;992.7;992.2;;20.8;19.9;21.8;20.8;20.6;19.7;95.0;91.0;94.0;192.0;0.9;0.5
2023/07/02;0100 UTC;0.0;993.0;993.0;992.7;;20.1;19.2;20.8;20.1;19.8;19.0;96.0;92.0;94.0;271.0;0.7;0.3
2023/07/02;0200 UTC;0.0;992.9;993.1;992.9;;19.5;18.9;20.2;19.5;19.3;18.6;97.0;94.0;96.0;237.0;1.8;0.2
2023/07/02;0300 UTC;0.0;992.7;992.9;992.7;;18.8;18.6;19.5;18.7;19.0;18.3;99.0;96.0;99.0;337.0;0.4;0.2
2023/07/02;0400 UTC;0.0;992.4;992.8;992.4;;18.5;17.9;18.8;18.3;18.7;17.7;99.0;95.0;96.0;120.0;1.0;0.3
2023/07/02;0500 UTC;0.0;991.9;992.4;991.9;;18.6;17.8;18.7;18.5;18.2;17.7;98.0;95.0;95.0;162.0;0.9;0.4
2023/07/02;0600 UTC;0.0;991.6;991.9;991.6;;18.3;18.0;18.7;18.3;18.3;17.8;99.0;95.0;98.0;194.0;0.7;0.3
2023/07/02;0700 UTC;0.0;991.5;991.6;991.5;;17.9;17.4;18.3;17.9;18.1;17.3;98.0;96.0;97.0;163.0;1.0;0.4
2023/07/02;0800 UTC;0.0;991.5;991.5;991.4;;18.0;17.0;18.0;17.7;17.3;17.0;97.0;93.0;93.0;150.0;2.3;1.5
2023/07/02;0900 UTC;0.0;991.9;991.9;991.5;;17.8;16.7;18.7;17.8;16.9;16.5;93.0;88.0;93.0;8.0;2.3;0.2
2023/07/02;1000 UTC;0.0;992.6;992.6;991.9;14.6;17.0;16.3;17.8;16.9;17.3;16.2;98.0;93.0;96.0;163.0;2.0;1.2
2023/07/02;1100 UTC;0.0;993.7;993.7;992.6;353.8;21.2;16.8;21.2;17.0;17.1;16.3;96.0;75.0;76.0;132.0;2.0;1.0
2023/07/02;1200 UTC;0.0;994.0;994.0;993.8;1169.6;25.8;16.6;25.8;21.2;16.8;15.7;76.0;56.0;57.0;114.0;4.0;1.9
2023/07/02;1300 UTC;0.0;994.3;994.3;994.0;1668.1;28.2;15.8;28.3;25.8;16.7;15.4;57.0;47.0;47.0;112.0;5.9;2.7
2023/07/02;1400 UTC;0.0;993.7;994.3;993.7;2094.9;30.9;16.5;30.9;27.9;16.8;15.4;49.0;41.0;42.0;125.0;6.1;3.1
2023/07/02;1500 UTC;0.0;992.9;993.7;992.9;2538.6;31.7;14.7;32.1;30.6;17.4;14.2;44.0;35.0;36.0;106.0;6.6;2.9
2023/07/02;1600 UTC;0.0;991.9;992.9;991.9;2723.5;33.0;14.1;33.3;31.7;16.1;14.1;38.0;32.0;32.0;111.0;5.9;2.5
2023/07/02;1700 UTC;0.0;990.9;991.9;990.9;2633.2;33.3;14.0;33.9;32.3;15.5;13.7;35.0;31.0;31.0;76.0;5.0;1.6
2023/07/02;1800 UTC;0.0;990.0;990.9;990.0;2224.7;33.4;13.8;34.1;33.0;15.2;13.3;33.0;29.0;31.0;153.0;4.2;1.8
2023/07/02;1900 UTC;0.0;989.6;990.0;989.6;1588.9;33.9;14.9;34.5;33.1;14.9;13.5;32.0;29.0;32.0;218.0;3.9;1.7
2023/07/02;2000 UTC;0.0;990.0;990.0;989.6;937.4;33.1;15.9;34.1;32.6;15.9;14.5;37.0;32.0;36.0;233.0;4.1;1.1
2023/07/02;2100 UTC;0.0;990.3;990.3;990.0;242.8;26.9;19.0;33.3;26.9;19.0;15.9;62.0;36.0;62.0;251.0;2.5;0.5
2023/07/02;2200 UTC;0.0;990.7;990.7;990.3;;22.9;19.7;26.9;22.9;19.8;19.0;82.0;62.0;82.0;236.0;1.1;0.1
2023/07/02;2300 UTC;0.0;991.2;991.2;990.7;;21.5;19.2;23.0;21.5;19.9;19.1;87.0;80.0;87.0;167.0;1.4;0.4
2023/07/03;0000 UTC;0.0;991.8;991.8;991.2;;20.5;18.9;21.5;20.5;19.3;18.7;91.0;87.0;90.0;170.0;0.9;0.5
2023/07/03;0100 UTC;0.0;992.0;992.0;991.7;;19.8;18.9;20.5;19.8;19.0;18.4;95.0;90.0;95.0;243.0;0.9;0.1
2023/07/03;0200 UTC;0.0;991.9;992.1;991.9;;19.2;18.2;19.8;19.1;18.9;17.9;96.0;92.0;94.0;283.0;0.7;0.4
2023/07/03;0300 UTC;0.0;992.1;992.1;991.8;;18.3;17.6;19.2;18.3;18.4;17.5;97.0;94.0;96.0;141.0;0.7;0.5
2023/07/03;0400 UTC;0.0;992.2;992.3;992.1;;18.9;17.3;19.2;17.9;17.7;17.0;97.0;89.0;90.0;116.0;3.8;0.5
2023/07/03;0500 UTC;0.0;991.5;992.2;991.5;;17.4;16.9;18.9;17.4;17.4;16.9;98.0;90.0;97.0;238.0;1.4;0.4
2023/07/03;0600 UTC;0.0;991.3;991.5;991.2;;17.4;16.7;17.7;17.3;16.9;16.5;97.0;94.0;96.0;261.0;1.0;0.5
2023/07/03;0700 UTC;0.0;991.1;991.3;991.1;;16.9;16.1;17.4;16.6;16.7;15.9;97.0;95.0;95.0;183.0;1.2;0.4
2023/07/03;0800 UTC;0.0;991.4;991.4;991.1;;16.5;15.8;16.9;16.4;16.2;15.5;96.0;94.0;96.0;162.0;1.0;0.4
2023/07/03;0900 UTC;0.0;992.1;992.1;991.4;;15.9;15.5;16.6;15.9;16.0;15.4;98.0;95.0;97.0;181.0;1.1;0.2
2023/07/03;1000 UTC;0.0;992.7;992.7;992.1;14.2;16.3;15.5;16.3;15.6;15.6;15.1;98.0;94.0;95.0;157.0;1.9;0.8
2023/07/03;1100 UTC;0.0;993.7;993.7;992.7;377.2;21.0;16.2;21.0;16.3;16.6;15.4;95.0;74.0;74.0;158.0;2.7;1.4
2023/07/03;1200 UTC;0.0;994.2;994.2;993.7;1131.2;25.2;16.3;25.2;21.0;16.5;15.6;75.0;58.0;58.0;139.0;4.2;2.0
2023/07/03;1300 UTC;0.0;994.5;994.5;994.2;1651.1;27.8;15.5;28.1;25.1;16.4;14.8;58.0;45.0;47.0;128.0;5.7;2.7
2023/07/03;1400 UTC;0.0;994.4;994.6;994.3;2074.8;30.1;16.2;30.2;27.8;16.2;14.8;47.0;42.0;43.0;142.0;6.1;2.9
2023/07/03;1500 UTC;0.0;993.7;994.4;993.7;2562.8;32.2;15.8;32.2;29.7;17.3;15.4;45.0;37.0;37.0;98.0;5.2;2.6
2023/07/03;1600 UTC;0.0;993.0;993.7;993.0;2764.9;33.2;14.0;33.5;32.1;15.9;13.8;37.0;31.0;31.0;128.0;7.9;2.6
2023/07/03;1700 UTC;0.0;992.1;993.0;992.1;2625.0;33.7;13.9;33.8;32.6;15.1;13.2;34.0;29.0;30.0;130.0;6.4;2.8
2023/07/03;1800 UTC;0.0;991.5;992.1;991.4;2204.1;33.6;13.5;34.6;33.4;14.6;13.1;32.0;28.0;30.0;100.0;5.5;2.2
2023/07/03;1900 UTC;0.0;991.1;991.5;991.1;1580.1;34.1;14.3;34.4;33.5;15.6;13.3;33.0;29.0;30.0;109.0;4.6;1.4
2023/07/03;2000 UTC;0.0;991.2;991.2;991.0;922.7;33.1;15.9;34.2;33.0;16.9;13.9;38.0;30.0;36.0;147.0;3.3;1.4
2023/07/03;2100 UTC;0.0;991.5;991.5;991.1;237.3;26.6;19.8;33.2;26.6;20.2;15.4;66.0;34.0;66.0;282.0;2.5;0.5
2023/07/03;2200 UTC;0.0;992.0;992.0;991.5;;23.6;20.4;26.6;23.6;20.7;19.5;82.0;66.0;82.0;177.0;0.8;0.2
2023/07/03;2300 UTC;0.0;992.5;992.5;992.0;;22.1;20.2;23.6;22.1;20.7;20.2;90.0;82.0;89.0;164.0;0.6;0.4
2023/07/04;0000 UTC;0.0;993.0;993.0;992.5;;21.0;19.6;22.1;21.0;20.3;19.5;91.0;89.0;91.0;185.0;0.7;0.4
2023/07/04;0100 UTC;0.0;993.2;993.3;993.0;;20.1;19.3;21.0;20.1;19.7;19.3;96.0;91.0;95.0;188.0;0.7;0.3
2023/07/04;0200 UTC;0.0;993.3;993.4;993.2;;19.4;18.5;20.1;19.4;19.4;18.5;95.0;93.0;95.0;196.0;0.8;0.2
2023/07/04;0300 UTC;0.0;993.3;993.4;993.2;;18.6;17.8;19.4;18.6;18.8;17.8;97.0;94.0;95.0;151.0;0.8;0.3
2023/07/04;0400 UTC;0.0;992.9;993.3;992.9;;18.8;17.4;18.8;18.5;17.9;17.4;95.0;92.0;92.0;170.0;2.2;0.9
2023/07/04;0500 UTC;0.0;992.4;992.9;992.4;;18.7;16.6;19.1;18.3;17.4;16.6;92.0;86.0;88.0;156.0;2.2;1.0
2023/07/04;0600 UTC;0.0;992.0;992.4;992.0;;17.7;17.0;18.8;17.7;17.1;16.5;96.0;87.0;95.0;286.0;1.8;0.4
2023/07/04;0700 UTC;0.0;992.0;992.0;991.9;;16.9;16.7;17.7;16.8;17.2;16.4;99.0;95.0;98.0;149.0;0.8;0.3
2023/07/04;0800 UTC;0.0;992.1;992.1;991.9;;16.4;16.3;17.0;16.3;16.8;16.1;100.0;98.0;99.0;270.0;0.8;0.3
2023/07/04;0900 UTC;0.0;992.4;992.4;992.0;;16.0;15.7;16.5;16.0;16.4;15.6;100.0;97.0;98.0;245.0;0.8;0.3
2023/07/04;1000 UTC;0.0;993.0;993.0;992.4;12.6;16.1;15.7;16.1;15.8;15.7;15.4;98.0;97.0;97.0;147.0;2.2;1.2
2023/07/04;1100 UTC;0.0;993.8;993.8;993.0;388.1;21.7;16.0;21.7;16.1;16.5;15.6;97.0;70.0;70.0;155.0;3.1;1.7
2023/07/04;1200 UTC;0.0;994.3;994.4;993.8;1141.8;24.7;16.2;24.8;21.7;16.5;15.7;70.0;59.0;59.0;152.0;4.8;2.1
2023/07/04;1300 UTC;0.0;994.4;994.5;994.3;1641.0;28.0;16.5;28.1;24.7;16.7;15.6;59.0;48.0;50.0;134.0;4.8;2.1
2023/07/04;1400 UTC;0.0;994.1;994.4;994.1;2067.7;30.5;17.2;30.5;28.0;17.5;15.5;49.0;44.0;45.0;143.0;5.1;2.0
2023/07/04;1500 UTC;0.0;993.4;994.1;993.4;2550.8;32.7;17.0;32.8;30.4;18.1;16.2;45.0;39.0;39.0;88.0;4.3;1.8
2023/07/04;1600 UTC;0.0;992.7;993.4;992.7;2749.0;34.0;15.7;34.1;32.3;17.0;14.8;39.0;32.0;33.0;97.0;4.8;2.7
2023/07/04;1700 UTC;0.0;992.0;992.7;992.0;2612.5;33.8;15.3;34.6;33.3;16.6;14.4;36.0;31.0;33.0;88.0;5.3;2.4
2023/07/04;1800 UTC;0.0;991.3;992.0;991.3;2206.6;34.0;14.7;34.9;33.7;15.6;13.8;34.0;29.0;31.0;111.0;5.5;2.9
2023/07/04;1900 UTC;0.0;991.0;991.3;991.0;1573.7;34.2;14.5;34.3;33.6;15.6;14.0;33.0;30.0;31.0;117.0;5.4;1.9
2023/07/04;2000 UTC;0.0;991.1;991.1;991.0;916.6;32.7;15.9;34.4;32.7;16.2;13.9;37.0;30.0;37.0;158.0;4.5;1.5
2023/07/04;2100 UTC;0.0;991.5;991.5;991.1;233.3;27.0;20.1;32.7;27.0;20.5;15.7;67.0;36.0;66.0;222.0;2.8;0.3
2023/07/04;2200 UTC;0.0;991.8;991.8;991.5;;23.5;20.6;27.0;23.5;20.7;19.9;84.0;65.0;84.0;233.0;0.5;0.1
2023/07/04;2300 UTC;0.0;992.3;992.3;991.8;;21.8;20.4;23.5;21.8;20.7;20.2;91.0;84.0;91.0;189.0;0.5;0.3
2023/07/05;0000 UTC;0.0;992.9;992.9;992.3;;20.6;19.5;21.8;20.6;20.4;19.4;94.0;91.0;94.0;189.0;0.7;0.3
2023/07/05;0100 UTC;0.0;993.4;993.4;992.9;;19.7;19.1;20.6;19.7;19.6;19.0;96.0;94.0;96.0;217.0;0.5;0.2
2023/07/05;0200 UTC;0.0;993.6;993.7;993.4;;18.8;18.4;19.7;18.7;19.2;18.1;98.0;96.0;98.0;235.0;0.4;0.1
2023/07/05;0300 UTC;0.0;993.7;993.7;993.6;;18.0;17.4;18.8;18.0;18.4;17.4;98.0;96.0;97.0;176.0;0.6;0.4
2023/07/05;0400 UTC;0.0;993.5;993.7;993.5;;17.5;17.1;18.0;17.5;17.4;17.0;98.0;95.0;97.0;189.0;0.6;0.3
2023/07/05;0500 UTC;0.0;993.0;993.5;993.0;;17.1;16.8;17.5;17.1;17.1;16.6;98.0;97.0;98.0;200.0;0.6;0.3
2023/07/05;0600 UTC;0.0;992.6;993.0;992.6;;16.8;16.7;17.1;16.6;16.8;16.2;99.0;98.0;99.0;160.0;0.6;0.4
2023/07/05;0700 UTC;0.0;992.6;992.6;992.5;;16.2;16.0;16.8;16.2;16.7;16.0;100.0;98.0;99.0;160.0;0.8;0.2
2023/07/05;0800 UTC;0.0;993.1;993.1;992.6;;16.4;15.9;17.0;16.1;16.5;15.8;100.0;95.0;97.0;160.0;2.1;1.0
2023/07/05;0900 UTC;0.0;993.3;993.3;993.1;;17.6;15.4;17.7;16.2;16.0;15.3;97.0;87.0;87.0;140.0;2.6;1.6
2023/07/05;1000 UTC;0.0;994.0;994.0;993.3;14.1;18.8;15.1;18.9;17.4;15.5;14.9;88.0;78.0;79.0;122.0;3.4;1.9
2023/07/05;1100 UTC;0.0;994.9;994.9;994.0;378.8;21.5;15.2;21.5;18.8;15.3;14.9;79.0;67.0;67.0;123.0;4.9;2.4
2023/07/05;1200 UTC;0.0;995.5;995.5;994.9;1133.0;24.6;15.7;24.6;21.5;15.9;15.0;67.0;58.0;58.0;121.0;5.7;2.8
2023/07/05;1300 UTC;0.0;995.8;995.8;995.5;1636.6;26.8;15.8;27.0;24.6;16.3;15.5;59.0;50.0;51.0;121.0;7.0;3.6
2023/07/05;1400 UTC;0.0;995.7;995.8;995.7;2068.2;29.5;15.9;29.6;26.8;16.2;15.0;51.0;42.0;44.0;113.0;8.1;3.6
2023/07/05;1500 UTC;0.0;995.2;995.7;995.2;2555.2;30.9;15.0;31.0;29.3;15.9;14.6;44.0;38.0;38.0;111.0;9.1;4.3
2023/07/05;1600 UTC;0.0;994.2;995.2;994.2;2739.4;31.8;15.1;32.4;30.6;16.1;14.7;40.0;36.0;36.0;123.0;8.6;3.5
2023/07/05;1700 UTC;0.0;993.1;994.2;993.1;2598.9;31.9;16.2;32.7;31.4;16.3;14.7;39.0;35.0;39.0;103.0;7.4;2.5
2023/07/05;1800 UTC;0.0;992.4;993.1;992.4;2207.0;32.7;15.7;33.4;31.7;16.3;15.1;39.0;35.0;36.0;128.0;6.5;2.8
2023/07/05;1900 UTC;0.0;992.0;992.4;992.0;1588.6;32.9;15.8;33.1;32.3;16.2;15.1;38.0;35.0;36.0;115.0;5.4;2.8
2023/07/05;2000 UTC;0.0;991.9;992.0;991.9;937.6;32.0;16.7;32.9;31.9;16.7;15.3;40.0;35.0;40.0;126.0;5.4;1.7
2023/07/05;2100 UTC;0.0;992.1;992.2;991.9;248.3;26.5;19.8;32.0;26.5;20.2;16.4;68.0;39.0;67.0;143.0;3.6;0.8
2023/07/05;2200 UTC;0.0;992.6;992.6;992.1;;23.2;19.0;26.4;23.2;20.3;19.0;79.0;66.0;77.0;140.0;1.4;0.6
2023/07/05;2300 UTC;0.0;993.1;993.1;992.6;;21.8;18.4;23.2;21.8;19.0;18.0;81.0;77.0;81.0;129.0;1.7;1.1
2023/07/06;0000 UTC;0.0;993.6;993.6;993.1;;21.2;17.5;21.8;21.2;18.6;17.3;83.0;77.0;79.0;137.0;2.1;1.3
2023/07/06;0100 UTC;0.0;994.2;994.2;993.6;;20.1;17.2;21.2;20.1;17.8;17.0;85.0;78.0;84.0;142.0;2.1;1.0
2023/07/06;0200 UTC;0.0;994.4;994.4;994.2;;19.0;17.8;20.1;19.0;17.9;17.2;93.0;83.0;93.0;112.0;1.8;0.6
2023/07/06;0300 UTC;0.0;994.1;994.4;994.1;;19.4;16.7;19.7;18.7;17.8;16.4;93.0;82.0;84.0;116.0;2.7;1.4
2023/07/06;0400 UTC;0.0;994.1;994.2;994.0;;18.0;17.3;19.4;18.0;17.6;16.6;96.0;84.0;96.0;114.0;2.7;0.5
2023/07/06;0500 UTC;0.0;993.5;994.1;993.5;;17.4;16.9;18.0;17.3;17.4;16.5;97.0;93.0;96.0;109.0;1.6;0.7
2023/07/06;0600 UTC;0.0;993.0;993.5;993.0;;17.3;16.9;17.4;17.2;16.9;16.6;98.0;96.0;98.0;112.0;1.8;0.8
2023/07/06;0700 UTC;0.0;993.2;993.2;992.9;;19.3;15.9;19.4;17.1;17.0;15.9;98.0;81.0;81.0;113.0;4.3;1.7
2023/07/06;0800 UTC;0.0;993.4;993.4;993.1;;18.9;14.8;19.3;18.6;15.9;14.8;81.0;77.0;77.0;125.0;3.2;1.7
2023/07/06;0900 UTC;0.0;993.4;993.4;993.3;;17.9;14.6;19.0;17.9;14.9;14.5;81.0;76.0;81.0;119.0;3.5;1.1
2023/07/06;1000 UTC;0.0;994.1;994.1;993.4;15.9;16.7;15.2;18.0;16.4;15.9;14.6;95.0;81.0;91.0;147.0;2.6;0.8
2023/07/06;1100 UTC;0.0;994.8;994.8;994.1;379.4;21.1;14.2;21.1;16.7;15.2;14.2;91.0;65.0;65.0;115.0;4.6;2.3
2023/07/06;1200 UTC;0.0;995.3;995.4;994.8;1135.2;23.4;14.6;23.5;21.1;14.8;14.2;65.0;57.0;58.0;101.0;5.9;2.3
2023/07/06;1300 UTC;0.0;995.6;995.7;995.4;1643.6;26.5;14.5;26.6;23.4;15.7;14.4;59.0;47.0;48.0;99.0;5.5;3.0
2023/07/06;1400 UTC;0.0;995.7;995.8;995.6;2074.2;28.3;14.3;28.5;26.4;14.9;13.3;49.0;41.0;42.0;97.0;8.6;3.0
2023/07/06;1500 UTC;0.0;995.0;995.7;995.0;2552.0;29.8;14.6;30.3;28.2;15.3;13.7;42.0;38.0;40.0;114.0;6.2;2.8
2023/07/06;1600 UTC;0.0;994.2;995.0;994.2;2732.3;31.2;15.0;31.2;29.6;15.7;14.4;41.0;38.0;38.0;95.0;7.0;2.2
2023/07/06;1700 UTC;0.0;993.4;994.2;993.4;2585.2;31.1;14.3;31.7;30.6;15.7;14.1;39.0;36.0;36.0;119.0;5.9;2.6
2023/07/06;1800 UTC;0.0;992.5;993.4;992.5;2194.6;31.7;14.8;32.0;31.0;15.7;14.1;38.0;35.0;36.0;126.0;5.9;2.9
2023/07/06;1900 UTC;0.0;992.0;992.5;992.0;1575.7;31.4;15.0;32.4;31.3;15.6;14.0;38.0;34.0;37.0;99.0;5.4;2.1
2023/07/06;2000 UTC;0.0;991.9;992.0;991.8;931.4;30.7;15.4;32.0;30.7;16.0;14.1;40.0;35.0;40.0;109.0;4.3;1.9
2023/07/06;2100 UTC;0.0;991.9;991.9;991.9;242.0;25.3;19.2;30.8;25.3;19.2;14.9;69.0;38.0;69.0;145.0;3.3;0.2
2023/07/06;2200 UTC;0.0;992.0;992.0;991.9;;22.0;19.1;25.3;22.0;19.7;18.7;83.0;68.0;83.0;163.0;0.5;0.3
2023/07/06;2300 UTC;0.0;992.5;992.5;991.9;;20.5;19.1;22.0;20.5;19.4;19.0;92.0;83.0;91.0;220.0;0.4;0.2
2023/07/07;0000 UTC;0.0;993.2;993.2;992.5;;19.7;18.2;20.5;19.7;19.0;18.0;92.0;89.0;91.0;233.0;2.3;0.5
2023/07/07;0100 UTC;0.0;993.5;993.6;993.2;;18.9;18.3;19.7;18.9;18.4;18.0;96.0;91.0;96.0;183.0;1.3;0.1
2023/07/07;0200 UTC;0.0;993.6;993.7;993.5;;18.3;17.4;18.9;18.2;18.3;17.4;97.0;95.0;95.0;187.0;0.7;0.4
2023/07/07;0300 UTC;0.0;993.5;993.6;993.5;;17.8;17.5;18.4;17.8;17.7;17.1;98.0;93.0;98.0;278.0;0.8;0.2
2023/07/07;0400 UTC;0.0;993.2;993.5;993.2;;17.2;16.7;17.8;17.2;17.5;16.6;99.0;95.0;97.0;232.0;0.9;0.3
2023/07/07;0500 UTC;0.0;992.5;993.2;992.5;;17.5;16.5;17.5;16.9;16.8;16.2;98.0;94.0;94.0;157.0;2.3;1.2
2023/07/07;0600 UTC;0.0;992.1;992.6;992.1;;16.7;16.4;17.8;16.7;16.7;16.1;99.0;93.0;98.0;249.0;2.2;0.2
2023/07/07;0700 UTC;0.0;992.0;992.2;992.0;;15.8;15.6;16.7;15.8;16.5;15.6;100.0;98.0;99.0;187.0;0.5;0.3
2023/07/07;0800 UTC;0.0;992.3;992.3;992.0;;15.8;15.8;16.0;15.6;15.8;15.4;100.0;97.0;100.0;226.0;0.8;0.2
2023/07/07;0900 UTC;0.0;992.8;992.8;992.3;;15.4;15.2;15.8;15.3;15.8;15.1;100.0;99.0;99.0;140.0;1.0;0.5
2023/07/07;1000 UTC;0.0;993.4;993.4;992.8;14.1;15.7;15.7;15.7;15.4;15.7;15.3;100.0;99.0;100.0;129.0;1.9;0.5
2023/07/07;1100 UTC;0.0;994.3;994.3;993.4;367.8;21.2;16.0;21.2;15.7;16.4;15.6;100.0;72.0;72.0;130.0;2.3;1.2
2023/07/07;1200 UTC;0.0;994.9;994.9;994.3;1138.2;24.9;16.1;25.0;21.2;16.3;15.4;73.0;58.0;58.0;120.0;4.3;2.1
2023/07/07;1300 UTC;0.0;995.1;995.2;994.9;1636.2;27.7;15.8;27.9;24.9;17.0;15.8;59.0;48.0;48.0;122.0;5.9;3.1
2023/07/07;1400 UTC;0.0;995.0;995.1;995.0;2063.3;29.5;16.5;29.6;27.6;17.4;16.0;50.0;45.0;46.0;114.0;6.8;3.4
2023/07/07;1500 UTC;0.0;994.2;995.0;994.2;2550.5;31.1;16.2;31.5;29.5;17.6;15.5;48.0;39.0;41.0;114.0;6.8;3.4
2023/07/07;1600 UTC;0.0;993.3;994.2;993.3;2744.4;31.8;15.2;32.8;31.0;17.2;15.2;41.0;36.0;37.0;103.0;6.6;2.4
2023/07/07;1700 UTC;0.0;992.2;993.3;992.2;2606.3;32.6;15.5;33.3;31.7;16.4;14.7;38.0;35.0;36.0;136.0;6.8;3.1
2023/07/07;1800 UTC;0.0;991.5;992.2;991.5;2215.7;32.7;15.7;33.4;32.2;16.3;14.8;37.0;34.0;36.0;111.0;5.4;1.7
2023/07/07;1900 UTC;0.0;991.0;991.5;991.0;1586.2;33.3;15.3;33.5;32.3;15.9;14.8;36.0;34.0;34.0;217.0;4.8;1.2
2023/07/07;2000 UTC;0.0;991.0;991.0;990.9;931.3;32.5;15.4;33.7;32.3;17.4;15.0;41.0;34.0;36.0;129.0;2.6;0.8
2023/07/07;2100 UTC;0.0;991.2;991.2;991.0;247.5;26.6;19.1;32.9;26.5;19.4;15.6;65.0;36.0;64.0;317.0;2.4;0.7
2023/07/07;2200 UTC;0.0;991.4;991.4;991.2;;23.4;20.1;26.6;23.4;20.3;18.9;82.0;63.0;82.0;297.0;1.0;0.3
2023/07/07;2300 UTC;0.0;991.6;991.6;991.4;;21.9;19.9;23.4;21.9;20.2;19.4;88.0;82.0;88.0;169.0;1.4;0.4
2023/07/08;0000 UTC;0.0;991.9;991.9;991.6;;20.9;19.7;21.9;20.9;20.0;19.4;92.0;88.0;92.0;181.0;0.7;0.3
2023/07/08;0100 UTC;0.0;992.2;992.2;991.9;;20.1;18.8;20.9;20.1;19.7;18.6;94.0;90.0;92.0;167.0;0.7;0.4
2023/07/08;0200 UTC;0.0;992.1;992.2;992.1;;19.2;18.2;20.1;19.2;18.9;18.1;94.0;90.0;94.0;144.0;0.8;0.5
2023/07/08;0300 UTC;0.0;991.8;992.2;991.8;;18.9;18.1;19.3;18.9;18.2;17.8;95.0;93.0;95.0;231.0;0.9;0.1
2023/07/08;0400 UTC;0.0;991.6;991.8;991.6;;18.4;18.0;18.9;18.4;18.2;17.8;97.0;95.0;97.0;348.0;0.6;0.3
2023/07/08;0500 UTC;0.0;991.2;991.6;991.2;;17.8;17.3;18.4;17.8;18.1;17.3;98.0;97.0;97.0;212.0;0.7;0.3
2023/07/08;0600 UTC;0.0;990.9;991.2;990.9;;17.6;16.9;17.9;17.6;17.4;16.9;97.0;95.0;96.0;267.0;0.7;0.3
2023/07/08;0700 UTC;0.0;990.7;990.9;990.6;;17.2;17.0;17.6;17.1;17.1;16.6;99.0;96.0;99.0;18.0;0.7;0.3
2023/07/08;0800 UTC;0.0;991.0;991.0;990.6;;16.6;16.4;17.4;16.6;17.2;16.4;99.0;98.0;99.0;192.0;0.9;0.4
2023/07/08;0900 UTC;0.0;991.6;991.6;991.0;;16.5;16.2;16.7;16.4;16.5;15.9;99.0;97.0;98.0;216.0;0.6;0.3
2023/07/08;1000 UTC;0.0;992.2;992.2;991.5;12.6;16.5;16.3;16.5;16.3;16.3;15.9;99.0;98.0;98.0;230.0;0.6;0.3
2023/07/08;1100 UTC;0.0;993.3;993.3;992.2;367.5;22.3;17.4;22.3;16.5;18.2;16.0;99.0;74.0;74.0;162.0;2.9;0.9
2023/07/08;1200 UTC;0.0;993.9;993.9;993.3;1126.7;25.4;17.2;25.7;22.3;17.9;16.8;74.0;60.0;60.0;147.0;3.6;1.7
2023/07/08;1300 UTC;0.0;994.2;994.2;993.9;1625.1;29.0;18.1;29.0;25.4;18.3;17.2;62.0;52.0;52.0;147.0;4.2;1.7
2023/07/08;1400 UTC;0.0;994.0;994.3;994.0;2040.0;31.3;18.2;31.3;28.6;18.7;17.4;53.0;46.0;46.0;167.0;4.5;1.8
2023/07/08;1500 UTC;0.0;993.4;994.0;993.4;2515.4;32.6;16.6;33.1;30.8;18.7;16.4;47.0;37.0;38.0;155.0;6.1;1.9
2023/07/08;1600 UTC;0.0;992.6;993.4;992.6;2711.1;33.3;17.6;34.2;32.2;18.2;16.5;42.0;37.0;39.0;16.0;6.1;1.6
2023/07/08;1700 UTC;0.0;991.8;992.6;991.8;2582.9;33.5;16.8;34.4;32.9;18.4;16.6;41.0;36.0;37.0;111.0;4.7;1.3
2023/07/08;1800 UTC;0.0;991.1;991.8;991.1;2196.5;33.7;17.7;34.7;33.1;17.7;16.6;39.0;36.0;39.0;116.0;4.8;1.9
2023/07/08;1900 UTC;0.0;990.9;991.1;990.8;1581.4;33.8;18.3;34.5;33.2;18.3;16.9;40.0;36.0;40.0;40.0;4.2;0.9
2023/07/08;2000 UTC;0.0;991.1;991.1;990.8;926.8;34.3;19.7;34.5;33.2;19.7;17.0;42.0;36.0;42.0;291.0;2.3;0.8
2023/07/08;2100 UTC;0.0;991.3;991.3;991.1;245.8;27.7;21.4;34.2;27.7;21.7;18.5;69.0;40.0;69.0;276.0;1.9;0.2
2023/07/08;2200 UTC;0.0;991.6;991.6;991.3;;24.8;21.8;27.7;24.8;22.0;21.3;83.0;69.0;83.0;89.0;0.9;0.3
2023/07/08;2300 UTC;0.0;992.2;992.2;991.6;;23.4;21.5;24.8;23.4;21.7;21.4;89.0;82.0;89.0;178.0;0.7;0.3
2023/07/09;0000 UTC;0.0;992.6;992.6;992.2;;22.5;21.2;23.4;22.5;21.5;21.1;93.0;89.0;93.0;182.0;0.9;0.4
2023/07/09;0100 UTC;0.0;992.9;992.9;992.6;;21.7;20.5;22.5;21.7;21.1;20.4;94.0;92.0;93.0;169.0;0.9;0.5
2023/07/09;0200 UTC;0.0;992.9;993.0;992.9;;21.2;20.0;21.7;21.2;20.6;20.0;94.0;93.0;93.0;284.0;1.0;0.2
2023/07/09;0300 UTC;0.0;993.0;993.0;992.9;;20.3;19.7;21.2;20.3;20.0;19.7;96.0;93.0;96.0;161.0;0.6;0.3
2023/07/09;0400 UTC;0.0;992.8;993.0;992.8;;19.7;19.5;20.3;19.6;19.9;19.4;99.0;96.0;99.0;2.0;0.5;0.1
2023/07/09;0500 UTC;0.0;992.2;992.8;992.2;;19.1;19.0;19.7;19.1;19.5;18.9;99.0;98.0;99.0;263.0;0.5;0.1
2023/07/09;0600 UTC;0.0;991.7;992.2;991.6;;18.5;18.2;19.1;18.4;19.0;18.2;100.0;98.0;98.0;160.0;0.7;0.4
2023/07/09;0700 UTC;0.0;991.6;991.7;991.6;;18.4;18.1;18.6;18.2;18.3;17.8;99.0;97.0;98.0;136.0;0.7;0.1
2023/07/09;0800 UTC;0.0;992.0;992.1;991.6;;18.1;17.8;18.4;18.0;18.1;17.5;99.0;96.0;98.0;17.0;0.9;0.2
2023/07/09;0900 UTC;0.0;992.3;992.3;992.0;;17.8;17.6;18.2;17.6;18.0;17.3;99.0;98.0;99.0;165.0;0.6;0.2
2023/07/09;1000 UTC;0.0;992.6;992.6;992.3;12.7;17.7;17.6;17.8;17.4;17.7;17.2;100.0;98.0;99.0;54.0;0.8;0.3
2023/07/09;1100 UTC;0.0;993.5;993.5;992.6;374.6;23.3;19.1;23.3;17.7;19.1;17.7;100.0;77.0;77.0;121.0;1.8;0.5
2023/07/09;1200 UTC;0.0;994.1;994.1;993.5;1138.6;26.1;19.5;26.1;23.3;19.5;18.6;77.0;66.0;67.0;148.0;4.1;2.0
2023/07/09;1300 UTC;0.0;994.2;994.3;994.1;1633.7;29.5;19.7;29.5;26.1;20.1;19.1;68.0;56.0;56.0;162.0;4.4;2.6
2023/07/09;1400 UTC;0.0;993.8;994.2;993.8;2056.2;32.1;19.2;32.1;29.4;20.0;18.7;56.0;46.0;47.0;145.0;5.1;3.0
2023/07/09;1500 UTC;0.0;993.1;993.8;993.1;2535.0;33.2;18.5;33.9;31.8;19.6;17.8;47.0;40.0;42.0;134.0;5.4;2.9
2023/07/09;1600 UTC;0.0;992.3;993.1;992.3;2713.5;34.3;17.8;34.8;33.1;18.8;17.4;42.0;36.0;38.0;171.0;5.4;2.0
2023/07/09;1700 UTC;0.0;991.5;992.3;991.5;2577.4;34.1;17.6;35.4;33.6;18.4;17.0;39.0;35.0;38.0;181.0;5.9;1.8
2023/07/09;1800 UTC;0.0;990.8;991.5;990.8;2203.3;34.5;18.0;35.5;34.0;18.9;17.4;39.0;35.0;38.0;192.0;4.8;1.8
2023/07/09;1900 UTC;0.0;990.6;990.8;990.6;1587.8;34.9;18.5;35.3;34.1;18.8;17.5;40.0;36.0;38.0;204.0;5.1;1.6
2023/07/09;2000 UTC;0.0;990.7;990.7;990.6;947.0;34.5;19.7;35.0;33.6;19.7;17.6;43.0;38.0;42.0;232.0;4.3;1.1
2023/07/09;2100 UTC;0.0;991.1;991.1;990.7;256.7;28.8;21.7;34.5;28.8;21.9;19.4;66.0;41.0;66.0;208.0;2.6;0.2
2023/07/09;2200 UTC;0.0;991.4;991.4;991.1;;24.7;21.7;28.8;24.7;22.1;21.6;84.0;66.0;84.0;302.0;0.7;0.3
2023/07/09;2300 UTC;0.0;991.9;991.9;991.4;;23.3;21.6;24.7;23.3;22.0;21.4;90.0;84.0;90.0;183.0;0.7;0.1
2023/07/10;0000 UTC;0.0;992.4;992.4;991.9;;22.2;21.4;23.5;22.1;21.8;21.3;96.0;89.0;96.0;38.0;1.3;0.1
2023/07/10;0100 UTC;0.0;992.5;992.7;992.4;;21.4;20.8;22.2;21.4;21.4;20.6;96.0;94.0;96.0;315.0;0.9;0.4
2023/07/10;0200 UTC;0.0;992.5;992.6;992.5;;20.9;20.1;21.7;20.9;20.9;19.9;96.0;93.0;96.0;195.0;1.1;0.5
2023/07/10;0300 UTC;0.0;992.3;992.5;992.3;;20.5;20.0;20.9;20.4;20.2;19.8;98.0;95.0;97.0;207.0;2.9;0.3
2023/07/10;0400 UTC;0.0;992.1;992.3;992.1;;19.7;19.4;20.6;19.7;20.1;19.3;99.0;95.0;98.0;206.0;1.3;0.2
2023/07/10;0500 UTC;0.0;991.6;992.1;991.6;;19.1;18.8;19.7;19.1;19.4;18.5;99.0;97.0;98.0;195.0;0.4;0.1
2023/07/10;0600 UTC;0.0;991.2;991.6;991.2;;18.5;18.2;19.1;18.5;18.8;18.1;98.0;97.0;98.0;233.0;0.4;0.2
2023/07/10;0700 UTC;0.0;991.5;991.5;991.2;;18.1;17.8;18.5;18.0;18.3;17.6;99.0;97.0;98.0;176.0;0.8;0.4
2023/07/10;0800 UTC;0.0;991.6;991.6;991.4;;17.6;17.4;18.1;17.6;17.9;17.4;99.0;97.0;99.0;189.0;0.8;0.2
2023/07/10;0900 UTC;0.0;992.1;992.1;991.6;;17.4;17.2;17.6;17.2;17.5;17.0;99.0;99.0;99.0;281.0;0.5;0.2
2023/07/10;1000 UTC;0.0;992.4;992.4;992.0;11.9;17.0;17.0;17.4;16.8;17.2;16.7;100.0;98.0;100.0;29.0;0.7;0.3
2023/07/10;1100 UTC;0.0;993.3;993.3;992.4;379.8;22.8;19.0;22.8;17.0;19.2;17.0;100.0;79.0;79.0;171.0;1.5;0.4
2023/07/10;1200 UTC;0.0;993.9;993.9;993.3;1163.8;26.0;18.6;26.2;22.7;18.9;17.8;79.0;62.0;64.0;117.0;4.5;2.2
2023/07/10;1300 UTC;0.0;994.2;994.2;993.9;1655.5;29.1;19.0;29.1;26.0;19.0;17.7;65.0;53.0;55.0;103.0;4.4;1.9
2023/07/10;1400 UTC;0.0;993.8;994.2;993.8;2076.6;31.0;18.8;31.1;29.0;19.4;18.3;55.0;47.0;48.0;137.0;4.6;2.5
2023/07/10;1500 UTC;0.0;993.2;993.8;993.2;2551.6;33.3;18.3;33.5;30.7;19.5;18.1;50.0;41.0;41.0;162.0;4.6;2.0
2023/07/10;1600 UTC;0.0;992.1;993.2;992.1;2721.7;34.9;18.1;35.5;32.8;18.7;17.2;42.0;35.0;37.0;137.0;4.5;1.6
2023/07/10;1700 UTC;0.0;991.1;992.1;991.1;2607.8;35.0;16.1;35.3;33.8;18.3;15.1;38.0;30.0;33.0;69.0;5.3;1.9
2023/07/10;1800 UTC;0.0;990.3;991.1;990.3;2252.7;35.5;14.3;35.9;34.7;15.9;12.9;33.0;26.0;28.0;96.0;5.0;1.5
2023/07/10;1900 UTC;0.0;990.2;990.3;990.1;1592.7;35.9;15.8;36.1;34.5;17.1;12.9;34.0;26.0;30.0;237.0;3.9;1.3
2023/07/10;2000 UTC;0.0;990.3;990.3;990.1;962.4;35.1;17.7;36.0;34.5;17.8;15.9;36.0;30.0;36.0;221.0;3.0;1.0
2023/07/10;2100 UTC;0.0;990.5;990.5;990.3;262.8;28.5;21.2;35.1;28.5;21.2;17.8;65.0;36.0;65.0;211.0;2.5;0.3
2023/07/10;2200 UTC;0.0;990.7;990.7;990.5;;25.1;21.8;28.5;25.1;21.8;21.3;82.0;65.0;82.0;218.0;0.8;0.1
2023/07/10;2300 UTC;0.0;991.2;991.2;990.7;;23.6;21.5;25.1;23.6;21.8;21.3;88.0;82.0;88.0;160.0;0.6;0.3
2023/07/11;0000 UTC;0.0;991.7;991.7;991.2;;22.4;20.7;23.6;22.4;21.4;20.7;90.0;87.0;90.0;169.0;0.7;0.4
2023/07/11;0100 UTC;0.0;991.8;991.9;991.7;;21.6;20.5;22.4;21.6;21.0;20.5;93.0;90.0;93.0;195.0;0.7;0.3
2023/07/11;0200 UTC;0.0;992.0;992.0;991.8;;20.8;19.9;21.6;20.8;20.4;19.9;95.0;93.0;94.0;155.0;0.7;0.5
2023/07/11;0300 UTC;0.0;992.0;992.1;991.9;;20.1;19.5;20.8;20.1;19.8;19.5;97.0;94.0;97.0;66.0;0.9;0.1
2023/07/11;0400 UTC;0.0;991.6;992.0;991.6;;19.5;18.8;20.1;19.5;19.5;18.8;98.0;95.0;96.0;243.0;0.7;0.2
2023/07/11;0500 UTC;0.0;991.3;991.6;991.3;;19.2;18.7;19.5;19.2;19.1;18.5;97.0;95.0;96.0;278.0;0.5;0.3
2023/07/11;0600 UTC;0.0;990.9;991.4;990.9;;18.9;18.7;19.4;18.8;18.8;18.4;99.0;96.0;99.0;184.0;0.6;0.2
2023/07/11;0700 UTC;0.0;990.7;990.9;990.7;;18.6;18.0;18.9;18.5;18.7;17.9;99.0;96.0;96.0;227.0;0.6;0.3
2023/07/11;0800 UTC;0.0;990.9;990.9;990.7;;18.6;18.4;18.7;18.5;18.4;17.9;99.0;96.0;98.0;351.0;0.6;0.2
2023/07/11;0900 UTC;0.0;991.3;991.3;990.9;;18.4;18.2;18.7;18.3;18.4;17.9;99.0;97.0;99.0;5.0;1.2;0.4
2023/07/11;1000 UTC;0.0;991.8;991.8;991.3;13.2;18.2;17.9;18.5;18.1;18.2;17.8;99.0;97.0;99.0;313.0;1.6;0.4
2023/07/11;1100 UTC;0.0;992.7;992.7;991.8;356.2;23.1;18.4;23.2;18.2;18.9;17.9;99.0;74.0;74.0;153.0;1.0;0.4
2023/07/11;1200 UTC;0.0;993.3;993.4;992.7;1102.5;27.5;18.9;27.5;23.1;19.5;18.2;77.0;60.0;60.0;37.0;1.7;0.7
2023/07/11;1300 UTC;0.0;993.4;993.5;993.3;1601.1;29.8;19.9;29.9;27.5;20.0;19.0;62.0;54.0;56.0;62.0;2.9;1.6
2023/07/11;1400 UTC;0.0;993.2;993.4;993.2;1989.9;31.3;21.2;31.3;29.3;21.2;19.1;56.0;52.0;55.0;51.0;3.9;1.8
2023/07/11;1500 UTC;0.0;992.6;993.2;992.6;2242.7;32.7;21.3;32.9;31.2;21.9;20.6;55.0;50.0;51.0;47.0;5.7;2.2
2023/07/11;1600 UTC;0.0;991.8;992.6;991.8;2673.2;33.1;20.9;34.2;32.7;22.0;20.5;52.0;46.0;49.0;336.0;5.7;2.6
2023/07/11;1700 UTC;0.0;990.9;991.8;990.9;2596.4;34.3;21.3;35.2;33.0;21.9;20.1;50.0;45.0;47.0;15.0;5.4;1.5
2023/07/11;1800 UTC;0.0;990.0;990.9;990.0;2205.5;34.1;20.6;35.0;33.5;21.9;20.1;49.0;43.0;45.0;351.0;5.0;2.0
2023/07/11;1900 UTC;0.0;989.6;990.0;989.6;1582.0;34.4;21.1;35.3;33.7;21.5;20.2;48.0;43.0;46.0;322.0;4.1;1.6
2023/07/11;2000 UTC;0.0;989.5;989.6;989.5;941.5;33.7;22.0;34.6;33.7;22.0;20.6;50.0;45.0;50.0;51.0;3.3;0.9
2023/07/11;2100 UTC;0.0;989.8;989.8;989.5;291.9;29.6;22.7;34.1;29.6;22.8;21.2;67.0;47.0;67.0;90.0;5.0;0.5
2023/07/11;2200 UTC;0.0;989.9;989.9;989.8;;26.1;23.3;29.6;26.1;23.3;22.6;84.0;67.0;84.0;275.0;1.8;0.5
2023/07/11;2300 UTC;0.0;990.3;990.3;989.8;;24.7;23.2;26.1;24.7;23.3;23.0;91.0;84.0;91.0;137.0;1.5;0.4
2023/07/12;0000 UTC;0.0;990.7;990.7;990.3;;23.9;22.8;24.7;23.9;23.2;22.8;94.0;91.0;93.0;144.0;0.6;0.2
2023/07/12;0100 UTC;0.0;990.8;990.9;990.7;;23.3;22.6;24.0;23.3;23.0;22.4;96.0;93.0;96.0;292.0;1.0;0.2
2023/07/12;0200 UTC;0.0;990.8;991.0;990.8;;22.8;22.3;23.3;22.8;22.7;22.1;97.0;95.0;97.0;165.0;0.6;0.3
2023/07/12;0300 UTC;0.0;990.5;990.8;990.5;;22.2;21.8;22.8;22.2;22.4;21.7;98.0;97.0;98.0;309.0;0.6;0.3
2023/07/12;0400 UTC;0.0;990.2;990.5;990.2;;21.8;21.5;22.2;21.8;21.9;21.4;99.0;98.0;99.0;230.0;0.6;0.2
2023/07/12;0500 UTC;0.0;989.6;990.2;989.6;;21.3;21.2;21.8;21.1;21.5;21.0;100.0;98.0;99.0;51.0;1.1;0.3
2023/07/12;0600 UTC;0.0;989.4;989.7;989.4;;20.9;20.7;21.3;20.8;21.2;20.4;100.0;97.0;99.0;217.0;1.0;0.1
2023/07/12;0700 UTC;0.0;989.0;989.4;989.0;;20.4;20.4;20.9;20.4;20.8;20.4;100.0;99.0;100.0;326.0;0.5;0.3
2023/07/12;0800 UTC;0.0;989.2;989.2;988.9;;20.1;20.1;20.6;20.1;20.5;20.1;100.0;99.0;100.0;112.0;0.5;0.2
2023/07/12;0900 UTC;0.0;989.3;989.3;989.2;;19.6;19.5;20.2;19.6;20.1;19.5;100.0;99.0;100.0;156.0;0.5;0.1
2023/07/12;1000 UTC;0.0;989.8;989.8;989.3;12.7;19.6;19.5;19.8;19.4;19.8;19.4;100.0;100.0;100.0;;0.5;0.1
2023/07/12;1100 UTC;0.0;990.4;990.4;989.8;362.1;25.2;21.4;25.2;19.6;21.4;19.5;100.0;79.0;79.0;108.0;1.5;0.8
2023/07/12;1200 UTC;0.0;991.0;991.0;990.4;1104.5;29.3;22.6;29.3;25.2;22.6;21.6;80.0;66.0;67.0;70.0;1.7;0.7
2023/07/12;1300 UTC;0.0;991.1;991.2;991.0;1594.8;31.2;22.3;31.2;29.3;22.7;21.5;67.0;59.0;59.0;160.0;3.5;1.7
2023/07/12;1400 UTC;0.0;990.8;991.1;990.8;2001.7;33.0;20.4;33.6;30.8;22.6;20.2;60.0;47.0;48.0;107.0;3.8;1.7
2023/07/12;1500 UTC;0.0;990.0;990.8;990.0;2488.1;34.1;20.8;34.6;32.7;20.9;20.0;49.0;43.0;46.0;345.0;3.7;1.1
2023/07/12;1600 UTC;0.0;989.0;990.0;989.0;2719.6;35.1;18.4;35.4;33.7;21.3;18.3;47.0;37.0;37.0;98.0;5.1;1.6
2023/07/12;1700 UTC;0.0;987.9;989.0;987.9;2601.1;34.8;18.4;35.7;34.5;19.1;17.5;40.0;35.0;38.0;95.0;5.6;2.2
2023/07/12;1800 UTC;0.0;987.3;987.9;987.3;2251.9;35.7;19.2;36.2;34.4;19.2;17.3;40.0;35.0;38.0;207.0;5.6;1.9
2023/07/12;1900 UTC;0.0;987.1;987.3;987.1;1600.8;35.5;19.0;36.2;34.8;20.0;17.7;39.0;35.0;38.0;224.0;4.2;1.5
2023/07/12;2000 UTC;0.0;987.3;987.3;987.1;931.6;34.8;19.5;35.9;34.4;19.5;17.8;41.0;36.0;41.0;195.0;3.6;1.2
2023/07/12;2100 UTC;0.0;987.7;987.7;987.3;254.5;28.9;22.4;35.2;28.9;22.5;19.8;68.0;41.0;68.0;316.0;2.1;0.5
2023/07/12;2200 UTC;0.0;988.4;988.4;987.7;;26.1;22.9;28.9;26.1;23.0;22.5;82.0;68.0;82.0;184.0;0.8;0.4
2023/07/12;2300 UTC;0.0;988.9;988.9;988.4;;24.8;22.6;26.1;24.8;23.0;22.5;88.0;82.0;87.0;202.0;0.6;0.2
2023/07/13;0000 UTC;0.0;989.5;989.5;988.9;;23.7;22.1;24.8;23.7;22.9;22.1;92.0;87.0;91.0;209.0;0.6;0.2
2023/07/13;0100 UTC;0.0;989.8;989.8;989.5;;22.8;22.1;23.7;22.8;22.3;21.9;96.0;91.0;96.0;210.0;0.5;0.2
2023/07/13;0200 UTC;0.0;990.0;990.0;989.8;;22.8;21.2;23.1;22.0;22.1;21.1;97.0;89.0;90.0;92.0;3.4;1.2
2023/07/13;0300 UTC;0.0;989.9;990.1;989.9;;21.5;21.0;22.8;21.5;21.4;20.9;97.0;90.0;97.0;305.0;2.7;0.3
2023/07/13;0400 UTC;0.0;989.8;989.9;989.8;;20.8;20.4;21.5;20.7;21.0;20.3;98.0;96.0;98.0;177.0;0.7;0.4
2023/07/13;0500 UTC;0.0;989.2;989.8;989.2;;20.5;20.0;20.9;20.4;20.6;19.8;99.0;96.0;97.0;178.0;0.6;0.4
2023/07/13;0600 UTC;0.0;989.0;989.2;988.9;;20.0;19.7;20.5;20.0;20.2;19.7;99.0;97.0;98.0;215.0;0.6;0.2
2023/07/13;0700 UTC;0.0;989.2;989.2;988.9;;19.6;19.4;20.0;19.6;19.8;19.4;99.0;97.0;99.0;171.0;0.4;0.2
2023/07/13;0800 UTC;0.0;989.7;989.7;989.2;;19.3;19.1;19.7;19.3;19.5;19.0;99.0;98.0;99.0;159.0;0.5;0.2
2023/07/13;0900 UTC;0.0;990.2;990.2;989.7;;19.2;19.1;19.4;19.1;19.4;19.1;100.0;99.0;100.0;78.0;0.5;0.3
2023/07/13;1000 UTC;0.0;990.5;990.5;990.2;13.3;19.1;18.9;19.4;19.1;19.3;18.9;100.0;98.0;99.0;127.0;1.1;0.5
2023/07/13;1100 UTC;0.0;991.5;991.5;990.5;352.0;24.2;19.7;24.3;19.1;20.4;19.0;99.0;76.0;76.0;305.0;1.3;0.2
2023/07/13;1200 UTC;0.0;992.0;992.0;991.5;1042.9;28.1;20.8;28.3;24.1;21.1;19.3;76.0;62.0;65.0;99.0;1.7;0.8
2023/07/13;1300 UTC;0.0;992.4;992.4;992.0;1570.2;30.8;19.8;31.1;28.1;21.2;19.6;66.0;51.0;52.0;147.0;2.4;1.2
2023/07/13;1400 UTC;0.0;991.9;992.4;991.9;1995.1;33.6;17.5;33.6;30.8;21.4;17.5;55.0;38.0;38.0;74.0;2.4;1.5
2023/07/13;1500 UTC;0.0;991.2;991.9;991.2;2484.0;34.6;15.3;34.9;33.3;18.3;14.6;41.0;30.0;32.0;55.0;2.7;1.5
2023/07/13;1600 UTC;0.0;990.1;991.2;990.1;2692.4;35.5;14.9;35.7;34.6;16.9;13.7;35.0;28.0;29.0;153.0;3.9;1.6
2023/07/13;1700 UTC;0.0;989.1;990.1;989.1;2562.4;35.7;14.1;36.6;35.1;17.6;14.1;34.0;27.0;28.0;74.0;4.0;1.8
2023/07/13;1800 UTC;0.0;988.4;989.1;988.4;2199.9;36.0;15.3;36.3;35.5;16.1;13.5;31.0;26.0;29.0;95.0;4.2;1.3
2023/07/13;1900 UTC;0.0;988.2;988.4;988.2;1605.8;35.7;16.1;36.9;35.4;16.4;15.2;31.0;28.0;31.0;284.0;3.8;1.6
2023/07/13;2000 UTC;0.0;988.2;988.3;988.2;935.9;36.4;16.7;36.4;35.3;17.3;15.8;34.0;30.0;31.0;248.0;3.0;1.0
2023/07/13;2100 UTC;0.0;988.4;988.5;988.2;250.5;28.2;21.6;36.4;28.2;22.4;16.6;68.0;31.0;67.0;149.0;1.8;0.3
2023/07/13;2200 UTC;0.0;988.8;988.8;988.4;;25.2;21.8;28.2;25.2;22.5;21.3;82.0;67.0;81.0;195.0;0.8;0.1
2023/07/13;2300 UTC;0.0;989.3;989.3;988.8;;23.6;21.9;25.2;23.6;22.0;21.7;90.0;81.0;90.0;168.0;0.5;0.2
2023/07/14;0000 UTC;0.0;989.8;989.8;989.3;;22.6;21.1;23.6;22.6;22.0;21.1;92.0;90.0;91.0;168.0;1.0;0.6
2023/07/14;0100 UTC;0.0;990.3;990.3;989.8;;22.0;20.7;22.7;22.0;21.5;20.5;94.0;90.0;92.0;297.0;1.0;0.3
2023/07/14;0200 UTC;0.0;990.5;990.6;990.3;;21.2;20.2;22.0;21.1;21.0;20.1;96.0;92.0;94.0;281.0;1.1;0.3
2023/07/14;0300 UTC;0.0;990.3;990.5;990.3;;20.3;20.0;21.2;20.3;20.5;19.9;98.0;94.0;98.0;304.0;0.7;0.1
2023/07/14;0400 UTC;0.0;990.1;990.3;990.1;;19.6;19.2;20.3;19.6;20.0;19.0;99.0;96.0;97.0;138.0;0.7;0.4
2023/07/14;0500 UTC;0.0;989.7;990.2;989.7;;19.1;18.9;19.7;19.1;19.2;18.9;99.0;97.0;99.0;243.0;0.7;0.2
2023/07/14;0600 UTC;0.0;989.5;989.7;989.4;;18.7;18.5;19.1;18.6;19.0;18.5;100.0;99.0;99.0;299.0;0.5;0.4
2023/07/14;0700 UTC;0.0;989.5;989.6;989.4;;18.0;17.8;18.7;18.0;18.6;17.8;100.0;98.0;99.0;223.0;0.7;0.3
2023/07/14;0800 UTC;0.0;990.0;990.0;989.5;;17.8;17.7;18.1;17.6;17.9;17.4;100.0;99.0;100.0;181.0;0.5;0.2
2023/07/14;0900 UTC;0.0;990.3;990.3;990.0;;17.6;17.5;17.9;17.4;17.9;17.3;100.0;99.0;100.0;67.0;0.6;0.3
2023/07/14;1000 UTC;0.0;990.9;990.9;990.3;13.1;17.4;17.1;17.6;17.1;17.6;16.9;100.0;97.0;98.0;281.0;1.6;0.4
2023/07/14;1100 UTC;0.0;991.9;991.9;990.9;364.6;23.0;19.7;23.0;17.4;19.8;17.1;100.0;82.0;82.0;147.0;1.1;0.2
2023/07/14;1200 UTC;0.0;992.2;992.2;991.9;1133.7;28.7;19.9;28.7;23.0;20.1;18.5;82.0;59.0;59.0;73.0;1.5;0.5
2023/07/14;1300 UTC;0.0;992.4;992.4;992.2;1626.2;30.8;19.0;30.9;28.3;20.4;17.9;61.0;48.0;50.0;151.0;2.3;1.1
2023/07/14;1400 UTC;0.0;992.1;992.4;992.1;2044.5;33.0;17.3;33.0;30.5;20.3;16.9;52.0;38.0;39.0;142.0;4.2;2.6
2023/07/14;1500 UTC;0.0;991.4;992.1;991.4;2534.2;32.9;19.4;34.3;31.8;20.6;17.4;50.0;38.0;45.0;180.0;6.7;2.5
2023/07/14;1600 UTC;0.0;990.4;991.4;990.4;2747.0;33.7;18.7;34.0;32.7;20.3;18.4;47.0;41.0;41.0;215.0;5.6;2.0
2023/07/14;1700 UTC;0.0;989.5;990.5;989.5;2604.9;34.3;17.9;35.2;33.4;19.2;17.8;43.0;37.0;38.0;237.0;4.9;2.5
2023/07/14;1800 UTC;0.0;988.6;989.5;988.6;2245.2;34.3;17.1;35.5;33.8;18.4;16.9;39.0;35.0;36.0;211.0;4.8;2.1
2023/07/14;1900 UTC;0.0;988.3;988.6;988.3;1642.1;34.6;16.8;35.9;34.1;17.7;16.4;37.0;32.0;35.0;212.0;4.1;1.5
2023/07/14;2000 UTC;0.0;988.4;988.4;988.3;970.3;34.9;18.7;35.2;34.1;18.7;15.9;39.0;33.0;39.0;214.0;3.8;0.9
2023/07/14;2100 UTC;0.0;988.5;988.5;988.4;236.5;29.2;20.8;34.9;29.2;21.1;18.4;61.0;38.0;61.0;199.0;2.4;0.5
2023/07/14;2200 UTC;0.0;988.9;988.9;988.5;;24.6;20.8;29.2;24.6;21.9;20.7;80.0;61.0;80.0;302.0;2.0;0.4
2023/07/14;2300 UTC;0.0;989.4;989.4;988.9;;23.1;20.8;24.6;23.1;21.0;20.4;87.0;80.0;87.0;270.0;0.8;0.3
2023/07/15;0000 UTC;0.0;990.0;990.0;989.4;;21.9;20.4;23.1;21.9;21.0;20.4;92.0;87.0;92.0;242.0;0.5;0.3
2023/07/15;0100 UTC;0.0;990.4;990.4;990.0;;21.3;20.0;21.9;21.3;20.7;19.9;94.0;90.0;93.0;196.0;1.2;0.4
2023/07/15;0200 UTC;0.0;990.4;990.5;990.4;;20.8;19.6;21.3;20.6;20.0;19.5;94.0;92.0;93.0;191.0;0.7;0.4
2023/07/15;0300 UTC;0.0;990.3;990.5;990.3;;20.3;19.3;20.8;20.3;19.6;19.2;94.0;91.0;94.0;243.0;1.4;0.3
2023/07/15;0400 UTC;0.0;990.0;990.4;990.0;;20.3;18.9;20.4;20.1;19.2;18.7;94.0;91.0;92.0;172.0;1.5;0.7
2023/07/15;0500 UTC;0.0;989.6;990.0;989.6;;21.8;18.8;22.0;20.2;19.2;18.6;92.0;83.0;83.0;187.0;2.8;0.8
2023/07/15;0600 UTC;0.0;989.3;989.6;989.2;;20.4;18.8;21.8;19.8;19.0;18.6;94.0;83.0;90.0;208.0;2.4;0.8
2023/07/15;0700 UTC;0.0;989.4;989.5;989.3;;20.9;18.4;21.4;20.4;18.9;18.4;90.0;84.0;86.0;195.0;3.0;1.2
2023/07/15;0800 UTC;0.0;989.7;989.8;989.4;;20.1;17.9;21.1;20.1;18.4;17.9;87.0;84.0;87.0;190.0;3.4;1.5
2023/07/15;0900 UTC;0.0;990.1;990.3;989.7;;18.4;17.3;20.1;18.4;18.0;17.3;94.0;87.0;94.0;159.0;3.0;0.5
2023/07/15;1000 UTC;0.0;991.0;991.0;990.1;9.9;18.8;17.4;19.4;18.0;18.1;16.8;96.0;90.0;92.0;174.0;2.8;0.7
2023/07/15;1100 UTC;0.0;991.9;991.9;991.0;346.7;21.8;18.7;21.8;18.7;18.7;17.4;92.0;83.0;83.0;167.0;2.6;1.0
2023/07/15;1200 UTC;0.0;992.7;992.7;991.9;1114.0;24.4;18.8;24.4;21.8;18.9;18.4;82.0;71.0;71.0;146.0;3.9;2.2
2023/07/15;1300 UTC;0.0;992.8;992.8;992.6;1630.4;27.1;19.5;27.1;24.4;19.6;18.6;71.0;62.0;63.0;159.0;4.7;2.2
2023/07/15;1400 UTC;0.0;992.4;992.8;992.4;2052.0;30.1;19.6;30.4;26.9;20.2;19.2;64.0;53.0;53.0;156.0;5.7;3.0
2023/07/15;1500 UTC;0.0;991.7;992.4;991.7;2541.4;32.0;19.5;32.5;30.0;20.6;19.3;55.0;47.0;48.0;178.0;5.9;2.7
2023/07/15;1600 UTC;0.0;990.8;991.7;990.8;2743.9;33.6;18.2;34.1;32.0;19.9;17.8;48.0;39.0;40.0;178.0;5.6;3.0
2023/07/15;1700 UTC;0.0;989.8;990.8;989.8;2604.0;34.9;17.5;35.1;33.6;18.4;16.1;40.0;34.0;36.0;98.0;5.6;1.4
2023/07/15;1800 UTC;0.0;989.2;989.8;989.2;2212.7;35.3;16.9;35.9;34.3;17.8;16.3;37.0;33.0;34.0;327.0;4.7;1.2
2023/07/15;1900 UTC;0.0;989.1;989.2;989.1;1621.7;34.3;18.8;36.4;34.2;18.8;16.5;40.0;32.0;40.0;319.0;4.5;2.5
2023/07/15;2000 UTC;0.0;989.1;989.1;989.0;950.1;34.2;18.5;35.0;34.2;19.2;18.1;41.0;38.0;40.0;274.0;4.5;1.8
2023/07/15;2100 UTC;0.0;989.5;989.5;989.1;264.5;28.6;22.4;34.3;28.6;22.6;18.3;69.0;39.0;69.0;140.0;3.0;0.6
2023/07/15;2200 UTC;0.0;990.1;990.1;989.5;0.2;25.7;22.1;28.6;25.7;22.3;21.8;81.0;69.0;81.0;236.0;1.1;0.2
2023/07/15;2300 UTC;0.0;990.7;990.7;990.1;;24.9;22.4;25.7;24.6;22.5;21.8;87.0;80.0;86.0;314.0;1.1;0.8
2023/07/16;0000 UTC;0.0;991.5;991.5;990.7;;23.8;21.7;24.9;23.8;22.4;21.4;88.0;82.0;88.0;143.0;1.9;0.3
2023/07/16;0100 UTC;0.0;991.9;991.9;991.5;;22.9;21.6;23.9;22.9;21.9;21.5;92.0;88.0;92.0;160.0;1.0;0.5
2023/07/16;0200 UTC;0.0;992.1;992.1;991.9;;22.1;21.3;22.9;22.1;21.6;21.0;95.0;90.0;95.0;308.0;0.9;0.5
2023/07/16;0300 UTC;0.0;991.8;992.1;991.8;;21.4;20.4;22.1;21.4;21.3;20.3;96.0;91.0;94.0;302.0;1.1;0.6
2023/07/16;0400 UTC;0.0;991.6;991.8;991.6;;20.3;19.9;21.4;20.3;20.5;19.7;98.0;94.0;98.0;163.0;1.0;0.3
2023/07/16;0500 UTC;0.0;990.8;991.6;990.8;;20.3;19.1;21.0;19.8;20.0;19.1;99.0;92.0;93.0;215.0;2.5;0.5
2023/07/16;0600 UTC;0.0;990.6;990.8;990.6;;19.8;18.8;20.3;19.6;19.5;18.8;97.0;93.0;94.0;231.0;1.4;0.5
2023/07/16;0700 UTC;0.0;990.4;990.6;990.4;;21.8;18.4;22.0;19.5;19.0;18.2;96.0;79.0;81.0;205.0;4.4;1.0
2023/07/16;0800 UTC;0.0;990.6;990.6;990.3;;22.0;17.8;22.4;21.7;18.4;17.7;81.0;75.0;77.0;215.0;4.6;0.9
2023/07/16;0900 UTC;0.0;991.3;991.3;990.6;;20.1;18.1;22.0;20.1;18.1;17.7;88.0;77.0;88.0;129.0;2.4;0.7
2023/07/16;1000 UTC;0.0;992.1;992.1;991.3;10.3;18.6;18.1;20.2;18.6;18.2;17.9;97.0;89.0;97.0;333.0;1.8;0.7
2023/07/16;1100 UTC;0.0;992.8;992.8;992.1;356.8;23.2;19.3;23.2;18.6;19.9;18.1;97.0;79.0;79.0;75.0;2.3;1.0
2023/07/16;1200 UTC;0.0;993.5;993.6;992.8;1101.7;26.4;18.9;26.5;23.2;20.0;18.6;79.0;63.0;63.0;113.0;3.8;1.8
2023/07/16;1300 UTC;0.0;993.8;993.9;993.5;1602.1;29.6;19.1;29.6;26.4;20.3;18.7;64.0;53.0;53.0;147.0;4.2;2.2
2023/07/16;1400 UTC;0.0;994.0;994.1;993.7;2012.6;31.0;21.5;31.8;29.6;21.5;18.4;57.0;46.0;57.0;96.0;5.0;2.3
2023/07/16;1500 UTC;0.0;993.3;994.0;993.3;2484.3;33.0;20.3;33.4;30.7;21.9;20.3;59.0;47.0;47.0;76.0;5.0;2.0
2023/07/16;1600 UTC;0.0;992.4;993.3;992.4;2688.6;34.2;17.6;34.6;32.9;21.0;17.6;49.0;37.0;37.0;88.0;5.1;2.4
2023/07/16;1700 UTC;0.0;991.6;992.4;991.6;2567.1;34.9;17.4;35.5;34.1;18.4;16.0;39.0;32.0;35.0;101.0;6.1;2.5
2023/07/16;1800 UTC;0.0;990.8;991.6;990.8;2201.3;34.6;16.6;35.4;34.3;17.5;15.5;36.0;31.0;34.0;83.0;6.3;2.2
2023/07/16;1900 UTC;0.0;990.6;990.8;990.6;1610.5;34.8;17.0;34.9;34.3;17.4;15.8;36.0;33.0;35.0;74.0;4.6;1.4
2023/07/16;2000 UTC;0.0;990.7;990.7;990.6;943.3;34.3;16.8;34.9;34.3;17.5;15.5;37.0;32.0;35.0;120.0;3.4;1.3
2023/07/16;2100 UTC;0.0;991.0;991.0;990.7;256.9;28.3;21.0;34.3;28.3;21.2;17.1;65.0;35.0;65.0;169.0;2.4;0.2
2023/07/16;2200 UTC;0.0;991.3;991.3;991.0;;25.3;21.7;28.3;25.3;21.9;20.3;80.0;64.0;80.0;167.0;1.0;0.3
2023/07/16;2300 UTC;0.0;991.9;991.9;991.3;;23.8;21.4;25.3;23.8;21.9;21.4;88.0;80.0;87.0;174.0;0.7;0.3
2023/07/17;0000 UTC;0.0;992.6;992.6;991.9;;22.6;21.5;23.8;22.6;21.8;21.2;94.0;86.0;93.0;52.0;2.2;0.4
2023/07/17;0100 UTC;0.0;993.0;993.0;992.6;;22.2;20.3;22.9;22.0;21.4;20.3;94.0;88.0;89.0;206.0;2.3;0.5
2023/07/17;0200 UTC;0.0;992.9;993.1;992.9;;21.0;20.0;22.2;21.0;20.5;19.8;94.0;89.0;94.0;290.0;1.1;0.2
2023/07/17;0300 UTC;0.0;992.7;992.9;992.6;;20.5;19.8;21.1;20.5;20.4;19.6;97.0;94.0;95.0;150.0;0.8;0.4
2023/07/17;0400 UTC;0.0;992.3;992.8;992.3;;20.3;19.3;20.8;20.3;20.0;19.2;97.0;92.0;94.0;181.0;1.0;0.4
2023/07/17;0500 UTC;0.0;991.9;992.3;991.9;;19.6;19.0;20.3;19.6;19.6;19.0;98.0;94.0;96.0;107.0;0.9;0.4
2023/07/17;0600 UTC;0.0;991.4;991.9;991.4;;19.9;19.3;20.0;19.6;19.6;19.0;98.0;94.0;96.0;292.0;1.3;0.5
2023/07/17;0700 UTC;0.0;991.6;991.6;991.4;;19.5;18.9;19.9;19.4;19.3;18.6;98.0;94.0;96.0;172.0;1.2;0.5
2023/07/17;0800 UTC;0.0;991.7;991.8;991.4;;19.0;18.8;19.5;18.9;19.1;18.6;99.0;96.0;99.0;299.0;1.1;0.4
2023/07/17;0900 UTC;0.0;992.2;992.2;991.7;;18.9;18.8;19.1;18.8;18.9;18.6;99.0;98.0;99.0;115.0;1.0;0.3
2023/07/17;1000 UTC;0.0;992.9;992.9;992.2;11.3;18.6;18.5;19.0;18.4;18.9;18.2;100.0;99.0;99.0;179.0;0.9;0.1
2023/07/17;1100 UTC;0.0;993.8;993.8;992.9;284.4;22.5;19.8;22.5;18.4;20.6;18.3;99.0;85.0;85.0;170.0;1.6;0.4
2023/07/17;1200 UTC;0.0;994.4;994.4;993.8;1096.0;28.7;19.0;29.2;22.5;21.2;18.4;85.0;55.0;56.0;134.0;3.2;1.4
2023/07/17;1300 UTC;0.0;995.4;995.4;994.4;1606.1;30.4;20.1;30.5;28.7;20.1;18.2;56.0;51.0;54.0;110.0;8.7;2.9
2023/07/17;1400 UTC;0.0;995.3;995.4;995.3;2016.0;32.8;18.9;32.8;29.8;20.8;17.9;54.0;43.0;44.0;80.0;6.5;2.5
2023/07/17;1500 UTC;0.0;994.6;995.3;994.6;2508.7;33.9;16.7;34.2;32.2;18.8;16.7;44.0;36.0;36.0;74.0;6.5;2.2
2023/07/17;1600 UTC;0.0;993.8;994.6;993.8;2721.7;34.6;17.0;34.6;33.3;17.8;15.8;38.0;33.0;35.0;68.0;6.5;2.6
2023/07/17;1700 UTC;0.0;992.9;993.8;992.9;2595.9;35.2;16.7;35.7;34.0;17.3;15.7;36.0;31.0;33.0;32.0;5.1;2.1
2023/07/17;1800 UTC;0.0;991.8;992.9;991.8;2228.5;35.5;16.0;35.5;34.5;16.7;15.1;34.0;30.0;32.0;47.0;5.0;1.7
2023/07/17;1900 UTC;0.0;991.5;991.8;991.5;1620.1;34.8;16.5;35.7;34.6;16.5;14.5;34.0;29.0;34.0;50.0;4.1;1.3
2023/07/17;2000 UTC;0.0;991.6;991.6;991.4;949.8;34.4;18.0;36.3;34.4;18.2;15.8;38.0;31.0;38.0;27.0;3.0;0.5
2023/07/17;2100 UTC;0.0;991.9;991.9;991.6;267.9;27.9;19.3;34.4;27.9;21.9;17.3;64.0;36.0;60.0;300.0;1.0;0.4
2023/07/17;2200 UTC;0.0;992.3;992.3;992.0;0.0;24.7;21.0;27.8;24.6;21.3;19.2;81.0;60.0;80.0;164.0;0.6;0.4
2023/07/17;2300 UTC;0.0;993.0;993.0;992.3;;22.9;21.0;24.7;22.9;21.4;20.9;90.0;80.0;89.0;161.0;0.7;0.2
2023/07/18;0000 UTC;0.0;993.7;993.7;993.0;;21.9;20.4;23.0;21.8;21.2;20.1;93.0;88.0;91.0;148.0;1.0;0.6
2023/07/18;0100 UTC;0.0;994.2;994.2;993.7;;21.2;19.9;22.0;21.1;20.8;19.8;95.0;89.0;93.0;151.0;1.3;0.5
2023/07/18;0200 UTC;0.0;994.2;994.3;994.2;;20.8;19.9;21.4;20.7;20.1;19.5;95.0;90.0;94.0;349.0;1.2;0.4
2023/07/18;0300 UTC;0.0;994.3;994.4;994.2;;20.2;19.6;20.8;20.0;19.9;19.3;97.0;93.0;96.0;132.0;2.0;0.6
2023/07/18;0400 UTC;0.0;994.0;994.3;994.0;;20.0;19.3;20.6;19.9;19.6;18.9;97.0;92.0;95.0;314.0;2.0;0.3
2023/07/18;0500 UTC;0.0;993.3;994.0;993.3;;19.3;18.8;20.0;19.3;19.4;18.4;97.0;94.0;97.0;22.0;1.0;0.3
2023/07/18;0600 UTC;0.0;993.4;993.9;993.1;;20.5;18.3;22.4;19.0;19.1;18.0;98.0;77.0;87.0;97.0;9.0;1.1
2023/07/18;0700 UTC;0.0;993.0;993.5;993.0;;19.9;18.7;20.5;19.9;19.0;18.2;94.0;87.0;93.0;180.0;2.0;0.4
2023/07/18;0800 UTC;0.0;993.5;993.5;993.0;;19.8;18.9;19.9;19.7;19.4;18.7;98.0;93.0;95.0;142.0;0.6;0.4
2023/07/18;0900 UTC;0.0;994.0;994.0;993.5;;19.2;18.6;19.8;19.2;19.3;18.5;98.0;94.0;96.0;168.0;1.1;0.6
2023/07/18;1000 UTC;0.0;994.8;994.8;994.0;15.4;18.6;18.3;19.2;18.4;18.7;18.1;99.0;96.0;98.0;61.0;1.3;0.8
2023/07/18;1100 UTC;0.0;995.6;995.6;994.8;373.4;23.6;18.3;23.6;18.6;18.9;18.0;98.0;71.0;72.0;85.0;1.9;0.9
2023/07/18;1200 UTC;0.0;996.6;996.6;995.6;1148.7;27.1;18.3;27.2;23.6;18.6;17.6;73.0;57.0;59.0;119.0;3.9;1.9
2023/07/18;1300 UTC;0.0;997.3;997.3;996.6;1653.8;29.7;18.1;29.7;27.1;19.0;17.8;59.0;50.0;50.0;96.0;6.1;2.7
2023/07/18;1400 UTC;0.0;997.2;997.3;997.2;2063.6;32.2;16.7;32.5;29.7;18.3;16.4;50.0;39.0;39.0;69.0;6.5;2.5
2023/07/18;1500 UTC;0.0;996.5;997.2;996.5;2555.3;33.5;16.3;33.7;32.2;17.8;15.9;41.0;35.0;36.0;64.0;7.0;2.8
2023/07/18;1600 UTC;0.0;995.7;996.6;995.7;2758.8;34.2;16.0;34.9;33.1;17.2;15.4;36.0;33.0;34.0;106.0;6.9;3.4
2023/07/18;1700 UTC;0.0;994.9;995.7;994.9;2630.3;34.4;16.4;35.1;33.9;16.8;14.7;35.0;31.0;34.0;98.0;6.7;2.7
2023/07/18;1800 UTC;0.0;994.1;994.9;994.1;2264.1;34.6;13.8;35.5;34.4;16.8;12.5;35.0;26.0;29.0;120.0;6.8;3.5
2023/07/18;1900 UTC;0.0;993.6;994.1;993.6;1662.0;34.4;15.0;35.1;34.3;15.8;13.6;32.0;28.0;31.0;99.0;6.2;2.4
2023/07/18;2000 UTC;0.0;993.7;993.8;993.6;983.0;33.8;16.7;34.6;33.8;16.9;14.4;36.0;30.0;36.0;85.0;5.1;1.1
2023/07/18;2100 UTC;0.0;994.3;994.3;993.7;281.2;27.8;20.5;33.9;27.8;20.7;16.4;65.0;35.0;65.0;133.0;2.6;0.5
2023/07/18;2200 UTC;0.0;994.6;994.6;994.3;;24.3;20.0;27.7;24.2;20.9;19.6;79.0;64.0;77.0;177.0;0.9;0.4
2023/07/18;2300 UTC;0.0;995.1;995.1;994.6;;22.1;19.7;24.3;22.1;20.2;19.6;86.0;77.0;86.0;289.0;1.5;0.4
2023/07/19;0000 UTC;0.0;995.8;995.8;995.1;;21.1;19.6;22.1;21.1;19.8;19.4;92.0;86.0;92.0;94.0;0.6;0.2
2023/07/19;0100 UTC;0.0;996.3;996.3;995.8;;20.3;18.7;21.6;20.3;19.8;18.5;94.0;84.0;90.0;186.0;4.1;0.3
2023/07/19;0200 UTC;0.0;996.4;996.4;996.3;;19.4;18.6;20.3;19.4;18.7;18.2;95.0;90.0;95.0;222.0;0.7;0.2
2023/07/19;0300 UTC;0.0;996.2;996.4;996.2;;18.9;17.8;19.5;18.9;18.7;17.7;96.0;92.0;93.0;205.0;0.7;0.4
2023/07/19;0400 UTC;0.0;995.9;996.2;995.9;;18.2;17.5;18.9;18.2;18.1;17.5;97.0;93.0;96.0;325.0;1.4;0.3
2023/07/19;0500 UTC;0.0;995.4;995.9;995.4;;17.4;16.8;18.3;17.4;18.0;16.6;98.0;95.0;96.0;141.0;1.8;0.6
2023/07/19;0600 UTC;0.0;994.8;995.4;994.8;;17.0;16.8;17.5;16.9;17.3;16.7;99.0;96.0;99.0;285.0;1.8;0.3
2023/07/19;0700 UTC;0.0;995.3;995.6;994.8;;17.2;16.2;17.5;16.7;17.0;16.2;99.0;93.0;94.0;256.0;4.0;0.5
2023/07/19;0800 UTC;0.0;995.7;995.7;995.2;;16.5;16.4;17.2;16.2;16.6;16.0;100.0;94.0;99.0;282.0;1.1;0.2
2023/07/19;0900 UTC;0.0;996.2;996.2;995.7;;15.7;15.6;16.5;15.7;16.3;15.6;99.0;98.0;99.0;126.0;0.8;0.2
2023/07/19;1000 UTC;0.0;996.5;996.5;996.1;13.0;15.7;15.7;15.9;15.3;15.8;15.2;100.0;99.0;100.0;338.0;0.5;0.2
2023/07/19;1100 UTC;0.0;997.3;997.3;996.5;373.8;22.0;16.3;22.0;15.5;17.1;15.4;100.0;70.0;70.0;125.0;2.7;1.2
2023/07/19;1200 UTC;0.0;997.8;997.8;997.3;1117.7;25.9;16.4;25.9;22.0;16.8;15.7;72.0;54.0;56.0;120.0;5.0;2.2
2023/07/19;1300 UTC;0.0;998.0;998.1;997.8;1677.0;29.5;16.8;29.9;25.9;17.7;16.0;56.0;45.0;46.0;110.0;6.5;2.7
2023/07/19;1400 UTC;0.0;997.9;998.2;997.9;2093.6;31.4;16.3;31.5;29.5;18.1;16.0;48.0;39.0;40.0;105.0;7.0;3.1
2023/07/19;1500 UTC;0.0;997.2;997.9;997.2;2590.3;33.8;15.8;33.8;31.2;16.6;15.1;41.0;34.0;34.0;96.0;7.9;2.9
2023/07/19;1600 UTC;0.0;996.2;997.2;996.2;2804.2;34.5;14.4;34.8;33.3;16.3;14.2;36.0;29.0;30.0;105.0;7.1;2.8
2023/07/19;1700 UTC;0.0;995.0;996.2;995.0;2676.0;34.6;12.6;35.6;34.0;14.9;12.6;31.0;26.0;26.0;113.0;6.8;3.1
2023/07/19;1800 UTC;0.0;994.5;995.0;994.4;2308.7;35.6;11.6;35.8;34.6;14.1;10.4;28.0;22.0;23.0;124.0;6.5;3.4
2023/07/19;1900 UTC;0.0;994.2;994.5;994.1;1694.3;35.1;13.3;35.9;35.1;13.3;11.5;27.0;23.0;27.0;104.0;6.3;2.1
2023/07/19;2000 UTC;0.0;994.1;994.2;994.1;983.4;33.9;15.8;35.5;33.9;16.2;12.7;35.0;26.0;34.0;93.0;4.0;1.4
2023/07/19;2100 UTC;0.0;994.4;994.4;994.1;290.1;27.1;19.0;33.9;27.1;20.1;14.8;63.0;32.0;61.0;290.0;3.1;0.3
2023/07/19;2200 UTC;0.0;994.9;994.9;994.4;;23.8;20.1;27.1;23.8;20.1;18.9;80.0;61.0;80.0;159.0;1.6;0.2
2023/07/19;2300 UTC;0.0;995.3;995.4;994.9;;21.8;19.9;23.8;21.8;20.1;19.6;89.0;79.0;89.0;189.0;0.9;0.2
2023/07/20;0000 UTC;0.0;995.8;995.8;995.3;;20.6;19.0;21.8;20.6;19.9;19.0;93.0;88.0;91.0;294.0;1.2;0.2
2023/07/20;0100 UTC;0.0;996.2;996.2;995.8;;19.3;18.6;20.6;19.2;19.3;18.5;96.0;91.0;96.0;30.0;1.0;0.4
2023/07/20;0200 UTC;0.0;996.2;996.3;996.2;;18.7;17.8;19.3;18.6;18.5;17.8;96.0;93.0;94.0;319.0;0.8;0.4
2023/07/20;0300 UTC;0.0;996.1;996.3;996.1;;17.6;17.3;18.7;17.5;17.8;16.9;98.0;94.0;98.0;158.0;0.9;0.3
2023/07/20;0400 UTC;0.0;995.5;996.1;995.5;;16.9;16.0;17.6;16.7;17.3;16.0;98.0;95.0;95.0;214.0;1.2;0.6
2023/07/20;0500 UTC;0.0;995.1;995.6;995.1;;16.5;16.0;17.0;16.3;16.3;15.7;97.0;94.0;97.0;174.0;1.2;0.6
2023/07/20;0600 UTC;0.0;994.7;995.1;994.6;;16.1;15.9;16.6;15.9;16.2;15.4;99.0;96.0;99.0;6.0;1.9;0.5
2023/07/20;0700 UTC;0.0;994.4;994.7;994.3;;15.3;14.9;16.1;15.2;15.8;14.9;99.0;97.0;98.0;160.0;2.6;0.4
2023/07/20;0800 UTC;0.0;994.6;994.6;994.3;;14.8;14.6;15.3;14.7;15.0;14.4;99.0;97.0;98.0;196.0;0.9;0.2
2023/07/20;0900 UTC;0.0;994.9;994.9;994.6;;14.2;14.1;14.9;14.2;14.7;14.0;99.0;97.0;99.0;2.0;0.9;0.1
2023/07/20;1000 UTC;;;;;;;;;;;;;;;;;
2023/07/20;1100 UTC;0.0;996.4;996.4;995.5;373.0;20.8;14.0;20.8;15.8;14.2;13.5;89.0;65.0;65.0;129.0;4.0;1.7
2023/07/20;1200 UTC;0.0;997.6;997.6;996.4;1175.1;23.8;14.1;23.8;20.8;14.3;13.5;65.0;54.0;54.0;99.0;5.9;2.7
2023/07/20;1300 UTC;0.0;997.8;997.8;997.6;1683.9;27.7;14.9;28.0;23.7;15.3;14.1;56.0;45.0;46.0;111.0;5.9;2.4
2023/07/20;1400 UTC;0.0;997.7;997.8;997.7;2095.9;30.9;15.1;30.9;27.5;15.9;14.3;46.0;37.0;38.0;90.0;8.2;3.8
2023/07/20;1500 UTC;0.0;997.1;997.7;997.1;2584.7;32.4;15.6;32.7;30.8;15.9;14.5;39.0;35.0;37.0;97.0;7.7;2.8
2023/07/20;1600 UTC;0.0;996.3;997.1;996.3;2791.4;33.0;15.3;33.3;32.3;16.2;14.6;37.0;33.0;35.0;98.0;7.2;3.3
2023/07/20;1700 UTC;0.0;995.0;996.3;995.0;2656.8;34.0;14.6;34.3;33.0;15.6;13.6;35.0;29.0;31.0;110.0;8.0;3.4
2023/07/20;1800 UTC;0.0;994.3;995.0;994.3;2292.3;34.2;14.2;34.8;33.6;15.1;12.8;32.0;28.0;30.0;124.0;7.7;3.0
2023/07/20;1900 UTC;0.0;994.0;994.3;994.0;1689.7;34.5;13.7;34.8;33.9;14.6;12.7;31.0;27.0;29.0;114.0;5.3;2.6
2023/07/20;2000 UTC;0.0;994.1;994.1;994.0;1007.6;33.5;13.8;34.6;33.5;14.8;12.7;32.0;27.0;31.0;118.0;5.2;1.6
2023/07/20;2100 UTC;0.0;994.3;994.3;994.1;298.3;27.8;18.4;33.5;27.8;18.8;13.9;58.0;31.0;56.0;133.0;3.9;1.0
2023/07/20;2200 UTC;0.0;994.5;994.5;994.3;;23.2;18.0;27.8;23.2;19.3;17.9;72.0;56.0;72.0;200.0;1.6;0.4
2023/07/20;2300 UTC;0.0;995.1;995.1;994.5;;21.7;16.5;23.2;21.7;18.3;16.1;77.0;67.0;72.0;150.0;2.7;0.6
2023/07/21;0000 UTC;0.0;995.9;995.9;995.1;;20.0;16.9;21.7;19.9;17.3;16.4;83.0;72.0;83.0;271.0;1.2;0.2
2023/07/21;0100 UTC;0.0;996.4;996.4;995.9;;18.4;17.0;20.0;18.4;17.6;16.9;91.0;83.0;91.0;138.0;0.7;0.1
2023/07/21;0200 UTC;0.0;996.4;996.5;996.3;;17.3;15.8;18.4;17.2;17.0;15.6;94.0;89.0;91.0;198.0;0.9;0.4
2023/07/21;0300 UTC;0.0;996.2;996.4;996.2;;16.7;15.4;17.3;16.3;16.4;15.1;96.0;91.0;92.0;197.0;0.9;0.5
2023/07/21;0400 UTC;0.0;995.9;996.3;995.9;;16.1;15.3;16.8;16.0;15.6;14.8;96.0;91.0;95.0;133.0;1.4;0.7
2023/07/21;0500 UTC;0.0;995.9;996.0;995.8;;16.5;14.8;16.7;15.8;15.5;14.4;96.0;87.0;90.0;128.0;2.7;1.3
2023/07/21;0600 UTC;0.0;995.4;995.9;995.4;;15.7;14.7;16.5;15.3;15.2;14.3;98.0;88.0;94.0;119.0;2.4;1.2
2023/07/21;0700 UTC;0.0;995.4;995.4;995.3;;15.4;13.5;15.7;15.2;14.8;13.5;95.0;89.0;89.0;139.0;2.5;1.3
2023/07/21;0800 UTC;0.0;995.4;995.5;995.3;;17.9;12.8;18.0;15.4;13.6;12.8;89.0;72.0;72.0;135.0;3.6;2.0
2023/07/21;0900 UTC;0.0;995.9;995.9;995.4;;15.3;14.1;17.9;15.3;14.3;12.7;93.0;72.0;93.0;94.0;3.5;0.7
2023/07/21;1000 UTC;0.0;996.3;996.3;995.9;12.8;15.8;13.4;15.8;14.6;14.4;13.4;95.0;85.0;85.0;122.0;3.1;1.5
2023/07/21;1100 UTC;0.0;997.1;997.1;996.3;370.4;21.2;13.9;21.2;15.9;14.0;13.2;86.0;63.0;63.0;118.0;4.3;2.2
2023/07/21;1200 UTC;0.0;998.0;998.0;997.1;1167.1;24.0;15.7;24.0;21.2;15.7;14.0;64.0;59.0;60.0;103.0;5.5;2.5
2023/07/21;1300 UTC;0.0;998.4;998.4;998.0;1681.5;27.0;15.1;27.0;23.9;16.1;14.9;60.0;48.0;48.0;96.0;7.5;3.8
2023/07/21;1400 UTC;0.0;998.5;998.5;998.4;2107.3;29.2;13.7;29.8;26.8;15.6;13.6;50.0;38.0;39.0;84.0;9.8;4.2
2023/07/21;1500 UTC;0.0;998.0;998.5;998.0;2605.7;30.6;13.7;31.1;29.2;14.7;13.1;40.0;35.0;36.0;111.0;8.9;4.1
2023/07/21;1600 UTC;0.0;997.2;998.0;997.2;2821.8;31.1;13.2;31.7;30.2;14.5;12.8;37.0;33.0;34.0;98.0;8.1;3.6
2023/07/21;1700 UTC;0.0;996.3;997.2;996.3;2712.3;32.0;13.2;32.6;30.9;13.8;12.3;35.0;30.0;32.0;111.0;7.9;3.2
2023/07/21;1800 UTC;0.0;995.4;996.3;995.4;2331.3;32.2;13.4;32.4;31.5;14.0;12.5;34.0;30.0;32.0;99.0;6.9;3.0
2023/07/21;1900 UTC;0.0;995.0;995.4;994.9;1709.5;31.7;13.2;32.4;31.4;13.5;12.0;33.0;30.0;32.0;110.0;7.0;2.8
2023/07/21;2000 UTC;0.0;994.7;995.0;994.7;1021.9;30.6;14.3;31.9;30.6;14.4;13.0;37.0;32.0;37.0;101.0;6.1;2.4
2023/07/21;2100 UTC;0.0;994.9;994.9;994.7;311.2;26.3;16.4;30.7;26.3;16.9;14.4;55.0;37.0;55.0;91.0;5.1;0.7
2023/07/21;2200 UTC;0.0;995.0;995.0;994.8;0.2;22.0;17.6;26.3;22.0;18.2;16.4;77.0;54.0;76.0;144.0;1.6;0.3
2023/07/21;2300 UTC;0.0;995.4;995.4;995.0;;20.3;16.5;22.0;20.2;17.7;16.5;82.0;76.0;79.0;260.0;0.7;0.3
2023/07/22;0000 UTC;0.0;996.0;996.0;995.4;;19.6;16.7;20.3;19.3;17.4;16.5;87.0;79.0;84.0;308.0;1.3;0.4
2023/07/22;0100 UTC;0.0;996.2;996.2;996.0;;18.6;16.5;19.8;18.6;16.8;16.4;88.0;81.0;88.0;346.0;4.3;0.8
2023/07/22;0200 UTC;0.0;995.9;996.2;995.9;;18.2;16.6;18.8;18.2;17.0;16.2;91.0;86.0;91.0;269.0;1.4;0.3
2023/07/22;0300 UTC;0.0;996.1;996.3;995.9;;19.2;17.0;19.4;18.0;17.2;16.3;93.0;86.0;87.0;195.0;1.3;0.4
2023/07/22;0400 UTC;0.0;995.8;996.1;995.8;;19.5;17.7;19.7;19.2;17.7;16.8;90.0;86.0;89.0;278.0;1.4;0.5
2023/07/22;0500 UTC;0.0;995.4;995.9;995.4;;19.4;17.9;19.5;19.2;17.9;17.5;91.0;88.0;91.0;233.0;2.5;0.2
2023/07/22;0600 UTC;0.0;994.7;995.4;994.7;;19.3;18.0;19.7;19.2;18.1;17.7;92.0;89.0;92.0;239.0;2.1;0.7
2023/07/22;0700 UTC;0.0;994.4;994.7;994.4;;19.2;17.5;19.5;18.8;18.1;17.5;93.0;89.0;90.0;202.0;3.1;1.0
2023/07/22;0800 UTC;0.0;994.6;994.6;994.1;;17.4;16.7;19.2;17.3;17.5;16.4;96.0;90.0;96.0;151.0;3.4;0.9
2023/07/22;0900 UTC;0.0;995.0;995.1;994.3;;16.6;16.2;18.1;16.6;17.2;16.0;98.0;91.0;98.0;29.0;3.4;0.7
2023/07/22;1000 UTC;0.0;995.4;995.4;994.9;12.5;15.9;15.5;16.8;15.8;16.4;15.4;99.0;96.0;97.0;141.0;1.9;0.9
2023/07/22;1100 UTC;0.0;996.1;996.1;995.4;370.8;21.7;16.2;21.7;15.9;16.6;15.3;98.0;71.0;71.0;115.0;4.0;1.7
2023/07/22;1200 UTC;0.0;996.7;996.7;996.1;1163.1;24.9;16.8;24.9;21.7;16.9;15.9;71.0;60.0;61.0;118.0;5.3;2.6
2023/07/22;1300 UTC;0.0;996.9;996.9;996.7;1672.5;27.3;17.3;27.3;24.8;17.4;16.7;61.0;54.0;55.0;97.0;6.9;3.1
2023/07/22;1400 UTC;0.0;996.7;996.9;996.7;2101.3;29.2;16.6;29.6;27.2;17.5;16.1;54.0;46.0;47.0;101.0;8.7;3.3
2023/07/22;1500 UTC;0.0;996.3;996.7;996.3;2596.5;31.1;16.7;31.6;29.1;17.4;16.5;48.0;42.0;42.0;121.0;7.1;3.0
2023/07/22;1600 UTC;0.0;995.7;996.3;995.7;2757.9;31.9;15.8;32.3;30.3;17.3;15.2;43.0;37.0;38.0;96.0;8.0;2.7
2023/07/22;1700 UTC;0.0;994.7;995.7;994.7;2726.1;32.4;15.4;33.2;31.4;16.0;14.6;38.0;34.0;36.0;107.0;7.9;4.0
2023/07/22;1800 UTC;0.0;993.8;994.7;993.8;2389.2;32.9;15.1;33.2;32.1;15.6;14.5;36.0;33.0;34.0;113.0;8.0;3.0
2023/07/22;1900 UTC;0.0;993.7;993.9;993.6;1729.9;32.4;14.9;33.1;32.2;15.4;14.2;36.0;32.0;35.0;113.0;7.3;3.1
2023/07/22;2000 UTC;0.0;993.7;993.7;993.6;970.7;31.9;15.7;32.8;31.8;16.3;14.6;39.0;34.0;38.0;126.0;5.9;2.3
2023/07/22;2100 UTC;0.0;994.2;994.2;993.7;294.1;26.9;19.2;32.1;26.9;19.7;15.6;64.0;37.0;63.0;145.0;4.1;0.6
2023/07/22;2200 UTC;0.0;994.7;994.7;994.2;1.5;23.6;19.4;26.9;23.5;19.4;18.7;78.0;62.0;77.0;279.0;1.1;0.2
2023/07/22;2300 UTC;0.0;995.4;995.4;994.8;;22.5;18.9;23.6;22.5;19.4;18.7;81.0;76.0;80.0;180.0;0.8;0.4
2023/07/23;0000 UTC;0.0;996.0;996.0;995.4;;21.6;18.1;22.5;21.6;19.0;17.9;83.0;80.0;81.0;135.0;2.1;1.2
2023/07/23;0100 UTC;0.0;996.3;996.3;996.0;;20.6;17.9;21.6;20.6;18.3;17.7;85.0;81.0;84.0;136.0;2.1;0.9
2023/07/23;0200 UTC;0.0;996.5;996.5;996.3;;20.6;17.5;20.6;20.0;18.1;17.4;88.0;82.0;82.0;142.0;2.1;1.3
2023/07/23;0300 UTC;0.0;996.3;996.5;996.3;;20.5;16.9;20.8;20.0;17.4;16.8;84.0;80.0;80.0;135.0;2.9;1.4
2023/07/23;0400 UTC;0.0;996.0;996.3;996.0;;19.0;16.8;20.9;19.0;17.0;16.5;87.0;77.0;87.0;142.0;2.8;1.0
2023/07/23;0500 UTC;0.0;995.7;996.0;995.6;;17.8;16.7;19.1;17.8;16.9;16.3;93.0;87.0;93.0;108.0;1.8;0.8
2023/07/23;0600 UTC;0.0;995.2;995.7;995.2;;17.7;16.2;17.9;17.5;16.9;16.1;95.0;90.0;91.0;134.0;2.1;1.2
2023/07/23;0700 UTC;0.0;995.0;995.2;995.0;;18.3;15.6;18.4;17.5;16.4;15.6;93.0;84.0;84.0;139.0;2.6;1.4
2023/07/23;0800 UTC;0.0;995.2;995.2;995.0;;18.0;15.8;18.3;17.6;16.0;15.5;89.0;84.0;87.0;137.0;2.8;1.6
2023/07/23;0900 UTC;0.0;995.4;995.4;995.1;;17.4;15.9;18.0;17.4;16.1;15.6;91.0;87.0;91.0;137.0;2.7;1.1
2023/07/23;1000 UTC;0.0;996.1;996.1;995.4;11.8;16.4;16.0;17.4;16.3;16.1;15.7;98.0;91.0;97.0;121.0;2.0;1.1
2023/07/23;1100 UTC;0.0;996.3;996.3;996.1;376.4;22.0;16.4;22.0;16.4;16.5;15.8;98.0;70.0;70.0;133.0;2.6;1.2
2023/07/23;1200 UTC;0.0;996.9;996.9;996.3;1156.5;25.5;17.1;25.5;22.0;17.3;16.2;70.0;60.0;60.0;107.0;4.9;2.5
2023/07/23;1300 UTC;0.0;997.2;997.2;996.9;1670.4;27.7;17.6;28.0;25.5;17.9;16.7;61.0;54.0;54.0;98.0;6.6;3.0
2023/07/23;1400 UTC;0.0;996.9;997.2;996.9;2103.9;30.4;17.4;30.5;27.7;18.1;16.9;55.0;46.0;46.0;101.0;9.8;3.1
2023/07/23;1500 UTC;0.0;996.5;996.9;996.5;2595.2;31.3;17.8;32.1;30.1;18.1;16.7;46.0;42.0;45.0;110.0;7.7;3.1
2023/07/23;1600 UTC;0.0;995.8;996.5;995.7;2767.0;32.4;16.8;33.2;31.2;17.9;16.5;45.0;38.0;39.0;97.0;7.6;2.9
2023/07/23;1700 UTC;0.0;995.0;995.8;995.0;2703.5;33.0;16.2;33.7;32.3;17.1;15.7;40.0;35.0;37.0;139.0;7.2;3.7
2023/07/23;1800 UTC;0.0;994.4;995.0;994.4;2386.3;33.2;15.5;33.9;32.7;16.5;15.2;37.0;33.0;35.0;137.0;8.3;3.4
2023/07/23;1900 UTC;0.0;994.2;994.4;994.2;1722.1;33.0;14.8;33.9;33.0;16.2;14.6;36.0;32.0;33.0;120.0;5.6;2.9
2023/07/23;2000 UTC;0.0;994.4;994.4;994.2;1012.2;33.1;14.6;33.5;33.0;16.1;14.3;36.0;32.0;33.0;122.0;4.9;1.2
2023/07/23;2100 UTC;0.0;995.2;995.2;994.4;331.9;29.3;18.8;33.2;29.3;19.9;15.1;56.0;33.0;53.0;157.0;2.7;1.3
2023/07/23;2200 UTC;0.0;995.5;995.5;995.2;2.7;24.6;19.1;29.3;24.6;20.0;18.3;72.0;52.0;71.0;270.0;2.2;0.2
2023/07/23;2300 UTC;0.0;996.0;996.0;995.5;;22.4;19.2;24.6;22.4;19.6;19.0;82.0;71.0;82.0;183.0;0.7;0.3
2023/07/24;0000 UTC;0.0;996.6;996.6;996.0;;21.1;19.0;22.4;21.1;19.3;18.9;88.0;82.0;88.0;119.0;1.1;0.3
2023/07/24;0100 UTC;0.0;996.7;996.8;996.6;;20.3;18.2;21.2;20.2;19.1;17.9;89.0;85.0;87.0;157.0;1.0;0.3
2023/07/24;0200 UTC;0.0;996.6;996.7;996.6;;19.3;17.6;20.4;19.3;18.4;17.6;91.0;87.0;90.0;131.0;0.9;0.3
2023/07/24;0300 UTC;0.0;996.7;996.8;996.5;;19.5;17.1;19.9;18.7;17.8;16.7;93.0;82.0;86.0;275.0;3.0;0.4
2023/07/24;0400 UTC;0.0;996.2;996.7;996.2;;18.0;16.6;19.5;18.0;17.1;16.5;92.0;86.0;92.0;182.0;1.1;0.4
2023/07/24;0500 UTC;0.0;995.8;996.3;995.8;;17.5;16.8;18.0;17.5;16.8;16.0;96.0;90.0;96.0;131.0;1.5;0.2
2023/07/24;0600 UTC;0.0;995.2;995.8;995.2;;16.9;16.4;17.5;16.9;16.6;16.3;97.0;93.0;97.0;129.0;1.0;0.4
2023/07/24;0700 UTC;0.0;995.1;995.2;995.0;;16.6;16.0;16.9;16.5;16.5;15.8;97.0;95.0;96.0;182.0;0.8;0.4
2023/07/24;0800 UTC;0.0;995.1;995.2;995.1;;16.7;16.0;17.3;16.6;16.4;15.5;98.0;92.0;95.0;151.0;1.5;0.4
2023/07/24;0900 UTC;0.0;995.7;995.7;995.1;;16.0;15.7;16.7;16.0;16.0;15.4;98.0;95.0;98.0;3.0;0.7;0.3
2023/07/24;1000 UTC;0.0;996.2;996.2;995.7;14.1;16.4;15.7;16.4;15.8;15.9;15.1;99.0;96.0;96.0;163.0;2.3;1.4
2023/07/24;1100 UTC;0.0;996.8;996.8;996.2;371.9;21.2;16.1;21.2;16.4;16.7;15.7;96.0;73.0;73.0;142.0;3.3;1.9
2023/07/24;1200 UTC;0.0;997.3;997.4;996.8;1069.8;25.7;16.8;25.9;21.2;17.1;16.3;73.0;58.0;58.0;120.0;6.1;3.3
2023/07/24;1300 UTC;0.0;997.2;997.4;997.2;1675.0;28.0;17.9;28.0;25.7;18.1;16.6;58.0;54.0;54.0;96.0;7.2;2.4
2023/07/24;1400 UTC;0.0;996.8;997.2;996.8;2112.4;30.5;17.6;30.5;27.6;18.4;17.2;55.0;46.0;46.0;115.0;8.0;3.1
2023/07/24;1500 UTC;0.0;996.2;996.8;996.2;2576.5;31.2;16.3;31.7;30.1;17.8;15.9;47.0;40.0;41.0;115.0;8.9;3.8
2023/07/24;1600 UTC;0.0;995.2;996.2;995.2;2752.5;32.1;16.7;32.5;31.2;17.4;15.9;42.0;38.0;40.0;92.0;7.4;3.5
2023/07/24;1700 UTC;0.0;994.2;995.2;994.2;2739.0;33.0;15.4;33.4;31.9;17.1;14.5;40.0;33.0;35.0;110.0;7.4;3.2
2023/07/24;1800 UTC;0.0;993.4;994.2;993.4;2455.3;33.7;13.9;34.0;32.7;16.3;13.1;37.0;30.0;30.0;82.0;6.2;2.5
2023/07/24;1900 UTC;0.0;992.9;993.4;992.9;1800.6;33.4;14.0;33.8;32.9;15.0;13.4;33.0;30.0;31.0;97.0;5.7;1.9
2023/07/24;2000 UTC;0.0;992.9;992.9;992.9;1021.9;32.7;16.2;33.8;32.4;16.2;13.9;37.0;31.0;37.0;85.0;4.7;1.1
2023/07/24;2100 UTC;0.0;993.3;993.3;992.9;319.1;27.3;18.4;32.7;27.3;18.9;15.6;58.0;37.0;58.0;91.0;2.7;0.1
2023/07/24;2200 UTC;0.0;993.6;993.6;993.3;;23.5;19.1;27.3;23.5;19.4;18.6;76.0;58.0;76.0;280.0;0.8;0.3
2023/07/24;2300 UTC;0.0;994.0;994.0;993.5;;21.5;18.9;23.5;21.5;19.5;18.9;86.0;77.0;85.0;209.0;0.5;0.2
2023/07/25;0000 UTC;0.0;994.7;994.7;994.0;;21.0;18.9;21.5;20.9;19.2;18.7;89.0;85.0;88.0;121.0;0.5;0.2
2023/07/25;0100 UTC;0.0;994.8;994.8;994.7;;20.4;18.9;21.0;20.4;19.0;18.6;92.0;87.0;91.0;308.0;0.5;0.2
2023/07/25;0200 UTC;0.0;994.8;994.9;994.8;;19.4;18.2;20.4;19.4;19.0;17.8;94.0;90.0;93.0;245.0;0.9;0.4
2023/07/25;0300 UTC;0.0;994.6;994.9;994.6;;18.4;17.8;19.4;18.4;18.2;17.8;97.0;92.0;96.0;314.0;0.9;0.2
2023/07/25;0400 UTC;0.0;994.3;994.6;994.3;;17.9;17.6;18.4;17.8;17.8;17.2;98.0;95.0;98.0;238.0;0.5;0.2
2023/07/25;0500 UTC;0.0;993.6;994.3;993.6;;17.4;16.8;18.0;17.4;17.6;16.8;98.0;94.0;96.0;181.0;1.2;0.4
2023/07/25;0600 UTC;0.0;993.1;993.6;993.1;;16.8;16.4;17.4;16.7;16.9;16.3;98.0;96.0;98.0;171.0;0.7;0.4
2023/07/25;0700 UTC;0.0;993.5;993.5;993.1;;16.4;16.0;16.9;16.4;16.5;16.0;99.0;96.0;98.0;170.0;1.7;0.6
2023/07/25;0800 UTC;0.0;993.4;993.5;993.3;;16.1;15.7;16.5;16.1;16.2;15.6;98.0;96.0;98.0;249.0;1.7;0.1
2023/07/25;0900 UTC;0.0;993.7;993.8;993.4;;15.7;15.5;16.1;15.7;15.9;15.5;99.0;98.0;99.0;102.0;0.7;0.1
2023/07/25;1000 UTC;0.0;994.0;994.0;993.7;13.0;15.5;15.4;15.7;15.2;15.5;14.8;99.0;97.0;99.0;346.0;0.5;0.3
2023/07/25;1100 UTC;0.0;994.9;995.0;994.0;398.7;20.9;16.9;20.9;15.5;17.1;15.1;100.0;78.0;78.0;146.0;3.1;1.9
2023/07/25;1200 UTC;0.0;995.4;995.4;994.8;1140.8;25.3;17.3;25.3;21.0;17.3;16.3;78.0;59.0;61.0;105.0;5.2;1.8
2023/07/25;1300 UTC;0.0;995.4;995.6;995.4;1655.9;27.3;17.3;27.4;25.2;17.8;16.5;61.0;53.0;54.0;103.0;5.4;2.8
2023/07/25;1400 UTC;0.0;995.0;995.4;995.0;2106.8;29.9;16.5;30.4;27.3;18.0;16.4;55.0;44.0;44.0;76.0;7.9;3.1
2023/07/25;1500 UTC;0.0;994.3;995.0;994.3;2563.7;31.4;16.6;31.8;29.9;17.6;16.3;45.0;40.0;41.0;109.0;7.9;3.0
2023/07/25;1600 UTC;0.0;993.3;994.3;993.3;2730.0;32.2;16.0;33.0;31.4;18.0;15.9;43.0;37.0;38.0;101.0;7.2;3.1
2023/07/25;1700 UTC;0.0;992.2;993.2;992.2;2722.8;33.1;14.5;33.7;32.2;17.0;14.5;38.0;32.0;33.0;129.0;7.2;2.8
2023/07/25;1800 UTC;0.0;991.4;992.2;991.4;2347.9;33.8;13.9;33.8;32.6;15.6;13.9;34.0;30.0;30.0;132.0;6.5;3.2
2023/07/25;1900 UTC;0.0;990.9;991.4;990.9;1729.4;33.4;14.3;34.1;33.1;14.7;13.6;32.0;30.0;32.0;115.0;6.5;2.3
2023/07/25;2000 UTC;0.0;991.0;991.0;990.8;1009.8;33.0;14.3;33.9;33.0;15.5;13.7;35.0;30.0;32.0;103.0;4.4;1.4
2023/07/25;2100 UTC;0.0;991.1;991.1;991.0;318.3;27.1;19.1;33.0;27.1;19.1;14.3;62.0;32.0;62.0;5.0;2.7;0.4
2023/07/25;2200 UTC;0.0;991.4;991.4;991.1;0.4;23.4;18.8;27.1;23.4;19.3;18.5;75.0;61.0;75.0;245.0;0.8;0.1
2023/07/25;2300 UTC;0.0;991.8;991.8;991.4;;21.7;18.9;23.6;21.7;19.6;18.7;84.0;75.0;84.0;306.0;1.8;0.3
2023/07/26;0000 UTC;0.0;992.4;992.4;991.8;;21.0;18.7;21.7;20.9;18.9;18.4;87.0;82.0;87.0;319.0;1.5;0.4
2023/07/26;0100 UTC;0.0;992.8;992.9;992.4;;20.4;18.4;21.1;20.4;18.9;18.1;89.0;86.0;89.0;186.0;0.8;0.3
2023/07/26;0200 UTC;0.0;992.8;992.9;992.7;;19.4;18.5;20.4;19.4;18.7;18.3;95.0;88.0;95.0;142.0;0.7;0.2
2023/07/26;0300 UTC;0.0;992.7;992.8;992.7;;18.5;17.9;19.4;18.5;18.5;17.9;97.0;94.0;96.0;290.0;0.6;0.3
2023/07/26;0400 UTC;0.0;992.6;992.7;992.6;;17.9;17.2;18.5;17.9;17.9;17.0;97.0;94.0;96.0;217.0;0.8;0.2
2023/07/26;0500 UTC;0.0;992.0;992.6;992.0;;17.5;17.0;17.9;17.5;17.2;16.8;98.0;95.0;97.0;138.0;0.7;0.3
2023/07/26;0600 UTC;0.0;991.6;992.0;991.6;;16.8;16.4;17.5;16.8;16.9;16.4;98.0;96.0;98.0;163.0;0.7;0.2
2023/07/26;0700 UTC;0.0;991.4;991.6;991.3;;16.4;16.2;16.9;16.4;16.6;16.1;99.0;97.0;98.0;278.0;0.5;0.2
2023/07/26;0800 UTC;0.0;991.7;991.7;991.4;;15.8;15.3;16.5;15.8;16.2;15.3;99.0;97.0;97.0;182.0;1.1;0.4
2023/07/26;0900 UTC;0.0;992.1;992.1;991.6;;15.5;15.1;15.9;15.4;15.7;14.9;99.0;96.0;98.0;150.0;0.9;0.3
2023/07/26;1000 UTC;0.0;992.6;992.6;992.1;12.6;15.4;14.8;15.6;15.1;15.3;14.7;99.0;97.0;97.0;242.0;1.1;0.3
2023/07/26;1100 UTC;0.0;993.3;993.3;992.6;426.8;20.5;16.7;20.7;15.4;17.0;14.8;97.0;77.0;79.0;57.0;1.4;0.4
2023/07/26;1200 UTC;0.0;994.0;994.1;993.3;1153.8;25.3;16.1;25.3;20.5;17.8;16.1;83.0;57.0;57.0;97.0;3.8;1.9
2023/07/26;1300 UTC;0.0;994.2;994.2;994.0;1679.1;28.3;17.0;28.3;25.3;17.0;15.8;57.0;49.0;50.0;112.0;4.9;2.5
2023/07/26;1400 UTC;0.0;993.9;994.3;993.9;2126.3;30.7;17.2;30.7;28.1;17.5;16.0;51.0;43.0;44.0;88.0;5.8;2.0
2023/07/26;1500 UTC;0.0;993.2;993.9;993.2;2581.2;32.9;16.4;33.0;30.5;17.7;16.2;45.0;37.0;37.0;67.0;5.6;2.0
2023/07/26;1600 UTC;0.0;992.5;993.2;992.5;2774.8;33.7;15.2;34.3;32.8;16.9;13.8;38.0;30.0;33.0;80.0;5.9;2.5
2023/07/26;1700 UTC;0.0;991.6;992.5;991.6;2750.2;34.1;14.9;34.6;33.3;16.0;14.3;35.0;30.0;32.0;109.0;7.5;3.3
2023/07/26;1800 UTC;0.0;991.0;991.6;991.0;2374.3;34.3;13.7;34.8;33.6;15.1;13.1;32.0;28.0;29.0;123.0;7.2;3.0
2023/07/26;1900 UTC;0.0;990.8;991.0;990.8;1622.5;34.3;14.4;34.7;33.8;14.8;12.8;32.0;28.0;30.0;82.0;5.5;1.2
2023/07/26;2000 UTC;0.0;991.2;991.2;990.8;1007.8;33.5;15.5;34.3;33.5;15.5;12.8;34.0;28.0;34.0;82.0;3.9;1.0
2023/07/26;2100 UTC;0.0;991.7;991.7;991.2;319.5;27.9;18.8;33.6;27.9;19.3;13.8;58.0;30.0;58.0;279.0;2.4;0.5
2023/07/26;2200 UTC;0.0;992.3;992.3;991.7;0.5;23.6;19.0;27.9;23.5;19.2;18.1;76.0;57.0;76.0;289.0;0.8;0.2
2023/07/26;2300 UTC;0.0;992.9;992.9;992.3;;21.8;18.8;23.6;21.8;19.1;18.6;84.0;75.0;83.0;201.0;0.7;0.4
2023/07/27;0000 UTC;0.0;993.6;993.6;992.9;;20.8;18.4;21.8;20.7;19.0;18.4;88.0;83.0;86.0;269.0;0.7;0.3
2023/07/27;0100 UTC;0.0;994.1;994.1;993.6;;19.9;18.2;20.8;19.9;18.8;18.2;91.0;86.0;90.0;178.0;0.9;0.3
2023/07/27;0200 UTC;0.0;994.4;994.5;994.1;;19.0;17.9;19.9;19.0;18.7;17.7;95.0;90.0;93.0;145.0;0.8;0.3
2023/07/27;0300 UTC;0.0;994.3;994.5;994.3;;18.5;17.8;19.1;18.5;18.2;17.4;96.0;91.0;96.0;187.0;0.9;0.2
2023/07/27;0400 UTC;0.0;993.9;994.3;993.9;;17.7;16.8;18.5;17.6;17.8;16.8;96.0;94.0;95.0;218.0;0.6;0.4
2023/07/27;0500 UTC;0.0;993.4;993.9;993.4;;17.4;16.6;17.7;17.3;16.9;16.6;97.0;94.0;95.0;286.0;0.6;0.3
2023/07/27;0600 UTC;0.0;992.9;993.4;992.9;;16.8;16.3;17.4;16.7;16.6;16.1;98.0;95.0;97.0;169.0;0.7;0.3
2023/07/27;0700 UTC;0.0;992.9;992.9;992.7;;16.2;15.8;16.8;16.2;16.3;15.8;98.0;96.0;98.0;9.0;1.0;0.3
2023/07/27;0800 UTC;0.0;992.8;993.0;992.8;;15.7;15.4;16.4;15.6;15.9;15.1;98.0;95.0;98.0;260.0;1.1;0.2
2023/07/27;0900 UTC;0.0;992.9;993.0;992.8;;15.1;14.8;15.9;15.1;15.4;14.6;98.0;95.0;98.0;156.0;0.8;0.1
2023/07/27;1000 UTC;0.0;993.6;993.6;992.9;12.9;15.5;15.1;15.7;14.9;15.3;14.5;99.0;96.0;98.0;21.0;2.8;0.1
2023/07/27;1100 UTC;0.0;994.1;994.1;993.6;441.3;22.6;14.6;22.6;15.5;16.9;14.5;99.0;60.0;61.0;145.0;2.5;1.4
2023/07/27;1200 UTC;0.0;994.6;994.6;994.1;1157.9;26.5;15.2;26.5;22.6;15.7;14.5;63.0;50.0;50.0;131.0;4.0;2.0
2023/07/27;1300 UTC;0.0;994.9;994.9;994.6;1680.8;30.1;14.5;30.2;26.5;16.0;14.1;51.0;38.0;39.0;108.0;6.2;3.1
2023/07/27;1400 UTC;0.0;994.6;994.9;994.6;2125.0;31.9;15.3;32.0;30.1;15.9;13.9;39.0;35.0;37.0;108.0;6.4;3.3
2023/07/27;1500 UTC;0.0;993.9;994.6;993.9;2573.1;33.0;16.1;33.7;31.9;16.6;14.5;38.0;32.0;36.0;97.0;6.4;2.5
2023/07/27;1600 UTC;0.0;992.9;993.9;992.9;2779.8;34.3;13.3;35.0;33.0;16.5;13.3;37.0;28.0;28.0;131.0;6.2;3.8
2023/07/27;1700 UTC;0.0;991.9;992.9;991.9;2768.4;35.0;12.5;35.6;34.1;14.5;12.0;30.0;25.0;26.0;126.0;6.2;3.5
2023/07/27;1800 UTC;0.0;991.3;991.9;991.3;2395.2;35.0;12.4;35.9;34.7;13.4;12.0;27.0;24.0;26.0;111.0;6.4;2.9
2023/07/27;1900 UTC;0.0;991.0;991.3;991.0;1728.5;35.1;12.4;35.8;34.9;13.4;11.8;27.0;24.0;25.0;125.0;5.9;2.8
2023/07/27;2000 UTC;0.0;991.0;991.0;990.9;1011.9;34.8;14.0;35.3;34.4;14.3;12.0;30.0;25.0;29.0;136.0;5.6;1.8
2023/07/27;2100 UTC;0.0;991.4;991.4;991.0;311.2;28.3;18.4;34.8;28.3;19.0;13.9;55.0;29.0;55.0;128.0;3.6;0.3
2023/07/27;2200 UTC;0.0;991.8;991.8;991.4;0.0;24.3;18.7;28.3;24.3;19.3;18.2;71.0;55.0;71.0;222.0;1.3;0.2
2023/07/27;2300 UTC;0.0;992.6;992.6;991.8;;22.2;18.1;24.3;22.2;19.0;18.0;77.0;71.0;77.0;148.0;0.6;0.3
2023/07/28;0000 UTC;0.0;993.2;993.2;992.6;;21.1;18.0;22.2;21.1;18.1;17.6;82.0;77.0;82.0;262.0;1.5;0.4
2023/07/28;0100 UTC;0.0;993.7;993.7;993.2;;19.8;17.6;21.1;19.8;18.0;17.4;87.0;82.0;87.0;272.0;0.9;0.3
2023/07/28;0200 UTC;0.0;993.9;993.9;993.7;;18.9;17.0;19.8;18.8;17.7;17.0;90.0;87.0;89.0;348.0;1.3;0.5
2023/07/28;0300 UTC;0.0;993.5;994.0;993.5;;18.5;17.3;19.0;18.4;17.3;16.9;93.0;89.0;93.0;314.0;1.2;0.4
2023/07/28;0400 UTC;0.0;993.2;993.7;993.1;;17.8;16.8;18.7;17.8;17.3;16.3;94.0;89.0;94.0;103.0;2.1;0.7
2023/07/28;0500 UTC;0.0;992.7;993.2;992.7;;17.4;16.7;18.4;17.3;17.1;16.3;97.0;90.0;96.0;275.0;1.5;0.7
2023/07/28;0600 UTC;0.0;992.6;992.8;992.5;;17.9;16.4;17.9;17.1;16.7;16.2;96.0;91.0;91.0;223.0;3.2;0.9
2023/07/28;0700 UTC;0.0;992.3;992.6;992.2;;16.5;15.7;17.9;16.5;16.2;15.2;95.0;90.0;95.0;183.0;1.7;0.4
2023/07/28;0800 UTC;0.0;992.9;992.9;992.3;;17.6;16.2;17.6;16.3;16.3;15.7;98.0;91.0;91.0;202.0;1.1;0.5
2023/07/28;0900 UTC;0.0;993.5;993.5;992.9;;18.0;16.7;18.2;17.3;16.7;16.2;95.0;89.0;92.0;86.0;2.3;0.8
2023/07/28;1000 UTC;0.0;994.1;994.1;993.5;8.5;19.2;17.4;19.6;18.0;17.6;16.7;93.0;84.0;90.0;160.0;1.9;0.5
2023/07/28;1100 UTC;0.0;995.0;995.0;994.1;148.3;21.6;17.8;21.6;19.1;18.3;17.2;92.0;78.0;79.0;160.0;1.3;0.6
2023/07/28;1200 UTC;0.0;995.5;995.5;995.0;556.9;25.0;17.1;25.0;21.7;17.7;16.5;79.0;62.0;62.0;151.0;4.5;1.8
2023/07/28;1300 UTC;0.0;995.9;995.9;995.5;1436.1;29.6;16.7;29.8;25.0;17.9;16.7;61.0;46.0;46.0;134.0;5.6;2.7
2023/07/28;1400 UTC;0.0;995.9;995.9;995.8;2120.3;32.2;17.9;32.6;29.4;19.2;16.7;48.0;43.0;43.0;82.0;5.6;1.8
2023/07/28;1500 UTC;0.0;995.4;995.9;995.4;2587.8;33.6;15.7;33.9;32.0;18.6;15.6;44.0;34.0;34.0;110.0;8.2;4.5
2023/07/28;1600 UTC;0.0;994.2;995.4;994.2;2795.0;34.5;15.3;35.1;33.5;16.1;14.4;34.0;30.0;32.0;134.0;8.2;3.2
2023/07/28;1700 UTC;0.0;993.2;994.2;993.2;2776.9;35.1;15.0;35.8;34.2;15.8;14.2;32.0;29.0;30.0;145.0;6.3;3.3
2023/07/28;1800 UTC;0.0;992.4;993.2;992.4;2419.4;35.5;12.1;35.8;34.8;15.3;10.9;31.0;23.0;24.0;107.0;5.8;2.0
2023/07/28;1900 UTC;0.0;992.2;992.4;992.1;1727.4;35.3;12.6;35.9;35.0;14.1;11.0;28.0;22.0;25.0;131.0;4.9;2.0
2023/07/28;2000 UTC;0.0;992.5;992.5;992.2;1004.9;34.8;14.4;36.2;34.8;15.3;12.4;31.0;25.0;29.0;146.0;4.2;1.6
2023/07/28;2100 UTC;0.0;992.6;992.7;992.5;320.5;28.6;19.2;35.8;28.6;19.2;14.6;57.0;29.0;57.0;308.0;3.1;0.2
2023/07/28;2200 UTC;0.0;992.9;992.9;992.6;;24.8;19.8;28.6;24.8;19.9;19.0;74.0;57.0;74.0;191.0;0.8;0.4
2023/07/28;2300 UTC;0.0;993.4;993.4;992.9;;22.9;20.1;24.8;22.9;20.1;19.7;84.0;74.0;84.0;208.0;0.8;0.2
2023/07/29;0000 UTC;0.0;994.2;994.2;993.4;;21.9;19.3;22.9;21.9;20.1;19.0;87.0;82.0;85.0;207.0;1.0;0.6
2023/07/29;0100 UTC;0.0;994.6;994.6;994.2;;20.8;18.8;22.0;20.8;19.3;18.3;88.0;84.0;88.0;211.0;1.0;0.4
2023/07/29;0200 UTC;0.0;995.0;995.0;994.6;;19.8;18.3;20.8;19.8;18.8;18.1;91.0;87.0;91.0;199.0;1.1;0.2
2023/07/29;0300 UTC;0.0;994.7;995.0;994.7;;19.2;17.7;19.8;19.1;18.3;17.6;93.0;90.0;91.0;227.0;0.9;0.3
2023/07/29;0400 UTC;0.0;994.1;994.7;994.1;;18.6;17.6;19.2;18.6;17.7;17.5;94.0;91.0;94.0;323.0;2.2;0.4
2023/07/29;0500 UTC;0.0;993.4;994.1;993.4;;18.0;17.0;18.5;18.0;17.5;16.9;96.0;93.0;94.0;183.0;1.8;0.5
2023/07/29;0600 UTC;0.0;993.0;993.4;992.9;;17.7;17.0;18.1;17.2;17.2;16.5;97.0;92.0;96.0;288.0;1.8;0.5
2023/07/29;0700 UTC;0.0;993.1;993.2;992.8;;18.3;16.7;18.5;17.0;17.1;16.3;98.0;89.0;90.0;115.0;5.9;1.6
2023/07/29;0800 UTC;0.0;993.3;993.4;993.0;;16.9;16.4;18.3;16.8;16.8;16.3;97.0;90.0;97.0;351.0;5.9;0.2
2023/07/29;0900 UTC;0.0;994.0;994.3;993.3;;17.7;16.4;17.8;16.5;16.8;15.9;98.0;91.0;92.0;165.0;4.1;0.8
2023/07/29;1000 UTC;0.0;994.2;994.2;993.9;16.6;16.6;16.4;17.7;16.6;16.5;16.0;99.0;91.0;98.0;347.0;2.2;0.1
2023/07/29;1100 UTC;0.0;995.0;995.0;994.2;321.7;20.7;18.2;21.0;16.6;18.3;16.3;99.0;78.0;86.0;190.0;0.9;0.4
2023/07/29;1200 UTC;0.0;995.5;995.5;995.0;1005.9;26.6;17.9;26.6;20.8;19.0;16.7;87.0;59.0;59.0;131.0;3.9;2.0
2023/07/29;1300 UTC;0.0;995.6;995.7;995.5;1684.5;30.0;17.8;30.0;26.6;18.7;17.1;59.0;48.0;48.0;131.0;6.4;3.3
2023/07/29;1400 UTC;0.0;995.3;995.6;995.3;2116.5;31.5;19.0;31.6;29.5;19.0;17.2;49.0;46.0;47.0;120.0;7.4;2.9
2023/07/29;1500 UTC;0.0;994.6;995.3;994.6;2542.4;33.3;18.9;33.5;31.3;19.6;18.4;49.0;41.0;43.0;109.0;7.6;3.7
2023/07/29;1600 UTC;0.0;993.5;994.6;993.5;2700.2;34.5;18.6;34.9;33.2;19.2;18.3;43.0;38.0;39.0;120.0;7.6;2.8
2023/07/29;1700 UTC;0.0;992.4;993.5;992.4;2760.5;35.5;16.7;35.5;34.3;18.9;16.7;40.0;33.0;33.0;100.0;6.0;2.4
2023/07/29;1800 UTC;0.0;991.8;992.4;991.7;2419.6;35.4;15.5;35.9;34.7;17.4;15.4;35.0;30.0;30.0;98.0;5.7;2.3
2023/07/29;1900 UTC;0.0;991.5;991.8;991.4;1714.5;35.5;16.4;36.3;35.0;17.7;15.3;35.0;29.0;32.0;144.0;5.3;2.2
2023/07/29;2000 UTC;0.0;991.7;991.7;991.5;1009.7;35.1;16.6;35.7;34.9;17.5;16.1;35.0;32.0;33.0;142.0;4.4;1.4
2023/07/29;2100 UTC;0.0;992.2;992.2;991.7;344.4;31.6;19.9;35.1;31.6;20.5;16.4;51.0;33.0;50.0;162.0;2.7;1.0
2023/07/29;2200 UTC;0.0;992.9;992.9;992.2;3.3;26.4;20.6;31.6;26.4;21.5;19.7;71.0;50.0;71.0;206.0;1.8;0.1
2023/07/29;2300 UTC;0.0;993.4;993.4;992.9;;24.6;20.9;26.4;24.6;21.0;20.4;80.0;71.0;80.0;140.0;0.5;0.2
2023/07/30;0000 UTC;0.0;993.9;993.9;993.4;;23.3;20.9;24.6;23.3;20.9;20.6;86.0;79.0;86.0;216.0;0.5;0.3
2023/07/30;0100 UTC;0.0;994.2;994.2;993.9;;22.4;20.3;23.3;22.4;20.9;20.2;89.0;84.0;88.0;125.0;0.7;0.5
2023/07/30;0200 UTC;0.0;994.2;994.3;994.1;;22.0;19.6;22.4;21.6;20.6;19.4;91.0;86.0;87.0;201.0;1.3;0.7
2023/07/30;0300 UTC;0.0;994.1;994.2;994.1;;20.8;19.1;22.0;20.8;19.6;19.1;92.0;86.0;90.0;97.0;1.1;0.2
2023/07/30;0400 UTC;0.0;993.4;994.1;993.4;;20.2;18.9;20.8;20.2;19.2;18.8;92.0;89.0;92.0;162.0;0.6;0.1
2023/07/30;0500 UTC;0.0;993.0;993.4;993.0;;19.4;18.6;20.2;19.4;18.9;18.4;95.0;91.0;95.0;331.0;0.8;0.2
2023/07/30;0600 UTC;0.0;992.4;993.0;992.4;;19.1;17.9;19.4;18.8;18.6;17.8;96.0;92.0;93.0;249.0;0.7;0.4
2023/07/30;0700 UTC;0.0;992.5;992.5;992.2;;18.4;17.9;19.2;18.3;18.0;17.7;97.0;93.0;97.0;249.0;1.0;0.3
2023/07/30;0800 UTC;0.0;992.7;992.7;992.5;;18.3;17.5;18.6;18.2;18.0;17.3;97.0;94.0;95.0;156.0;0.9;0.3
2023/07/30;0900 UTC;0.0;993.1;993.1;992.7;;17.9;17.4;18.9;17.9;18.0;17.0;97.0;93.0;97.0;131.0;2.3;0.4
2023/07/30;1000 UTC;0.0;993.9;993.9;993.1;12.1;17.2;16.8;17.9;17.2;17.4;16.8;98.0;95.0;97.0;126.0;1.2;0.5
2023/07/30;1100 UTC;0.0;994.6;994.7;993.9;452.9;23.5;18.2;23.5;17.2;18.3;16.7;98.0;72.0;72.0;148.0;3.0;1.5
2023/07/30;1200 UTC;0.0;995.2;995.2;994.6;1155.6;27.3;17.8;27.7;23.5;18.5;17.6;72.0;55.0;56.0;131.0;3.9;1.9
2023/07/30;1300 UTC;0.0;995.4;995.5;995.2;1689.7;30.6;19.8;30.9;27.3;19.9;17.8;57.0;49.0;52.0;89.0;3.9;1.7
2023/07/30;1400 UTC;0.0;995.2;995.5;995.2;2122.8;33.4;19.3;33.4;30.6;20.0;18.6;52.0;43.0;44.0;112.0;4.1;2.1
2023/07/30;1500 UTC;0.0;994.4;995.2;994.4;2547.3;35.3;17.7;35.5;33.4;19.7;17.2;44.0;35.0;35.0;166.0;5.9;2.9
2023/07/30;1600 UTC;0.0;993.1;994.4;993.1;2773.7;36.3;16.3;36.7;35.0;17.9;15.7;36.0;29.0;31.0;135.0;5.9;2.4
2023/07/30;1700 UTC;0.0;992.0;993.1;992.0;2754.6;36.8;15.2;37.4;35.6;16.6;14.7;31.0;28.0;28.0;95.0;6.4;1.9
2023/07/30;1800 UTC;0.0;991.4;992.0;991.3;2397.9;36.9;16.1;37.4;36.1;16.1;13.6;30.0;25.0;29.0;107.0;5.1;1.2
2023/07/30;1900 UTC;0.0;991.3;991.4;991.2;1730.9;37.0;15.6;37.3;36.0;16.2;14.6;30.0;27.0;28.0;110.0;4.4;1.2
2023/07/30;2000 UTC;0.0;991.7;991.7;991.2;1012.9;36.5;17.1;37.0;35.7;17.3;14.6;33.0;28.0;32.0;209.0;3.7;1.3
2023/07/30;2100 UTC;0.0;992.2;992.2;991.7;361.8;30.7;21.2;36.9;30.7;21.2;16.6;57.0;30.0;57.0;153.0;2.5;0.3
2023/07/30;2200 UTC;0.0;992.6;992.6;992.2;2.8;27.0;21.6;30.7;27.0;21.7;20.6;72.0;57.0;72.0;196.0;0.8;0.2
2023/07/30;2300 UTC;0.0;993.3;993.3;992.6;;25.2;21.8;27.0;25.2;21.9;21.5;82.0;72.0;82.0;159.0;0.8;0.3
2023/07/31;0000 UTC;0.0;993.9;993.9;993.3;;24.1;21.6;25.2;24.1;21.9;21.5;87.0;81.0;86.0;235.0;0.5;0.1
2023/07/31;0100 UTC;0.0;994.4;994.4;993.9;;22.9;20.9;24.1;22.9;21.6;20.8;89.0;85.0;89.0;175.0;0.6;0.2
2023/07/31;0200 UTC;0.0;994.6;994.6;994.4;;22.6;20.3;23.7;22.3;21.0;20.3;90.0;82.0;87.0;241.0;1.8;0.3
2023/07/31;0300 UTC;0.0;994.3;994.6;994.3;;21.8;20.4;22.6;21.8;20.7;20.3;92.0;87.0;92.0;139.0;0.8;0.5
2023/07/31;0400 UTC;0.0;994.0;994.3;994.0;;20.9;20.0;21.8;20.9;20.4;20.0;95.0;92.0;95.0;324.0;0.9;0.2
2023/07/31;0500 UTC;0.0;993.4;994.0;993.4;;20.3;19.7;20.9;20.2;20.1;19.6;97.0;95.0;97.0;297.0;0.7;0.3
2023/07/31;0600 UTC;0.0;992.9;993.4;992.9;;19.5;19.0;20.3;19.4;19.7;18.8;98.0;96.0;97.0;269.0;0.7;0.3
2023/07/31;0700 UTC;0.0;993.0;993.0;992.8;;19.3;18.6;20.3;19.2;19.9;18.4;98.0;93.0;96.0;129.0;3.9;0.4
2023/07/31;0800 UTC;0.0;993.2;993.2;993.0;;19.1;18.7;19.5;19.1;18.8;18.4;98.0;95.0;98.0;15.0;0.9;0.1
2023/07/31;0900 UTC;0.0;993.8;993.8;993.2;;19.3;18.6;19.4;18.9;18.6;18.3;98.0;94.0;96.0;246.0;1.1;0.1
2023/07/31;1000 UTC;0.0;994.7;994.7;993.8;13.5;18.9;18.0;19.3;18.7;18.6;17.9;97.0;94.0;95.0;194.0;1.2;0.5
2023/07/31;1100 UTC;0.0;995.6;995.6;994.7;401.4;25.0;17.3;25.0;18.9;18.3;17.2;95.0;62.0;62.0;137.0;4.4;2.2
2023/07/31;1200 UTC;0.0;996.2;996.2;995.6;1046.3;27.8;17.2;27.9;25.0;17.5;16.8;62.0;51.0;53.0;122.0;8.3;4.3
2023/07/31;1300 UTC;0.0;996.5;996.6;996.2;1650.3;29.6;18.4;29.9;27.6;18.5;17.0;53.0;50.0;51.0;109.0;8.7;3.6
2023/07/31;1400 UTC;0.0;996.5;996.6;996.4;2078.4;32.1;18.1;32.3;29.6;19.3;17.8;52.0;43.0;43.0;101.0;8.7;4.6
2023/07/31;1500 UTC;0.0;996.0;996.5;995.9;2614.3;34.0;19.1;34.0;32.0;19.1;17.6;44.0;40.0;41.0;98.0;9.0;3.3
2023/07/31;1600 UTC;0.0;995.0;996.0;995.0;2825.2;34.5;17.4;34.9;33.6;18.9;17.1;41.0;35.0;36.0;75.0;7.4;3.4
2023/07/31;1700 UTC;0.0;993.8;995.0;993.8;2731.2;35.0;17.4;35.5;34.5;18.1;16.6;37.0;34.0;35.0;91.0;7.1;3.2
2023/07/31;1800 UTC;0.0;993.2;993.8;993.2;2364.0;36.0;17.8;36.1;34.7;18.1;16.8;36.0;33.0;34.0;137.0;6.6;2.7
2023/07/31;1900 UTC;0.0;993.0;993.3;993.0;1720.8;35.5;17.2;36.1;35.1;18.3;16.9;37.0;33.0;34.0;90.0;5.5;1.6
2023/07/31;2000 UTC;0.0;993.1;993.1;992.9;1017.6;34.9;17.9;35.8;34.8;18.2;16.5;38.0;33.0;37.0;89.0;3.9;1.8
2023/07/31;2100 UTC;0.0;993.5;993.5;993.1;308.1;30.2;21.3;34.9;30.2;22.1;17.9;61.0;37.0;59.0;187.0;3.4;0.3
2023/07/31;2200 UTC;0.0;993.7;993.8;993.5;1.6;26.9;21.8;30.2;26.8;21.9;20.8;74.0;58.0;74.0;117.0;1.0;0.2
2023/07/31;2300 UTC;0.0;994.2;994.2;993.7;;26.1;21.8;27.1;26.1;22.1;21.6;77.0;73.0;77.0;302.0;0.6;0.2
2023/08/01;0000 UTC;0.0;994.6;994.6;994.2;;24.3;21.6;26.1;24.3;22.2;21.5;85.0;77.0;85.0;37.0;0.5;0.1
2023/08/01;0100 UTC;0.0;995.0;995.0;994.6;;22.7;20.5;24.3;22.7;21.6;20.5;89.0;85.0;87.0;119.0;0.8;0.1
2023/08/01;0200 UTC;0.0;995.1;995.1;994.9;;21.7;20.3;22.8;21.7;20.6;20.2;92.0;86.0;92.0;326.0;0.9;0.2
2023/08/01;0300 UTC;0.0;994.8;995.1;994.8;;21.2;19.8;21.7;21.2;20.3;19.8;92.0;91.0;92.0;185.0;1.0;0.5
2023/08/01;0400 UTC;0.0;994.3;994.8;994.3;;20.7;19.6;21.2;20.7;19.8;19.5;94.0;91.0;93.0;260.0;1.4;0.2
2023/08/01;0500 UTC;0.0;993.6;994.4;993.6;;19.9;19.0;20.7;19.9;19.6;19.0;95.0;93.0;94.0;262.0;1.1;0.2
2023/08/01;0600 UTC;0.0;993.3;993.6;993.3;;19.3;18.8;20.0;19.3;19.2;18.5;97.0;94.0;97.0;323.0;0.5;0.1
2023/08/01;0700 UTC;0.0;993.4;993.4;993.2;;19.0;18.2;19.3;18.9;18.9;18.2;98.0;95.0;95.0;199.0;1.4;0.5
2023/08/01;0800 UTC;0.0;993.6;993.6;993.4;;18.5;18.0;19.0;18.5;18.4;17.9;97.0;95.0;97.0;114.0;2.0;0.6
2023/08/01;0900 UTC;0.0;994.1;994.1;993.6;;18.2;17.9;18.5;18.2;18.1;17.6;98.0;96.0;98.0;20.0;1.6;0.1
2023/08/01;1000 UTC;0.0;994.7;994.7;994.1;18.8;18.0;17.5;18.2;17.8;18.0;17.3;99.0;97.0;97.0;169.0;0.9;0.6
2023/08/01;1100 UTC;0.0;995.3;995.3;994.7;358.4;23.1;18.2;23.1;18.0;18.6;17.5;97.0;74.0;74.0;123.0;2.7;1.3
2023/08/01;1200 UTC;0.0;996.2;996.2;995.3;1165.8;27.4;18.3;27.4;23.1;18.7;18.0;74.0;58.0;58.0;105.0;5.3;2.7
2023/08/01;1300 UTC;0.0;996.5;996.5;996.2;1722.5;30.6;17.0;30.6;27.3;18.1;16.7;57.0;44.0;44.0;99.0;6.8;3.0
2023/08/01;1400 UTC;0.0;996.6;996.7;996.5;2165.6;32.5;16.1;32.6;30.3;18.0;15.9;46.0;37.0;37.0;86.0;7.6;3.2
2023/08/01;1500 UTC;0.0;996.0;996.6;996.0;2645.9;33.6;16.2;33.8;32.3;17.0;15.6;39.0;35.0;35.0;99.0;7.9;3.6
2023/08/01;1600 UTC;0.0;995.1;996.0;995.1;2831.7;34.3;15.7;34.5;33.4;16.7;15.2;37.0;32.0;33.0;105.0;8.0;4.1
2023/08/01;1700 UTC;0.0;994.0;995.1;994.0;2907.4;35.0;15.3;36.4;34.2;16.6;15.0;34.0;30.0;31.0;103.0;8.0;3.5
2023/08/01;1800 UTC;0.0;993.0;994.0;993.0;2448.6;34.8;14.6;35.5;34.6;15.7;14.2;31.0;29.0;30.0;91.0;7.6;2.7
2023/08/01;1900 UTC;0.0;992.5;993.0;992.5;1742.8;35.1;15.3;35.8;34.7;15.8;14.7;32.0;29.0;31.0;96.0;5.5;2.1
2023/08/01;2000 UTC;0.0;992.6;992.6;992.5;1003.1;34.3;16.5;35.5;34.1;16.7;14.7;35.0;30.0;35.0;86.0;4.3;1.2
2023/08/01;2100 UTC;0.0;993.1;993.1;992.6;316.8;29.2;20.3;34.3;29.2;20.5;16.3;60.0;34.0;59.0;154.0;3.1;0.7
2023/08/01;2200 UTC;0.0;993.6;993.6;993.1;1.0;25.2;20.0;29.2;25.2;20.8;19.8;73.0;58.0;73.0;169.0;1.3;0.3
2023/08/01;2300 UTC;0.0;994.1;994.1;993.6;;23.1;18.7;25.2;23.1;20.0;18.7;77.0;72.0;76.0;151.0;0.5;0.3
2023/08/02;0000 UTC;0.0;994.5;994.5;994.1;;22.1;18.5;23.1;22.1;18.9;18.0;80.0;75.0;80.0;176.0;1.7;0.5
2023/08/02;0100 UTC;0.0;995.0;995.0;994.5;;22.3;16.6;22.5;21.6;18.5;16.5;81.0;69.0;70.0;134.0;2.8;1.2
2023/08/02;0200 UTC;0.0;995.0;995.1;995.0;;20.3;17.1;22.3;20.3;17.5;16.4;82.0;70.0;82.0;125.0;2.8;0.9
2023/08/02;0300 UTC;0.0;994.7;995.0;994.7;;19.0;17.3;20.3;19.0;17.6;16.8;90.0;81.0;90.0;137.0;1.4;0.4
2023/08/02;0400 UTC;0.0;994.2;994.7;994.2;;18.1;16.8;19.0;18.1;17.3;16.5;93.0;87.0;92.0;51.0;1.7;0.7
2023/08/02;0500 UTC;0.0;993.7;994.3;993.6;;17.3;16.2;18.1;17.3;17.0;16.2;95.0;91.0;93.0;92.0;2.3;1.1
2023/08/02;0600 UTC;0.0;993.4;993.7;993.4;;16.9;15.7;17.8;16.9;16.2;15.3;93.0;87.0;93.0;213.0;2.4;0.2
2023/08/02;0700 UTC;0.0;993.4;993.4;993.2;;16.2;15.5;16.9;16.1;15.9;15.5;96.0;92.0;96.0;328.0;0.8;0.4
2023/08/02;0800 UTC;0.0;993.6;993.7;993.4;;15.9;15.3;16.2;15.7;15.6;14.8;97.0;95.0;97.0;93.0;2.1;0.5
2023/08/02;0900 UTC;0.0;994.0;994.0;993.6;;15.3;14.8;16.0;15.2;15.5;14.6;98.0;95.0;97.0;52.0;1.6;0.2
2023/08/02;1000 UTC;0.0;994.6;994.6;994.0;15.4;15.1;14.7;15.3;14.8;14.9;14.1;98.0;95.0;98.0;118.0;1.3;0.2
2023/08/02;1100 UTC;0.0;995.3;995.3;994.6;480.0;21.9;14.9;21.9;15.1;16.3;14.7;99.0;65.0;65.0;136.0;1.3;0.5
2023/08/02;1200 UTC;0.0;996.1;996.2;995.3;1191.9;25.6;14.2;25.6;21.8;15.9;13.9;67.0;49.0;49.0;111.0;5.7;2.9
2023/08/02;1300 UTC;0.0;996.3;996.4;996.1;1755.6;29.7;15.3;29.7;25.6;15.4;13.7;50.0;41.0;42.0;114.0;6.2;2.1
2023/08/02;1400 UTC;0.0;996.1;996.3;996.1;2194.0;32.1;14.8;32.3;29.1;16.0;14.1;42.0;34.0;35.0;104.0;7.1;2.9
2023/08/02;1500 UTC;0.0;995.4;996.1;995.4;2671.4;33.3;14.4;33.8;31.9;15.7;13.9;36.0;31.0;32.0;114.0;8.6;3.6
2023/08/02;1600 UTC;0.0;994.4;995.4;994.4;2891.6;33.6;14.6;34.6;33.1;15.6;14.1;33.0;30.0;32.0;129.0;7.5;3.7
2023/08/02;1700 UTC;0.0;993.4;994.4;993.4;2815.3;34.4;14.2;35.3;33.6;15.2;13.5;32.0;28.0;30.0;123.0;7.0;3.4
2023/08/02;1800 UTC;0.0;992.7;993.5;992.7;2443.6;35.0;14.8;35.7;34.2;15.4;13.7;31.0;28.0;30.0;78.0;6.3;2.3
2023/08/02;1900 UTC;0.0;992.4;992.7;992.3;1780.7;34.8;14.1;35.3;34.4;14.3;13.1;30.0;27.0;29.0;108.0;5.9;2.1
2023/08/02;2000 UTC;0.0;992.3;992.4;992.3;1037.3;34.4;13.7;34.9;34.2;14.5;12.9;31.0;27.0;29.0;132.0;4.6;1.7
2023/08/02;2100 UTC;0.0;992.7;992.7;992.3;325.6;28.5;18.4;34.4;28.5;19.2;13.8;55.0;29.0;55.0;126.0;3.3;0.3
2023/08/02;2200 UTC;0.0;993.0;993.0;992.7;0.8;24.5;18.9;28.5;24.5;19.1;17.6;71.0;53.0;71.0;171.0;0.7;0.3
2023/08/02;2300 UTC;0.0;993.4;993.4;993.0;;22.5;18.8;24.5;22.5;19.1;18.6;81.0;71.0;80.0;200.0;0.7;0.4
2023/08/03;0000 UTC;0.0;994.1;994.2;993.4;;21.4;19.1;22.6;21.4;19.3;18.5;87.0;80.0;87.0;182.0;1.3;0.3
2023/08/03;0100 UTC;0.0;994.4;994.4;994.1;;20.8;18.5;21.6;20.7;19.1;18.3;89.0;85.0;87.0;177.0;1.3;0.5
2023/08/03;0200 UTC;0.0;994.5;994.6;994.3;;20.0;17.8;20.8;20.0;18.6;17.8;90.0;87.0;88.0;257.0;1.0;0.2
2023/08/03;0300 UTC;0.0;994.4;994.5;994.3;;19.2;17.8;20.1;19.2;18.5;17.4;93.0;88.0;92.0;115.0;1.0;0.4
2023/08/03;0400 UTC;0.0;993.9;994.4;993.9;;18.6;17.6;19.2;18.6;18.1;17.5;94.0;92.0;94.0;143.0;1.0;0.3
2023/08/03;0500 UTC;0.0;993.6;993.9;993.6;;18.2;17.5;18.6;18.1;17.7;17.3;96.0;93.0;96.0;238.0;1.0;0.2
2023/08/03;0600 UTC;0.0;993.2;993.6;993.2;;17.6;17.1;18.2;17.6;17.5;16.8;97.0;93.0;97.0;160.0;0.7;0.3
2023/08/03;0700 UTC;0.0;993.1;993.2;993.0;;17.2;16.8;17.6;17.2;17.1;16.6;97.0;96.0;97.0;218.0;0.6;0.3
2023/08/03;0800 UTC;0.0;993.4;993.4;993.1;;17.3;16.7;17.5;17.1;16.8;16.4;97.0;94.0;96.0;180.0;1.1;0.2
2023/08/03;0900 UTC;0.0;993.3;993.4;993.2;;17.3;16.5;17.4;17.2;16.8;16.4;97.0;94.0;95.0;146.0;0.9;0.5
2023/08/03;1000 UTC;0.0;993.9;993.9;993.3;23.2;17.8;16.8;17.8;17.2;16.8;16.3;96.0;93.0;93.0;262.0;1.2;0.6
2023/08/03;1100 UTC;0.0;994.6;994.6;993.9;305.0;22.5;16.7;22.5;17.8;17.7;16.6;94.0;70.0;70.0;143.0;2.1;1.0
2023/08/03;1200 UTC;0.0;995.3;995.4;994.6;1050.7;26.0;17.0;26.4;22.4;17.4;16.3;71.0;56.0;58.0;153.0;4.4;2.6
2023/08/03;1300 UTC;0.0;995.4;995.5;995.3;1608.5;29.7;18.2;30.1;25.9;18.3;16.5;58.0;47.0;50.0;106.0;4.4;2.1
2023/08/03;1400 UTC;0.0;995.2;995.4;995.2;1732.7;31.2;17.9;31.3;28.3;18.8;16.8;52.0;44.0;45.0;105.0;4.9;2.3
2023/08/03;1500 UTC;0.0;994.7;995.2;994.7;2406.1;33.7;18.3;33.7;30.5;19.2;17.4;47.0;40.0;40.0;97.0;5.3;2.1
2023/08/03;1600 UTC;0.0;993.9;994.7;993.9;2621.9;34.8;15.5;34.9;32.8;19.1;15.5;43.0;32.0;32.0;100.0;6.3;1.9
2023/08/03;1700 UTC;0.0;992.6;993.9;992.6;2721.9;35.4;15.2;35.6;33.9;16.5;14.7;35.0;29.0;30.0;143.0;4.6;2.0
2023/08/03;1800 UTC;0.0;991.9;992.6;991.9;2217.0;34.9;15.9;35.9;34.3;16.2;14.7;33.0;30.0;32.0;110.0;5.1;2.3
2023/08/03;1900 UTC;0.0;991.6;991.9;991.5;1691.0;34.5;16.4;35.7;34.5;16.4;15.4;34.0;30.0;34.0;151.0;5.0;1.7
2023/08/03;2000 UTC;0.0;991.5;991.6;991.4;945.9;34.2;16.1;35.4;34.2;16.9;15.5;36.0;32.0;34.0;173.0;3.2;1.4
2023/08/03;2100 UTC;0.0;991.9;991.9;991.5;332.5;30.7;20.8;34.5;30.7;21.1;15.9;56.0;33.0;55.0;169.0;2.5;0.6
2023/08/03;2200 UTC;0.0;992.2;992.2;991.9;6.2;25.4;20.6;30.7;25.4;21.0;20.3;75.0;55.0;75.0;225.0;1.2;0.2
2023/08/03;2300 UTC;0.0;992.5;992.5;992.1;;23.6;20.7;25.4;23.6;20.9;20.6;84.0;75.0;84.0;160.0;0.6;0.2
2023/08/04;0000 UTC;0.0;993.0;993.0;992.5;;22.4;20.2;23.6;22.4;20.7;20.2;88.0;82.0;88.0;212.0;0.7;0.3
2023/08/04;0100 UTC;0.0;993.3;993.3;993.0;;21.5;20.3;22.4;21.5;20.5;19.7;94.0;88.0;93.0;245.0;0.7;0.2
2023/08/04;0200 UTC;0.0;993.2;993.3;993.2;;20.6;19.4;21.5;20.6;20.1;19.3;93.0;91.0;93.0;152.0;0.7;0.2
2023/08/04;0300 UTC;0.0;993.2;993.3;993.2;;20.1;18.9;20.6;20.0;19.4;18.6;93.0;90.0;93.0;234.0;0.6;0.1
2023/08/04;0400 UTC;0.0;992.8;993.3;992.8;;19.5;18.4;20.1;19.5;19.0;18.4;94.0;93.0;94.0;258.0;0.8;0.3
2023/08/04;0500 UTC;0.0;992.3;992.8;992.3;;18.6;17.6;19.5;18.6;18.4;17.6;95.0;93.0;94.0;237.0;0.6;0.3
2023/08/04;0600 UTC;0.0;991.9;992.3;991.9;;18.1;17.4;18.6;18.1;17.9;17.3;96.0;94.0;95.0;195.0;1.2;0.3
2023/08/04;0700 UTC;0.0;991.9;991.9;991.8;;17.7;17.3;18.1;17.5;17.5;17.0;98.0;95.0;98.0;205.0;0.8;0.2
2023/08/04;0800 UTC;0.0;991.9;991.9;991.8;;17.2;16.6;17.7;17.2;17.2;16.6;98.0;96.0;96.0;233.0;0.9;0.4
2023/08/04;0900 UTC;0.0;992.3;992.3;991.8;;17.1;16.5;17.2;17.0;16.6;16.3;97.0;95.0;97.0;167.0;0.8;0.4
2023/08/04;1000 UTC;0.0;993.1;993.1;992.3;16.7;17.5;17.1;17.5;16.7;17.1;16.4;99.0;96.0;97.0;85.0;2.4;0.6
2023/08/04;1100 UTC;0.0;993.7;993.7;993.1;447.3;24.2;16.7;24.2;17.5;18.1;16.7;97.0;63.0;63.0;140.0;2.4;0.9
2023/08/04;1200 UTC;0.0;994.7;994.7;993.7;1185.6;27.7;17.7;27.9;24.2;18.0;16.8;65.0;54.0;54.0;136.0;3.2;1.6
2023/08/04;1300 UTC;0.0;994.9;995.0;994.7;1746.6;30.5;16.8;30.8;27.7;18.5;16.5;56.0;43.0;44.0;125.0;5.1;3.0
2023/08/04;1400 UTC;0.0;994.5;994.9;994.5;2174.4;32.7;17.0;33.4;30.5;18.9;16.3;44.0;38.0;39.0;98.0;5.2;2.0
2023/08/04;1500 UTC;0.0;993.6;994.5;993.6;2674.1;34.9;16.8;35.2;32.7;17.7;16.1;40.0;34.0;34.0;133.0;5.4;2.3
2023/08/04;1600 UTC;0.0;992.6;993.6;992.6;2659.0;35.1;15.3;36.1;34.4;17.1;15.1;36.0;29.0;31.0;175.0;5.8;3.0
2023/08/04;1700 UTC;0.0;991.6;992.6;991.6;2784.1;36.0;15.5;36.7;35.0;16.3;15.1;32.0;29.0;30.0;204.0;5.8;2.3
2023/08/04;1800 UTC;0.0;990.9;991.6;990.8;2428.7;36.0;14.8;36.6;35.3;15.8;14.7;30.0;28.0;28.0;275.0;5.5;2.9
2023/08/04;1900 UTC;0.0;990.6;990.9;990.6;1738.9;35.5;15.3;36.4;35.2;15.8;14.7;30.0;28.0;30.0;222.0;5.2;1.7
2023/08/04;2000 UTC;0.0;990.6;990.6;990.5;872.8;33.1;18.1;37.0;33.1;19.2;14.8;42.0;29.0;41.0;228.0;3.2;0.6
2023/08/04;2100 UTC;0.0;990.9;990.9;990.6;295.1;29.2;20.1;33.5;29.2;21.2;17.4;60.0;39.0;58.0;289.0;1.6;0.2
2023/08/04;2200 UTC;0.0;991.3;991.3;990.9;6.1;26.2;21.7;29.2;26.2;21.8;20.0;76.0;57.0;76.0;167.0;0.9;0.6
2023/08/04;2300 UTC;0.0;992.0;992.0;991.3;;24.8;21.6;26.2;24.8;21.9;21.2;82.0;76.0;82.0;174.0;2.0;0.4
2023/08/05;0000 UTC;0.0;992.6;992.6;992.0;;23.5;20.9;24.8;23.5;21.6;20.8;86.0;82.0;85.0;184.0;0.8;0.3
2023/08/05;0100 UTC;0.0;993.1;993.1;992.6;;22.3;20.8;23.5;22.3;21.2;20.8;92.0;86.0;91.0;310.0;0.6;0.2
2023/08/05;0200 UTC;0.0;993.3;993.3;993.1;;21.2;19.9;22.3;21.2;20.8;19.9;93.0;91.0;92.0;156.0;0.7;0.3
2023/08/05;0300 UTC;0.0;993.3;993.5;993.3;;20.7;19.2;21.2;20.7;19.9;19.2;93.0;90.0;91.0;249.0;1.8;0.2
2023/08/05;0400 UTC;0.0;992.7;993.3;992.7;;20.0;19.0;20.7;20.0;19.3;19.0;94.0;91.0;94.0;227.0;0.9;0.3
2023/08/05;0500 UTC;0.0;992.1;992.7;992.1;;19.7;18.5;20.1;19.7;18.9;18.4;94.0;91.0;93.0;244.0;0.7;0.2
2023/08/05;0600 UTC;0.0;991.6;992.1;991.6;;19.2;18.4;19.7;19.2;18.5;18.2;95.0;92.0;95.0;260.0;0.5;0.2
2023/08/05;0700 UTC;0.0;991.7;991.8;991.4;;19.2;18.3;19.2;18.5;18.4;17.7;97.0;94.0;94.0;238.0;3.4;0.7
2023/08/05;0800 UTC;0.0;992.0;992.0;991.6;;18.1;17.3;19.8;18.1;18.0;17.1;95.0;87.0;95.0;351.0;3.4;0.4
2023/08/05;0900 UTC;0.0;992.6;992.6;992.0;;17.6;17.3;18.2;17.5;17.5;17.2;98.0;95.0;98.0;23.0;2.0;0.7
2023/08/05;1000 UTC;0.0;993.2;993.2;992.6;16.0;17.5;17.4;17.6;17.2;17.4;17.0;99.0;98.0;99.0;312.0;1.3;0.1
2023/08/05;1100 UTC;0.0;994.0;994.0;993.2;480.2;24.4;18.6;24.4;17.5;18.6;17.3;99.0;69.0;70.0;124.0;0.5;0.2
2023/08/05;1200 UTC;0.0;994.8;994.8;994.0;1172.6;27.3;17.6;27.5;24.4;18.9;17.6;71.0;55.0;55.0;126.0;3.2;2.0
2023/08/05;1300 UTC;0.0;994.9;995.0;994.8;1719.1;31.0;17.6;31.0;27.3;18.3;17.0;56.0;45.0;45.0;147.0;4.1;2.2
2023/08/05;1400 UTC;0.0;994.9;995.0;994.9;2147.3;33.5;18.1;33.6;30.9;18.8;16.9;45.0;39.0;40.0;117.0;4.8;2.0
2023/08/05;1500 UTC;0.0;994.3;994.9;994.3;2606.1;34.9;16.6;35.5;33.2;17.8;16.6;40.0;33.0;34.0;181.0;4.8;2.4
2023/08/05;1600 UTC;0.0;993.3;994.3;993.3;2826.9;35.6;15.7;36.4;34.8;16.9;15.5;34.0;30.0;31.0;197.0;4.8;2.4
2023/08/05;1700 UTC;0.0;992.3;993.3;992.3;2772.6;36.5;15.7;37.4;35.6;16.7;15.4;31.0;28.0;29.0;62.0;5.0;1.6
2023/08/05;1800 UTC;0.0;991.6;992.2;991.6;2411.4;37.0;15.4;37.4;36.1;16.4;13.8;30.0;26.0;28.0;148.0;4.8;1.5
2023/08/05;1900 UTC;0.0;991.4;991.6;991.4;1750.7;36.4;15.1;37.4;36.1;16.2;14.2;30.0;26.0;28.0;148.0;3.7;1.4
2023/08/05;2000 UTC;0.0;991.6;991.6;991.4;1013.2;36.1;16.4;37.1;36.1;17.0;15.2;32.0;28.0;31.0;254.0;4.0;1.9
2023/08/05;2100 UTC;0.0;991.9;991.9;991.6;316.9;30.7;20.6;36.1;30.7;20.6;16.2;55.0;31.0;55.0;272.0;3.0;0.6
2023/08/05;2200 UTC;0.0;992.1;992.1;991.9;1.0;26.4;21.2;30.7;26.4;21.3;20.4;73.0;55.0;73.0;90.0;1.1;0.3
2023/08/05;2300 UTC;0.0;992.7;992.7;992.1;;25.4;20.9;26.4;25.2;21.3;20.6;77.0;72.0;76.0;193.0;1.5;0.4
2023/08/06;0000 UTC;0.0;993.4;993.4;992.7;;23.7;21.0;25.5;23.6;21.2;20.7;85.0;75.0;85.0;94.0;0.9;0.1
2023/08/06;0100 UTC;0.0;993.7;993.7;993.4;;23.0;20.4;23.7;23.0;20.9;20.3;87.0;84.0;86.0;156.0;1.0;0.5
2023/08/06;0200 UTC;0.0;993.8;993.8;993.7;;22.7;20.4;23.2;22.6;20.5;20.3;88.0;85.0;86.0;178.0;0.7;0.3
2023/08/06;0300 UTC;0.0;993.7;993.8;993.7;;21.6;20.1;22.7;21.6;20.4;20.1;92.0;86.0;91.0;305.0;0.7;0.5
2023/08/06;0400 UTC;0.0;993.3;993.7;993.3;;21.0;19.8;21.6;21.0;20.2;19.8;93.0;91.0;93.0;293.0;0.7;0.3
2023/08/06;0500 UTC;0.0;992.6;993.3;992.6;;20.7;19.4;21.2;20.7;20.0;19.4;94.0;91.0;92.0;197.0;1.8;0.4
2023/08/06;0600 UTC;0.0;992.2;992.6;992.2;;19.9;19.1;20.7;19.9;19.5;19.0;96.0;92.0;95.0;231.0;1.0;0.2
2023/08/06;0700 UTC;0.0;992.1;992.2;992.1;;19.5;18.9;20.0;19.4;19.2;18.7;97.0;94.0;97.0;315.0;1.0;0.3
2023/08/06;0800 UTC;0.0;992.4;992.4;992.1;;19.1;18.8;19.5;19.1;19.1;18.7;98.0;97.0;98.0;305.0;1.0;0.3
2023/08/06;0900 UTC;0.0;992.8;992.8;992.4;;18.9;18.7;19.2;18.8;18.9;18.4;99.0;97.0;99.0;326.0;1.2;0.3
2023/08/06;1000 UTC;0.0;993.3;993.4;992.8;19.5;19.3;18.8;19.6;18.8;19.0;18.4;99.0;93.0;97.0;320.0;2.7;0.6
2023/08/06;1100 UTC;0.0;994.0;994.0;993.3;426.4;24.0;20.6;24.3;19.3;20.6;18.7;97.0;73.0;82.0;80.0;3.6;0.5
2023/08/06;1200 UTC;0.0;994.7;994.7;994.0;800.3;28.1;19.5;28.1;23.7;21.5;19.1;82.0;59.0;60.0;92.0;2.7;0.7
2023/08/06;1300 UTC;0.0;994.9;995.0;994.7;1700.5;31.7;18.8;32.2;27.9;20.0;18.2;60.0;45.0;46.0;108.0;3.5;1.7
2023/08/06;1400 UTC;0.0;994.5;994.9;994.5;2154.3;34.3;19.0;34.3;31.5;19.5;17.8;47.0;40.0;40.0;352.0;3.1;1.4
2023/08/06;1500 UTC;0.0;993.6;994.5;993.6;2610.9;34.8;17.6;35.3;33.8;19.4;17.2;41.0;34.0;36.0;121.0;4.3;1.8
2023/08/06;1600 UTC;0.0;992.6;993.6;992.6;2844.6;35.7;18.4;36.4;34.9;19.1;17.3;38.0;34.0;36.0;65.0;5.0;2.1
2023/08/06;1700 UTC;0.0;991.8;992.6;991.8;2833.6;36.3;17.5;37.1;35.4;18.6;17.1;36.0;32.0;33.0;91.0;5.1;2.1
2023/08/06;1800 UTC;0.0;991.2;991.8;991.2;2424.9;36.4;18.6;36.8;35.7;18.7;17.6;35.0;33.0;35.0;124.0;4.5;1.9
2023/08/06;1900 UTC;0.0;991.1;991.2;991.0;1733.8;36.2;17.5;36.8;35.7;19.1;17.5;36.0;33.0;33.0;86.0;4.1;1.2
2023/08/06;2000 UTC;0.0;991.1;991.1;991.0;1065.4;35.8;17.3;36.4;35.7;18.9;17.2;37.0;33.0;34.0;109.0;4.0;1.3
2023/08/06;2100 UTC;0.0;991.4;991.4;991.1;380.0;32.0;22.5;35.8;32.0;22.5;17.3;57.0;34.0;57.0;106.0;2.5;1.0
2023/08/06;2200 UTC;0.0;991.9;991.9;991.4;4.9;27.9;21.8;32.0;27.9;22.7;21.3;71.0;57.0;70.0;149.0;1.3;0.6
2023/08/06;2300 UTC;0.0;992.6;992.6;991.9;;25.9;21.7;27.9;25.8;22.0;21.5;79.0;70.0;78.0;201.0;0.8;0.2
2023/08/07;0000 UTC;0.0;993.6;993.6;992.6;;24.6;21.3;25.9;24.6;21.7;21.3;82.0;77.0;82.0;188.0;0.6;0.4
2023/08/07;0100 UTC;0.0;994.0;994.0;993.6;;23.2;21.1;24.6;23.2;21.6;21.1;90.0;82.0;88.0;165.0;0.6;0.3
2023/08/07;0200 UTC;0.0;994.2;994.3;994.0;;22.4;20.6;23.2;22.3;21.7;20.5;93.0;88.0;90.0;187.0;1.4;0.4
2023/08/07;0300 UTC;0.0;994.0;994.2;994.0;;21.5;19.5;22.4;21.5;20.8;19.4;91.0;87.0;89.0;93.0;1.9;0.6
2023/08/07;0400 UTC;0.0;993.6;994.1;993.6;;20.8;18.9;21.4;20.7;19.8;18.9;92.0;89.0;89.0;140.0;2.3;1.2
2023/08/07;0500 UTC;0.0;993.2;993.6;993.2;;20.0;18.1;21.2;20.0;18.8;18.1;90.0;84.0;89.0;172.0;2.3;1.0
2023/08/07;0600 UTC;0.0;992.7;993.3;992.7;;20.0;17.7;22.2;19.3;18.3;16.7;94.0;71.0;87.0;329.0;3.7;0.4
2023/08/07;0700 UTC;0.0;992.7;992.7;992.6;;18.8;17.3;19.9;18.7;17.9;17.3;94.0;86.0;91.0;110.0;2.3;1.0
2023/08/07;0800 UTC;0.0;993.0;993.0;992.7;;18.7;16.8;18.9;18.4;17.5;16.8;94.0;88.0;89.0;113.0;3.0;1.2
2023/08/07;0900 UTC;0.0;993.6;993.6;993.0;;18.1;16.6;18.8;18.1;17.0;16.2;94.0;86.0;91.0;101.0;3.0;0.7
2023/08/07;1000 UTC;0.0;994.0;994.0;993.6;17.2;19.1;15.1;19.1;17.9;16.9;15.1;94.0;78.0;78.0;120.0;2.7;1.1
2023/08/07;1100 UTC;0.0;995.0;995.0;994.0;474.2;24.5;14.6;24.5;19.1;15.5;14.5;78.0;54.0;54.0;135.0;3.8;1.9
2023/08/07;1200 UTC;0.0;995.8;995.8;995.0;1202.2;27.8;15.1;27.8;24.5;15.7;14.4;54.0;46.0;46.0;137.0;4.5;2.7
2023/08/07;1300 UTC;0.0;996.1;996.2;995.8;1761.0;31.7;17.2;32.0;27.8;18.1;15.2;46.0;40.0;42.0;112.0;4.5;1.7
2023/08/07;1400 UTC;0.0;996.2;996.4;996.1;2203.8;31.9;16.4;32.6;30.9;18.4;15.5;46.0;37.0;39.0;110.0;6.5;3.5
2023/08/07;1500 UTC;0.0;995.4;996.2;995.4;2671.0;34.2;16.2;34.3;31.8;16.8;14.8;40.0;32.0;34.0;94.0;6.5;2.4
2023/08/07;1600 UTC;0.0;994.5;995.4;994.5;2888.8;35.2;15.9;35.7;33.9;16.2;14.7;34.0;30.0;32.0;98.0;5.5;2.1
2023/08/07;1700 UTC;0.0;993.4;994.5;993.4;2804.5;36.2;14.6;36.3;34.8;15.8;14.0;32.0;26.0;28.0;108.0;5.8;1.8
2023/08/07;1800 UTC;0.0;992.4;993.4;992.4;2410.3;36.4;12.4;36.7;35.7;14.2;11.6;28.0;21.0;24.0;92.0;5.4;2.0
2023/08/07;1900 UTC;0.0;992.1;992.3;992.1;1768.3;36.2;12.5;36.8;35.8;13.7;11.5;26.0;23.0;24.0;194.0;4.8;1.8
2023/08/07;2000 UTC;0.0;992.3;992.3;992.1;1042.1;36.1;14.4;37.0;36.1;14.4;12.0;27.0;23.0;27.0;229.0;3.4;1.2
2023/08/07;2100 UTC;0.0;993.0;993.0;992.3;326.6;30.2;19.0;36.4;30.2;20.0;14.3;54.0;27.0;51.0;184.0;2.5;0.4
2023/08/07;2200 UTC;0.0;993.5;993.5;993.0;1.2;25.8;19.9;30.2;25.8;20.0;19.2;70.0;51.0;70.0;171.0;0.6;0.4
2023/08/07;2300 UTC;0.0;993.9;994.0;993.5;;23.7;19.8;25.8;23.7;20.1;19.6;79.0;70.0;79.0;165.0;1.0;0.5
2023/08/08;0000 UTC;0.0;994.5;994.5;993.9;;22.4;19.5;23.7;22.4;19.9;19.3;84.0;79.0;84.0;220.0;0.9;0.3
2023/08/08;0100 UTC;0.0;995.0;995.0;994.5;;21.3;19.1;22.4;21.3;19.6;19.1;88.0;84.0;87.0;197.0;1.0;0.5
2023/08/08;0200 UTC;0.0;995.3;995.3;995.0;;20.7;19.3;21.3;20.7;19.8;19.0;94.0;87.0;91.0;230.0;0.7;0.2
2023/08/08;0300 UTC;0.0;995.1;995.4;995.1;;20.1;18.4;20.7;20.1;19.3;18.3;92.0;89.0;90.0;206.0;1.0;0.3
2023/08/08;0400 UTC;0.0;994.5;995.1;994.5;;19.6;17.5;20.1;19.5;18.5;17.5;92.0;88.0;88.0;216.0;1.5;0.4
2023/08/08;0500 UTC;0.0;994.0;994.5;994.0;;18.7;17.3;19.6;18.7;17.7;17.2;93.0;87.0;92.0;222.0;1.5;0.2
2023/08/08;0600 UTC;0.0;993.5;994.0;993.5;;18.1;17.1;18.7;18.1;17.4;16.9;94.0;91.0;94.0;252.0;0.4;0.3
2023/08/08;0700 UTC;0.0;993.3;993.5;993.2;;17.6;16.8;18.1;17.6;17.1;16.5;95.0;92.0;95.0;171.0;0.5;0.1
2023/08/08;0800 UTC;0.0;993.4;993.5;993.3;;17.2;16.3;17.7;17.2;17.0;16.3;97.0;94.0;94.0;226.0;1.1;0.4
2023/08/08;0900 UTC;0.0;993.9;993.9;993.4;;17.0;16.3;17.4;17.0;16.5;15.9;95.0;92.0;95.0;165.0;1.4;0.3
2023/08/08;1000 UTC;0.0;994.5;994.5;993.9;18.5;17.2;16.4;17.2;16.6;16.6;15.7;98.0;94.0;95.0;191.0;0.8;0.3
2023/08/08;1100 UTC;0.0;995.0;995.0;994.5;499.9;24.5;16.3;24.5;17.2;17.4;15.9;95.0;61.0;61.0;134.0;2.2;0.7
2023/08/08;1200 UTC;0.0;995.3;995.4;995.0;1215.1;28.3;15.9;28.4;24.5;16.7;15.1;61.0;47.0;47.0;111.0;5.2;1.8
2023/08/08;1300 UTC;0.0;995.3;995.4;995.2;1775.5;31.7;15.2;32.1;27.9;16.1;14.9;48.0;36.0;37.0;104.0;5.2;2.5
2023/08/08;1400 UTC;0.0;994.9;995.3;994.9;2217.4;33.9;15.6;34.6;31.7;17.0;15.2;40.0;33.0;33.0;120.0;6.0;2.8
2023/08/08;1500 UTC;0.0;994.1;994.9;994.1;2674.4;35.9;14.5;36.0;33.9;17.0;13.8;35.0;27.0;28.0;90.0;6.4;3.3
2023/08/08;1600 UTC;0.0;993.1;994.1;993.0;2910.4;36.7;12.6;37.2;35.6;14.8;12.4;28.0;23.0;24.0;108.0;7.0;3.0
2023/08/08;1700 UTC;0.0;992.2;993.1;992.2;2838.6;37.1;13.5;37.6;36.0;13.9;12.0;26.0;23.0;24.0;84.0;6.6;2.1
2023/08/08;1800 UTC;0.0;991.3;992.2;991.3;2463.5;37.1;13.2;37.8;36.6;13.8;11.8;25.0;22.0;24.0;109.0;6.1;2.3
2023/08/08;1900 UTC;0.0;991.0;991.3;991.0;1791.0;36.7;13.2;37.5;36.6;14.0;12.5;25.0;23.0;24.0;77.0;5.8;2.0
2023/08/08;2000 UTC;0.0;991.2;991.2;991.0;1059.6;36.2;15.8;37.0;36.2;16.1;13.0;30.0;24.0;30.0;74.0;4.5;1.0
2023/08/08;2100 UTC;0.0;991.4;991.4;991.2;328.1;30.1;18.9;36.2;30.1;19.7;15.1;51.0;29.0;51.0;276.0;1.9;0.2
2023/08/08;2200 UTC;0.0;991.5;991.5;991.4;0.7;26.1;20.3;30.1;26.1;20.3;18.2;70.0;50.0;70.0;186.0;0.8;0.5
2023/08/08;2300 UTC;0.0;991.8;991.8;991.5;;23.7;20.1;26.1;23.7;20.5;19.9;81.0;70.0;80.0;185.0;0.7;0.4
2023/08/09;0000 UTC;0.0;991.9;991.9;991.8;;22.4;19.7;23.7;22.4;20.3;19.3;86.0;80.0;85.0;200.0;0.9;0.4
2023/08/09;0100 UTC;0.0;992.4;992.4;991.9;;21.3;19.6;22.4;21.3;19.7;19.3;90.0;84.0;90.0;178.0;0.5;0.2
2023/08/09;0200 UTC;0.0;992.4;992.6;992.4;;20.6;19.3;21.3;20.6;19.7;19.0;92.0;89.0;92.0;264.0;0.5;0.1
2023/08/09;0300 UTC;0.0;992.3;992.5;992.3;;19.8;18.7;20.6;19.8;19.3;18.2;94.0;90.0;93.0;150.0;0.6;0.3
2023/08/09;0400 UTC;0.0;992.0;992.3;992.0;;19.0;18.2;19.8;19.0;18.8;17.8;95.0;93.0;95.0;242.0;0.5;0.3
2023/08/09;0500 UTC;0.0;991.2;992.0;991.2;;18.7;17.3;19.4;18.7;18.3;17.2;95.0;91.0;92.0;252.0;0.8;0.3
2023/08/09;0600 UTC;0.0;990.9;991.2;990.9;;18.1;17.6;18.7;18.1;17.8;17.0;97.0;90.0;97.0;152.0;0.5;0.1
2023/08/09;0700 UTC;0.0;990.9;991.0;990.9;;17.6;17.2;18.1;17.6;17.5;17.0;98.0;95.0;97.0;134.0;0.7;0.2
2023/08/09;0800 UTC;0.0;991.5;991.5;990.9;;17.3;16.6;17.6;17.2;17.2;16.4;98.0;94.0;95.0;231.0;0.8;0.3
2023/08/09;0900 UTC;0.0;992.3;992.3;991.5;;16.8;16.5;17.3;16.8;16.7;16.2;98.0;94.0;98.0;109.0;0.9;0.4
2023/08/09;1000 UTC;0.0;993.1;993.1;992.3;20.0;18.0;16.9;18.2;16.7;17.4;16.2;98.0;93.0;94.0;203.0;2.8;0.4
2023/08/09;1100 UTC;0.0;993.9;993.9;993.1;346.0;22.3;18.3;22.3;17.9;18.6;16.8;95.0;78.0;78.0;175.0;1.4;0.6
2023/08/09;1200 UTC;0.0;994.2;994.2;993.9;989.7;27.4;17.9;27.4;22.3;19.5;17.3;81.0;56.0;56.0;188.0;1.8;1.1
2023/08/09;1300 UTC;0.0;994.3;994.3;994.1;1725.9;30.5;16.6;30.7;27.4;18.4;15.9;57.0;42.0;43.0;135.0;5.6;3.3
2023/08/09;1400 UTC;0.0;993.8;994.3;993.8;2183.1;34.6;15.2;34.8;30.3;17.3;14.9;44.0;31.0;31.0;115.0;5.6;1.9
2023/08/09;1500 UTC;0.0;993.1;993.8;993.1;2637.3;34.8;16.9;34.9;33.8;17.5;14.3;37.0;31.0;35.0;96.0;6.7;2.1
2023/08/09;1600 UTC;0.0;992.1;993.1;992.1;2842.0;36.3;15.9;36.9;34.6;17.6;14.8;35.0;28.0;30.0;78.0;5.6;2.3
2023/08/09;1700 UTC;0.0;991.2;992.1;991.2;2767.6;36.8;16.1;38.2;36.3;17.0;15.1;30.0;27.0;29.0;63.0;4.7;1.7
2023/08/09;1800 UTC;0.0;990.4;991.3;990.3;2478.9;37.2;;39.5;36.7;16.9;15.4;30.0;27.0;;355.0;5.4;2.2
2023/08/09;1900 UTC;0.0;990.2;990.4;990.1;1312.7;37.5;16.4;37.9;35.8;17.1;15.8;32.0;28.0;29.0;88.0;5.0;1.5
2023/08/09;2000 UTC;0.0;990.4;990.4;990.2;1039.2;36.4;18.1;37.5;36.3;18.1;15.7;34.0;28.0;34.0;60.0;3.9;1.6
2023/08/09;2100 UTC;0.0;990.8;990.8;990.4;363.8;31.3;21.9;36.4;31.3;21.9;18.0;57.0;34.0;57.0;25.0;2.6;0.7
2023/08/09;2200 UTC;0.0;990.9;990.9;990.8;1.9;27.2;21.1;31.3;27.2;22.6;20.9;71.0;55.0;69.0;242.0;1.1;0.4
2023/08/09;2300 UTC;0.0;991.4;991.4;990.9;;25.0;20.9;27.3;25.0;21.4;20.9;78.0;69.0;78.0;290.0;0.8;0.2
2023/08/10;0000 UTC;0.0;991.8;991.8;991.4;;23.9;20.9;25.0;23.9;21.1;20.8;83.0;78.0;83.0;136.0;1.0;0.2
2023/08/10;0100 UTC;0.0;992.1;992.1;991.8;;23.0;20.2;23.9;23.0;20.9;20.2;86.0;83.0;84.0;175.0;0.7;0.5
2023/08/10;0200 UTC;0.0;992.4;992.4;992.1;;21.8;19.9;23.0;21.8;20.2;19.7;89.0;84.0;89.0;135.0;0.8;0.5
2023/08/10;0300 UTC;0.0;992.0;992.5;992.0;;21.3;19.7;21.8;21.1;19.9;19.5;91.0;87.0;91.0;274.0;1.9;0.3
2023/08/10;0400 UTC;0.0;991.5;992.0;991.5;;20.7;19.4;21.3;20.5;19.8;19.1;94.0;89.0;93.0;163.0;1.2;0.5
2023/08/10;0500 UTC;0.0;991.4;991.6;991.3;;20.1;19.2;20.7;20.1;19.5;18.9;95.0;91.0;95.0;90.0;1.2;0.2
2023/08/10;0600 UTC;0.0;991.1;991.4;991.1;;19.7;18.8;20.1;19.7;19.2;18.6;95.0;93.0;95.0;246.0;1.1;0.2
2023/08/10;0700 UTC;0.0;991.1;991.1;991.0;;19.3;18.7;19.7;19.3;18.9;18.5;97.0;94.0;96.0;249.0;0.7;0.2
2023/08/10;0800 UTC;0.0;991.4;991.4;991.1;;18.9;18.3;19.4;18.9;18.7;18.2;97.0;95.0;96.0;303.0;0.8;0.1
2023/08/10;0900 UTC;0.0;992.0;992.0;991.4;;18.7;18.2;18.9;18.7;18.4;18.0;97.0;95.0;97.0;63.0;1.9;0.6
2023/08/10;1000 UTC;0.0;993.4;993.4;992.0;28.5;20.1;18.5;20.1;18.1;18.7;17.8;99.0;91.0;91.0;336.0;4.3;2.7
2023/08/10;1100 UTC;0.0;993.9;993.9;993.4;359.8;22.7;19.4;22.8;20.1;19.7;18.4;91.0;79.0;82.0;27.0;4.3;0.8
2023/08/10;1200 UTC;0.0;994.5;994.5;993.9;855.3;27.1;18.7;27.2;22.7;19.5;18.1;82.0;60.0;60.0;350.0;2.8;1.5
2023/08/10;1300 UTC;0.0;994.8;994.9;994.5;1646.0;29.8;17.3;30.2;27.1;19.0;16.8;60.0;45.0;47.0;39.0;4.3;2.4
2023/08/10;1400 UTC;0.0;994.5;994.8;994.5;2210.1;31.8;16.7;32.2;29.8;17.5;15.8;47.0;40.0;40.0;52.0;6.8;2.5
2023/08/10;1500 UTC;0.0;993.6;994.5;993.6;2692.0;33.4;17.3;33.5;31.7;17.5;16.2;41.0;36.0;38.0;57.0;5.7;2.4
2023/08/10;1600 UTC;0.0;992.5;993.6;992.5;2907.8;34.4;16.0;35.1;33.1;17.6;15.6;38.0;33.0;33.0;36.0;6.4;2.4
2023/08/10;1700 UTC;0.0;991.3;992.5;991.3;2813.9;35.5;16.2;35.8;34.3;16.8;15.6;34.0;32.0;32.0;59.0;5.7;2.2
2023/08/10;1800 UTC;0.0;990.4;991.3;990.4;2425.6;35.7;15.4;36.5;34.9;16.8;15.1;33.0;29.0;30.0;22.0;5.1;1.7
2023/08/10;1900 UTC;0.0;990.1;990.4;990.1;1769.7;36.3;16.2;36.7;35.0;16.2;14.9;32.0;28.0;30.0;70.0;5.0;1.3
2023/08/10;2000 UTC;0.0;990.2;990.2;990.1;1036.5;35.4;15.2;36.3;35.4;16.3;14.9;32.0;29.0;30.0;85.0;4.0;1.2
2023/08/10;2100 UTC;0.0;990.5;990.5;990.2;289.7;29.6;18.9;35.5;29.6;19.6;15.0;53.0;30.0;53.0;290.0;3.0;0.3
2023/08/10;2200 UTC;0.0;990.7;990.7;990.5;0.4;25.4;19.6;29.5;25.3;19.7;18.8;70.0;53.0;70.0;249.0;0.8;0.2
2023/08/10;2300 UTC;0.0;991.2;991.2;990.7;;23.6;19.7;25.4;23.6;19.7;19.3;79.0;70.0;79.0;309.0;0.5;0.2
2023/08/11;0000 UTC;0.0;991.7;991.7;991.2;;22.4;19.5;23.6;22.3;19.9;19.1;85.0;79.0;84.0;239.0;0.8;0.3
2023/08/11;0100 UTC;0.0;992.2;992.2;991.7;;21.4;19.3;22.4;21.4;19.8;19.3;89.0;84.0;88.0;174.0;0.9;0.2
2023/08/11;0200 UTC;0.0;992.3;992.4;992.2;;20.7;18.5;21.4;20.5;19.4;18.2;90.0;87.0;88.0;204.0;1.2;0.5
2023/08/11;0300 UTC;0.0;992.4;992.5;992.3;;20.3;18.5;20.7;20.1;18.7;18.0;90.0;87.0;89.0;247.0;1.8;0.4
2023/08/11;0400 UTC;0.0;991.8;992.4;991.8;;19.6;18.5;20.3;19.6;18.7;18.2;93.0;88.0;93.0;307.0;0.8;0.1
2023/08/11;0500 UTC;0.0;991.5;991.8;991.5;;19.2;17.8;19.8;19.2;18.5;17.5;94.0;88.0;91.0;146.0;2.7;0.4
2023/08/11;0600 UTC;0.0;991.2;991.5;991.2;;18.9;17.9;19.4;18.9;18.2;17.5;94.0;90.0;94.0;317.0;0.8;0.1
2023/08/11;0700 UTC;0.0;991.3;991.3;991.1;;18.5;17.8;19.1;18.5;18.0;17.7;96.0;93.0;96.0;244.0;0.6;0.3
2023/08/11;0800 UTC;0.0;991.5;991.6;991.2;;18.2;17.2;18.6;18.1;17.6;17.1;96.0;93.0;94.0;224.0;1.1;0.4
2023/08/11;0900 UTC;0.0;992.0;992.0;991.5;;17.9;16.8;18.3;17.8;17.3;16.8;96.0;93.0;93.0;199.0;1.1;0.4
2023/08/11;1000 UTC;0.0;992.7;992.7;992.0;20.9;19.5;16.7;19.5;17.6;17.1;16.6;96.0;84.0;84.0;135.0;2.7;1.4
2023/08/11;1100 UTC;0.0;993.4;993.4;992.7;507.2;24.6;16.9;24.6;19.5;18.0;16.6;84.0;62.0;62.0;123.0;3.2;1.4
2023/08/11;1200 UTC;0.0;994.2;994.2;993.4;1219.7;27.3;17.4;27.6;24.6;17.5;16.8;63.0;54.0;55.0;101.0;5.7;2.3
2023/08/11;1300 UTC;0.0;994.6;994.6;994.2;1756.2;30.5;17.3;30.7;27.3;18.5;17.1;56.0;45.0;45.0;89.0;6.1;2.4
2023/08/11;1400 UTC;0.0;993.9;994.6;993.9;2224.5;33.9;16.8;33.9;30.4;18.0;16.5;46.0;36.0;36.0;85.0;5.7;2.8
2023/08/11;1500 UTC;0.0;993.4;993.9;993.4;2708.5;34.7;16.8;35.2;33.6;17.4;15.5;36.0;32.0;35.0;43.0;6.6;2.4
2023/08/11;1600 UTC;0.0;992.4;993.4;992.4;2943.7;35.4;13.0;36.2;34.3;17.0;13.0;35.0;26.0;26.0;48.0;6.3;2.9
2023/08/11;1700 UTC;0.0;991.4;992.4;991.4;2881.4;36.0;13.3;36.9;35.3;14.9;12.7;27.0;25.0;26.0;26.0;6.6;2.5
2023/08/11;1800 UTC;0.0;990.6;991.4;990.6;2420.0;36.0;13.0;36.6;35.5;13.9;12.8;27.0;25.0;25.0;31.0;5.0;2.0
2023/08/11;1900 UTC;0.0;990.0;990.6;990.0;1666.2;35.7;12.7;36.9;35.6;13.9;12.3;26.0;24.0;25.0;321.0;4.0;1.1
2023/08/11;2000 UTC;0.0;990.1;990.1;989.9;1053.5;35.6;13.4;36.2;35.0;15.3;12.7;30.0;25.0;27.0;349.0;3.0;1.7
2023/08/11;2100 UTC;0.0;990.5;990.5;990.1;364.8;30.1;17.4;36.0;30.1;19.0;13.4;47.0;26.0;47.0;358.0;2.7;0.7
2023/08/11;2200 UTC;0.0;990.6;990.6;990.5;1.4;25.3;17.8;30.0;25.1;19.2;17.5;65.0;47.0;63.0;20.0;1.8;0.2
2023/08/11;2300 UTC;0.0;991.4;991.4;990.6;;23.8;19.3;25.3;23.7;19.3;18.0;76.0;63.0;76.0;189.0;1.6;0.3
2023/08/12;0000 UTC;0.0;992.0;992.0;991.4;;22.2;19.1;23.8;22.2;19.3;18.4;82.0;75.0;82.0;359.0;1.0;0.3
2023/08/12;0100 UTC;0.0;992.5;992.5;992.0;;20.9;18.5;22.2;20.9;19.1;18.4;86.0;81.0;86.0;335.0;0.9;0.2
2023/08/12;0200 UTC;0.0;992.4;992.5;992.4;;20.3;18.3;20.9;20.2;18.6;17.9;89.0;84.0;88.0;6.0;0.9;0.4
2023/08/12;0300 UTC;0.0;992.4;992.6;992.4;;20.0;17.6;20.8;19.8;18.3;17.5;88.0;83.0;86.0;324.0;4.2;0.6
2023/08/12;0400 UTC;0.0;992.1;992.5;992.1;;18.9;17.1;20.0;18.8;17.6;16.9;90.0;85.0;90.0;173.0;1.8;0.4
2023/08/12;0500 UTC;0.0;991.4;992.1;991.4;;18.6;17.4;18.9;18.4;17.5;16.9;94.0;90.0;92.0;299.0;0.8;0.4
2023/08/12;0600 UTC;0.0;990.9;991.4;990.8;;17.8;16.8;18.7;17.8;17.5;16.7;95.0;92.0;94.0;152.0;0.8;0.6
2023/08/12;0700 UTC;0.0;990.9;991.0;990.9;;17.2;16.8;17.8;17.2;17.1;16.6;97.0;94.0;97.0;86.0;0.9;0.2
2023/08/12;0800 UTC;0.0;991.3;991.3;990.9;;16.8;16.4;17.3;16.8;16.9;16.4;98.0;96.0;98.0;339.0;1.7;0.5
2023/08/12;0900 UTC;0.0;991.6;991.6;991.2;;16.2;15.9;16.8;16.1;16.6;15.8;99.0;98.0;98.0;162.0;0.8;0.3
2023/08/12;1000 UTC;0.0;992.4;992.4;991.6;22.3;16.5;15.9;16.5;15.9;16.0;15.4;99.0;96.0;97.0;174.0;1.1;0.6
2023/08/12;1100 UTC;0.0;993.2;993.2;992.4;525.3;23.6;15.7;23.6;16.5;16.5;15.7;97.0;61.0;61.0;111.0;5.4;1.8
2023/08/12;1200 UTC;0.0;994.0;994.0;993.2;1254.8;27.7;15.5;27.7;23.6;16.0;15.1;61.0;47.0;48.0;119.0;5.7;3.2
2023/08/12;1300 UTC;0.0;994.6;994.6;994.0;1812.8;30.6;16.5;30.6;27.7;16.5;14.8;48.0;40.0;43.0;93.0;6.9;3.0
2023/08/12;1400 UTC;0.0;994.0;994.7;994.0;2295.0;32.7;14.9;32.7;30.2;17.0;14.5;43.0;34.0;34.0;105.0;6.8;3.2
2023/08/12;1500 UTC;0.0;993.2;994.0;993.2;2774.9;35.1;14.6;35.1;32.6;15.7;14.0;35.0;29.0;29.0;98.0;6.5;2.8
2023/08/12;1600 UTC;0.0;992.1;993.2;992.1;2982.5;35.8;14.1;35.8;34.4;14.8;13.8;31.0;27.0;27.0;125.0;6.3;2.8
2023/08/12;1700 UTC;0.0;990.8;992.1;990.8;2916.7;35.8;11.6;37.0;34.9;14.8;9.8;29.0;20.0;23.0;128.0;6.2;2.4
2023/08/12;1800 UTC;0.0;989.6;990.8;989.6;2489.6;35.9;11.1;36.9;35.7;12.7;10.7;24.0;21.0;22.0;148.0;6.1;2.9
2023/08/12;1900 UTC;0.0;988.9;989.6;988.9;1788.2;36.3;10.0;36.8;35.8;12.1;10.0;23.0;20.0;20.0;129.0;6.2;3.2
2023/08/12;2000 UTC;0.0;989.0;989.0;988.9;1080.5;35.8;11.5;36.6;35.6;11.9;9.9;24.0;20.0;23.0;129.0;5.9;2.3
2023/08/12;2100 UTC;0.0;989.2;989.2;989.0;345.9;30.2;16.8;36.0;30.2;17.8;11.8;47.0;23.0;45.0;148.0;3.6;0.5
2023/08/12;2200 UTC;0.0;989.6;989.6;989.2;1.3;24.6;17.6;30.2;24.6;17.9;16.8;65.0;45.0;65.0;267.0;1.0;0.1
2023/08/12;2300 UTC;0.0;990.0;990.0;989.6;;22.4;17.3;24.6;22.4;17.5;16.7;73.0;64.0;73.0;156.0;0.7;0.2
2023/08/13;0000 UTC;0.0;990.8;990.8;990.0;;20.7;17.4;22.4;20.7;17.6;16.9;82.0;72.0;81.0;345.0;1.3;0.6
2023/08/13;0100 UTC;0.0;991.4;991.4;990.8;;20.1;17.4;22.2;20.1;17.5;16.4;85.0;71.0;85.0;268.0;4.0;0.3
2023/08/13;0200 UTC;0.0;992.0;992.0;991.4;;19.2;16.7;20.1;19.2;17.3;16.3;86.0;80.0;86.0;79.0;1.3;0.3
2023/08/13;0300 UTC;0.0;991.9;992.1;991.9;;18.8;16.6;19.2;18.6;17.0;16.2;89.0;85.0;87.0;200.0;2.1;0.6
2023/08/13;0400 UTC;0.0;991.1;991.9;991.1;;17.9;16.3;18.9;17.9;16.9;16.1;91.0;86.0;91.0;150.0;2.1;0.5
2023/08/13;0500 UTC;0.0;990.4;991.1;990.4;;17.3;16.2;17.9;17.3;16.5;15.9;93.0;89.0;93.0;312.0;0.7;0.4
2023/08/13;0600 UTC;0.0;990.2;990.4;990.1;;16.7;15.7;17.3;16.7;16.3;15.4;95.0;92.0;94.0;225.0;1.7;0.4
2023/08/13;0700 UTC;0.0;990.0;990.3;990.0;;16.2;15.0;17.5;16.1;15.8;14.9;95.0;88.0;93.0;244.0;2.2;0.2
2023/08/13;0800 UTC;0.0;990.4;990.6;990.0;;16.9;15.1;18.2;16.0;15.8;14.9;97.0;83.0;89.0;119.0;5.1;0.7
2023/08/13;0900 UTC;0.0;990.8;990.8;990.3;;15.7;14.9;16.9;15.7;15.2;14.6;96.0;89.0;95.0;63.0;1.9;0.7
2023/08/13;1000 UTC;0.0;991.5;991.5;990.8;28.6;15.9;15.5;16.0;15.6;15.5;14.4;97.0;92.0;97.0;300.0;1.9;0.1
2023/08/13;1100 UTC;0.0;992.5;992.5;991.5;468.7;23.0;14.4;23.0;15.9;16.0;14.4;97.0;58.0;58.0;109.0;4.3;1.8
2023/08/13;1200 UTC;0.0;993.3;993.3;992.5;991.6;25.5;15.1;25.8;23.0;15.1;14.2;58.0;51.0;52.0;113.0;5.7;2.7
2023/08/13;1300 UTC;0.0;993.7;993.8;993.3;1592.4;29.7;15.7;29.7;25.5;16.3;14.9;52.0;43.0;43.0;92.0;5.8;1.9
2023/08/13;1400 UTC;0.0;993.2;993.7;993.2;2250.2;32.8;15.4;32.8;29.7;16.2;14.7;43.0;34.0;35.0;84.0;5.4;2.6
2023/08/13;1500 UTC;0.0;992.8;993.2;992.8;2740.4;35.4;15.2;35.4;32.6;16.1;14.2;36.0;29.0;30.0;62.0;6.6;2.4
2023/08/13;1600 UTC;0.0;991.6;992.8;991.6;2874.6;35.7;13.4;35.7;34.1;15.0;12.7;30.0;26.0;26.0;63.0;5.8;2.5
2023/08/13;1700 UTC;0.0;990.3;991.6;990.3;2890.6;36.7;13.9;36.7;35.2;14.3;12.5;28.0;25.0;26.0;51.0;5.7;1.5
2023/08/13;1800 UTC;0.0;989.3;990.3;989.3;2375.3;35.9;11.5;36.7;35.3;14.1;10.9;27.0;22.0;23.0;144.0;5.9;1.7
2023/08/13;1900 UTC;0.0;989.1;989.3;989.0;1177.3;34.7;14.8;36.2;34.7;15.2;10.4;31.0;21.0;30.0;53.0;3.8;0.8
2023/08/13;2000 UTC;0.0;989.3;989.3;989.1;793.9;35.3;15.2;35.3;34.5;17.2;14.1;37.0;28.0;30.0;27.0;1.6;0.5
2023/08/13;2100 UTC;0.0;989.7;989.7;989.3;434.3;29.2;20.5;36.8;29.2;20.5;12.3;59.0;24.0;59.0;190.0;1.3;0.3
2023/08/13;2200 UTC;0.0;990.2;990.2;989.7;1.2;24.8;18.9;29.3;24.8;20.3;18.5;70.0;54.0;70.0;320.0;1.4;0.2
2023/08/13;2300 UTC;0.0;990.7;990.7;990.2;;22.5;19.3;24.8;22.5;19.5;18.7;82.0;70.0;82.0;146.0;0.8;0.4
2023/08/14;0000 UTC;0.0;991.4;991.4;990.7;;21.2;19.1;22.5;21.2;19.6;18.5;89.0;82.0;88.0;117.0;0.8;0.4
2023/08/14;0100 UTC;0.0;992.0;992.1;991.4;;20.4;18.5;21.5;20.3;19.4;18.2;90.0;84.0;89.0;320.0;1.8;0.4
2023/08/14;0200 UTC;0.0;992.1;992.1;992.0;;19.2;18.0;20.4;19.1;18.6;17.5;93.0;86.0;93.0;157.0;0.8;0.1
2023/08/14;0300 UTC;0.0;991.9;992.1;991.9;;18.6;17.5;19.2;18.5;18.0;17.1;94.0;91.0;94.0;160.0;0.9;0.3
2023/08/14;0400 UTC;0.0;991.3;991.9;991.3;;18.2;17.1;18.8;18.2;17.5;16.8;94.0;89.0;94.0;68.0;1.3;0.6
2023/08/14;0500 UTC;0.0;990.8;991.3;990.7;;17.6;16.7;18.2;17.5;17.3;16.3;95.0;92.0;94.0;187.0;1.1;0.4
2023/08/14;0600 UTC;0.0;990.4;990.8;990.3;;16.9;16.3;17.9;16.9;16.7;16.2;96.0;91.0;96.0;332.0;1.3;0.4
2023/08/14;0700 UTC;0.0;990.2;990.5;990.1;;16.7;15.8;17.2;16.6;16.5;15.6;97.0;93.0;94.0;187.0;1.6;0.6
2023/08/14;0800 UTC;0.0;990.2;990.3;990.2;;16.2;15.3;16.8;16.1;15.9;15.1;97.0;94.0;94.0;179.0;0.9;0.4
2023/08/14;0900 UTC;0.0;990.8;990.8;990.2;;15.9;15.3;16.4;15.9;15.6;15.0;96.0;93.0;96.0;116.0;2.2;0.4
2023/08/14;1000 UTC;0.0;991.5;991.5;990.8;23.0;16.1;15.2;16.1;15.6;15.3;14.6;96.0;94.0;94.0;120.0;2.1;1.0
2023/08/14;1100 UTC;0.0;992.3;992.3;991.5;537.5;23.6;14.4;23.6;16.2;15.2;14.1;94.0;56.0;56.0;120.0;5.0;2.5
2023/08/14;1200 UTC;0.0;993.2;993.2;992.3;1253.3;27.4;15.5;27.4;23.6;15.5;14.5;57.0;47.0;48.0;113.0;6.4;2.8
2023/08/14;1300 UTC;0.0;993.3;993.5;993.2;1778.7;29.9;15.7;29.9;27.4;16.8;15.1;49.0;41.0;42.0;88.0;7.3;3.0
2023/08/14;1400 UTC;0.0;992.8;993.3;992.8;2292.5;32.7;13.3;32.8;29.9;16.1;13.2;43.0;31.0;31.0;97.0;7.0;3.7
2023/08/14;1500 UTC;0.0;991.9;992.8;991.8;2817.6;34.6;13.5;34.7;32.6;14.4;12.6;32.0;28.0;28.0;96.0;7.8;2.9
2023/08/14;1600 UTC;0.0;991.1;991.9;991.1;2209.0;34.9;13.6;34.9;33.6;14.5;12.9;31.0;28.0;28.0;107.0;7.3;2.8
2023/08/14;1700 UTC;0.0;990.1;991.1;990.1;2902.9;35.4;12.1;36.0;34.2;14.2;11.9;28.0;24.0;25.0;117.0;8.2;3.5
2023/08/14;1800 UTC;0.0;989.1;990.1;989.1;2360.9;35.7;12.5;36.2;34.5;13.5;12.1;28.0;24.0;25.0;105.0;6.6;3.0
2023/08/14;1900 UTC;0.0;988.7;989.1;988.6;1575.2;35.1;12.5;35.7;34.2;13.3;11.4;28.0;24.0;26.0;97.0;5.5;2.7
2023/08/14;2000 UTC;0.0;988.9;988.9;988.6;1071.1;34.8;12.6;35.5;34.5;13.8;11.7;28.0;24.0;26.0;100.0;5.7;1.8
2023/08/14;2100 UTC;0.0;989.4;989.4;988.9;357.7;31.1;15.0;34.8;31.1;15.0;12.0;38.0;25.0;38.0;161.0;3.6;1.0
2023/08/14;2200 UTC;0.0;989.9;989.9;989.4;1.1;24.4;16.5;31.1;24.4;17.8;14.8;63.0;38.0;61.0;185.0;2.2;0.2
2023/08/14;2300 UTC;0.0;990.7;990.7;989.9;;22.4;16.8;24.4;22.4;16.9;16.4;70.0;61.0;70.0;251.0;0.6;0.2
2023/08/15;0000 UTC;0.0;991.3;991.3;990.7;;21.0;16.7;22.4;21.0;16.9;16.6;77.0;70.0;77.0;291.0;0.7;0.3
2023/08/15;0100 UTC;0.0;991.6;991.6;991.3;;20.1;16.5;21.0;20.0;16.7;15.9;80.0;76.0;80.0;247.0;0.6;0.2
2023/08/15;0200 UTC;0.0;991.7;991.8;991.5;;18.9;16.1;20.1;18.9;16.4;15.9;84.0;78.0;84.0;58.0;2.5;0.3
2023/08/15;0300 UTC;0.0;991.7;991.7;991.6;;18.2;15.8;19.1;18.2;16.1;15.4;86.0;80.0;86.0;201.0;1.3;0.6
2023/08/15;0400 UTC;0.0;991.4;991.8;991.4;;17.3;15.1;18.6;17.3;15.8;14.9;88.0;80.0;87.0;114.0;2.1;0.2
2023/08/15;0500 UTC;0.0;990.7;991.4;990.7;;17.3;14.6;17.7;17.0;15.3;14.5;89.0;83.0;84.0;192.0;1.0;0.3
2023/08/15;0600 UTC;0.0;990.3;990.7;990.3;;16.5;14.3;17.3;16.4;14.9;14.2;89.0;84.0;86.0;172.0;1.3;0.6
2023/08/15;0700 UTC;0.0;990.3;990.3;990.2;;15.7;14.7;16.5;15.6;14.9;14.0;95.0;86.0;94.0;87.0;2.0;0.9
2023/08/15;0800 UTC;0.0;990.7;990.7;990.3;;16.0;13.7;16.0;15.3;14.8;13.7;94.0;86.0;86.0;147.0;3.1;1.9
2023/08/15;0900 UTC;0.0;991.1;991.2;990.7;;15.9;13.7;16.1;15.5;14.0;13.5;90.0;86.0;87.0;143.0;3.1;1.5
2023/08/15;1000 UTC;0.0;992.2;992.2;991.1;46.1;18.7;12.6;18.7;15.8;13.6;12.6;87.0;68.0;68.0;122.0;3.8;1.4
2023/08/15;1100 UTC;0.0;992.9;992.9;992.2;479.7;22.6;12.9;22.6;18.7;13.0;12.4;68.0;54.0;54.0;123.0;4.9;2.2
2023/08/15;1200 UTC;0.0;993.6;993.6;992.9;1082.1;25.2;14.0;25.3;22.6;14.1;12.7;54.0;47.0;50.0;101.0;6.1;2.7
2023/08/15;1300 UTC;0.0;993.8;993.8;993.6;1591.7;29.0;14.9;29.1;25.2;15.8;14.2;51.0;42.0;42.0;101.0;9.0;4.2
2023/08/15;1400 UTC;0.0;993.4;993.8;993.4;2353.7;31.3;15.9;31.5;28.9;15.9;14.4;43.0;38.0;40.0;105.0;8.7;3.6
2023/08/15;1500 UTC;0.0;992.6;993.4;992.6;2327.8;32.8;15.2;33.3;30.4;16.5;15.1;42.0;34.0;35.0;120.0;9.6;4.5
2023/08/15;1600 UTC;0.0;991.6;992.6;991.6;2829.1;34.3;15.5;34.3;32.1;16.1;14.7;37.0;32.0;32.0;113.0;9.6;4.0
2023/08/15;1700 UTC;0.0;990.4;991.6;990.4;2531.9;34.4;13.8;35.1;32.9;15.7;13.8;35.0;29.0;29.0;127.0;7.7;3.4
2023/08/15;1800 UTC;0.0;989.4;990.4;989.4;2522.5;34.9;13.9;35.6;33.9;14.7;13.2;30.0;27.0;28.0;114.0;8.4;4.2
2023/08/15;1900 UTC;0.0;989.2;989.4;989.1;1831.6;34.5;13.3;35.2;33.9;14.3;12.7;29.0;27.0;28.0;97.0;8.4;3.5
2023/08/15;2000 UTC;0.0;989.4;989.4;989.1;1138.1;33.4;13.3;34.5;33.4;14.0;12.9;30.0;28.0;30.0;93.0;7.2;2.5
2023/08/15;2100 UTC;0.0;989.9;989.9;989.4;297.6;28.6;16.8;33.5;28.6;16.8;13.0;49.0;29.0;49.0;120.0;4.9;0.9
2023/08/15;2200 UTC;0.0;990.4;990.4;989.9;;24.2;16.9;28.6;24.2;17.5;16.2;64.0;48.0;64.0;176.0;1.8;0.4
2023/08/15;2300 UTC;0.0;990.9;990.9;990.4;;22.6;17.0;24.2;22.6;17.2;16.6;71.0;63.0;71.0;184.0;1.2;0.6
2023/08/16;0000 UTC;0.0;991.6;991.6;990.9;;21.1;16.2;22.6;21.1;17.0;16.1;75.0;70.0;74.0;167.0;1.5;0.5
2023/08/16;0100 UTC;0.0;992.1;992.1;991.6;;20.3;15.6;21.1;20.3;16.3;15.4;76.0;72.0;75.0;127.0;2.6;1.2
2023/08/16;0200 UTC;0.0;992.3;992.4;992.1;;19.4;15.4;20.4;19.4;16.2;15.2;79.0;73.0;77.0;181.0;2.6;0.4
2023/08/16;0300 UTC;0.0;992.1;992.3;992.1;;18.5;15.7;19.4;18.4;16.2;15.3;85.0;77.0;84.0;294.0;1.1;0.5
2023/08/16;0400 UTC;0.0;991.6;992.1;991.6;;17.3;15.5;18.5;17.3;16.0;15.3;90.0;84.0;89.0;116.0;1.1;0.6
2023/08/16;0500 UTC;0.0;990.9;991.6;990.9;;17.1;14.9;17.5;17.0;15.5;14.8;90.0;86.0;87.0;213.0;1.6;0.4
2023/08/16;0600 UTC;0.0;990.7;990.9;990.7;;17.6;15.2;17.6;17.0;15.4;14.8;88.0;86.0;86.0;205.0;0.8;0.5
2023/08/16;0700 UTC;0.0;990.8;990.8;990.6;;17.1;15.5;17.6;17.1;15.5;15.0;90.0;85.0;90.0;198.0;1.1;0.2
2023/08/16;0800 UTC;0.0;990.7;990.8;990.6;;16.5;15.1;17.1;16.4;15.6;14.8;92.0;89.0;92.0;173.0;2.4;0.3
2023/08/16;0900 UTC;0.0;991.2;991.2;990.6;;15.7;14.5;16.5;15.7;15.1;14.2;93.0;90.0;92.0;176.0;1.9;0.7
2023/08/16;1000 UTC;0.0;992.2;992.2;991.2;29.4;16.4;15.4;16.4;15.6;15.4;14.1;94.0;91.0;94.0;49.0;1.5;0.4
2023/08/16;1100 UTC;0.0;993.0;993.0;992.2;415.7;22.3;15.0;22.4;16.4;16.1;14.9;94.0;63.0;64.0;96.0;3.1;1.3
2023/08/16;1200 UTC;0.0;993.4;993.5;993.0;1287.3;27.4;16.1;27.4;22.2;16.1;14.9;64.0;50.0;50.0;109.0;4.7;1.5
2023/08/16;1300 UTC;0.0;993.7;993.8;993.4;1832.6;29.4;16.2;29.7;26.9;16.7;15.3;51.0;44.0;45.0;98.0;7.0;3.9
2023/08/16;1400 UTC;0.0;993.6;993.8;993.5;2350.9;31.0;16.0;31.5;29.4;16.6;15.3;45.0;38.0;40.0;103.0;7.7;4.0
2023/08/16;1500 UTC;0.0;992.9;993.6;992.9;2875.2;32.4;15.7;33.3;30.9;16.4;15.2;40.0;35.0;37.0;100.0;8.5;3.6
2023/08/16;1600 UTC;0.0;992.0;992.9;991.9;3078.2;33.8;14.7;34.1;32.2;16.3;14.5;38.0;32.0;32.0;121.0;10.0;4.4
2023/08/16;1700 UTC;0.0;991.0;992.0;991.0;3014.2;34.1;14.4;34.7;33.5;15.2;13.7;32.0;29.0;31.0;92.0;10.0;2.9
2023/08/16;1800 UTC;0.0;990.2;991.0;990.2;2329.6;34.3;14.4;35.3;33.5;14.9;13.8;32.0;28.0;30.0;30.0;6.2;2.1
2023/08/16;1900 UTC;0.0;990.0;990.2;990.0;1498.9;33.5;14.0;34.9;33.4;14.9;13.7;32.0;29.0;31.0;158.0;6.2;3.0
2023/08/16;2000 UTC;0.0;989.9;990.0;989.8;699.0;33.9;14.3;34.7;32.2;16.8;13.8;39.0;29.0;31.0;110.0;5.3;2.1
2023/08/16;2100 UTC;0.0;990.1;990.1;989.9;340.0;29.7;18.7;34.0;29.7;19.0;14.3;52.0;31.0;52.0;107.0;3.9;0.4
2023/08/16;2200 UTC;0.0;990.7;990.7;990.1;2.9;26.1;19.2;29.7;26.1;19.5;17.5;66.0;51.0;65.0;242.0;2.5;0.3
2023/08/16;2300 UTC;0.0;991.4;991.4;990.7;;23.7;19.0;26.1;23.7;19.2;18.8;75.0;65.0;75.0;201.0;0.6;0.3
2023/08/17;0000 UTC;0.0;992.1;992.1;991.4;;23.3;19.0;23.7;23.1;19.1;18.5;77.0;74.0;77.0;288.0;1.2;0.4
2023/08/17;0100 UTC;0.0;992.4;992.5;992.1;;21.9;18.8;24.0;21.9;19.6;18.4;82.0;74.0;82.0;322.0;2.2;0.3
2023/08/17;0200 UTC;0.0;992.3;992.5;992.3;;21.6;18.2;22.0;21.5;18.7;17.9;82.0;80.0;81.0;284.0;0.8;0.3
2023/08/17;0300 UTC;0.0;992.1;992.4;992.1;;20.5;18.3;21.7;20.5;18.4;17.8;87.0;79.0;87.0;324.0;2.2;0.4
2023/08/17;0400 UTC;0.0;991.5;992.1;991.5;;20.2;18.0;20.5;20.1;18.3;17.5;88.0;84.0;87.0;258.0;1.0;0.5
2023/08/17;0500 UTC;0.0;991.1;991.5;991.1;;18.9;17.4;20.3;18.9;18.1;17.4;92.0;87.0;91.0;315.0;1.2;0.2
2023/08/17;0600 UTC;0.0;990.5;991.1;990.5;;18.1;17.1;18.9;18.0;17.5;16.7;94.0;91.0;94.0;310.0;0.9;0.5
2023/08/17;0700 UTC;0.0;990.5;990.6;990.4;;17.5;16.4;18.1;17.4;17.1;16.1;94.0;92.0;94.0;247.0;1.6;0.4
2023/08/17;0800 UTC;0.0;990.7;990.7;990.5;;16.9;16.1;17.5;16.9;16.6;16.1;96.0;94.0;95.0;209.0;0.7;0.2
2023/08/17;0900 UTC;0.0;991.1;991.1;990.7;;16.6;15.8;16.9;16.6;16.1;15.7;96.0;94.0;95.0;174.0;0.9;0.3
2023/08/17;1000 UTC;0.0;991.7;991.7;991.1;33.0;17.3;15.5;17.3;16.5;16.0;15.4;96.0;89.0;89.0;129.0;2.9;1.5
2023/08/17;1100 UTC;0.0;992.2;992.2;991.7;491.9;24.1;15.7;24.1;17.4;16.6;15.2;89.0;59.0;60.0;127.0;3.6;1.5
2023/08/17;1200 UTC;0.0;992.6;992.6;992.2;1256.1;28.1;16.0;28.1;24.1;16.7;15.5;60.0;47.0;48.0;112.0;5.0;2.4
2023/08/17;1300 UTC;0.0;993.2;993.3;992.6;1322.7;29.6;17.6;29.6;27.8;17.7;15.8;51.0;45.0;48.0;101.0;6.3;2.1
2023/08/17;1400 UTC;0.0;992.8;993.2;992.8;2315.8;33.1;15.3;33.1;29.6;18.2;14.9;49.0;34.0;34.0;92.0;9.0;3.9
2023/08/17;1500 UTC;0.0;992.3;992.8;992.3;2798.7;34.1;15.8;34.5;32.9;16.1;14.8;35.0;32.0;34.0;65.0;9.0;2.9
2023/08/17;1600 UTC;0.0;991.2;992.3;991.2;3045.9;34.7;14.9;35.0;33.6;15.9;14.8;34.0;31.0;31.0;87.0;7.3;2.5
2023/08/17;1700 UTC;0.0;990.2;991.2;990.2;2826.0;35.3;15.3;35.6;34.1;15.8;14.6;33.0;29.0;30.0;119.0;6.2;3.0
2023/08/17;1800 UTC;0.0;989.3;990.2;989.3;1692.6;34.1;15.2;35.3;33.8;16.0;14.7;34.0;30.0;32.0;99.0;6.7;2.4
2023/08/17;1900 UTC;0.0;989.0;989.3;989.0;1626.6;34.9;15.6;36.0;33.9;15.9;14.7;32.0;29.0;32.0;76.0;6.0;1.3
2023/08/17;2000 UTC;0.0;989.1;989.1;989.0;1067.3;34.7;15.2;35.4;34.4;15.8;15.0;33.0;30.0;31.0;114.0;4.7;1.4
2023/08/17;2100 UTC;0.0;989.3;989.3;989.0;332.6;30.0;18.7;34.7;30.0;19.0;15.3;51.0;31.0;51.0;75.0;3.1;0.3
2023/08/17;2200 UTC;0.0;989.7;989.7;989.3;1.5;26.2;19.3;30.0;26.1;19.3;18.2;66.0;51.0;66.0;16.0;1.6;0.1
2023/08/17;2300 UTC;0.0;990.4;990.4;989.7;;25.3;19.4;26.2;25.3;19.5;18.8;70.0;65.0;70.0;154.0;0.9;0.4
2023/08/18;0000 UTC;0.0;990.8;990.8;990.4;;23.3;19.0;25.3;23.3;19.6;18.9;78.0;70.0;77.0;250.0;1.3;0.3
2023/08/18;0100 UTC;0.0;991.2;991.2;990.8;;22.0;18.9;23.3;22.0;19.3;18.8;83.0;77.0;83.0;99.0;2.4;0.5
2023/08/18;0200 UTC;0.0;991.2;991.3;991.2;;21.1;18.6;22.0;21.1;19.0;18.5;86.0;82.0;86.0;152.0;1.3;0.7
2023/08/18;0300 UTC;0.0;991.1;991.2;991.1;;20.9;17.9;21.2;20.6;18.7;17.8;88.0;83.0;83.0;159.0;2.1;1.3
2023/08/18;0400 UTC;0.0;990.6;991.1;990.6;;19.8;18.0;21.1;19.8;18.3;17.6;89.0;81.0;89.0;332.0;2.1;0.2
2023/08/18;0500 UTC;0.0;990.4;990.6;990.4;;19.2;17.4;19.8;19.0;18.1;17.4;92.0;88.0;89.0;293.0;1.1;0.4
2023/08/18;0600 UTC;0.0;989.7;990.4;989.7;;18.5;17.2;19.2;18.4;17.7;17.0;93.0;89.0;92.0;222.0;0.9;0.3
2023/08/18;0700 UTC;0.0;989.5;989.7;989.5;;18.0;17.0;18.5;17.9;17.3;16.8;94.0;92.0;94.0;53.0;0.5;0.2
2023/08/18;0800 UTC;0.0;989.6;989.6;989.5;;17.8;17.1;18.0;17.6;17.2;16.8;96.0;93.0;96.0;301.0;0.7;0.4
2023/08/18;0900 UTC;0.0;989.8;989.8;989.6;;17.3;16.8;17.8;17.3;17.2;16.7;97.0;94.0;97.0;136.0;0.8;0.3
2023/08/18;1000 UTC;0.0;990.2;990.2;989.8;37.0;17.6;17.0;17.6;17.2;17.0;16.6;98.0;96.0;96.0;117.0;1.1;0.6
2023/08/18;1100 UTC;0.0;990.9;990.9;990.2;517.1;24.2;16.9;24.2;17.6;17.8;16.7;96.0;64.0;64.0;103.0;5.4;2.2
2023/08/18;1200 UTC;0.0;991.2;991.2;990.9;1201.8;28.4;17.7;28.4;24.2;17.7;16.8;64.0;52.0;52.0;111.0;4.8;1.8
2023/08/18;1300 UTC;0.0;991.2;991.3;991.2;1793.3;32.1;16.8;32.1;28.3;18.2;16.3;53.0;40.0;40.0;113.0;5.2;2.4
2023/08/18;1400 UTC;0.0;990.5;991.2;990.5;2275.9;34.4;15.7;34.9;32.1;17.5;15.4;41.0;32.0;33.0;97.0;6.5;2.9
2023/08/18;1500 UTC;0.0;989.7;990.5;989.7;2775.4;35.5;14.6;35.8;34.1;16.2;14.5;33.0;29.0;29.0;100.0;6.5;2.4
2023/08/18;1600 UTC;0.0;988.5;989.7;988.5;3096.5;36.0;14.5;36.5;35.0;15.5;14.2;31.0;27.0;28.0;95.0;6.9;2.4
2023/08/18;1700 UTC;0.0;987.7;988.5;987.7;2597.0;36.3;13.5;37.9;35.3;15.2;13.2;29.0;24.0;26.0;12.0;6.5;1.3
2023/08/18;1800 UTC;0.0;986.8;987.7;986.8;2213.4;36.2;13.9;37.1;35.4;14.5;13.2;27.0;25.0;26.0;151.0;4.9;2.3
2023/08/18;1900 UTC;0.0;986.3;986.8;986.3;1789.3;36.2;13.3;37.0;35.6;14.3;13.0;27.0;24.0;26.0;165.0;4.6;1.1
2023/08/18;2000 UTC;0.0;986.4;986.4;986.2;1013.0;35.8;13.6;36.6;35.7;14.7;13.2;28.0;26.0;27.0;110.0;4.6;1.3
2023/08/18;2100 UTC;0.0;986.7;986.7;986.4;242.0;29.9;18.3;35.9;29.9;20.0;13.8;52.0;26.0;50.0;215.0;2.8;0.2
2023/08/18;2200 UTC;0.0;987.1;987.1;986.7;1.5;25.9;19.0;29.9;25.9;19.3;17.7;66.0;48.0;66.0;114.0;0.8;0.3
2023/08/18;2300 UTC;0.0;987.5;987.5;987.2;;24.1;19.0;25.9;24.1;19.2;18.7;73.0;66.0;73.0;220.0;0.5;0.2
2023/08/19;0000 UTC;0.0;988.1;988.1;987.5;;22.9;18.5;24.1;22.9;19.1;18.5;77.0;72.0;76.0;259.0;1.5;0.4
2023/08/19;0100 UTC;0.0;988.5;988.5;988.1;;22.0;18.4;23.1;21.9;18.9;18.4;82.0;76.0;80.0;250.0;1.1;0.3
2023/08/19;0200 UTC;0.0;988.7;988.7;988.5;;21.1;18.5;22.2;21.1;18.7;18.3;85.0;79.0;85.0;214.0;1.1;0.2
2023/08/19;0300 UTC;0.0;988.5;988.7;988.5;;20.4;18.3;21.1;20.4;18.7;18.1;89.0;85.0;88.0;228.0;0.7;0.3
2023/08/19;0400 UTC;0.0;988.0;988.5;987.9;;19.6;18.0;20.4;19.6;18.3;17.9;90.0;87.0;90.0;330.0;2.0;0.9
2023/08/19;0500 UTC;0.0;987.5;988.0;987.5;;19.2;17.9;19.8;19.2;18.3;17.8;93.0;90.0;92.0;82.0;2.0;0.2
2023/08/19;0600 UTC;0.0;987.2;987.5;987.2;;18.8;17.6;19.2;18.8;17.9;17.6;93.0;92.0;93.0;80.0;1.4;0.6
2023/08/19;0700 UTC;0.0;987.3;987.3;987.2;;19.3;17.6;19.4;18.7;17.9;17.4;93.0;89.0;90.0;251.0;2.0;0.3
2023/08/19;0800 UTC;0.0;987.5;987.5;987.2;;18.2;17.3;19.3;18.2;17.8;17.3;95.0;90.0;95.0;97.0;1.6;0.2
2023/08/19;0900 UTC;0.0;988.0;988.0;987.5;;17.7;17.1;18.2;17.6;17.4;17.0;97.0;95.0;96.0;109.0;1.2;0.3
2023/08/19;1000 UTC;0.0;989.0;989.0;988.0;43.5;18.1;17.2;18.1;17.3;17.2;16.9;97.0;95.0;95.0;219.0;0.7;0.2
2023/08/19;1100 UTC;0.0;989.4;989.4;989.0;470.2;24.1;19.3;24.1;18.1;19.3;17.1;95.0;71.0;74.0;103.0;1.1;0.5
2023/08/19;1200 UTC;0.0;990.0;990.0;989.4;1158.3;28.8;19.1;28.8;24.1;19.1;17.6;74.0;54.0;56.0;55.0;2.3;1.1
2023/08/19;1300 UTC;0.0;990.6;990.6;990.0;1665.5;32.1;19.4;32.1;28.0;19.8;17.6;58.0;44.0;47.0;254.0;4.8;1.2
2023/08/19;1400 UTC;0.0;990.4;990.7;990.4;2312.0;34.4;17.0;34.4;31.2;20.0;16.8;48.0;36.0;36.0;327.0;4.1;2.1
2023/08/19;1500 UTC;0.0;989.7;990.4;989.7;2718.0;36.8;14.2;37.2;34.2;17.6;14.1;36.0;26.0;26.0;45.0;5.1;2.5
2023/08/19;1600 UTC;0.0;988.7;989.7;988.7;3007.3;37.3;12.8;38.1;36.3;14.6;12.2;27.0;22.0;23.0;348.0;5.6;2.5
2023/08/19;1700 UTC;0.0;987.7;988.7;987.7;2669.2;37.2;12.5;39.1;36.2;14.0;12.1;25.0;21.0;23.0;298.0;6.2;2.2
2023/08/19;1800 UTC;0.0;987.0;987.7;987.0;1609.9;34.8;16.8;38.9;34.8;17.4;11.7;36.0;20.0;34.0;332.0;5.2;1.7
2023/08/19;1900 UTC;0.0;986.6;987.0;986.6;1522.0;37.4;13.1;37.8;34.4;17.7;12.5;37.0;22.0;23.0;18.0;2.9;1.5
2023/08/19;2000 UTC;0.0;986.6;986.7;986.6;797.8;33.2;16.2;38.7;33.2;16.6;12.2;36.0;22.0;36.0;335.0;2.9;0.4
2023/08/19;2100 UTC;0.0;986.9;986.9;986.6;148.4;28.7;18.6;33.2;28.7;19.7;16.7;55.0;36.0;54.0;300.0;1.0;0.2
2023/08/19;2200 UTC;0.0;987.0;987.0;986.9;4.0;25.6;19.1;28.7;25.6;19.4;18.3;67.0;54.0;67.0;299.0;0.6;0.3
2023/08/19;2300 UTC;0.0;987.5;987.5;987.0;;25.0;19.1;25.6;24.8;20.0;18.9;73.0;67.0;70.0;165.0;3.0;0.4
2023/08/20;0000 UTC;0.0;988.0;988.0;987.5;;24.0;19.2;25.2;24.0;19.7;18.9;76.0;69.0;74.0;278.0;1.5;0.1
2023/08/20;0100 UTC;0.0;988.4;988.4;988.0;;22.8;19.3;24.0;22.7;19.8;18.8;82.0;74.0;81.0;336.0;1.7;0.7
2023/08/20;0200 UTC;0.0;988.6;988.6;988.4;;21.8;19.5;22.8;21.8;19.7;19.2;87.0;81.0;87.0;120.0;1.1;0.2
2023/08/20;0300 UTC;0.0;988.1;988.6;988.1;;20.8;18.8;21.8;20.8;19.6;18.8;89.0;86.0;89.0;282.0;0.9;0.1
2023/08/20;0400 UTC;0.0;987.5;988.1;987.5;;20.5;18.9;20.8;20.0;19.0;18.2;91.0;88.0;90.0;285.0;1.0;0.5
2023/08/20;0500 UTC;0.0;986.7;987.5;986.7;;19.1;17.8;20.5;19.1;18.7;17.8;92.0;89.0;92.0;113.0;1.3;0.4
2023/08/20;0600 UTC;0.0;986.5;986.7;986.4;;18.6;17.5;19.1;18.5;17.9;17.4;95.0;92.0;94.0;195.0;0.6;0.4
2023/08/20;0700 UTC;0.0;986.4;986.6;986.4;;18.0;17.3;18.6;18.0;17.7;17.0;96.0;92.0;96.0;208.0;0.9;0.3
2023/08/20;0800 UTC;0.0;986.6;986.6;986.4;;17.6;16.9;18.0;17.6;17.5;16.9;98.0;95.0;96.0;213.0;1.0;0.4
2023/08/20;0900 UTC;0.0;986.9;986.9;986.6;;17.3;17.0;17.7;17.2;17.0;16.6;98.0;95.0;98.0;285.0;1.2;0.3
2023/08/20;1000 UTC;0.0;987.6;987.6;986.9;26.3;17.3;16.9;17.3;17.0;17.1;16.4;99.0;97.0;98.0;224.0;0.7;0.1
2023/08/20;1100 UTC;0.0;988.1;988.3;987.6;520.1;24.6;19.0;24.6;17.2;19.0;16.8;98.0;68.0;71.0;91.0;1.8;0.8
2023/08/20;1200 UTC;0.0;989.1;989.1;988.1;1237.1;29.5;18.3;29.5;24.7;19.3;17.4;71.0;49.0;51.0;18.0;2.3;0.9
2023/08/20;1300 UTC;0.0;989.6;989.6;989.1;1803.5;32.4;18.0;32.4;29.2;19.1;17.4;53.0;43.0;43.0;345.0;3.7;1.7
2023/08/20;1400 UTC;0.0;989.5;989.7;989.5;2286.4;35.7;18.2;35.7;32.1;18.6;17.4;44.0;36.0;36.0;347.0;4.9;2.1
2023/08/20;1500 UTC;0.0;989.0;989.5;989.0;2681.1;36.5;17.2;37.1;35.0;18.9;16.5;37.0;30.0;32.0;353.0;5.5;2.2
2023/08/20;1600 UTC;0.0;988.2;989.0;988.2;2948.0;36.9;16.6;37.4;36.0;17.9;16.0;34.0;29.0;30.0;3.0;6.7;2.4
2023/08/20;1700 UTC;0.0;987.3;988.2;987.3;2917.6;37.3;16.5;38.2;36.6;17.3;15.3;31.0;26.0;30.0;6.0;5.8;1.8
2023/08/20;1800 UTC;0.0;986.4;987.3;986.4;2525.6;37.6;15.5;38.8;37.1;17.3;15.4;30.0;27.0;27.0;17.0;6.6;2.0
2023/08/20;1900 UTC;0.0;986.1;986.4;986.1;1810.7;38.0;16.4;38.6;37.2;16.9;14.7;29.0;25.0;28.0;319.0;4.7;1.6
2023/08/20;2000 UTC;0.0;986.1;986.1;986.0;1054.0;37.7;16.2;38.1;37.4;16.5;14.6;29.0;24.0;28.0;345.0;3.6;1.3
2023/08/20;2100 UTC;0.0;986.4;986.4;986.1;342.4;31.5;19.8;37.7;31.5;20.2;15.7;50.0;28.0;50.0;338.0;2.9;0.5
2023/08/20;2200 UTC;0.0;986.7;986.7;986.3;1.4;27.1;20.0;31.5;27.1;20.2;19.4;65.0;50.0;65.0;302.0;0.8;0.3
2023/08/20;2300 UTC;0.0;987.0;987.0;986.7;;25.1;20.3;27.1;25.1;20.5;19.9;74.0;65.0;74.0;296.0;0.8;0.3
2023/08/21;0000 UTC;0.0;987.5;987.5;987.0;;24.0;19.4;25.5;24.0;20.9;19.3;76.0;74.0;76.0;271.0;0.6;0.2
2023/08/21;0100 UTC;0.0;987.9;987.9;987.5;;23.2;19.9;24.0;23.2;20.3;19.4;82.0;76.0;82.0;194.0;0.6;0.4
2023/08/21;0200 UTC;0.0;988.2;988.2;987.9;;22.4;19.3;23.2;22.3;20.3;19.3;87.0;81.0;83.0;235.0;1.2;0.4
2023/08/21;0300 UTC;0.0;987.9;988.2;987.9;;21.4;19.6;22.5;21.4;20.1;19.4;91.0;83.0;90.0;72.0;0.9;0.2
2023/08/21;0400 UTC;0.0;987.4;987.9;987.4;;20.9;19.4;21.7;20.9;19.9;19.4;92.0;89.0;91.0;310.0;0.8;0.2
2023/08/21;0500 UTC;0.0;986.9;987.4;986.9;;20.4;19.0;20.9;20.4;19.4;18.8;92.0;90.0;92.0;186.0;2.0;0.3
2023/08/21;0600 UTC;0.0;986.7;986.9;986.7;;20.1;19.2;20.5;19.7;19.2;18.8;95.0;91.0;95.0;12.0;1.6;0.7
2023/08/21;0700 UTC;0.0;986.7;986.8;986.6;;19.8;18.8;20.9;19.7;19.2;18.6;96.0;89.0;94.0;76.0;2.3;0.5
2023/08/21;0800 UTC;0.0;987.0;987.0;986.7;;19.3;18.6;19.8;19.3;18.9;18.3;96.0;92.0;96.0;129.0;1.0;0.5
2023/08/21;0900 UTC;0.0;987.4;987.4;986.9;;18.9;18.4;19.3;18.9;18.7;18.1;96.0;95.0;96.0;10.0;0.7;0.1
2023/08/21;1000 UTC;0.0;988.3;988.3;987.4;29.8;19.2;18.4;19.2;18.7;18.6;18.1;98.0;95.0;95.0;207.0;1.0;0.3
2023/08/21;1100 UTC;0.0;988.7;988.7;988.3;502.3;26.8;19.5;26.8;19.2;19.7;18.4;95.0;63.0;64.0;109.0;1.2;0.7
2023/08/21;1200 UTC;0.0;989.9;989.9;988.7;1199.0;27.8;18.8;27.8;25.7;20.0;17.8;70.0;56.0;58.0;258.0;4.5;2.4
2023/08/21;1300 UTC;0.0;990.6;990.7;989.9;1755.1;30.8;18.6;31.0;27.3;19.7;17.4;61.0;45.0;48.0;229.0;5.3;2.5
2023/08/21;1400 UTC;0.0;990.4;990.8;990.4;2273.2;33.3;18.4;33.3;30.7;19.1;17.4;49.0;39.0;41.0;201.0;5.1;2.5
2023/08/21;1500 UTC;0.0;989.5;990.4;989.5;2736.3;36.0;17.1;36.6;33.1;18.2;16.5;41.0;32.0;33.0;269.0;4.8;1.9
2023/08/21;1600 UTC;0.0;988.3;989.5;988.3;2945.3;36.3;16.4;36.8;35.2;17.1;16.0;33.0;30.0;31.0;238.0;4.6;1.8
2023/08/21;1700 UTC;0.0;987.3;988.4;987.3;2881.3;37.6;;38.2;35.7;17.3;16.1;32.0;28.0;;189.0;4.3;1.5
2023/08/21;1800 UTC;0.0;986.4;987.3;986.4;2479.9;38.0;16.4;38.7;36.9;17.4;16.2;31.0;28.0;28.0;256.0;4.8;2.0
2023/08/21;1900 UTC;0.0;985.9;986.4;985.9;1765.4;37.6;16.1;38.3;36.8;16.8;14.9;30.0;25.0;28.0;246.0;4.6;2.0
2023/08/21;2000 UTC;0.0;985.9;986.0;985.9;1012.2;38.3;16.6;38.8;37.3;17.0;15.8;30.0;27.0;28.0;266.0;3.6;0.8
2023/08/21;2100 UTC;0.0;986.1;986.1;985.9;342.4;31.8;21.0;38.3;31.8;21.4;16.0;53.0;28.0;53.0;215.0;2.6;0.3
2023/08/21;2200 UTC;0.0;986.6;986.6;986.1;2.4;27.9;20.8;31.8;27.9;21.3;20.2;66.0;52.0;65.0;247.0;0.9;0.5
2023/08/21;2300 UTC;0.0;986.9;986.9;986.6;;26.1;21.3;27.9;26.1;21.3;20.7;75.0;65.0;75.0;293.0;0.9;0.3
2023/08/22;0000 UTC;0.0;987.5;987.5;986.9;;24.9;21.2;26.1;24.9;21.5;21.0;80.0;75.0;80.0;182.0;0.5;0.3
2023/08/22;0100 UTC;0.0;988.0;988.0;987.5;;24.2;21.0;24.9;24.2;21.2;20.8;82.0;79.0;82.0;171.0;0.6;0.5
2023/08/22;0200 UTC;0.0;988.3;988.3;988.0;;23.3;20.7;24.2;23.3;21.1;20.6;86.0;82.0;86.0;184.0;0.6;0.2
2023/08/22;0300 UTC;0.0;988.1;988.3;988.1;;22.7;20.1;23.3;22.7;20.7;20.1;87.0;84.0;85.0;206.0;0.7;0.3
2023/08/22;0400 UTC;0.0;987.7;988.1;987.7;;22.1;19.7;22.8;22.1;20.4;19.7;87.0;85.0;87.0;108.0;1.2;0.5
2023/08/22;0500 UTC;0.0;987.3;987.8;987.3;;22.1;18.9;23.0;21.8;19.7;18.7;87.0;78.0;83.0;122.0;2.3;0.8
2023/08/22;0600 UTC;0.0;986.8;987.3;986.8;;21.9;18.6;22.4;21.8;19.2;18.5;85.0;79.0;82.0;139.0;2.3;1.0
2023/08/22;0700 UTC;0.0;986.8;986.8;986.6;;21.2;18.4;23.0;21.1;18.7;17.4;84.0;71.0;84.0;82.0;2.3;0.6
2023/08/22;0800 UTC;0.0;986.8;986.8;986.7;;21.5;17.6;21.6;20.7;18.6;17.6;87.0;78.0;78.0;153.0;2.7;1.5
2023/08/22;0900 UTC;0.0;987.3;987.3;986.8;;19.7;17.6;21.7;19.7;17.8;17.3;88.0;76.0;88.0;171.0;2.4;0.4
2023/08/22;1000 UTC;0.0;988.0;988.0;987.3;30.5;20.6;17.5;20.7;19.1;17.8;17.2;91.0;80.0;82.0;121.0;2.5;0.9
2023/08/22;1100 UTC;0.0;988.6;988.6;988.0;532.1;26.0;17.3;26.0;20.6;18.2;17.3;82.0;59.0;59.0;126.0;3.0;1.5
2023/08/22;1200 UTC;0.0;988.8;989.0;988.6;1255.9;30.1;17.3;30.1;26.0;17.7;17.0;59.0;46.0;46.0;134.0;4.9;2.4
2023/08/22;1300 UTC;0.0;989.0;989.0;988.7;1802.3;34.2;17.1;34.2;30.1;18.3;16.6;46.0;36.0;36.0;131.0;5.3;3.2
2023/08/22;1400 UTC;0.0;989.5;989.8;989.0;2297.3;35.5;16.5;35.6;34.2;18.3;16.2;38.0;32.0;32.0;94.0;8.0;3.8
2023/08/22;1500 UTC;0.0;988.8;989.5;988.8;2764.1;37.0;;37.5;35.5;18.1;15.1;35.0;26.0;;87.0;8.1;2.5
2023/08/22;1600 UTC;0.0;987.5;988.8;987.5;2962.9;37.9;15.5;38.3;36.5;16.5;14.6;29.0;25.0;27.0;122.0;6.8;3.0
2023/08/22;1700 UTC;0.0;986.1;987.5;986.1;2957.9;38.0;14.8;39.1;37.4;16.1;14.6;28.0;24.0;25.0;52.0;7.7;3.1
2023/08/22;1800 UTC;0.0;985.1;986.1;985.1;2375.8;37.9;14.6;39.1;37.4;15.8;14.4;27.0;25.0;25.0;124.0;6.5;2.6
2023/08/22;1900 UTC;0.0;984.7;985.1;984.7;1801.0;38.4;;38.9;37.7;15.7;14.3;26.0;24.0;;94.0;5.7;2.5
2023/08/22;2000 UTC;0.0;984.7;984.7;984.6;1028.4;37.9;15.3;38.5;37.8;15.9;14.4;27.0;25.0;26.0;161.0;4.6;1.6
2023/08/22;2100 UTC;0.0;984.9;984.9;984.7;312.9;32.2;18.9;37.9;32.2;20.2;15.2;48.0;26.0;46.0;140.0;3.6;0.4
2023/08/22;2200 UTC;0.0;985.4;985.4;984.9;2.0;27.8;20.5;32.2;27.8;20.7;18.9;65.0;45.0;65.0;331.0;1.4;0.1
2023/08/22;2300 UTC;0.0;985.8;985.8;985.4;;26.2;20.6;27.8;26.2;20.8;20.3;71.0;65.0;71.0;337.0;0.7;0.3
2023/08/23;0000 UTC;0.0;986.3;986.3;985.8;;24.7;20.4;26.2;24.6;20.8;20.3;78.0;71.0;77.0;327.0;0.9;0.4
2023/08/23;0100 UTC;0.0;986.9;986.9;986.3;;24.0;20.3;24.7;23.9;20.7;20.3;82.0;77.0;80.0;114.0;0.6;0.1
2023/08/23;0200 UTC;0.0;987.0;987.0;986.9;;23.3;19.8;24.0;23.3;20.5;19.7;82.0;80.0;81.0;283.0;0.5;0.2
2023/08/23;0300 UTC;0.0;987.3;987.3;986.9;;22.5;19.4;23.3;22.4;20.1;19.1;85.0;80.0;82.0;33.0;3.2;0.9
2023/08/23;0400 UTC;0.0;987.1;987.4;987.1;;25.2;19.6;25.2;22.3;20.2;19.3;86.0;71.0;71.0;1.0;3.6;1.4
2023/08/23;0500 UTC;0.0;986.6;987.1;986.6;;25.3;19.8;25.5;23.8;20.0;19.4;78.0;70.0;72.0;353.0;3.6;1.1
2023/08/23;0600 UTC;0.0;986.5;986.6;986.4;;23.9;20.1;25.7;23.9;20.1;19.8;79.0;70.0;79.0;352.0;3.9;0.8
2023/08/23;0700 UTC;0.0;986.4;986.5;986.3;;22.1;20.5;23.9;21.8;20.5;20.0;92.0;79.0;91.0;17.0;2.0;0.5
2023/08/23;0800 UTC;0.0;986.7;986.8;986.4;;21.4;20.2;22.1;21.4;20.5;20.0;94.0;90.0;93.0;178.0;1.3;0.4
2023/08/23;0900 UTC;0.0;987.2;987.2;986.7;;20.9;19.9;21.4;20.8;20.3;19.9;96.0;93.0;94.0;78.0;1.1;0.8
2023/08/23;1000 UTC;0.0;988.0;988.0;987.2;30.5;21.0;20.0;21.0;20.4;20.1;19.6;96.0;94.0;94.0;188.0;1.1;0.5
2023/08/23;1100 UTC;0.0;988.9;988.9;988.0;224.4;23.8;21.0;23.8;21.0;21.0;20.1;94.0;84.0;84.0;64.0;1.5;0.4
2023/08/23;1200 UTC;0.0;989.5;989.5;988.8;317.7;25.1;21.6;25.1;23.7;21.6;20.7;84.0;80.0;81.0;60.0;2.2;1.1
2023/08/23;1300 UTC;0.0;990.8;990.8;989.5;721.4;27.4;22.3;27.5;25.2;22.5;21.7;81.0;73.0;74.0;92.0;4.7;2.4
2023/08/23;1400 UTC;0.0;990.4;991.0;990.4;1590.4;32.6;22.9;32.6;27.3;23.3;22.4;75.0;57.0;57.0;54.0;8.8;2.8
2023/08/23;1500 UTC;0.0;990.0;990.5;990.0;2417.5;34.0;22.6;34.2;32.3;23.2;22.3;57.0;51.0;52.0;37.0;8.8;3.2
2023/08/23;1600 UTC;0.0;988.7;990.0;988.7;2835.1;34.4;22.7;35.7;33.6;23.3;22.1;53.0;48.0;51.0;40.0;7.5;3.0
2023/08/23;1700 UTC;0.0;987.4;988.8;987.4;2958.0;35.5;22.2;36.3;34.0;23.2;22.0;51.0;45.0;46.0;69.0;10.0;2.7
2023/08/23;1800 UTC;0.0;986.4;987.4;986.4;2293.1;36.0;22.1;36.4;34.6;22.8;21.2;47.0;43.0;45.0;53.0;7.2;2.3
2023/08/23;1900 UTC;0.0;986.3;986.4;986.1;1762.1;35.9;21.7;36.6;35.4;22.3;21.3;46.0;43.0;44.0;68.0;7.0;2.0
2023/08/23;2000 UTC;0.0;986.4;986.4;986.3;1025.0;35.3;21.8;35.9;34.9;22.3;21.6;47.0;44.0;46.0;28.0;5.2;1.5
2023/08/23;2100 UTC;0.0;986.7;986.7;986.3;252.4;32.3;21.6;35.3;32.3;21.9;21.1;54.0;46.0;53.0;34.0;5.0;0.5
2023/08/23;2200 UTC;0.0;987.3;987.3;986.7;4.4;28.2;22.1;32.2;28.1;22.6;21.7;71.0;53.0;69.0;34.0;2.5;1.0
2023/08/23;2300 UTC;0.0;988.1;988.1;987.4;;27.0;22.5;28.9;26.9;22.5;21.8;76.0;66.0;76.0;1.0;2.7;1.0
2023/08/24;0000 UTC;0.0;988.6;988.6;988.1;;26.1;22.7;27.0;25.8;22.8;22.3;83.0;76.0;81.0;13.0;2.1;0.9
2023/08/24;0100 UTC;0.0;988.9;989.0;988.6;;25.0;22.6;26.1;25.0;22.7;22.3;86.0;81.0;86.0;349.0;2.0;0.5
2023/08/24;0200 UTC;0.0;989.0;989.1;988.9;;24.5;22.3;25.0;24.4;22.7;22.3;89.0;86.0;88.0;1.0;1.9;0.7
2023/08/24;0300 UTC;0.0;989.0;989.1;988.9;;24.1;22.5;25.0;24.1;22.7;22.2;91.0;86.0;91.0;326.0;1.5;0.4
2023/08/24;0400 UTC;0.0;988.7;989.0;988.7;;22.9;22.1;24.1;22.9;22.6;22.1;95.0;91.0;95.0;348.0;0.6;0.1
2023/08/24;0500 UTC;0.0;988.3;988.7;988.3;;22.7;21.9;23.0;22.7;22.3;21.8;96.0;95.0;95.0;182.0;0.6;0.3
2023/08/24;0600 UTC;0.0;988.1;988.3;988.0;;22.3;21.6;22.7;22.3;21.9;21.5;96.0;95.0;96.0;300.0;0.6;0.4
2023/08/24;0700 UTC;0.0;988.2;988.2;988.0;;21.9;21.3;22.5;21.8;21.8;21.2;97.0;94.0;96.0;26.0;2.0;0.8
2023/08/24;0800 UTC;0.0;988.3;988.3;988.2;;21.3;20.9;21.9;21.3;21.3;20.9;98.0;96.0;97.0;336.0;2.1;0.5
2023/08/24;0900 UTC;0.0;989.0;989.0;988.3;;21.3;20.9;21.4;20.8;21.2;20.5;99.0;97.0;98.0;30.0;1.6;0.8
2023/08/24;1000 UTC;0.0;989.9;989.9;989.0;34.7;21.4;21.1;21.4;20.8;21.1;20.5;99.0;98.0;98.0;30.0;1.7;0.4
2023/08/24;1100 UTC;0.0;990.4;990.4;989.9;519.2;25.8;22.3;25.8;21.4;22.5;21.0;98.0;81.0;81.0;348.0;2.5;1.4
2023/08/24;1200 UTC;0.0;991.2;991.3;990.4;1214.2;29.7;23.3;29.7;25.7;23.4;22.3;82.0;68.0;69.0;30.0;2.9;1.6
2023/08/24;1300 UTC;0.0;991.6;991.6;991.2;1748.1;32.3;22.7;32.4;29.6;23.4;21.9;69.0;56.0;57.0;346.0;4.8;2.3
2023/08/24;1400 UTC;0.0;991.0;991.6;991.0;2260.6;33.7;21.5;34.1;31.8;23.0;21.2;58.0;48.0;49.0;335.0;5.8;3.2
2023/08/24;1500 UTC;0.0;990.2;991.0;990.2;2724.1;34.5;21.1;35.4;33.4;22.2;20.9;51.0;44.0;46.0;3.0;6.7;2.6
2023/08/24;1600 UTC;0.0;989.3;990.2;989.3;2953.9;35.7;21.0;36.2;34.5;21.7;20.6;46.0;41.0;42.0;12.0;6.3;2.6
2023/08/24;1700 UTC;0.0;988.1;989.3;988.1;2508.2;36.4;20.6;37.4;34.9;21.6;20.1;44.0;38.0;40.0;342.0;5.6;2.5
2023/08/24;1800 UTC;0.0;986.7;988.1;986.7;2529.7;36.5;20.5;37.1;35.9;21.2;20.0;41.0;38.0;40.0;16.0;5.8;2.3
2023/08/24;1900 UTC;0.0;986.7;986.7;986.4;1648.3;37.0;20.8;37.4;35.7;21.2;19.8;42.0;38.0;39.0;24.0;5.4;1.7
2023/08/24;2000 UTC;0.0;986.9;986.9;986.7;955.1;36.5;20.9;37.5;35.5;21.2;20.5;43.0;38.0;41.0;54.0;3.9;1.4
2023/08/24;2100 UTC;0.0;987.8;988.0;986.9;583.9;28.4;22.2;36.5;28.4;22.3;20.6;69.0;40.0;69.0;136.0;14.2;5.1
2023/08/24;2200 UTC;0.0;988.6;988.6;987.8;10.9;26.7;22.7;28.4;26.7;22.8;22.1;79.0;69.0;79.0;44.0;9.7;1.3
2023/08/24;2300 UTC;0.0;989.5;989.5;988.6;;26.5;22.8;27.0;26.5;22.8;22.5;80.0;76.0;80.0;23.0;3.3;0.8
2023/08/25;0000 UTC;0.0;989.9;990.0;989.5;;26.0;23.1;27.1;25.9;23.3;22.7;85.0;77.0;84.0;75.0;1.8;0.9
2023/08/25;0100 UTC;0.0;990.3;990.5;989.9;;26.3;22.9;26.9;26.1;23.2;22.7;84.0;78.0;82.0;91.0;3.6;0.5
2023/08/25;0200 UTC;0.0;990.3;990.3;990.0;;26.6;22.7;26.6;25.9;22.9;22.6;83.0;79.0;79.0;226.0;2.0;0.4
2023/08/25;0300 UTC;0.0;989.9;990.4;989.9;;25.5;23.2;26.6;25.3;23.4;22.7;89.0;79.0;87.0;140.0;1.9;0.8
2023/08/25;0400 UTC;0.0;989.3;989.9;989.3;;25.2;23.1;25.5;25.1;23.3;23.1;89.0;87.0;89.0;125.0;1.5;0.3
2023/08/25;0500 UTC;0.0;988.9;989.3;988.9;;25.3;23.3;25.3;25.1;23.3;23.1;89.0;88.0;89.0;360.0;2.2;0.7
2023/08/25;0600 UTC;0.0;988.8;989.3;988.8;;26.1;22.4;26.2;25.3;23.4;22.4;89.0;80.0;80.0;247.0;6.4;0.7
2023/08/25;0700 UTC;0.0;988.8;989.0;988.8;;25.5;22.1;26.2;25.5;22.4;21.9;81.0;79.0;81.0;272.0;2.8;0.3
2023/08/25;0800 UTC;0.0;989.4;989.4;988.8;;24.1;22.5;25.5;24.0;22.7;22.1;91.0;81.0;91.0;20.0;1.2;0.5
2023/08/25;0900 UTC;0.0;990.3;990.3;989.3;;24.2;23.1;24.3;23.7;23.1;22.3;93.0;90.0;93.0;72.0;2.9;1.4
2023/08/25;1000 UTC;3.2;990.8;990.8;990.0;34.9;23.7;23.3;24.4;23.5;23.3;22.6;98.0;91.0;98.0;35.0;4.2;0.9
2023/08/25;1100 UTC;0.0;991.4;991.4;990.8;232.0;24.8;23.5;24.9;23.7;24.0;23.3;98.0;92.0;92.0;203.0;2.7;0.7
2023/08/25;1200 UTC;0.0;991.6;991.8;991.4;383.5;25.7;24.0;25.8;24.8;24.3;23.4;95.0;88.0;91.0;281.0;2.3;0.9
2023/08/25;1300 UTC;0.0;991.5;991.7;991.5;795.7;27.3;23.9;27.3;25.6;24.8;23.3;95.0;80.0;82.0;351.0;2.5;1.2
2023/08/25;1400 UTC;0.0;991.3;991.5;991.3;1831.0;30.0;23.0;30.1;27.3;24.8;23.0;84.0;66.0;66.0;343.0;3.8;1.3
2023/08/25;1500 UTC;0.0;990.5;991.3;990.5;3005.1;33.6;22.9;33.6;30.0;24.1;22.7;67.0;54.0;54.0;7.0;3.4;1.4
2023/08/25;1600 UTC;0.0;989.0;990.5;989.0;3136.6;34.6;21.3;35.0;33.1;23.6;20.9;55.0;45.0;46.0;265.0;5.2;1.9
2023/08/25;1700 UTC;0.0;987.5;989.0;987.5;3031.6;35.8;20.6;36.3;34.7;21.6;20.2;46.0;40.0;41.0;294.0;6.7;2.3
2023/08/25;1800 UTC;0.0;986.3;987.5;986.3;2627.1;35.9;21.4;37.0;35.3;21.7;19.9;44.0;39.0;43.0;242.0;5.8;2.3
2023/08/25;1900 UTC;0.0;985.9;986.3;985.9;1898.7;36.2;20.5;36.6;35.6;21.6;20.3;43.0;40.0;40.0;257.0;5.1;2.3
2023/08/25;2000 UTC;0.0;986.6;986.8;985.9;748.2;30.9;21.8;36.2;30.7;22.2;20.3;59.0;40.0;58.0;327.0;7.9;4.0
2023/08/25;2100 UTC;0.0;987.8;987.8;986.6;377.5;30.1;22.2;31.1;30.1;22.4;21.3;64.0;57.0;63.0;34.0;7.3;1.1
2023/08/25;2200 UTC;0.0;988.8;988.8;987.8;22.3;28.6;22.1;30.1;28.6;22.6;22.1;70.0;62.0;68.0;51.0;4.7;1.6
2023/08/25;2300 UTC;0.0;989.5;989.7;988.7;;27.5;22.4;28.6;27.5;22.4;22.0;74.0;68.0;74.0;89.0;5.5;1.5
2023/08/26;0000 UTC;0.0;990.1;990.3;989.5;;27.0;22.7;27.5;26.9;22.9;22.4;78.0;74.0;78.0;138.0;4.5;1.6
2023/08/26;0100 UTC;0.0;991.0;991.2;990.1;;26.8;22.6;27.0;26.4;22.8;22.5;80.0;77.0;78.0;259.0;7.5;3.2
2023/08/26;0200 UTC;0.0;992.2;992.2;991.0;;26.5;22.7;27.1;26.2;22.9;22.4;82.0;75.0;80.0;141.0;7.5;1.8
2023/08/26;0300 UTC;2.6;992.0;992.3;992.0;;24.1;23.1;26.5;24.1;23.4;22.7;95.0;80.0;95.0;230.0;4.5;2.4
2023/08/26;0400 UTC;1.0;991.3;992.0;991.3;;23.6;23.1;24.1;23.6;23.4;22.6;97.0;93.0;97.0;247.0;4.6;2.1
2023/08/26;0500 UTC;1.8;990.3;991.3;990.3;;23.9;23.3;23.9;23.5;23.6;23.1;98.0;96.0;97.0;266.0;6.1;2.8
2023/08/26;0600 UTC;0.2;988.8;990.3;988.8;;23.5;23.1;24.0;23.5;23.3;22.8;98.0;94.0;98.0;347.0;5.2;0.8
2023/08/26;0700 UTC;0.0;988.5;988.8;988.4;;23.8;23.1;23.9;23.3;23.3;22.9;98.0;94.0;96.0;259.0;1.9;0.9
2023/08/26;0800 UTC;0.2;989.3;989.3;988.5;;23.3;23.1;23.8;23.2;23.2;22.9;99.0;96.0;99.0;50.0;2.5;1.1
2023/08/26;0900 UTC;0.0;989.6;989.6;989.3;;23.7;23.1;23.8;23.2;23.3;23.0;99.0;96.0;97.0;209.0;2.0;0.9
2023/08/26;1000 UTC;0.0;990.5;990.5;989.6;4.6;23.4;23.2;23.7;23.1;23.4;22.9;99.0;97.0;99.0;95.0;2.6;0.8
2023/08/26;1100 UTC;0.0;991.1;991.1;990.5;174.8;24.0;23.9;24.1;23.4;23.9;23.2;99.0;98.0;99.0;9.0;2.1;1.2
2023/08/26;1200 UTC;0.0;991.9;991.9;991.1;265.4;24.6;23.9;24.7;24.0;24.1;23.8;99.0;96.0;96.0;39.0;2.4;0.5
2023/08/26;1300 UTC;0.0;992.9;992.9;991.9;342.8;25.2;24.1;25.3;24.6;24.3;23.5;96.0;90.0;94.0;8.0;1.4;0.7
2023/08/26;1400 UTC;0.0;993.4;993.5;992.9;632.2;26.3;23.8;26.3;25.1;24.6;23.5;94.0;86.0;86.0;189.0;1.6;0.6
2023/08/26;1500 UTC;0.2;992.4;993.4;992.4;2307.8;28.5;23.3;28.8;26.3;25.1;23.2;87.0;74.0;74.0;180.0;4.5;1.9
2023/08/26;1600 UTC;0.0;991.4;992.4;991.4;2564.1;30.4;24.0;30.7;28.5;24.5;22.6;75.0;65.0;69.0;192.0;6.1;1.7
2023/08/26;1700 UTC;0.0;989.8;991.4;989.8;2105.0;32.1;23.3;32.3;30.3;24.5;23.0;70.0;59.0;59.0;245.0;6.5;2.4
2023/08/26;1800 UTC;0.0;988.6;989.8;988.6;2730.6;32.8;22.1;33.3;31.5;24.0;21.7;62.0;52.0;54.0;249.0;6.2;2.4
2023/08/26;1900 UTC;0.0;988.0;988.6;987.9;1660.0;30.8;22.9;33.6;30.8;23.3;21.2;63.0;51.0;63.0;194.0;7.5;3.2
2023/08/26;2000 UTC;0.0;988.3;988.3;988.0;988.0;31.3;22.4;32.3;30.7;23.4;22.3;64.0;57.0;59.0;201.0;6.0;1.5
2023/08/26;2100 UTC;0.0;988.8;988.9;988.3;203.4;29.1;23.2;31.3;29.1;23.4;22.3;71.0;59.0;71.0;187.0;3.5;1.4
2023/08/26;2200 UTC;0.0;989.4;989.4;988.8;5.9;27.3;23.4;29.1;27.3;23.7;23.0;80.0;71.0;79.0;175.0;3.0;0.9
2023/08/26;2300 UTC;0.0;990.3;990.3;989.4;;25.5;23.5;27.3;25.5;23.9;23.4;90.0;79.0;88.0;160.0;1.8;0.7
2023/08/27;0000 UTC;0.0;990.2;990.4;990.2;;25.7;23.6;25.9;25.0;24.0;23.2;92.0;86.0;88.0;209.0;1.5;0.4
2023/08/27;0100 UTC;0.0;991.4;991.4;990.2;;24.6;23.2;25.7;24.1;23.6;23.0;94.0;88.0;91.0;256.0;1.4;0.5
2023/08/27;0200 UTC;0.0;991.5;991.7;991.4;;23.6;22.9;24.6;23.5;23.5;22.7;96.0;91.0;96.0;280.0;1.3;0.3
2023/08/27;0300 UTC;0.0;991.6;991.9;991.5;;23.5;22.6;23.9;23.0;23.2;22.5;98.0;95.0;95.0;323.0;3.1;0.5
2023/08/27;0400 UTC;0.0;990.9;991.6;990.9;;23.0;22.7;23.6;22.8;23.1;22.5;99.0;95.0;98.0;30.0;1.1;0.2
2023/08/27;0500 UTC;0.0;990.7;991.0;990.7;;23.4;22.6;23.7;23.0;22.9;22.5;98.0;95.0;96.0;70.0;2.4;0.7
2023/08/27;0600 UTC;0.0;990.0;990.7;990.0;;22.9;22.4;23.5;22.9;22.7;22.3;97.0;94.0;97.0;57.0;2.5;0.6
2023/08/27;0700 UTC;0.0;990.2;990.3;989.9;;23.1;22.2;23.2;22.9;22.6;22.2;98.0;95.0;95.0;31.0;1.9;0.7
2023/08/27;0800 UTC;0.0;990.5;990.5;990.2;;22.1;21.8;23.1;22.1;22.3;21.7;98.0;95.0;98.0;12.0;1.9;0.4
2023/08/27;0900 UTC;0.0;991.1;991.1;990.5;;21.7;21.6;22.2;21.6;22.0;21.5;99.0;98.0;99.0;112.0;1.5;0.6
2023/08/27;1000 UTC;0.0;991.9;991.9;991.1;49.2;22.0;21.9;22.0;21.4;21.9;21.3;100.0;99.0;99.0;334.0;1.1;0.4
2023/08/27;1100 UTC;0.0;992.8;992.8;991.9;334.8;24.4;22.8;24.4;22.0;23.0;21.8;99.0;91.0;91.0;108.0;1.6;0.4
2023/08/27;1200 UTC;0.0;993.5;993.6;992.8;740.4;26.6;22.8;26.8;24.4;23.6;22.7;92.0;79.0;80.0;338.0;2.0;0.7
2023/08/27;1300 UTC;0.0;993.3;993.5;993.3;2039.0;30.8;23.0;30.8;26.6;23.7;22.7;81.0;63.0;63.0;300.0;3.7;1.5
2023/08/27;1400 UTC;0.0;993.2;993.4;993.2;2409.8;32.1;22.7;32.6;30.2;23.3;22.5;66.0;57.0;57.0;279.0;3.5;1.3
2023/08/27;1500 UTC;0.0;992.5;993.2;992.5;2941.7;32.8;22.7;33.7;31.9;23.7;21.8;60.0;52.0;55.0;297.0;4.6;2.0
2023/08/27;1600 UTC;0.0;991.6;992.5;991.6;3182.5;34.4;22.3;34.8;32.7;23.4;22.2;56.0;49.0;50.0;230.0;5.1;2.6
2023/08/27;1700 UTC;0.0;989.9;991.6;989.9;2692.3;34.7;22.3;35.5;33.6;23.0;21.7;52.0;47.0;49.0;178.0;4.9;2.2
2023/08/27;1800 UTC;0.0;989.8;989.9;988.9;1496.5;31.9;21.6;35.6;31.7;22.5;21.2;55.0;45.0;55.0;314.0;7.6;3.8
2023/08/27;1900 UTC;0.0;989.2;990.2;989.2;413.5;29.2;20.8;31.9;27.3;21.8;20.4;71.0;55.0;61.0;276.0;10.6;0.7
2023/08/27;2000 UTC;0.0;990.4;990.4;989.1;348.6;28.7;22.0;29.4;28.5;22.2;20.7;68.0;60.0;67.0;245.0;5.4;2.2
2023/08/27;2100 UTC;0.0;991.0;991.0;990.4;86.0;27.4;22.4;29.0;27.4;22.4;21.9;74.0;66.0;74.0;241.0;4.4;1.9
2023/08/27;2200 UTC;0.0;992.8;992.8;991.0;1.2;26.8;22.3;27.6;26.3;22.5;22.0;80.0;72.0;76.0;50.0;8.0;2.5
2023/08/27;2300 UTC;0.0;992.6;992.8;992.3;;25.5;21.9;26.8;25.5;22.3;21.8;80.0;76.0;80.0;92.0;6.1;1.2
2023/08/28;0000 UTC;0.0;992.7;992.8;992.6;;24.5;22.0;25.5;24.4;22.1;21.8;87.0;80.0;86.0;72.0;3.1;0.6
2023/08/28;0100 UTC;0.0;993.5;993.5;992.7;;24.4;22.2;24.9;24.4;22.2;21.8;88.0;83.0;88.0;314.0;4.3;1.8
2023/08/28;0200 UTC;0.0;993.5;993.7;993.5;;23.6;22.3;24.5;23.5;22.3;22.1;93.0;87.0;92.0;347.0;4.3;0.5
2023/08/28;0300 UTC;0.0;993.2;993.5;993.2;;23.8;22.4;23.8;23.2;22.5;22.1;94.0;92.0;92.0;227.0;1.5;0.6
2023/08/28;0400 UTC;0.0;992.4;993.2;992.4;;24.0;22.5;24.1;23.3;22.5;22.3;95.0;90.0;91.0;211.0;1.7;0.7
2023/08/28;0500 UTC;0.0;991.2;992.4;991.2;;23.8;22.8;24.0;23.5;22.8;22.4;95.0;91.0;94.0;313.0;1.6;0.6
2023/08/28;0600 UTC;0.0;990.7;991.2;990.7;;23.3;22.7;24.0;23.3;22.9;22.6;97.0;93.0;97.0;87.0;2.3;0.7
2023/08/28;0700 UTC;0.0;990.8;990.9;990.6;;23.7;22.8;23.8;23.3;23.0;22.6;97.0;94.0;94.0;202.0;2.5;0.9
2023/08/28;0800 UTC;0.0;991.1;991.2;990.8;;23.1;22.7;23.7;23.0;22.8;22.6;98.0;94.0;98.0;351.0;2.0;1.4
2023/08/28;0900 UTC;0.0;991.9;991.9;991.1;;22.8;22.5;23.3;22.8;22.9;22.5;98.0;97.0;98.0;36.0;2.0;0.7
2023/08/28;1000 UTC;0.0;992.9;992.9;991.9;65.7;23.3;22.9;23.3;22.6;23.0;22.4;99.0;98.0;98.0;324.0;1.3;0.3
2023/08/28;1100 UTC;0.0;993.7;993.7;992.9;441.0;25.3;23.4;25.3;23.3;23.6;23.0;98.0;89.0;89.0;339.0;2.7;1.5
2023/08/28;1200 UTC;0.0;994.3;994.3;993.7;769.6;27.0;23.1;27.0;25.3;23.7;22.4;90.0;79.0;79.0;343.0;2.7;1.1
2023/08/28;1300 UTC;0.0;994.7;994.7;994.3;1594.8;29.1;21.9;29.2;27.0;23.2;21.7;79.0;65.0;65.0;344.0;3.7;1.8
2023/08/28;1400 UTC;0.0;994.4;994.7;994.4;2469.2;30.7;21.6;31.7;28.9;22.6;21.2;66.0;57.0;59.0;13.0;4.3;1.6
2023/08/28;1500 UTC;0.0;993.5;994.4;993.5;3026.6;32.4;21.2;32.9;30.5;22.3;21.1;59.0;52.0;52.0;278.0;4.6;2.6
2023/08/28;1600 UTC;0.0;992.0;993.5;992.0;3186.1;33.6;21.1;34.4;32.1;21.7;20.0;52.0;45.0;48.0;269.0;5.6;2.5
2023/08/28;1700 UTC;0.0;990.6;992.0;990.6;3055.5;35.4;21.3;35.9;33.3;21.8;20.8;49.0;43.0;44.0;266.0;5.6;2.5
2023/08/28;1800 UTC;0.0;989.3;990.6;989.3;1965.2;36.0;21.1;36.1;34.0;21.8;20.8;48.0;42.0;42.0;273.0;5.4;1.6
2023/08/28;1900 UTC;0.0;989.0;989.3;989.0;1902.0;35.6;20.8;36.3;35.3;21.6;20.5;45.0;41.0;42.0;238.0;4.7;2.2
2023/08/28;2000 UTC;0.0;989.2;989.2;989.0;1210.9;36.3;21.3;36.5;35.4;21.3;20.5;43.0;41.0;42.0;214.0;4.5;1.3
2023/08/28;2100 UTC;0.0;989.8;989.8;989.2;393.0;32.8;23.4;36.4;32.8;23.4;20.9;58.0;41.0;58.0;149.0;2.7;1.0
2023/08/28;2200 UTC;0.0;990.4;990.4;989.8;2.9;28.9;23.2;32.8;28.9;23.4;22.3;71.0;57.0;71.0;139.0;1.7;0.3
2023/08/28;2300 UTC;0.0;991.5;991.5;990.4;;29.3;23.3;29.3;27.7;24.0;23.0;79.0;70.0;70.0;207.0;3.5;1.3
2023/08/29;0000 UTC;0.0;992.2;992.2;991.5;;28.5;23.3;29.4;28.5;23.3;23.1;74.0;69.0;74.0;209.0;3.6;0.8
2023/08/29;0100 UTC;0.0;992.9;992.9;992.2;;27.7;23.3;28.5;27.6;23.4;23.2;78.0;74.0;77.0;211.0;2.2;0.8
2023/08/29;0200 UTC;0.0;993.0;993.1;992.8;;26.4;23.3;27.8;26.3;23.3;22.7;83.0;76.0;83.0;116.0;3.4;0.3
2023/08/29;0300 UTC;0.0;993.0;993.1;992.8;;26.6;23.2;26.6;25.8;23.4;23.0;86.0;82.0;82.0;272.0;1.4;0.9
2023/08/29;0400 UTC;0.0;993.0;993.0;992.9;;25.8;23.1;26.7;25.6;23.6;22.9;88.0;81.0;85.0;313.0;2.4;0.8
2023/08/29;0500 UTC;0.0;992.4;993.0;992.4;;24.7;23.0;25.8;24.4;23.3;23.0;92.0;85.0;90.0;289.0;2.4;0.5
2023/08/29;0600 UTC;0.0;992.4;992.4;992.2;;25.0;23.0;25.1;24.0;23.2;22.8;94.0;88.0;88.0;5.0;3.5;1.4
2023/08/29;0700 UTC;0.0;992.1;992.5;992.1;;24.7;21.9;25.1;24.6;23.0;21.9;88.0;84.0;84.0;346.0;6.2;1.6
2023/08/29;0800 UTC;0.0;992.3;992.4;992.0;;24.7;21.8;24.9;24.6;21.9;21.7;85.0;83.0;84.0;326.0;3.7;1.7
2023/08/29;0900 UTC;0.0;992.8;992.8;992.3;;23.7;22.2;24.7;23.7;22.2;21.8;91.0;84.0;91.0;13.0;3.2;0.6
2023/08/29;1000 UTC;0.0;993.4;993.4;992.8;25.3;23.3;22.2;23.7;22.9;22.2;22.0;96.0;91.0;93.0;320.0;1.3;0.5
2023/08/29;1100 UTC;0.0;994.1;994.1;993.4;151.9;24.3;22.5;24.3;23.1;22.7;22.1;95.0;90.0;90.0;172.0;1.9;1.1
2023/08/29;1200 UTC;0.0;994.6;994.6;994.1;325.8;25.4;22.9;25.4;24.3;23.1;22.5;91.0;86.0;86.0;87.0;2.4;1.2
2023/08/29;1300 UTC;0.0;995.1;995.1;994.6;835.0;27.1;22.3;27.2;25.3;23.1;22.0;87.0;75.0;75.0;159.0;2.8;0.9
2023/08/29;1400 UTC;0.0;994.9;995.3;994.9;1289.4;28.8;22.9;28.8;27.1;22.9;22.0;75.0;69.0;71.0;67.0;3.4;1.5
2023/08/29;1500 UTC;0.0;993.9;994.9;993.9;1881.8;31.8;22.7;31.8;28.7;23.0;22.0;71.0;58.0;59.0;50.0;3.4;1.5
2023/08/29;1600 UTC;0.0;992.3;993.8;992.3;2467.1;34.6;21.1;34.6;31.5;22.5;21.0;59.0;45.0;45.0;103.0;3.5;1.4
2023/08/29;1700 UTC;0.0;991.1;992.3;991.1;3013.5;35.1;20.8;35.5;34.2;21.2;20.1;46.0;42.0;43.0;57.0;4.5;1.9
2023/08/29;1800 UTC;0.0;990.2;991.1;990.1;2577.2;33.0;22.4;35.7;33.0;22.9;20.5;55.0;42.0;54.0;16.0;10.1;4.0
2023/08/29;1900 UTC;0.0;990.9;990.9;990.0;1966.9;30.5;23.0;33.3;30.2;23.5;22.3;65.0;54.0;64.0;44.0;10.1;2.6
2023/08/29;2000 UTC;0.0;990.8;990.9;990.4;598.9;28.5;23.2;30.8;28.4;23.4;22.6;73.0;64.0;73.0;1.0;6.1;1.4
2023/08/29;2100 UTC;0.0;992.0;992.0;990.8;78.1;28.5;22.4;29.0;28.3;23.6;22.4;75.0;69.0;69.0;269.0;5.9;3.2
2023/08/29;2200 UTC;0.0;992.7;992.7;992.0;;26.4;21.7;28.5;26.4;22.4;20.9;75.0;67.0;75.0;156.0;5.9;0.9
2023/08/29;2300 UTC;0.0;993.1;993.1;992.7;;25.8;22.4;26.4;25.7;22.6;21.7;83.0;75.0;81.0;82.0;2.9;1.2
2023/08/30;0000 UTC;0.0;993.3;993.3;993.0;;25.3;23.1;25.9;25.2;23.2;22.4;88.0;81.0;88.0;340.0;2.9;0.7
2023/08/30;0100 UTC;0.0;993.8;993.8;993.3;;25.6;22.7;25.6;24.9;23.4;22.7;91.0;84.0;84.0;80.0;2.9;1.5
2023/08/30;0200 UTC;0.0;994.1;994.1;993.8;;25.7;21.3;25.7;25.6;22.7;21.3;84.0;77.0;77.0;12.0;2.9;0.8
2023/08/30;0300 UTC;0.0;993.9;994.2;993.9;;25.1;22.0;25.9;25.0;22.1;21.3;84.0;76.0;83.0;273.0;1.7;0.5
2023/08/30;0400 UTC;0.0;993.8;993.9;993.5;;25.4;22.8;25.7;25.1;22.8;21.9;86.0;80.0;86.0;245.0;3.0;1.5
2023/08/30;0500 UTC;0.0;992.6;993.8;992.6;;24.4;22.6;25.4;24.4;23.1;22.6;90.0;86.0;90.0;64.0;3.5;0.6
2023/08/30;0600 UTC;0.0;991.6;992.6;991.6;;23.9;22.5;24.4;23.8;22.8;22.5;94.0;90.0;92.0;102.0;2.0;0.5
2023/08/30;0700 UTC;0.0;991.2;991.6;991.1;;23.9;22.9;23.9;23.4;22.9;22.4;96.0;92.0;94.0;45.0;2.3;0.6
2023/08/30;0800 UTC;0.0;991.1;991.2;990.9;;24.1;23.0;24.1;23.7;23.1;22.7;95.0;94.0;94.0;171.0;2.1;0.6
2023/08/30;0900 UTC;0.0;991.6;991.6;991.1;;23.5;22.8;24.2;23.5;23.0;22.8;96.0;93.0;96.0;144.0;2.0;0.7
2023/08/30;1000 UTC;0.0;992.3;992.3;991.5;35.4;23.7;23.1;23.7;23.4;23.1;22.8;97.0;96.0;96.0;56.0;1.3;0.3
2023/08/30;1100 UTC;0.0;993.3;993.3;992.3;188.3;24.6;23.4;24.6;23.7;23.5;23.1;96.0;93.0;93.0;335.0;1.5;0.9
2023/08/30;1200 UTC;0.0;994.1;994.1;993.3;602.8;26.4;23.7;26.4;24.5;23.7;23.3;94.0;85.0;85.0;33.0;1.7;0.6
2023/08/30;1300 UTC;0.0;994.8;994.8;994.1;697.6;27.7;23.7;27.7;26.4;23.9;23.3;86.0;79.0;79.0;132.0;2.2;0.7
2023/08/30;1400 UTC;0.0;994.7;994.9;994.7;801.8;27.2;24.9;27.7;26.9;25.1;23.5;87.0;79.0;87.0;172.0;2.4;1.5
2023/08/30;1500 UTC;0.0;994.2;994.7;994.2;1343.2;28.8;23.8;28.8;27.2;24.9;23.6;87.0;74.0;75.0;179.0;3.4;1.7
2023/08/30;1600 UTC;0.0;993.0;994.2;993.0;1525.7;29.8;23.9;30.0;28.8;24.3;23.2;75.0;70.0;71.0;49.0;3.5;1.1
2023/08/30;1700 UTC;0.0;991.2;993.0;991.2;1691.8;31.2;22.5;31.6;29.5;24.1;22.3;72.0;60.0;60.0;39.0;2.6;1.0
2023/08/30;1800 UTC;0.0;989.5;991.2;989.5;2678.9;33.1;21.5;33.5;31.2;22.9;21.1;60.0;49.0;51.0;75.0;3.4;1.5
2023/08/30;1900 UTC;0.0;989.0;989.5;989.0;1891.3;33.9;20.7;34.1;32.8;21.6;20.2;51.0;45.0;46.0;86.0;4.1;0.9
2023/08/30;2000 UTC;0.0;989.1;989.1;988.4;812.9;32.0;21.8;34.3;31.6;21.8;20.0;55.0;44.0;55.0;299.0;3.2;0.6
2023/08/30;2100 UTC;0.0;989.8;989.8;989.1;55.9;30.1;22.8;32.1;29.5;22.9;22.0;67.0;55.0;65.0;156.0;3.9;1.3
2023/08/30;2200 UTC;0.0;990.8;990.8;989.8;;27.0;23.0;30.1;26.9;23.3;22.7;80.0;65.0;79.0;168.0;2.7;0.9
2023/08/30;2300 UTC;0.0;991.7;991.7;990.7;;26.5;23.2;27.4;26.2;23.4;22.8;83.0;76.0;82.0;256.0;2.1;0.4
2023/08/31;0000 UTC;0.0;993.0;993.0;991.7;;27.5;22.7;27.5;25.7;23.4;22.7;87.0;75.0;75.0;130.0;4.3;1.9
2023/08/31;0100 UTC;0.0;993.1;993.6;993.0;;26.1;22.6;27.5;26.1;22.7;22.6;81.0;75.0;81.0;112.0;3.7;0.7
2023/08/31;0200 UTC;0.0;993.1;993.1;992.8;;25.0;22.7;26.1;24.8;22.9;22.6;89.0;81.0;87.0;323.0;2.7;0.8
2023/08/31;0300 UTC;0.0;993.2;993.2;993.0;;23.8;22.6;25.0;23.8;22.8;22.4;93.0;87.0;93.0;37.0;1.9;0.3
2023/08/31;0400 UTC;0.0;992.4;993.2;992.4;;23.9;22.6;24.6;23.8;22.8;22.5;93.0;89.0;92.0;133.0;2.0;0.8
2023/08/31;0500 UTC;0.0;991.7;992.5;991.7;;24.2;22.5;24.6;23.9;22.9;22.5;93.0;88.0;90.0;284.0;2.3;0.6
2023/08/31;0600 UTC;0.0;991.3;991.7;991.3;;23.5;22.5;24.2;23.5;22.7;22.4;95.0;90.0;95.0;52.0;1.0;0.3
2023/08/31;0700 UTC;0.0;991.8;991.9;991.3;;22.7;22.3;23.5;22.5;22.5;21.9;98.0;94.0;98.0;336.0;2.6;1.8
2023/08/31;0800 UTC;0.0;991.7;991.9;991.7;;22.0;21.8;22.8;22.0;22.4;21.7;99.0;97.0;99.0;19.0;2.6;0.4
2023/08/31;0900 UTC;0.0;992.0;992.0;991.5;;22.3;22.0;22.3;21.6;22.1;21.4;99.0;98.0;98.0;344.0;2.0;0.7
2023/08/31;1000 UTC;0.0;992.9;992.9;992.0;29.2;22.8;22.2;22.8;22.2;22.2;21.8;98.0;97.0;97.0;6.0;1.9;0.7
2023/08/31;1100 UTC;0.0;993.8;993.8;992.9;262.9;24.7;22.7;24.7;22.8;22.8;22.2;97.0;88.0;89.0;324.0;1.7;0.8
2023/08/31;1200 UTC;0.0;994.4;994.4;993.7;647.6;26.5;22.8;26.5;24.7;23.1;22.5;89.0;80.0;80.0;276.0;2.6;1.3
2023/08/31;1300 UTC;0.0;994.9;995.0;994.4;1429.2;29.3;23.4;29.3;26.5;23.5;22.8;80.0;70.0;70.0;194.0;3.3;1.5
2023/08/31;1400 UTC;0.0;994.8;995.0;994.8;1867.9;30.6;23.0;30.7;29.2;23.5;22.2;70.0;64.0;64.0;171.0;4.0;1.8
2023/08/31;1500 UTC;0.0;993.9;994.8;993.9;2744.7;32.7;22.8;32.7;30.0;23.5;21.6;66.0;56.0;56.0;96.0;4.6;1.7
2023/08/31;1600 UTC;0.0;992.8;993.9;992.8;3110.7;33.1;21.6;34.2;31.9;23.1;21.5;57.0;49.0;51.0;188.0;4.8;2.2
2023/08/31;1700 UTC;0.0;991.7;992.8;991.7;3083.4;34.6;21.4;35.3;33.1;22.2;20.5;52.0;44.0;46.0;203.0;5.4;2.1
2023/08/31;1800 UTC;0.0;990.1;991.7;990.1;2695.5;35.1;21.7;35.6;34.3;22.1;21.0;47.0;44.0;46.0;233.0;5.8;1.8
2023/08/31;1900 UTC;0.0;989.0;990.1;989.0;1900.9;34.6;21.9;35.5;34.4;22.3;20.9;48.0;45.0;48.0;169.0;6.0;2.9
2023/08/31;2000 UTC;0.0;989.1;989.1;988.9;936.9;34.0;21.5;35.1;33.9;22.3;21.1;50.0;46.0;48.0;148.0;5.4;1.4
2023/08/31;2100 UTC;0.0;989.7;989.7;989.0;69.3;29.5;23.1;34.0;29.5;23.4;21.1;69.0;48.0;69.0;324.0;2.7;0.6
2023/08/31;2200 UTC;0.0;990.2;990.2;989.7;0.0;28.4;23.4;29.5;28.1;24.1;22.9;78.0;68.0;74.0;320.0;2.6;0.9
2023/08/31;2300 UTC;0.0;991.0;991.0;990.2;;27.2;23.1;28.4;27.0;23.5;22.9;81.0;74.0;78.0;345.0;1.9;1.1
2023/09/01;0000 UTC;0.0;991.6;991.7;991.0;;26.8;23.2;27.5;26.3;23.2;23.0;83.0;77.0;80.0;299.0;2.1;0.9
2023/09/01;0100 UTC;0.0;992.2;992.2;991.6;;25.6;23.0;26.8;25.0;23.3;23.0;89.0;80.0;86.0;339.0;2.4;1.3
2023/09/01;0200 UTC;0.0;992.8;992.8;992.2;;26.0;22.5;26.2;25.2;23.0;22.5;87.0;81.0;81.0;313.0;3.4;1.3
2023/09/01;0300 UTC;0.0;992.9;993.1;992.8;;25.9;22.5;26.2;25.8;22.5;22.4;82.0;80.0;82.0;310.0;5.6;2.0
2023/09/01;0400 UTC;0.0;992.2;992.9;992.2;;24.9;22.7;25.9;24.7;22.7;22.4;88.0;82.0;87.0;346.0;4.2;1.2
2023/09/01;0500 UTC;0.0;991.3;992.3;991.3;;24.7;22.2;25.2;24.4;22.7;22.2;88.0;84.0;86.0;310.0;2.9;1.1
2023/09/01;0600 UTC;0.0;990.7;991.4;990.6;;23.8;22.2;24.7;23.8;22.2;22.0;91.0;86.0;91.0;11.0;2.9;0.6
2023/09/01;0700 UTC;0.0;990.4;990.8;990.4;;22.9;22.1;23.8;22.9;22.3;22.0;95.0;91.0;95.0;33.0;1.3;0.7
2023/09/01;0800 UTC;0.0;990.7;990.7;990.4;;22.7;22.0;23.1;22.7;22.1;21.8;96.0;94.0;96.0;64.0;1.5;1.1
2023/09/01;0900 UTC;0.0;991.2;991.2;990.7;;23.2;22.2;23.3;22.7;22.2;22.0;96.0;93.0;94.0;360.0;3.0;1.2
2023/09/01;1000 UTC;0.0;992.1;992.1;991.2;53.3;23.3;22.2;23.3;23.1;22.2;22.1;94.0;94.0;94.0;14.0;3.1;1.3
2023/09/01;1100 UTC;0.0;992.6;992.7;992.1;395.6;24.4;21.8;24.5;23.3;22.2;21.7;94.0;85.0;85.0;356.0;4.0;1.2
2023/09/01;1200 UTC;0.0;993.4;993.4;992.6;1164.0;27.4;22.5;27.4;24.4;22.5;21.7;85.0;74.0;74.0;356.0;3.2;1.4
2023/09/01;1300 UTC;0.0;995.0;995.0;993.4;1483.4;28.3;22.0;29.1;27.1;22.6;21.8;74.0;66.0;69.0;58.0;4.8;2.2
2023/09/01;1400 UTC;0.0;995.2;995.3;995.0;1342.5;28.6;22.8;29.4;28.3;23.1;21.4;71.0;63.0;71.0;41.0;6.6;2.7
2023/09/01;1500 UTC;0.0;994.7;995.2;994.7;1038.4;26.5;24.1;29.2;26.3;24.7;22.9;90.0;70.0;86.0;75.0;6.5;2.5
2023/09/01;1600 UTC;0.0;993.5;994.7;993.5;1830.3;28.7;22.8;28.9;26.2;24.1;22.6;87.0;70.0;71.0;48.0;6.0;1.9
2023/09/01;1700 UTC;0.0;991.9;993.5;991.9;2599.8;30.0;22.1;30.5;27.7;23.1;21.7;72.0;62.0;63.0;330.0;5.2;2.0
2023/09/01;1800 UTC;0.0;990.6;991.9;990.6;2543.7;31.3;22.3;31.7;29.7;23.5;22.0;65.0;59.0;59.0;275.0;5.4;2.1
2023/09/01;1900 UTC;0.0;989.8;990.6;989.8;1809.4;31.3;22.2;32.5;31.0;22.7;21.5;59.0;55.0;59.0;199.0;5.2;1.5
2023/09/01;2000 UTC;0.0;989.5;989.8;989.5;871.6;31.1;21.9;31.8;31.0;22.3;21.6;59.0;57.0;58.0;224.0;3.3;1.3
2023/09/01;2100 UTC;0.0;989.9;989.9;989.5;162.6;28.6;23.2;31.1;28.6;23.4;21.8;73.0;58.0;73.0;340.0;2.6;0.6
2023/09/01;2200 UTC;0.0;990.2;990.2;989.7;2.0;26.2;23.1;28.6;26.2;23.4;23.0;84.0;73.0;83.0;110.0;1.3;0.5
2023/09/01;2300 UTC;0.0;991.5;991.5;990.2;;25.9;23.4;26.5;25.4;23.4;22.9;87.0;81.0;86.0;304.0;1.0;0.3
2023/09/02;0000 UTC;0.0;992.0;992.0;991.5;;25.3;23.3;26.6;25.3;23.7;23.1;89.0;81.0;89.0;343.0;2.1;0.8
2023/09/02;0100 UTC;0.0;991.8;992.3;991.8;;25.8;23.4;26.3;25.3;23.5;23.2;89.0;85.0;87.0;290.0;2.0;0.5
2023/09/02;0200 UTC;0.0;992.3;992.4;991.8;;25.3;22.8;25.9;25.2;23.4;22.7;89.0;84.0;86.0;146.0;2.2;0.2
2023/09/02;0300 UTC;0.0;992.2;992.4;992.2;;23.8;22.6;25.3;23.7;22.9;22.4;93.0;86.0;93.0;175.0;1.5;0.3
2023/09/02;0400 UTC;0.0;991.4;992.2;991.4;;23.0;22.3;23.9;22.9;22.7;22.1;97.0;92.0;96.0;322.0;1.5;0.9
2023/09/02;0500 UTC;0.0;991.0;991.4;991.0;;22.9;22.2;23.0;22.7;22.5;22.0;98.0;96.0;96.0;172.0;1.4;0.4
2023/09/02;0600 UTC;0.0;990.6;991.0;990.6;;22.8;22.4;23.0;22.8;22.4;22.2;97.0;95.0;97.0;9.0;1.7;0.6
2023/09/02;0700 UTC;0.0;991.0;991.0;990.5;;22.9;22.5;23.1;22.8;22.6;22.3;98.0;96.0;98.0;84.0;1.3;0.8
2023/09/02;0800 UTC;0.0;991.2;991.3;990.9;;22.5;22.3;23.1;22.5;22.7;22.3;99.0;97.0;99.0;111.0;1.3;0.4
2023/09/02;0900 UTC;0.0;991.9;991.9;991.2;;22.2;22.0;22.5;22.0;22.3;21.8;99.0;98.0;99.0;112.0;1.4;0.3
2023/09/02;1000 UTC;0.0;992.7;992.7;991.9;45.9;23.0;22.6;23.0;22.2;22.7;22.0;99.0;98.0;98.0;174.0;1.5;0.7
2023/09/02;1100 UTC;0.0;993.5;993.5;992.7;229.8;24.6;23.3;24.6;23.0;23.3;22.7;98.0;92.0;92.0;116.0;2.3;1.2
2023/09/02;1200 UTC;0.0;993.9;994.0;993.5;809.5;26.9;23.2;27.0;24.6;23.7;23.0;92.0;79.0;80.0;154.0;3.8;2.3
2023/09/02;1300 UTC;0.0;993.9;994.0;993.9;1809.4;30.2;22.3;30.3;26.9;23.5;22.3;80.0;62.0;62.0;164.0;4.5;1.5
2023/09/02;1400 UTC;0.0;993.7;994.0;993.6;2383.2;31.6;22.7;31.7;30.2;22.9;22.1;63.0;58.0;59.0;149.0;4.8;1.7
2023/09/02;1500 UTC;0.0;993.1;993.8;993.1;1288.0;30.2;23.1;32.4;30.1;23.1;22.3;66.0;57.0;66.0;146.0;6.0;3.5
2023/09/02;1600 UTC;1.2;991.9;993.2;991.9;2732.8;29.7;22.5;30.2;27.3;23.8;22.1;79.0;64.0;65.0;147.0;8.9;4.3
2023/09/02;1700 UTC;0.0;990.7;991.9;990.7;3109.2;32.3;22.4;32.3;29.7;23.3;21.6;65.0;55.0;56.0;128.0;8.8;3.4
2023/09/02;1800 UTC;0.0;990.5;990.7;990.2;2518.0;30.7;20.9;34.3;30.7;22.6;20.8;57.0;48.0;56.0;120.0;9.6;4.9
2023/09/02;1900 UTC;0.0;990.2;990.6;990.1;1785.9;29.9;21.7;32.0;29.7;21.7;20.1;61.0;51.0;61.0;123.0;9.6;3.2
2023/09/02;2000 UTC;0.0;990.1;990.3;990.0;798.8;29.4;21.8;30.0;29.4;21.8;21.3;64.0;61.0;64.0;107.0;6.8;3.0
2023/09/02;2100 UTC;0.0;990.3;990.4;990.0;289.9;28.2;22.6;30.1;28.2;22.8;21.8;72.0;62.0;72.0;101.0;4.9;0.6
2023/09/02;2200 UTC;0.0;990.5;990.5;990.3;;26.0;22.9;28.2;26.0;23.1;22.4;83.0;71.0;83.0;346.0;1.6;0.8
2023/09/02;2300 UTC;0.0;991.0;991.0;990.5;;25.0;22.8;26.2;25.0;23.0;22.7;88.0;82.0;88.0;160.0;1.9;0.3
2023/09/03;0000 UTC;0.0;992.0;992.0;991.0;;24.3;22.4;25.1;24.3;22.8;22.3;90.0;86.0;89.0;272.0;1.4;0.6
2023/09/03;0100 UTC;0.0;992.4;992.4;991.9;;23.7;22.1;24.7;23.6;22.6;21.9;91.0;86.0;91.0;326.0;1.9;1.1
2023/09/03;0200 UTC;0.0;992.2;992.4;992.2;;23.2;21.7;23.7;23.2;22.1;21.7;91.0;90.0;91.0;320.0;2.0;1.3
2023/09/03;0300 UTC;0.0;992.0;992.2;992.0;;22.1;21.5;23.2;22.0;21.8;21.4;97.0;91.0;97.0;294.0;2.0;0.3
2023/09/03;0400 UTC;0.0;991.0;992.0;991.0;;21.5;21.2;22.1;21.4;21.5;21.0;98.0;96.0;98.0;251.0;1.0;0.3
2023/09/03;0500 UTC;0.0;990.3;991.0;990.3;;20.9;20.8;21.5;20.9;21.3;20.6;99.0;98.0;99.0;111.0;0.7;0.2
2023/09/03;0600 UTC;0.0;990.1;990.3;990.1;;20.5;20.4;21.0;20.5;20.8;20.4;99.0;98.0;99.0;99.0;0.7;0.3
2023/09/03;0700 UTC;0.0;990.2;990.2;990.0;;20.1;20.0;20.6;20.0;20.5;19.9;100.0;99.0;99.0;116.0;0.7;0.2
2023/09/03;0800 UTC;0.0;990.5;990.5;990.2;;19.8;19.7;20.2;19.7;20.1;19.6;100.0;99.0;99.0;102.0;0.4;0.3
2023/09/03;0900 UTC;0.0;991.2;991.2;990.5;;19.4;19.3;19.8;19.4;19.7;19.3;100.0;99.0;99.0;109.0;0.5;0.3
2023/09/03;1000 UTC;0.0;991.9;991.9;991.2;48.7;19.8;19.8;19.8;19.2;19.8;19.1;100.0;99.0;100.0;294.0;0.6;0.3
2023/09/03;1100 UTC;0.0;992.9;992.9;991.9;599.3;24.7;22.1;24.8;19.8;22.6;19.9;100.0;85.0;85.0;87.0;2.0;1.1
2023/09/03;1200 UTC;0.0;993.5;993.5;992.9;1308.6;27.4;22.7;27.7;24.7;23.0;22.1;87.0;73.0;76.0;119.0;3.3;1.1
2023/09/03;1300 UTC;0.0;993.7;993.7;993.5;1901.6;29.6;22.9;30.3;27.4;23.5;22.7;76.0;65.0;67.0;127.0;3.8;1.9
2023/09/03;1400 UTC;0.0;993.2;993.7;993.2;2600.8;32.7;22.7;32.7;29.6;23.2;21.6;67.0;54.0;56.0;121.0;4.4;2.0
2023/09/03;1500 UTC;0.0;992.7;993.3;992.6;3144.0;33.9;21.8;34.1;32.0;22.9;21.0;57.0;48.0;50.0;119.0;4.9;2.1
2023/09/03;1600 UTC;0.0;991.6;992.7;991.6;3208.9;35.2;20.2;35.4;33.5;21.8;19.6;50.0;40.0;42.0;128.0;5.6;2.0
2023/09/03;1700 UTC;0.0;990.4;991.6;990.4;2449.1;35.7;18.7;36.0;34.6;20.5;18.7;43.0;37.0;37.0;98.0;6.5;2.9
2023/09/03;1800 UTC;0.0;989.6;990.4;989.6;2560.9;36.8;19.3;37.8;34.9;19.6;18.3;39.0;34.0;36.0;286.0;6.5;1.2
2023/09/03;1900 UTC;0.0;989.0;989.6;989.0;870.7;35.3;19.3;37.5;35.1;19.6;18.2;39.0;35.0;39.0;105.0;4.0;1.3
2023/09/03;2000 UTC;0.0;989.1;989.1;989.0;444.7;32.0;21.4;36.0;32.0;21.8;18.1;55.0;35.0;54.0;6.0;2.8;0.6
2023/09/03;2100 UTC;0.0;989.2;989.2;989.1;312.0;30.7;22.0;34.1;30.6;22.8;19.3;62.0;41.0;60.0;141.0;3.1;0.3
2023/09/03;2200 UTC;0.0;989.9;989.9;989.2;3.3;27.3;21.6;30.7;27.3;22.2;20.9;71.0;58.0;71.0;276.0;1.4;0.3
2023/09/03;2300 UTC;0.0;990.5;990.5;989.9;;26.2;22.0;27.3;26.2;22.0;21.5;78.0;71.0;78.0;185.0;0.9;0.6
2023/09/04;0000 UTC;0.0;991.0;991.0;990.5;;25.0;21.9;26.4;24.9;22.3;21.6;83.0;77.0;83.0;324.0;1.2;0.6
2023/09/04;0100 UTC;0.0;991.5;991.5;991.0;;23.9;21.8;25.3;23.8;22.6;21.6;88.0;83.0;88.0;332.0;2.1;0.7
2023/09/04;0200 UTC;0.0;991.7;991.7;991.5;;23.5;21.8;24.1;23.3;22.0;21.6;91.0;88.0;90.0;276.0;1.0;0.3
2023/09/04;0300 UTC;0.0;991.4;991.7;991.4;;22.6;21.4;23.5;22.6;22.0;21.2;93.0;90.0;93.0;285.0;0.7;0.2
2023/09/04;0400 UTC;0.0;991.0;991.5;991.0;;22.2;21.1;22.6;22.2;21.5;21.0;94.0;92.0;94.0;190.0;0.5;0.3
2023/09/04;0500 UTC;0.0;990.4;991.0;990.4;;21.7;20.8;22.2;21.7;21.1;20.8;95.0;92.0;95.0;330.0;0.7;0.4
2023/09/04;0600 UTC;0.0;990.1;990.4;990.1;;21.1;20.5;21.7;21.1;20.8;20.5;97.0;95.0;97.0;340.0;0.7;0.3
2023/09/04;0700 UTC;0.0;990.3;990.3;990.1;;20.7;20.0;21.1;20.7;20.5;20.0;97.0;96.0;96.0;169.0;0.5;0.4
2023/09/04;0800 UTC;0.0;990.4;990.4;990.3;;20.3;19.7;20.7;20.3;20.1;19.7;97.0;96.0;96.0;140.0;0.6;0.4
2023/09/04;0900 UTC;0.0;991.1;991.1;990.4;;19.9;19.6;20.3;19.8;19.7;19.4;98.0;96.0;98.0;344.0;1.4;0.8
2023/09/04;1000 UTC;0.0;991.8;991.8;991.1;51.4;20.5;20.1;20.5;19.8;20.2;19.5;99.0;98.0;98.0;299.0;1.4;0.2
2023/09/04;1100 UTC;0.0;992.7;992.7;991.8;584.1;26.9;21.6;26.9;20.5;21.9;20.1;98.0;73.0;73.0;103.0;1.3;0.6
2023/09/04;1200 UTC;0.0;993.5;993.5;992.7;1282.7;30.4;22.2;30.6;26.9;22.2;21.1;73.0;58.0;62.0;50.0;1.8;0.7
2023/09/04;1300 UTC;0.0;993.8;993.8;993.5;1856.7;33.1;21.9;33.1;29.8;22.7;21.3;62.0;52.0;52.0;52.0;2.8;1.1
2023/09/04;1400 UTC;0.0;993.5;993.9;993.5;2560.3;34.5;19.5;34.8;32.9;22.1;19.1;52.0;41.0;41.0;308.0;4.6;2.3
2023/09/04;1500 UTC;0.0;992.6;993.5;992.6;3070.9;35.5;18.9;36.0;34.3;20.1;18.9;43.0;38.0;38.0;340.0;4.6;1.3
2023/09/04;1600 UTC;0.0;991.6;992.6;991.6;3240.4;36.7;18.5;37.3;35.2;19.4;17.1;38.0;31.0;34.0;86.0;4.8;2.0
2023/09/04;1700 UTC;0.0;990.5;991.6;990.5;3051.6;37.0;18.8;37.9;36.1;19.1;17.7;36.0;32.0;35.0;146.0;5.5;2.2
2023/09/04;1800 UTC;0.0;990.0;990.5;990.0;1902.2;37.2;18.5;37.5;35.5;19.6;18.2;38.0;34.0;34.0;358.0;4.6;1.2
2023/09/04;1900 UTC;0.0;989.7;990.0;989.7;1642.2;36.8;18.3;37.3;36.1;19.5;18.0;37.0;33.0;34.0;32.0;3.7;1.7
2023/09/04;2000 UTC;0.0;989.8;989.8;989.7;1055.6;36.9;18.4;37.4;36.6;19.3;18.1;36.0;33.0;34.0;72.0;4.2;1.0
2023/09/04;2100 UTC;0.0;990.3;990.3;989.8;328.8;32.3;21.3;36.9;32.3;21.3;18.0;52.0;34.0;52.0;335.0;2.4;0.4
2023/09/04;2200 UTC;0.0;990.6;990.6;990.3;1.5;28.5;21.3;32.3;28.5;22.2;20.8;65.0;52.0;65.0;191.0;0.9;0.2
2023/09/04;2300 UTC;0.0;991.0;991.0;990.6;;26.7;21.5;28.5;26.7;22.0;21.3;73.0;65.0;73.0;316.0;2.1;0.5
2023/09/05;0000 UTC;0.0;991.5;991.5;991.0;;25.4;21.1;26.7;25.4;21.9;21.1;77.0;73.0;77.0;142.0;1.0;0.7
2023/09/05;0100 UTC;0.0;991.8;991.8;991.5;;24.5;21.5;25.7;24.5;21.7;20.9;84.0;76.0;83.0;156.0;2.3;0.2
2023/09/05;0200 UTC;0.0;991.7;991.8;991.7;;23.7;21.3;24.4;23.7;21.6;21.0;86.0;82.0;86.0;307.0;0.5;0.4
2023/09/05;0300 UTC;0.0;991.6;991.8;991.6;;23.3;21.2;23.8;23.3;21.5;20.9;89.0;86.0;88.0;148.0;1.3;0.4
2023/09/05;0400 UTC;0.0;991.3;991.7;991.3;;22.4;20.9;23.6;22.4;21.5;20.8;91.0;86.0;91.0;305.0;1.8;0.4
2023/09/05;0500 UTC;0.0;990.7;991.3;990.7;;22.1;20.5;22.6;22.1;21.1;20.5;92.0;90.0;91.0;167.0;1.5;0.6
2023/09/05;0600 UTC;0.0;990.3;990.7;990.3;;21.5;20.4;22.1;21.5;20.6;20.4;94.0;91.0;94.0;99.0;0.8;0.2
2023/09/05;0700 UTC;0.0;990.5;990.5;990.3;;20.8;19.9;21.5;20.7;20.5;19.9;96.0;94.0;95.0;152.0;0.8;0.5
2023/09/05;0800 UTC;0.0;990.8;990.8;990.5;;20.6;19.9;21.0;20.5;20.1;19.7;96.0;94.0;96.0;233.0;0.9;0.2
2023/09/05;0900 UTC;0.0;991.4;991.4;990.8;;21.1;19.9;21.2;20.1;20.2;19.4;97.0;93.0;93.0;292.0;1.0;0.6
2023/09/05;1000 UTC;0.0;992.0;992.0;991.4;48.9;20.8;20.2;21.1;20.3;20.3;19.4;97.0;93.0;96.0;318.0;1.0;0.4
2023/09/05;1100 UTC;0.0;992.8;992.8;992.0;570.1;27.3;21.6;27.3;20.8;21.7;20.2;96.0;71.0;71.0;86.0;1.3;0.7
2023/09/05;1200 UTC;0.0;993.5;993.5;992.8;1277.6;30.6;21.9;30.6;27.3;22.4;21.1;71.0;59.0;60.0;57.0;2.0;1.0
2023/09/05;1300 UTC;0.0;993.8;993.8;993.5;1856.5;33.8;21.2;34.1;30.6;22.8;21.2;61.0;48.0;48.0;342.0;2.9;1.1
2023/09/05;1400 UTC;0.0;993.4;993.8;993.4;2541.6;35.6;19.2;36.2;33.7;22.0;19.1;50.0;37.0;38.0;124.0;3.3;1.4
2023/09/05;1500 UTC;0.0;992.5;993.4;992.5;3043.6;36.8;18.6;37.8;35.5;19.7;18.3;39.0;33.0;35.0;54.0;5.0;2.5
2023/09/05;1600 UTC;0.0;991.6;992.5;991.6;2815.6;38.5;19.8;38.5;36.5;20.0;17.8;37.0;32.0;34.0;34.0;5.9;2.1
2023/09/05;1700 UTC;0.0;990.5;991.6;990.5;2407.6;37.8;17.9;38.5;36.7;19.2;17.1;35.0;29.0;31.0;112.0;5.5;2.0
2023/09/05;1800 UTC;0.0;989.6;990.5;989.6;2485.1;38.1;16.6;39.2;37.6;18.1;15.2;32.0;26.0;28.0;116.0;6.3;2.7
2023/09/05;1900 UTC;0.0;989.3;989.6;989.3;1741.0;38.9;;39.0;37.5;18.1;16.3;31.0;27.0;;47.0;5.0;1.0
2023/09/05;2000 UTC;0.0;989.5;989.5;989.2;878.6;36.2;19.2;38.9;36.2;19.5;16.3;37.0;27.0;37.0;135.0;5.0;1.2
2023/09/05;2100 UTC;0.0;989.6;989.6;989.5;263.1;32.6;21.6;36.2;32.6;22.5;19.1;53.0;37.0;52.0;122.0;2.2;0.5
2023/09/05;2200 UTC;0.0;990.1;990.1;989.6;3.9;28.8;21.7;32.6;28.8;22.0;20.9;66.0;52.0;66.0;36.0;1.9;0.8
2023/09/05;2300 UTC;0.0;990.5;990.5;990.1;;27.7;22.0;28.9;27.7;22.3;21.6;71.0;66.0;71.0;278.0;1.9;0.4
2023/09/06;0000 UTC;0.0;991.1;991.1;990.5;;25.8;21.5;27.7;25.8;22.1;21.4;78.0;71.0;77.0;130.0;0.8;0.3
2023/09/06;0100 UTC;0.0;991.3;991.3;991.1;;24.6;21.2;25.8;24.6;21.8;21.2;82.0;77.0;81.0;4.0;0.9;0.3
2023/09/06;0200 UTC;0.0;991.5;991.5;991.3;;24.0;21.8;24.8;24.0;21.8;21.2;88.0;80.0;88.0;288.0;1.3;0.3
2023/09/06;0300 UTC;0.0;991.3;991.5;991.3;;23.5;21.3;24.0;23.4;21.8;21.1;88.0;87.0;88.0;300.0;0.9;0.3
2023/09/06;0400 UTC;0.0;991.0;991.3;991.0;;22.7;20.6;23.4;22.6;21.3;20.5;89.0;86.0;88.0;193.0;1.1;0.3
2023/09/06;0500 UTC;0.0;990.8;991.0;990.6;;24.2;20.1;24.5;22.7;20.6;20.1;88.0;77.0;78.0;186.0;5.5;0.8
2023/09/06;0600 UTC;0.0;990.7;990.9;990.4;;24.8;20.3;24.8;22.6;20.8;20.1;89.0;76.0;76.0;92.0;5.9;2.5
2023/09/06;0700 UTC;0.0;990.4;990.9;990.4;;22.8;20.6;24.9;22.7;20.7;20.2;88.0;75.0;87.0;344.0;5.9;0.8
2023/09/06;0800 UTC;0.0;990.2;990.4;990.1;;21.7;20.5;22.8;21.7;20.8;20.4;93.0;87.0;93.0;331.0;2.2;0.9
2023/09/06;0900 UTC;0.0;990.8;990.8;990.1;;21.1;20.1;21.9;21.1;20.6;20.0;95.0;92.0;94.0;3.0;1.6;0.4
2023/09/06;1000 UTC;0.0;991.3;991.3;990.8;42.8;22.2;20.9;22.2;21.0;20.9;20.1;95.0;92.0;92.0;1.0;1.6;0.5
2023/09/06;1100 UTC;0.0;992.1;992.2;991.3;309.7;25.5;20.4;25.5;22.2;21.2;20.3;92.0;73.0;73.0;238.0;4.8;1.0
2023/09/06;1200 UTC;0.0;992.4;992.4;992.1;1191.8;29.0;21.2;29.4;25.5;21.3;20.0;73.0;61.0;63.0;198.0;2.9;1.6
2023/09/06;1300 UTC;0.0;992.8;993.0;992.4;1571.8;33.1;21.4;33.2;28.5;22.0;20.6;64.0;50.0;50.0;46.0;3.2;1.1
2023/09/06;1400 UTC;0.0;992.4;993.0;992.4;1391.2;33.3;18.4;33.3;31.6;21.6;17.9;52.0;41.0;41.0;354.0;3.7;1.6
2023/09/06;1500 UTC;0.0;991.5;992.4;991.5;3093.3;36.8;17.8;36.8;33.4;18.2;16.3;41.0;31.0;33.0;352.0;6.7;1.6
2023/09/06;1600 UTC;0.0;990.2;991.5;990.2;3223.0;36.4;17.1;37.1;35.8;17.8;16.9;34.0;31.0;32.0;23.0;6.3;2.4
2023/09/06;1700 UTC;0.0;988.9;990.2;988.9;3046.2;37.6;16.9;38.2;36.3;17.8;16.6;33.0;29.0;30.0;290.0;6.3;1.9
2023/09/06;1800 UTC;0.0;988.1;988.9;988.1;2320.1;37.6;17.2;38.1;36.7;18.0;16.0;33.0;28.0;30.0;6.0;4.6;1.6
2023/09/06;1900 UTC;0.0;987.7;988.1;987.6;1659.9;37.4;;38.1;36.9;17.6;16.6;32.0;29.0;;134.0;5.3;2.1
2023/09/06;2000 UTC;0.0;987.7;987.7;987.6;1045.2;36.9;17.9;38.0;36.9;17.9;16.4;33.0;29.0;33.0;99.0;5.5;1.7
2023/09/06;2100 UTC;0.0;988.1;988.1;987.7;261.3;32.1;21.0;37.0;32.1;21.4;18.2;52.0;33.0;52.0;46.0;3.2;0.7
2023/09/06;2200 UTC;0.0;988.6;988.6;988.1;1.6;30.7;21.1;32.1;29.7;21.5;20.0;61.0;50.0;56.0;201.0;2.3;0.6
2023/09/06;2300 UTC;0.0;989.2;989.2;988.6;;28.6;20.5;31.0;28.5;21.1;20.1;63.0;54.0;62.0;240.0;2.9;0.6
2023/09/07;0000 UTC;0.0;989.6;989.6;989.2;;25.6;20.9;28.6;25.6;21.0;20.2;75.0;61.0;75.0;331.0;1.8;0.3
2023/09/07;0100 UTC;0.0;990.2;990.2;989.6;;24.8;20.9;25.6;24.7;21.1;20.8;80.0;75.0;79.0;246.0;1.4;0.2
2023/09/07;0200 UTC;0.0;990.4;990.5;990.2;;25.0;21.1;25.1;24.5;21.2;20.7;80.0;78.0;79.0;180.0;0.6;0.3
2023/09/07;0300 UTC;0.0;990.8;990.9;990.3;;26.1;20.8;27.0;24.7;21.6;20.5;83.0;68.0;73.0;44.0;5.5;0.4
2023/09/07;0400 UTC;0.0;991.0;991.1;990.0;;26.4;21.0;27.6;25.7;21.4;20.4;77.0;66.0;73.0;113.0;7.4;2.8
2023/09/07;0500 UTC;0.0;989.9;991.0;989.9;;25.7;20.8;26.5;24.0;22.6;20.7;91.0;72.0;74.0;357.0;7.4;1.2
2023/09/07;0600 UTC;0.0;989.2;989.9;989.2;;24.8;21.1;26.4;24.4;22.3;19.1;88.0;64.0;80.0;161.0;3.3;0.9
2023/09/07;0700 UTC;0.0;989.6;989.6;989.2;;25.6;20.5;26.0;24.8;21.8;20.3;83.0;71.0;74.0;135.0;3.7;1.0
2023/09/07;0800 UTC;0.0;990.3;990.4;989.6;;24.3;21.0;25.6;24.2;21.4;20.3;84.0;72.0;82.0;61.0;2.8;0.4
2023/09/07;0900 UTC;0.0;990.8;990.8;990.2;;22.5;20.4;24.3;22.5;21.2;20.1;89.0;81.0;88.0;98.0;2.7;1.0
2023/09/07;1000 UTC;0.0;991.5;991.5;990.8;47.1;22.7;20.1;22.7;21.7;20.8;20.1;92.0;86.0;86.0;73.0;2.0;1.0
2023/09/07;1100 UTC;0.0;992.3;992.3;991.5;661.8;28.0;18.5;28.0;22.7;20.8;18.4;86.0;56.0;56.0;105.0;5.1;2.4
2023/09/07;1200 UTC;0.0;993.0;993.0;992.3;1370.8;30.9;15.4;31.0;28.0;18.6;15.4;56.0;39.0;39.0;91.0;8.0;3.5
2023/09/07;1300 UTC;0.0;993.2;993.2;993.0;1996.5;33.2;14.6;33.3;30.9;16.4;14.2;40.0;33.0;33.0;50.0;10.2;4.8
2023/09/07;1400 UTC;0.0;993.0;993.3;993.0;2752.2;33.6;14.8;34.2;32.8;15.4;14.0;34.0;31.0;32.0;56.0;10.7;4.1
2023/09/07;1500 UTC;0.0;992.3;993.0;992.3;3268.6;34.4;14.5;35.0;33.6;15.6;14.2;33.0;30.0;30.0;57.0;10.7;4.1
2023/09/07;1600 UTC;0.0;991.2;992.3;991.2;3397.6;36.0;15.1;36.0;34.4;15.3;14.2;30.0;28.0;29.0;72.0;9.2;3.1
2023/09/07;1700 UTC;0.0;990.0;991.2;990.0;3237.0;36.0;14.6;37.1;35.4;15.5;14.3;30.0;27.0;28.0;55.0;8.1;2.7
2023/09/07;1800 UTC;0.0;989.1;990.0;989.1;2659.6;36.9;14.9;36.9;35.5;15.4;14.1;29.0;27.0;27.0;59.0;7.4;2.0
2023/09/07;1900 UTC;0.0;988.8;989.1;988.8;1714.0;35.7;15.1;37.1;35.5;15.6;14.4;30.0;27.0;29.0;57.0;6.0;2.0
2023/09/07;2000 UTC;0.0;989.0;989.1;988.8;1165.4;35.6;15.4;36.4;35.5;15.4;14.6;30.0;28.0;30.0;51.0;6.0;1.9
2023/09/07;2100 UTC;0.0;989.5;989.5;989.0;376.0;32.0;17.4;35.7;32.0;17.4;15.0;42.0;29.0;42.0;18.0;4.2;0.9
2023/09/07;2200 UTC;0.0;989.8;989.8;989.5;;27.8;18.3;32.0;27.8;18.6;16.9;57.0;42.0;56.0;22.0;2.0;0.4
2023/09/07;2300 UTC;0.0;990.2;990.2;989.8;;25.8;18.1;27.8;25.6;18.6;17.7;65.0;56.0;63.0;342.0;2.3;0.8
2023/09/08;0000 UTC;0.0;990.8;990.8;990.3;;24.1;18.1;25.8;23.9;18.7;17.9;72.0;62.0;69.0;295.0;1.6;0.2
2023/09/08;0100 UTC;0.0;991.0;991.0;990.8;;23.0;18.1;24.1;23.0;18.5;17.9;75.0;69.0;74.0;192.0;0.5;0.2
2023/09/08;0200 UTC;0.0;991.5;991.5;990.9;;22.7;18.7;23.0;22.5;18.7;17.9;78.0;73.0;78.0;286.0;2.2;1.1
2023/09/08;0300 UTC;0.0;991.2;991.6;991.2;;22.1;18.5;24.0;22.1;18.7;17.9;80.0;70.0;80.0;112.0;2.9;0.3
2023/09/08;0400 UTC;0.0;990.5;991.2;990.5;;21.2;18.8;22.2;21.2;18.8;18.5;86.0;80.0;86.0;111.0;0.5;0.2
2023/09/08;0500 UTC;0.0;990.2;990.5;990.2;;20.5;18.5;21.2;20.5;18.7;18.3;89.0;85.0;89.0;112.0;0.7;0.3
2023/09/08;0600 UTC;0.0;989.8;990.2;989.7;;20.2;18.7;20.6;20.2;18.7;18.4;91.0;88.0;91.0;94.0;1.0;0.4
2023/09/08;0700 UTC;0.0;990.0;990.0;989.7;;20.3;18.9;20.3;20.0;19.0;18.6;93.0;91.0;92.0;200.0;0.6;0.2
2023/09/08;0800 UTC;0.0;990.3;990.3;990.0;;20.2;19.0;20.6;20.2;19.3;18.9;94.0;90.0;93.0;149.0;0.9;0.5
2023/09/08;0900 UTC;0.0;991.1;991.1;990.3;;21.4;19.8;21.4;20.2;19.8;18.9;93.0;90.0;91.0;146.0;2.5;0.4
2023/09/08;1000 UTC;0.0;991.8;991.8;991.1;44.5;21.6;20.0;21.9;21.3;20.0;19.7;92.0;88.0;90.0;146.0;1.3;1.0
2023/09/08;1100 UTC;0.0;992.7;992.7;991.8;561.4;25.2;20.3;25.2;21.6;20.3;19.8;90.0;75.0;75.0;125.0;3.8;1.8
2023/09/08;1200 UTC;0.0;993.5;993.5;992.7;1194.1;28.3;21.0;28.3;25.2;21.2;20.3;75.0;65.0;65.0;139.0;5.3;1.9
2023/09/08;1300 UTC;0.0;993.7;993.7;993.5;1984.0;31.2;20.2;31.8;28.3;21.6;20.0;65.0;51.0;52.0;120.0;5.4;2.8
2023/09/08;1400 UTC;0.0;993.3;993.7;993.2;2686.6;33.1;18.7;33.3;31.1;20.5;18.1;53.0;41.0;43.0;105.0;7.1;2.9
2023/09/08;1500 UTC;0.0;992.0;993.3;992.0;3232.4;34.9;17.6;34.9;32.8;18.8;17.3;44.0;36.0;36.0;76.0;6.9;2.7
2023/09/08;1600 UTC;0.0;991.1;992.0;991.1;3369.2;35.3;15.0;36.4;34.6;17.7;14.5;36.0;29.0;30.0;84.0;6.7;2.7
2023/09/08;1700 UTC;0.0;990.2;991.1;990.1;3227.1;36.5;15.5;36.9;35.3;15.8;14.6;30.0;27.0;29.0;15.0;8.4;3.7
2023/09/08;1800 UTC;0.0;989.4;990.2;989.4;1135.7;34.9;15.0;36.5;34.5;16.1;14.6;33.0;29.0;30.0;79.0;8.4;2.5
2023/09/08;1900 UTC;0.0;989.2;989.4;989.1;965.3;36.0;15.3;36.2;34.3;16.8;15.0;35.0;29.0;29.0;51.0;5.8;1.3
2023/09/08;2000 UTC;0.0;989.5;989.5;989.1;445.7;32.4;19.5;36.2;32.3;20.2;15.0;49.0;29.0;46.0;36.0;3.5;0.5
2023/09/08;2100 UTC;0.0;990.0;990.0;989.5;241.0;30.5;21.6;32.5;30.5;21.8;19.0;60.0;45.0;59.0;154.0;1.2;0.5
2023/09/08;2200 UTC;0.0;990.5;990.5;990.0;5.5;27.2;19.7;30.5;27.2;21.8;19.3;65.0;56.0;64.0;193.0;0.9;0.3
2023/09/08;2300 UTC;0.0;990.9;990.9;990.5;;26.8;19.9;27.2;26.3;20.5;19.3;70.0;63.0;66.0;164.0;1.2;0.7
2023/09/09;0000 UTC;0.0;991.4;991.4;990.9;;26.0;20.2;26.7;26.0;20.5;19.2;71.0;64.0;70.0;135.0;1.9;0.6
2023/09/09;0100 UTC;0.0;991.8;991.8;991.4;;26.0;20.4;26.2;25.9;20.8;19.8;73.0;68.0;71.0;154.0;1.3;0.4
2023/09/09;0200 UTC;0.0;991.8;991.9;991.8;;26.5;19.1;26.5;25.8;21.4;19.1;77.0;64.0;64.0;114.0;2.6;1.3
2023/09/09;0300 UTC;0.0;991.6;991.8;991.6;;25.0;18.9;27.7;24.9;19.5;18.1;71.0;56.0;69.0;120.0;2.6;1.2
2023/09/09;0400 UTC;0.0;990.6;991.6;990.6;;24.3;18.2;25.8;23.6;20.0;17.8;80.0;61.0;69.0;115.0;3.4;1.4
2023/09/09;0500 UTC;0.0;990.0;990.6;990.0;;22.3;18.6;24.7;22.3;19.1;17.7;82.0;65.0;80.0;119.0;3.1;0.6
2023/09/09;0600 UTC;0.0;989.8;990.0;989.7;;21.3;18.7;22.3;21.1;18.8;18.2;86.0;79.0;85.0;309.0;1.4;0.4
2023/09/09;0700 UTC;0.0;990.3;990.3;989.8;;20.1;18.5;21.4;20.1;18.8;18.4;91.0;84.0;90.0;276.0;2.0;0.2
2023/09/09;0800 UTC;0.0;990.8;990.8;990.3;;19.5;18.2;20.4;19.5;18.7;18.1;92.0;88.0;92.0;166.0;1.4;0.3
2023/09/09;0900 UTC;0.0;991.6;991.6;990.8;;18.9;17.6;19.9;18.9;18.3;17.6;93.0;89.0;92.0;131.0;1.1;0.3
2023/09/09;1000 UTC;0.0;992.6;992.6;991.6;54.4;19.6;17.8;19.6;18.6;17.9;17.3;93.0;90.0;90.0;59.0;1.0;0.3
2023/09/09;1100 UTC;0.0;993.2;993.2;992.6;681.8;25.9;18.1;25.9;19.6;19.1;17.7;90.0;62.0;62.0;168.0;1.8;1.0
2023/09/09;1200 UTC;0.0;994.0;994.0;993.2;1391.8;29.5;16.4;29.5;25.9;18.8;15.8;63.0;44.0;45.0;136.0;4.1;2.2
2023/09/09;1300 UTC;0.0;994.1;994.2;993.9;1998.1;32.3;15.0;32.3;29.5;16.6;14.8;45.0;35.0;35.0;112.0;5.3;2.6
2023/09/09;1400 UTC;0.0;993.6;994.1;993.6;2759.4;34.1;14.7;34.2;32.2;15.7;13.8;36.0;30.0;31.0;81.0;7.1;3.3
2023/09/09;1500 UTC;0.0;993.0;993.6;993.0;3271.1;35.4;14.8;35.4;33.9;15.2;14.2;32.0;29.0;29.0;80.0;8.4;2.6
2023/09/09;1600 UTC;0.0;992.0;993.0;992.0;3387.0;36.8;14.1;36.8;35.1;15.4;13.5;30.0;25.0;26.0;90.0;6.9;3.1
2023/09/09;1700 UTC;0.0;990.6;992.0;990.6;3221.2;37.2;12.8;37.9;36.1;13.8;11.8;26.0;22.0;23.0;95.0;6.9;2.3
2023/09/09;1800 UTC;0.0;989.8;990.6;989.8;2735.7;37.5;12.8;38.0;36.6;13.5;12.1;24.0;22.0;23.0;136.0;6.7;3.2
2023/09/09;1900 UTC;0.0;989.3;989.8;989.3;1901.5;37.1;13.1;38.0;36.8;14.1;12.0;25.0;22.0;24.0;122.0;6.2;1.9
2023/09/09;2000 UTC;0.0;989.6;989.6;989.2;1090.6;36.8;13.7;37.5;36.5;14.3;12.8;26.0;23.0;25.0;104.0;5.0;1.7
2023/09/09;2100 UTC;0.0;989.8;989.8;989.6;341.2;31.5;18.4;36.8;31.5;18.4;13.8;46.0;25.0;46.0;94.0;3.5;0.5
2023/09/09;2200 UTC;0.0;989.9;990.0;989.8;2.0;27.3;18.5;31.5;27.3;18.5;17.4;59.0;45.0;59.0;178.0;1.1;0.2
2023/09/09;2300 UTC;0.0;990.5;990.5;989.9;;25.1;18.3;27.3;25.1;18.7;17.8;66.0;58.0;66.0;291.0;1.4;0.2
2023/09/10;0000 UTC;0.0;990.9;990.9;990.5;;23.9;18.5;25.5;23.9;18.5;17.7;72.0;64.0;72.0;285.0;0.8;0.2
2023/09/10;0100 UTC;0.0;991.3;991.3;990.9;;22.6;18.7;23.9;22.6;18.9;18.2;79.0;72.0;79.0;334.0;0.8;0.4
2023/09/10;0200 UTC;0.0;991.5;991.5;991.3;;21.8;18.0;22.6;21.8;18.7;17.8;79.0;76.0;79.0;295.0;0.7;0.3
2023/09/10;0300 UTC;0.0;991.2;991.6;991.2;;20.6;17.9;21.9;20.6;18.5;17.8;85.0;78.0;85.0;4.0;0.8;0.4
2023/09/10;0400 UTC;0.0;990.4;991.2;990.4;;20.4;18.0;21.0;20.2;18.2;17.2;87.0;79.0;86.0;285.0;1.0;0.3
2023/09/10;0500 UTC;0.0;990.1;990.5;990.1;;19.7;17.7;20.5;19.5;18.6;17.3;89.0;84.0;89.0;133.0;2.6;0.4
2023/09/10;0600 UTC;0.0;989.7;990.1;989.7;;19.1;17.6;19.7;18.9;17.9;17.4;92.0;88.0;91.0;261.0;1.4;0.3
2023/09/10;0700 UTC;0.0;990.0;990.0;989.6;;18.6;17.2;19.3;18.4;17.6;17.0;93.0;87.0;91.0;177.0;1.0;0.3
2023/09/10;0800 UTC;0.0;990.2;990.3;990.0;;18.3;16.9;19.9;18.0;17.4;16.5;93.0;84.0;91.0;264.0;3.4;0.3
2023/09/10;0900 UTC;0.0;990.7;990.8;990.1;;18.6;17.1;19.0;17.6;17.7;16.5;95.0;88.0;91.0;201.0;6.0;0.7
2023/09/10;1000 UTC;0.0;991.7;991.7;990.7;54.8;20.3;16.6;20.3;17.9;17.0;16.4;92.0;79.0;79.0;126.0;3.3;1.2
2023/09/10;1100 UTC;0.0;992.0;992.1;991.6;725.8;26.3;16.6;26.3;20.3;18.0;16.3;82.0;55.0;55.0;143.0;2.7;1.1
2023/09/10;1200 UTC;0.0;992.4;992.4;992.0;1444.8;31.8;17.1;31.8;26.3;17.5;15.9;56.0;41.0;42.0;111.0;2.2;1.2
2023/09/10;1300 UTC;0.0;992.6;992.6;992.4;2044.7;34.7;16.7;34.9;31.3;17.5;16.0;42.0;34.0;34.0;72.0;3.3;1.4
2023/09/10;1400 UTC;0.0;992.3;992.7;992.2;2802.3;37.1;13.9;37.1;34.4;17.1;13.4;35.0;25.0;25.0;85.0;7.1;2.7
2023/09/10;1500 UTC;0.0;991.3;992.3;991.3;3326.9;37.7;12.1;38.5;36.8;13.8;11.4;25.0;21.0;22.0;66.0;6.7;3.5
2023/09/10;1600 UTC;0.0;990.5;991.3;990.5;3461.9;38.4;10.4;38.9;37.6;12.9;10.2;22.0;18.0;19.0;98.0;8.2;3.4
2023/09/10;1700 UTC;0.0;989.6;990.5;989.6;3279.5;38.3;11.9;39.5;37.9;11.9;10.0;21.0;18.0;21.0;82.0;8.2;3.2
2023/09/10;1800 UTC;0.0;988.8;989.6;988.8;2643.8;38.3;10.3;39.2;37.9;12.0;10.3;21.0;18.0;19.0;93.0;7.3;2.8
2023/09/10;1900 UTC;0.0;988.2;988.8;988.2;1892.7;38.6;11.1;39.2;37.8;11.9;10.5;20.0;18.0;19.0;104.0;6.4;1.6
2023/09/10;2000 UTC;0.0;988.2;988.2;988.2;1047.1;37.7;11.8;38.6;37.5;12.3;10.0;22.0;18.0;21.0;107.0;5.7;1.6
2023/09/10;2100 UTC;0.0;988.8;988.8;988.2;318.6;31.1;16.8;37.7;31.1;16.8;11.4;42.0;21.0;42.0;142.0;3.4;0.5
2023/09/10;2200 UTC;0.0;989.3;989.3;988.7;1.3;26.5;16.6;31.1;26.5;17.0;15.7;55.0;41.0;55.0;261.0;0.8;0.2
2023/09/10;2300 UTC;0.0;989.6;989.6;989.3;;24.1;16.2;26.5;24.0;17.3;16.2;63.0;54.0;61.0;346.0;0.5;0.2
2023/09/11;0000 UTC;0.0;990.0;990.0;989.6;;23.0;16.5;24.2;23.0;16.9;16.1;68.0;61.0;67.0;299.0;2.0;0.4
2023/09/11;0100 UTC;0.0;990.6;990.6;990.0;;22.0;16.8;23.0;22.0;17.0;16.2;73.0;66.0;72.0;252.0;1.2;0.4
2023/09/11;0200 UTC;0.0;990.5;990.7;990.5;;21.0;16.9;22.1;20.8;16.9;16.5;77.0;71.0;77.0;320.0;0.9;0.4
2023/09/11;0300 UTC;0.0;990.1;990.5;990.1;;20.0;16.5;21.2;19.9;17.0;16.3;81.0;75.0;81.0;340.0;1.2;0.5
2023/09/11;0400 UTC;0.0;989.9;990.2;989.9;;19.6;16.3;20.6;19.6;16.8;15.5;82.0;73.0;81.0;341.0;5.3;0.9
2023/09/11;0500 UTC;0.0;989.1;989.9;989.1;;18.8;16.4;19.7;18.8;16.7;16.3;86.0;81.0;86.0;36.0;1.6;0.3
2023/09/11;0600 UTC;0.0;988.8;989.1;988.8;;19.1;15.9;19.1;18.6;16.7;15.8;87.0;82.0;82.0;49.0;1.8;0.6
2023/09/11;0700 UTC;0.0;989.1;989.1;988.6;;20.8;14.8;22.1;18.4;16.2;14.5;86.0;63.0;69.0;145.0;7.6;1.2
2023/09/11;0800 UTC;0.0;989.3;989.4;989.1;;17.8;15.0;20.8;17.8;15.3;14.6;84.0;69.0;83.0;217.0;2.5;0.3
2023/09/11;0900 UTC;0.0;989.8;989.8;989.3;;16.8;15.5;17.8;16.8;15.7;15.0;92.0;83.0;92.0;331.0;0.9;0.6
2023/09/11;1000 UTC;0.0;990.3;990.3;989.8;63.1;18.4;15.8;18.4;16.6;15.9;15.4;94.0;85.0;85.0;231.0;1.1;0.2
2023/09/11;1100 UTC;0.0;991.1;991.1;990.3;724.1;26.1;15.9;26.1;18.3;17.8;15.2;85.0;53.0;53.0;122.0;2.7;1.3
2023/09/11;1200 UTC;0.0;991.5;991.5;991.1;1425.5;31.1;17.5;31.1;26.1;17.6;16.0;55.0;44.0;44.0;81.0;3.5;1.5
2023/09/11;1300 UTC;0.0;991.7;991.7;991.5;2026.7;35.5;13.8;36.2;31.1;17.6;13.8;44.0;27.0;27.0;86.0;8.0;3.0
2023/09/11;1400 UTC;0.0;991.4;991.8;991.4;2813.3;36.2;13.5;36.7;35.4;14.4;13.3;28.0;25.0;26.0;76.0;8.4;3.8
2023/09/11;1500 UTC;0.0;990.4;991.5;990.4;3319.6;37.8;13.3;38.3;36.2;14.8;12.6;26.0;22.0;23.0;16.0;7.6;3.1
2023/09/11;1600 UTC;0.0;989.2;990.4;989.2;3435.1;38.2;12.1;38.6;37.4;13.3;11.8;24.0;21.0;21.0;87.0;7.5;3.3
2023/09/11;1700 UTC;0.0;988.3;989.2;988.3;3272.1;38.6;12.1;39.2;38.0;13.3;11.0;23.0;19.0;21.0;94.0;7.8;2.4
2023/09/11;1800 UTC;0.0;987.5;988.3;987.4;2517.6;38.5;11.9;39.0;37.7;13.2;11.4;22.0;20.0;20.0;138.0;6.9;2.9
2023/09/11;1900 UTC;0.0;987.2;987.5;987.1;1912.2;39.1;12.9;39.1;38.2;12.9;11.6;22.0;20.0;21.0;66.0;5.9;1.4
2023/09/11;2000 UTC;0.0;987.4;987.4;987.2;1091.9;37.6;12.4;39.0;37.6;13.3;11.7;23.0;20.0;22.0;89.0;4.0;1.8
2023/09/11;2100 UTC;0.0;987.7;987.8;987.4;338.6;31.7;16.4;37.7;31.7;17.0;12.3;41.0;22.0;40.0;71.0;3.5;0.8
2023/09/11;2200 UTC;0.0;988.2;988.2;987.7;1.4;27.5;18.0;31.7;27.5;18.2;16.4;57.0;40.0;56.0;156.0;1.5;0.2
2023/09/11;2300 UTC;0.0;988.7;988.7;988.2;;25.0;17.9;27.5;25.0;18.0;17.2;64.0;56.0;64.0;;0.9;0.1
2023/09/12;0000 UTC;0.0;989.5;989.5;988.7;;23.9;17.4;25.1;23.8;17.9;17.3;68.0;64.0;67.0;269.0;0.5;0.3
2023/09/12;0100 UTC;0.0;990.1;990.1;989.5;;22.8;16.9;23.9;22.8;17.4;16.7;69.0;65.0;69.0;219.0;2.6;0.2
2023/09/12;0200 UTC;0.0;990.5;990.5;990.1;;22.4;17.6;23.3;22.4;17.9;16.9;75.0;69.0;74.0;130.0;3.6;0.4
2023/09/12;0300 UTC;0.0;990.1;990.5;990.1;;21.1;17.7;22.4;21.1;18.1;17.5;81.0;74.0;81.0;13.0;1.0;0.3
2023/09/12;0400 UTC;0.0;989.5;990.1;989.5;;20.5;17.5;21.6;20.5;17.9;17.5;83.0;78.0;83.0;279.0;1.1;0.1
2023/09/12;0500 UTC;0.0;989.1;989.5;989.1;;20.4;17.0;20.8;20.3;17.6;17.0;84.0;80.0;81.0;275.0;1.3;0.3
2023/09/12;0600 UTC;0.0;988.8;989.1;988.6;;20.0;17.5;21.2;20.0;18.4;17.1;87.0;81.0;85.0;327.0;1.2;0.2
2023/09/12;0700 UTC;0.0;988.8;988.9;988.7;;19.9;17.6;20.1;19.9;17.6;17.4;87.0;85.0;87.0;254.0;0.6;0.2
2023/09/12;0800 UTC;0.0;989.3;989.4;988.8;;19.6;17.5;21.3;19.5;18.2;17.3;88.0;81.0;88.0;151.0;3.7;0.5
2023/09/12;0900 UTC;0.0;990.5;990.5;989.3;;20.4;16.9;21.2;19.0;17.9;16.8;91.0;77.0;80.0;331.0;6.2;1.7
2023/09/12;1000 UTC;0.0;991.0;991.0;990.3;55.4;20.3;17.8;20.7;19.4;17.8;16.9;87.0;79.0;85.0;302.0;3.3;0.4
2023/09/12;1100 UTC;0.0;992.0;992.4;991.0;487.8;27.5;18.1;27.5;20.3;19.1;16.9;86.0;54.0;56.0;306.0;8.0;0.8
2023/09/12;1200 UTC;0.0;992.5;992.5;992.0;1401.4;32.6;19.1;32.6;27.6;19.4;17.2;57.0;45.0;45.0;76.0;2.5;1.4
2023/09/12;1300 UTC;0.0;992.6;992.7;992.5;1966.2;35.3;17.0;35.3;32.5;18.9;16.3;45.0;34.0;34.0;50.0;7.2;2.7
2023/09/12;1400 UTC;0.0;992.6;992.8;992.6;2701.7;35.4;17.6;35.5;34.5;17.6;16.5;36.0;33.0;35.0;46.0;9.1;3.7
2023/09/12;1500 UTC;0.0;991.8;992.6;991.8;3205.6;36.7;17.4;36.8;35.4;18.0;16.8;35.0;31.0;32.0;55.0;9.1;3.3
2023/09/12;1600 UTC;0.0;990.8;991.8;990.8;3333.3;37.3;17.0;38.0;35.8;17.8;15.3;33.0;28.0;30.0;43.0;8.4;3.5
2023/09/12;1700 UTC;0.0;989.7;990.8;989.6;3198.3;37.6;17.0;38.0;36.5;17.4;16.4;32.0;29.0;30.0;48.0;8.4;2.5
2023/09/12;1800 UTC;0.0;988.8;989.7;988.8;2732.7;38.1;17.0;38.3;37.0;17.3;15.8;30.0;28.0;29.0;31.0;6.3;2.0
2023/09/12;1900 UTC;0.0;988.5;988.8;988.4;1868.4;37.2;16.2;38.1;36.8;17.0;16.0;31.0;28.0;29.0;27.0;6.3;2.0
2023/09/12;2000 UTC;0.0;988.6;988.6;988.4;1163.3;37.2;17.0;37.7;36.9;17.4;15.5;31.0;27.0;31.0;16.0;5.8;1.9
2023/09/12;2100 UTC;0.0;988.9;988.9;988.6;412.3;33.5;18.5;37.4;33.5;19.0;16.8;42.0;30.0;41.0;33.0;4.9;0.5
2023/09/12;2200 UTC;0.0;989.2;989.2;988.9;1.4;28.3;19.5;33.5;28.3;19.7;18.1;59.0;40.0;59.0;314.0;2.0;0.2
2023/09/12;2300 UTC;0.0;989.6;989.6;989.2;;26.1;19.4;28.3;26.1;19.7;19.2;67.0;59.0;67.0;296.0;0.8;0.1
2023/09/13;0000 UTC;0.0;990.3;990.3;989.6;;24.8;19.7;26.1;24.8;19.7;19.2;73.0;67.0;73.0;311.0;0.5;0.4
2023/09/13;0100 UTC;0.0;990.6;990.6;990.3;;24.0;19.1;24.9;24.0;19.6;19.1;76.0;71.0;74.0;169.0;0.5;0.2
2023/09/13;0200 UTC;0.0;991.0;991.0;990.6;;23.2;19.3;24.0;23.2;19.3;19.0;79.0;74.0;79.0;174.0;0.7;0.3
2023/09/13;0300 UTC;0.0;990.7;991.0;990.7;;22.6;18.7;23.2;22.5;19.4;18.7;81.0;78.0;79.0;231.0;1.8;0.3
2023/09/13;0400 UTC;0.0;990.1;990.7;990.1;;21.9;19.4;22.6;21.9;19.4;18.7;86.0;79.0;86.0;310.0;0.7;0.5
2023/09/13;0500 UTC;0.0;989.3;990.1;989.3;;21.3;19.4;21.9;21.2;19.5;19.1;89.0;86.0;89.0;276.0;0.9;0.4
2023/09/13;0600 UTC;0.0;988.8;989.3;988.7;;20.8;19.0;21.3;20.8;19.5;18.7;89.0;86.0;89.0;176.0;0.8;0.4
2023/09/13;0700 UTC;0.0;989.0;989.0;988.8;;20.3;18.8;20.9;20.3;19.2;18.8;92.0;89.0;91.0;146.0;0.5;0.2
2023/09/13;0800 UTC;0.0;989.6;989.6;989.0;;19.9;19.0;20.3;19.8;19.1;18.7;95.0;91.0;95.0;13.0;0.8;0.2
2023/09/13;0900 UTC;0.0;990.1;990.1;989.6;;20.0;19.0;20.2;19.7;19.3;18.7;95.0;92.0;94.0;327.0;2.7;0.9
2023/09/13;1000 UTC;0.0;990.8;990.8;990.1;75.0;21.2;19.5;21.2;19.5;19.5;18.9;97.0;90.0;90.0;283.0;1.7;0.4
2023/09/13;1100 UTC;0.0;991.7;991.7;990.8;696.7;28.4;20.6;28.4;21.2;20.7;19.5;90.0;62.0;62.0;81.0;1.9;0.7
2023/09/13;1200 UTC;0.0;992.3;992.3;991.7;1311.9;31.9;20.9;32.1;27.9;21.2;20.0;64.0;52.0;52.0;62.0;2.3;1.3
2023/09/13;1300 UTC;0.0;992.6;992.7;992.3;1969.0;33.5;19.7;34.2;31.8;21.8;19.7;54.0;44.0;44.0;33.0;5.9;2.5
2023/09/13;1400 UTC;0.0;992.1;992.6;992.1;2767.5;35.6;18.3;36.2;33.4;20.2;17.8;45.0;35.0;36.0;12.0;6.4;2.5
2023/09/13;1500 UTC;0.0;991.0;992.1;991.0;3248.1;37.7;16.9;38.0;35.5;18.8;16.3;37.0;29.0;29.0;36.0;8.7;2.4
2023/09/13;1600 UTC;0.0;989.5;991.0;989.5;3351.3;38.4;15.1;38.9;37.0;16.7;14.3;29.0;25.0;25.0;64.0;7.7;3.1
2023/09/13;1700 UTC;0.0;988.4;989.5;988.4;3185.4;38.3;14.6;39.2;37.6;15.3;13.4;26.0;22.0;25.0;355.0;8.1;1.8
2023/09/13;1800 UTC;0.0;987.5;988.4;987.5;2672.4;38.6;15.2;39.4;37.9;15.5;13.7;25.0;23.0;25.0;41.0;8.5;2.3
2023/09/13;1900 UTC;0.0;987.2;987.5;987.1;1987.0;38.2;14.9;39.3;38.0;15.9;14.5;26.0;24.0;25.0;359.0;7.8;2.9
2023/09/13;2000 UTC;0.0;987.3;987.4;987.2;1159.0;37.6;15.2;39.0;37.6;15.4;14.2;27.0;24.0;27.0;17.0;5.7;1.7
2023/09/13;2100 UTC;0.0;987.4;987.5;987.3;331.9;32.5;18.4;37.6;32.5;18.5;14.6;43.0;26.0;43.0;50.0;3.8;0.5
2023/09/13;2200 UTC;0.0;987.7;987.7;987.4;1.6;27.6;18.2;32.5;27.6;18.8;18.0;58.0;43.0;57.0;345.0;1.4;0.3
2023/09/13;2300 UTC;0.0;988.4;988.4;987.7;;25.4;18.3;27.7;25.4;18.7;18.1;65.0;56.0;65.0;302.0;1.5;0.3
2023/09/14;0000 UTC;0.0;989.0;989.0;988.4;;23.9;18.3;25.5;23.9;18.7;17.9;71.0;65.0;71.0;299.0;1.3;0.2
2023/09/14;0100 UTC;0.0;989.5;989.5;989.0;;23.1;18.2;24.0;22.9;19.0;17.9;75.0;70.0;74.0;7.0;1.1;0.4
2023/09/14;0200 UTC;0.0;989.8;989.8;989.5;;21.9;17.6;23.7;21.9;19.2;17.6;78.0;74.0;77.0;177.0;1.3;0.3
2023/09/14;0300 UTC;0.0;989.6;989.8;989.6;;21.3;17.6;22.6;21.2;18.5;17.4;80.0;76.0;79.0;182.0;1.1;0.6
2023/09/14;0400 UTC;0.0;989.2;989.6;989.2;;20.7;17.7;21.7;20.6;18.2;17.3;83.0;79.0;83.0;232.0;1.2;0.5
2023/09/14;0500 UTC;0.0;988.4;989.2;988.4;;20.2;18.0;20.7;20.0;18.1;17.5;89.0;83.0;87.0;321.0;1.3;0.6
2023/09/14;0600 UTC;0.0;988.3;988.4;988.2;;19.3;17.3;20.2;19.3;18.1;17.3;90.0;86.0;88.0;101.0;1.5;0.5
2023/09/14;0700 UTC;0.0;988.5;988.5;988.2;;18.9;17.6;19.6;18.9;17.9;17.1;92.0;87.0;92.0;328.0;1.5;0.4
2023/09/14;0800 UTC;0.0;989.2;989.3;988.5;;20.3;17.9;20.3;18.4;18.0;17.0;94.0;86.0;86.0;27.0;4.9;1.3
2023/09/14;0900 UTC;0.0;989.9;990.0;989.2;;20.2;17.9;20.4;19.4;18.1;17.7;91.0;86.0;87.0;61.0;4.6;1.0
2023/09/14;1000 UTC;0.0;991.2;991.2;989.8;75.8;20.0;18.1;20.9;19.6;18.2;17.4;90.0;82.0;89.0;345.0;2.7;0.7
2023/09/14;1100 UTC;0.0;991.8;991.8;991.2;572.3;25.1;18.5;25.1;19.9;18.7;17.7;89.0;67.0;67.0;74.0;2.5;1.3
2023/09/14;1200 UTC;0.0;992.5;992.5;991.8;1435.8;31.1;19.4;31.2;25.1;20.1;18.3;67.0;50.0;50.0;118.0;2.4;0.5
2023/09/14;1300 UTC;0.0;992.7;992.9;992.5;1851.6;34.2;19.1;34.2;30.1;20.4;18.7;54.0;41.0;41.0;170.0;2.2;1.0
2023/09/14;1400 UTC;0.0;992.7;992.7;992.4;2734.5;37.1;14.8;37.4;34.3;18.9;14.8;41.0;26.0;27.0;197.0;4.8;2.2
2023/09/14;1500 UTC;0.0;992.4;992.8;992.4;3079.9;36.1;18.4;37.8;35.3;19.4;13.5;38.0;23.0;35.0;198.0;8.7;3.6
2023/09/14;1600 UTC;0.0;991.3;992.4;991.3;2216.5;36.9;18.0;37.6;36.1;18.2;17.1;35.0;31.0;33.0;213.0;6.3;1.9
2023/09/14;1700 UTC;0.0;990.1;991.3;990.1;2520.1;37.7;16.1;38.2;36.2;18.5;15.7;34.0;27.0;28.0;103.0;5.3;2.1
2023/09/14;1800 UTC;0.0;989.0;990.1;989.0;2741.8;37.8;;38.5;37.2;16.9;15.1;30.0;25.0;;186.0;5.9;2.8
2023/09/14;1900 UTC;0.0;988.6;989.0;988.5;1795.2;37.8;14.9;38.3;37.4;16.8;14.8;29.0;25.0;26.0;185.0;5.4;2.0
2023/09/14;2000 UTC;0.0;988.8;988.8;988.6;1181.6;37.6;15.6;38.2;37.4;16.0;14.8;28.0;26.0;27.0;177.0;4.9;1.8
2023/09/14;2100 UTC;0.0;989.3;989.3;988.8;317.4;32.5;19.2;37.7;32.5;19.5;15.1;46.0;27.0;46.0;288.0;3.9;0.3
2023/09/14;2200 UTC;0.0;989.9;989.9;989.3;0.2;28.3;20.0;32.5;28.3;20.0;18.6;61.0;44.0;61.0;119.0;1.0;0.3
2023/09/14;2300 UTC;0.0;990.3;990.3;989.9;;26.5;20.0;29.2;26.5;20.2;19.7;67.0;57.0;67.0;321.0;3.0;0.2
2023/09/15;0000 UTC;0.0;990.9;990.9;990.3;;25.0;19.8;26.5;25.0;20.0;19.7;73.0;67.0;73.0;224.0;0.5;0.1
2023/09/15;0100 UTC;0.0;991.4;991.4;990.8;;23.6;19.9;25.0;23.6;20.0;19.7;80.0;73.0;80.0;304.0;0.7;0.4
2023/09/15;0200 UTC;0.0;991.7;991.7;991.4;;22.5;19.9;23.8;22.4;20.3;19.5;85.0;80.0;85.0;304.0;0.9;0.5
2023/09/15;0300 UTC;0.0;991.5;991.7;991.5;;22.1;19.2;22.5;22.1;19.9;19.0;86.0;83.0;84.0;181.0;1.5;0.5
2023/09/15;0400 UTC;0.0;990.6;991.5;990.6;;21.6;19.2;22.1;21.2;19.9;18.9;90.0;84.0;86.0;288.0;1.0;0.4
2023/09/15;0500 UTC;0.0;989.9;990.6;989.9;;21.7;18.9;21.7;20.9;19.6;18.9;91.0;84.0;84.0;201.0;2.5;1.1
2023/09/15;0600 UTC;0.0;989.4;989.9;989.4;;20.4;18.8;22.0;20.4;18.9;18.5;91.0;82.0;91.0;91.0;2.5;0.4
2023/09/15;0700 UTC;0.0;989.3;989.4;989.2;;19.8;18.9;20.9;19.8;19.3;18.6;95.0;89.0;94.0;358.0;1.5;0.3
2023/09/15;0800 UTC;0.0;989.7;989.7;989.3;;20.6;18.8;20.6;19.6;19.3;18.7;95.0;89.0;89.0;336.0;2.9;1.4
2023/09/15;0900 UTC;0.0;990.0;990.0;989.7;;19.3;18.6;20.6;19.2;18.9;18.4;96.0;89.0;96.0;18.0;2.9;0.4
2023/09/15;1000 UTC;0.0;990.9;990.9;990.0;90.2;20.7;18.9;20.7;19.1;19.1;18.3;96.0;89.0;89.0;268.0;1.0;0.2
2023/09/15;1100 UTC;0.0;991.4;991.4;990.9;653.0;26.3;19.4;26.3;20.7;19.8;18.7;89.0;66.0;66.0;262.0;1.8;0.9
2023/09/15;1200 UTC;0.0;991.8;991.8;991.4;1322.2;30.4;19.2;30.4;26.1;20.9;19.2;67.0;51.0;51.0;75.0;2.6;1.0
2023/09/15;1300 UTC;0.0;992.1;992.1;991.8;1941.3;33.5;19.3;33.7;30.2;19.9;18.6;53.0;43.0;43.0;128.0;4.9;2.1
2023/09/15;1400 UTC;0.0;991.6;992.1;991.6;2699.4;35.0;18.7;35.5;32.6;19.8;18.4;45.0;38.0;38.0;153.0;6.0;2.9
2023/09/15;1500 UTC;0.0;990.4;991.6;990.4;3213.0;36.6;17.5;37.4;35.0;19.3;17.5;39.0;32.0;33.0;176.0;6.8;3.6
2023/09/15;1600 UTC;0.0;989.0;990.4;988.9;3316.7;38.1;17.5;38.3;36.6;17.9;17.0;33.0;29.0;30.0;170.0;8.8;2.8
2023/09/15;1700 UTC;0.0;987.6;988.9;987.5;3107.2;39.2;17.1;39.3;37.5;17.6;15.3;30.0;25.0;28.0;112.0;7.3;2.3
2023/09/15;1800 UTC;0.0;986.9;987.6;986.8;1457.0;38.6;16.5;39.5;36.9;16.9;15.1;29.0;24.0;27.0;68.0;6.3;1.4
2023/09/15;1900 UTC;0.0;986.7;986.9;986.6;1221.8;37.6;15.9;40.1;37.6;16.5;14.6;29.0;23.0;28.0;101.0;5.0;0.9
2023/09/15;2000 UTC;0.0;986.9;986.9;986.7;879.3;37.7;17.0;39.1;37.1;18.6;15.9;34.0;28.0;30.0;91.0;3.1;1.3
2023/09/15;2100 UTC;0.0;987.2;987.2;986.9;220.9;32.0;20.4;37.7;32.0;20.5;16.6;51.0;29.0;51.0;127.0;3.2;0.3
2023/09/15;2200 UTC;0.0;987.7;987.7;987.2;;28.6;20.1;32.0;28.5;20.6;19.4;62.0;49.0;60.0;174.0;1.1;0.5
2023/09/15;2300 UTC;;;;;;;;;;;;;;;;;
2023/09/16;0000 UTC;0.0;989.1;989.1;988.3;;25.2;20.1;26.6;25.2;20.6;19.9;73.0;69.0;73.0;193.0;1.4;0.4
2023/09/16;0100 UTC;0.0;989.7;989.7;989.1;;24.3;20.6;25.4;24.3;20.9;20.1;81.0;73.0;80.0;299.0;1.0;0.2
2023/09/16;0200 UTC;0.0;990.2;990.2;989.7;;23.4;20.2;24.3;23.3;20.8;20.2;83.0;80.0;82.0;270.0;0.9;0.2
2023/09/16;0300 UTC;0.0;989.9;990.2;989.9;;22.9;20.2;23.4;22.9;20.3;19.9;85.0;82.0;85.0;132.0;1.2;0.4
2023/09/16;0400 UTC;0.0;989.2;989.9;989.2;;21.9;19.7;22.9;21.9;20.4;19.7;90.0;84.0;87.0;269.0;1.7;0.4
2023/09/16;0500 UTC;0.0;988.7;989.2;988.7;;21.3;19.9;22.1;21.2;20.3;19.7;93.0;87.0;92.0;268.0;1.6;0.4
2023/09/16;0600 UTC;0.0;988.3;988.7;988.2;;21.3;19.1;22.0;21.1;20.1;19.1;94.0;85.0;87.0;193.0;2.1;0.9
2023/09/16;0700 UTC;0.0;987.9;988.3;987.9;;21.0;19.4;21.5;20.5;19.4;18.9;91.0;87.0;91.0;292.0;1.8;0.5
2023/09/16;0800 UTC;0.0;988.5;988.5;987.9;;19.6;18.4;21.4;19.6;19.4;18.4;93.0;87.0;93.0;43.0;1.6;0.6
2023/09/16;0900 UTC;0.0;989.1;989.2;988.5;;19.8;18.6;21.0;19.6;19.1;18.4;95.0;88.0;93.0;145.0;2.5;0.8
2023/09/16;1000 UTC;0.0;990.0;990.0;989.1;100.8;22.7;18.4;22.7;19.8;19.1;18.4;94.0;77.0;77.0;197.0;3.4;1.5
2023/09/16;1100 UTC;0.0;990.5;990.5;990.0;525.5;25.2;19.0;25.2;22.7;19.2;18.4;77.0;68.0;69.0;155.0;3.4;1.3
2023/09/16;1200 UTC;0.0;991.4;991.4;990.5;1271.5;30.8;18.2;30.8;25.2;19.3;18.0;69.0;47.0;47.0;122.0;7.3;3.1
2023/09/16;1300 UTC;0.0;991.2;991.5;991.2;1936.3;33.6;18.1;33.9;30.8;18.8;17.8;47.0;39.0;40.0;94.0;8.3;3.7
2023/09/16;1400 UTC;0.0;990.6;991.3;990.6;2733.9;36.0;17.5;36.1;33.6;18.3;17.0;40.0;33.0;34.0;123.0;8.1;3.8
2023/09/16;1500 UTC;0.0;989.7;990.6;989.7;3157.6;37.3;16.5;37.6;35.8;18.1;16.5;34.0;29.0;29.0;87.0;7.4;3.4
2023/09/16;1600 UTC;0.0;988.6;989.7;988.6;3270.9;39.6;16.9;39.6;37.2;17.6;16.3;31.0;25.0;27.0;96.0;7.4;1.8
2023/09/16;1700 UTC;0.0;987.3;988.6;987.3;2946.4;40.0;15.5;40.1;38.3;17.3;15.4;28.0;24.0;24.0;108.0;5.9;2.0
2023/09/16;1800 UTC;0.0;986.7;987.4;986.7;2261.3;39.6;14.9;40.1;38.5;16.0;14.5;26.0;23.0;23.0;111.0;5.4;2.2
2023/09/16;1900 UTC;0.0;986.6;986.7;986.6;971.6;37.8;16.7;39.8;37.7;17.0;14.3;30.0;23.0;29.0;86.0;6.2;1.0
2023/09/16;2000 UTC;0.0;986.8;986.8;986.5;746.0;36.8;17.6;38.2;36.6;17.9;16.7;33.0;29.0;32.0;60.0;4.9;1.8
2023/09/16;2100 UTC;0.0;987.3;987.3;986.8;264.5;34.7;17.4;37.0;34.7;17.7;17.1;36.0;31.0;36.0;43.0;5.3;1.3
2023/09/16;2200 UTC;0.0;987.8;987.8;987.3;1.3;29.7;19.5;34.7;29.7;19.5;17.4;54.0;36.0;54.0;50.0;2.8;1.1
2023/09/16;2300 UTC;0.0;988.4;988.4;987.8;;27.2;19.7;29.8;27.1;19.9;18.9;64.0;52.0;64.0;58.0;2.3;0.6
2023/09/17;0000 UTC;0.0;989.0;989.0;988.4;;25.4;19.9;27.2;25.4;19.9;19.3;71.0;63.0;71.0;354.0;1.3;0.6
2023/09/17;0100 UTC;0.0;989.1;989.1;988.9;;24.7;19.3;25.4;24.6;19.9;19.1;72.0;70.0;72.0;269.0;1.5;0.3
2023/09/17;0200 UTC;0.0;989.4;989.4;989.1;;23.6;19.3;24.7;23.6;19.6;19.2;77.0;72.0;77.0;124.0;0.6;0.1
2023/09/17;0300 UTC;0.0;989.3;989.5;989.2;;22.8;19.5;23.6;22.8;19.5;19.0;82.0;76.0;82.0;307.0;0.6;0.2
2023/09/17;0400 UTC;0.0;988.6;989.3;988.6;;22.5;19.6;22.8;22.5;19.6;19.1;84.0;80.0;84.0;151.0;0.9;0.4
2023/09/17;0500 UTC;0.0;988.5;988.7;988.4;;21.8;19.4;22.5;21.8;19.8;19.4;86.0;84.0;86.0;184.0;0.6;0.3
2023/09/17;0600 UTC;0.0;988.5;988.7;988.3;;22.2;19.5;22.2;21.4;19.8;19.4;89.0;85.0;85.0;252.0;2.6;0.9
2023/09/17;0700 UTC;0.0;988.7;988.7;988.5;;21.3;19.4;22.2;21.3;19.6;19.3;90.0;84.0;89.0;150.0;1.9;0.6
2023/09/17;0800 UTC;0.0;989.3;989.3;988.7;;21.0;19.3;21.3;21.0;19.5;19.3;91.0;88.0;90.0;131.0;0.9;0.4
2023/09/17;0900 UTC;0.0;990.6;990.6;989.3;;23.5;19.4;23.7;20.8;19.7;19.2;91.0;77.0;78.0;123.0;3.6;1.9
2023/09/17;1000 UTC;0.0;991.9;991.9;990.6;50.8;23.1;20.4;23.6;23.0;20.5;19.4;85.0;78.0;85.0;52.0;3.1;0.8
2023/09/17;1100 UTC;0.0;992.3;992.3;991.9;413.8;27.2;21.5;27.2;23.1;21.6;20.4;86.0;71.0;71.0;64.0;2.1;0.7
2023/09/17;1200 UTC;0.0;992.8;992.8;992.3;802.4;29.5;22.9;29.5;27.2;23.1;21.6;72.0;67.0;68.0;51.0;4.3;1.6
2023/09/17;1300 UTC;0.0;992.8;992.9;992.7;1400.9;32.3;23.1;32.3;29.4;23.4;22.5;68.0;58.0;58.0;7.0;4.3;1.8
2023/09/17;1400 UTC;0.0;992.7;993.0;992.6;2355.7;34.2;22.7;34.4;31.6;23.0;22.2;59.0;50.0;51.0;348.0;5.8;2.8
2023/09/17;1500 UTC;0.0;991.8;992.7;991.8;3111.4;35.5;21.0;35.8;33.5;22.7;20.8;52.0;43.0;43.0;37.0;7.1;2.5
2023/09/17;1600 UTC;0.0;990.8;991.9;990.8;2768.9;36.0;21.2;36.5;34.6;21.9;20.2;46.0;41.0;42.0;86.0;7.8;2.8
2023/09/17;1700 UTC;0.0;989.6;990.8;989.6;2912.1;36.7;20.1;37.4;35.3;21.4;19.4;43.0;36.0;38.0;27.0;6.4;3.0
2023/09/17;1800 UTC;0.0;988.6;989.6;988.6;2500.2;36.6;19.9;37.5;35.9;20.7;19.4;40.0;35.0;38.0;83.0;6.9;2.4
2023/09/17;1900 UTC;0.0;987.8;988.6;987.8;1696.0;36.4;19.7;37.6;36.1;20.5;19.3;39.0;35.0;38.0;63.0;6.0;1.9
2023/09/17;2000 UTC;0.0;988.4;988.4;987.7;643.0;35.2;19.7;37.2;35.2;20.0;18.9;41.0;35.0;40.0;55.0;4.7;0.9
2023/09/17;2100 UTC;0.0;988.4;988.4;988.3;190.2;31.1;22.1;35.2;31.1;22.6;19.4;60.0;39.0;59.0;98.0;2.4;0.7
2023/09/17;2200 UTC;0.0;988.3;988.5;988.3;0.3;28.7;21.6;31.1;28.7;22.5;21.3;67.0;57.0;65.0;164.0;1.2;0.3
2023/09/17;2300 UTC;0.0;988.8;988.8;988.3;;27.6;21.3;28.7;27.5;21.9;21.2;70.0;65.0;69.0;152.0;1.0;0.4
2023/09/18;0000 UTC;0.0;989.6;989.6;988.8;;26.7;21.5;27.6;26.4;21.9;21.2;76.0;68.0;73.0;335.0;2.8;0.7
2023/09/18;0100 UTC;0.0;989.9;989.9;989.6;;25.5;21.2;26.7;25.5;21.6;21.2;78.0;73.0;77.0;164.0;1.6;0.3
2023/09/18;0200 UTC;0.0;990.1;990.1;989.9;;24.6;21.2;25.7;24.6;21.6;20.6;81.0;76.0;81.0;330.0;1.5;0.5
2023/09/18;0300 UTC;0.0;990.4;990.4;990.1;;23.9;21.0;24.6;23.9;21.2;20.9;84.0;80.0;84.0;190.0;0.9;0.4
2023/09/18;0400 UTC;0.0;989.9;990.4;989.9;;23.5;21.4;24.0;23.4;21.4;21.0;88.0;84.0;88.0;289.0;0.9;0.3
2023/09/18;0500 UTC;0.0;989.7;989.9;989.7;;22.7;21.1;23.5;22.7;21.5;20.9;91.0;88.0;91.0;153.0;1.3;0.7
2023/09/18;0600 UTC;0.0;989.6;989.7;989.6;;21.9;20.9;22.7;21.9;21.2;20.7;94.0;91.0;94.0;301.0;1.0;0.2
2023/09/18;0700 UTC;0.0;989.6;989.6;989.5;;21.7;20.5;21.9;21.7;20.9;20.4;94.0;92.0;93.0;208.0;0.9;0.3
2023/09/18;0800 UTC;0.0;989.9;989.9;989.5;;21.4;20.2;21.7;21.3;20.7;20.1;95.0;92.0;93.0;314.0;1.0;0.3
2023/09/18;0900 UTC;0.0;991.0;991.0;989.9;;20.8;19.6;21.4;20.8;20.3;19.4;96.0;89.0;93.0;331.0;1.6;0.8
2023/09/18;1000 UTC;0.0;991.5;991.5;991.0;82.7;21.9;19.6;22.0;20.6;19.8;19.4;95.0;86.0;87.0;139.0;2.1;0.7
2023/09/18;1100 UTC;0.0;992.2;992.2;991.5;603.9;28.2;18.5;28.2;21.9;20.8;18.1;87.0;55.0;56.0;173.0;2.1;0.8
2023/09/18;1200 UTC;0.0;992.7;992.7;992.1;1325.1;30.5;18.3;30.7;28.2;19.0;17.7;56.0;47.0;48.0;94.0;5.2;2.1
2023/09/18;1300 UTC;0.0;992.9;993.0;992.7;1870.1;32.0;18.2;32.2;30.2;18.4;17.2;49.0;44.0;44.0;82.0;6.8;2.8
2023/09/18;1400 UTC;0.0;992.4;992.9;992.4;2583.8;34.9;16.3;35.8;32.0;18.5;16.0;44.0;32.0;33.0;67.0;7.9;3.1
2023/09/18;1500 UTC;0.0;991.6;992.5;991.6;3137.4;36.0;16.6;36.8;34.9;17.0;15.5;34.0;30.0;32.0;14.0;8.0;3.2
2023/09/18;1600 UTC;0.0;990.2;991.6;990.2;3304.9;37.5;16.8;37.6;35.8;17.1;15.3;32.0;28.0;30.0;50.0;8.1;2.5
2023/09/18;1700 UTC;0.0;989.0;990.3;989.0;3013.4;38.4;16.9;38.8;37.1;17.7;15.8;31.0;27.0;28.0;83.0;6.6;2.7
2023/09/18;1800 UTC;0.0;988.2;989.0;988.2;2054.0;38.1;;39.0;36.8;18.0;16.0;31.0;28.0;;32.0;6.6;2.1
2023/09/18;1900 UTC;0.0;988.0;988.2;988.0;1717.9;38.5;18.3;38.8;37.4;18.3;15.1;32.0;25.0;31.0;13.0;6.4;1.6
2023/09/18;2000 UTC;0.0;988.1;988.1;988.0;922.5;36.7;18.9;38.5;36.5;19.1;17.1;36.0;30.0;35.0;57.0;5.5;2.5
2023/09/18;2100 UTC;0.0;988.4;988.5;988.1;281.0;33.2;21.0;36.9;33.2;21.9;18.8;51.0;35.0;49.0;89.0;5.0;1.2
2023/09/18;2200 UTC;0.0;988.9;988.9;988.4;;29.1;20.4;33.2;29.1;21.9;20.2;61.0;47.0;59.0;241.0;2.1;0.2
2023/09/18;2300 UTC;0.0;989.1;989.1;988.9;;26.9;20.2;29.1;26.9;20.8;19.6;67.0;59.0;66.0;152.0;1.0;0.6
2023/09/19;0000 UTC;0.0;989.5;989.5;989.1;;25.2;20.4;26.9;25.2;20.5;19.6;75.0;65.0;75.0;328.0;1.1;0.2
2023/09/19;0100 UTC;0.0;989.8;989.9;989.5;;24.2;20.2;25.2;24.2;20.4;19.7;78.0;74.0;78.0;308.0;1.8;0.3
2023/09/19;0200 UTC;0.0;990.2;990.3;989.8;;23.5;20.2;24.2;23.4;20.8;19.8;84.0;78.0;82.0;283.0;0.9;0.4
2023/09/19;0300 UTC;0.0;989.9;990.3;989.9;;22.4;20.1;23.6;22.4;20.9;19.9;87.0;81.0;87.0;131.0;1.5;0.4
2023/09/19;0400 UTC;0.0;989.7;989.9;989.6;;21.5;19.5;22.4;21.5;20.1;19.4;88.0;85.0;88.0;309.0;1.0;0.2
2023/09/19;0500 UTC;0.0;989.1;989.7;989.1;;21.6;19.6;21.7;21.1;19.9;19.5;91.0;88.0;88.0;319.0;1.1;0.6
2023/09/19;0600 UTC;0.0;989.0;989.1;989.0;;20.7;19.6;21.6;20.7;19.8;19.4;94.0;88.0;93.0;29.0;1.1;0.2
2023/09/19;0700 UTC;0.0;989.4;989.4;989.0;;20.2;19.3;20.7;20.1;19.6;19.2;95.0;92.0;95.0;329.0;0.8;0.3
2023/09/19;0800 UTC;;;;;;;;;;;;;;;;;
2023/09/19;0900 UTC;0.0;990.2;990.2;989.6;;19.7;19.2;19.8;19.4;19.2;18.7;97.0;95.0;97.0;314.0;1.0;0.4
2023/09/19;1000 UTC;0.0;990.9;990.9;990.2;97.4;20.6;19.5;20.6;19.4;19.5;18.9;98.0;93.0;93.0;224.0;1.0;0.1
2023/09/19;1100 UTC;0.0;991.3;991.3;990.9;589.7;27.2;20.0;27.2;20.6;20.6;19.4;93.0;64.0;65.0;102.0;1.0;0.5
2023/09/19;1200 UTC;0.0;992.0;992.0;991.3;1225.7;30.4;21.6;30.4;27.3;21.7;19.7;65.0;59.0;59.0;76.0;2.3;1.3
2023/09/19;1300 UTC;0.0;992.1;992.3;992.0;1780.8;33.3;21.1;33.8;30.3;22.2;21.1;61.0;48.0;49.0;87.0;3.5;1.6
2023/09/19;1400 UTC;0.0;991.5;992.1;991.5;2602.9;35.6;14.8;36.4;33.0;21.3;14.8;50.0;29.0;29.0;47.0;7.0;2.6
2023/09/19;1500 UTC;0.0;990.5;991.5;990.5;3141.4;36.5;15.3;37.1;35.4;15.6;14.0;30.0;27.0;28.0;91.0;7.0;2.2
2023/09/19;1600 UTC;0.0;989.3;990.5;989.3;3210.8;37.1;14.4;37.3;36.3;15.6;14.3;29.0;26.0;26.0;90.0;8.2;3.3
2023/09/19;1700 UTC;0.0;988.3;989.3;988.3;2963.2;37.5;14.8;38.5;36.8;15.7;14.2;28.0;24.0;26.0;46.0;8.2;2.8
2023/09/19;1800 UTC;0.0;987.3;988.3;987.3;2434.8;37.8;14.4;38.5;37.3;15.1;13.9;26.0;24.0;25.0;130.0;6.5;2.2
2023/09/19;1900 UTC;0.0;986.8;987.3;986.8;1702.6;37.9;14.3;38.5;37.6;15.2;14.0;26.0;24.0;25.0;99.0;5.9;2.0
2023/09/19;2000 UTC;0.0;986.8;986.8;986.7;950.7;37.0;15.2;38.1;37.0;15.5;14.0;28.0;24.0;27.0;72.0;4.1;1.6
2023/09/19;2100 UTC;0.0;986.9;986.9;986.7;279.0;31.9;19.0;37.0;31.9;19.5;15.0;48.0;27.0;46.0;112.0;2.9;0.4
2023/09/19;2200 UTC;0.0;987.4;987.4;986.9;1.2;27.9;19.0;31.9;27.9;19.7;18.7;59.0;46.0;58.0;237.0;0.7;0.2
2023/09/19;2300 UTC;0.0;987.5;987.6;987.4;;26.0;19.2;27.9;26.0;19.4;18.8;66.0;58.0;66.0;188.0;0.4;0.2
2023/09/20;0000 UTC;0.0;988.1;988.1;987.5;;24.4;19.7;26.0;24.4;19.9;19.1;75.0;66.0;75.0;327.0;0.6;0.3
2023/09/20;0100 UTC;0.0;988.8;988.8;988.1;;23.4;19.1;24.4;23.3;19.9;19.0;80.0;75.0;77.0;34.0;0.9;0.3
2023/09/20;0200 UTC;0.0;989.0;989.0;988.8;;22.5;19.3;23.4;22.5;19.4;18.8;82.0;77.0;82.0;96.0;1.1;0.1
2023/09/20;0300 UTC;0.0;989.2;989.2;989.0;;22.1;19.0;22.7;22.0;19.3;18.5;83.0;78.0;83.0;289.0;0.9;0.2
2023/09/20;0400 UTC;0.0;989.0;989.2;989.0;;21.8;18.8;22.1;21.6;19.3;18.6;86.0;82.0;83.0;168.0;0.9;0.7
2023/09/20;0500 UTC;0.0;988.8;989.0;988.8;;20.9;18.8;21.8;20.8;18.9;18.4;89.0;83.0;88.0;157.0;0.9;0.4
2023/09/20;0600 UTC;0.0;988.6;988.8;988.6;;20.1;18.7;21.0;20.1;19.0;18.5;92.0;86.0;92.0;51.0;1.0;0.4
2023/09/20;0700 UTC;0.0;988.5;988.6;988.4;;19.8;18.1;20.2;19.7;18.7;18.0;92.0;89.0;90.0;210.0;0.9;0.4
2023/09/20;0800 UTC;0.0;989.0;989.0;988.5;;19.4;17.8;19.8;19.4;18.2;17.7;92.0;89.0;91.0;166.0;1.5;0.3
2023/09/20;0900 UTC;0.0;989.5;989.5;989.0;;19.1;17.8;19.6;19.1;18.0;17.7;93.0;90.0;92.0;186.0;0.7;0.3
2023/09/20;1000 UTC;0.0;990.4;990.4;989.5;103.2;20.3;18.5;20.3;19.0;18.5;17.7;94.0;89.0;89.0;112.0;1.2;0.6
2023/09/20;1100 UTC;0.0;991.5;991.5;990.4;640.3;25.9;18.7;25.9;20.4;19.0;18.2;89.0;65.0;65.0;109.0;5.0;2.2
2023/09/20;1200 UTC;0.0;991.8;991.8;991.4;1283.2;30.4;17.8;30.4;25.9;18.9;17.7;65.0;47.0;47.0;83.0;5.7;1.6
2023/09/20;1300 UTC;0.0;991.7;991.8;991.7;1882.2;34.7;17.3;34.7;30.4;19.0;17.1;47.0;35.0;36.0;50.0;3.9;1.5
2023/09/20;1400 UTC;0.0;991.2;991.7;991.2;2635.1;36.6;16.9;36.8;34.7;18.0;16.5;37.0;31.0;31.0;89.0;6.3;2.9
2023/09/20;1500 UTC;0.0;990.2;991.2;990.2;3135.1;37.4;16.7;38.3;36.5;17.7;16.4;32.0;29.0;30.0;65.0;6.9;2.7
2023/09/20;1600 UTC;0.0;989.1;990.2;989.1;3231.5;38.5;;38.7;37.4;17.4;15.0;30.0;25.0;;78.0;8.3;3.4
2023/09/20;1700 UTC;0.0;987.9;989.1;987.9;2961.5;39.0;17.1;39.1;37.8;17.7;15.7;30.0;26.0;28.0;68.0;8.3;2.1
2023/09/20;1800 UTC;0.0;986.9;987.9;986.9;1936.7;38.9;16.2;39.6;37.6;17.3;15.4;29.0;25.0;26.0;29.0;6.7;1.4
2023/09/20;1900 UTC;0.0;986.4;986.9;986.4;1553.8;38.9;16.8;40.0;38.3;17.0;16.0;29.0;26.0;27.0;86.0;5.2;1.4
2023/09/20;2000 UTC;0.0;986.3;986.4;986.3;882.5;38.0;17.2;38.9;38.0;17.2;15.8;30.0;27.0;30.0;65.0;4.2;0.9
2023/09/20;2100 UTC;0.0;986.4;986.4;986.3;269.8;32.5;21.1;38.0;32.5;21.5;16.6;52.0;28.0;51.0;138.0;2.6;0.5
2023/09/20;2200 UTC;0.0;986.9;986.9;986.4;1.3;28.8;20.7;32.5;28.8;21.3;19.9;62.0;51.0;62.0;237.0;0.8;0.2
2023/09/20;2300 UTC;0.0;987.3;987.3;986.9;;26.7;19.7;28.8;26.7;20.7;19.5;66.0;61.0;65.0;304.0;0.6;0.3
2023/09/21;0000 UTC;;;;;;;;;;;;;;;;;
2023/09/21;0100 UTC;0.0;988.1;988.1;987.5;;24.5;19.8;25.5;24.5;20.1;19.5;76.0;71.0;75.0;294.0;1.1;0.4
2023/09/21;0200 UTC;0.0;988.3;988.4;988.1;;23.5;19.6;24.5;23.5;20.3;19.3;79.0;75.0;79.0;267.0;0.5;0.1
2023/09/21;0300 UTC;0.0;988.6;988.6;988.2;;22.4;19.9;23.5;22.3;19.9;19.1;86.0;78.0;86.0;323.0;1.6;1.1
2023/09/21;0400 UTC;0.0;988.3;988.6;988.3;;22.9;19.6;23.1;22.4;20.4;19.4;87.0;81.0;82.0;188.0;1.6;0.5
2023/09/21;0500 UTC;0.0;987.7;988.4;987.7;;23.6;19.5;24.1;22.9;19.6;19.2;82.0;76.0;78.0;162.0;1.8;0.4
2023/09/21;0600 UTC;0.0;987.5;987.7;987.4;;23.2;20.0;23.9;23.1;20.0;19.4;82.0;76.0;82.0;186.0;0.8;0.1
2023/09/21;0700 UTC;0.0;987.7;987.7;987.5;;22.2;20.0;23.2;22.2;20.1;19.5;87.0;81.0;87.0;117.0;1.1;0.2
2023/09/21;0800 UTC;0.0;987.8;987.8;987.6;;21.4;19.6;22.2;21.4;20.0;19.4;90.0;86.0;90.0;178.0;1.3;0.3
2023/09/21;0900 UTC;0.0;988.6;988.6;987.8;;20.8;19.5;21.4;20.7;19.7;19.3;93.0;89.0;92.0;94.0;1.2;0.2
2023/09/21;1000 UTC;0.0;989.7;989.7;988.6;103.8;21.8;20.0;21.8;20.5;20.1;19.3;94.0;89.0;89.0;95.0;1.0;0.5
2023/09/21;1100 UTC;0.0;990.7;990.7;989.7;595.9;27.0;20.7;27.0;21.8;20.7;19.8;89.0;68.0;68.0;80.0;2.5;1.1
2023/09/21;1200 UTC;0.0;991.4;991.4;990.7;1221.1;30.3;20.4;30.5;27.0;21.1;20.0;68.0;54.0;56.0;61.0;2.8;1.4
2023/09/21;1300 UTC;0.0;991.5;991.5;991.4;1807.5;34.1;20.5;34.3;30.3;21.2;19.8;56.0;44.0;45.0;32.0;2.8;0.7
2023/09/21;1400 UTC;0.0;991.1;991.5;991.1;2619.2;35.6;18.2;36.2;34.1;20.6;18.0;45.0;36.0;36.0;83.0;5.5;2.7
2023/09/21;1500 UTC;0.0;990.2;991.1;990.2;3103.4;36.9;17.4;37.2;35.5;18.8;17.2;37.0;31.0;32.0;17.0;7.5;3.0
2023/09/21;1600 UTC;0.0;989.3;990.2;989.3;3132.1;37.6;17.4;38.1;36.7;18.2;17.0;33.0;30.0;31.0;1.0;7.5;2.9
2023/09/21;1700 UTC;0.0;988.3;989.3;988.3;2914.1;37.8;17.2;38.6;37.0;18.0;16.8;32.0;29.0;30.0;44.0;6.1;2.8
2023/09/21;1800 UTC;0.0;987.3;988.3;987.3;2426.5;38.5;17.6;39.2;37.5;18.0;15.4;30.0;26.0;30.0;20.0;5.8;1.6
2023/09/21;1900 UTC;0.0;986.6;987.3;986.6;1642.5;38.5;17.3;38.8;37.8;17.8;15.6;30.0;26.0;29.0;4.0;5.0;1.6
2023/09/21;2000 UTC;0.0;986.3;986.6;986.3;917.0;37.3;;38.7;37.3;17.7;16.5;31.0;28.0;;66.0;3.5;1.1
2023/09/21;2100 UTC;0.0;986.2;986.3;986.1;262.7;32.3;20.3;37.3;32.3;20.4;17.6;49.0;31.0;49.0;349.0;2.1;0.7
2023/09/21;2200 UTC;0.0;986.8;986.8;986.2;1.0;28.6;20.4;32.2;28.6;20.9;19.7;61.0;49.0;61.0;144.0;1.3;0.2
2023/09/21;2300 UTC;0.0;987.4;987.4;986.8;;26.4;20.0;28.6;26.4;20.6;19.7;68.0;61.0;68.0;326.0;0.7;0.5
2023/09/22;0000 UTC;0.0;988.2;988.2;987.4;;25.4;20.1;26.6;25.4;20.4;19.7;72.0;66.0;72.0;204.0;0.7;0.1
2023/09/22;0100 UTC;0.0;989.0;989.0;988.2;;24.4;19.9;25.4;24.4;20.3;19.9;77.0;72.0;76.0;149.0;1.0;0.4
2023/09/22;0200 UTC;0.0;989.1;989.2;989.0;;23.6;20.2;24.4;23.6;20.5;19.7;81.0;76.0;81.0;340.0;1.2;0.6
2023/09/22;0300 UTC;0.0;988.6;989.1;988.6;;22.6;20.2;23.6;22.6;20.4;19.9;86.0;81.0;86.0;89.0;1.1;0.2
2023/09/22;0400 UTC;0.0;988.0;988.6;988.0;;22.1;20.5;22.6;22.1;20.5;19.9;91.0;86.0;91.0;302.0;1.1;0.2
2023/09/22;0500 UTC;0.0;987.6;988.0;987.6;;21.6;19.7;22.1;21.6;20.4;19.7;91.0;88.0;89.0;195.0;0.8;0.3
2023/09/22;0600 UTC;0.0;987.3;987.6;987.2;;21.0;19.8;21.6;21.0;19.9;19.5;93.0;89.0;93.0;112.0;0.7;0.2
2023/09/22;0700 UTC;0.0;987.4;987.4;987.3;;20.6;19.1;21.0;20.6;19.8;19.1;94.0;91.0;91.0;89.0;0.5;0.2
2023/09/22;0800 UTC;0.0;988.2;988.2;987.4;;20.1;18.9;20.6;20.1;19.2;18.9;94.0;91.0;93.0;298.0;1.0;0.3
2023/09/22;0900 UTC;0.0;989.1;989.1;988.2;;20.1;19.5;20.5;19.9;19.6;18.8;97.0;92.0;96.0;309.0;2.1;0.2
2023/09/22;1000 UTC;0.0;989.8;989.8;989.1;106.9;21.7;19.4;21.7;20.0;19.8;19.2;97.0;87.0;87.0;47.0;3.5;0.6
2023/09/22;1100 UTC;0.0;990.7;990.7;989.8;627.4;26.1;19.9;26.2;21.5;20.2;19.1;89.0;66.0;69.0;150.0;2.1;1.2
2023/09/22;1200 UTC;0.0;991.3;991.3;990.7;1259.4;29.5;19.8;29.6;26.0;20.4;19.3;69.0;56.0;56.0;84.0;3.2;1.0
2023/09/22;1300 UTC;0.0;991.3;991.4;991.2;1857.7;33.5;18.6;33.5;29.5;20.5;18.1;57.0;40.0;41.0;21.0;3.9;1.5
2023/09/22;1400 UTC;0.0;990.7;991.4;990.7;2656.7;35.6;15.7;35.9;33.3;18.3;14.8;41.0;29.0;31.0;58.0;4.6;2.1
2023/09/22;1500 UTC;0.0;990.0;990.7;990.0;3164.3;37.1;14.2;37.2;35.3;15.6;13.7;30.0;25.0;26.0;34.0;5.6;2.1
2023/09/22;1600 UTC;0.0;988.8;990.1;988.8;3175.5;37.2;;38.5;36.2;15.0;12.2;27.0;23.0;;341.0;6.6;2.0
2023/09/22;1700 UTC;0.0;987.6;988.8;987.6;2969.7;38.6;14.7;38.6;37.1;14.8;13.4;26.0;22.0;24.0;75.0;6.1;1.9
2023/09/22;1800 UTC;0.0;986.6;987.7;986.6;2476.1;38.6;14.1;38.8;37.7;15.1;13.8;26.0;23.0;23.0;89.0;5.1;1.6
2023/09/22;1900 UTC;0.0;986.3;986.6;986.3;1644.5;39.0;14.5;39.4;38.2;15.1;13.0;25.0;22.0;24.0;357.0;4.0;0.7
2023/09/22;2000 UTC;0.0;986.4;986.4;986.3;913.4;37.9;14.3;39.1;37.9;15.3;14.0;27.0;23.0;25.0;10.0;3.9;1.1
2023/09/22;2100 UTC;0.0;986.5;986.5;986.4;277.0;32.1;18.5;37.9;32.1;19.2;14.5;46.0;25.0;44.0;292.0;2.1;0.4
2023/09/22;2200 UTC;0.0;987.0;987.0;986.5;0.6;28.1;19.6;32.1;28.1;19.6;17.7;60.0;43.0;60.0;161.0;0.7;0.2
2023/09/22;2300 UTC;;;;;;;;;;;;;;;;;
2023/09/23;0000 UTC;0.0;988.2;988.2;987.5;;24.7;18.6;26.2;24.7;19.6;18.6;71.0;67.0;69.0;104.0;2.4;0.3
2023/09/23;0100 UTC;;;;;;;;;;;;;;;;;
2023/09/23;0200 UTC;0.0;988.6;988.8;988.6;;22.9;18.6;24.0;22.9;19.2;18.6;78.0;72.0;77.0;310.0;0.8;0.3
2023/09/23;0300 UTC;0.0;988.6;988.7;988.6;;23.0;19.0;23.8;22.2;19.3;18.1;81.0;75.0;78.0;337.0;3.8;1.1
2023/09/23;0400 UTC;0.0;988.3;988.6;988.3;;21.8;18.6;23.0;21.8;19.3;18.6;82.0;78.0;82.0;193.0;2.8;0.5
2023/09/23;0500 UTC;0.0;987.8;988.3;987.8;;22.0;19.1;22.1;21.2;19.3;18.3;86.0;82.0;84.0;261.0;1.0;0.6
2023/09/23;0600 UTC;0.0;987.9;988.0;987.5;;20.7;18.3;21.9;20.6;19.3;18.3;89.0;84.0;86.0;225.0;2.1;0.6
2023/09/23;0700 UTC;0.0;987.9;988.0;987.5;;19.5;18.3;20.7;19.5;18.9;18.2;93.0;86.0;93.0;73.0;1.2;0.9
2023/09/23;0800 UTC;0.0;988.5;988.5;987.9;;19.4;18.2;20.0;19.4;18.5;18.1;93.0;89.0;93.0;121.0;1.5;0.4
2023/09/23;0900 UTC;0.0;989.4;989.4;988.5;;19.4;18.3;20.2;19.3;18.6;18.0;94.0;90.0;93.0;5.0;3.1;0.3
2023/09/23;1000 UTC;0.0;990.3;990.3;989.4;106.2;21.0;19.0;21.0;19.3;19.0;18.3;94.0;88.0;88.0;29.0;2.0;0.6
2023/09/23;1100 UTC;0.0;991.0;991.0;990.3;718.1;26.9;20.4;26.9;21.0;20.4;18.9;89.0;67.0;68.0;46.0;3.1;1.2
2023/09/23;1200 UTC;0.0;991.3;991.3;991.0;1372.4;30.7;21.1;30.8;26.9;21.3;20.1;67.0;56.0;56.0;348.0;3.4;1.4
2023/09/23;1300 UTC;0.0;991.3;991.4;991.3;1954.1;34.1;20.2;34.3;30.7;21.5;20.2;57.0;44.0;44.0;346.0;5.3;2.8
2023/09/23;1400 UTC;0.0;990.7;991.3;990.7;2723.4;36.8;19.3;36.8;33.8;20.7;19.0;45.0;36.0;36.0;336.0;5.8;2.2
2023/09/23;1500 UTC;0.0;989.5;990.7;989.5;3209.6;37.5;18.0;38.3;36.5;19.9;17.6;37.0;31.0;32.0;55.0;6.8;2.9
2023/09/23;1600 UTC;0.0;988.3;989.5;988.3;3260.2;38.3;16.3;39.2;37.4;18.3;16.3;32.0;27.0;28.0;26.0;7.5;3.2
2023/09/23;1700 UTC;0.0;987.0;988.3;987.0;3067.2;38.8;16.3;40.0;38.2;17.4;14.3;29.0;23.0;27.0;69.0;7.4;3.2
2023/09/23;1800 UTC;0.0;986.3;987.0;986.2;2322.5;39.0;16.0;40.2;38.4;17.0;15.8;28.0;25.0;26.0;32.0;7.0;2.2
2023/09/23;1900 UTC;0.0;985.7;986.3;985.7;1447.5;38.3;17.2;39.3;37.9;17.5;15.7;30.0;26.0;29.0;20.0;5.6;1.7
2023/09/23;2000 UTC;0.0;986.0;986.0;985.7;926.3;37.6;17.9;38.7;37.6;18.0;16.9;32.0;28.0;32.0;9.0;5.0;1.5
2023/09/23;2100 UTC;0.0;986.4;986.4;986.0;267.3;34.0;19.5;37.7;34.0;19.5;17.6;43.0;31.0;43.0;21.0;4.5;0.9
2023/09/23;2200 UTC;0.0;987.0;987.0;986.4;0.8;29.5;19.9;34.0;29.5;20.2;18.6;56.0;43.0;56.0;350.0;2.2;0.6
2023/09/23;2300 UTC;0.0;987.4;987.4;987.0;;27.8;19.9;29.5;27.8;20.2;19.6;63.0;55.0;62.0;342.0;2.1;0.5
2023/09/24;0000 UTC;;;;;;;;;;;;;;;;;
2023/09/24;0100 UTC;0.0;988.6;988.6;987.9;;26.0;20.5;26.5;25.9;20.5;20.2;72.0;68.0;71.0;8.0;0.7;0.3
2023/09/24;0200 UTC;;;;;;;;;;;;;;;;;
2023/09/24;0300 UTC;0.0;988.8;989.0;988.8;;25.3;20.6;26.4;25.2;20.6;20.3;76.0;70.0;75.0;347.0;2.2;0.6
2023/09/24;0400 UTC;0.0;988.2;988.8;988.2;;24.4;20.8;25.3;24.1;20.8;20.5;81.0;75.0;80.0;327.0;1.7;0.3
2023/09/24;0500 UTC;0.0;987.4;988.2;987.4;;23.8;20.6;24.5;23.8;20.9;20.6;84.0;80.0;82.0;167.0;1.5;0.3
2023/09/24;0600 UTC;0.0;987.3;987.5;987.3;;22.5;20.7;23.8;22.5;20.8;20.4;89.0;82.0;89.0;38.0;1.6;0.6
2023/09/24;0700 UTC;0.0;987.4;987.4;987.1;;22.2;20.7;22.6;22.1;20.8;20.4;92.0;88.0;91.0;51.0;1.5;1.0
2023/09/24;0800 UTC;0.0;987.9;987.9;987.4;;21.8;20.6;23.0;21.7;21.1;20.4;93.0;87.0;93.0;294.0;1.5;0.3
2023/09/24;0900 UTC;0.0;988.4;988.4;987.9;;21.2;20.4;21.9;21.2;20.7;20.3;96.0;93.0;95.0;153.0;0.8;0.5
2023/09/24;1000 UTC;0.0;989.6;989.6;988.4;122.0;22.9;20.9;22.9;21.0;20.9;20.0;95.0;88.0;88.0;54.0;1.9;0.9
2023/09/24;1100 UTC;0.0;990.6;990.6;989.6;721.8;27.2;21.8;27.2;22.9;21.9;20.7;88.0;72.0;72.0;115.0;2.4;0.9
2023/09/24;1200 UTC;0.0;991.0;991.1;990.6;1331.8;30.2;21.6;30.7;27.3;22.2;21.3;72.0;59.0;60.0;176.0;2.7;1.6
2023/09/24;1300 UTC;0.0;991.0;991.1;991.0;1934.1;34.4;21.0;34.4;30.2;22.0;20.5;60.0;46.0;46.0;256.0;4.1;1.4
2023/09/24;1400 UTC;0.0;990.7;991.0;990.6;2703.0;36.1;20.6;36.1;33.3;21.3;20.1;47.0;41.0;41.0;349.0;5.0;1.8
2023/09/24;1500 UTC;0.0;989.8;990.7;989.8;3103.2;37.2;20.3;37.7;35.0;21.2;19.2;43.0;36.0;38.0;275.0;5.0;1.9
2023/09/24;1600 UTC;0.0;988.9;989.9;988.9;3111.9;37.4;19.4;38.1;36.7;21.1;19.4;39.0;35.0;35.0;97.0;5.1;2.5
2023/09/24;1700 UTC;0.0;987.8;988.9;987.8;2773.4;39.0;19.1;39.0;37.2;19.7;18.5;35.0;32.0;32.0;121.0;6.4;1.9
2023/09/24;1800 UTC;0.0;987.0;987.8;987.0;2380.3;39.2;19.5;39.9;38.1;19.9;18.3;34.0;30.0;32.0;34.0;5.2;2.1
2023/09/24;1900 UTC;0.0;986.2;987.0;986.2;1685.9;38.6;;39.6;38.3;19.2;17.3;33.0;27.0;;35.0;4.6;1.6
2023/09/24;2000 UTC;0.0;986.3;986.3;986.1;966.2;37.9;18.9;39.0;37.9;19.3;18.2;33.0;31.0;33.0;4.0;4.1;1.3
2023/09/24;2100 UTC;0.0;986.6;986.7;986.3;291.4;33.9;21.7;37.9;33.9;21.9;18.8;49.0;33.0;49.0;26.0;2.9;0.3
2023/09/24;2200 UTC;0.0;987.5;987.5;986.6;2.1;31.4;20.7;34.0;31.4;22.0;20.2;55.0;45.0;53.0;16.0;4.3;1.2
2023/09/24;2300 UTC;;;;;;;;;;;;;;;;;
2023/09/25;0000 UTC;0.0;988.7;988.7;987.8;;26.9;21.1;28.8;26.9;21.3;21.0;71.0;64.0;70.0;299.0;1.1;0.4
2023/09/25;0100 UTC;0.0;989.2;989.2;988.7;;26.2;21.4;27.1;25.9;21.6;21.0;76.0;70.0;75.0;308.0;0.9;0.6
2023/09/25;0200 UTC;0.0;989.2;989.2;989.1;;25.1;21.4;26.2;25.1;21.9;21.3;81.0;75.0;80.0;40.0;0.9;0.2
2023/09/25;0300 UTC;0.0;989.4;989.6;989.2;;26.8;21.3;26.8;24.7;21.6;21.1;82.0;72.0;72.0;13.0;4.5;1.4
2023/09/25;0400 UTC;0.0;989.0;989.4;989.0;;24.6;21.1;27.4;24.6;21.4;20.9;81.0;69.0;81.0;8.0;4.5;0.4
2023/09/25;0500 UTC;0.0;988.4;989.0;988.3;;23.9;21.1;24.7;23.7;21.3;21.0;86.0;81.0;84.0;264.0;1.0;0.4
2023/09/25;0600 UTC;0.0;988.2;988.4;988.1;;23.2;20.9;24.2;23.2;21.1;20.9;87.0;82.0;87.0;40.0;0.8;0.5
2023/09/25;0700 UTC;0.0;988.2;988.2;987.9;;23.2;21.0;23.8;23.1;21.0;20.8;88.0;84.0;88.0;131.0;1.1;0.3
2023/09/25;0800 UTC;0.0;988.9;988.9;988.2;;23.5;21.1;24.7;22.9;21.1;20.8;88.0;80.0;86.0;320.0;3.8;0.5
2023/09/25;0900 UTC;0.0;989.2;989.2;988.9;;22.2;21.0;23.7;22.2;21.2;20.9;93.0;85.0;93.0;358.0;1.6;1.1
2023/09/25;1000 UTC;0.0;989.6;989.6;989.2;115.1;23.9;21.4;23.9;22.2;21.4;21.0;94.0;86.0;86.0;8.0;3.0;0.8
2023/09/25;1100 UTC;0.0;990.2;990.2;989.6;655.3;28.0;22.0;28.0;23.9;22.1;21.3;86.0;70.0;70.0;1.0;2.1;0.7
2023/09/25;1200 UTC;0.0;990.7;990.7;990.2;1266.0;31.6;21.7;31.9;28.0;22.5;21.3;70.0;54.0;56.0;289.0;3.5;1.8
2023/09/25;1300 UTC;0.0;990.6;990.8;990.6;1888.1;34.1;21.6;34.4;31.6;22.3;21.4;56.0;47.0;48.0;345.0;4.1;2.1
2023/09/25;1400 UTC;0.0;989.8;990.6;989.8;2706.5;37.2;20.2;37.4;34.1;21.9;20.2;48.0;37.0;37.0;292.0;6.5;3.2
2023/09/25;1500 UTC;0.0;988.8;989.9;988.8;3231.6;38.7;19.5;39.4;37.1;20.6;19.1;38.0;32.0;33.0;270.0;6.5;1.9
2023/09/25;1600 UTC;0.0;987.5;988.8;987.5;2902.1;38.6;19.1;40.0;38.4;19.8;18.7;33.0;31.0;32.0;223.0;5.1;2.0
2023/09/25;1700 UTC;0.0;986.3;987.4;986.3;2992.6;39.6;18.8;40.3;38.6;19.3;18.4;32.0;29.0;30.0;311.0;4.8;2.7
2023/09/25;1800 UTC;0.0;985.2;986.3;985.2;2310.4;39.6;18.9;40.7;39.2;19.6;18.6;31.0;29.0;30.0;153.0;4.7;1.9
2023/09/25;1900 UTC;0.0;984.5;985.2;984.4;1030.7;39.7;17.3;40.1;38.6;19.4;17.3;33.0;27.0;27.0;60.0;3.7;1.8
2023/09/25;2000 UTC;0.0;984.9;984.9;984.5;968.5;39.4;18.3;40.6;39.4;18.8;17.2;30.0;27.0;29.0;41.0;3.7;0.9
2023/09/25;2100 UTC;0.0;985.5;985.5;984.9;266.4;35.4;20.3;39.4;35.4;20.3;18.2;41.0;30.0;41.0;283.0;5.3;1.4
2023/09/25;2200 UTC;0.0;986.1;986.2;985.5;;31.2;21.0;35.4;31.2;21.4;20.2;55.0;41.0;55.0;305.0;3.0;1.0
2023/09/25;2300 UTC;0.0;987.0;987.0;986.1;;29.7;21.0;31.4;29.3;21.6;20.5;63.0;53.0;59.0;31.0;4.3;0.8
2023/09/26;0000 UTC;;;;;;;;;;;;;;;;;
2023/09/26;0100 UTC;;;;;;;;;;;;;;;;;
2023/09/26;0200 UTC;;;;;;;;;;;;;;;;;
2023/09/26;0300 UTC;0.0;988.6;988.7;988.5;;27.3;20.7;28.2;26.9;21.0;20.6;70.0;64.0;67.0;31.0;2.8;0.8
2023/09/26;0400 UTC;0.0;988.1;988.7;988.1;;26.4;21.0;28.0;25.4;21.2;20.6;76.0;65.0;72.0;194.0;1.9;0.8
2023/09/26;0500 UTC;0.0;987.7;988.1;987.7;;24.8;21.1;26.4;24.7;21.3;21.0;81.0;72.0;80.0;160.0;1.9;0.4
2023/09/26;0600 UTC;0.0;987.3;987.7;987.2;;24.1;21.3;24.9;23.8;21.5;21.0;86.0;79.0;84.0;323.0;1.0;0.5
2023/09/26;0700 UTC;0.0;986.9;987.4;986.8;;23.7;21.3;24.1;23.3;21.4;21.2;89.0;84.0;86.0;166.0;1.1;0.5
2023/09/26;0800 UTC;0.0;987.2;987.2;986.8;;23.9;21.6;24.0;23.6;21.7;21.2;88.0;86.0;87.0;145.0;1.3;0.3
2023/09/26;0900 UTC;0.0;987.9;987.9;987.2;;23.4;21.8;24.0;23.3;21.8;21.6;91.0;87.0;91.0;22.0;1.0;0.4
2023/09/26;1000 UTC;0.0;988.6;988.6;987.9;120.8;24.9;22.1;24.9;23.2;22.1;21.7;92.0;84.0;84.0;360.0;2.1;0.6
2023/09/26;1100 UTC;0.0;989.8;989.8;988.6;642.0;28.2;22.5;28.2;24.9;22.5;21.9;84.0;71.0;71.0;48.0;2.5;1.2
2023/09/26;1200 UTC;0.0;990.4;990.4;989.8;1059.1;30.7;22.5;30.7;28.1;22.9;22.2;72.0;61.0;62.0;21.0;4.4;1.8
2023/09/26;1300 UTC;0.0;990.3;990.4;990.3;1683.8;32.1;21.7;32.7;30.5;22.9;21.7;62.0;53.0;54.0;346.0;6.1;2.4
2023/09/26;1400 UTC;0.0;989.7;990.4;989.7;2586.3;34.8;21.6;35.2;32.1;22.4;21.4;55.0;46.0;46.0;300.0;7.5;3.7
2023/09/26;1500 UTC;0.0;988.4;989.7;988.4;3038.0;35.9;21.6;36.4;34.3;22.2;21.2;48.0;43.0;43.0;304.0;9.0;3.8
2023/09/26;1600 UTC;0.0;987.0;988.4;987.0;2992.1;36.9;21.3;37.8;35.6;22.1;21.0;45.0;40.0;41.0;325.0;9.0;3.3
2023/09/26;1700 UTC;0.0;985.9;987.0;985.9;2472.7;37.4;20.7;38.2;36.5;21.4;20.3;41.0;37.0;38.0;326.0;7.4;3.9
2023/09/26;1800 UTC;0.0;984.6;985.9;984.6;2396.7;38.1;20.8;38.7;37.1;21.8;20.5;39.0;36.0;37.0;271.0;8.1;3.3
2023/09/26;1900 UTC;0.0;984.7;984.7;984.3;1654.5;36.9;21.7;38.6;36.9;21.8;20.4;42.0;36.0;42.0;320.0;7.1;3.6
2023/09/26;2000 UTC;0.0;985.6;985.6;984.7;680.5;34.9;22.4;37.2;34.9;22.4;21.5;48.0;41.0;48.0;279.0;7.6;3.5
2023/09/26;2100 UTC;0.0;986.5;986.6;985.5;209.7;33.6;22.4;35.0;33.6;22.6;22.3;52.0;48.0;52.0;274.0;6.5;2.1
2023/09/26;2200 UTC;0.0;987.4;987.4;986.2;0.1;30.4;22.0;33.6;30.3;22.4;21.9;61.0;52.0;61.0;314.0;10.1;2.9
2023/09/26;2300 UTC;0.0;987.9;987.9;987.3;;28.8;22.0;30.4;28.8;22.0;21.7;66.0;61.0;66.0;315.0;6.4;1.7
2023/09/27;0000 UTC;;;;;;;;;;;;;;;;;
2023/09/27;0100 UTC;;;;;;;;;;;;;;;;;
2023/09/27;0200 UTC;0.0;989.8;989.8;988.6;;26.5;22.0;27.5;26.0;22.1;21.8;79.0;72.0;76.0;332.0;4.4;1.4
2023/09/27;0300 UTC;0.0;989.4;989.8;989.3;;25.0;22.0;26.6;24.9;22.2;21.9;84.0;76.0;84.0;3.0;2.4;1.1
2023/09/27;0400 UTC;0.0;989.3;989.6;989.3;;25.0;22.1;25.2;24.6;22.2;21.9;86.0;82.0;84.0;352.0;3.8;1.2
2023/09/27;0500 UTC;0.0;988.7;989.3;988.7;;24.6;22.2;25.1;24.6;22.2;22.0;87.0;84.0;87.0;5.0;3.3;0.9
2023/09/27;0600 UTC;0.0;988.3;988.7;988.2;;24.6;22.1;24.6;24.4;22.2;22.0;87.0;86.0;86.0;329.0;2.9;0.7
2023/09/27;0700 UTC;0.0;988.0;988.3;987.9;;23.9;21.9;25.0;23.8;22.2;21.9;90.0;84.0;89.0;290.0;2.0;0.9
2023/09/27;0800 UTC;0.0;988.7;988.7;988.0;;23.2;22.0;24.1;23.1;22.2;21.8;93.0;88.0;93.0;118.0;1.7;0.3
2023/09/27;0900 UTC;0.0;989.1;989.1;988.7;;22.6;21.7;23.2;22.6;22.0;21.6;95.0;92.0;95.0;147.0;1.4;0.8
2023/09/27;1000 UTC;0.0;990.1;990.1;989.1;109.3;23.6;22.3;23.6;22.5;22.3;21.6;95.0;93.0;93.0;98.0;1.4;0.8
2023/09/27;1100 UTC;0.0;990.8;990.8;990.1;700.8;26.6;22.7;26.9;23.6;22.9;22.2;93.0;78.0;79.0;87.0;2.5;1.2
2023/09/27;1200 UTC;0.0;991.5;991.6;990.8;1285.3;29.1;22.9;29.3;26.6;23.2;22.3;79.0;69.0;69.0;38.0;3.0;1.1
2023/09/27;1300 UTC;0.0;991.0;991.5;991.0;1863.0;31.3;22.5;31.5;28.4;23.2;22.0;72.0;59.0;59.0;18.0;5.0;2.0
2023/09/27;1400 UTC;0.0;990.5;991.0;990.5;1959.4;32.4;22.5;32.4;31.1;22.8;22.1;60.0;56.0;56.0;320.0;5.8;2.9
2023/09/27;1500 UTC;0.0;990.1;990.6;990.1;2203.9;33.6;22.1;33.7;32.0;22.8;21.9;57.0;51.0;51.0;22.0;4.9;0.9
2023/09/27;1600 UTC;0.0;988.4;990.1;988.4;2432.8;34.7;22.5;35.2;33.5;22.5;21.8;52.0;47.0;49.0;275.0;3.9;1.3
2023/09/27;1700 UTC;0.0;987.8;988.4;987.6;1776.5;29.5;22.2;35.9;29.5;23.5;22.1;65.0;48.0;65.0;265.0;10.7;4.6
2023/09/27;1800 UTC;0.0;986.8;987.8;986.8;261.6;28.1;22.1;29.6;27.9;22.5;21.7;70.0;65.0;70.0;314.0;10.7;2.4
2023/09/27;1900 UTC;0.0;985.9;986.8;985.9;253.2;28.3;23.1;28.3;27.3;23.1;22.1;77.0;70.0;73.0;315.0;5.6;1.5
2023/09/27;2000 UTC;0.0;985.9;986.0;985.5;204.5;28.5;23.7;29.0;28.2;23.7;22.9;76.0;71.0;75.0;352.0;2.7;1.1
2023/09/27;2100 UTC;0.0;986.6;986.6;985.9;92.0;28.2;23.7;29.1;28.2;24.2;23.5;78.0;72.0;77.0;337.0;3.4;1.2
2023/09/27;2200 UTC;0.0;987.4;987.4;986.6;;27.0;22.7;28.3;27.0;24.0;22.7;79.0;76.0;78.0;318.0;4.6;1.3
2023/09/27;2300 UTC;0.0;988.2;988.3;987.4;;26.3;22.8;27.0;26.3;22.9;22.7;81.0;77.0;81.0;287.0;4.4;2.5
2023/09/28;0000 UTC;0.0;989.2;989.3;988.2;;25.7;23.0;26.3;25.6;23.0;22.6;85.0;81.0;85.0;247.0;6.5;1.2
2023/09/28;0100 UTC;0.0;989.1;989.5;989.1;;25.5;23.2;25.7;25.4;23.2;23.0;87.0;85.0;87.0;307.0;3.3;0.8
2023/09/28;0200 UTC;0.0;989.3;989.4;989.0;;25.0;23.2;25.5;25.0;23.2;23.0;90.0;87.0;90.0;56.0;1.6;0.6
2023/09/28;0300 UTC;0.0;988.8;989.4;988.8;;24.5;23.2;25.1;24.5;23.3;23.1;92.0;89.0;92.0;67.0;1.5;0.6
2023/09/28;0400 UTC;0.0;988.1;988.8;988.1;;24.4;23.0;24.5;24.1;23.3;23.0;94.0;92.0;92.0;137.0;1.7;0.6
2023/09/28;0500 UTC;0.0;986.9;988.1;986.9;;24.0;23.3;24.5;23.9;23.4;23.0;96.0;92.0;96.0;32.0;4.7;1.0
2023/09/28;0600 UTC;0.0;986.7;986.9;986.4;;23.5;23.2;24.1;23.5;23.4;23.1;98.0;96.0;98.0;337.0;2.4;1.1
2023/09/28;0700 UTC;0.0;987.4;987.5;986.7;;23.2;22.9;23.5;23.1;23.1;22.7;98.0;97.0;98.0;338.0;1.9;1.0
2023/09/28;0800 UTC;0.0;987.5;987.7;987.2;;22.9;22.5;23.3;22.8;22.9;22.4;98.0;97.0;98.0;301.0;2.1;0.5
2023/09/28;0900 UTC;0.0;988.4;988.4;987.5;;23.2;22.8;23.2;22.5;22.8;22.2;99.0;98.0;98.0;4.0;1.6;0.5
2023/09/28;1000 UTC;0.0;989.2;989.2;988.3;120.5;24.0;23.0;24.0;23.1;23.1;22.6;98.0;94.0;94.0;36.0;1.7;0.8
2023/09/28;1100 UTC;0.0;990.1;990.1;989.2;444.8;25.8;23.5;25.8;24.0;23.6;23.0;94.0;88.0;88.0;338.0;1.8;0.6
2023/09/28;1200 UTC;0.0;991.0;991.0;990.1;884.4;28.5;23.5;28.8;25.8;23.8;23.3;88.0;73.0;74.0;280.0;1.6;0.4
2023/09/28;1300 UTC;0.0;991.0;991.0;990.9;1621.9;30.9;24.0;30.9;28.4;24.1;22.5;75.0;67.0;67.0;53.0;3.2;1.6
2023/09/28;1400 UTC;0.0;991.0;991.1;991.0;2617.4;31.9;23.8;32.7;30.8;23.9;23.2;67.0;59.0;62.0;166.0;4.3;1.1
2023/09/28;1500 UTC;0.0;990.0;991.0;990.0;2870.8;33.4;23.3;34.2;31.6;23.7;22.7;62.0;54.0;55.0;90.0;3.9;1.7
2023/09/28;1600 UTC;0.0;988.4;990.0;988.4;2468.8;33.9;23.5;35.3;33.5;23.8;23.1;55.0;51.0;55.0;280.0;4.0;1.6
2023/09/28;1700 UTC;0.0;987.3;988.4;987.3;2329.5;34.9;22.5;35.8;33.4;24.1;22.2;56.0;48.0;49.0;343.0;4.1;1.6
2023/09/28;1800 UTC;2.0;988.3;988.3;986.9;1107.2;25.4;24.2;36.8;25.4;24.4;22.4;93.0;45.0;93.0;359.0;10.2;3.7
2023/09/28;1900 UTC;14.0;989.5;989.5;988.3;18.8;24.0;23.8;25.4;23.7;24.5;23.1;99.0;93.0;99.0;38.0;12.3;1.2
2023/09/28;2000 UTC;0.8;988.3;989.7;988.3;7.8;24.1;23.8;24.2;23.8;23.9;23.3;99.0;97.0;99.0;124.0;3.1;0.7
2023/09/28;2100 UTC;0.8;988.9;988.9;987.9;3.2;23.9;23.8;24.4;23.8;24.2;23.5;100.0;98.0;99.0;330.0;3.6;2.5
2023/09/28;2200 UTC;1.2;988.7;989.1;988.7;;23.5;23.3;23.9;23.5;23.8;23.1;99.0;97.0;99.0;351.0;3.6;0.9
2023/09/28;2300 UTC;;;;;;;;;;;;;;;;;
2023/09/29;0000 UTC;0.0;990.1;990.1;989.4;;23.7;23.6;24.1;23.6;24.0;23.4;99.0;99.0;99.0;359.0;2.7;0.3
2023/09/29;0100 UTC;0.0;990.2;990.2;990.1;;23.9;23.9;23.9;23.6;23.9;23.5;100.0;99.0;100.0;355.0;1.7;0.2
2023/09/29;0200 UTC;0.0;990.7;990.7;990.2;;23.9;23.8;24.2;23.8;24.2;23.7;100.0;99.0;99.0;338.0;1.0;0.4
2023/09/29;0300 UTC;0.2;990.2;990.9;990.2;;23.8;23.8;24.2;23.8;24.2;23.8;100.0;99.0;100.0;318.0;1.4;0.4
2023/09/29;0400 UTC;0.0;988.8;990.2;988.8;;23.7;23.7;24.0;23.6;24.0;23.6;100.0;100.0;100.0;281.0;1.7;0.9
2023/09/29;0500 UTC;0.0;988.7;988.8;988.6;;23.3;23.3;23.8;23.3;23.7;23.3;100.0;100.0;100.0;5.0;1.7;0.5
2023/09/29;0600 UTC;0.0;988.7;988.8;988.6;;23.2;23.2;23.5;23.1;23.5;23.1;100.0;100.0;100.0;136.0;1.1;0.6
2023/09/29;0700 UTC;0.0;988.8;988.9;988.7;;23.1;23.1;23.4;22.9;23.4;22.9;100.0;100.0;100.0;343.0;1.4;0.5
2023/09/29;0800 UTC;0.0;989.3;989.3;988.8;;23.0;23.0;23.3;23.0;23.3;22.9;100.0;100.0;100.0;84.0;1.2;0.4
2023/09/29;0900 UTC;0.0;990.1;990.1;989.4;;23.1;23.1;23.3;22.8;23.3;22.8;100.0;100.0;100.0;102.0;1.4;0.8
2023/09/29;1000 UTC;0.0;990.9;990.9;990.1;121.3;23.8;23.8;23.8;23.1;23.8;23.1;100.0;100.0;100.0;70.0;1.5;0.5
2023/09/29;1100 UTC;0.0;991.9;991.9;990.9;620.9;25.8;24.4;25.8;23.8;24.7;23.8;100.0;92.0;92.0;158.0;1.5;0.3
2023/09/29;1200 UTC;0.0;992.8;992.8;991.9;873.8;27.0;24.8;27.0;25.6;25.2;24.1;95.0;88.0;88.0;126.0;1.4;0.6
2023/09/29;1300 UTC;0.0;992.9;992.9;992.8;1354.0;28.2;24.9;28.5;26.9;25.4;24.2;89.0;81.0;82.0;316.0;2.2;0.6
2023/09/29;1400 UTC;0.0;992.9;993.0;992.8;1206.4;28.7;25.1;29.0;28.0;25.4;24.3;85.0;78.0;81.0;152.0;2.8;1.7
2023/09/29;1500 UTC;0.0;992.0;992.9;992.0;1327.7;29.1;24.8;29.3;28.7;25.3;24.2;81.0;75.0;78.0;160.0;3.6;2.1
2023/09/29;1600 UTC;0.0;990.8;992.0;990.8;1274.8;29.9;24.0;30.1;29.0;25.3;24.0;80.0;71.0;71.0;159.0;4.2;2.6
2023/09/29;1700 UTC;0.0;989.9;990.8;989.9;1966.6;31.8;25.1;31.8;29.8;25.1;23.8;72.0;65.0;68.0;165.0;4.2;1.8
2023/09/29;1800 UTC;0.0;988.8;989.9;988.8;2351.8;33.3;23.0;33.4;31.8;24.9;22.6;68.0;54.0;55.0;146.0;5.5;2.0
2023/09/29;1900 UTC;0.0;987.5;988.8;987.5;1860.3;33.9;22.6;33.9;33.0;23.8;22.1;57.0;50.0;52.0;157.0;5.1;2.5
2023/09/29;2000 UTC;0.0;988.1;988.3;987.5;1061.0;34.1;22.4;34.5;33.7;23.5;22.1;55.0;49.0;50.0;147.0;4.7;1.4
2023/09/29;2100 UTC;0.0;988.5;988.6;988.0;248.3;31.9;24.7;34.2;31.9;24.9;22.0;66.0;49.0;66.0;153.0;3.0;0.8
2023/09/29;2200 UTC;0.0;989.2;989.5;988.5;1.3;29.2;23.4;31.9;28.4;25.5;23.4;83.0;66.0;71.0;48.0;9.2;1.9
2023/09/29;2300 UTC;0.0;989.2;989.5;989.1;;26.8;24.3;29.2;26.8;24.4;23.4;86.0;71.0;86.0;143.0;4.6;0.8
2023/09/30;0000 UTC;0.0;990.1;990.1;989.2;;26.6;24.6;27.5;26.3;24.6;23.8;89.0;81.0;89.0;242.0;1.8;0.4
2023/09/30;0100 UTC;0.0;990.6;990.6;990.1;;25.6;24.4;26.6;25.5;24.7;24.2;93.0;89.0;93.0;148.0;0.9;0.2
2023/09/30;0200 UTC;;;;;;;;;;;;;;;;;
2023/09/30;0300 UTC;;;;;;;;;;;;;;;;;
2023/09/30;0400 UTC;0.0;989.3;990.3;989.3;;24.4;24.0;24.8;24.2;24.3;23.8;98.0;96.0;98.0;176.0;1.0;0.4
2023/09/30;0500 UTC;0.0;988.6;989.3;988.6;;24.5;23.6;25.0;24.3;24.1;23.5;98.0;92.0;95.0;170.0;2.5;0.7
2023/09/30;0600 UTC;0.0;988.2;988.6;988.2;;23.9;23.5;24.5;23.8;23.7;23.4;98.0;95.0;98.0;192.0;1.3;0.7
2023/09/30;0700 UTC;0.0;988.3;988.3;988.2;;23.5;22.9;24.1;23.5;23.5;22.9;98.0;95.0;97.0;131.0;1.4;0.2
2023/09/30;0800 UTC;0.0;988.6;988.6;988.2;;22.8;22.6;23.5;22.8;23.1;22.6;99.0;97.0;99.0;314.0;1.0;0.3
2023/09/30;0900 UTC;0.0;989.4;989.4;988.6;;22.5;22.5;22.8;22.4;22.7;22.3;100.0;99.0;100.0;295.0;1.4;0.4
2023/09/30;1000 UTC;0.0;990.8;990.8;989.4;181.4;23.6;23.3;23.6;22.4;23.3;22.3;100.0;98.0;98.0;40.0;1.5;0.7
2023/09/30;1100 UTC;0.0;991.5;991.5;990.8;650.9;25.7;24.0;26.0;23.6;24.2;23.3;98.0;88.0;90.0;205.0;2.8;1.0
2023/09/30;1200 UTC;0.0;992.1;992.1;991.5;1187.9;28.5;24.2;28.5;25.5;24.7;23.8;91.0;77.0;77.0;179.0;3.2;1.6
2023/09/30;1300 UTC;0.0;992.2;992.3;992.1;2012.0;30.8;24.0;30.9;28.5;24.8;23.6;77.0;67.0;67.0;200.0;4.1;1.9
2023/09/30;1400 UTC;0.0;991.6;992.2;991.6;2889.2;34.1;23.9;34.3;30.7;24.4;22.4;68.0;52.0;55.0;163.0;5.0;2.1
2023/09/30;1500 UTC;0.0;990.6;991.6;990.6;3360.0;35.7;22.5;36.2;34.2;24.1;21.5;55.0;45.0;47.0;182.0;5.6;1.3
2023/09/30;1600 UTC;0.0;989.0;990.6;989.0;3448.3;37.5;21.1;37.6;35.4;22.7;20.2;47.0;39.0;39.0;271.0;5.6;2.0
2023/09/30;1700 UTC;0.0;987.3;989.0;987.3;3041.4;37.5;21.4;38.9;36.7;22.0;19.6;41.0;35.0;39.0;191.0;5.7;2.7
2023/09/30;1800 UTC;0.0;986.4;987.3;986.4;2762.2;38.3;20.2;39.0;36.9;21.5;19.8;39.0;33.0;35.0;220.0;7.4;2.0
2023/09/30;1900 UTC;0.0;985.8;986.4;985.7;1912.6;38.4;20.4;39.1;37.2;20.6;19.2;37.0;33.0;35.0;236.0;5.5;1.6
2023/09/30;2000 UTC;0.0;985.5;985.9;985.5;1030.3;37.7;;38.8;37.4;21.1;19.1;37.0;32.0;;269.0;4.2;1.6
2023/09/30;2100 UTC;0.0;985.7;985.7;985.4;324.0;33.0;24.2;37.9;33.0;24.9;19.4;60.0;35.0;60.0;290.0;3.1;0.8
2023/09/30;2200 UTC;0.0;987.1;987.1;985.7;4.8;30.9;22.6;33.0;30.9;24.4;22.2;64.0;56.0;61.0;341.0;5.1;1.9
2023/09/30;2300 UTC;;;;;;;;;;;;;;;;;
2023/10/01;0000 UTC;;;;;;;;;;;;;;;;;
2023/10/01;0100 UTC;;;;;;;;;;;;;;;;;
2023/10/01;0200 UTC;0.0;989.7;989.9;989.6;;26.3;23.1;27.9;26.3;23.3;22.7;83.0;74.0;83.0;121.0;3.3;0.3
2023/10/01;0300 UTC;0.0;989.5;989.9;989.5;;26.7;22.7;27.2;25.8;23.7;22.5;86.0;76.0;79.0;10.0;4.1;0.8
2023/10/01;0400 UTC;0.0;988.8;989.5;988.8;;24.9;23.0;26.9;24.9;23.3;22.6;90.0;78.0;89.0;346.0;1.9;0.7
2023/10/01;0500 UTC;0.0;988.1;988.8;988.1;;24.4;22.9;25.1;24.4;23.1;22.7;91.0;87.0;91.0;37.0;2.4;0.4
2023/10/01;0600 UTC;0.0;987.7;988.1;987.7;;24.0;22.9;24.7;23.7;23.4;22.7;94.0;91.0;93.0;227.0;1.0;0.3
2023/10/01;0700 UTC;0.0;987.9;988.0;987.7;;23.2;22.5;24.0;23.1;22.8;22.3;96.0;93.0;95.0;161.0;1.5;0.6
2023/10/01;0800 UTC;0.0;988.3;988.3;987.8;;22.9;22.1;23.5;22.8;22.8;22.1;97.0;95.0;95.0;149.0;1.4;0.5
2023/10/01;0900 UTC;0.0;988.6;988.6;988.3;;22.4;22.1;22.9;22.3;22.4;21.9;99.0;95.0;98.0;184.0;1.8;0.3
2023/10/01;1000 UTC;0.0;989.4;989.4;988.6;179.1;24.4;23.0;24.4;22.3;23.2;22.0;99.0;91.0;92.0;45.0;1.5;0.7
2023/10/01;1100 UTC;0.0;990.0;990.0;989.4;827.3;27.2;23.3;27.2;24.4;23.7;23.0;92.0;79.0;79.0;11.0;2.8;1.3
2023/10/01;1200 UTC;0.0;990.6;990.6;990.0;1444.1;30.5;23.3;30.5;27.1;23.8;22.8;80.0;65.0;65.0;335.0;3.0;1.1
2023/10/01;1300 UTC;0.0;990.5;990.7;990.5;2089.2;32.5;22.7;33.0;30.1;23.7;22.3;67.0;54.0;56.0;268.0;4.3;2.4
2023/10/01;1400 UTC;0.0;990.0;990.5;990.0;2963.2;35.0;21.7;35.7;32.2;23.5;21.7;58.0;46.0;46.0;216.0;4.3;1.7
2023/10/01;1500 UTC;0.0;989.1;990.0;989.1;3399.7;35.8;22.4;36.6;34.9;23.1;21.6;49.0;44.0;46.0;318.0;4.8;1.7
2023/10/01;1600 UTC;0.0;988.0;989.1;988.0;3600.2;37.5;21.9;38.1;35.9;23.2;21.5;46.0;40.0;41.0;2.0;5.4;2.2
2023/10/01;1700 UTC;0.0;986.6;988.0;986.6;3376.8;38.5;21.6;38.5;36.7;22.5;20.3;42.0;37.0;38.0;311.0;6.4;1.9
2023/10/01;1800 UTC;0.0;985.5;986.6;985.5;2691.3;39.0;19.5;39.3;37.8;21.6;18.8;39.0;31.0;32.0;51.0;5.6;2.4
2023/10/01;1900 UTC;0.0;984.9;985.5;984.9;1855.2;38.5;19.3;39.3;38.2;19.8;17.7;34.0;29.0;33.0;354.0;5.5;2.3
2023/10/01;2000 UTC;0.0;984.5;984.9;984.5;990.5;37.9;19.1;38.7;37.9;20.2;18.1;35.0;31.0;34.0;11.0;4.9;1.3
2023/10/01;2100 UTC;0.0;984.7;984.8;984.4;339.8;33.1;21.7;37.9;33.1;21.7;18.8;51.0;33.0;51.0;343.0;3.0;0.5
2023/10/01;2200 UTC;0.0;985.3;985.3;984.7;0.6;29.3;22.0;33.1;29.3;22.7;21.4;66.0;51.0;65.0;22.0;1.7;0.7
2023/10/01;2300 UTC;0.0;986.3;986.3;985.3;;29.2;23.1;29.8;28.8;23.8;21.7;72.0;64.0;70.0;323.0;1.7;0.7
2023/10/02;0000 UTC;;;;;;;;;;;;;;;;;
2023/10/02;0100 UTC;0.0;987.6;987.6;986.9;;26.5;23.4;27.6;26.5;23.7;22.6;83.0;74.0;83.0;16.0;0.7;0.2
2023/10/02;0200 UTC;0.0;988.0;988.0;987.6;;26.4;23.4;27.1;26.3;23.7;23.2;85.0;80.0;84.0;328.0;2.8;0.2
2023/10/02;0300 UTC;0.0;987.8;988.0;987.7;;25.8;23.8;26.4;25.7;23.9;23.5;89.0;84.0;89.0;328.0;1.9;0.9
2023/10/02;0400 UTC;;;;;;;;;;;;;;;;;
2023/10/02;0500 UTC;0.0;987.0;987.2;986.9;;24.8;23.2;25.5;24.8;23.4;23.1;91.0;87.0;91.0;341.0;2.2;0.5
2023/10/02;0600 UTC;0.0;986.6;987.0;986.6;;27.3;22.1;27.5;24.8;23.3;22.0;91.0;73.0;73.0;12.0;4.2;1.2
2023/10/02;0700 UTC;0.0;986.6;986.6;986.3;;26.5;22.1;27.3;26.5;22.3;21.6;77.0;72.0;77.0;180.0;4.4;1.9
2023/10/02;0800 UTC;0.0;986.8;986.8;986.5;;24.6;22.6;26.8;24.6;22.6;22.1;88.0;76.0;88.0;309.0;4.4;0.4
2023/10/02;0900 UTC;0.0;987.7;987.7;986.8;;24.2;22.7;24.6;24.2;23.0;22.5;92.0;88.0;91.0;116.0;0.9;0.4
2023/10/02;1000 UTC;0.0;988.1;988.1;987.7;116.7;25.6;23.5;25.6;24.1;23.5;22.7;92.0;88.0;88.0;293.0;1.3;0.6
2023/10/02;1100 UTC;0.0;989.1;989.1;988.1;717.1;29.6;23.3;30.0;25.6;24.2;22.9;88.0;69.0;69.0;31.0;2.2;1.0
2023/10/02;1200 UTC;0.0;989.3;989.3;989.1;1306.0;32.2;23.2;32.2;29.6;23.7;22.8;70.0;59.0;59.0;324.0;2.8;1.3
2023/10/02;1300 UTC;0.0;989.3;989.5;989.2;1979.5;34.5;23.6;34.5;32.0;23.9;22.9;60.0;53.0;53.0;311.0;5.4;2.2
2023/10/02;1400 UTC;0.0;988.8;989.3;988.8;2813.9;37.0;22.6;37.4;34.1;23.9;21.6;54.0;42.0;44.0;297.0;4.3;1.8
2023/10/02;1500 UTC;0.0;987.6;988.8;987.6;3261.3;38.1;19.6;39.1;36.7;22.4;19.2;44.0;31.0;34.0;281.0;5.3;1.9
2023/10/02;1600 UTC;0.0;986.6;987.6;986.6;3379.7;39.8;16.4;40.3;37.9;20.0;14.5;35.0;23.0;26.0;75.0;6.9;2.3
2023/10/02;1700 UTC;0.0;985.4;986.6;985.4;3074.3;39.7;17.0;40.2;38.4;17.6;15.6;28.0;25.0;27.0;340.0;7.2;2.9
2023/10/02;1800 UTC;0.0;984.6;985.5;984.6;2612.8;39.5;16.3;40.4;39.0;18.5;16.3;29.0;25.0;26.0;44.0;7.3;2.3
2023/10/02;1900 UTC;0.0;983.8;984.6;983.8;1805.1;39.4;17.6;40.2;39.0;17.6;14.2;28.0;22.0;28.0;12.0;6.4;1.9
2023/10/02;2000 UTC;0.0;984.0;984.0;983.7;1006.5;37.7;16.4;39.4;37.7;17.6;15.9;31.0;26.0;29.0;13.0;5.7;1.8
2023/10/02;2100 UTC;0.0;984.0;984.0;983.8;211.7;33.4;19.6;37.7;33.4;20.0;16.6;45.0;27.0;44.0;50.0;4.7;0.5
2023/10/02;2200 UTC;0.0;984.6;984.6;984.0;;29.0;20.8;33.4;29.0;21.0;19.3;62.0;44.0;61.0;68.0;1.8;0.9
2023/10/02;2300 UTC;0.0;985.6;985.6;984.6;;27.7;20.9;29.0;27.7;21.4;20.5;68.0;60.0;66.0;249.0;1.6;0.3
2023/10/03;0000 UTC;0.0;986.1;986.1;985.6;;26.4;21.6;27.7;26.4;21.9;20.9;75.0;66.0;75.0;299.0;1.3;0.2
2023/10/03;0100 UTC;;;;;;;;;;;;;;;;;
2023/10/03;0200 UTC;0.0;987.2;987.2;986.9;;25.3;21.8;25.9;25.3;22.0;21.5;82.0;78.0;81.0;318.0;0.7;0.4
2023/10/03;0300 UTC;;;;;;;;;;;;;;;;;
2023/10/03;0400 UTC;;;;;;;;;;;;;;;;;
2023/10/03;0500 UTC;;;;;;;;;;;;;;;;;
2023/10/03;0600 UTC;0.0;986.4;986.5;986.3;;24.5;22.3;25.4;24.5;22.5;22.2;89.0;83.0;88.0;165.0;1.5;0.1
2023/10/03;0700 UTC;0.0;986.5;986.5;986.3;;24.0;22.1;24.5;24.0;22.5;22.1;91.0;88.0;89.0;138.0;0.7;0.3
2023/10/03;0800 UTC;0.0;986.9;986.9;986.5;;23.6;22.1;24.0;23.6;22.3;22.0;92.0;89.0;91.0;282.0;0.9;0.1
2023/10/03;0900 UTC;0.0;987.5;987.6;986.9;;24.8;22.2;25.1;23.6;22.5;21.7;92.0;82.0;85.0;272.0;2.5;0.6
2023/10/03;1000 UTC;0.0;988.4;988.4;987.5;100.6;24.7;22.8;24.8;24.0;22.8;21.8;91.0;85.0;89.0;93.0;1.4;0.3
2023/10/03;1100 UTC;0.0;988.9;988.9;988.4;598.8;28.1;22.7;28.2;24.7;23.0;22.1;89.0;72.0;73.0;191.0;3.6;1.8
2023/10/03;1200 UTC;0.0;989.6;989.6;988.9;1372.6;31.6;23.0;31.6;28.1;23.2;22.7;74.0;61.0;61.0;137.0;3.7;1.6
2023/10/03;1300 UTC;0.0;989.8;989.8;989.6;2032.5;33.3;23.0;33.9;31.3;23.2;22.3;61.0;51.0;55.0;201.0;3.6;1.8
2023/10/03;1400 UTC;0.0;989.7;989.9;989.7;2882.3;35.5;22.5;36.2;33.1;23.4;20.9;55.0;43.0;47.0;284.0;5.3;1.7
2023/10/03;1500 UTC;0.0;989.0;989.7;989.0;3198.2;35.7;21.9;36.3;34.6;22.4;21.2;47.0;44.0;45.0;348.0;6.2;2.3
2023/10/03;1600 UTC;0.0;987.8;989.0;987.8;1778.6;35.2;22.8;36.1;34.4;23.7;21.4;53.0;43.0;49.0;216.0;5.7;2.1
2023/10/03;1700 UTC;0.0;986.8;987.8;986.8;2133.3;36.8;22.6;37.1;34.6;23.3;22.3;51.0;44.0;44.0;231.0;4.5;2.0
2023/10/03;1800 UTC;0.0;986.0;986.9;986.0;1979.7;35.2;22.7;36.8;33.9;23.6;22.1;53.0;44.0;49.0;309.0;7.0;2.7
2023/10/03;1900 UTC;0.0;985.6;986.1;985.5;1396.6;34.8;23.0;35.8;33.7;23.4;22.2;53.0;47.0;50.0;283.0;7.0;2.5
2023/10/03;2000 UTC;0.0;985.3;985.6;985.2;490.4;33.9;24.1;35.0;33.5;24.3;22.9;59.0;50.0;57.0;324.0;4.1;1.1
2023/10/03;2100 UTC;0.0;985.3;985.3;985.1;198.9;32.5;24.1;34.1;32.5;24.4;23.3;61.0;53.0;61.0;258.0;2.4;0.9
2023/10/03;2200 UTC;0.0;986.4;986.4;985.3;9.6;30.8;24.0;32.5;30.3;25.0;23.7;73.0;61.0;67.0;225.0;2.1;0.3
2023/10/03;2300 UTC;0.0;986.7;986.7;986.3;;28.2;24.4;30.8;28.2;24.4;23.9;80.0;67.0;80.0;176.0;2.4;0.1
2023/10/04;0000 UTC;0.0;987.4;987.5;986.7;;28.0;23.8;28.5;27.6;24.5;23.4;82.0;74.0;78.0;246.0;3.3;0.2
2023/10/04;0100 UTC;0.0;987.8;987.8;987.4;;26.3;23.8;28.0;26.3;24.1;23.8;87.0;78.0;86.0;121.0;1.8;0.3
2023/10/04;0200 UTC;0.0;988.0;988.0;987.8;;25.7;23.7;26.5;25.7;24.2;23.5;88.0;86.0;88.0;130.0;1.1;0.3
2023/10/04;0300 UTC;0.0;987.5;988.0;987.4;;25.5;23.6;25.8;25.5;23.7;23.5;90.0;88.0;89.0;273.0;1.9;0.2
2023/10/04;0400 UTC;0.0;986.7;987.5;986.7;;25.0;23.5;25.5;25.0;23.7;23.5;92.0;89.0;92.0;120.0;0.4;0.2
2023/10/04;0500 UTC;0.0;986.4;986.7;986.4;;24.8;23.8;25.0;24.7;24.0;23.4;94.0;92.0;94.0;285.0;1.0;0.2
2023/10/04;0600 UTC;0.0;985.9;986.4;985.9;;24.5;23.3;25.0;24.5;23.7;23.3;94.0;92.0;93.0;355.0;1.2;0.2
2023/10/04;0700 UTC;0.0;985.9;985.9;985.7;;24.0;23.3;24.5;24.0;23.5;23.3;96.0;93.0;96.0;105.0;0.8;0.2
2023/10/04;0800 UTC;0.0;986.6;986.6;985.9;;23.5;23.0;24.0;23.5;23.3;23.0;97.0;96.0;97.0;181.0;0.6;0.3
2023/10/04;0900 UTC;0.0;987.0;987.0;986.6;;23.5;22.8;23.6;23.5;23.1;22.8;97.0;96.0;96.0;218.0;0.9;0.3
2023/10/04;1000 UTC;0.0;988.0;988.0;987.0;134.0;25.0;23.6;25.0;23.4;23.6;22.8;97.0;92.0;92.0;146.0;0.8;0.3
2023/10/04;1100 UTC;0.0;988.6;988.6;988.0;623.9;30.0;24.0;30.0;25.0;24.1;23.5;92.0;70.0;70.0;85.0;1.2;0.4
2023/10/04;1200 UTC;0.0;988.9;989.0;988.6;1307.1;32.9;24.0;32.9;30.0;24.0;22.7;70.0;57.0;59.0;49.0;1.8;0.8
2023/10/04;1300 UTC;0.0;988.9;989.1;988.9;1913.1;34.2;23.1;34.8;32.4;24.0;22.8;59.0;51.0;53.0;308.0;3.2;1.3
2023/10/04;1400 UTC;0.0;988.8;988.9;988.8;2630.4;35.8;22.0;36.3;34.0;23.3;21.8;53.0;44.0;45.0;14.0;4.3;1.9
2023/10/04;1500 UTC;0.0;988.1;988.8;988.1;1858.7;35.8;23.2;36.9;35.2;23.7;21.6;51.0;43.0;48.0;315.0;4.4;2.0
2023/10/04;1600 UTC;0.0;986.8;988.1;986.8;2084.2;35.9;22.5;37.5;35.4;23.5;22.0;50.0;42.0;46.0;152.0;4.1;2.4
2023/10/04;1700 UTC;0.0;985.5;986.8;985.5;1611.6;37.6;22.8;37.6;35.6;22.9;21.8;47.0;43.0;43.0;203.0;4.1;2.0
2023/10/04;1800 UTC;0.0;985.9;985.9;985.2;1656.4;31.8;22.4;38.3;31.5;23.3;21.6;59.0;40.0;58.0;122.0;11.4;4.5
2023/10/04;1900 UTC;0.0;986.1;986.5;985.9;643.6;29.4;22.3;31.9;27.6;23.6;22.3;78.0;57.0;66.0;303.0;9.7;3.0
2023/10/04;2000 UTC;0.0;985.4;986.2;985.4;480.4;29.1;22.0;29.6;28.6;22.5;21.4;69.0;63.0;65.0;332.0;7.1;2.1
2023/10/04;2100 UTC;0.0;986.1;986.1;985.4;110.1;27.9;21.9;29.2;27.9;22.0;21.6;70.0;65.0;70.0;9.0;3.4;1.0
2023/10/04;2200 UTC;0.0;986.5;986.9;986.1;;27.3;22.2;28.4;27.3;22.2;21.5;74.0;67.0;74.0;355.0;4.7;1.9
2023/10/04;2300 UTC;0.0;987.5;987.5;986.2;;26.6;22.6;27.3;26.4;22.7;22.2;79.0;74.0;79.0;269.0;4.8;1.3
2023/10/05;0000 UTC;0.0;988.1;988.1;987.0;;26.6;22.4;26.7;26.3;22.8;22.4;81.0;77.0;77.0;242.0;4.8;0.6
2023/10/05;0100 UTC;;;;;;;;;;;;;;;;;
2023/10/05;0200 UTC;0.0;989.1;989.4;989.0;;24.4;22.6;25.5;24.4;22.8;22.5;90.0;84.0;90.0;53.0;2.2;0.7
2023/10/05;0300 UTC;0.0;988.7;989.1;988.7;;24.1;22.6;24.8;23.8;22.9;22.5;93.0;88.0;91.0;181.0;1.4;0.4
2023/10/05;0400 UTC;0.0;988.2;988.7;988.1;;23.6;22.5;24.1;23.4;22.6;22.3;94.0;91.0;94.0;181.0;1.0;0.6
2023/10/05;0500 UTC;0.0;987.1;988.2;987.1;;23.1;22.2;23.8;23.0;22.8;22.2;96.0;92.0;95.0;195.0;1.3;0.4
2023/10/05;0600 UTC;0.0;987.0;987.2;987.0;;22.7;22.1;23.1;22.6;22.4;22.0;97.0;95.0;97.0;100.0;1.4;0.7
2023/10/05;0700 UTC;0.0;987.2;987.3;986.9;;22.9;22.3;23.5;22.7;22.8;22.1;97.0;94.0;96.0;50.0;2.1;0.5
2023/10/05;0800 UTC;0.0;987.7;987.7;987.2;;23.1;22.5;23.4;22.8;22.7;22.3;98.0;95.0;97.0;315.0;2.0;0.6
2023/10/05;0900 UTC;0.0;988.8;988.8;987.7;;24.0;22.8;24.0;23.0;22.9;22.5;97.0;92.0;93.0;26.0;3.5;0.8
2023/10/05;1000 UTC;0.4;989.6;989.6;988.8;47.9;24.1;23.5;24.3;23.7;23.8;22.8;98.0;93.0;97.0;349.0;2.2;0.8
2023/10/05;1100 UTC;3.4;990.6;991.0;989.6;23.7;24.4;23.8;24.7;24.0;23.8;23.3;98.0;93.0;96.0;151.0;6.9;0.9
2023/10/05;1200 UTC;1.0;991.1;991.1;990.6;367.1;24.8;24.4;24.9;24.4;24.5;23.7;98.0;95.0;97.0;278.0;2.9;1.4
2023/10/05;1300 UTC;0.2;991.2;991.3;991.0;956.4;27.0;24.8;27.1;24.8;25.8;24.3;97.0;88.0;88.0;266.0;2.9;1.0
2023/10/05;1400 UTC;0.0;990.7;991.3;990.7;985.2;27.2;23.4;27.7;26.9;25.6;22.9;91.0;78.0;80.0;147.0;4.1;2.3
2023/10/05;1500 UTC;0.0;989.9;990.7;989.8;2391.9;30.1;24.3;30.1;27.2;24.6;23.1;83.0;71.0;71.0;141.0;4.1;1.2
2023/10/05;1600 UTC;0.0;988.8;989.9;988.8;3376.0;31.9;23.8;32.7;29.6;25.2;23.1;72.0;59.0;63.0;223.0;4.3;1.5
2023/10/05;1700 UTC;0.0;987.3;988.8;987.3;3071.1;33.9;23.2;34.4;31.9;24.7;22.6;65.0;53.0;54.0;200.0;4.7;1.5
2023/10/05;1800 UTC;0.0;985.9;987.3;985.9;2539.3;34.4;21.9;35.2;33.2;24.0;21.8;57.0;48.0;48.0;158.0;4.8;2.7
2023/10/05;1900 UTC;0.0;985.0;985.9;985.0;1739.6;34.6;21.9;35.1;34.3;22.4;21.1;48.0;45.0;48.0;123.0;4.6;2.0
2023/10/05;2000 UTC;0.0;985.7;985.7;984.9;976.2;34.5;22.5;35.7;34.5;22.8;21.8;50.0;46.0;50.0;177.0;3.6;1.4
2023/10/05;2100 UTC;0.0;986.3;986.3;985.7;274.4;32.6;24.5;34.9;32.6;24.5;22.0;62.0;48.0;62.0;185.0;2.5;0.6
2023/10/05;2200 UTC;0.0;987.4;987.9;986.3;4.2;28.6;20.1;32.6;28.6;25.0;20.1;76.0;60.0;60.0;69.0;8.3;1.9
2023/10/05;2300 UTC;;;;;;;;;;;;;;;;;
2023/10/06;0000 UTC;0.0;990.5;990.6;988.2;;26.6;21.4;26.9;25.8;21.8;21.1;78.0;71.0;73.0;342.0;7.3;1.8
2023/10/06;0100 UTC;0.0;990.6;990.8;990.3;;26.3;22.6;26.9;25.9;22.6;21.4;81.0;73.0;80.0;161.0;3.5;0.7
2023/10/06;0200 UTC;0.6;991.8;992.0;990.6;;24.6;23.2;26.3;24.6;23.3;22.1;92.0;79.0;92.0;152.0;5.7;2.3
2023/10/06;0300 UTC;0.4;989.3;991.8;989.3;;24.2;23.4;24.6;24.0;23.6;23.2;96.0;92.0;96.0;253.0;4.2;1.2
2023/10/06;0400 UTC;0.0;989.1;989.6;989.1;;23.7;23.3;24.2;23.7;23.6;23.1;98.0;95.0;97.0;325.0;3.1;1.7
2023/10/06;0500 UTC;0.0;988.6;989.1;988.4;;23.8;22.9;23.8;23.6;23.3;22.6;97.0;93.0;94.0;239.0;4.5;0.7
2023/10/06;0600 UTC;0.0;988.1;988.7;988.1;;22.9;22.7;23.8;22.9;23.0;22.7;99.0;94.0;99.0;126.0;1.7;0.9
2023/10/06;0700 UTC;0.0;988.5;988.5;988.0;;22.7;22.4;22.9;22.6;22.8;22.4;99.0;98.0;99.0;137.0;3.2;0.9
2023/10/06;0800 UTC;0.0;989.4;989.4;988.5;;22.2;22.0;22.7;22.2;22.5;21.9;100.0;98.0;99.0;328.0;1.6;0.4
2023/10/06;0900 UTC;0.0;990.4;990.4;989.4;;21.8;21.8;22.3;21.8;22.3;21.8;100.0;99.0;100.0;54.0;1.4;0.9
2023/10/06;1000 UTC;0.0;991.6;991.6;990.4;111.8;23.2;23.0;23.2;21.8;23.0;21.8;100.0;98.0;99.0;103.0;2.7;1.0
2023/10/06;1100 UTC;0.0;991.7;991.7;991.3;424.5;24.7;23.6;24.7;23.2;23.7;22.9;99.0;93.0;94.0;95.0;2.8;1.0
2023/10/06;1200 UTC;0.0;992.8;992.8;991.7;636.7;26.5;24.0;26.6;24.8;24.5;23.7;94.0;86.0;86.0;87.0;4.2;0.8
2023/10/06;1300 UTC;0.0;993.2;993.2;992.8;878.4;27.7;23.9;27.9;26.4;24.5;23.5;89.0;78.0;80.0;89.0;3.5;1.3
2023/10/06;1400 UTC;1.4;994.3;994.3;993.2;165.5;26.0;23.4;27.7;26.0;24.1;23.1;86.0;79.0;86.0;4.0;4.4;0.9
2023/10/06;1500 UTC;13.2;994.5;994.9;994.3;208.0;23.4;23.1;26.0;23.4;24.1;23.0;99.0;86.0;98.0;2.0;9.2;3.2
2023/10/06;1600 UTC;4.8;993.0;994.5;993.0;198.1;22.8;22.6;23.5;22.7;23.1;22.5;99.0;97.0;99.0;339.0;8.8;2.5
2023/10/06;1700 UTC;1.0;991.7;993.0;991.7;591.0;23.6;22.9;23.6;22.7;23.2;22.3;99.0;95.0;96.0;286.0;5.6;1.9
2023/10/06;1800 UTC;0.0;991.1;991.7;991.0;1838.5;24.9;22.5;25.4;23.6;23.8;22.3;97.0;85.0;86.0;315.0;6.2;2.8
2023/10/06;1900 UTC;0.2;990.3;991.1;990.3;1425.0;26.1;22.9;26.6;24.9;23.7;22.7;90.0;82.0;82.0;307.0;5.4;2.2
2023/10/06;2000 UTC;0.0;990.4;990.5;990.0;917.7;26.7;23.5;26.8;26.1;23.9;22.7;85.0;80.0;83.0;265.0;4.1;1.0
2023/10/06;2100 UTC;0.0;990.4;990.5;990.2;309.7;25.7;23.6;26.8;25.7;23.8;23.2;88.0;81.0;88.0;240.0;3.4;0.6
2023/10/06;2200 UTC;0.0;990.6;990.6;990.1;5.0;24.8;23.6;25.7;24.8;23.8;23.4;94.0;88.0;93.0;176.0;2.1;0.5
2023/10/06;2300 UTC;0.0;991.0;991.0;990.5;;23.8;23.6;24.8;23.7;23.9;23.5;99.0;93.0;99.0;9.0;1.4;0.7
2023/10/07;0000 UTC;;;;;;;;;;;;;;;;;
2023/10/07;0100 UTC;;;;;;;;;;;;;;;;;
2023/10/07;0200 UTC;0.0;992.0;992.4;991.9;;22.7;22.7;23.0;22.5;23.0;22.5;100.0;100.0;100.0;72.0;0.9;0.3
2023/10/07;0300 UTC;0.0;991.2;992.0;991.2;;22.9;22.8;23.1;22.7;23.0;22.5;100.0;99.0;99.0;290.0;1.3;0.7
2023/10/07;0400 UTC;0.0;991.2;991.3;991.1;;22.1;22.1;22.9;22.0;22.7;22.0;100.0;99.0;100.0;85.0;1.3;0.7
2023/10/07;0500 UTC;0.0;991.3;991.6;991.2;;21.7;21.6;22.3;21.7;22.3;21.6;100.0;100.0;100.0;343.0;1.0;0.2
2023/10/07;0600 UTC;0.0;991.4;991.4;991.3;;22.1;22.1;22.3;21.5;22.2;21.5;100.0;100.0;100.0;275.0;1.3;0.5
2023/10/07;0700 UTC;0.0;991.5;991.5;991.3;;22.2;22.2;22.2;21.8;22.2;21.8;100.0;100.0;100.0;177.0;1.2;0.6
2023/10/07;0800 UTC;0.0;992.2;992.2;991.5;;22.2;22.2;22.4;22.0;22.4;22.0;100.0;100.0;100.0;51.0;1.3;0.3
2023/10/07;0900 UTC;0.0;993.0;993.1;992.2;;22.6;22.6;22.8;22.3;22.8;22.3;100.0;100.0;100.0;149.0;1.0;0.6
2023/10/07;1000 UTC;0.0;993.7;993.7;993.0;119.6;23.2;23.2;23.2;22.6;23.2;22.6;100.0;100.0;100.0;138.0;1.5;0.8
2023/10/07;1100 UTC;0.0;994.8;994.8;993.7;624.4;24.7;24.0;24.7;23.2;24.1;23.2;100.0;95.0;96.0;119.0;3.0;1.7
2023/10/07;1200 UTC;0.0;994.9;994.9;994.6;896.3;25.8;23.7;25.8;24.7;24.2;23.3;96.0;88.0;88.0;175.0;3.0;1.3
2023/10/07;1300 UTC;0.0;995.0;995.1;994.9;1803.7;28.0;23.0;28.5;25.8;24.3;23.0;89.0;74.0;75.0;227.0;4.0;1.5
2023/10/07;1400 UTC;0.0;995.2;995.4;995.0;1839.4;28.9;23.8;28.9;27.7;23.8;22.2;77.0;69.0;74.0;176.0;4.6;1.9
2023/10/07;1500 UTC;0.0;994.4;995.2;994.4;1803.8;28.9;23.4;29.3;28.4;23.5;21.7;74.0;65.0;72.0;156.0;5.8;2.1
2023/10/07;1600 UTC;0.0;993.5;994.4;993.4;1057.2;28.2;23.1;29.1;28.0;23.3;22.5;74.0;69.0;74.0;101.0;4.2;2.2
2023/10/07;1700 UTC;0.0;992.3;993.5;992.3;1567.2;28.9;22.6;29.0;28.2;23.5;22.0;74.0;67.0;69.0;124.0;3.7;1.8
2023/10/07;1800 UTC;0.0;991.5;992.3;991.5;1157.2;29.4;20.4;29.7;28.7;23.0;20.4;69.0;58.0;58.0;123.0;2.9;1.2
2023/10/07;1900 UTC;0.0;990.4;991.5;990.4;578.6;29.0;21.5;29.7;28.4;22.5;20.7;71.0;58.0;64.0;178.0;3.1;0.7
2023/10/07;2000 UTC;0.0;990.7;990.7;990.1;382.2;27.3;23.3;29.4;27.3;23.3;21.1;79.0;62.0;79.0;76.0;1.6;1.2
2023/10/07;2100 UTC;0.0;991.1;991.4;990.7;59.8;27.1;23.4;27.4;27.0;23.7;22.3;82.0;74.0;80.0;159.0;1.9;0.7
2023/10/07;2200 UTC;0.0;990.6;991.3;990.6;0.2;25.6;23.5;27.1;25.3;24.0;23.2;92.0;80.0;88.0;161.0;1.7;0.4
2023/10/07;2300 UTC;0.0;991.0;991.0;990.6;;24.5;23.6;25.6;24.5;23.9;23.4;96.0;88.0;94.0;75.0;1.9;0.8
2023/10/08;0000 UTC;0.0;991.1;991.4;990.8;;24.4;23.8;25.0;24.3;23.9;23.5;97.0;93.0;97.0;164.0;1.4;0.5
2023/10/08;0100 UTC;0.0;991.2;991.3;991.1;;24.0;23.4;24.4;24.0;24.0;23.4;98.0;95.0;96.0;344.0;1.0;0.3
2023/10/08;0200 UTC;;;;;;;;;;;;;;;;;
2023/10/08;0300 UTC;0.0;991.0;991.6;991.0;;23.3;23.2;23.4;23.1;23.3;22.9;99.0;99.0;99.0;241.0;1.5;0.4
2023/10/08;0400 UTC;0.0;990.8;991.0;990.7;;22.8;22.6;23.4;22.8;23.3;22.6;100.0;99.0;99.0;321.0;1.6;0.4
2023/10/08;0500 UTC;0.0;990.0;990.8;990.0;;22.5;22.4;22.9;22.5;22.8;22.4;100.0;99.0;100.0;147.0;1.1;0.5
2023/10/08;0600 UTC;0.0;990.0;990.2;990.0;;21.9;21.9;22.6;21.8;22.6;21.8;100.0;99.0;100.0;14.0;1.3;0.6
2023/10/08;0700 UTC;0.0;990.1;990.1;989.9;;21.8;21.8;22.3;21.7;22.3;21.8;100.0;100.0;100.0;93.0;1.9;0.5
2023/10/08;0800 UTC;0.0;990.6;990.7;990.1;;21.6;21.6;22.0;21.5;22.0;21.5;100.0;100.0;100.0;88.0;1.4;0.6
2023/10/08;0900 UTC;0.0;991.3;991.3;990.6;;21.2;21.2;21.7;21.2;21.7;21.2;100.0;100.0;100.0;72.0;1.4;0.5
2023/10/08;1000 UTC;0.0;991.9;991.9;991.3;219.8;23.4;23.0;23.4;21.2;23.2;21.2;100.0;98.0;98.0;100.0;1.4;0.6
2023/10/08;1100 UTC;0.0;992.5;992.5;991.9;870.6;26.4;24.0;26.5;23.4;24.4;23.0;98.0;86.0;87.0;66.0;2.7;1.1
2023/10/08;1200 UTC;0.0;993.0;993.0;992.5;1498.7;28.6;24.0;28.7;26.3;24.5;23.6;87.0;75.0;76.0;40.0;4.1;1.9
2023/10/08;1300 UTC;0.0;992.8;993.0;992.8;2194.2;31.5;23.4;31.5;28.6;24.5;22.8;77.0;62.0;62.0;62.0;4.0;1.4
2023/10/08;1400 UTC;0.0;992.4;992.8;992.4;2951.9;33.8;23.3;33.8;31.3;23.8;22.5;64.0;54.0;54.0;68.0;3.5;1.1
2023/10/08;1500 UTC;0.0;991.6;992.4;991.6;3367.8;35.2;22.0;35.2;33.2;23.1;20.3;55.0;43.0;46.0;300.0;3.7;1.5
2023/10/08;1600 UTC;0.0;990.4;991.6;990.4;3471.3;36.3;19.7;36.4;34.4;22.3;19.3;47.0;37.0;38.0;23.0;5.3;1.6
2023/10/08;1700 UTC;0.0;989.0;990.4;989.0;3199.5;36.8;20.5;37.7;35.9;21.8;18.9;41.0;37.0;39.0;346.0;4.2;1.7
2023/10/08;1800 UTC;0.0;988.2;989.0;988.2;2655.5;37.3;19.8;37.9;36.1;21.1;19.5;40.0;35.0;36.0;308.0;5.5;1.3
2023/10/08;1900 UTC;0.0;987.6;988.2;987.6;1771.7;36.5;21.3;37.6;36.2;21.7;19.6;42.0;36.0;42.0;326.0;4.5;1.9
2023/10/08;2000 UTC;0.0;987.8;987.8;987.5;1089.6;36.1;20.9;36.9;36.1;21.5;20.4;42.0;39.0;41.0;284.0;4.4;1.9
2023/10/08;2100 UTC;0.0;988.0;988.0;987.8;362.9;34.0;21.5;36.4;34.0;22.7;20.9;50.0;41.0;48.0;160.0;4.8;1.7
2023/10/08;2200 UTC;0.0;988.6;988.6;988.0;8.2;29.2;23.5;34.0;29.2;23.7;21.5;72.0;48.0;71.0;76.0;4.8;0.4
2023/10/08;2300 UTC;0.0;989.1;989.1;988.6;;27.4;23.6;29.2;27.4;23.7;22.6;80.0;68.0;80.0;338.0;0.9;0.2
2023/10/09;0000 UTC;0.0;989.9;989.9;989.1;;27.3;23.9;27.8;27.2;24.0;23.1;82.0;76.0;82.0;23.0;3.2;0.7
2023/10/09;0100 UTC;;;;;;;;;;;;;;;;;
2023/10/09;0200 UTC;0.0;990.6;991.3;990.6;;28.9;22.5;29.3;28.8;22.9;22.5;70.0;68.0;69.0;340.0;5.5;2.2
2023/10/09;0300 UTC;0.0;990.4;990.8;990.4;;28.9;21.7;29.1;28.8;22.5;21.6;69.0;65.0;65.0;2.0;5.2;1.4
2023/10/09;0400 UTC;0.0;989.8;990.4;989.8;;27.9;21.9;28.9;27.8;22.4;21.6;73.0;65.0;70.0;18.0;3.8;0.8
2023/10/09;0500 UTC;0.0;989.4;989.8;989.4;;26.3;22.8;27.9;26.2;23.4;21.9;83.0;70.0;81.0;339.0;1.7;0.9
2023/10/09;0600 UTC;0.0;989.1;989.4;989.1;;25.2;23.2;26.6;25.2;23.3;22.7;89.0;79.0;89.0;32.0;1.5;0.4
2023/10/09;0700 UTC;0.0;989.4;989.5;989.1;;25.1;23.4;25.2;24.8;23.6;22.7;91.0;87.0;90.0;217.0;0.7;0.3
2023/10/09;0800 UTC;0.0;990.0;990.0;989.4;;24.7;23.1;25.4;24.7;23.6;23.1;92.0;87.0;91.0;84.0;1.5;0.5
2023/10/09;0900 UTC;0.0;990.3;990.3;990.0;;24.3;23.3;24.7;24.0;23.3;23.0;95.0;91.0;94.0;165.0;0.8;0.4
2023/10/09;1000 UTC;0.0;991.2;991.3;990.3;163.5;25.2;23.5;25.3;24.1;23.7;22.9;94.0;90.0;90.0;62.0;1.1;0.4
2023/10/09;1100 UTC;0.0;991.7;991.8;991.3;793.6;29.2;22.8;29.5;25.2;24.0;22.7;91.0;69.0;69.0;63.0;2.4;1.0
2023/10/09;1200 UTC;0.0;992.2;992.2;991.7;1486.1;30.9;23.5;31.3;28.8;23.9;22.9;71.0;64.0;65.0;25.0;3.0;1.3
2023/10/09;1300 UTC;0.0;992.3;992.4;992.2;2182.8;33.1;23.8;33.5;30.9;24.2;23.2;65.0;57.0;58.0;353.0;4.0;1.7
2023/10/09;1400 UTC;0.0;991.9;992.3;991.9;3022.6;35.1;23.5;35.1;32.6;24.5;23.1;60.0;51.0;51.0;334.0;4.8;2.2
2023/10/09;1500 UTC;0.0;991.2;991.9;991.2;3364.5;35.4;23.3;36.6;34.1;24.3;22.1;53.0;46.0;50.0;8.0;6.2;2.2
2023/10/09;1600 UTC;0.0;989.6;991.2;989.6;2991.9;36.5;22.4;37.4;35.1;23.9;22.2;51.0;44.0;44.0;10.0;6.2;1.8
2023/10/09;1700 UTC;0.0;988.3;989.6;988.3;2827.1;37.0;22.3;38.1;36.2;23.1;21.8;46.0;39.0;43.0;92.0;4.9;1.5
2023/10/09;1800 UTC;3.4;989.4;989.6;987.5;1700.9;26.2;23.2;38.2;26.1;24.0;21.3;86.0;39.0;84.0;126.0;13.1;6.4
2023/10/09;1900 UTC;3.6;988.8;989.4;987.4;179.9;26.8;24.0;27.4;25.5;24.7;21.3;93.0;70.0;84.0;221.0;13.1;1.7
2023/10/09;2000 UTC;0.0;988.7;989.2;988.6;78.2;26.6;23.7;27.3;26.1;24.6;23.4;91.0;81.0;84.0;203.0;6.9;1.4
2023/10/09;2100 UTC;0.0;988.6;988.8;988.5;81.1;25.6;24.5;26.6;25.3;24.5;23.4;95.0;84.0;94.0;193.0;3.0;0.5
2023/10/09;2200 UTC;0.0;989.3;989.4;988.6;3.5;25.1;24.6;25.7;24.7;25.0;24.0;99.0;93.0;97.0;156.0;1.7;0.4
2023/10/09;2300 UTC;0.0;990.1;990.1;989.3;;24.7;24.2;25.2;24.7;24.7;24.0;98.0;94.0;97.0;341.0;1.8;0.6
2023/10/10;0000 UTC;0.0;990.3;990.3;990.1;;24.3;24.2;25.1;24.2;24.8;24.0;99.0;97.0;99.0;6.0;1.5;0.2
2023/10/10;0100 UTC;0.0;990.9;991.0;990.3;;24.4;24.2;24.7;24.1;24.6;24.0;100.0;98.0;99.0;178.0;1.7;0.5
2023/10/10;0200 UTC;0.0;990.9;990.9;990.7;;24.3;24.0;24.4;23.8;24.2;23.7;100.0;98.0;99.0;41.0;2.6;0.4
2023/10/10;0300 UTC;0.0;990.4;991.4;990.4;;23.8;23.5;24.4;23.8;24.3;23.5;99.0;98.0;98.0;116.0;3.1;0.5
2023/10/10;0400 UTC;0.0;989.8;990.4;989.8;;23.6;23.6;24.0;23.5;24.0;23.4;100.0;98.0;100.0;140.0;2.0;0.6
2023/10/10;0500 UTC;0.0;989.2;989.8;989.2;;23.2;23.2;23.7;23.2;23.7;23.2;100.0;99.0;100.0;84.0;1.1;0.5
2023/10/10;0600 UTC;0.2;989.0;989.2;988.9;;23.5;23.5;23.7;23.1;23.6;23.1;100.0;100.0;100.0;20.0;2.1;1.0
2023/10/10;0700 UTC;0.0;988.6;989.1;988.6;;23.2;23.2;23.9;23.2;23.9;23.2;100.0;99.0;100.0;44.0;2.0;0.6
2023/10/10;0800 UTC;0.0;989.4;989.4;988.6;;23.6;23.5;23.7;23.2;23.7;23.1;100.0;99.0;99.0;74.0;2.5;0.6
2023/10/10;0900 UTC;0.0;990.0;990.1;989.4;0.2;23.2;23.1;23.7;23.1;23.6;23.0;100.0;98.0;100.0;17.0;2.3;0.9
2023/10/10;1000 UTC;0.0;990.9;990.9;990.0;207.7;24.4;23.8;24.4;23.1;23.9;23.0;100.0;97.0;97.0;330.0;2.2;1.5
2023/10/10;1100 UTC;0.0;991.8;991.8;990.9;890.4;27.6;25.1;27.6;24.4;25.3;23.9;97.0;86.0;86.0;344.0;2.7;1.0
2023/10/10;1200 UTC;0.0;992.1;992.1;991.8;1511.3;30.4;24.9;30.4;27.6;25.9;24.2;87.0;71.0;72.0;338.0;2.5;1.6
2023/10/10;1300 UTC;0.0;992.5;992.6;992.2;2078.4;32.8;24.1;32.8;30.3;25.2;23.0;74.0;59.0;60.0;280.0;3.4;1.4
2023/10/10;1400 UTC;0.0;992.0;992.5;992.0;3044.3;33.8;24.0;33.8;32.4;24.5;23.1;61.0;57.0;57.0;291.0;5.5;2.0
2023/10/10;1500 UTC;0.0;991.2;992.0;991.2;3345.1;34.5;23.6;35.2;33.2;24.5;23.0;58.0;52.0;53.0;303.0;4.9;2.3
2023/10/10;1600 UTC;0.0;989.5;991.2;989.5;3422.1;35.8;23.5;36.2;34.3;24.1;22.8;54.0;49.0;49.0;262.0;5.0;2.2
2023/10/10;1700 UTC;0.0;987.9;989.4;987.9;3063.1;36.5;23.1;37.0;35.2;24.5;22.8;50.0;46.0;46.0;236.0;4.5;1.4
2023/10/10;1800 UTC;0.0;986.4;987.9;986.4;2125.5;36.3;22.6;37.7;35.8;23.9;21.6;49.0;42.0;46.0;188.0;3.8;1.8
2023/10/10;1900 UTC;0.0;986.6;987.2;986.4;996.3;32.1;23.5;36.8;32.1;23.8;22.3;61.0;44.0;61.0;236.0;8.4;3.4
2023/10/10;2000 UTC;29.0;989.9;991.0;986.0;139.2;23.7;23.7;32.0;23.7;24.0;22.0;100.0;61.0;100.0;55.0;11.2;2.4
2023/10/10;2100 UTC;2.2;989.0;990.0;988.8;5.7;23.8;23.5;23.9;23.4;23.7;23.0;100.0;96.0;98.0;290.0;6.0;1.5
2023/10/10;2200 UTC;0.0;989.2;989.5;989.0;;23.3;22.3;23.8;23.2;23.6;22.3;99.0;94.0;94.0;243.0;6.2;0.9
2023/10/10;2300 UTC;;;;;;;;;;;;;;;;;
2023/10/11;0000 UTC;0.0;990.3;990.6;989.5;;22.4;22.1;23.0;22.3;22.5;21.9;98.0;96.0;98.0;287.0;3.5;0.9
2023/10/11;0100 UTC;;;;;;;;;;;;;;;;;
2023/10/11;0200 UTC;0.0;990.9;991.1;990.6;;22.4;22.0;22.5;22.3;22.2;21.9;99.0;97.0;98.0;171.0;2.7;1.0
2023/10/11;0300 UTC;;;;;;;;;;;;;;;;;
2023/10/11;0400 UTC;0.0;989.0;990.0;988.9;;21.8;21.8;22.2;21.8;22.1;21.7;100.0;98.0;100.0;52.0;2.7;1.0
2023/10/11;0500 UTC;0.0;988.9;989.3;988.7;;22.0;21.9;22.2;21.8;22.2;21.8;100.0;99.0;99.0;330.0;2.0;0.5
2023/10/11;0600 UTC;0.0;988.7;989.0;988.5;;21.8;21.8;22.0;21.7;22.0;21.6;100.0;99.0;100.0;12.0;2.6;0.6
2023/10/11;0700 UTC;0.0;989.1;989.1;988.7;;21.9;21.7;22.0;21.7;21.9;21.6;100.0;99.0;99.0;239.0;2.1;0.6
2023/10/11;0800 UTC;0.0;989.6;989.6;989.0;;21.6;21.2;22.0;21.6;21.8;21.2;99.0;97.0;98.0;221.0;2.1;1.0
2023/10/11;0900 UTC;0.0;990.4;990.4;989.6;;21.3;21.3;21.7;21.2;21.4;21.1;100.0;98.0;100.0;146.0;2.1;0.7
2023/10/11;1000 UTC;0.0;991.0;991.0;990.4;78.5;21.3;21.3;21.4;21.1;21.4;21.0;100.0;99.0;100.0;89.0;2.0;0.9
2023/10/11;1100 UTC;0.0;992.9;992.9;991.0;350.7;22.8;22.4;22.8;21.3;22.5;21.3;100.0;98.0;98.0;115.0;4.9;2.3
2023/10/11;1200 UTC;0.0;993.2;993.2;992.5;558.1;23.8;22.9;23.9;22.8;22.9;22.3;98.0;93.0;95.0;162.0;4.9;2.0
2023/10/11;1300 UTC;0.0;993.2;993.5;993.1;895.6;24.9;22.7;24.9;23.7;23.1;22.5;95.0;87.0;88.0;144.0;5.4;2.2
2023/10/11;1400 UTC;0.0;992.8;993.3;992.8;1750.7;27.3;22.1;27.4;24.9;23.4;21.9;89.0;72.0;73.0;80.0;4.3;1.4
2023/10/11;1500 UTC;0.0;991.4;992.8;991.4;2463.2;29.5;22.6;29.5;27.3;23.2;21.8;74.0;67.0;67.0;310.0;3.1;1.2
2023/10/11;1600 UTC;0.0;990.5;991.4;990.5;2682.3;30.8;22.2;31.4;29.5;23.4;21.1;68.0;56.0;60.0;185.0;4.8;1.4
2023/10/11;1700 UTC;0.0;988.8;990.5;988.8;2556.8;32.1;21.9;32.3;30.9;22.9;21.3;61.0;55.0;55.0;314.0;3.8;0.8
2023/10/11;1800 UTC;0.0;987.6;988.8;987.6;2623.3;33.2;20.8;33.8;31.8;22.4;19.7;56.0;46.0;48.0;87.0;2.9;0.9
2023/10/11;1900 UTC;0.0;987.4;987.6;987.1;1343.4;32.0;22.5;33.3;32.0;23.2;20.1;60.0;47.0;57.0;71.0;2.5;0.9
2023/10/11;2000 UTC;0.0;987.3;987.5;987.2;886.1;32.5;21.8;32.6;31.9;23.9;21.4;63.0;52.0;53.0;90.0;2.0;0.8
2023/10/11;2100 UTC;0.0;987.6;987.7;987.3;343.5;29.3;24.4;32.6;29.3;25.0;20.3;75.0;48.0;75.0;193.0;1.7;0.3
2023/10/11;2200 UTC;0.0;988.3;988.3;987.6;1.9;26.1;24.3;29.2;26.1;24.9;23.9;90.0;75.0;90.0;189.0;0.7;0.2
2023/10/11;2300 UTC;;;;;;;;;;;;;;;;;
2023/10/12;0000 UTC;0.0;989.2;989.2;988.5;;24.8;24.3;25.2;24.7;24.6;24.1;97.0;95.0;97.0;204.0;0.8;0.2
2023/10/12;0100 UTC;;;;;;;;;;;;;;;;;
2023/10/12;0200 UTC;0.0;989.3;989.4;989.3;;24.1;23.5;24.6;24.0;24.2;23.4;98.0;96.0;96.0;283.0;0.9;0.3
2023/10/12;0300 UTC;0.0;988.8;989.4;988.8;;23.6;23.3;24.3;23.6;23.7;23.3;98.0;96.0;98.0;298.0;0.8;0.3
2023/10/12;0400 UTC;0.0;987.7;988.8;987.7;;23.5;23.1;23.7;23.5;23.4;23.1;99.0;98.0;98.0;294.0;0.7;0.4
2023/10/12;0500 UTC;0.0;987.6;987.7;987.5;;23.0;22.8;23.5;23.0;23.2;22.7;99.0;98.0;98.0;316.0;1.3;0.7
2023/10/12;0600 UTC;0.0;987.4;987.6;987.3;;22.6;22.4;23.2;22.6;23.1;22.4;100.0;98.0;99.0;272.0;1.3;0.2
2023/10/12;0700 UTC;0.0;988.0;988.0;987.4;;22.2;22.1;22.6;22.2;22.5;22.1;100.0;99.0;99.0;50.0;1.0;0.4
2023/10/12;0800 UTC;0.0;988.9;988.9;988.0;;22.3;22.2;22.6;22.2;22.5;22.1;100.0;99.0;99.0;41.0;1.8;0.5
2023/10/12;0900 UTC;0.0;989.5;989.5;988.9;0.1;22.3;22.3;22.7;22.1;22.7;22.0;100.0;99.0;100.0;28.0;2.5;1.1
2023/10/12;1000 UTC;0.0;990.2;990.2;989.4;247.3;24.3;22.8;24.3;22.3;22.9;22.4;100.0;92.0;92.0;342.0;2.7;0.5
2023/10/12;1100 UTC;0.0;991.3;991.3;990.2;958.9;27.5;23.3;27.5;24.3;23.8;22.7;92.0;77.0;78.0;348.0;3.9;1.6
2023/10/12;1200 UTC;0.0;992.0;992.1;991.3;1549.2;30.2;22.6;30.5;27.5;23.8;22.4;78.0;64.0;64.0;9.0;4.0;1.3
2023/10/12;1300 UTC;0.0;992.2;992.3;992.0;1858.4;31.6;23.6;31.7;30.1;23.8;22.6;67.0;60.0;63.0;355.0;4.1;1.3
2023/10/12;1400 UTC;0.0;991.8;992.2;991.8;3166.0;33.2;22.7;33.7;31.6;23.8;22.3;62.0;53.0;54.0;15.0;4.6;1.8
2023/10/12;1500 UTC;0.0;990.6;991.8;990.6;3529.7;34.2;21.8;34.7;33.0;23.1;21.2;55.0;46.0;49.0;288.0;4.1;2.0
2023/10/12;1600 UTC;0.0;989.1;990.6;989.1;3531.1;34.6;22.2;35.5;33.8;23.3;21.8;52.0;48.0;49.0;326.0;4.4;1.8
2023/10/12;1700 UTC;0.0;987.9;989.1;987.9;2507.3;34.7;22.6;36.0;34.1;23.5;22.2;53.0;47.0;50.0;314.0;4.8;1.9
2023/10/12;1800 UTC;0.0;986.8;987.9;986.8;2531.1;36.3;22.8;36.3;34.6;23.6;21.6;51.0;45.0;46.0;70.0;3.4;1.2
2023/10/12;1900 UTC;0.0;986.5;986.9;986.5;1924.5;36.2;21.5;36.8;35.6;23.1;21.1;47.0;41.0;43.0;321.0;4.1;1.6
2023/10/12;2000 UTC;0.0;986.2;986.6;986.2;1072.7;36.2;21.3;36.7;36.0;21.9;20.7;44.0;40.0;42.0;357.0;3.7;1.2
2023/10/12;2100 UTC;0.0;986.9;986.9;986.2;336.9;31.8;22.8;36.2;31.8;23.5;20.6;59.0;41.0;59.0;6.0;2.6;0.7
2023/10/12;2200 UTC;0.0;987.6;987.6;986.9;2.2;27.9;23.6;31.8;27.9;24.2;22.7;78.0;59.0;78.0;12.0;1.6;0.2
2023/10/12;2300 UTC;0.0;988.3;988.3;987.6;;28.5;23.7;29.4;27.7;24.0;22.9;80.0;71.0;75.0;343.0;3.1;1.3
2023/10/13;0000 UTC;0.0;989.0;989.0;988.3;;27.3;23.7;28.9;27.3;23.7;23.4;81.0;73.0;81.0;341.0;3.4;1.3
2023/10/13;0100 UTC;0.0;989.1;989.3;989.0;;26.0;23.7;27.4;26.0;23.9;23.5;87.0;80.0;87.0;327.0;2.7;0.9
2023/10/13;0200 UTC;0.0;989.3;989.4;989.1;;24.9;23.9;26.1;24.9;24.0;23.6;94.0;87.0;94.0;11.0;2.1;0.4
2023/10/13;0300 UTC;0.0;989.0;989.3;989.0;;24.3;23.6;24.9;24.3;23.9;23.6;96.0;94.0;96.0;5.0;1.9;0.6
2023/10/13;0400 UTC;0.0;988.5;989.0;988.5;;24.0;23.3;24.3;23.9;23.6;23.3;96.0;95.0;96.0;344.0;1.6;0.6
2023/10/13;0500 UTC;0.0;988.1;988.6;988.1;;23.8;23.2;24.1;23.7;23.4;23.1;98.0;96.0;97.0;21.0;1.7;0.8
2023/10/13;0600 UTC;0.0;988.4;988.5;988.0;;24.5;23.4;24.5;23.5;23.6;23.0;98.0;94.0;94.0;269.0;2.3;0.9
2023/10/13;0700 UTC;0.0;989.0;989.0;988.4;;22.9;22.8;24.5;22.9;23.4;22.7;99.0;93.0;99.0;60.0;2.1;1.2
2023/10/13;0800 UTC;0.0;989.8;989.8;989.0;;23.3;23.0;23.5;22.9;23.3;22.8;100.0;97.0;98.0;234.0;1.8;0.4
2023/10/13;0900 UTC;0.0;990.2;990.2;989.8;;22.4;22.4;23.3;22.4;22.9;22.4;100.0;98.0;100.0;57.0;1.2;0.8
2023/10/13;1000 UTC;0.0;990.9;991.0;990.2;243.6;24.6;23.5;24.6;22.3;23.6;22.2;100.0;93.0;94.0;105.0;1.4;0.2
2023/10/13;1100 UTC;0.0;991.8;991.8;990.9;934.3;28.8;24.0;28.8;24.6;24.3;23.4;94.0;75.0;75.0;213.0;2.1;0.8
2023/10/13;1200 UTC;0.0;992.1;992.1;991.8;1553.0;30.6;23.4;30.7;28.4;24.6;22.9;77.0;65.0;66.0;286.0;3.2;1.7
2023/10/13;1300 UTC;0.0;992.3;992.5;992.1;2270.3;32.4;23.1;32.5;30.6;24.0;22.6;67.0;57.0;58.0;330.0;4.8;2.6
2023/10/13;1400 UTC;0.0;991.7;992.3;991.7;3128.9;33.9;23.4;34.1;32.2;23.8;22.8;60.0;54.0;54.0;5.0;5.1;2.2
2023/10/13;1500 UTC;0.0;990.8;991.7;990.8;2784.9;34.8;22.4;35.5;33.7;24.0;22.2;55.0;48.0;49.0;239.0;5.0;1.6
2023/10/13;1600 UTC;0.0;989.6;990.8;989.6;2849.9;36.2;21.9;36.8;34.4;23.2;21.6;52.0;43.0;44.0;242.0;4.6;1.8
2023/10/13;1700 UTC;0.0;988.5;989.6;988.5;2936.3;37.2;21.4;37.5;35.4;22.9;20.8;46.0;40.0;40.0;273.0;4.6;1.5
2023/10/13;1800 UTC;0.0;987.2;988.5;987.2;2727.7;36.6;21.9;37.7;36.2;22.2;19.5;43.0;36.0;43.0;353.0;4.9;2.1
2023/10/13;1900 UTC;0.0;986.4;987.2;986.4;1852.8;37.3;20.8;37.4;36.3;21.7;20.3;43.0;38.0;39.0;244.0;3.9;1.2
2023/10/13;2000 UTC;0.0;986.3;986.4;986.2;1076.8;36.4;20.7;37.6;36.4;21.5;20.3;41.0;37.0;40.0;270.0;3.1;1.2
2023/10/13;2100 UTC;0.0;986.6;986.6;986.2;359.7;32.6;24.3;36.6;32.6;24.5;20.8;62.0;40.0;62.0;333.0;2.4;0.3
2023/10/13;2200 UTC;0.0;987.0;987.1;986.5;6.0;29.0;23.8;32.6;29.0;24.8;23.1;75.0;60.0;74.0;63.0;1.0;0.6
2023/10/13;2300 UTC;;;;;;;;;;;;;;;;;
2023/10/14;0000 UTC;;;;;;;;;;;;;;;;;
2023/10/14;0100 UTC;0.0;990.2;990.3;989.5;;26.5;24.4;27.6;26.5;24.6;23.9;88.0;81.0;88.0;323.0;1.8;0.5
2023/10/14;0200 UTC;0.0;990.3;990.4;990.2;;26.1;24.2;26.6;26.1;24.4;24.0;90.0;86.0;90.0;5.0;1.8;0.7
2023/10/14;0300 UTC;0.0;989.8;990.3;989.6;;25.8;24.1;26.4;25.7;24.3;23.9;91.0;87.0;91.0;353.0;1.8;0.6
2023/10/14;0400 UTC;0.0;989.4;989.8;989.4;;26.8;23.9;26.8;25.8;24.4;23.8;91.0;84.0;84.0;22.0;2.0;1.0
2023/10/14;0500 UTC;0.0;988.5;989.4;988.5;;25.9;24.4;27.1;25.9;24.4;23.9;91.0;83.0;91.0;59.0;1.7;0.3
2023/10/14;0600 UTC;0.0;989.6;989.7;988.0;;26.1;23.3;26.5;25.7;24.6;23.3;92.0;85.0;85.0;75.0;10.4;2.5
2023/10/14;0700 UTC;11.2;989.2;991.7;989.2;1.0;21.9;21.2;26.5;21.1;22.8;19.3;100.0;70.0;96.0;180.0;14.7;3.3
2023/10/14;0800 UTC;1.2;990.4;990.4;988.7;;21.7;20.5;22.0;21.2;21.4;20.4;97.0;93.0;93.0;196.0;5.6;3.2
2023/10/14;0900 UTC;1.6;991.6;992.0;990.2;;22.2;21.5;22.4;21.6;21.5;20.5;96.0;93.0;96.0;182.0;6.2;3.0
2023/10/14;1000 UTC;0.4;991.6;991.6;991.2;3.8;22.3;21.9;22.4;22.2;22.0;21.4;98.0;95.0;98.0;327.0;6.2;1.4
2023/10/14;1100 UTC;0.0;993.3;993.3;991.4;54.4;22.5;22.4;22.5;22.1;22.4;21.8;99.0;98.0;99.0;100.0;5.8;2.7
2023/10/14;1200 UTC;0.4;993.0;993.3;992.8;145.3;22.9;22.7;22.9;22.5;22.8;22.4;99.0;98.0;99.0;324.0;5.8;1.7
2023/10/14;1300 UTC;0.2;992.4;993.0;992.4;442.5;23.6;23.3;23.7;22.9;23.5;22.8;100.0;98.0;98.0;102.0;3.0;0.9
2023/10/14;1400 UTC;0.0;991.9;992.5;991.9;1196.4;26.2;24.8;26.2;23.6;24.8;23.3;99.0;89.0;92.0;46.0;3.3;1.4
2023/10/14;1500 UTC;0.0;991.4;991.9;991.4;1636.4;28.1;24.8;28.2;26.2;25.3;24.0;92.0;81.0;82.0;81.0;4.1;1.4
2023/10/14;1600 UTC;0.0;990.4;991.4;990.4;2495.4;30.8;25.1;31.3;28.1;25.6;24.0;83.0;69.0;72.0;221.0;3.3;1.0
2023/10/14;1700 UTC;0.0;989.5;990.4;989.5;2486.2;32.5;26.0;32.5;30.9;26.0;23.7;73.0;61.0;69.0;183.0;3.1;0.9
2023/10/14;1800 UTC;0.0;989.1;989.5;989.1;2132.3;32.2;25.5;33.3;32.0;26.6;24.4;71.0;61.0;68.0;277.0;3.3;2.2
2023/10/14;1900 UTC;0.0;988.9;989.1;988.9;1228.0;31.7;26.0;32.8;31.7;26.3;25.1;72.0;66.0;72.0;316.0;3.7;1.9
2023/10/14;2000 UTC;0.0;988.2;989.0;988.2;380.8;30.1;25.9;31.8;30.1;26.1;25.4;79.0;70.0;78.0;267.0;3.3;1.8
2023/10/14;2100 UTC;0.0;988.6;988.7;987.9;148.0;28.7;25.5;30.1;28.7;26.1;25.2;83.0;78.0;83.0;253.0;3.6;0.6
2023/10/14;2200 UTC;0.0;988.5;988.8;988.4;5.1;27.6;25.1;28.7;27.6;25.7;25.0;87.0;82.0;86.0;272.0;2.2;1.2
2023/10/14;2300 UTC;;;;;;;;;;;;;;;;;
2023/10/15;0000 UTC;0.0;989.8;989.8;989.3;;25.8;25.3;26.1;25.5;25.4;24.8;97.0;93.0;97.0;201.0;1.9;0.5
2023/10/15;0100 UTC;0.0;991.0;991.0;989.8;;25.1;24.7;25.8;25.1;25.2;24.5;98.0;96.0;98.0;325.0;1.2;0.3
2023/10/15;0200 UTC;0.0;991.2;991.4;991.1;;24.9;24.7;25.1;24.8;24.8;24.5;99.0;98.0;99.0;199.0;1.0;0.4
2023/10/15;0300 UTC;0.0;990.3;991.3;990.3;;24.5;24.3;25.0;24.5;24.8;24.3;99.0;98.0;99.0;341.0;1.4;0.5
2023/10/15;0400 UTC;0.0;989.8;990.3;989.8;;24.5;24.3;24.9;24.5;24.7;24.3;99.0;99.0;99.0;185.0;0.8;0.1
2023/10/15;0500 UTC;0.0;989.8;990.1;989.8;;24.1;23.9;24.7;24.1;24.4;23.9;100.0;97.0;99.0;59.0;2.5;0.4
2023/10/15;0600 UTC;0.0;989.6;989.8;989.5;;24.2;24.1;24.4;23.8;24.4;23.8;100.0;99.0;99.0;297.0;1.6;0.4
2023/10/15;0700 UTC;0.0;989.5;989.6;989.1;;23.5;23.5;24.3;23.5;24.2;23.4;100.0;99.0;100.0;65.0;1.4;0.3
2023/10/15;0800 UTC;0.0;990.3;990.3;989.5;;23.4;23.4;23.6;23.3;23.6;23.2;100.0;100.0;100.0;53.0;1.8;0.9
2023/10/15;0900 UTC;0.0;991.0;991.0;990.3;;23.4;23.4;23.8;23.3;23.8;23.3;100.0;100.0;100.0;84.0;1.8;0.6
2023/10/15;1000 UTC;0.0;991.4;991.6;990.9;139.5;24.6;24.5;24.6;23.3;24.6;23.3;100.0;100.0;100.0;80.0;2.7;0.7
2023/10/15;1100 UTC;0.0;993.6;993.6;991.3;446.7;25.8;25.3;25.8;24.6;25.3;24.5;100.0;96.0;97.0;120.0;4.0;1.8
2023/10/15;1200 UTC;2.0;994.2;995.2;993.6;26.0;22.0;21.5;25.8;22.0;25.2;20.0;97.0;75.0;97.0;266.0;13.2;1.1
2023/10/15;1300 UTC;0.4;994.4;994.8;994.1;58.5;22.5;22.2;22.5;21.9;22.3;21.5;99.0;96.0;98.0;242.0;4.3;0.8
2023/10/15;1400 UTC;0.0;995.6;996.0;994.4;161.6;22.4;21.8;22.8;22.4;22.4;21.8;98.0;97.0;97.0;353.0;4.4;1.9
2023/10/15;1500 UTC;0.0;994.2;995.6;994.2;263.3;22.4;21.8;22.4;22.2;21.9;21.5;97.0;96.0;97.0;349.0;4.4;1.9
2023/10/15;1600 UTC;0.0;993.1;994.2;993.1;666.5;23.5;22.4;23.5;22.4;22.5;21.9;97.0;93.0;93.0;333.0;4.8;2.3
2023/10/15;1700 UTC;0.0;992.1;993.1;992.1;1577.5;25.3;22.6;25.4;23.5;23.1;22.2;93.0;84.0;85.0;334.0;4.7;2.5
2023/10/15;1800 UTC;0.0;991.2;992.1;991.2;1810.0;27.0;23.1;27.3;25.3;23.9;22.4;87.0;79.0;79.0;293.0;4.7;1.4
2023/10/15;1900 UTC;0.0;990.6;991.2;990.6;1423.2;27.5;22.9;27.8;26.8;24.0;22.5;81.0;76.0;76.0;273.0;3.1;1.8
2023/10/15;2000 UTC;0.0;990.9;991.0;990.5;766.5;27.2;23.6;27.8;27.0;24.4;23.1;84.0;76.0;80.0;277.0;3.9;1.8
2023/10/15;2100 UTC;0.0;991.0;991.1;990.9;189.8;26.0;23.8;27.3;26.0;24.2;23.5;88.0;80.0;88.0;287.0;2.8;1.0
2023/10/15;2200 UTC;0.0;991.1;991.1;991.0;1.7;24.3;23.7;26.0;24.3;23.8;23.4;96.0;87.0;96.0;143.0;2.1;0.3
2023/10/15;2300 UTC;;;;;;;;;;;;;;;;;
2023/10/16;0000 UTC;0.0;991.5;991.7;991.5;;22.8;22.7;23.4;22.8;23.2;22.7;99.0;99.0;99.0;3.0;1.1;0.4
2023/10/16;0100 UTC;;;;;;;;;;;;;;;;;
2023/10/16;0200 UTC;0.0;991.6;991.7;991.4;;22.2;22.1;22.7;22.2;22.6;22.1;100.0;99.0;99.0;100.0;1.6;0.4
2023/10/16;0300 UTC;0.0;991.5;991.7;991.5;;21.7;21.7;22.2;21.7;22.1;21.7;100.0;99.0;100.0;115.0;1.8;0.2
2023/10/16;0400 UTC;0.0;991.1;991.5;991.1;;21.3;21.3;21.7;21.3;21.7;21.2;100.0;100.0;100.0;85.0;0.9;0.3
2023/10/16;0500 UTC;0.0;990.9;991.2;990.9;;20.8;20.8;21.3;20.8;21.3;20.8;100.0;100.0;100.0;138.0;1.1;0.5
2023/10/16;0600 UTC;0.0;990.4;990.9;990.4;;20.4;20.4;20.9;20.4;20.9;20.4;100.0;100.0;100.0;338.0;0.8;0.2
2023/10/16;0700 UTC;0.0;990.3;990.4;990.1;;20.8;20.8;20.8;20.4;20.8;20.3;100.0;100.0;100.0;162.0;1.2;0.4
2023/10/16;0800 UTC;0.0;990.5;990.6;990.3;;20.2;20.2;20.8;20.2;20.8;20.2;100.0;100.0;100.0;128.0;1.0;0.3
2023/10/16;0900 UTC;0.2;991.3;991.3;990.5;0.4;20.0;20.0;20.2;19.9;20.2;19.9;100.0;100.0;100.0;192.0;0.9;0.2
2023/10/16;1000 UTC;0.0;992.5;992.5;991.3;263.9;22.2;21.9;22.2;20.0;21.9;20.0;100.0;98.0;98.0;87.0;1.3;0.7
2023/10/16;1100 UTC;0.0;993.2;993.2;992.5;1003.7;25.4;22.7;25.4;22.2;23.4;21.9;98.0;83.0;85.0;96.0;2.8;1.4
2023/10/16;1200 UTC;0.0;993.7;993.7;993.2;1644.1;27.2;21.8;27.4;25.3;23.2;21.0;85.0;71.0;72.0;113.0;2.9;1.4
2023/10/16;1300 UTC;0.0;993.2;993.7;993.2;2348.0;29.9;22.0;29.9;27.2;22.5;20.6;73.0;59.0;62.0;145.0;3.6;1.4
2023/10/16;1400 UTC;0.0;992.8;993.2;992.8;3220.6;31.5;22.3;31.5;29.5;22.8;21.4;64.0;57.0;58.0;117.0;4.0;1.6
2023/10/16;1500 UTC;0.0;992.2;992.9;992.2;3610.3;32.8;21.2;33.3;31.3;23.2;20.4;61.0;48.0;51.0;120.0;4.9;2.2
2023/10/16;1600 UTC;0.0;990.8;992.2;990.8;3641.2;33.2;22.4;33.8;32.7;23.1;20.9;55.0;48.0;53.0;124.0;7.4;2.2
2023/10/16;1700 UTC;0.0;989.4;990.8;989.4;3214.6;34.2;22.6;34.3;33.0;23.5;22.2;55.0;50.0;51.0;16.0;5.0;2.0
2023/10/16;1800 UTC;0.0;988.7;989.4;988.7;2311.5;34.8;23.3;35.0;33.4;23.3;22.1;54.0;48.0;51.0;41.0;4.1;1.5
2023/10/16;1900 UTC;0.0;988.3;988.6;988.2;1891.7;34.5;22.6;35.7;34.3;23.5;22.0;51.0;46.0;50.0;326.0;4.7;2.6
2023/10/16;2000 UTC;0.0;988.0;988.3;988.0;1104.2;34.4;22.8;35.2;34.3;23.3;22.5;52.0;49.0;51.0;270.0;4.6;1.9
2023/10/16;2100 UTC;0.0;988.4;988.4;988.0;372.0;31.9;24.4;34.5;31.9;24.4;22.4;65.0;50.0;65.0;313.0;3.6;0.8
2023/10/16;2200 UTC;0.0;988.9;988.9;988.4;4.7;28.0;24.4;31.9;28.0;24.8;23.7;81.0;64.0;81.0;323.0;1.3;0.7
2023/10/16;2300 UTC;0.0;989.0;989.1;988.8;;27.0;24.8;28.0;27.0;25.3;23.8;88.0;79.0;88.0;296.0;1.3;0.3
2023/10/17;0000 UTC;0.0;989.2;989.3;989.0;;25.8;24.5;27.0;25.8;24.8;24.4;93.0;86.0;93.0;329.0;1.2;0.4
2023/10/17;0100 UTC;0.0;989.4;989.5;989.2;;25.3;24.0;26.3;25.3;24.9;24.0;95.0;90.0;92.0;336.0;2.9;0.6
2023/10/17;0200 UTC;;;;;;;;;;;;;;;;;
2023/10/17;0300 UTC;0.0;988.6;989.1;988.6;;23.9;23.3;24.6;23.9;23.7;23.3;96.0;95.0;96.0;;0.9;0.1
2023/10/17;0400 UTC;0.0;988.0;988.6;988.0;;23.6;23.3;24.0;23.6;23.5;23.2;98.0;96.0;98.0;207.0;0.8;0.2
2023/10/17;0500 UTC;0.0;987.5;988.0;987.5;;23.3;23.2;23.6;23.1;23.3;22.9;99.0;97.0;99.0;78.0;1.0;0.2
2023/10/17;0600 UTC;0.0;987.5;987.6;987.3;;22.7;22.5;23.3;22.7;23.1;22.5;99.0;98.0;99.0;8.0;1.0;0.2
2023/10/17;0700 UTC;0.0;988.4;988.4;987.5;;23.0;22.7;23.1;22.5;23.0;22.3;100.0;98.0;99.0;163.0;1.9;0.8
2023/10/17;0800 UTC;0.0;989.1;989.1;988.4;;22.5;22.3;23.0;22.5;22.7;22.3;99.0;98.0;99.0;166.0;1.2;0.4
2023/10/17;0900 UTC;0.0;990.2;990.2;989.1;0.8;22.3;22.3;22.5;22.2;22.4;22.1;100.0;99.0;100.0;115.0;0.6;0.3
2023/10/17;1000 UTC;0.0;991.4;991.4;990.2;261.3;25.0;23.5;25.0;22.3;23.6;22.3;100.0;91.0;91.0;143.0;3.3;1.5
2023/10/17;1100 UTC;0.0;992.1;992.1;991.4;979.8;27.8;23.6;27.8;25.0;24.3;23.3;91.0;78.0;78.0;153.0;3.6;2.2
2023/10/17;1200 UTC;0.0;992.8;992.8;992.1;1610.6;29.8;23.4;30.0;27.8;24.2;23.2;79.0;68.0;68.0;187.0;3.8;1.7
2023/10/17;1300 UTC;0.0;992.3;992.8;992.3;2329.4;32.3;24.3;32.3;29.8;24.5;23.1;69.0;61.0;63.0;148.0;4.0;1.6
2023/10/17;1400 UTC;0.0;991.7;992.3;991.7;3215.7;33.4;22.3;33.9;31.8;24.5;21.4;65.0;49.0;52.0;169.0;5.0;2.1
2023/10/17;1500 UTC;0.0;991.0;991.7;991.0;3684.7;34.6;21.6;34.6;33.3;23.1;20.9;54.0;46.0;47.0;184.0;4.8;2.5
2023/10/17;1600 UTC;0.0;989.9;991.0;989.9;3611.2;35.9;20.2;35.9;34.2;21.8;18.6;48.0;39.0;40.0;131.0;5.7;1.2
2023/10/17;1700 UTC;0.0;988.8;989.9;988.8;3326.6;35.4;18.9;36.0;34.9;20.7;18.9;42.0;38.0;38.0;145.0;4.7;1.9
2023/10/17;1800 UTC;0.0;988.1;988.8;988.1;2702.2;36.5;19.3;36.8;35.2;20.3;18.0;41.0;34.0;37.0;125.0;4.1;1.1
2023/10/17;1900 UTC;0.0;987.6;988.1;987.6;1877.7;36.4;18.6;36.7;35.9;19.1;17.1;37.0;31.0;35.0;99.0;3.2;1.0
2023/10/17;2000 UTC;0.0;987.6;987.7;987.5;1035.0;35.5;18.8;36.4;35.5;19.9;17.5;40.0;34.0;38.0;181.0;4.1;1.4
2023/10/17;2100 UTC;0.0;987.5;987.6;987.5;327.3;31.2;22.7;35.8;31.2;23.9;18.6;63.0;37.0;61.0;165.0;2.0;0.2
2023/10/17;2200 UTC;0.0;988.1;988.1;987.5;2.7;27.4;22.9;31.2;27.4;23.4;22.1;77.0;60.0;77.0;295.0;0.8;0.3
2023/10/17;2300 UTC;;;;;;;;;;;;;;;;;
2023/10/18;0000 UTC;0.0;989.2;989.2;988.5;;24.9;23.6;26.0;24.9;23.7;23.4;93.0;87.0;92.0;;0.9;0.1
2023/10/18;0100 UTC;0.0;989.8;989.8;989.2;;23.7;22.7;24.9;23.7;23.6;22.7;95.0;92.0;94.0;271.0;1.0;0.3
2023/10/18;0200 UTC;0.0;989.9;990.0;989.7;;23.4;22.5;23.7;23.3;22.8;22.1;96.0;92.0;95.0;281.0;1.1;0.4
2023/10/18;0300 UTC;0.0;989.4;989.9;989.4;;23.0;22.2;23.4;22.9;22.6;22.0;97.0;94.0;95.0;235.0;1.1;0.2
2023/10/18;0400 UTC;0.0;989.0;989.4;989.0;;22.6;21.6;23.0;22.4;22.2;21.5;96.0;94.0;95.0;271.0;0.9;0.3
2023/10/18;0500 UTC;0.0;988.8;989.1;988.7;;21.8;21.3;22.6;21.8;21.7;21.3;97.0;94.0;97.0;332.0;1.4;0.2
2023/10/18;0600 UTC;0.0;988.5;988.8;988.4;;21.2;20.6;21.8;21.2;21.3;20.6;98.0;96.0;96.0;61.0;1.3;0.9
2023/10/18;0700 UTC;0.0;988.7;988.8;988.5;;22.2;21.4;22.6;21.2;21.6;20.6;98.0;92.0;95.0;320.0;4.0;0.5
2023/10/18;0800 UTC;0.0;988.8;989.0;988.7;;21.9;21.3;22.2;21.9;21.7;21.3;97.0;95.0;97.0;359.0;1.8;0.3
2023/10/18;0900 UTC;0.0;989.1;989.1;988.7;0.3;21.1;21.0;21.9;21.0;21.4;20.8;99.0;97.0;99.0;49.0;1.1;0.4
2023/10/18;1000 UTC;0.0;989.9;989.9;989.0;287.8;24.6;22.3;24.6;21.1;22.6;21.0;100.0;87.0;87.0;49.0;2.3;1.0
2023/10/18;1100 UTC;0.0;990.7;990.7;989.9;977.1;27.4;23.4;27.4;24.6;23.5;22.3;88.0;78.0;79.0;31.0;3.1;1.4
2023/10/18;1200 UTC;0.0;991.0;991.0;990.7;1593.6;30.0;23.4;30.4;27.4;24.3;23.0;79.0;66.0;68.0;354.0;3.3;1.3
2023/10/18;1300 UTC;0.0;991.1;991.2;991.0;2388.4;32.6;23.7;33.1;29.8;24.5;22.9;69.0;57.0;60.0;338.0;3.3;1.4
2023/10/18;1400 UTC;0.0;991.3;991.4;991.1;3186.1;34.4;22.5;35.0;32.6;23.9;22.0;59.0;48.0;50.0;88.0;5.3;2.4
2023/10/18;1500 UTC;0.0;990.4;991.3;990.4;3594.1;36.2;18.3;36.4;34.4;23.3;17.9;52.0;34.0;35.0;112.0;6.2;3.2
2023/10/18;1600 UTC;0.0;989.3;990.4;989.3;3667.9;36.3;18.5;37.0;36.1;19.6;17.3;36.0;32.0;35.0;137.0;7.2;3.0
2023/10/18;1700 UTC;0.0;988.1;989.3;988.1;3436.2;37.6;15.0;37.6;36.3;18.9;14.5;36.0;25.0;26.0;163.0;7.1;2.9
2023/10/18;1800 UTC;0.0;987.3;988.2;987.3;2774.0;38.0;15.2;38.5;37.3;15.9;13.3;27.0;23.0;26.0;146.0;5.9;2.6
2023/10/18;1900 UTC;0.0;986.9;987.3;986.9;1889.6;38.0;16.0;38.3;37.6;16.0;12.6;28.0;22.0;27.0;66.0;4.9;1.2
2023/10/18;2000 UTC;0.0;986.6;986.9;986.6;1021.8;36.9;16.5;38.1;36.9;16.5;13.8;30.0;24.0;30.0;88.0;4.5;1.0
2023/10/18;2100 UTC;0.0;986.7;986.7;986.5;323.3;30.9;18.9;36.9;30.9;20.7;16.4;53.0;29.0;49.0;340.0;2.1;0.4
2023/10/18;2200 UTC;0.0;986.9;986.9;986.7;2.6;27.0;20.1;30.9;27.0;21.1;19.0;67.0;49.0;66.0;197.0;1.2;0.1
2023/10/18;2300 UTC;0.0;987.3;987.4;986.9;;24.7;20.4;27.0;24.7;20.8;19.7;77.0;66.0;77.0;308.0;1.1;0.2
2023/10/19;0000 UTC;;;;;;;;;;;;;;;;;
2023/10/19;0100 UTC;0.0;988.1;988.1;987.6;;22.9;20.7;23.6;22.8;20.7;20.1;88.0;81.0;87.0;308.0;1.4;0.3
2023/10/19;0200 UTC;;;;;;;;;;;;;;;;;
2023/10/19;0300 UTC;0.0;987.6;988.2;987.6;;21.5;20.0;22.1;21.5;20.6;20.0;92.0;88.0;91.0;328.0;1.1;0.5
2023/10/19;0400 UTC;0.0;987.3;987.6;987.3;;22.0;20.3;22.5;21.4;20.5;19.9;94.0;86.0;90.0;340.0;3.1;0.6
2023/10/19;0500 UTC;0.0;987.1;987.4;987.0;;20.9;20.1;22.0;20.9;20.4;20.1;96.0;90.0;95.0;14.0;1.3;0.5
2023/10/19;0600 UTC;0.0;987.4;987.4;987.1;;21.2;20.1;21.5;20.8;20.3;19.8;96.0;91.0;94.0;20.0;2.5;0.7
2023/10/19;0700 UTC;0.0;987.7;987.8;987.3;;20.6;20.0;21.3;20.6;20.2;19.8;96.0;93.0;96.0;4.0;2.6;0.4
2023/10/19;0800 UTC;0.0;988.1;988.2;987.7;;20.3;20.0;20.6;20.0;20.1;19.6;99.0;96.0;98.0;18.0;2.5;0.8
2023/10/19;0900 UTC;0.0;989.1;989.1;988.1;3.3;20.0;19.6;20.4;20.0;20.1;19.6;98.0;96.0;98.0;118.0;2.5;0.3
2023/10/19;1000 UTC;0.0;989.8;989.8;989.1;330.0;23.1;20.8;23.1;20.0;21.2;19.6;99.0;87.0;87.0;14.0;1.2;0.5
2023/10/19;1100 UTC;0.0;990.7;990.7;989.8;941.9;27.6;22.1;27.6;23.1;22.2;20.9;88.0;70.0;72.0;54.0;1.9;0.7
2023/10/19;1200 UTC;0.0;991.4;991.4;990.7;1410.8;29.5;22.3;29.5;27.6;22.8;21.3;72.0;64.0;65.0;359.0;2.9;1.3
2023/10/19;1300 UTC;0.0;991.8;991.8;991.4;2247.7;32.5;22.4;33.7;29.5;23.7;22.2;68.0;53.0;55.0;75.0;3.6;1.6
2023/10/19;1400 UTC;0.0;991.5;991.8;991.5;2935.8;34.8;21.9;34.8;32.5;23.5;20.4;56.0;45.0;47.0;340.0;4.4;1.9
2023/10/19;1500 UTC;0.0;990.7;991.5;990.7;3496.8;36.6;19.7;36.6;34.4;21.6;18.6;47.0;36.0;37.0;30.0;4.8;1.2
2023/10/19;1600 UTC;0.0;989.4;990.7;989.4;3305.9;36.7;18.2;37.7;35.9;20.3;16.6;39.0;30.0;34.0;33.0;8.5;1.7
2023/10/19;1700 UTC;0.0;988.5;989.4;988.5;2863.1;36.6;18.4;38.2;36.6;19.4;16.2;36.0;29.0;34.0;342.0;5.4;1.5
2023/10/19;1800 UTC;0.0;988.0;988.5;988.0;2279.1;37.3;17.7;37.7;36.5;20.2;16.9;37.0;29.0;32.0;37.0;4.6;1.5
2023/10/19;1900 UTC;0.0;987.4;988.0;987.4;1713.4;37.3;18.4;38.0;37.0;18.9;17.0;34.0;30.0;33.0;16.0;4.3;1.0
2023/10/19;2000 UTC;0.0;987.4;987.4;987.3;846.0;35.8;19.0;37.6;35.7;21.6;16.8;44.0;30.0;37.0;26.0;2.7;0.8
2023/10/19;2100 UTC;0.0;987.5;987.5;987.4;303.0;30.9;23.3;35.8;30.9;24.7;19.4;65.0;38.0;64.0;106.0;1.5;0.4
2023/10/19;2200 UTC;0.0;987.8;987.8;987.5;4.3;27.7;22.6;30.9;27.7;23.3;21.9;74.0;62.0;74.0;317.0;0.8;0.3
2023/10/19;2300 UTC;0.0;988.1;988.1;987.8;;26.3;23.0;27.7;26.3;24.1;22.3;84.0;73.0;82.0;307.0;0.7;0.2
2023/10/20;0000 UTC;0.0;988.6;988.6;988.1;;25.5;22.7;26.5;25.5;24.5;22.4;90.0;80.0;84.0;301.0;1.3;0.1
2023/10/20;0100 UTC;0.0;988.6;988.7;988.6;;24.8;22.7;25.6;24.8;23.3;22.3;88.0;84.0;88.0;159.0;1.1;0.2
2023/10/20;0200 UTC;;;;;;;;;;;;;;;;;
2023/10/20;0300 UTC;0.0;988.4;988.8;988.3;;23.1;22.2;24.0;23.1;22.7;22.2;95.0;92.0;94.0;309.0;0.3;0.2
2023/10/20;0400 UTC;0.0;988.1;988.4;988.1;;22.6;21.8;23.1;22.6;22.1;21.8;95.0;94.0;95.0;296.0;0.7;0.1
2023/10/20;0500 UTC;0.0;987.8;988.3;987.8;;22.2;21.5;22.7;22.2;21.8;21.4;96.0;93.0;96.0;122.0;0.7;0.2
2023/10/20;0600 UTC;0.0;987.7;987.8;987.6;;21.8;21.2;22.2;21.7;21.5;21.1;96.0;95.0;96.0;127.0;0.6;0.2
2023/10/20;0700 UTC;0.0;987.6;987.7;987.4;;21.4;21.0;21.8;21.4;21.2;20.9;98.0;96.0;98.0;333.0;0.5;0.3
2023/10/20;0800 UTC;0.0;988.3;988.3;987.6;;21.0;20.7;21.4;20.9;21.0;20.5;98.0;97.0;98.0;358.0;0.8;0.5
2023/10/20;0900 UTC;0.0;989.1;989.1;988.3;0.4;20.8;20.6;21.1;20.7;20.9;20.5;99.0;98.0;99.0;81.0;1.5;0.7
2023/10/20;1000 UTC;0.0;989.8;989.8;989.1;255.1;24.6;22.3;24.6;20.8;22.4;20.6;99.0;87.0;87.0;121.0;1.1;0.4
2023/10/20;1100 UTC;0.0;990.8;990.8;989.8;934.7;28.0;22.9;28.0;24.6;23.4;22.0;87.0;74.0;74.0;44.0;2.3;1.0
2023/10/20;1200 UTC;0.0;991.5;991.5;990.8;1554.4;30.7;23.3;30.7;27.9;23.4;22.4;75.0;64.0;65.0;2.0;4.2;1.7
2023/10/20;1300 UTC;0.0;991.5;991.7;991.5;2267.8;32.9;23.0;33.0;30.7;23.9;22.7;66.0;56.0;56.0;321.0;4.2;2.6
2023/10/20;1400 UTC;0.0;991.1;991.5;991.1;3055.0;35.2;22.0;35.2;32.9;23.6;20.8;57.0;44.0;46.0;10.0;5.4;1.8
2023/10/20;1500 UTC;0.0;990.2;991.1;990.2;3363.5;36.1;20.8;37.0;34.7;22.5;20.5;47.0;40.0;41.0;281.0;5.4;2.3
2023/10/20;1600 UTC;0.0;988.9;990.2;988.9;3133.9;37.8;21.4;37.8;35.9;21.9;19.6;43.0;37.0;39.0;293.0;7.3;2.2
2023/10/20;1700 UTC;0.0;987.9;988.9;987.9;2386.4;37.2;20.0;38.2;36.5;21.0;19.0;39.0;34.0;37.0;4.0;7.3;0.7
2023/10/20;1800 UTC;0.0;987.2;987.9;987.2;2506.1;37.7;19.2;38.1;37.2;20.4;18.5;38.0;32.0;34.0;276.0;4.8;2.3
2023/10/20;1900 UTC;0.0;987.0;987.3;987.0;1474.9;37.7;19.1;38.4;36.7;20.7;17.1;39.0;30.0;34.0;49.0;4.8;0.7
2023/10/20;2000 UTC;0.0;986.9;987.0;986.9;967.8;37.1;19.8;38.0;37.1;20.2;18.3;37.0;32.0;37.0;8.0;2.6;0.5
2023/10/20;2100 UTC;0.0;987.0;987.0;986.8;294.8;32.0;23.1;37.1;32.0;23.8;19.2;59.0;34.0;59.0;300.0;1.3;0.3
2023/10/20;2200 UTC;0.0;987.4;987.5;986.9;2.7;28.4;22.9;32.0;28.4;23.8;22.1;72.0;59.0;72.0;328.0;0.6;0.4
2023/10/20;2300 UTC;;;;;;;;;;;;;;;;;
2023/10/21;0000 UTC;0.0;988.6;988.6;988.0;;26.2;23.0;27.2;26.2;23.3;22.4;83.0;76.0;82.0;4.0;1.0;0.2
2023/10/21;0100 UTC;0.0;988.9;988.9;988.6;;25.5;22.9;26.2;25.5;23.2;22.6;86.0;82.0;86.0;64.0;1.1;0.1
2023/10/21;0200 UTC;0.0;988.8;989.0;988.8;;24.9;22.4;25.5;24.8;23.2;22.4;88.0;85.0;86.0;242.0;0.5;0.1
2023/10/21;0300 UTC;0.0;988.0;988.8;988.0;;24.5;22.8;25.6;24.4;24.1;21.9;93.0;85.0;90.0;335.0;2.7;0.6
2023/10/21;0400 UTC;0.0;987.2;988.0;987.2;;24.2;22.6;24.5;24.0;22.7;22.1;91.0;88.0;91.0;174.0;1.0;0.1
2023/10/21;0500 UTC;0.0;987.1;987.2;987.0;;24.3;22.1;24.4;23.4;22.6;21.7;94.0;86.0;88.0;351.0;2.4;0.6
2023/10/21;0600 UTC;0.0;986.6;987.1;986.6;;23.1;22.1;24.3;23.1;22.2;21.9;94.0;88.0;94.0;307.0;2.4;0.3
2023/10/21;0700 UTC;0.0;986.9;986.9;986.6;;22.8;22.2;23.1;22.7;22.2;22.0;96.0;94.0;96.0;325.0;1.2;0.8
2023/10/21;0800 UTC;0.0;987.4;987.4;986.9;;22.6;22.3;22.9;22.5;22.3;22.0;98.0;96.0;98.0;339.0;1.2;0.3
2023/10/21;0900 UTC;0.0;988.0;988.0;987.4;0.6;22.3;22.1;22.6;22.3;22.3;22.0;99.0;97.0;99.0;4.0;0.7;0.2
2023/10/21;1000 UTC;0.0;988.8;988.8;988.0;241.2;25.6;23.3;25.6;22.3;23.4;22.0;99.0;87.0;87.0;148.0;0.7;0.3
2023/10/21;1100 UTC;0.0;989.7;989.7;988.8;898.4;29.0;23.9;29.0;25.6;23.9;22.8;87.0;71.0;74.0;17.0;2.7;0.9
2023/10/21;1200 UTC;0.0;990.1;990.1;989.7;1540.4;31.8;23.8;31.8;29.1;23.9;23.0;74.0;62.0;63.0;352.0;3.4;1.7
2023/10/21;1300 UTC;0.0;990.5;990.5;990.1;1861.1;33.8;23.8;33.8;31.8;24.4;22.8;63.0;56.0;56.0;358.0;4.1;1.6
2023/10/21;1400 UTC;0.0;990.0;990.5;990.0;2970.8;35.9;22.7;36.3;33.6;24.6;22.7;58.0;46.0;47.0;45.0;3.8;1.3
2023/10/21;1500 UTC;0.0;989.3;990.0;989.3;3031.0;36.1;22.0;36.9;35.2;23.4;21.8;49.0;43.0;44.0;139.0;6.0;2.2
2023/10/21;1600 UTC;0.0;988.2;989.3;988.2;3154.4;36.8;;37.4;35.9;23.4;21.7;48.0;43.0;;115.0;6.0;2.7
2023/10/21;1700 UTC;0.0;987.3;988.2;987.3;2282.7;35.9;22.4;37.7;35.9;22.6;20.7;46.0;38.0;46.0;162.0;6.3;2.2
2023/10/21;1800 UTC;0.0;986.4;987.3;986.4;2005.6;37.3;21.5;37.4;35.7;22.6;20.1;47.0;36.0;40.0;149.0;4.4;1.7
2023/10/21;1900 UTC;0.0;985.8;986.4;985.8;1702.0;37.1;20.8;37.9;37.1;21.5;19.3;40.0;35.0;39.0;93.0;4.5;2.1
2023/10/21;2000 UTC;0.0;985.7;985.8;985.6;843.4;37.0;22.9;37.3;36.9;22.9;20.5;44.0;38.0;44.0;116.0;3.9;0.6
2023/10/21;2100 UTC;0.0;986.0;986.0;985.7;298.3;32.7;24.5;37.0;32.7;25.7;22.0;64.0;43.0;62.0;312.0;1.3;0.3
2023/10/21;2200 UTC;0.0;986.6;986.6;986.0;2.1;29.0;24.6;32.7;29.0;25.3;23.8;77.0;62.0;77.0;330.0;0.7;0.2
2023/10/21;2300 UTC;0.0;987.1;987.1;986.6;;27.7;24.8;29.0;27.6;24.8;24.3;85.0;77.0;84.0;23.0;0.9;0.4
2023/10/22;0000 UTC;;;;;;;;;;;;;;;;;
2023/10/22;0100 UTC;0.0;988.3;988.3;987.9;;26.1;24.5;27.0;26.1;24.7;24.3;91.0;87.0;91.0;306.0;1.0;0.4
2023/10/22;0200 UTC;0.0;988.3;988.4;988.3;;25.6;24.6;26.1;25.6;24.7;24.4;94.0;90.0;94.0;151.0;0.7;0.3
2023/10/22;0300 UTC;0.0;987.8;988.3;987.8;;25.0;24.0;25.6;25.0;24.6;23.8;95.0;93.0;94.0;284.0;0.4;0.1
2023/10/22;0400 UTC;0.0;987.1;987.8;987.1;;24.6;23.8;25.0;24.6;24.0;23.7;95.0;93.0;95.0;335.0;0.9;0.6
2023/10/22;0500 UTC;0.0;986.8;987.1;986.8;;24.7;23.7;25.0;24.5;24.1;23.7;97.0;93.0;94.0;150.0;0.8;0.5
2023/10/22;0600 UTC;0.0;987.3;987.4;986.8;;27.2;23.8;27.3;24.7;24.2;23.6;94.0;81.0;82.0;137.0;5.7;1.4
2023/10/22;0700 UTC;0.0;988.1;988.1;987.3;;26.1;23.9;27.4;25.8;24.1;23.7;90.0;81.0;87.0;8.0;2.9;1.0
2023/10/22;0800 UTC;0.0;988.6;988.7;988.1;;24.8;23.7;26.1;24.8;24.0;23.7;94.0;87.0;94.0;354.0;2.7;0.5
2023/10/22;0900 UTC;0.0;989.0;989.0;988.5;2.0;24.4;23.2;24.8;24.1;23.7;23.2;96.0;93.0;93.0;152.0;1.4;0.7
2023/10/22;1000 UTC;0.0;989.8;989.8;989.0;282.6;26.9;24.2;26.9;24.3;24.2;23.0;94.0;84.0;85.0;152.0;1.2;0.6
2023/10/22;1100 UTC;0.0;990.3;990.3;989.8;993.7;30.7;22.3;30.7;26.9;24.2;22.1;85.0;60.0;61.0;88.0;4.3;1.9
2023/10/22;1200 UTC;0.0;990.6;990.8;990.3;1603.4;32.6;21.9;32.6;30.7;22.7;21.1;62.0;53.0;53.0;79.0;6.0;2.5
2023/10/22;1300 UTC;0.0;990.3;990.6;990.3;1966.8;34.7;22.0;34.7;32.5;22.2;20.9;53.0;47.0;48.0;52.0;7.2;2.4
2023/10/22;1400 UTC;0.0;989.8;990.3;989.8;2954.7;35.3;21.9;35.6;34.3;22.4;21.1;48.0;44.0;46.0;17.0;8.5;2.7
2023/10/22;1500 UTC;0.0;988.5;989.9;988.5;3342.0;36.5;22.5;36.6;35.1;23.3;21.8;48.0;43.0;45.0;23.0;6.5;2.5
2023/10/22;1600 UTC;0.0;987.3;988.5;987.3;3173.7;37.0;22.1;37.3;36.2;23.1;21.3;46.0;41.0;42.0;11.0;6.7;2.1
2023/10/22;1700 UTC;0.0;986.1;987.3;986.1;2919.2;37.2;22.4;38.0;36.6;23.1;21.8;45.0;40.0;42.0;23.0;7.0;1.8
2023/10/22;1800 UTC;2.2;985.6;986.1;985.6;1596.0;32.8;24.5;37.7;32.8;25.6;21.7;63.0;41.0;62.0;227.0;6.1;1.6
2023/10/22;1900 UTC;0.8;985.1;985.6;985.1;520.3;30.1;28.7;32.9;30.0;29.1;23.9;92.0;59.0;92.0;99.0;3.3;0.6
2023/10/22;2000 UTC;0.0;984.9;985.2;984.8;342.9;29.5;27.7;30.6;29.4;28.8;26.3;93.0;78.0;90.0;133.0;2.5;0.4
2023/10/22;2100 UTC;0.0;985.8;985.8;984.9;75.8;28.7;27.6;29.5;28.0;27.9;27.2;97.0;89.0;94.0;290.0;1.4;0.7
2023/10/22;2200 UTC;0.0;986.1;986.2;985.8;1.0;27.2;26.8;28.7;27.2;27.5;26.8;98.0;92.0;97.0;111.0;1.4;0.3
2023/10/22;2300 UTC;0.0;986.7;986.7;986.1;;27.2;26.6;27.9;27.1;27.2;25.9;98.0;92.0;96.0;202.0;1.3;0.2
2023/10/23;0000 UTC;;;;;;;;;;;;;;;;;
2023/10/23;0100 UTC;0.0;987.7;987.8;987.4;;25.6;25.3;26.2;25.5;25.8;25.1;98.0;97.0;98.0;150.0;0.8;0.3
2023/10/23;0200 UTC;0.0;988.4;988.4;987.7;;25.7;24.5;26.8;25.0;25.3;24.1;99.0;85.0;93.0;36.0;3.9;0.3
2023/10/23;0300 UTC;0.0;988.1;988.4;988.1;;25.1;24.7;25.7;25.0;24.8;24.5;98.0;93.0;98.0;303.0;1.3;0.2
2023/10/23;0400 UTC;0.0;987.4;988.1;987.4;;25.2;24.8;25.3;25.0;25.0;24.6;98.0;97.0;98.0;;0.5;0.1
2023/10/23;0500 UTC;0.0;987.2;987.4;987.2;;25.4;25.1;25.6;25.2;25.3;24.8;99.0;98.0;98.0;261.0;0.9;0.3
2023/10/23;0600 UTC;0.0;986.9;987.2;986.8;;26.8;24.0;27.1;25.4;25.4;23.9;99.0;83.0;85.0;320.0;2.9;1.5
2023/10/23;0700 UTC;0.0;987.2;987.3;986.9;;24.9;24.4;26.7;24.9;24.5;24.0;97.0;85.0;97.0;77.0;2.9;0.6
2023/10/23;0800 UTC;0.0;987.7;987.7;987.2;;24.9;24.3;24.9;24.8;24.5;24.3;98.0;96.0;96.0;31.0;1.6;0.4
2023/10/23;0900 UTC;0.0;988.6;988.6;987.7;1.2;24.7;24.5;25.0;24.6;24.5;24.3;99.0;96.0;99.0;17.0;1.4;0.3
2023/10/23;1000 UTC;0.0;989.6;989.6;988.6;236.5;26.8;24.9;26.8;24.7;25.3;24.5;99.0;88.0;90.0;6.0;1.4;0.6
2023/10/23;1100 UTC;0.0;990.8;990.8;989.6;598.9;29.1;25.5;29.1;26.8;26.0;24.9;91.0;79.0;81.0;72.0;2.0;0.8
2023/10/23;1200 UTC;0.0;991.1;991.2;990.4;1354.1;30.2;25.2;30.5;28.7;25.9;24.6;83.0;72.0;74.0;64.0;2.6;0.9
2023/10/23;1300 UTC;4.8;992.6;993.0;991.1;426.3;22.3;21.7;31.0;22.3;25.5;21.0;96.0;69.0;96.0;115.0;16.2;5.5
2023/10/23;1400 UTC;26.4;990.9;993.0;990.9;33.4;22.6;22.6;22.6;21.9;22.6;21.8;100.0;97.0;100.0;203.0;14.0;2.0
2023/10/23;1500 UTC;2.0;990.7;990.9;990.4;111.8;22.7;22.7;22.8;22.4;22.7;22.3;100.0;98.0;100.0;357.0;5.1;1.5
2023/10/23;1600 UTC;0.6;990.2;990.7;990.2;402.9;24.0;23.9;24.0;22.7;23.9;22.8;100.0;98.0;99.0;236.0;4.4;1.3
2023/10/23;1700 UTC;0.0;988.7;990.2;988.7;725.2;24.6;23.5;24.7;23.8;24.1;23.4;99.0;93.0;93.0;280.0;4.8;2.4
2023/10/23;1800 UTC;0.0;988.0;988.7;987.7;1048.2;25.4;23.6;25.8;24.6;24.3;23.0;95.0;88.0;90.0;186.0;4.5;1.8
2023/10/23;1900 UTC;0.0;988.5;988.5;988.0;999.9;26.2;24.0;26.7;25.4;24.5;23.4;91.0;85.0;88.0;283.0;3.1;1.1
2023/10/23;2000 UTC;0.0;989.0;989.1;988.4;561.7;26.3;24.7;26.7;26.2;25.0;24.1;92.0;87.0;91.0;327.0;2.9;1.0
2023/10/23;2100 UTC;0.0;990.2;990.3;989.0;128.1;25.4;24.0;26.5;25.4;24.9;24.0;94.0;90.0;92.0;355.0;3.8;1.4
2023/10/23;2200 UTC;0.0;990.7;990.8;990.3;0.8;25.2;23.9;25.4;25.0;24.1;23.7;94.0;91.0;92.0;296.0;3.6;1.0
2023/10/23;2300 UTC;;;;;;;;;;;;;;;;;
2023/10/24;0000 UTC;;;;;;;;;;;;;;;;;
2023/10/24;0100 UTC;;;;;;;;;;;;;;;;;
2023/10/24;0200 UTC;0.0;991.2;991.5;991.1;;23.9;23.0;24.4;23.4;23.4;22.9;98.0;93.0;95.0;284.0;2.7;1.4
2023/10/24;0300 UTC;0.0;990.3;991.2;990.3;;23.5;22.7;24.0;23.5;23.1;22.6;96.0;94.0;95.0;258.0;2.7;0.7
2023/10/24;0400 UTC;0.0;989.7;990.4;989.7;;22.3;22.3;23.5;22.3;22.7;22.2;100.0;95.0;100.0;9.0;1.9;0.8
2023/10/24;0500 UTC;0.0;989.2;989.7;989.1;;22.1;22.1;22.4;22.0;22.4;21.9;100.0;100.0;100.0;112.0;1.4;0.3
2023/10/24;0600 UTC;0.0;988.9;989.3;988.8;;21.8;21.8;22.1;21.6;22.1;21.6;100.0;100.0;100.0;162.0;1.3;0.7
2023/10/24;0700 UTC;0.0;989.0;989.0;988.8;;21.5;21.5;21.9;21.3;21.9;21.3;100.0;100.0;100.0;334.0;1.3;0.7
2023/10/24;0800 UTC;0.0;989.6;989.6;989.0;;21.1;21.0;21.7;21.0;21.7;21.0;100.0;100.0;100.0;91.0;1.4;0.2
2023/10/24;0900 UTC;0.0;990.3;990.3;989.6;0.1;21.6;21.6;21.7;20.9;21.6;20.9;100.0;100.0;100.0;158.0;1.5;0.8
2023/10/24;1000 UTC;0.0;991.4;991.4;990.3;165.2;23.0;23.0;23.1;21.6;23.0;21.6;100.0;100.0;100.0;165.0;2.8;1.4
2023/10/24;1100 UTC;0.0;991.8;991.8;991.4;535.9;24.2;23.0;24.2;23.0;23.5;22.9;100.0;93.0;93.0;189.0;5.2;2.3
2023/10/24;1200 UTC;0.0;992.1;992.1;991.8;1427.8;26.4;22.6;26.6;24.2;23.9;22.4;94.0;80.0;80.0;192.0;4.3;1.6
2023/10/24;1300 UTC;0.0;992.0;992.3;992.0;2202.3;27.7;23.0;27.7;26.2;23.7;22.5;83.0;75.0;76.0;176.0;4.4;2.4
2023/10/24;1400 UTC;0.0;991.7;992.1;991.7;3133.7;29.6;23.1;29.8;27.6;24.1;22.2;77.0;67.0;68.0;199.0;4.6;2.2
2023/10/24;1500 UTC;0.0;991.0;991.7;991.0;3377.1;30.6;22.4;31.2;29.5;24.1;22.1;70.0;60.0;62.0;167.0;4.6;1.5
2023/10/24;1600 UTC;0.0;989.3;991.0;989.3;3505.8;31.7;22.8;31.7;30.6;24.3;21.8;67.0;58.0;59.0;299.0;4.0;1.1
2023/10/24;1700 UTC;0.0;988.3;989.3;988.3;3013.6;32.2;23.3;32.9;31.3;24.7;22.4;64.0;57.0;59.0;264.0;4.5;1.6
2023/10/24;1800 UTC;0.0;987.5;988.3;987.5;2231.2;32.6;23.8;33.4;32.2;24.6;23.1;61.0;56.0;60.0;322.0;3.4;1.8
2023/10/24;1900 UTC;0.0;987.3;987.5;987.3;1079.7;32.2;23.6;32.8;31.7;24.4;22.4;64.0;56.0;60.0;324.0;3.4;1.0
2023/10/24;2000 UTC;0.0;986.8;987.3;986.8;920.7;33.1;22.4;33.6;32.2;23.8;21.1;60.0;48.0;53.0;270.0;2.3;1.4
2023/10/24;2100 UTC;0.0;987.2;987.2;986.8;284.5;29.0;24.7;33.1;29.0;25.4;22.2;79.0;54.0;78.0;31.0;2.9;0.5
2023/10/24;2200 UTC;0.0;987.3;987.4;987.1;8.1;26.8;24.6;29.0;26.8;25.4;24.3;88.0;77.0;88.0;134.0;1.3;0.3
2023/10/24;2300 UTC;;;;;;;;;;;;;;;;;
2023/10/25;0000 UTC;0.0;987.8;987.8;987.1;;25.3;24.4;25.9;25.3;25.0;24.2;95.0;92.0;95.0;356.0;1.6;0.6
2023/10/25;0100 UTC;0.0;989.0;989.0;987.8;;25.7;24.2;25.7;25.1;24.5;24.0;96.0;91.0;91.0;332.0;2.2;1.2
2023/10/25;0200 UTC;0.0;989.3;989.4;989.0;;24.8;24.1;25.7;24.6;24.1;23.8;96.0;90.0;96.0;325.0;1.7;0.6
2023/10/25;0300 UTC;0.0;989.3;989.3;988.9;;24.9;24.1;25.5;24.8;24.4;23.9;96.0;92.0;95.0;66.0;1.5;0.2
2023/10/25;0400 UTC;;;;;;;;;;;;;;;;;
2023/10/25;0500 UTC;0.0;988.2;988.8;988.2;;25.6;23.8;25.7;25.1;24.3;23.8;95.0;90.0;90.0;325.0;5.5;2.8
2023/10/25;0600 UTC;0.0;988.0;988.2;988.0;;25.0;23.8;25.6;25.0;23.9;23.8;93.0;90.0;93.0;337.0;5.5;1.8
2023/10/25;0700 UTC;0.0;988.2;988.2;988.0;;24.3;23.4;25.0;24.3;23.9;23.4;95.0;93.0;95.0;326.0;3.4;1.2
2023/10/25;0800 UTC;0.0;988.3;988.3;988.1;;24.1;23.3;24.3;23.9;23.4;23.3;97.0;95.0;96.0;13.0;2.6;0.9
2023/10/25;0900 UTC;0.0;988.8;988.9;988.3;0.1;24.0;22.9;24.1;24.0;23.3;22.9;96.0;94.0;94.0;18.0;2.8;0.6
2023/10/25;1000 UTC;0.0;989.5;989.5;988.8;256.5;25.3;23.2;25.3;24.0;23.3;22.9;94.0;88.0;88.0;23.0;2.0;0.7
2023/10/25;1100 UTC;0.0;990.2;990.2;989.5;672.0;26.7;23.4;26.7;25.3;23.8;22.8;88.0;81.0;82.0;347.0;2.5;0.8
2023/10/25;1200 UTC;0.0;990.5;990.5;990.2;1633.6;28.5;22.6;28.5;26.7;23.6;21.9;82.0;69.0;71.0;349.0;5.6;2.4
2023/10/25;1300 UTC;0.0;990.1;990.5;990.1;1788.3;29.9;24.2;29.9;28.3;24.2;22.5;74.0;69.0;71.0;344.0;4.1;1.4
2023/10/25;1400 UTC;0.0;989.3;990.1;989.3;3056.3;31.6;24.1;31.6;29.7;24.6;23.1;72.0;63.0;64.0;329.0;5.3;2.4
2023/10/25;1500 UTC;0.0;988.4;989.3;988.4;3458.2;32.9;23.8;33.1;31.5;24.8;23.1;65.0;57.0;59.0;319.0;4.7;1.7
2023/10/25;1600 UTC;0.0;986.9;988.4;986.9;3412.7;34.0;23.0;34.2;32.7;24.8;22.7;61.0;53.0;53.0;42.0;3.5;1.2
2023/10/25;1700 UTC;0.0;985.8;986.9;985.8;3349.9;35.0;23.1;35.4;33.9;24.5;22.0;57.0;48.0;50.0;23.0;4.2;1.0
2023/10/25;1800 UTC;0.0;984.7;985.8;984.7;2623.8;35.9;23.4;36.3;34.5;23.9;22.0;54.0;45.0;49.0;68.0;4.4;1.0
2023/10/25;1900 UTC;1.8;984.4;984.7;984.4;1163.3;29.2;25.0;35.9;28.5;25.5;21.7;80.0;46.0;78.0;166.0;8.3;1.6
2023/10/25;2000 UTC;0.0;984.4;984.5;984.1;524.7;29.4;26.0;30.0;28.2;26.5;24.7;90.0;73.0;82.0;152.0;4.4;0.8
2023/10/25;2100 UTC;0.0;984.3;984.5;984.2;238.9;28.7;27.5;29.7;28.6;27.6;25.7;94.0;80.0;93.0;148.0;1.9;0.3
2023/10/25;2200 UTC;0.0;984.6;984.6;984.0;10.7;28.0;25.6;28.7;27.2;27.6;25.3;98.0;83.0;87.0;148.0;3.1;1.2
2023/10/25;2300 UTC;0.0;985.3;985.3;984.6;;26.5;25.0;28.0;26.4;26.0;24.9;95.0;86.0;91.0;83.0;2.6;0.3
2023/10/26;0000 UTC;0.0;986.4;986.4;985.3;;26.1;25.2;26.5;25.9;25.5;25.0;97.0;91.0;95.0;114.0;1.3;0.4
2023/10/26;0100 UTC;0.0;987.0;987.1;986.4;;26.3;24.5;26.7;26.1;25.4;24.2;95.0;87.0;89.0;45.0;1.9;0.8
2023/10/26;0200 UTC;0.0;987.0;987.2;987.0;;26.0;24.9;26.5;26.0;25.2;24.4;94.0;89.0;94.0;333.0;1.7;0.3
2023/10/26;0300 UTC;0.0;987.3;987.3;987.0;;25.8;25.0;26.1;25.8;25.4;24.6;96.0;92.0;95.0;98.0;0.9;0.3
2023/10/26;0400 UTC;0.8;986.6;987.3;986.6;;25.9;25.2;26.3;25.5;25.2;24.6;97.0;91.0;96.0;151.0;2.6;0.4
2023/10/26;0500 UTC;0.2;985.9;986.6;985.9;;25.4;25.1;26.2;25.2;25.4;25.0;99.0;94.0;99.0;333.0;2.0;0.7
2023/10/26;0600 UTC;0.0;985.5;985.9;985.5;;25.3;25.2;25.6;25.3;25.4;25.1;99.0;98.0;99.0;90.0;2.1;0.3
2023/10/26;0700 UTC;0.0;985.8;985.8;985.4;;25.4;25.3;25.6;25.3;25.5;25.2;100.0;99.0;99.0;172.0;1.8;0.3
2023/10/26;0800 UTC;0.0;986.0;986.1;985.8;;24.9;24.8;25.4;24.9;25.4;24.8;100.0;99.0;99.0;27.0;1.3;0.4
2023/10/26;0900 UTC;0.0;986.6;986.6;986.0;;24.9;24.8;25.1;24.8;25.1;24.7;100.0;99.0;100.0;18.0;0.9;0.3
2023/10/26;1000 UTC;0.0;987.8;987.8;986.6;41.8;25.3;25.2;25.3;24.8;25.2;24.8;100.0;99.0;100.0;160.0;0.8;0.3
2023/10/26;1100 UTC;0.0;988.6;988.6;987.8;191.6;26.5;25.4;26.5;25.3;25.7;25.0;100.0;93.0;94.0;98.0;1.0;0.2
2023/10/26;1200 UTC;0.2;989.0;989.1;988.6;553.3;27.7;24.4;27.9;26.4;25.8;24.0;95.0;81.0;82.0;273.0;1.5;0.6
2023/10/26;1300 UTC;0.0;989.0;989.1;988.8;1365.9;29.7;24.8;29.8;27.8;25.7;24.2;85.0;74.0;75.0;324.0;3.5;2.0
2023/10/26;1400 UTC;0.0;988.5;989.1;988.5;2865.1;31.5;24.4;32.0;29.7;25.5;23.8;76.0;64.0;66.0;307.0;4.4;1.9
2023/10/26;1500 UTC;0.0;987.6;988.5;987.6;3484.4;33.0;23.8;33.9;31.6;25.6;23.3;68.0;54.0;59.0;308.0;4.4;2.1
2023/10/26;1600 UTC;0.0;986.1;987.6;986.1;3685.8;34.8;24.0;34.9;32.9;25.8;22.6;64.0;50.0;53.0;320.0;6.8;1.6
2023/10/26;1700 UTC;1.4;985.1;986.1;985.1;1951.7;30.7;27.4;35.9;29.6;28.2;22.1;87.0;46.0;83.0;76.0;6.1;0.9
2023/10/26;1800 UTC;0.0;983.9;985.1;983.9;1613.9;32.0;24.3;33.2;30.8;28.0;24.0;85.0;61.0;64.0;191.0;4.3;1.8
2023/10/26;1900 UTC;0.0;983.2;983.9;983.1;679.9;31.2;26.1;32.3;31.1;26.3;24.2;75.0;63.0;74.0;186.0;5.6;1.7
2023/10/26;2000 UTC;0.0;983.3;984.0;983.1;305.8;28.5;24.1;31.2;28.5;25.7;23.6;77.0;68.0;77.0;164.0;5.6;1.9
2023/10/26;2100 UTC;2.6;984.7;984.7;983.3;58.7;27.1;24.6;28.8;26.8;25.0;23.8;89.0;75.0;86.0;225.0;4.6;1.6
2023/10/26;2200 UTC;0.0;986.4;986.4;984.7;3.5;25.7;24.2;27.1;25.7;24.5;23.6;91.0;83.0;91.0;104.0;4.9;2.5
2023/10/26;2300 UTC;0.0;987.7;987.7;986.0;;25.4;23.6;26.4;25.4;24.6;23.6;94.0;88.0;90.0;2.0;5.9;2.2
2023/10/27;0000 UTC;11.2;987.8;988.3;987.5;;22.9;22.5;25.8;22.9;23.5;21.4;98.0;78.0;97.0;190.0;5.9;1.9
2023/10/27;0100 UTC;6.4;988.2;989.0;987.8;;23.5;22.8;23.6;22.8;23.0;22.2;98.0;95.0;96.0;109.0;7.3;3.7
2023/10/27;0200 UTC;0.8;987.9;988.3;987.8;;23.2;22.6;23.5;23.1;22.7;22.4;97.0;94.0;97.0;138.0;7.1;2.0
2023/10/27;0300 UTC;0.8;988.7;988.7;987.9;;23.1;22.9;23.3;23.0;23.0;22.6;99.0;97.0;99.0;288.0;4.6;2.4
2023/10/27;0400 UTC;0.6;987.8;988.7;987.8;;23.2;23.0;23.3;23.0;23.1;22.8;99.0;99.0;99.0;163.0;4.6;1.6
2023/10/27;0500 UTC;0.2;987.4;987.8;987.3;;23.3;23.2;23.4;23.2;23.2;23.0;99.0;99.0;99.0;152.0;3.1;1.7
2023/10/27;0600 UTC;0.2;987.1;987.4;987.1;;23.3;23.1;23.5;23.3;23.3;23.1;99.0;99.0;99.0;165.0;2.8;0.6
2023/10/27;0700 UTC;0.0;986.9;987.1;986.9;;23.2;23.1;23.4;23.1;23.3;23.0;99.0;99.0;99.0;195.0;2.6;1.3
2023/10/27;0800 UTC;0.2;987.3;987.3;986.8;;23.2;23.0;23.3;23.1;23.2;22.9;99.0;99.0;99.0;232.0;2.6;0.5
2023/10/27;0900 UTC;0.0;987.9;987.9;987.3;5.9;22.9;22.9;23.2;22.8;23.0;22.7;100.0;99.0;100.0;151.0;1.9;0.4
2023/10/27;1000 UTC;0.0;988.8;988.8;987.9;333.1;23.9;23.3;23.9;22.9;23.6;22.9;100.0;96.0;97.0;191.0;1.9;1.3
2023/10/27;1100 UTC;0.0;990.1;990.1;988.8;625.4;25.1;23.8;25.1;23.8;24.0;23.1;97.0;91.0;93.0;202.0;2.5;1.2
2023/10/27;1200 UTC;0.0;990.6;990.6;990.1;1421.0;27.5;23.7;27.6;25.1;24.4;23.4;93.0;80.0;80.0;179.0;3.2;1.0
2023/10/27;1300 UTC;0.0;990.8;990.8;990.6;1523.9;29.5;24.4;29.5;27.5;25.2;23.5;83.0;74.0;74.0;200.0;2.6;0.6
2023/10/27;1400 UTC;0.0;990.3;990.8;990.3;1973.7;30.0;25.9;30.3;28.3;26.8;23.6;86.0;71.0;79.0;242.0;2.9;0.9
2023/10/27;1500 UTC;0.0;989.7;990.3;989.7;3309.0;31.2;25.7;31.4;29.6;27.3;25.3;83.0;73.0;73.0;262.0;4.6;1.8
2023/10/27;1600 UTC;0.0;988.0;989.7;988.0;3451.7;32.7;24.4;32.9;30.7;26.9;24.4;79.0;61.0;62.0;280.0;5.0;2.1
2023/10/27;1700 UTC;0.0;986.5;988.0;986.5;3207.3;32.4;24.7;33.2;31.7;25.9;24.1;68.0;60.0;64.0;259.0;5.1;2.0
2023/10/27;1800 UTC;0.0;985.3;986.5;985.3;2539.9;32.7;24.5;33.2;32.2;25.3;23.6;65.0;59.0;62.0;271.0;5.6;2.6
2023/10/27;1900 UTC;0.0;985.0;985.3;984.6;1764.9;33.0;24.1;33.5;32.6;25.9;24.1;66.0;59.0;60.0;226.0;4.5;1.8
2023/10/27;2000 UTC;0.0;985.2;985.2;984.1;1204.0;30.5;22.8;33.8;30.5;25.0;22.6;65.0;56.0;64.0;305.0;6.4;2.8
2023/10/27;2100 UTC;0.0;985.5;985.7;985.2;373.0;28.5;23.8;30.6;28.5;23.9;21.3;76.0;60.0;76.0;88.0;5.0;0.4
2023/10/27;2200 UTC;0.0;986.0;986.2;985.5;22.2;26.2;21.5;28.8;26.2;23.2;20.8;76.0;65.0;75.0;130.0;7.6;2.3
2023/10/27;2300 UTC;0.0;986.0;986.0;985.6;;25.0;22.3;26.2;25.0;22.5;21.5;85.0;75.0;85.0;95.0;4.4;1.7
2023/10/28;0000 UTC;0.0;987.4;987.4;986.0;;24.5;22.7;25.0;24.2;23.0;22.3;92.0;85.0;89.0;124.0;3.8;0.9
2023/10/28;0100 UTC;0.0;988.3;988.3;987.4;;24.2;21.9;25.0;24.2;22.9;21.9;91.0;86.0;87.0;129.0;3.4;1.6
2023/10/28;0200 UTC;0.0;988.1;988.5;988.1;;23.9;22.1;24.2;23.8;22.5;21.9;92.0;87.0;90.0;106.0;3.3;1.5
2023/10/28;0300 UTC;0.0;988.3;988.3;987.9;;23.7;22.3;24.1;23.7;22.4;22.1;92.0;89.0;92.0;137.0;2.7;1.1
2023/10/28;0400 UTC;0.0;987.7;988.3;987.7;;23.4;22.6;23.8;23.3;22.6;22.3;95.0;92.0;95.0;121.0;2.5;1.0
2023/10/28;0500 UTC;0.0;986.8;987.7;986.8;;23.5;22.6;23.6;23.4;22.8;22.4;95.0;94.0;94.0;154.0;1.8;0.9
2023/10/28;0600 UTC;0.0;986.2;986.8;985.9;;23.3;22.7;23.7;23.3;22.8;22.4;96.0;93.0;96.0;55.0;2.4;1.3
2023/10/28;0700 UTC;0.0;986.7;986.7;986.2;;23.3;22.8;23.4;23.3;22.9;22.6;97.0;96.0;97.0;37.0;2.4;0.5
2023/10/28;0800 UTC;0.0;987.0;987.0;986.6;;23.3;22.9;23.5;23.2;23.0;22.8;98.0;97.0;97.0;344.0;1.0;0.3
2023/10/28;0900 UTC;0.0;987.4;987.4;987.0;2.9;23.1;22.8;23.5;23.1;23.2;22.8;99.0;97.0;98.0;159.0;1.3;0.6
2023/10/28;1000 UTC;0.0;988.1;988.1;987.4;181.6;24.1;23.3;24.1;23.1;23.4;22.8;99.0;95.0;95.0;178.0;1.6;0.6
2023/10/28;1100 UTC;0.0;989.1;989.1;988.1;823.5;26.7;23.8;26.7;24.1;24.2;23.2;96.0;84.0;84.0;131.0;3.1;1.3
2023/10/28;1200 UTC;0.0;989.5;989.5;989.1;1517.5;28.4;23.8;28.4;26.7;24.6;23.4;85.0;76.0;76.0;156.0;3.7;2.3
2023/10/28;1300 UTC;0.0;989.9;990.0;989.5;2064.7;29.6;24.8;29.7;28.3;25.2;23.3;80.0;72.0;75.0;134.0;4.5;2.2
2023/10/28;1400 UTC;0.0;989.7;989.9;989.7;2835.6;31.5;25.0;31.6;29.6;25.5;23.9;76.0;64.0;68.0;110.0;5.6;2.7
2023/10/28;1500 UTC;0.0;988.8;989.7;988.8;3113.8;33.0;24.3;33.0;31.4;25.0;23.2;69.0;60.0;60.0;113.0;5.1;1.7
2023/10/28;1600 UTC;0.0;987.4;988.8;987.4;3458.7;34.2;23.9;34.4;33.0;25.3;23.1;63.0;54.0;55.0;104.0;4.3;1.5
2023/10/28;1700 UTC;0.0;985.9;987.4;985.9;2554.7;34.1;23.0;35.0;33.2;24.9;23.0;61.0;52.0;52.0;173.0;4.5;2.6
2023/10/28;1800 UTC;0.0;984.6;985.9;984.6;2600.2;34.8;23.2;35.1;34.1;24.3;22.8;56.0;50.0;51.0;189.0;4.8;1.9
2023/10/28;1900 UTC;0.0;984.2;984.6;984.1;1835.1;34.8;22.8;35.2;34.6;23.7;21.9;53.0;47.0;50.0;155.0;5.0;2.0
2023/10/28;2000 UTC;0.0;984.4;984.5;984.2;956.3;34.4;23.6;34.9;34.3;24.1;22.5;55.0;49.0;54.0;159.0;3.8;1.7
2023/10/28;2100 UTC;0.0;985.0;985.0;984.2;295.0;30.8;25.2;34.4;30.8;26.8;23.2;75.0;52.0;72.0;355.0;2.6;0.6
2023/10/28;2200 UTC;0.0;986.5;986.5;985.0;3.5;28.6;23.2;30.8;28.6;26.4;23.2;83.0;72.0;73.0;321.0;8.6;2.8
2023/10/28;2300 UTC;0.0;987.0;987.2;986.5;;26.8;23.3;28.5;26.8;23.3;22.9;82.0;73.0;81.0;319.0;5.7;1.8
2023/10/29;0000 UTC;;;;;;;;;;;;;;;;;
2023/10/29;0100 UTC;;;;;;;;;;;;;;;;;
2023/10/29;0200 UTC;0.4;988.1;989.0;988.1;;24.6;23.6;24.7;24.3;24.0;23.6;96.0;94.0;94.0;316.0;4.6;2.0
2023/10/29;0300 UTC;0.0;987.8;988.1;987.8;;24.1;23.5;24.6;24.1;23.8;23.5;97.0;94.0;96.0;345.0;4.4;1.0
2023/10/29;0400 UTC;0.0;987.1;987.8;987.1;;23.8;23.6;24.1;23.8;23.7;23.5;99.0;96.0;99.0;3.0;2.1;0.7
2023/10/29;0500 UTC;0.0;986.7;987.1;986.5;;23.8;23.6;24.0;23.7;23.7;23.4;99.0;97.0;99.0;185.0;2.0;1.1
2023/10/29;0600 UTC;0.0;986.2;986.7;986.2;;23.8;23.6;23.9;23.6;23.7;23.4;99.0;98.0;99.0;137.0;2.6;1.0
2023/10/29;0700 UTC;0.0;986.4;986.4;986.1;;23.7;23.5;23.9;23.7;23.7;23.5;99.0;98.0;99.0;5.0;1.8;0.5
2023/10/29;0800 UTC;0.0;986.9;986.9;986.4;;23.7;23.6;23.7;23.5;23.7;23.4;100.0;99.0;100.0;117.0;2.3;1.2
2023/10/29;0900 UTC;0.0;987.4;987.4;986.9;4.5;23.6;23.4;23.7;23.5;23.7;23.4;100.0;99.0;99.0;117.0;2.3;1.0
2023/10/29;1000 UTC;0.0;988.1;988.2;987.4;214.4;24.6;23.9;24.6;23.6;24.1;23.4;99.0;96.0;96.0;80.0;2.0;0.8
2023/10/29;1100 UTC;0.0;988.6;988.6;988.1;839.4;26.5;24.3;26.5;24.6;24.6;23.7;96.0;86.0;88.0;155.0;3.3;1.6
2023/10/29;1200 UTC;0.0;989.3;989.4;988.6;1251.4;27.5;24.5;28.0;26.5;25.1;23.8;88.0;80.0;84.0;81.0;3.0;1.4
2023/10/29;1300 UTC;0.0;989.4;989.5;989.3;1538.7;29.3;24.6;29.4;27.2;25.6;24.0;87.0;73.0;76.0;125.0;3.0;1.1
2023/10/29;1400 UTC;0.0;989.3;989.5;989.3;2464.6;32.2;24.9;32.3;29.3;26.0;24.4;80.0;65.0;65.0;65.0;2.3;1.0
2023/10/29;1500 UTC;0.0;988.6;989.3;988.6;3436.9;33.3;24.7;33.3;31.6;26.5;24.2;73.0;60.0;61.0;191.0;3.2;1.3
2023/10/29;1600 UTC;0.0;987.2;988.6;987.2;3256.2;34.5;24.9;34.6;33.3;26.8;23.8;67.0;54.0;57.0;166.0;3.8;2.0
2023/10/29;1700 UTC;0.0;985.8;987.2;985.8;3304.4;35.3;23.5;35.6;34.5;25.8;23.3;59.0;50.0;51.0;19.0;4.0;1.4
2023/10/29;1800 UTC;0.0;984.7;985.8;984.7;2340.8;34.6;23.9;36.2;34.5;25.3;22.8;57.0;48.0;54.0;25.0;6.6;1.6
2023/10/29;1900 UTC;0.0;983.9;984.7;983.7;1812.0;35.9;24.1;36.2;34.6;25.7;23.3;59.0;48.0;51.0;271.0;4.3;1.2
2023/10/29;2000 UTC;0.0;984.2;984.2;983.7;1056.5;35.5;22.5;36.0;35.4;24.8;22.4;54.0;47.0;47.0;95.0;4.0;1.3
2023/10/29;2100 UTC;0.0;984.4;984.5;984.1;268.7;30.7;26.2;35.9;30.7;27.0;22.4;78.0;46.0;77.0;5.0;2.5;0.6
2023/10/29;2200 UTC;0.0;984.0;984.4;984.0;0.3;28.3;24.6;30.7;28.3;26.3;24.6;85.0;75.0;81.0;313.0;1.1;0.5
2023/10/29;2300 UTC;0.0;985.7;985.7;984.0;;29.1;24.5;29.7;28.1;26.4;24.2;87.0;74.0;76.0;290.0;3.3;1.4
2023/10/30;0000 UTC;;;;;;;;;;;;;;;;;
2023/10/30;0100 UTC;0.0;987.6;987.6;987.2;;27.0;24.8;27.9;27.0;24.9;24.3;88.0;82.0;88.0;339.0;2.4;0.9
2023/10/30;0200 UTC;0.0;987.7;987.9;987.6;;26.0;24.0;27.1;25.8;24.7;24.0;92.0;86.0;89.0;324.0;1.8;1.0
2023/10/30;0300 UTC;;;;;;;;;;;;;;;;;
2023/10/30;0400 UTC;0.0;986.7;987.1;986.7;;24.2;23.6;24.8;24.1;23.9;23.4;97.0;94.0;97.0;158.0;1.2;0.6
2023/10/30;0500 UTC;0.0;986.5;986.8;986.4;;23.4;23.1;24.1;23.4;23.6;23.1;99.0;96.0;99.0;175.0;1.1;0.3
2023/10/30;0600 UTC;0.0;986.3;986.6;986.2;;23.0;22.8;23.4;22.9;23.2;22.7;99.0;98.0;99.0;43.0;0.7;0.3
2023/10/30;0700 UTC;0.0;986.5;986.6;986.3;;22.9;22.8;23.4;22.7;23.3;22.5;100.0;98.0;100.0;95.0;1.5;0.8
2023/10/30;0800 UTC;0.0;987.1;987.1;986.5;;22.9;22.7;23.2;22.5;23.1;22.4;100.0;99.0;99.0;69.0;1.4;0.7
2023/10/30;0900 UTC;0.0;987.7;987.7;987.1;2.2;22.7;22.7;23.1;22.5;23.1;22.4;100.0;98.0;100.0;335.0;1.4;0.4
2023/10/30;1000 UTC;0.0;989.0;989.0;987.7;307.9;25.1;24.1;25.1;22.5;24.1;22.4;100.0;93.0;94.0;60.0;1.8;1.0
2023/10/30;1100 UTC;0.0;989.8;989.8;989.0;861.6;28.0;24.7;28.0;24.9;25.1;23.9;95.0;83.0;83.0;16.0;2.7;1.2
2023/10/30;1200 UTC;0.0;990.6;990.6;989.8;1590.1;30.0;24.2;30.0;28.0;25.0;23.5;83.0;68.0;71.0;28.0;3.2;1.3
2023/10/30;1300 UTC;0.0;990.1;990.6;990.1;2443.5;32.6;22.5;32.7;30.0;24.7;22.5;72.0;55.0;55.0;214.0;2.4;0.9
2023/10/30;1400 UTC;0.0;989.7;990.1;989.7;3140.9;34.1;23.2;34.2;32.4;24.8;22.8;62.0;53.0;53.0;235.0;3.8;1.4
2023/10/30;1500 UTC;0.0;988.9;989.7;988.9;3439.3;35.0;22.7;35.0;33.8;24.9;21.8;58.0;47.0;49.0;321.0;3.8;1.6
2023/10/30;1600 UTC;0.0;987.5;988.9;987.5;3500.7;36.2;25.1;36.2;34.7;25.3;21.7;56.0;46.0;53.0;18.0;4.4;1.2
2023/10/30;1700 UTC;0.0;986.4;987.6;986.4;2913.9;35.8;23.0;36.4;35.0;24.4;22.2;53.0;46.0;48.0;298.0;4.1;1.7
2023/10/30;1800 UTC;0.0;985.5;986.4;985.5;2066.8;35.6;22.2;36.9;35.3;24.3;21.7;51.0;43.0;46.0;57.0;3.4;1.7
2023/10/30;1900 UTC;0.0;984.9;985.5;984.9;1173.2;36.1;23.8;36.2;33.8;25.2;22.2;59.0;46.0;49.0;37.0;4.3;0.8
2023/10/30;2000 UTC;0.0;984.6;984.9;984.5;968.2;35.3;23.9;36.1;35.2;25.0;22.0;56.0;45.0;52.0;59.0;3.0;1.0
2023/10/30;2100 UTC;0.0;984.8;984.9;984.6;311.1;31.8;24.3;35.4;31.8;24.8;22.9;65.0;49.0;65.0;330.0;5.7;1.6
2023/10/30;2200 UTC;0.0;985.8;985.8;984.8;5.7;30.3;23.3;31.8;29.6;24.7;23.3;75.0;65.0;66.0;357.0;5.1;1.3
2023/10/30;2300 UTC;;;;;;;;;;;;;;;;;
2023/10/31;0000 UTC;0.0;987.2;987.2;986.5;;26.4;24.2;27.5;26.3;24.3;23.8;88.0;81.0;88.0;336.0;1.9;0.4
2023/10/31;0100 UTC;0.0;987.8;987.8;987.2;;25.4;24.2;26.4;25.4;24.3;24.0;93.0;88.0;93.0;360.0;0.9;0.5
2023/10/31;0200 UTC;0.0;988.0;988.0;987.8;;25.0;23.6;25.4;24.9;24.2;23.6;94.0;92.0;92.0;306.0;1.0;0.4
2023/10/31;0300 UTC;0.0;987.6;988.0;987.6;;24.3;23.4;25.1;24.3;23.9;23.4;95.0;92.0;95.0;334.0;1.2;0.3
2023/10/31;0400 UTC;0.0;987.4;987.6;987.4;;24.1;23.1;24.3;23.9;23.4;23.1;96.0;94.0;94.0;165.0;1.2;0.3
2023/10/31;0500 UTC;0.0;987.1;987.4;987.1;;23.8;23.2;24.1;23.7;23.4;23.0;97.0;94.0;97.0;339.0;1.4;0.6
2023/10/31;0600 UTC;0.0;987.2;987.2;987.0;;25.8;23.7;26.0;23.8;23.8;23.2;97.0;86.0;88.0;301.0;3.3;1.2
2023/10/31;0700 UTC;0.0;987.5;987.5;987.2;;26.5;23.3;26.5;25.5;23.7;23.3;89.0;83.0;83.0;282.0;4.1;2.2
2023/10/31;0800 UTC;0.0;987.8;987.8;987.5;;26.1;23.1;26.5;26.0;23.4;23.1;85.0;83.0;84.0;275.0;4.7;2.0
2023/10/31;0900 UTC;0.0;988.2;988.2;987.6;1.5;25.7;22.9;26.2;25.7;23.1;22.9;85.0;83.0;85.0;251.0;5.8;1.2
2023/10/31;1000 UTC;0.0;989.0;989.0;988.2;278.0;26.5;23.4;26.5;25.6;23.5;22.9;86.0;83.0;83.0;187.0;3.1;1.1
2023/10/31;1100 UTC;0.0;990.0;990.0;988.9;952.5;28.7;23.1;28.9;26.5;23.4;22.8;83.0;70.0;72.0;240.0;4.6;1.5
2023/10/31;1200 UTC;0.0;990.5;990.6;990.0;1676.4;30.2;23.6;30.2;28.7;24.1;22.8;72.0;66.0;68.0;246.0;5.8;2.4
2023/10/31;1300 UTC;0.0;990.8;990.8;990.5;2436.5;31.9;23.1;32.2;30.1;24.0;22.6;68.0;59.0;59.0;231.0;6.5;2.5
2023/10/31;1400 UTC;0.0;989.8;990.8;989.8;3128.3;32.6;23.4;33.9;31.6;24.1;22.7;63.0;55.0;58.0;215.0;8.9;2.3
2023/10/31;1500 UTC;0.0;989.3;989.8;989.3;3238.1;33.7;23.8;34.5;32.5;24.9;23.1;61.0;53.0;57.0;220.0;7.5;2.3
2023/10/31;1600 UTC;0.0;987.9;989.3;987.9;1820.9;34.1;23.8;34.7;32.7;24.6;23.5;61.0;53.0;55.0;216.0;7.5;2.2
2023/10/31;1700 UTC;0.0;987.2;987.9;987.2;1660.9;33.0;24.3;35.1;32.8;24.6;23.4;61.0;52.0;60.0;188.0;4.8;1.5
2023/10/31;1800 UTC;0.0;986.8;987.3;986.7;1496.1;33.7;23.7;34.2;32.8;25.1;23.6;62.0;55.0;56.0;173.0;4.3;1.7
2023/10/31;1900 UTC;0.0;986.2;986.8;986.2;1170.5;33.0;24.8;34.6;33.0;25.3;23.5;64.0;54.0;62.0;151.0;3.2;1.6
2023/10/31;2000 UTC;0.0;986.1;986.2;986.1;491.8;31.9;25.4;33.1;31.9;25.9;24.7;70.0;61.0;69.0;146.0;2.8;1.5
2023/10/31;2100 UTC;0.0;986.2;986.2;986.0;183.3;30.0;26.0;31.9;30.0;26.6;25.3;81.0;69.0;79.0;148.0;2.1;0.4
2023/10/31;2200 UTC;0.0;986.5;986.5;986.1;2.2;28.1;26.0;30.0;28.1;26.6;25.8;88.0;79.0;88.0;329.0;0.9;0.5
2023/10/31;2300 UTC;0.0;986.7;986.7;986.5;;28.0;25.0;28.3;27.6;26.2;25.0;91.0;83.0;83.0;118.0;3.1;0.9
2023/11/01;0000 UTC;;;;;;;;;;;;;;;;;
2023/11/01;0100 UTC;0.0;987.9;987.9;987.3;;26.5;23.5;27.2;26.2;23.9;23.5;86.0;81.0;84.0;127.0;2.8;1.2
2023/11/01;0200 UTC;0.0;988.1;988.1;987.9;;25.7;23.1;26.6;25.7;23.5;23.1;86.0;82.0;86.0;107.0;3.0;0.7
2023/11/01;0300 UTC;;;;;;;;;;;;;;;;;
2023/11/01;0400 UTC;;;;;;;;;;;;;;;;;
2023/11/01;0500 UTC;0.0;986.6;986.9;986.6;;23.3;22.8;23.8;23.3;23.4;22.8;98.0;97.0;97.0;153.0;1.3;0.4
2023/11/01;0600 UTC;0.0;986.1;986.6;986.1;;22.9;22.8;23.3;22.8;23.0;22.6;99.0;97.0;99.0;95.0;0.9;0.6
2023/11/01;0700 UTC;0.0;986.2;986.2;986.0;;22.9;22.7;23.1;22.7;23.0;22.5;99.0;98.0;99.0;347.0;1.8;1.0
2023/11/01;0800 UTC;0.0;986.5;986.5;986.2;;22.6;22.5;22.9;22.4;22.7;22.2;100.0;98.0;99.0;294.0;1.8;0.5
2023/11/01;0900 UTC;0.0;987.1;987.1;986.5;3.6;22.3;22.3;22.7;22.1;22.6;21.9;100.0;99.0;100.0;295.0;1.3;0.3
2023/11/01;1000 UTC;0.0;988.2;988.2;987.1;279.0;24.5;23.6;24.5;22.2;23.6;22.2;100.0;95.0;95.0;227.0;1.6;0.6
2023/11/01;1100 UTC;0.0;989.1;989.1;988.2;1011.2;28.5;23.8;28.5;24.5;24.1;23.2;95.0;76.0;76.0;299.0;1.9;0.3
2023/11/01;1200 UTC;0.0;989.4;989.4;989.0;1650.0;30.4;23.7;30.9;28.5;25.5;23.5;79.0;67.0;68.0;55.0;2.9;1.2
2023/11/01;1300 UTC;0.0;989.3;989.4;989.3;2459.1;32.2;23.9;32.9;30.4;25.4;23.8;70.0;62.0;62.0;136.0;3.1;1.4
2023/11/01;1400 UTC;0.0;988.7;989.3;988.7;3080.1;34.3;24.6;34.3;32.2;25.2;23.7;64.0;56.0;57.0;261.0;3.4;0.9
2023/11/01;1500 UTC;0.0;987.6;988.6;987.6;3508.7;34.8;23.4;35.9;34.1;25.6;23.1;60.0;49.0;52.0;153.0;4.7;3.0
2023/11/01;1600 UTC;0.0;986.3;987.6;986.3;3540.4;36.4;22.1;36.6;34.7;23.4;20.3;52.0;41.0;44.0;126.0;5.0;1.3
2023/11/01;1700 UTC;0.0;984.9;986.3;984.9;3240.0;37.4;20.6;37.5;36.0;22.9;18.6;47.0;35.0;38.0;163.0;4.9;1.1
2023/11/01;1800 UTC;0.0;984.0;984.9;984.0;2605.9;36.9;22.5;37.4;36.1;22.7;20.1;45.0;37.0;44.0;58.0;5.5;1.5
2023/11/01;1900 UTC;0.0;983.4;984.0;983.4;1711.6;36.7;22.0;37.3;36.5;22.8;20.9;44.0;39.0;43.0;181.0;5.1;1.6
2023/11/01;2000 UTC;0.0;983.6;983.6;983.4;929.2;36.4;21.9;36.8;36.1;22.7;21.0;47.0;40.0;43.0;126.0;3.1;1.0
2023/11/01;2100 UTC;0.0;984.2;984.2;983.6;280.6;31.9;24.5;36.5;31.9;25.9;21.0;66.0;41.0;65.0;158.0;1.9;0.4
2023/11/01;2200 UTC;0.0;985.1;985.1;984.2;2.4;28.5;24.7;31.9;28.5;24.8;23.7;80.0;65.0;80.0;347.0;1.0;0.3
2023/11/01;2300 UTC;0.0;985.2;985.3;985.1;;27.5;24.5;28.6;27.5;25.0;24.2;84.0;77.0;84.0;192.0;1.1;0.2
2023/11/02;0000 UTC;;;;;;;;;;;;;;;;;
2023/11/02;0100 UTC;;;;;;;;;;;;;;;;;
2023/11/02;0200 UTC;0.0;987.0;987.2;986.9;;26.8;22.9;28.1;26.8;23.9;22.7;80.0;76.0;79.0;352.0;3.7;0.8
2023/11/02;0300 UTC;;;;;;;;;;;;;;;;;
2023/11/02;0400 UTC;0.0;986.5;986.8;986.5;;24.6;23.0;26.4;24.4;23.1;22.4;91.0;79.0;91.0;185.0;1.7;0.3
2023/11/02;0500 UTC;0.0;986.0;986.5;986.0;;23.8;22.9;24.6;23.8;23.2;22.8;95.0;91.0;95.0;114.0;0.9;0.2
2023/11/02;0600 UTC;0.0;986.0;986.1;985.9;;23.4;22.8;23.8;23.3;22.9;22.8;97.0;95.0;96.0;15.0;1.4;0.4
2023/11/02;0700 UTC;0.0;986.5;986.5;985.9;;23.7;22.8;23.7;23.4;23.0;22.6;97.0;95.0;95.0;326.0;1.6;0.3
2023/11/02;0800 UTC;0.0;986.3;986.5;986.3;;23.7;22.8;23.9;23.7;23.0;22.8;96.0;94.0;94.0;23.0;2.0;0.6
2023/11/02;0900 UTC;0.0;986.5;986.5;986.3;1.7;23.8;22.8;24.0;23.4;22.9;22.6;96.0;93.0;94.0;10.0;3.6;1.6
2023/11/02;1000 UTC;0.0;987.5;987.5;986.5;162.8;25.2;23.0;25.2;23.8;23.0;22.8;94.0;87.0;88.0;342.0;3.6;0.5
2023/11/02;1100 UTC;0.0;988.8;988.8;987.5;422.4;26.4;24.0;26.4;25.2;24.1;23.0;89.0;86.0;87.0;100.0;2.7;0.7
2023/11/02;1200 UTC;0.0;989.1;989.2;988.8;331.0;26.8;24.3;27.1;26.4;24.6;23.9;88.0;84.0;86.0;42.0;3.1;1.2
2023/11/02;1300 UTC;44.2;990.4;990.4;989.1;108.4;24.1;24.1;26.8;23.6;25.1;22.8;100.0;86.0;100.0;213.0;7.7;2.1
2023/11/02;1400 UTC;2.0;991.1;991.1;990.3;107.6;24.1;23.9;24.2;23.4;24.1;22.8;100.0;95.0;99.0;144.0;6.8;2.5
2023/11/02;1500 UTC;0.2;991.2;991.7;991.1;45.4;23.8;23.0;24.2;23.8;24.0;22.9;99.0;94.0;96.0;155.0;8.0;3.9
2023/11/02;1600 UTC;2.8;991.1;991.2;990.9;60.8;23.2;22.7;23.8;23.2;23.1;22.7;97.0;95.0;97.0;141.0;8.3;3.6
2023/11/02;1700 UTC;3.6;988.8;991.1;988.8;98.1;22.9;22.6;23.2;22.9;22.7;22.4;99.0;96.0;98.0;122.0;8.5;3.2
2023/11/02;1800 UTC;1.6;987.3;988.8;987.3;309.6;23.0;22.7;23.0;22.8;22.8;22.6;99.0;98.0;99.0;36.0;8.0;2.2
2023/11/02;1900 UTC;0.2;985.7;987.3;985.7;591.9;23.8;23.0;23.8;23.0;23.2;22.6;99.0;95.0;95.0;346.0;6.3;1.6
2023/11/02;2000 UTC;0.0;985.7;986.1;985.7;388.7;24.0;23.1;24.4;23.8;23.3;22.3;96.0;90.0;95.0;269.0;3.8;1.9
2023/11/02;2100 UTC;0.0;987.0;987.0;985.6;112.5;23.8;23.3;24.1;23.8;23.5;22.9;97.0;94.0;97.0;303.0;3.5;1.3
2023/11/02;2200 UTC;0.0;988.6;988.6;986.9;0.9;23.3;23.2;23.8;23.3;23.4;23.1;99.0;97.0;99.0;100.0;3.4;0.5
2023/11/02;2300 UTC;0.0;989.3;989.3;988.6;;23.1;23.1;23.6;23.1;23.5;23.1;100.0;99.0;99.0;274.0;2.4;0.5
2023/11/03;0000 UTC;0.0;989.5;989.9;989.3;;23.1;23.0;23.4;22.9;23.3;22.8;100.0;99.0;100.0;158.0;1.9;0.6
2023/11/03;0100 UTC;0.0;989.4;989.6;989.4;;22.5;22.5;23.1;22.4;23.1;22.4;100.0;99.0;100.0;145.0;2.0;1.1
2023/11/03;0200 UTC;;;;;;;;;;;;;;;;;
2023/11/03;0300 UTC;0.0;988.9;989.7;988.9;;22.6;22.6;22.7;22.6;22.6;22.5;100.0;100.0;100.0;94.0;3.5;1.5
2023/11/03;0400 UTC;0.0;988.5;988.9;988.4;;22.1;22.0;22.6;22.1;22.6;22.0;100.0;100.0;100.0;71.0;4.6;0.8
2023/11/03;0500 UTC;0.0;988.2;988.6;988.2;;21.7;21.7;22.1;21.7;22.0;21.7;100.0;100.0;100.0;117.0;2.0;0.6
2023/11/03;0600 UTC;0.0;987.8;988.2;987.7;;21.1;21.0;21.8;21.1;21.7;21.0;100.0;100.0;100.0;22.0;1.3;0.3
2023/11/03;0700 UTC;0.0;988.5;988.5;987.8;;21.3;21.3;21.5;21.0;21.5;21.0;100.0;100.0;100.0;332.0;3.0;1.7
2023/11/03;0800 UTC;0.0;988.7;988.7;988.3;;21.5;21.4;21.5;21.3;21.5;21.3;100.0;100.0;100.0;335.0;3.0;0.8
2023/11/03;0900 UTC;0.0;989.4;989.5;988.7;3.9;21.1;21.1;21.5;21.1;21.5;21.1;100.0;100.0;100.0;163.0;2.1;1.3
2023/11/03;1000 UTC;0.0;989.9;989.9;989.3;217.3;22.1;22.1;22.1;21.0;22.1;21.0;100.0;100.0;100.0;186.0;2.2;1.0
2023/11/03;1100 UTC;0.0;990.5;990.5;989.9;805.7;22.9;22.9;23.1;22.0;23.0;21.9;100.0;100.0;100.0;171.0;2.5;1.2
2023/11/03;1200 UTC;0.0;990.7;990.9;990.5;1541.2;26.0;23.6;26.2;22.9;24.5;22.9;100.0;84.0;86.0;148.0;2.7;1.7
2023/11/03;1300 UTC;0.2;990.7;990.8;990.7;2333.8;28.6;24.1;28.6;26.0;24.5;23.2;87.0;75.0;77.0;115.0;3.3;1.2
2023/11/03;1400 UTC;0.0;990.3;990.7;990.3;2429.3;29.9;24.0;30.0;28.3;25.2;23.2;77.0;70.0;71.0;128.0;3.3;0.7
2023/11/03;1500 UTC;0.0;989.8;990.3;989.8;2987.1;31.7;24.3;31.7;29.6;25.2;23.4;73.0;63.0;65.0;219.0;2.4;0.8
2023/11/03;1600 UTC;0.0;988.9;989.8;988.9;3148.5;32.4;23.0;33.3;31.1;24.9;22.1;68.0;55.0;58.0;150.0;2.7;1.1
2023/11/03;1700 UTC;0.0;987.6;988.9;987.6;2921.9;33.4;22.2;33.7;32.3;23.4;21.2;59.0;50.0;52.0;150.0;3.1;1.1
2023/11/03;1800 UTC;0.0;986.6;987.6;986.6;2613.1;33.5;23.7;34.3;32.8;24.2;21.8;58.0;51.0;57.0;309.0;2.9;1.4
2023/11/03;1900 UTC;0.0;985.5;986.6;985.5;1849.0;33.5;23.0;34.4;33.1;23.9;22.5;56.0;52.0;54.0;278.0;3.8;1.1
2023/11/03;2000 UTC;0.0;985.4;985.5;985.2;1024.5;33.4;23.9;33.9;33.1;24.6;22.9;61.0;54.0;58.0;72.0;2.5;0.6
2023/11/03;2100 UTC;0.0;986.0;986.0;985.4;321.6;30.2;26.1;33.4;30.2;26.8;23.4;79.0;57.0;79.0;213.0;1.4;0.3
2023/11/03;2200 UTC;0.0;987.1;987.1;986.0;7.5;27.9;25.6;30.2;27.8;26.7;25.4;90.0;79.0;88.0;25.0;2.4;0.9
2023/11/03;2300 UTC;;;;;;;;;;;;;;;;;
2023/11/04;0000 UTC;;;;;;;;;;;;;;;;;
2023/11/04;0100 UTC;;;;;;;;;;;;;;;;;
2023/11/04;0200 UTC;0.0;989.2;989.4;988.8;;25.0;24.2;25.4;25.0;24.4;24.1;96.0;93.0;96.0;324.0;1.5;0.3
2023/11/04;0300 UTC;;;;;;;;;;;;;;;;;
2023/11/04;0400 UTC;0.0;988.3;988.4;988.1;;24.4;24.0;24.7;24.3;24.2;24.0;99.0;96.0;97.0;310.0;1.9;0.2
2023/11/04;0500 UTC;0.0;987.7;988.3;987.6;;24.1;23.9;24.4;24.1;24.0;23.9;99.0;97.0;99.0;149.0;0.9;0.4
2023/11/04;0600 UTC;0.0;988.2;988.2;987.5;;25.8;24.1;25.8;24.1;24.6;23.9;100.0;90.0;90.0;14.0;5.3;1.7
2023/11/04;0700 UTC;82.4;989.8;989.9;988.2;1.3;22.2;22.2;25.9;21.8;24.0;21.8;100.0;89.0;100.0;288.0;10.1;1.8
2023/11/04;0800 UTC;24.8;989.5;989.8;988.8;;22.5;22.5;22.6;22.2;22.6;22.2;100.0;100.0;100.0;218.0;5.4;1.1
2023/11/04;0900 UTC;4.4;990.1;990.4;989.5;;22.6;22.6;22.6;22.4;22.6;22.4;100.0;100.0;100.0;192.0;2.4;0.6
2023/11/04;1000 UTC;3.6;991.0;991.0;990.2;8.3;22.6;22.6;22.7;22.4;22.7;22.4;100.0;100.0;100.0;306.0;2.4;1.3
2023/11/04;1100 UTC;4.0;991.8;991.9;991.0;74.0;22.9;22.9;23.0;22.6;23.0;22.7;100.0;100.0;100.0;307.0;2.5;1.4
2023/11/04;1200 UTC;1.0;992.2;992.3;991.8;322.6;23.7;23.7;23.7;22.9;23.7;22.9;100.0;100.0;100.0;12.0;3.4;1.5
2023/11/04;1300 UTC;0.2;991.9;992.2;991.7;785.9;24.6;23.9;24.8;23.7;24.2;23.6;100.0;96.0;96.0;315.0;4.0;1.8
2023/11/04;1400 UTC;0.0;991.9;992.2;991.9;779.6;25.5;23.9;25.9;24.6;24.7;23.6;98.0;90.0;91.0;53.0;3.5;1.0
2023/11/04;1500 UTC;0.0;991.2;991.9;991.2;958.4;26.4;24.0;26.4;25.4;24.4;23.4;93.0;85.0;87.0;253.0;2.8;1.4
2023/11/04;1600 UTC;0.0;989.5;991.2;989.5;3215.3;28.9;23.7;29.3;26.4;24.8;22.8;88.0;69.0;74.0;243.0;4.9;1.2
2023/11/04;1700 UTC;0.0;988.8;989.5;988.7;2436.9;29.0;23.4;29.9;28.4;24.7;22.2;78.0;67.0;72.0;319.0;4.3;2.0
2023/11/04;1800 UTC;0.0;988.6;988.8;988.6;1611.6;28.6;24.6;29.2;28.2;24.6;23.1;80.0;71.0;79.0;298.0;4.9;2.0
2023/11/04;1900 UTC;0.0;988.2;988.7;988.2;974.1;28.0;24.0;28.7;27.8;24.7;23.9;82.0;76.0;79.0;277.0;5.0;2.4
2023/11/04;2000 UTC;0.0;987.4;988.1;987.4;999.8;28.3;24.4;28.6;27.9;24.8;23.9;81.0;78.0;79.0;261.0;4.8;1.7
2023/11/04;2100 UTC;0.0;987.4;987.4;986.9;246.5;27.0;24.6;28.3;27.0;24.7;24.1;87.0;79.0;86.0;263.0;3.8;0.7
2023/11/04;2200 UTC;0.0;988.1;988.1;987.3;10.9;25.2;24.6;27.0;25.2;25.0;24.5;97.0;86.0;97.0;34.0;1.9;0.9
2023/11/04;2300 UTC;0.0;988.8;988.8;988.1;;24.8;24.2;25.2;24.8;24.6;24.2;97.0;95.0;97.0;67.0;3.1;0.5
2023/11/05;0000 UTC;;;;;;;;;;;;;;;;;
2023/11/05;0100 UTC;0.0;988.5;988.8;988.5;;23.5;23.4;24.2;23.5;24.2;23.4;100.0;99.0;99.0;161.0;1.5;0.3
2023/11/05;0200 UTC;0.0;988.5;988.5;988.0;;23.2;23.2;23.9;22.9;23.9;22.8;100.0;99.0;100.0;13.0;1.6;0.7
2023/11/05;0300 UTC;0.0;988.4;988.8;988.4;;22.7;22.7;23.2;22.7;23.1;22.6;100.0;100.0;100.0;315.0;1.2;0.5
2023/11/05;0400 UTC;0.0;987.6;988.4;987.5;;22.8;22.8;22.9;22.5;22.9;22.5;100.0;100.0;100.0;345.0;2.1;1.1
2023/11/05;0500 UTC;0.0;987.0;987.6;987.0;;22.6;22.6;23.1;22.6;23.1;22.6;100.0;100.0;100.0;355.0;2.1;0.5
2023/11/05;0600 UTC;0.0;986.5;987.0;986.5;;22.5;22.5;22.8;22.3;22.7;22.3;100.0;100.0;100.0;312.0;1.2;0.6
2023/11/05;0700 UTC;0.0;986.9;987.0;986.5;;22.4;22.4;22.5;22.1;22.5;22.1;100.0;100.0;100.0;333.0;2.0;0.8
2023/11/05;0800 UTC;0.0;987.4;987.4;986.9;;22.4;22.4;22.6;22.2;22.6;22.2;100.0;100.0;100.0;288.0;1.4;0.7
2023/11/05;0900 UTC;0.0;988.2;988.2;987.5;5.4;22.2;22.2;22.4;21.7;22.4;21.7;100.0;100.0;100.0;318.0;1.4;0.9
2023/11/05;1000 UTC;0.0;989.3;989.3;988.2;292.2;23.0;23.0;23.0;21.9;23.0;21.9;100.0;100.0;100.0;330.0;2.1;1.1
2023/11/05;1100 UTC;0.0;989.8;989.8;989.3;1066.7;25.9;24.1;26.1;23.0;24.6;23.0;100.0;89.0;89.0;292.0;2.9;1.3
2023/11/05;1200 UTC;0.0;990.4;990.4;989.8;1884.6;28.7;24.7;28.9;25.9;25.2;24.2;91.0;78.0;79.0;292.0;3.2;0.9
2023/11/05;1300 UTC;0.0;990.3;990.5;990.3;2642.9;30.4;25.1;30.4;28.5;25.5;24.5;80.0;72.0;74.0;254.0;5.0;1.9
2023/11/05;1400 UTC;0.0;990.3;990.4;990.3;2762.9;30.9;24.1;31.4;29.8;25.7;24.0;77.0;66.0;67.0;223.0;5.0;1.1
2023/11/05;1500 UTC;0.0;989.4;990.3;989.4;2762.4;32.7;24.1;33.4;30.9;25.8;23.7;70.0;59.0;61.0;212.0;5.0;1.0
2023/11/05;1600 UTC;0.0;988.3;989.4;988.3;2984.5;33.4;24.6;33.4;31.6;24.8;23.0;65.0;57.0;60.0;258.0;3.4;1.8
2023/11/05;1700 UTC;0.0;987.1;988.3;987.1;3466.3;34.5;24.0;34.5;32.9;24.7;22.3;60.0;51.0;54.0;253.0;3.9;1.4
2023/11/05;1800 UTC;0.0;986.6;987.1;986.6;2743.2;34.8;23.6;35.0;33.4;24.6;22.6;59.0;50.0;52.0;208.0;3.4;0.8
2023/11/05;1900 UTC;0.0;986.2;986.6;986.2;2049.2;34.4;24.9;34.9;33.8;24.9;22.8;59.0;50.0;58.0;6.0;2.9;0.6
2023/11/05;2000 UTC;0.0;986.0;986.2;985.9;916.3;33.6;24.0;34.7;33.5;25.3;23.2;60.0;53.0;57.0;254.0;2.6;1.0
2023/11/05;2100 UTC;0.0;986.9;986.9;986.0;282.3;30.3;27.5;33.7;30.3;27.8;23.6;87.0;56.0;85.0;75.0;1.6;0.9
2023/11/05;2200 UTC;0.0;987.2;987.3;986.9;13.8;28.3;26.7;30.3;28.3;27.6;26.7;92.0;84.0;91.0;319.0;1.8;0.3
2023/11/05;2300 UTC;0.0;987.3;987.5;987.2;;27.9;27.2;28.5;27.7;27.4;26.5;96.0;91.0;96.0;181.0;1.2;0.4
2023/11/06;0000 UTC;0.0;988.1;988.1;987.3;;26.7;26.4;28.0;26.7;27.2;26.2;98.0;94.0;98.0;355.0;0.9;0.6
2023/11/06;0100 UTC;0.0;988.5;988.5;988.1;;26.2;26.0;26.7;26.2;26.4;26.0;99.0;98.0;99.0;57.0;0.9;0.4
2023/11/06;0200 UTC;0.0;988.5;988.7;988.5;;25.9;25.7;26.3;25.9;26.1;25.7;99.0;98.0;99.0;118.0;1.5;0.2
2023/11/06;0300 UTC;0.0;988.4;988.5;988.3;;25.5;25.4;25.9;25.5;25.8;25.4;99.0;99.0;99.0;105.0;0.8;0.3
2023/11/06;0400 UTC;0.0;987.3;988.4;987.3;;25.7;25.4;25.8;25.4;25.7;25.3;100.0;99.0;99.0;168.0;1.0;0.4
2023/11/06;0500 UTC;0.0;987.0;987.3;987.0;;25.6;25.6;25.7;25.0;25.6;24.9;100.0;98.0;100.0;329.0;1.2;0.7
2023/11/06;0600 UTC;0.0;986.6;987.0;986.5;;25.0;24.9;25.6;25.0;25.6;24.8;100.0;99.0;99.0;10.0;1.2;0.3
2023/11/06;0700 UTC;0.0;987.2;987.2;986.6;;24.6;24.6;25.0;24.6;25.0;24.6;100.0;99.0;100.0;17.0;1.9;0.6
2023/11/06;0800 UTC;0.0;987.5;987.5;987.0;;24.5;24.5;24.9;24.4;24.9;24.3;100.0;100.0;100.0;44.0;1.4;0.1
2023/11/06;0900 UTC;0.0;987.9;987.9;987.5;1.7;24.7;24.7;24.7;24.4;24.7;24.3;100.0;100.0;100.0;214.0;0.8;0.2
2023/11/06;1000 UTC;0.0;988.7;988.7;987.9;112.9;25.6;25.5;25.6;24.6;25.6;24.6;100.0;99.0;99.0;47.0;1.0;0.1
2023/11/06;1100 UTC;0.2;989.5;989.7;988.7;203.7;26.6;26.3;26.6;25.6;26.3;25.6;100.0;98.0;98.0;229.0;2.5;1.1
2023/11/06;1200 UTC;0.2;990.0;990.1;989.5;568.5;27.9;26.9;27.9;26.6;27.1;26.0;98.0;93.0;94.0;139.0;2.6;0.7
2023/11/06;1300 UTC;1.2;990.2;990.3;990.0;648.5;27.8;27.0;28.0;27.6;27.1;25.6;96.0;88.0;95.0;83.0;2.4;1.1
2023/11/06;1400 UTC;0.2;990.6;990.6;990.0;686.5;28.5;27.1;28.8;27.8;27.4;26.4;96.0;89.0;92.0;77.0;2.1;1.2
2023/11/06;1500 UTC;15.8;991.6;991.6;990.5;160.0;24.2;24.2;28.7;24.1;27.4;23.6;100.0;83.0;100.0;123.0;12.7;4.1
2023/11/06;1600 UTC;7.0;990.5;991.7;990.5;89.3;24.5;24.5;24.7;24.2;24.7;24.2;100.0;100.0;100.0;60.0;8.0;0.9
2023/11/06;1700 UTC;0.6;989.6;990.7;989.6;334.1;25.0;24.9;25.1;24.5;25.1;24.5;100.0;99.0;100.0;6.0;2.9;1.3
2023/11/06;1800 UTC;0.0;989.3;989.7;989.1;779.4;25.6;24.7;25.8;25.0;25.4;24.5;100.0;93.0;95.0;2.0;5.6;2.1
2023/11/06;1900 UTC;0.0;989.3;989.4;989.1;451.5;25.2;24.1;25.6;25.1;24.8;24.0;95.0;93.0;94.0;8.0;5.0;1.6
2023/11/06;2000 UTC;0.0;989.6;989.6;989.1;365.5;24.9;23.9;25.3;24.9;24.4;23.8;95.0;93.0;94.0;359.0;4.3;1.2
2023/11/06;2100 UTC;0.0;991.0;991.0;989.6;130.4;24.6;23.7;25.0;24.5;24.1;23.6;95.0;93.0;95.0;8.0;3.3;1.2
2023/11/06;2200 UTC;0.0;990.9;991.0;990.8;2.4;24.0;23.2;24.6;24.0;23.7;23.2;97.0;95.0;96.0;334.0;3.5;1.5
2023/11/06;2300 UTC;0.0;990.3;990.9;990.3;;23.6;23.1;24.0;23.6;23.3;23.1;97.0;96.0;97.0;292.0;3.4;1.6
2023/11/07;0000 UTC;;;;;;;;;;;;;;;;;
2023/11/07;0100 UTC;;;;;;;;;;;;;;;;;
2023/11/07;0200 UTC;0.0;991.0;991.3;990.9;;22.6;22.6;23.0;22.6;22.9;22.6;100.0;100.0;100.0;331.0;1.2;0.5
2023/11/07;0300 UTC;0.0;990.6;991.1;990.6;;22.4;22.4;22.8;22.3;22.8;22.3;100.0;100.0;100.0;341.0;2.0;1.1
2023/11/07;0400 UTC;0.0;990.3;990.8;990.3;;22.5;22.5;22.7;22.3;22.7;22.3;100.0;100.0;100.0;197.0;1.7;0.8
2023/11/07;0500 UTC;0.0;989.0;990.3;989.0;;22.5;22.5;22.7;22.4;22.7;22.4;100.0;100.0;100.0;9.0;1.6;0.4
2023/11/07;0600 UTC;0.0;988.5;989.0;988.5;;22.4;22.4;22.6;22.4;22.6;22.4;100.0;100.0;100.0;327.0;1.1;0.4
2023/11/07;0700 UTC;0.2;988.9;988.9;988.5;;22.4;22.4;22.7;22.4;22.6;22.4;100.0;100.0;100.0;155.0;1.7;0.7
2023/11/07;0800 UTC;0.0;989.1;989.1;988.8;;22.5;22.5;22.6;22.4;22.6;22.4;100.0;100.0;100.0;287.0;1.2;0.4
2023/11/07;0900 UTC;0.0;989.9;989.9;989.1;4.2;22.6;22.6;22.7;22.5;22.7;22.5;100.0;100.0;100.0;108.0;1.6;0.4
2023/11/07;1000 UTC;0.0;990.9;990.9;989.9;150.5;23.0;23.0;23.0;22.6;23.0;22.6;100.0;100.0;100.0;139.0;1.6;0.9
2023/11/07;1100 UTC;0.0;991.6;991.7;990.9;339.3;23.8;23.8;23.8;23.0;23.8;22.9;100.0;100.0;100.0;29.0;2.8;0.8
2023/11/07;1200 UTC;0.0;992.3;992.3;991.6;1109.5;25.5;23.3;25.7;23.8;24.1;23.3;100.0;87.0;87.0;144.0;3.0;1.1
2023/11/07;1300 UTC;0.0;992.3;992.4;992.3;1939.3;27.4;24.0;27.9;25.5;24.6;23.3;90.0;78.0;82.0;63.0;3.3;1.3
2023/11/07;1400 UTC;0.0;991.8;992.3;991.8;2771.1;29.2;24.1;29.2;27.4;24.8;23.4;83.0;73.0;74.0;39.0;3.9;1.1
2023/11/07;1500 UTC;0.0;991.2;991.8;991.1;3035.6;31.1;24.2;31.1;29.2;25.2;23.7;76.0;67.0;67.0;52.0;4.1;1.2
2023/11/07;1600 UTC;0.0;990.3;991.2;990.3;2097.7;31.6;24.8;31.7;30.6;25.7;23.5;73.0;66.0;67.0;192.0;3.5;1.0
2023/11/07;1700 UTC;0.0;989.4;990.3;989.3;2448.2;32.3;24.4;32.4;31.0;26.0;23.7;72.0;63.0;63.0;316.0;3.8;1.7
2023/11/07;1800 UTC;0.0;988.6;989.4;988.5;1631.6;28.7;24.2;33.3;28.7;25.4;23.6;77.0;60.0;77.0;314.0;6.0;2.4
2023/11/07;1900 UTC;0.0;987.7;988.6;987.7;1535.4;32.0;25.7;32.0;28.5;26.4;24.0;81.0;68.0;70.0;260.0;5.8;1.3
2023/11/07;2000 UTC;0.0;988.3;988.5;987.5;1151.0;31.7;24.2;32.6;31.7;25.7;23.9;70.0;61.0;65.0;189.0;3.3;1.4
2023/11/07;2100 UTC;0.0;989.0;989.4;988.2;145.0;27.9;23.5;31.7;27.9;27.0;23.4;85.0;63.0;77.0;84.0;6.9;1.3
2023/11/07;2200 UTC;0.0;990.0;990.0;988.9;;26.5;23.8;27.9;26.4;24.3;23.5;88.0;77.0;85.0;133.0;4.0;1.1
2023/11/07;2300 UTC;0.0;990.3;990.3;989.8;;25.4;23.9;26.5;25.3;24.3;23.5;92.0;84.0;91.0;353.0;3.1;1.3
2023/11/08;0000 UTC;0.0;991.4;991.4;990.3;;24.7;24.0;25.4;24.7;24.0;23.6;95.0;91.0;95.0;301.0;3.0;0.7
2023/11/08;0100 UTC;0.0;992.1;992.1;991.3;;24.5;24.0;24.8;24.3;24.3;23.8;98.0;95.0;97.0;243.0;2.4;0.4
2023/11/08;0200 UTC;0.0;991.9;992.1;991.5;;24.2;24.0;24.6;24.1;24.2;23.8;99.0;97.0;99.0;60.0;1.4;0.5
2023/11/08;0300 UTC;2.0;991.6;992.6;991.4;;23.9;22.8;24.4;23.9;24.3;22.8;100.0;94.0;94.0;36.0;7.9;2.7
2023/11/08;0400 UTC;0.2;990.2;991.6;990.2;;23.0;22.6;23.9;23.0;23.2;22.5;98.0;93.0;98.0;342.0;7.9;1.2
2023/11/08;0500 UTC;0.0;990.4;990.4;990.1;;22.9;22.8;23.3;22.9;22.9;22.6;99.0;96.0;99.0;61.0;2.2;0.7
2023/11/08;0600 UTC;0.0;990.2;990.5;989.9;;23.0;22.6;23.2;22.8;22.9;22.5;99.0;98.0;98.0;60.0;2.7;0.6
2023/11/08;0700 UTC;0.0;990.7;990.7;990.2;;22.7;22.7;23.1;22.7;22.9;22.6;100.0;98.0;100.0;124.0;1.7;0.8
2023/11/08;0800 UTC;0.0;990.9;990.9;990.5;;22.8;22.7;22.9;22.7;22.9;22.6;100.0;99.0;99.0;240.0;2.6;0.6
2023/11/08;0900 UTC;0.0;991.0;991.2;990.8;7.0;22.9;22.9;22.9;22.6;22.9;22.6;100.0;99.0;100.0;253.0;1.2;0.5
2023/11/08;1000 UTC;0.0;991.8;991.8;991.0;307.5;23.9;23.4;23.9;22.7;23.4;22.7;100.0;96.0;97.0;153.0;2.0;1.2
2023/11/08;1100 UTC;0.0;992.6;992.7;991.8;809.2;25.4;24.0;25.5;23.9;24.2;23.3;97.0;92.0;92.0;131.0;3.0;1.1
2023/11/08;1200 UTC;0.0;993.1;993.1;992.6;1506.4;27.5;24.3;27.5;25.4;25.0;23.9;93.0;82.0;83.0;117.0;2.9;1.2
2023/11/08;1300 UTC;0.0;993.5;993.5;993.1;2333.5;30.0;25.1;30.0;27.4;25.6;24.2;85.0;73.0;75.0;43.0;3.5;1.0
2023/11/08;1400 UTC;0.0;993.2;993.5;993.2;3056.7;31.2;23.9;31.5;29.5;25.9;23.5;77.0;64.0;65.0;87.0;3.5;1.0
2023/11/08;1500 UTC;0.0;992.5;993.2;992.5;2835.6;32.5;25.1;32.5;30.9;25.3;23.6;70.0;63.0;65.0;347.0;3.0;1.2
2023/11/08;1600 UTC;0.0;991.0;992.5;991.0;3374.5;33.3;24.3;33.6;31.6;26.4;23.2;71.0;59.0;59.0;283.0;3.7;0.9
2023/11/08;1700 UTC;0.0;989.7;991.0;989.7;3242.4;33.9;23.3;33.9;32.5;25.2;22.8;62.0;53.0;54.0;114.0;3.3;0.7
2023/11/08;1800 UTC;0.0;989.2;989.7;989.2;2591.8;33.7;24.4;34.4;33.2;25.2;23.0;62.0;53.0;58.0;43.0;4.0;0.8
2023/11/08;1900 UTC;0.0;988.7;989.2;988.7;1482.4;33.6;24.1;33.8;33.1;25.0;23.1;61.0;53.0;58.0;308.0;2.9;1.1
2023/11/08;2000 UTC;0.0;988.5;988.8;988.5;916.0;32.7;26.0;34.4;32.7;26.0;23.8;68.0;55.0;68.0;348.0;2.3;1.1
2023/11/08;2100 UTC;8.2;989.2;990.3;988.5;176.8;24.5;22.3;32.7;23.4;26.7;21.0;92.0;59.0;88.0;274.0;9.5;4.7
2023/11/08;2200 UTC;0.2;989.6;989.6;988.8;3.2;23.5;23.2;24.9;23.1;23.4;22.1;99.0;85.0;98.0;149.0;7.8;0.8
2023/11/08;2300 UTC;0.0;990.5;990.8;989.6;;23.8;22.8;24.2;23.4;23.7;22.8;100.0;93.0;94.0;331.0;4.1;0.9
2023/11/09;0000 UTC;0.0;990.4;990.8;990.4;;23.6;23.5;24.0;23.3;23.6;22.9;99.0;94.0;99.0;334.0;2.3;0.7
2023/11/09;0100 UTC;0.0;991.0;991.0;990.3;;23.8;23.7;23.9;23.6;23.9;23.4;100.0;99.0;99.0;160.0;1.2;0.5
2023/11/09;0200 UTC;0.0;991.3;991.3;990.8;;23.7;23.7;23.8;23.5;23.8;23.4;100.0;99.0;100.0;147.0;1.2;0.6
2023/11/09;0300 UTC;0.0;990.7;991.3;990.6;;23.5;23.5;23.8;23.2;23.7;23.2;100.0;100.0;100.0;309.0;2.8;1.5
2023/11/09;0400 UTC;0.0;990.0;990.8;990.0;;23.0;23.0;23.8;23.0;23.8;22.9;100.0;98.0;100.0;119.0;2.8;0.7
2023/11/09;0500 UTC;0.0;989.3;990.0;989.3;;22.9;22.9;23.3;22.8;23.3;22.8;100.0;99.0;100.0;159.0;1.3;0.5
2023/11/09;0600 UTC;0.0;988.9;989.3;988.9;;22.6;22.5;22.9;22.6;22.9;22.5;100.0;100.0;100.0;343.0;1.1;0.2
2023/11/09;0700 UTC;0.2;989.1;989.1;988.8;;22.4;22.3;22.6;22.2;22.6;22.2;100.0;100.0;100.0;340.0;1.5;0.9
2023/11/09;0800 UTC;0.0;989.6;989.6;989.1;;22.3;22.2;22.5;22.2;22.5;22.2;100.0;100.0;100.0;141.0;2.0;0.4
2023/11/09;0900 UTC;0.0;990.2;990.4;989.6;7.6;22.4;22.4;22.5;22.2;22.5;22.1;100.0;100.0;100.0;270.0;1.3;0.3
2023/11/09;1000 UTC;0.0;990.8;990.8;990.2;388.4;26.0;24.1;26.0;22.3;24.1;22.3;100.0;89.0;89.0;86.0;1.8;0.5
2023/11/09;1100 UTC;0.0;991.4;991.4;990.8;1107.0;27.3;24.3;27.3;25.6;24.4;23.2;90.0;81.0;83.0;148.0;2.1;1.1
2023/11/09;1200 UTC;0.0;991.8;992.0;991.4;1921.7;28.9;24.3;28.9;27.3;25.2;23.6;84.0;75.0;76.0;117.0;3.8;1.7
2023/11/09;1300 UTC;0.0;992.0;992.0;991.8;2430.2;30.5;23.9;30.6;28.9;25.2;22.9;78.0;67.0;68.0;178.0;3.5;1.3
2023/11/09;1400 UTC;0.0;991.4;992.0;991.4;3252.2;32.0;24.3;32.3;30.0;25.7;22.2;72.0;62.0;64.0;141.0;3.5;1.2
2023/11/09;1500 UTC;0.0;990.9;991.5;990.9;3766.9;32.7;24.0;33.1;31.7;26.2;23.7;71.0;58.0;60.0;277.0;4.3;1.2
2023/11/09;1600 UTC;0.0;990.5;990.9;990.2;2143.5;25.6;23.2;33.1;25.6;25.1;22.8;87.0;58.0;87.0;104.0;13.1;3.8
2023/11/09;1700 UTC;0.2;989.5;990.5;989.5;833.1;26.3;24.3;26.3;24.8;24.4;23.1;95.0;87.0;88.0;103.0;9.6;1.3
2023/11/09;1800 UTC;0.0;988.7;989.5;988.7;780.3;27.6;24.9;27.6;26.3;24.9;23.8;89.0;81.0;86.0;85.0;3.2;0.9
2023/11/09;1900 UTC;0.0;988.9;988.9;988.6;767.1;28.2;24.3;28.3;27.5;25.3;24.1;86.0;79.0;80.0;341.0;2.8;0.6
2023/11/09;2000 UTC;0.0;988.4;989.2;988.4;425.4;27.5;24.7;28.5;27.5;25.1;24.4;86.0;80.0;84.0;355.0;3.9;0.9
2023/11/09;2100 UTC;0.0;988.8;988.8;988.2;178.1;26.6;25.2;27.8;26.6;25.5;24.6;92.0;83.0;92.0;330.0;2.1;1.1
2023/11/09;2200 UTC;0.0;989.6;989.6;988.8;3.5;26.1;25.0;26.6;25.7;25.3;24.9;96.0;92.0;94.0;249.0;1.8;0.8
2023/11/09;2300 UTC;0.0;990.2;990.2;989.6;;25.1;24.5;26.1;25.1;25.0;24.4;97.0;92.0;97.0;294.0;1.9;0.6
2023/11/10;0000 UTC;0.0;990.7;990.7;990.2;;25.0;24.4;25.3;24.9;24.9;24.3;98.0;96.0;96.0;271.0;2.8;1.0
2023/11/10;0100 UTC;0.0;990.9;991.0;990.5;;24.6;24.0;25.1;24.6;24.4;23.9;97.0;96.0;97.0;276.0;3.1;1.4
2023/11/10;0200 UTC;0.0;990.7;991.0;990.7;;24.3;23.8;24.6;24.2;24.0;23.7;97.0;96.0;97.0;295.0;2.8;1.2
2023/11/10;0300 UTC;0.0;990.3;990.8;990.2;;23.9;23.6;24.3;23.6;23.8;23.3;99.0;96.0;98.0;255.0;2.8;0.7
2023/11/10;0400 UTC;0.0;989.4;990.3;989.4;;23.4;23.1;23.9;23.4;23.5;23.0;99.0;97.0;98.0;244.0;2.1;0.5
2023/11/10;0500 UTC;0.0;988.9;989.4;988.9;;22.5;22.4;23.4;22.5;23.1;22.4;100.0;98.0;100.0;84.0;2.0;0.4
2023/11/10;0600 UTC;0.0;988.4;988.9;988.4;;22.3;22.3;22.5;22.2;22.5;22.1;100.0;99.0;100.0;299.0;1.6;0.7
2023/11/10;0700 UTC;0.0;988.6;988.7;988.3;;22.2;22.2;22.4;22.0;22.4;21.9;100.0;100.0;100.0;284.0;1.6;0.5
2023/11/10;0800 UTC;0.0;988.8;988.8;988.6;;21.9;21.8;22.3;21.7;22.2;21.7;100.0;100.0;100.0;16.0;1.3;0.6
2023/11/10;0900 UTC;0.0;989.6;989.6;988.8;8.0;22.1;22.0;22.1;21.6;22.0;21.6;100.0;100.0;100.0;16.0;1.6;0.6
2023/11/10;1000 UTC;0.2;990.3;990.3;989.6;240.7;23.4;23.2;23.5;21.9;23.4;21.9;100.0;99.0;99.0;96.0;2.2;0.9
2023/11/10;1100 UTC;0.0;991.6;991.6;990.3;434.5;24.6;24.1;24.6;23.4;24.1;23.2;99.0;96.0;97.0;99.0;3.4;1.6
2023/11/10;1200 UTC;0.0;991.8;991.9;991.6;1398.8;27.6;24.3;27.6;24.6;24.7;23.7;97.0;81.0;82.0;111.0;4.1;2.0
2023/11/10;1300 UTC;0.0;991.8;991.9;991.7;2844.8;30.3;23.7;30.4;27.6;24.8;23.1;83.0;67.0;68.0;35.0;3.5;1.1
2023/11/10;1400 UTC;0.0;991.2;991.8;991.2;3304.1;31.5;23.9;31.9;29.8;25.0;23.3;72.0;63.0;64.0;277.0;3.5;0.9
2023/11/10;1500 UTC;0.0;990.5;991.2;990.5;3481.3;32.8;24.7;32.8;31.1;25.4;23.4;67.0;60.0;63.0;38.0;5.4;1.5
2023/11/10;1600 UTC;0.0;989.1;990.5;989.1;3697.6;33.4;24.6;34.6;32.6;25.7;23.7;64.0;56.0;60.0;358.0;4.6;2.1
2023/11/10;1700 UTC;0.0;988.1;989.1;988.1;2850.6;34.7;23.9;34.7;33.4;25.5;23.1;61.0;53.0;53.0;85.0;4.4;1.8
2023/11/10;1800 UTC;0.0;987.3;988.1;987.3;2656.6;34.7;22.7;35.2;33.8;24.6;22.6;58.0;49.0;50.0;99.0;4.0;1.3
2023/11/10;1900 UTC;0.0;986.6;987.3;986.6;2004.4;35.0;22.0;35.8;34.7;24.6;21.9;54.0;46.0;47.0;41.0;3.8;1.5
2023/11/10;2000 UTC;0.0;986.4;986.6;986.4;1068.4;35.0;22.6;35.8;34.6;23.6;21.8;53.0;46.0;49.0;70.0;3.9;1.3
2023/11/10;2100 UTC;0.0;986.5;986.5;986.4;346.2;31.2;24.4;35.1;31.2;26.6;22.2;73.0;48.0;67.0;7.0;2.4;0.5
2023/11/10;2200 UTC;0.0;987.1;987.1;986.5;7.3;27.8;25.2;31.2;27.8;26.0;24.3;86.0;67.0;86.0;185.0;1.3;0.2
2023/11/10;2300 UTC;0.0;987.3;987.4;987.1;;26.4;25.0;27.8;26.4;25.6;24.9;92.0;86.0;92.0;195.0;0.6;0.3
2023/11/11;0000 UTC;;;;;;;;;;;;;;;;;
2023/11/11;0100 UTC;0.0;988.3;988.3;987.9;;25.4;25.0;25.9;25.3;25.3;24.9;98.0;96.0;98.0;288.0;1.8;0.4
2023/11/11;0200 UTC;0.0;988.3;988.4;988.3;;24.9;24.7;25.8;24.9;25.4;24.6;99.0;97.0;98.0;247.0;1.8;0.1
2023/11/11;0300 UTC;;;;;;;;;;;;;;;;;
2023/11/11;0400 UTC;0.0;987.7;988.0;987.7;;24.6;23.5;25.2;24.2;24.2;23.5;99.0;91.0;94.0;352.0;2.6;0.6
2023/11/11;0500 UTC;0.0;987.2;987.7;987.2;;23.8;23.5;24.6;23.8;23.7;23.5;98.0;94.0;98.0;2.0;1.6;0.4
2023/11/11;0600 UTC;0.0;986.8;987.2;986.8;;23.4;23.1;23.8;23.4;23.5;23.1;99.0;97.0;99.0;345.0;1.5;0.5
2023/11/11;0700 UTC;0.0;987.4;987.4;986.8;;23.0;22.9;23.4;23.0;23.2;22.9;99.0;98.0;99.0;38.0;1.1;0.6
2023/11/11;0800 UTC;0.0;988.1;988.1;987.4;;22.7;22.7;23.0;22.7;22.9;22.6;100.0;99.0;99.0;36.0;1.5;0.4
2023/11/11;0900 UTC;0.0;988.6;988.7;988.1;6.4;22.9;22.8;22.9;22.7;22.9;22.6;100.0;99.0;100.0;329.0;1.8;0.4
2023/11/11;1000 UTC;0.0;989.8;989.8;988.6;281.3;25.3;23.8;25.3;22.9;24.1;22.8;100.0;91.0;92.0;25.0;1.9;0.6
2023/11/11;1100 UTC;0.0;990.6;990.6;989.7;1075.5;27.3;24.6;27.5;25.3;24.8;23.8;93.0;82.0;85.0;348.0;3.3;1.6
2023/11/11;1200 UTC;0.0;991.7;991.7;990.5;628.8;27.9;24.7;28.1;27.1;24.7;23.6;85.0;77.0;83.0;48.0;3.2;1.3
2023/11/11;1300 UTC;0.0;991.6;992.1;991.6;700.7;27.3;24.1;28.0;26.8;24.7;24.1;87.0;80.0;83.0;135.0;5.9;2.5
2023/11/11;1400 UTC;0.0;990.8;991.6;990.8;1574.2;29.3;24.7;29.3;27.2;24.8;23.9;85.0;75.0;76.0;191.0;5.9;1.7
2023/11/11;1500 UTC;0.0;990.0;990.8;990.0;1565.7;29.1;24.2;29.9;28.8;25.3;23.7;79.0;73.0;75.0;193.0;5.9;2.8
2023/11/11;1600 UTC;0.0;988.5;990.0;988.5;1814.6;30.3;23.6;30.3;28.5;24.3;22.2;75.0;67.0;68.0;176.0;5.9;2.0
2023/11/11;1700 UTC;0.0;987.1;988.5;987.1;3096.1;32.3;23.0;32.7;29.7;24.5;22.4;70.0;57.0;58.0;165.0;4.1;2.0
2023/11/11;1800 UTC;0.0;986.8;987.2;986.7;2270.2;33.6;23.8;34.2;32.3;24.6;22.8;63.0;54.0;56.0;228.0;4.2;0.8
2023/11/11;1900 UTC;0.0;987.0;987.1;986.7;1609.5;30.1;24.2;34.3;30.0;24.7;23.4;71.0;54.0;71.0;11.0;9.6;1.5
2023/11/11;2000 UTC;0.0;986.5;987.0;986.5;828.9;31.3;25.0;31.4;30.1;25.0;23.9;72.0;66.0;69.0;4.0;3.8;1.1
2023/11/11;2100 UTC;0.0;986.8;986.8;986.4;200.8;28.8;25.3;31.3;28.8;25.6;24.3;81.0;66.0;81.0;329.0;3.1;1.1
2023/11/11;2200 UTC;0.0;987.3;987.3;986.8;9.6;26.4;25.3;28.8;26.4;25.7;25.1;94.0;81.0;93.0;47.0;1.6;0.6
2023/11/11;2300 UTC;;;;;;;;;;;;;;;;;
2023/11/12;0000 UTC;;;;;;;;;;;;;;;;;
2023/11/12;0100 UTC;0.0;989.0;989.0;988.5;;25.0;24.6;25.7;24.9;24.9;24.3;98.0;94.0;98.0;122.0;1.9;0.4
2023/11/12;0200 UTC;0.0;989.1;989.2;989.0;;25.1;24.2;25.4;24.8;24.7;24.2;98.0;95.0;95.0;327.0;2.2;1.0
2023/11/12;0300 UTC;;;;;;;;;;;;;;;;;
2023/11/12;0400 UTC;;;;;;;;;;;;;;;;;
2023/11/12;0500 UTC;0.0;986.8;987.6;986.8;;23.6;23.4;24.1;23.5;23.9;23.3;99.0;98.0;99.0;15.0;1.6;0.4
2023/11/12;0600 UTC;0.0;986.8;986.8;986.8;;23.3;23.2;23.6;23.2;23.4;23.1;100.0;99.0;100.0;261.0;0.9;0.4
2023/11/12;0700 UTC;0.0;987.0;987.0;986.8;;22.7;22.7;23.3;22.7;23.2;22.7;100.0;99.0;100.0;11.0;1.0;0.4
2023/11/12;0800 UTC;0.0;987.6;987.6;987.0;;22.4;22.4;22.8;22.4;22.8;22.4;100.0;100.0;100.0;313.0;2.1;0.2
2023/11/12;0900 UTC;0.0;988.1;988.1;987.6;6.9;22.3;22.3;22.5;22.2;22.5;22.2;100.0;100.0;100.0;330.0;1.1;0.5
2023/11/12;1000 UTC;0.0;989.1;989.1;988.1;325.8;25.5;24.2;25.5;22.3;24.4;22.3;100.0;92.0;93.0;56.0;1.4;0.4
2023/11/12;1100 UTC;0.0;990.1;990.1;989.1;1100.8;27.8;24.2;27.9;25.3;24.8;23.8;93.0;81.0;81.0;355.0;2.3;0.8
2023/11/12;1200 UTC;0.0;990.6;990.6;990.1;1781.3;30.5;24.8;30.5;27.7;24.9;23.7;82.0;72.0;72.0;322.0;2.8;0.8
2023/11/12;1300 UTC;0.0;991.0;991.1;990.6;2641.4;31.8;24.1;31.8;29.8;25.1;23.4;75.0;63.0;64.0;324.0;3.5;2.2
2023/11/12;1400 UTC;0.0;990.7;991.1;990.7;3233.3;33.3;24.5;33.3;31.3;24.8;23.0;66.0;56.0;60.0;83.0;4.0;1.3
2023/11/12;1500 UTC;0.0;990.0;990.7;990.0;3245.7;33.9;24.4;33.9;33.1;25.0;22.3;62.0;52.0;58.0;97.0;4.1;1.3
2023/11/12;1600 UTC;0.0;988.7;990.0;988.7;3597.9;34.8;23.1;35.1;33.8;24.8;22.1;59.0;49.0;51.0;16.0;4.9;1.8
2023/11/12;1700 UTC;0.0;987.7;988.7;987.7;2589.2;34.4;22.1;35.4;33.7;24.5;21.9;56.0;46.0;49.0;349.0;5.4;2.6
2023/11/12;1800 UTC;0.0;986.7;987.7;986.7;2470.2;35.2;23.0;35.5;34.2;23.7;21.2;54.0;44.0;50.0;17.0;5.5;1.6
2023/11/12;1900 UTC;0.0;986.0;986.7;986.0;1805.2;35.3;22.8;35.6;34.4;23.7;20.9;52.0;43.0;48.0;6.0;4.6;0.9
2023/11/12;2000 UTC;0.0;985.6;986.0;985.6;1065.5;34.3;23.4;35.3;34.3;23.5;21.9;53.0;46.0;53.0;7.0;4.0;1.4
2023/11/12;2100 UTC;0.0;985.9;985.9;985.6;318.1;30.4;25.2;34.3;30.4;26.0;22.4;76.0;50.0;74.0;48.0;3.0;0.6
2023/11/12;2200 UTC;0.0;986.5;986.5;985.9;10.4;27.7;25.0;30.4;27.7;25.5;24.3;86.0;72.0;85.0;242.0;1.1;0.2
2023/11/12;2300 UTC;0.0;987.3;987.3;986.5;;26.4;25.0;27.7;26.4;25.3;24.6;92.0;85.0;92.0;204.0;0.5;0.2
2023/11/13;0000 UTC;0.0;987.8;987.8;987.3;;25.6;24.6;26.4;25.6;25.0;24.5;94.0;92.0;94.0;318.0;0.9;0.2
2023/11/13;0100 UTC;0.0;988.4;988.4;987.8;;25.2;24.6;25.6;25.2;24.7;24.5;97.0;94.0;97.0;328.0;0.6;0.4
2023/11/13;0200 UTC;0.0;988.7;988.7;988.4;;24.8;24.4;25.4;24.8;24.9;24.3;98.0;96.0;97.0;318.0;1.0;0.1
2023/11/13;0300 UTC;0.0;988.2;988.7;988.2;;24.5;24.1;24.8;24.5;24.3;24.1;98.0;97.0;98.0;280.0;0.7;0.2
2023/11/13;0400 UTC;0.0;987.4;988.2;987.4;;24.2;23.9;24.5;24.2;24.1;23.9;98.0;97.0;98.0;340.0;1.1;0.2
2023/11/13;0500 UTC;0.0;986.7;987.4;986.7;;23.8;23.6;24.2;23.8;23.9;23.6;99.0;98.0;99.0;33.0;0.5;0.2
2023/11/13;0600 UTC;0.0;986.5;986.7;986.5;;23.5;23.3;23.8;23.5;23.6;23.3;99.0;99.0;99.0;73.0;0.5;0.3
2023/11/13;0700 UTC;0.0;986.8;986.8;986.5;;23.1;23.0;23.5;23.1;23.3;23.0;99.0;99.0;99.0;45.0;0.7;0.3
2023/11/13;0800 UTC;0.0;987.4;987.4;986.8;;23.1;23.0;23.2;23.1;23.2;23.0;100.0;99.0;100.0;92.0;0.8;0.3
2023/11/13;0900 UTC;0.0;987.7;987.7;987.4;8.6;23.0;23.0;23.1;23.0;23.1;22.9;100.0;99.0;100.0;149.0;0.4;0.2
2023/11/13;1000 UTC;0.0;988.8;988.8;987.7;320.6;27.0;24.7;27.0;23.0;24.8;23.0;100.0;87.0;87.0;76.0;0.8;0.3
2023/11/13;1100 UTC;0.0;989.8;989.8;988.8;1070.1;28.7;24.5;28.8;27.0;25.1;23.9;87.0;78.0;78.0;355.0;2.6;1.3
2023/11/13;1200 UTC;0.0;990.0;990.0;989.8;1865.9;31.2;23.7;31.3;28.7;25.2;23.6;79.0;64.0;65.0;306.0;4.8;2.6
2023/11/13;1300 UTC;0.0;990.3;990.3;990.0;2621.0;32.7;23.7;33.1;31.2;24.6;22.9;67.0;56.0;59.0;319.0;4.8;2.2
2023/11/13;1400 UTC;0.0;990.0;990.3;990.0;3184.4;33.9;23.4;34.6;32.6;25.3;22.3;62.0;51.0;54.0;300.0;4.2;2.1
2023/11/13;1500 UTC;0.0;989.5;990.1;989.5;3341.0;34.5;23.5;35.3;33.3;24.6;22.3;57.0;49.0;53.0;324.0;4.2;1.6
2023/11/13;1600 UTC;0.0;988.6;989.5;988.6;3107.7;35.9;24.2;36.0;34.4;24.2;21.6;53.0;45.0;51.0;325.0;4.3;0.7
2023/11/13;1700 UTC;0.0;987.6;988.6;987.6;2993.2;36.1;23.6;36.1;34.8;24.4;21.7;54.0;45.0;49.0;27.0;3.4;1.0
2023/11/13;1800 UTC;0.0;986.5;987.6;986.5;2775.6;36.0;22.6;37.3;35.5;23.9;21.6;50.0;42.0;46.0;1.0;3.5;1.1
2023/11/13;1900 UTC;0.0;985.9;986.5;985.9;1850.2;36.0;21.5;36.3;35.4;23.7;21.4;50.0;43.0;43.0;40.0;4.0;1.3
2023/11/13;2000 UTC;0.0;985.7;985.9;985.7;1086.0;35.2;22.6;36.1;35.2;24.4;21.6;53.0;43.0;48.0;349.0;4.9;1.3
2023/11/13;2100 UTC;0.0;986.3;986.3;985.7;261.6;30.5;24.8;35.2;30.5;27.2;22.1;77.0;47.0;71.0;275.0;2.7;0.3
2023/11/13;2200 UTC;0.0;986.7;986.7;986.3;2.7;28.2;25.0;30.5;28.1;25.7;24.6;84.0;71.0;83.0;9.0;1.0;0.2
2023/11/13;2300 UTC;0.0;987.5;987.5;986.7;;27.5;25.4;28.2;27.5;25.6;24.9;89.0;83.0;88.0;289.0;0.6;0.3
2023/11/14;0000 UTC;0.0;988.3;988.3;987.5;;27.0;25.4;27.5;26.9;25.7;25.2;93.0;88.0;91.0;220.0;0.6;0.4
2023/11/14;0100 UTC;;;;;;;;;;;;;;;;;
2023/11/14;0200 UTC;0.0;988.4;988.6;988.4;;26.6;25.5;27.3;26.6;26.0;25.5;96.0;91.0;94.0;170.0;0.9;0.3
2023/11/14;0300 UTC;0.0;988.2;988.4;988.2;;26.3;25.6;26.7;26.3;25.6;25.2;96.0;92.0;96.0;174.0;0.9;0.5
2023/11/14;0400 UTC;0.0;987.6;988.2;987.6;;25.8;25.2;26.3;25.8;25.7;25.1;97.0;94.0;97.0;163.0;0.8;0.3
2023/11/14;0500 UTC;0.0;987.3;987.6;987.2;;25.6;24.9;25.8;25.1;25.3;24.7;98.0;96.0;96.0;341.0;1.3;0.5
2023/11/14;0600 UTC;0.0;987.0;987.4;987.0;;25.1;24.7;25.6;25.1;25.0;24.7;98.0;96.0;97.0;156.0;1.3;0.5
2023/11/14;0700 UTC;0.0;987.2;987.2;987.0;;25.0;24.6;25.3;25.0;24.8;24.6;98.0;97.0;98.0;44.0;1.0;0.3
2023/11/14;0800 UTC;0.0;987.8;987.8;987.2;;24.7;24.5;25.0;24.7;24.7;24.4;99.0;98.0;98.0;173.0;1.2;0.6
2023/11/14;0900 UTC;0.0;988.3;988.3;987.8;5.9;24.4;24.2;25.0;24.4;24.8;24.2;99.0;98.0;99.0;248.0;1.2;0.1
2023/11/14;1000 UTC;0.0;988.9;988.9;988.3;233.5;26.1;25.5;26.1;24.4;25.5;24.2;99.0;95.0;96.0;48.0;0.7;0.2
2023/11/14;1100 UTC;0.0;989.3;989.3;988.8;840.9;30.1;24.4;30.4;26.1;25.8;24.3;96.0;71.0;71.0;79.0;2.0;0.9
2023/11/14;1200 UTC;0.0;989.4;989.4;989.2;1514.2;31.7;24.3;31.8;30.1;25.5;23.8;74.0;64.0;65.0;56.0;2.4;1.3
2023/11/14;1300 UTC;0.0;989.2;989.4;989.1;2206.0;32.9;23.2;33.9;31.2;25.9;22.5;72.0;55.0;57.0;358.0;3.2;1.2
2023/11/14;1400 UTC;0.0;988.9;989.3;988.9;2855.0;34.4;24.2;34.4;32.6;24.8;22.8;60.0;54.0;55.0;62.0;5.0;1.3
2023/11/14;1500 UTC;0.0;988.6;988.9;988.6;2660.7;33.5;24.2;34.9;33.5;24.9;22.8;60.0;52.0;58.0;344.0;6.0;1.4
2023/11/14;1600 UTC;0.0;987.5;988.6;987.5;2382.4;34.0;24.0;35.1;33.5;25.0;23.0;58.0;51.0;56.0;21.0;4.0;1.6
2023/11/14;1700 UTC;0.0;986.5;987.5;986.5;2010.7;35.6;24.2;35.6;33.4;26.2;23.4;63.0;51.0;52.0;292.0;3.2;0.8
2023/11/14;1800 UTC;0.0;985.6;986.5;985.6;2506.3;36.3;23.3;36.4;34.5;24.9;21.9;55.0;44.0;48.0;21.0;3.3;0.8
2023/11/14;1900 UTC;0.0;985.0;985.6;985.0;1875.8;35.9;22.5;36.4;35.5;23.7;21.8;50.0;44.0;46.0;116.0;2.5;1.0
2023/11/14;2000 UTC;0.0;984.8;985.0;984.8;1036.2;35.4;23.9;36.7;35.4;23.9;21.8;52.0;43.0;52.0;135.0;2.3;1.0
2023/11/14;2100 UTC;0.0;985.0;985.0;984.7;328.3;31.1;26.1;35.4;31.1;27.2;22.3;76.0;47.0;75.0;159.0;1.8;0.2
2023/11/14;2200 UTC;0.0;985.3;985.3;985.0;11.6;28.4;25.8;31.1;28.4;26.4;25.4;86.0;74.0;86.0;177.0;0.9;0.3
2023/11/14;2300 UTC;0.0;985.9;985.9;985.3;;27.3;25.9;28.4;27.2;26.1;25.7;93.0;85.0;92.0;225.0;0.6;0.2
2023/11/15;0000 UTC;0.0;986.4;986.4;985.9;;26.9;26.1;27.4;26.9;26.3;25.9;96.0;92.0;96.0;130.0;1.4;0.2
2023/11/15;0100 UTC;0.0;986.7;986.7;986.4;;26.2;25.7;26.9;26.2;26.1;25.6;97.0;95.0;97.0;307.0;0.7;0.6
2023/11/15;0200 UTC;;;;;;;;;;;;;;;;;
2023/11/15;0300 UTC;;;;;;;;;;;;;;;;;
2023/11/15;0400 UTC;0.0;986.2;986.5;986.2;;25.4;25.2;25.8;25.3;25.5;25.0;99.0;97.0;98.0;332.0;0.9;0.4
2023/11/15;0500 UTC;0.0;985.9;986.2;985.9;;24.9;24.7;25.4;24.9;25.1;24.7;99.0;98.0;99.0;341.0;0.6;0.4
2023/11/15;0600 UTC;0.0;985.9;985.9;985.8;;24.9;24.6;25.0;24.7;24.8;24.5;99.0;98.0;99.0;324.0;1.4;0.5
2023/11/15;0700 UTC;0.0;986.4;986.4;985.9;;24.9;24.5;26.2;24.8;25.3;24.4;99.0;93.0;98.0;24.0;3.2;0.6
2023/11/15;0800 UTC;0.0;986.6;986.6;986.3;;24.7;24.6;24.9;24.7;24.7;24.4;99.0;98.0;99.0;121.0;1.3;0.2
2023/11/15;0900 UTC;0.0;987.2;987.2;986.5;6.6;24.4;24.4;24.7;24.4;24.6;24.3;100.0;99.0;100.0;125.0;0.8;0.3
2023/11/15;1000 UTC;0.0;988.4;988.4;987.2;219.3;26.7;25.3;26.7;24.4;25.5;24.3;100.0;91.0;92.0;98.0;0.9;0.5
2023/11/15;1100 UTC;0.0;989.1;989.1;988.4;865.7;30.3;26.1;30.3;26.7;26.3;25.3;93.0;77.0;79.0;69.0;1.4;0.8
2023/11/15;1200 UTC;0.0;989.2;989.2;989.0;1692.4;32.2;25.2;32.2;30.3;26.3;24.8;80.0;66.0;67.0;350.0;4.6;2.2
2023/11/15;1300 UTC;0.0;989.3;989.4;989.2;2509.6;34.5;24.0;34.8;32.2;25.9;23.7;67.0;53.0;55.0;333.0;5.1;2.8
2023/11/15;1400 UTC;0.0;988.9;989.3;988.9;3003.2;36.1;23.0;36.2;34.2;24.7;23.0;56.0;47.0;47.0;306.0;4.7;2.1
2023/11/15;1500 UTC;0.0;988.1;988.8;988.1;3154.1;35.8;23.1;36.7;35.3;24.0;22.4;51.0;45.0;48.0;321.0;4.9;2.7
2023/11/15;1600 UTC;0.0;987.3;988.1;987.3;2984.1;36.7;;37.3;35.2;24.5;22.5;51.0;44.0;;293.0;5.0;1.1
2023/11/15;1700 UTC;0.0;986.3;987.3;986.3;3047.8;36.8;23.1;37.3;36.0;24.6;22.0;50.0;43.0;45.0;298.0;4.9;2.0
2023/11/15;1800 UTC;0.0;985.0;986.3;985.0;2476.9;36.4;23.9;38.0;36.3;24.2;22.2;49.0;42.0;49.0;296.0;4.3;1.3
2023/11/15;1900 UTC;0.0;984.6;985.1;984.6;1801.6;36.5;23.5;36.5;35.8;25.1;23.1;54.0;47.0;48.0;327.0;4.7;2.0
2023/11/15;2000 UTC;0.0;984.3;984.6;984.3;1093.5;36.0;24.4;37.0;35.6;25.4;23.5;55.0;48.0;51.0;323.0;3.7;1.5
2023/11/15;2100 UTC;0.0;984.8;984.9;984.2;214.2;31.2;26.2;36.0;31.2;27.1;24.2;78.0;52.0;75.0;349.0;2.7;0.9
2023/11/15;2200 UTC;0.0;985.1;985.3;984.8;6.8;28.7;25.7;31.2;28.7;27.2;25.7;86.0;75.0;84.0;336.0;1.4;0.6
2023/11/15;2300 UTC;0.0;985.5;985.5;985.1;;28.2;25.3;29.2;28.2;25.8;25.2;86.0;80.0;84.0;315.0;2.5;0.4
2023/11/16;0000 UTC;0.0;986.2;986.2;985.4;;27.1;25.3;28.2;27.0;25.7;25.0;91.0;84.0;90.0;3.0;1.4;0.2
2023/11/16;0100 UTC;0.0;987.2;987.2;986.2;;26.4;24.7;27.1;26.3;25.5;24.6;93.0;90.0;90.0;346.0;2.8;0.9
2023/11/16;0200 UTC;0.0;988.0;988.0;987.2;;27.2;24.2;27.8;26.4;24.6;24.2;90.0;82.0;84.0;21.0;2.9;0.7
2023/11/16;0300 UTC;0.0;989.7;989.8;987.8;;25.6;22.1;28.2;25.6;24.6;21.5;88.0;71.0;81.0;134.0;16.5;7.0
2023/11/16;0400 UTC;;;;;;;;;;;;;;;;;
2023/11/16;0500 UTC;0.0;988.5;989.4;988.3;0.9;23.5;21.6;23.6;23.4;22.8;21.5;96.0;89.0;89.0;146.0;6.2;3.0
2023/11/16;0600 UTC;0.2;987.7;988.5;987.7;2.2;23.1;22.0;23.6;23.0;22.0;21.5;94.0;88.0;93.0;197.0;6.2;1.7
2023/11/16;0700 UTC;0.0;987.0;987.7;987.0;;23.1;22.5;23.2;23.0;22.7;21.9;97.0;93.0;96.0;153.0;5.9;1.1
2023/11/16;0800 UTC;0.0;987.6;987.6;987.0;;23.1;22.6;23.2;22.8;23.0;22.4;99.0;96.0;97.0;85.0;2.0;0.6
2023/11/16;0900 UTC;0.0;987.4;987.7;987.4;1.2;23.1;22.8;23.1;22.8;23.0;22.5;99.0;97.0;98.0;287.0;3.1;1.2
2023/11/16;1000 UTC;0.0;988.5;988.5;987.4;68.9;23.4;22.8;23.5;23.0;22.9;22.6;98.0;95.0;97.0;343.0;3.7;1.5
2023/11/16;1100 UTC;0.0;989.7;989.7;988.2;721.1;25.8;22.8;25.9;23.4;23.6;22.8;97.0;84.0;84.0;253.0;5.4;1.4
2023/11/16;1200 UTC;0.0;990.3;990.3;989.7;1954.2;27.9;22.4;28.0;25.8;23.7;22.2;86.0;72.0;72.0;217.0;3.4;1.3
2023/11/16;1300 UTC;0.0;990.2;990.3;990.1;2633.2;29.4;22.5;29.4;27.6;23.5;22.0;75.0;66.0;66.0;224.0;3.7;1.3
2023/11/16;1400 UTC;0.0;989.8;990.2;989.8;2798.6;30.7;23.9;30.8;29.2;23.9;21.2;68.0;59.0;67.0;111.0;5.0;1.3
2023/11/16;1500 UTC;0.0;988.8;989.8;988.8;3473.6;31.7;22.4;32.2;30.4;24.7;21.7;69.0;57.0;58.0;131.0;3.6;1.6
2023/11/16;1600 UTC;0.0;987.9;988.8;987.9;3746.8;33.2;22.2;33.4;31.2;23.2;21.1;62.0;50.0;53.0;105.0;3.7;1.3
2023/11/16;1700 UTC;0.0;986.8;987.9;986.8;3429.3;32.9;23.1;34.2;32.4;23.8;20.7;58.0;48.0;56.0;168.0;4.6;2.5
2023/11/16;1800 UTC;0.0;985.7;986.8;985.7;2233.7;33.2;23.8;33.4;32.1;24.2;22.4;60.0;54.0;58.0;170.0;4.0;1.9
2023/11/16;1900 UTC;0.0;985.3;985.7;985.2;1925.0;32.7;22.7;33.2;32.5;24.0;22.6;60.0;55.0;56.0;168.0;4.5;2.3
2023/11/16;2000 UTC;0.0;985.3;985.4;985.2;1017.4;32.5;23.4;33.1;32.5;23.6;22.0;59.0;53.0;59.0;166.0;4.2;1.6
2023/11/16;2100 UTC;0.0;985.6;985.6;985.3;238.4;29.9;24.1;32.5;29.9;24.6;23.2;71.0;58.0;71.0;145.0;2.8;0.8
2023/11/16;2200 UTC;0.0;985.8;986.2;985.6;8.0;27.3;24.7;29.9;27.2;25.6;23.5;89.0;69.0;86.0;155.0;1.8;1.0
2023/11/16;2300 UTC;0.0;986.7;986.7;985.7;;26.7;24.7;27.8;26.6;25.1;23.4;89.0;78.0;89.0;149.0;2.1;0.7
2023/11/17;0000 UTC;0.0;987.9;987.9;986.7;;26.2;24.3;26.8;26.2;24.7;23.8;91.0;85.0;89.0;81.0;1.5;0.7
2023/11/17;0100 UTC;0.0;989.8;989.9;987.9;;25.7;19.8;28.0;25.7;24.7;19.8;91.0;70.0;70.0;61.0;16.5;4.5
2023/11/17;0200 UTC;;;;;;;;;;;;;;;;;
2023/11/17;0300 UTC;0.0;989.7;989.9;989.1;;24.8;19.5;25.4;24.7;19.5;19.1;73.0;69.0;73.0;337.0;5.7;2.9
2023/11/17;0400 UTC;0.0;988.6;989.7;988.5;;23.5;21.4;24.8;23.5;21.4;19.5;88.0;72.0;88.0;316.0;7.3;2.9
2023/11/17;0500 UTC;0.0;988.1;988.7;988.1;;23.6;22.0;23.7;23.4;22.1;21.5;91.0;88.0;91.0;325.0;7.0;3.0
2023/11/17;0600 UTC;0.0;987.9;988.1;987.8;;23.3;22.0;23.6;23.3;22.0;21.9;92.0;90.0;92.0;349.0;5.7;1.2
2023/11/17;0700 UTC;0.0;987.8;988.1;987.8;;22.4;21.8;23.3;22.4;22.0;21.8;96.0;92.0;96.0;48.0;2.6;0.5
2023/11/17;0800 UTC;0.0;988.0;988.2;987.8;;22.3;21.9;22.5;22.3;22.1;21.8;98.0;96.0;97.0;9.0;1.9;0.8
2023/11/17;0900 UTC;0.0;988.6;988.7;988.0;11.9;22.0;21.8;22.3;21.8;21.9;21.6;99.0;97.0;99.0;151.0;1.7;0.6
2023/11/17;1000 UTC;0.0;989.2;989.2;988.6;355.4;23.9;22.7;24.2;21.9;22.9;21.7;99.0;90.0;93.0;36.0;1.4;0.6
2023/11/17;1100 UTC;0.0;990.1;990.1;989.2;838.6;25.6;22.8;25.6;23.8;23.1;22.5;93.0;85.0;85.0;285.0;4.2;1.8
2023/11/17;1200 UTC;0.0;990.7;990.7;990.1;1849.5;27.7;23.2;27.7;25.3;24.1;22.3;86.0;75.0;77.0;301.0;4.5;1.3
2023/11/17;1300 UTC;0.0;990.7;991.0;990.6;2665.1;29.7;23.1;29.7;27.6;23.6;22.0;77.0;66.0;68.0;336.0;3.7;0.9
2023/11/17;1400 UTC;0.0;990.3;990.7;990.3;2799.1;31.3;22.6;32.0;29.5;23.8;22.1;69.0;58.0;60.0;282.0;4.4;0.9
2023/11/17;1500 UTC;0.0;989.5;990.3;989.5;3502.0;33.4;22.4;33.5;31.1;23.6;21.5;63.0;52.0;53.0;346.0;4.2;1.0
2023/11/17;1600 UTC;0.0;988.6;989.5;988.6;3081.1;33.9;22.6;34.7;32.8;23.3;21.8;56.0;49.0;52.0;340.0;5.1;1.8
2023/11/17;1700 UTC;0.0;988.0;988.6;987.9;2391.4;33.1;23.1;34.8;32.9;24.1;21.5;57.0;47.0;56.0;3.0;5.8;2.0
2023/11/17;1800 UTC;0.0;987.3;988.0;987.3;2647.3;34.3;23.1;34.6;33.1;24.0;21.5;56.0;47.0;52.0;320.0;5.8;2.4
2023/11/17;1900 UTC;0.0;986.3;987.3;986.3;800.9;32.2;23.9;34.3;31.7;24.4;22.3;65.0;50.0;61.0;345.0;5.1;1.8
2023/11/17;2000 UTC;0.0;985.8;986.3;985.4;742.6;31.8;23.3;32.7;31.6;24.8;22.9;65.0;57.0;61.0;338.0;4.1;2.2
2023/11/17;2100 UTC;0.0;987.1;987.1;985.8;339.7;30.7;24.6;31.8;30.7;24.6;23.1;70.0;60.0;70.0;6.0;4.1;1.0
2023/11/17;2200 UTC;0.0;988.0;988.0;987.1;12.2;29.0;24.3;30.7;28.9;25.1;24.0;79.0;68.0;76.0;32.0;2.5;0.6
2023/11/17;2300 UTC;0.0;989.4;989.4;988.0;;29.1;24.2;29.2;28.4;25.4;24.2;83.0;75.0;75.0;47.0;6.2;2.2
2023/11/18;0000 UTC;0.0;991.4;991.5;989.4;;25.1;22.0;29.1;25.1;24.2;20.6;83.0;65.0;83.0;52.0;12.9;2.8
2023/11/18;0100 UTC;0.8;991.1;991.5;990.9;;22.9;22.2;25.1;22.9;22.5;21.9;96.0;83.0;96.0;10.0;7.4;2.0
2023/11/18;0200 UTC;0.2;990.4;991.1;990.4;;22.8;21.7;23.2;22.8;22.5;21.7;96.0;94.0;94.0;319.0;5.8;2.8
2023/11/18;0300 UTC;;;;;;;;;;;;;;;;;
2023/11/18;0400 UTC;0.0;990.4;990.6;990.1;;22.5;21.6;23.0;22.5;21.8;21.5;94.0;92.0;94.0;21.0;6.2;1.4
2023/11/18;0500 UTC;0.0;990.2;990.5;990.2;;22.0;21.4;22.5;22.0;21.7;21.4;97.0;94.0;97.0;34.0;3.1;0.7
2023/11/18;0600 UTC;0.0;989.8;990.3;989.8;;21.8;21.6;22.0;21.7;21.6;21.4;99.0;97.0;99.0;12.0;2.3;0.8
2023/11/18;0700 UTC;0.0;989.5;989.8;989.3;;22.0;21.7;22.1;21.8;21.8;21.5;99.0;98.0;98.0;232.0;2.3;0.5
2023/11/18;0800 UTC;0.0;989.8;989.8;989.4;;21.3;21.2;22.0;21.3;21.6;21.2;100.0;97.0;100.0;64.0;1.9;0.9
2023/11/18;0900 UTC;0.0;989.8;989.9;989.8;17.5;21.6;21.6;21.6;21.3;21.6;21.3;100.0;100.0;100.0;114.0;2.0;0.4
2023/11/18;1000 UTC;0.0;990.7;990.7;989.8;557.0;23.9;22.3;24.0;21.6;22.7;21.6;100.0;90.0;90.0;32.0;2.8;1.2
2023/11/18;1100 UTC;0.0;991.3;991.3;990.7;1177.5;25.3;22.0;25.4;23.8;22.8;21.7;92.0;81.0;82.0;168.0;2.8;0.6
2023/11/18;1200 UTC;0.0;991.5;991.6;991.3;1579.1;28.0;22.7;28.0;25.3;23.3;22.0;84.0;73.0;73.0;228.0;2.5;1.1
2023/11/18;1300 UTC;0.0;991.4;991.6;991.4;2617.2;29.4;23.7;29.4;27.1;23.8;22.3;79.0;69.0;71.0;284.0;3.9;1.3
2023/11/18;1400 UTC;0.0;990.7;991.4;990.7;3232.8;31.0;23.4;31.2;28.8;25.0;22.4;75.0;62.0;64.0;352.0;5.0;1.9
2023/11/18;1500 UTC;0.0;989.9;990.7;989.9;3619.4;33.2;20.6;33.8;31.0;24.0;19.8;66.0;45.0;48.0;287.0;4.7;1.7
2023/11/18;1600 UTC;0.0;988.9;989.9;988.9;3606.9;34.2;22.4;35.1;33.0;23.1;20.4;53.0;47.0;50.0;312.0;6.1;1.5
2023/11/18;1700 UTC;0.0;988.0;988.9;988.0;3334.3;34.4;22.8;35.0;33.6;23.7;21.7;54.0;48.0;51.0;13.0;5.0;2.0
2023/11/18;1800 UTC;0.0;987.4;988.0;987.3;2677.3;35.3;23.6;35.6;34.2;23.9;22.1;53.0;47.0;51.0;316.0;5.2;1.5
2023/11/18;1900 UTC;0.0;987.0;987.4;987.0;1929.8;34.8;22.8;35.9;34.5;23.8;21.6;52.0;45.0;50.0;330.0;5.3;1.9
2023/11/18;2000 UTC;0.0;986.9;987.1;986.9;1068.0;34.1;23.7;34.9;33.9;24.0;22.1;56.0;48.0;55.0;348.0;3.9;1.6
2023/11/18;2100 UTC;0.0;987.5;987.5;986.9;356.9;31.7;24.7;34.1;31.7;24.8;23.4;67.0;54.0;67.0;341.0;3.5;1.4
2023/11/18;2200 UTC;0.0;988.2;988.2;987.5;21.1;28.0;24.3;31.7;28.0;25.2;23.8;81.0;63.0;80.0;346.0;2.8;0.6
2023/11/18;2300 UTC;0.0;988.4;988.4;988.0;;27.1;24.7;28.0;27.0;24.7;23.9;87.0;78.0;87.0;349.0;1.3;0.5
2023/11/19;0000 UTC;;;;;;;;;;;;;;;;;
2023/11/19;0100 UTC;;;;;;;;;;;;;;;;;
2023/11/19;0200 UTC;;;;;;;;;;;;;;;;;
2023/11/19;0300 UTC;0.0;989.5;989.8;989.5;;25.7;24.8;26.1;25.7;24.8;24.7;95.0;92.0;95.0;349.0;1.7;0.6
2023/11/19;0400 UTC;0.0;988.9;989.5;988.9;;25.2;24.6;26.0;25.2;24.8;24.6;97.0;92.0;96.0;21.0;1.6;0.8
2023/11/19;0500 UTC;0.0;988.4;988.9;988.3;;24.7;24.5;25.5;24.7;24.8;24.4;99.0;95.0;99.0;34.0;1.6;0.6
2023/11/19;0600 UTC;0.0;988.4;988.5;988.1;;24.8;24.5;24.9;24.6;24.7;24.4;99.0;98.0;98.0;25.0;2.2;0.6
2023/11/19;0700 UTC;0.0;988.6;988.6;988.3;;24.6;24.5;24.8;24.5;24.6;24.2;99.0;97.0;99.0;37.0;1.8;0.5
2023/11/19;0800 UTC;0.0;989.0;989.0;988.6;;24.1;24.0;24.8;24.1;24.5;23.9;99.0;97.0;99.0;358.0;1.5;0.6
2023/11/19;0900 UTC;0.0;989.6;989.6;989.0;7.7;23.9;23.8;24.3;23.8;24.1;23.6;100.0;98.0;100.0;83.0;1.1;0.2
2023/11/19;1000 UTC;0.0;990.4;990.4;989.6;401.2;26.5;24.9;26.5;23.9;25.1;23.8;100.0;91.0;91.0;348.0;2.4;1.3
2023/11/19;1100 UTC;0.0;990.8;990.8;990.4;1152.9;29.3;25.2;29.4;26.5;25.8;24.8;91.0;78.0;79.0;358.0;3.0;0.9
2023/11/19;1200 UTC;0.0;991.2;991.3;990.8;1807.1;31.3;25.2;31.3;29.3;26.0;24.7;79.0;70.0;70.0;342.0;3.5;1.4
2023/11/19;1300 UTC;0.0;991.4;991.4;991.2;2583.2;32.7;24.5;33.0;31.3;25.4;24.0;71.0;60.0;62.0;331.0;5.0;2.7
2023/11/19;1400 UTC;0.0;990.8;991.4;990.8;2583.5;34.0;24.7;34.0;32.5;25.7;24.0;65.0;58.0;58.0;338.0;5.0;2.3
2023/11/19;1500 UTC;0.0;990.0;990.8;990.0;3497.5;35.8;22.9;35.9;34.0;25.3;22.6;59.0;47.0;48.0;252.0;5.0;1.7
2023/11/19;1600 UTC;0.0;988.5;990.0;988.5;3708.8;35.9;22.8;36.8;35.0;23.5;21.7;50.0;43.0;47.0;338.0;5.0;1.9
2023/11/19;1700 UTC;0.0;987.8;988.5;987.8;2617.0;35.3;23.3;37.4;35.1;23.5;21.6;50.0;42.0;50.0;214.0;5.0;1.8
2023/11/19;1800 UTC;0.0;987.7;987.9;987.5;776.8;28.3;22.2;36.2;28.1;26.1;21.8;73.0;45.0;70.0;41.0;9.8;2.3
2023/11/19;1900 UTC;0.4;987.1;988.0;987.0;388.4;27.6;25.3;28.2;26.4;25.6;22.5;91.0;70.0;87.0;354.0;6.2;1.1
2023/11/19;2000 UTC;0.0;986.6;987.2;986.6;625.4;29.2;25.9;29.4;27.6;26.8;24.0;89.0;75.0;83.0;20.0;2.8;1.2
2023/11/19;2100 UTC;0.0;988.0;988.0;986.6;294.5;28.2;25.2;29.3;28.1;26.2;24.7;84.0;79.0;84.0;44.0;3.6;0.9
2023/11/19;2200 UTC;0.0;988.3;988.5;988.0;6.9;27.0;22.5;28.1;27.0;25.3;22.5;86.0;75.0;76.0;38.0;6.8;1.2
2023/11/19;2300 UTC;0.0;988.1;988.6;988.1;;25.2;23.2;27.0;25.2;23.3;22.4;89.0;76.0;89.0;75.0;3.1;0.6
2023/11/20;0000 UTC;;;;;;;;;;;;;;;;;
2023/11/20;0100 UTC;;;;;;;;;;;;;;;;;
2023/11/20;0200 UTC;0.0;990.2;990.5;989.9;;24.5;23.4;25.6;24.4;23.5;23.0;94.0;85.0;93.0;360.0;2.8;1.2
2023/11/20;0300 UTC;;;;;;;;;;;;;;;;;
2023/11/20;0400 UTC;0.0;988.4;988.9;988.4;;24.3;23.4;24.5;24.0;23.6;23.4;97.0;94.0;95.0;34.0;2.3;0.7
2023/11/20;0500 UTC;0.0;987.6;988.4;987.4;;24.4;23.2;24.7;24.1;23.6;23.2;96.0;92.0;93.0;323.0;2.8;1.3
2023/11/20;0600 UTC;0.0;988.1;988.1;987.6;;23.4;23.1;24.7;23.4;23.3;22.9;98.0;91.0;98.0;81.0;3.5;0.6
2023/11/20;0700 UTC;0.0;988.3;988.5;988.0;;23.2;22.9;23.9;23.2;23.4;22.9;98.0;96.0;98.0;117.0;1.3;0.4
2023/11/20;0800 UTC;0.0;988.7;988.7;988.2;;22.8;22.7;23.2;22.8;23.1;22.7;99.0;98.0;99.0;121.0;1.6;0.8
2023/11/20;0900 UTC;0.0;988.7;988.7;988.2;3.5;23.2;23.0;23.3;22.7;23.2;22.5;100.0;99.0;99.0;153.0;2.2;0.7
2023/11/20;1000 UTC;0.0;989.4;989.4;988.7;246.7;24.5;23.5;24.5;23.1;23.5;22.9;99.0;94.0;94.0;77.0;2.0;1.1
2023/11/20;1100 UTC;0.0;989.5;989.5;989.1;764.4;26.3;24.0;26.3;24.5;24.1;23.2;94.0;87.0;87.0;13.0;2.1;0.7
2023/11/20;1200 UTC;0.0;989.7;989.7;989.4;1597.2;28.4;24.0;28.8;26.4;24.5;23.8;88.0;76.0;77.0;273.0;2.7;1.1
2023/11/20;1300 UTC;0.0;990.3;990.3;989.7;2212.5;31.2;24.5;31.4;28.4;24.9;23.6;78.0;67.0;68.0;125.0;2.9;0.7
2023/11/20;1400 UTC;0.0;990.2;990.3;990.2;2594.0;31.9;24.8;32.3;30.4;25.4;24.2;72.0;64.0;66.0;151.0;2.9;1.4
2023/11/20;1500 UTC;0.0;989.4;990.2;989.4;3213.7;33.5;24.9;33.7;31.6;25.4;24.1;67.0;59.0;61.0;162.0;4.2;1.5
2023/11/20;1600 UTC;0.0;988.0;989.5;988.0;2433.9;33.6;25.3;34.1;32.6;25.5;23.8;64.0;57.0;62.0;167.0;4.0;1.7
2023/11/20;1700 UTC;0.0;986.2;988.0;986.2;2756.4;33.6;24.9;34.5;33.3;25.4;23.8;63.0;55.0;60.0;157.0;5.0;2.5
2023/11/20;1800 UTC;0.0;985.5;986.2;985.4;2139.5;34.3;25.4;34.3;33.1;25.4;24.2;63.0;57.0;60.0;186.0;4.6;2.0
2023/11/20;1900 UTC;5.2;987.3;987.9;985.5;656.7;24.1;23.2;34.7;24.1;25.0;22.2;95.0;56.0;95.0;303.0;12.7;3.6
2023/11/20;2000 UTC;2.6;987.2;987.3;986.7;25.5;23.6;23.3;24.0;23.4;23.5;22.9;98.0;94.0;98.0;92.0;9.5;1.3
2023/11/20;2100 UTC;0.2;988.0;988.0;987.0;1.9;23.8;23.4;23.9;23.4;23.5;23.1;99.0;97.0;97.0;121.0;5.6;2.3
2023/11/20;2200 UTC;2.6;990.1;990.1;988.0;;23.4;23.0;24.1;23.4;23.7;23.0;98.0;97.0;98.0;163.0;5.8;2.9
2023/11/20;2300 UTC;2.6;990.0;990.2;989.8;;23.1;22.7;23.4;23.1;23.1;22.6;99.0;98.0;98.0;156.0;5.2;2.6
2023/11/21;0000 UTC;0.8;990.4;990.5;990.0;;23.2;22.7;23.2;23.0;22.7;22.5;98.0;97.0;97.0;147.0;5.1;2.2
2023/11/21;0100 UTC;;;;;;;;;;;;;;;;;
2023/11/21;0200 UTC;;;;;;;;;;;;;;;;;
2023/11/21;0300 UTC;0.2;988.8;989.4;988.1;;22.8;22.7;23.1;22.8;22.8;22.5;99.0;98.0;99.0;346.0;5.4;2.4
2023/11/21;0400 UTC;0.0;988.5;988.9;988.4;;22.8;22.6;23.1;22.8;22.9;22.5;99.0;98.0;99.0;360.0;5.4;1.5
2023/11/21;0500 UTC;0.2;988.1;988.5;988.1;;22.7;22.5;22.9;22.6;22.6;22.4;99.0;97.0;98.0;73.0;3.0;1.1
2023/11/21;0600 UTC;0.0;988.6;988.6;987.9;;22.5;22.2;23.1;22.5;22.7;22.2;99.0;97.0;99.0;20.0;3.5;0.9
2023/11/21;0700 UTC;0.0;988.7;989.0;988.6;;22.2;22.1;22.5;22.2;22.5;22.1;100.0;99.0;100.0;132.0;1.5;0.6
2023/11/21;0800 UTC;0.0;988.6;988.9;988.6;;22.1;22.1;22.5;22.0;22.5;22.0;100.0;100.0;100.0;355.0;1.1;0.6
2023/11/21;0900 UTC;0.0;988.9;988.9;988.6;5.8;22.3;22.3;22.5;22.0;22.5;22.0;100.0;100.0;100.0;344.0;1.3;0.6
2023/11/21;1000 UTC;0.0;990.1;990.1;988.9;153.5;23.3;23.2;23.3;22.2;23.2;22.2;100.0;99.0;100.0;259.0;1.5;0.9
2023/11/21;1100 UTC;0.0;991.0;991.0;990.1;633.8;24.8;23.5;25.1;23.2;24.1;23.1;100.0;91.0;92.0;214.0;3.3;1.2
2023/11/21;1200 UTC;0.0;991.5;991.5;991.0;1719.1;26.4;23.5;27.0;24.8;24.5;23.1;93.0;81.0;84.0;203.0;3.1;1.1
2023/11/21;1300 UTC;0.0;991.6;991.7;991.5;1115.4;26.4;23.9;26.8;25.9;24.4;23.3;90.0;83.0;87.0;251.0;3.2;1.3
2023/11/21;1400 UTC;0.0;991.1;991.6;991.1;2078.1;28.4;24.5;28.4;26.0;25.1;23.7;89.0;79.0;80.0;348.0;2.9;0.7
2023/11/21;1500 UTC;0.0;990.2;991.1;990.2;2748.6;29.5;24.6;29.9;27.9;25.6;24.2;84.0;73.0;75.0;341.0;3.3;1.5
2023/11/21;1600 UTC;0.0;988.5;990.2;988.5;3676.8;30.8;25.6;32.2;29.5;27.1;24.4;76.0;69.0;74.0;332.0;4.0;1.6
2023/11/21;1700 UTC;0.0;987.3;988.5;987.3;3317.1;32.4;25.1;33.0;30.8;26.4;23.5;75.0;60.0;66.0;342.0;3.2;1.1
2023/11/21;1800 UTC;0.0;985.9;987.3;985.9;2328.9;32.7;24.6;32.9;31.6;25.5;24.2;69.0;61.0;62.0;171.0;3.8;1.4
2023/11/21;1900 UTC;0.0;985.4;985.9;985.3;1976.6;32.7;24.3;33.8;32.3;25.8;23.9;66.0;59.0;62.0;146.0;3.5;1.0
2023/11/21;2000 UTC;0.0;985.0;985.4;985.0;1240.1;33.3;25.0;33.9;32.7;25.4;23.9;64.0;59.0;62.0;263.0;2.8;1.1
2023/11/21;2100 UTC;0.0;985.7;985.7;985.0;539.7;31.3;24.4;33.4;31.1;25.0;23.8;69.0;58.0;67.0;56.0;4.2;0.4
2023/11/21;2200 UTC;0.0;986.4;986.4;985.7;24.5;27.6;25.8;31.3;27.6;26.6;24.4;91.0;67.0;90.0;51.0;1.1;0.2
2023/11/21;2300 UTC;0.0;987.6;987.6;986.4;;26.5;25.3;27.6;26.5;26.0;25.2;94.0;89.0;93.0;322.0;2.0;0.3
2023/11/22;0000 UTC;;;;;;;;;;;;;;;;;
2023/11/22;0100 UTC;0.0;989.1;989.1;988.3;;24.7;22.3;26.7;24.7;23.1;22.2;87.0;79.0;87.0;344.0;4.5;1.1
2023/11/22;0200 UTC;0.0;989.1;989.2;989.0;;23.4;22.6;24.7;23.4;22.7;22.3;95.0;87.0;95.0;133.0;2.4;0.5
2023/11/22;0300 UTC;0.0;988.4;989.1;988.4;;23.0;22.0;23.4;23.0;22.5;22.0;95.0;93.0;94.0;47.0;2.3;0.5
2023/11/22;0400 UTC;0.0;987.6;988.4;987.6;;23.0;22.2;23.1;22.7;22.4;21.9;97.0;94.0;95.0;253.0;1.5;0.7
2023/11/22;0500 UTC;0.0;987.1;987.6;987.0;;22.2;22.0;23.0;22.1;22.2;21.8;99.0;94.0;99.0;84.0;1.4;0.5
2023/11/22;0600 UTC;0.0;987.0;987.3;986.9;;21.8;21.7;22.2;21.8;21.9;21.7;100.0;99.0;99.0;143.0;1.1;0.4
2023/11/22;0700 UTC;0.0;987.3;987.3;987.0;;21.7;21.6;22.0;21.7;21.9;21.6;100.0;99.0;99.0;149.0;1.3;0.5
2023/11/22;0800 UTC;0.0;987.7;987.8;987.2;;21.6;21.5;22.1;21.6;22.0;21.5;100.0;99.0;100.0;103.0;1.1;0.3
2023/11/22;0900 UTC;0.0;988.3;988.3;987.7;6.6;21.5;21.4;21.6;21.5;21.6;21.4;100.0;100.0;100.0;105.0;1.4;0.3
2023/11/22;1000 UTC;0.0;989.7;989.7;988.3;310.0;24.1;23.5;24.1;21.5;23.5;21.5;100.0;97.0;97.0;141.0;1.6;1.0
2023/11/22;1100 UTC;0.0;990.7;990.7;989.7;663.6;25.2;23.9;25.3;24.0;24.1;23.3;97.0;92.0;92.0;29.0;2.5;1.1
2023/11/22;1200 UTC;0.0;991.0;991.0;990.6;1628.2;27.4;24.0;27.8;25.2;24.5;23.5;93.0;81.0;82.0;358.0;2.7;1.4
2023/11/22;1300 UTC;0.0;990.8;991.0;990.8;2619.2;30.0;23.7;30.1;27.3;24.9;23.4;83.0;69.0;69.0;317.0;3.5;1.2
2023/11/22;1400 UTC;0.0;990.7;990.8;990.7;3141.9;31.2;24.7;31.4;29.5;25.0;23.3;72.0;65.0;68.0;139.0;3.3;1.4
2023/11/22;1500 UTC;0.0;989.2;990.7;989.2;2357.4;31.1;23.8;32.1;31.1;25.0;23.6;68.0;63.0;66.0;244.0;4.4;1.2
2023/11/22;1600 UTC;0.0;987.7;989.2;987.7;2659.3;32.6;23.4;33.1;31.0;25.4;23.4;68.0;58.0;58.0;106.0;3.5;1.3
2023/11/22;1700 UTC;0.8;986.9;987.8;986.8;2396.3;26.0;24.6;33.1;25.1;25.2;21.7;96.0;58.0;92.0;8.0;10.5;2.3
2023/11/22;1800 UTC;0.2;987.0;987.2;986.7;221.2;24.7;23.6;26.0;24.6;24.6;23.4;96.0;91.0;93.0;126.0;5.7;2.0
2023/11/22;1900 UTC;0.0;986.9;987.1;986.8;61.9;24.7;23.9;24.9;24.7;24.0;23.1;96.0;89.0;96.0;92.0;3.4;1.3
2023/11/22;2000 UTC;0.6;988.2;988.2;986.9;33.0;24.6;24.2;25.0;24.6;24.4;24.0;97.0;96.0;97.0;147.0;3.1;1.3
2023/11/22;2100 UTC;1.8;988.2;988.4;988.1;31.2;24.2;23.9;24.6;24.1;24.2;23.7;98.0;96.0;98.0;193.0;2.9;0.9
2023/11/22;2200 UTC;0.2;988.6;988.6;988.0;1.5;24.1;23.8;24.2;24.0;24.0;23.6;99.0;98.0;98.0;294.0;1.5;0.7
2023/11/22;2300 UTC;;;;;;;;;;;;;;;;;
2023/11/23;0000 UTC;;;;;;;;;;;;;;;;;
2023/11/23;0100 UTC;;;;;;;;;;;;;;;;;
2023/11/23;0200 UTC;;;;;;;;;;;;;;;;;
2023/11/23;0300 UTC;0.0;990.5;991.6;990.5;;23.4;23.4;24.0;23.4;23.8;23.4;100.0;99.0;100.0;86.0;1.5;0.2
2023/11/23;0400 UTC;0.0;989.8;990.5;989.8;;23.5;23.5;23.6;23.3;23.5;23.3;100.0;100.0;100.0;137.0;1.8;1.0
2023/11/23;0500 UTC;0.0;989.0;989.8;989.0;;23.4;23.4;23.6;23.4;23.6;23.4;100.0;100.0;100.0;36.0;2.3;0.4
2023/11/23;0600 UTC;0.0;988.8;989.0;988.8;;23.4;23.4;23.4;23.3;23.4;23.3;100.0;100.0;100.0;54.0;2.5;1.3
2023/11/23;0700 UTC;0.0;988.7;988.8;988.5;;23.5;23.5;23.6;23.4;23.6;23.4;100.0;100.0;100.0;77.0;3.0;1.2
2023/11/23;0800 UTC;0.0;989.2;989.2;988.6;;23.5;23.5;23.5;23.4;23.5;23.4;100.0;100.0;100.0;52.0;3.4;0.6
2023/11/23;0900 UTC;0.2;989.8;989.8;989.1;6.7;23.3;23.3;23.5;23.3;23.5;23.3;100.0;100.0;100.0;89.0;3.0;1.2
2023/11/23;1000 UTC;0.0;991.2;991.2;989.8;198.8;23.8;23.4;23.9;23.3;23.6;23.3;100.0;98.0;98.0;332.0;2.3;0.9
2023/11/23;1100 UTC;0.0;992.3;992.3;991.2;557.1;25.1;23.6;25.1;23.8;23.8;23.1;98.0;92.0;92.0;184.0;2.2;1.3
2023/11/23;1200 UTC;0.0;993.1;993.1;992.3;1815.3;26.3;23.6;27.1;25.1;23.9;22.8;91.0;80.0;86.0;259.0;3.3;1.4
2023/11/23;1300 UTC;0.0;993.3;993.3;993.1;2339.5;28.4;24.6;28.6;26.3;25.0;23.5;87.0;78.0;80.0;22.0;3.1;1.0
2023/11/23;1400 UTC;0.0;992.9;993.3;992.9;2736.9;30.2;24.3;30.5;28.0;25.2;23.4;80.0;69.0;71.0;243.0;3.4;1.2
2023/11/23;1500 UTC;0.0;992.2;992.9;992.2;2969.1;31.1;25.0;31.2;29.3;25.4;23.1;73.0;65.0;70.0;34.0;4.0;1.4
2023/11/23;1600 UTC;0.0;991.2;992.2;991.1;3530.4;31.8;23.9;32.5;30.4;25.2;23.1;71.0;60.0;63.0;270.0;5.1;1.9
2023/11/23;1700 UTC;0.0;989.5;991.2;989.5;3299.2;32.6;25.0;32.9;31.3;25.0;23.2;67.0;59.0;64.0;282.0;5.1;2.0
2023/11/23;1800 UTC;0.0;990.0;990.0;988.8;2175.3;24.6;21.9;33.4;24.6;24.7;21.2;85.0;57.0;85.0;6.0;12.3;4.3
2023/11/23;1900 UTC;3.0;988.9;990.1;988.7;545.4;24.7;23.8;24.7;23.7;23.9;21.9;96.0;85.0;95.0;358.0;11.7;1.3
2023/11/23;2000 UTC;0.0;989.7;989.7;988.9;1307.1;26.9;23.6;26.9;24.7;24.5;22.7;96.0;81.0;82.0;98.0;4.3;1.9
2023/11/23;2100 UTC;0.0;990.0;990.0;989.7;485.6;25.4;23.0;26.9;25.4;23.5;22.5;87.0;79.0;87.0;69.0;4.0;1.1
2023/11/23;2200 UTC;0.2;989.4;990.0;989.2;31.3;24.0;23.4;25.4;24.0;23.5;22.8;96.0;86.0;96.0;14.0;2.5;0.7
2023/11/23;2300 UTC;;;;;;;;;;;;;;;;;
2023/11/24;0000 UTC;0.0;991.9;991.9;990.4;;23.4;23.1;24.2;23.2;23.2;22.8;99.0;93.0;99.0;228.0;1.6;0.5
2023/11/24;0100 UTC;0.0;992.2;992.4;991.9;;23.2;23.1;23.5;22.9;23.4;22.8;100.0;98.0;99.0;149.0;1.6;0.9
2023/11/24;0200 UTC;0.0;992.4;992.4;992.0;;23.3;22.8;23.4;23.1;23.3;22.8;100.0;97.0;97.0;181.0;1.9;0.9
2023/11/24;0300 UTC;0.0;992.4;992.5;991.7;;22.8;22.7;23.3;22.8;23.1;22.6;99.0;97.0;99.0;25.0;1.6;0.5
2023/11/24;0400 UTC;0.0;992.3;992.7;992.3;;22.7;22.7;22.9;22.5;22.8;22.5;100.0;99.0;100.0;158.0;2.0;0.4
2023/11/24;0500 UTC;0.0;991.4;992.3;991.4;;22.4;22.4;22.9;22.4;22.9;22.4;100.0;100.0;100.0;137.0;0.8;0.3
2023/11/24;0600 UTC;0.2;991.0;991.4;991.0;;22.6;22.6;22.7;22.4;22.7;22.4;100.0;100.0;100.0;106.0;1.0;0.6
2023/11/24;0700 UTC;0.0;991.1;991.1;990.8;;22.9;22.9;23.0;22.6;23.0;22.6;100.0;100.0;100.0;107.0;0.9;0.3
2023/11/24;0800 UTC;0.0;991.8;991.8;991.1;;22.8;22.8;23.1;22.7;23.1;22.7;100.0;100.0;100.0;60.0;0.9;0.4
2023/11/24;0900 UTC;0.0;992.8;992.8;991.8;3.2;23.1;23.1;23.1;22.7;23.1;22.7;100.0;100.0;100.0;139.0;1.8;1.1
2023/11/24;1000 UTC;0.0;993.6;993.6;992.8;340.6;25.0;24.4;25.0;23.1;24.6;23.1;100.0;97.0;97.0;52.0;1.8;0.5
2023/11/24;1100 UTC;0.0;994.1;994.1;993.6;1122.5;26.7;24.0;27.3;25.0;24.9;24.0;96.0;85.0;85.0;117.0;2.7;0.8
2023/11/24;1200 UTC;0.0;994.1;994.2;994.0;1835.5;27.7;24.4;28.3;26.7;24.9;23.8;87.0;78.0;82.0;170.0;2.9;1.3
2023/11/24;1300 UTC;0.0;994.5;994.6;994.1;2708.9;30.0;24.3;30.4;27.7;25.4;23.7;83.0;70.0;72.0;231.0;3.0;1.0
2023/11/24;1400 UTC;0.0;994.0;994.5;994.0;2914.1;30.7;24.5;30.8;29.6;25.6;23.5;76.0;67.0;70.0;164.0;4.5;1.8
2023/11/24;1500 UTC;0.0;993.3;994.0;993.3;2843.1;30.8;23.8;31.9;30.4;25.2;23.8;73.0;65.0;66.0;225.0;4.6;1.4
2023/11/24;1600 UTC;0.0;992.3;993.3;992.3;2698.3;32.2;24.1;33.2;30.8;25.5;23.4;70.0;57.0;63.0;262.0;4.3;1.4
2023/11/24;1700 UTC;0.0;991.0;992.3;991.0;2841.4;32.2;23.3;33.9;32.2;24.9;22.7;63.0;55.0;59.0;87.0;3.5;1.4
2023/11/24;1800 UTC;0.0;990.0;991.0;990.0;2284.0;32.4;23.6;34.1;32.2;25.0;22.7;65.0;53.0;60.0;88.0;3.3;1.4
2023/11/24;1900 UTC;0.0;989.2;990.0;989.2;1926.2;33.4;23.2;34.6;32.2;24.5;22.6;64.0;52.0;55.0;121.0;3.2;1.6
2023/11/24;2000 UTC;0.0;989.5;989.5;989.2;1040.8;33.7;22.2;33.9;32.6;24.3;22.0;61.0;51.0;51.0;14.0;3.2;0.6
2023/11/24;2100 UTC;0.0;989.6;989.7;989.5;270.3;29.5;26.2;33.9;29.5;26.4;22.0;84.0;50.0;82.0;123.0;2.5;0.4
2023/11/24;2200 UTC;0.0;990.1;990.2;989.6;14.8;27.5;25.7;29.5;27.5;26.5;24.9;90.0;82.0;89.0;131.0;0.8;0.5
2023/11/24;2300 UTC;0.0;990.9;990.9;990.1;;27.6;25.3;28.0;27.4;25.7;24.9;90.0;83.0;87.0;140.0;2.1;0.8
2023/11/25;0000 UTC;0.0;991.1;991.1;990.7;;26.4;25.0;27.7;26.4;25.4;24.9;93.0;86.0;92.0;182.0;1.8;0.3
2023/11/25;0100 UTC;0.0;991.6;991.6;991.0;;25.5;25.1;26.4;25.3;25.1;24.9;98.0;92.0;97.0;155.0;1.1;0.5
2023/11/25;0200 UTC;0.0;991.7;992.0;991.6;;25.4;24.5;25.7;25.3;25.1;24.5;98.0;94.0;95.0;110.0;2.2;0.7
2023/11/25;0300 UTC;0.0;991.0;991.7;991.0;;24.6;24.1;25.8;24.6;24.9;24.1;98.0;93.0;97.0;143.0;1.6;0.6
2023/11/25;0400 UTC;0.0;990.6;991.0;990.6;;24.8;23.9;24.8;24.3;24.4;23.9;99.0;95.0;95.0;179.0;1.7;0.6
2023/11/25;0500 UTC;0.0;990.4;990.7;990.4;;24.4;24.1;24.7;24.1;24.2;23.6;99.0;95.0;98.0;182.0;1.9;0.9
2023/11/25;0600 UTC;0.0;990.0;990.3;989.9;;24.0;23.7;24.4;24.0;24.1;23.7;99.0;98.0;99.0;173.0;2.4;1.0
2023/11/25;0700 UTC;0.0;990.1;990.1;990.0;;23.9;23.6;24.0;23.8;23.9;23.6;99.0;98.0;98.0;194.0;2.4;1.1
2023/11/25;0800 UTC;0.0;990.4;990.4;990.1;;23.5;23.4;23.9;23.3;23.6;23.1;100.0;98.0;99.0;188.0;2.2;0.7
2023/11/25;0900 UTC;0.0;990.4;990.4;990.3;6.6;23.1;23.0;23.5;23.1;23.4;22.9;99.0;98.0;99.0;175.0;2.3;0.4
2023/11/25;1000 UTC;0.0;991.1;991.1;990.4;341.6;26.3;23.5;26.3;23.1;24.1;22.9;99.0;85.0;85.0;80.0;1.4;0.4
2023/11/25;1100 UTC;0.0;991.7;991.7;991.1;1128.4;28.1;24.5;28.2;26.0;24.8;23.4;88.0;80.0;81.0;177.0;2.3;1.3
2023/11/25;1200 UTC;0.0;992.0;992.0;991.7;1901.9;30.4;24.1;30.8;28.0;25.2;24.0;81.0;69.0;69.0;164.0;4.0;1.9
2023/11/25;1300 UTC;0.0;991.7;992.0;991.7;2651.3;32.3;23.8;32.4;30.3;25.2;23.8;71.0;61.0;61.0;156.0;5.6;2.4
2023/11/25;1400 UTC;0.0;991.2;991.7;991.1;3258.7;33.5;23.3;33.5;32.2;24.4;22.7;63.0;54.0;55.0;188.0;6.9;3.2
2023/11/25;1500 UTC;0.0;990.3;991.2;990.3;3395.0;34.2;23.7;34.2;32.8;24.4;22.5;59.0;52.0;55.0;155.0;6.9;2.7
2023/11/25;1600 UTC;0.0;989.0;990.3;989.0;3866.3;34.9;23.0;35.5;34.0;23.8;21.5;56.0;45.0;50.0;176.0;5.6;2.2
2023/11/25;1700 UTC;0.0;987.9;989.0;987.9;2811.6;35.4;23.2;35.4;33.8;24.3;22.1;56.0;47.0;49.0;168.0;5.6;2.4
2023/11/25;1800 UTC;0.0;986.8;987.9;986.8;2845.2;35.3;23.1;35.8;34.8;24.1;22.0;52.0;47.0;49.0;175.0;6.0;2.6
2023/11/25;1900 UTC;0.0;986.3;986.8;986.2;2054.5;35.6;23.0;36.3;35.1;23.6;22.0;51.0;45.0;48.0;175.0;6.2;1.7
2023/11/25;2000 UTC;0.0;986.5;986.5;986.2;1168.3;35.2;22.6;36.0;35.1;23.4;22.2;51.0;46.0;48.0;165.0;4.3;2.0
2023/11/25;2100 UTC;0.0;986.2;986.6;986.2;408.5;32.9;26.4;35.4;32.9;26.9;22.6;70.0;48.0;69.0;169.0;3.4;0.7
2023/11/25;2200 UTC;0.0;985.9;986.2;985.8;22.5;28.8;25.7;32.9;28.8;26.9;25.2;83.0;69.0;83.0;213.0;1.9;0.4
2023/11/25;2300 UTC;0.0;987.3;987.3;985.9;;27.1;25.6;28.8;27.1;26.0;25.6;91.0;83.0;91.0;134.0;0.7;0.3
2023/11/26;0000 UTC;0.0;988.4;988.4;987.3;;26.7;25.2;27.1;26.6;25.6;25.1;92.0;90.0;92.0;113.0;0.7;0.2
2023/11/26;0100 UTC;0.0;988.5;988.6;988.3;;26.1;25.3;26.7;26.0;25.5;25.2;96.0;92.0;95.0;275.0;0.7;0.3
2023/11/26;0200 UTC;0.0;988.5;988.5;988.3;;25.6;25.0;26.2;25.5;25.5;24.9;97.0;95.0;97.0;274.0;1.2;0.3
2023/11/26;0300 UTC;0.0;987.8;988.5;987.8;;25.3;25.0;25.7;25.3;25.1;24.9;98.0;96.0;98.0;155.0;0.9;0.7
2023/11/26;0400 UTC;0.0;987.4;987.8;987.4;;24.9;24.6;25.3;24.9;25.0;24.6;98.0;97.0;98.0;179.0;0.9;0.2
2023/11/26;0500 UTC;0.0;986.9;987.5;986.9;;25.0;24.3;25.6;24.7;24.8;24.2;98.0;94.0;96.0;213.0;3.1;0.3
2023/11/26;0600 UTC;0.0;986.8;986.9;986.7;;24.3;24.1;25.0;24.3;24.4;24.0;99.0;96.0;99.0;107.0;0.7;0.2
2023/11/26;0700 UTC;0.0;987.4;987.4;986.8;;24.3;24.2;24.6;24.1;24.4;23.9;99.0;98.0;99.0;333.0;1.5;0.5
2023/11/26;0800 UTC;0.0;987.7;987.7;987.4;;24.4;24.1;24.8;24.1;24.6;23.8;99.0;98.0;99.0;333.0;1.7;0.5
2023/11/26;0900 UTC;0.0;988.1;988.1;987.7;6.8;24.2;24.1;24.5;23.9;24.3;23.7;100.0;98.0;99.0;289.0;1.4;0.5
2023/11/26;1000 UTC;0.0;988.9;988.9;988.0;245.2;25.8;25.2;25.8;24.1;25.2;23.9;99.0;96.0;96.0;345.0;1.0;0.4
2023/11/26;1100 UTC;0.0;989.2;989.2;988.9;864.2;28.8;25.1;29.1;25.8;25.6;24.5;96.0;78.0;81.0;12.0;1.4;0.8
2023/11/26;1200 UTC;0.0;989.4;989.4;989.2;1762.8;32.2;24.9;32.2;28.8;26.0;23.9;84.0;64.0;66.0;101.0;2.5;1.0
2023/11/26;1300 UTC;0.0;990.4;990.4;989.3;1812.4;32.0;25.0;32.8;31.7;25.6;23.6;69.0;61.0;67.0;101.0;3.2;1.4
2023/11/26;1400 UTC;0.0;988.7;990.4;988.7;2619.0;33.3;24.8;33.9;31.8;25.9;24.3;68.0;60.0;61.0;93.0;5.0;2.0
2023/11/26;1500 UTC;3.6;988.2;989.0;988.2;534.0;24.1;22.8;33.4;24.1;25.6;21.0;94.0;58.0;92.0;358.0;14.6;1.5
2023/11/26;1600 UTC;0.2;988.5;988.5;988.0;594.2;26.7;24.8;26.7;24.1;25.2;22.7;95.0;89.0;89.0;304.0;4.1;1.6
2023/11/26;1700 UTC;0.0;988.1;989.0;987.9;439.5;26.3;24.3;26.8;26.2;25.2;23.8;91.0;85.0;89.0;292.0;5.8;2.7
2023/11/26;1800 UTC;0.0;988.7;989.1;987.8;315.7;25.3;23.3;26.3;25.2;24.3;23.1;90.0;85.0;89.0;267.0;8.4;3.2
2023/11/26;1900 UTC;0.0;988.2;988.8;988.2;69.4;24.5;23.1;25.3;24.5;23.4;23.0;92.0;88.0;92.0;282.0;8.4;3.0
2023/11/26;2000 UTC;0.0;988.5;988.9;988.0;125.1;23.8;22.4;24.5;23.8;23.2;22.2;92.0;89.0;92.0;315.0;6.5;1.7
2023/11/26;2100 UTC;0.4;990.8;990.8;988.5;20.9;23.0;22.4;23.9;23.0;22.6;22.1;97.0;90.0;96.0;56.0;4.6;1.8
2023/11/26;2200 UTC;15.0;989.5;991.5;989.2;0.1;22.7;22.1;23.3;22.6;22.7;22.1;100.0;96.0;97.0;238.0;5.3;2.0
2023/11/26;2300 UTC;;;;;;;;;;;;;;;;;
2023/11/27;0000 UTC;;;;;;;;;;;;;;;;;
2023/11/27;0100 UTC;;;;;;;;;;;;;;;;;
2023/11/27;0200 UTC;0.0;991.9;991.9;990.1;;21.6;21.6;22.1;21.6;21.9;21.6;100.0;99.0;100.0;4.0;1.9;1.1
2023/11/27;0300 UTC;0.0;991.1;991.9;991.1;;21.7;21.7;22.1;21.6;22.0;21.6;100.0;100.0;100.0;45.0;1.9;0.3
2023/11/27;0400 UTC;0.0;990.8;991.2;990.7;;21.8;21.8;22.0;21.6;22.0;21.6;100.0;100.0;100.0;45.0;1.7;0.3
2023/11/27;0500 UTC;0.0;990.5;991.0;990.5;;21.9;21.8;22.1;21.7;22.1;21.7;100.0;100.0;100.0;326.0;1.6;0.6
2023/11/27;0600 UTC;0.0;990.6;991.0;990.5;;22.3;22.3;22.3;21.8;22.3;21.8;100.0;100.0;100.0;182.0;2.0;1.2
2023/11/27;0700 UTC;0.0;990.9;991.2;990.4;;22.2;22.2;22.3;22.2;22.3;22.2;100.0;100.0;100.0;181.0;2.7;1.6
2023/11/27;0800 UTC;1.0;991.5;991.5;990.8;;22.1;22.0;22.3;22.1;22.3;22.0;100.0;100.0;100.0;165.0;2.6;0.5
2023/11/27;0900 UTC;0.0;992.3;992.3;991.5;1.7;22.2;22.2;22.3;22.1;22.2;22.0;100.0;99.0;100.0;88.0;2.1;0.5
2023/11/27;1000 UTC;0.0;993.9;993.9;992.3;48.1;22.5;22.4;22.5;22.2;22.5;22.1;100.0;100.0;100.0;60.0;4.3;1.5
2023/11/27;1100 UTC;0.6;994.4;994.4;993.9;229.8;23.2;23.1;23.2;22.5;23.1;22.4;100.0;99.0;99.0;194.0;3.5;0.9
2023/11/27;1200 UTC;0.2;994.3;994.4;994.2;648.7;24.0;23.5;24.0;23.2;23.5;22.9;99.0;96.0;97.0;173.0;2.7;1.5
2023/11/27;1300 UTC;0.0;994.1;994.4;994.1;843.5;25.5;24.0;25.5;23.9;24.2;23.2;97.0;89.0;91.0;148.0;2.6;1.4
2023/11/27;1400 UTC;0.0;994.0;994.3;994.0;1057.3;26.0;24.0;26.1;25.3;24.3;23.2;92.0;87.0;88.0;126.0;3.6;1.9
2023/11/27;1500 UTC;0.0;993.7;994.0;993.7;2537.0;28.7;24.7;28.7;25.9;25.1;23.5;90.0;76.0;79.0;188.0;3.8;0.9
2023/11/27;1600 UTC;0.0;992.6;993.7;992.6;2349.1;29.1;24.0;29.3;28.4;24.7;23.7;80.0;73.0;74.0;171.0;3.1;0.9
2023/11/27;1700 UTC;0.0;991.6;992.6;991.6;2270.8;30.3;24.6;30.7;29.0;25.6;23.9;79.0;69.0;71.0;339.0;2.2;1.1
2023/11/27;1800 UTC;0.0;991.2;991.6;991.2;2210.1;31.1;24.7;31.3;29.9;25.5;23.9;73.0;67.0;69.0;124.0;3.0;1.1
2023/11/27;1900 UTC;0.0;990.5;991.2;990.5;1358.2;30.8;25.1;32.0;30.7;26.2;24.3;74.0;66.0;72.0;322.0;2.3;0.8
2023/11/27;2000 UTC;0.0;990.0;990.5;990.0;979.8;30.8;25.3;31.6;30.6;25.9;24.6;74.0;69.0;73.0;262.0;2.6;1.1
2023/11/27;2100 UTC;0.0;989.8;990.0;989.6;238.5;28.0;26.5;30.8;28.0;26.7;24.8;92.0;71.0;92.0;112.0;2.3;0.4
2023/11/27;2200 UTC;0.0;989.9;989.9;989.6;26.8;26.2;25.7;28.1;26.2;26.8;25.7;98.0;92.0;97.0;307.0;0.8;0.4
2023/11/27;2300 UTC;0.0;990.2;990.4;989.9;;25.5;25.4;26.2;25.5;25.8;25.3;100.0;97.0;99.0;313.0;1.2;0.2
2023/11/28;0000 UTC;0.0;990.6;990.7;990.2;;25.1;25.0;25.5;25.0;25.4;25.0;100.0;99.0;100.0;169.0;0.8;0.5
2023/11/28;0100 UTC;0.0;991.2;991.2;990.6;;24.5;24.4;25.1;24.5;25.1;24.4;100.0;99.0;99.0;143.0;1.2;0.7
2023/11/28;0200 UTC;;;;;;;;;;;;;;;;;
2023/11/28;0300 UTC;0.0;991.2;991.5;991.2;;23.5;23.5;24.2;23.5;24.2;23.4;100.0;99.0;100.0;332.0;0.8;0.4
2023/11/28;0400 UTC;0.0;990.8;991.3;990.8;;23.1;23.1;23.6;23.0;23.6;23.0;100.0;100.0;100.0;31.0;1.1;0.3
2023/11/28;0500 UTC;0.0;990.4;990.8;990.3;;22.8;22.8;23.2;22.8;23.2;22.8;100.0;100.0;100.0;322.0;1.4;0.5
2023/11/28;0600 UTC;0.0;990.4;990.5;990.4;;22.7;22.6;22.9;22.5;22.8;22.5;100.0;100.0;100.0;245.0;1.0;0.2
2023/11/28;0700 UTC;0.0;990.3;990.4;990.2;;22.3;22.3;22.7;22.2;22.7;22.2;100.0;100.0;100.0;194.0;0.9;0.3
2023/11/28;0800 UTC;0.0;990.7;990.7;990.3;;22.0;22.0;22.5;22.0;22.4;22.0;100.0;100.0;100.0;131.0;1.1;0.6
2023/11/28;0900 UTC;0.0;991.5;991.5;990.7;7.1;21.8;21.8;22.0;21.6;22.0;21.6;100.0;100.0;100.0;341.0;0.8;0.3
2023/11/28;1000 UTC;0.0;992.4;992.4;991.5;353.5;25.2;24.0;25.2;21.8;24.3;21.8;100.0;93.0;93.0;130.0;1.3;0.2
2023/11/28;1100 UTC;0.0;993.2;993.2;992.4;1134.1;27.2;23.6;27.9;25.2;24.4;23.5;93.0;80.0;81.0;63.0;1.9;0.6
2023/11/28;1200 UTC;0.0;993.4;993.5;993.2;1908.1;29.1;23.8;29.3;27.0;25.1;23.6;84.0;73.0;73.0;239.0;2.2;1.0
2023/11/28;1300 UTC;0.0;993.4;993.5;993.4;2629.7;31.3;24.3;31.4;29.0;25.9;23.9;76.0;66.0;66.0;263.0;2.6;0.9
2023/11/28;1400 UTC;0.0;992.7;993.4;992.7;3222.6;32.4;25.5;32.6;30.9;25.6;23.4;70.0;61.0;67.0;335.0;4.0;1.2
2023/11/28;1500 UTC;0.0;992.1;992.7;992.1;3645.0;32.9;24.5;33.2;32.0;25.3;23.1;67.0;57.0;61.0;234.0;4.5;1.6
2023/11/28;1600 UTC;0.0;991.1;992.1;991.1;3855.3;34.0;23.4;34.4;32.9;25.6;22.7;62.0;52.0;54.0;128.0;5.5;1.8
2023/11/28;1700 UTC;0.0;989.9;991.1;989.9;3421.5;34.5;23.9;35.0;33.4;25.0;22.6;57.0;52.0;54.0;111.0;5.5;1.2
2023/11/28;1800 UTC;0.0;988.9;989.9;988.9;2637.7;34.9;23.4;35.3;33.6;24.7;22.4;60.0;49.0;51.0;24.0;4.0;0.8
2023/11/28;1900 UTC;0.0;987.9;988.9;987.9;2036.8;34.9;21.5;35.1;34.2;23.7;20.7;53.0;44.0;46.0;92.0;4.2;1.5
2023/11/28;2000 UTC;0.0;987.4;987.9;987.4;1213.5;35.3;21.9;35.4;34.4;23.2;20.9;52.0;43.0;46.0;87.0;4.0;0.6
2023/11/28;2100 UTC;0.0;987.1;987.4;987.0;420.9;31.1;25.1;35.3;31.1;26.1;21.3;74.0;46.0;71.0;92.0;2.6;0.5
2023/11/28;2200 UTC;0.0;987.4;987.4;987.1;33.7;28.2;23.9;31.2;28.1;25.7;22.6;79.0;61.0;77.0;62.0;3.9;0.9
2023/11/28;2300 UTC;;;;;;;;;;;;;;;;;
2023/11/29;0000 UTC;;;;;;;;;;;;;;;;;
2023/11/29;0100 UTC;;;;;;;;;;;;;;;;;
2023/11/29;0200 UTC;0.0;989.2;989.2;988.8;;23.7;23.3;24.5;23.7;23.8;23.3;98.0;96.0;98.0;19.0;2.2;0.2
2023/11/29;0300 UTC;;;;;;;;;;;;;;;;;
2023/11/29;0400 UTC;0.0;988.8;989.4;988.8;;23.0;22.8;23.4;22.9;23.0;22.5;99.0;97.0;99.0;324.0;1.7;0.5
2023/11/29;0500 UTC;0.0;988.1;988.8;988.1;;22.4;22.4;23.0;22.3;22.8;22.2;100.0;98.0;100.0;330.0;1.0;0.5
2023/11/29;0600 UTC;0.0;987.9;988.1;987.8;;22.3;22.2;22.8;22.0;22.8;22.0;100.0;99.0;100.0;325.0;1.6;0.7
2023/11/29;0700 UTC;0.0;988.1;988.2;987.9;;22.2;22.1;22.4;22.0;22.3;21.9;100.0;99.0;100.0;203.0;1.6;0.4
2023/11/29;0800 UTC;0.0;988.5;988.5;988.1;;21.8;21.7;22.2;21.7;22.1;21.7;100.0;99.0;100.0;107.0;1.0;0.3
2023/11/29;0900 UTC;0.0;988.7;988.7;988.4;6.4;21.6;21.6;21.8;21.4;21.8;21.3;100.0;100.0;100.0;274.0;0.9;0.4
2023/11/29;1000 UTC;0.0;989.4;989.4;988.8;289.5;24.1;23.3;24.1;21.6;23.3;21.6;100.0;95.0;95.0;2.0;1.0;0.3
2023/11/29;1100 UTC;0.0;990.4;990.4;989.4;1152.5;27.9;23.2;28.0;24.1;24.1;22.8;96.0;75.0;76.0;341.0;3.6;1.1
2023/11/29;1200 UTC;0.0;991.1;991.1;990.4;1926.9;29.8;24.0;29.9;27.9;24.5;22.8;79.0;68.0;71.0;341.0;4.2;1.9
2023/11/29;1300 UTC;0.0;991.1;991.2;991.0;2639.0;31.5;23.1;31.9;29.8;24.7;22.9;71.0;61.0;61.0;12.0;4.0;1.5
2023/11/29;1400 UTC;0.0;990.5;991.1;990.5;3242.6;33.0;23.8;33.2;31.5;24.5;23.0;64.0;56.0;59.0;20.0;4.0;1.4
2023/11/29;1500 UTC;0.0;989.8;990.5;989.8;3611.5;34.5;23.3;34.8;33.0;25.6;22.0;62.0;48.0;52.0;25.0;3.1;1.4
2023/11/29;1600 UTC;0.0;989.0;989.8;989.0;3047.3;34.4;21.0;35.7;33.9;23.7;21.0;54.0;46.0;46.0;329.0;4.6;1.1
2023/11/29;1700 UTC;0.0;987.7;989.0;987.7;3448.9;35.8;22.3;36.2;34.2;23.2;20.8;50.0;41.0;46.0;1.0;3.9;1.5
2023/11/29;1800 UTC;0.0;986.6;987.7;986.6;2679.2;35.2;21.9;36.1;35.0;23.4;20.7;50.0;41.0;46.0;119.0;3.9;1.9
2023/11/29;1900 UTC;0.0;986.0;986.6;986.0;2130.3;35.5;21.7;36.4;35.1;22.8;20.8;48.0;42.0;45.0;100.0;3.4;2.0
2023/11/29;2000 UTC;0.0;986.1;986.4;986.0;895.2;33.8;23.5;36.3;33.3;25.9;21.1;65.0;43.0;55.0;327.0;3.6;1.3
2023/11/29;2100 UTC;0.0;986.3;986.3;985.9;481.4;30.7;23.5;34.1;30.7;25.0;23.2;66.0;54.0;65.0;102.0;5.6;2.0
2023/11/29;2200 UTC;0.0;987.0;987.0;986.3;35.6;27.1;24.1;30.7;27.1;24.4;23.2;85.0;65.0;84.0;97.0;4.6;1.4
2023/11/29;2300 UTC;;;;;;;;;;;;;;;;;
2023/11/30;0000 UTC;0.0;988.6;988.6;987.8;;25.1;23.6;26.0;25.0;24.1;23.5;93.0;88.0;91.0;45.0;1.7;0.6
2023/11/30;0100 UTC;0.0;989.2;989.2;988.6;;24.7;23.7;25.4;24.7;23.8;23.4;94.0;90.0;94.0;6.0;2.2;0.5
2023/11/30;0200 UTC;;;;;;;;;;;;;;;;;
2023/11/30;0300 UTC;;;;;;;;;;;;;;;;;
2023/11/30;0400 UTC;;;;;;;;;;;;;;;;;
2023/11/30;0500 UTC;0.0;987.8;988.4;987.7;;23.8;23.2;24.0;23.4;23.5;23.0;98.0;96.0;96.0;353.0;2.3;0.6
2023/11/30;0600 UTC;0.0;987.5;987.8;987.5;;23.2;22.9;23.8;23.2;23.3;22.8;98.0;96.0;98.0;45.0;2.0;0.6
2023/11/30;0700 UTC;0.0;987.7;987.7;987.5;;22.8;22.7;23.2;22.8;22.9;22.6;99.0;98.0;99.0;22.0;1.4;0.4
2023/11/30;0800 UTC;0.0;988.2;988.2;987.7;;22.8;22.7;23.0;22.8;23.0;22.7;100.0;99.0;99.0;174.0;1.0;0.3
2023/11/30;0900 UTC;0.0;988.8;988.8;988.2;4.0;22.7;22.6;22.8;22.6;22.8;22.4;100.0;99.0;100.0;84.0;0.9;0.4
2023/11/30;1000 UTC;0.0;989.9;989.9;988.8;177.3;24.3;23.9;24.3;22.6;23.9;22.6;100.0;98.0;98.0;331.0;1.0;0.4
2023/11/30;1100 UTC;0.0;990.7;990.7;989.9;974.9;27.2;24.2;27.6;24.3;24.7;23.7;98.0;81.0;84.0;149.0;4.0;2.0
2023/11/30;1200 UTC;0.0;991.4;991.4;990.7;944.2;28.7;24.2;28.7;27.2;25.1;23.8;86.0;77.0;77.0;122.0;6.4;2.5
2023/11/30;1300 UTC;0.0;992.3;992.3;991.3;1592.3;27.6;23.3;29.5;27.4;24.3;22.8;78.0;71.0;77.0;150.0;7.4;2.9
2023/11/30;1400 UTC;0.0;991.3;992.3;991.3;1875.0;28.5;23.3;28.7;27.5;23.9;22.7;79.0;71.0;74.0;114.0;6.6;2.6
2023/11/30;1500 UTC;0.0;990.4;991.3;990.4;2648.8;29.6;22.8;30.5;28.5;24.3;22.5;74.0;64.0;67.0;68.0;6.3;1.6
2023/11/30;1600 UTC;0.0;989.4;990.4;989.4;2979.4;31.6;23.2;31.6;29.5;24.3;22.5;70.0;61.0;61.0;13.0;3.6;1.4
2023/11/30;1700 UTC;0.0;988.9;989.5;988.9;2339.3;31.7;24.3;32.0;31.1;24.7;22.7;68.0;59.0;65.0;348.0;4.6;2.6
2023/11/30;1800 UTC;0.0;987.8;988.9;987.8;2898.9;33.0;23.2;33.2;31.7;24.2;22.4;66.0;55.0;56.0;30.0;5.1;1.0
2023/11/30;1900 UTC;0.0;986.9;987.8;986.9;2003.8;33.2;24.0;33.7;32.9;24.0;22.8;59.0;54.0;59.0;14.0;6.1;1.0
2023/11/30;2000 UTC;0.0;986.9;987.0;986.8;1178.9;33.0;23.4;33.5;32.4;24.6;22.9;61.0;55.0;57.0;321.0;4.3;1.2
2023/11/30;2100 UTC;0.0;987.0;987.2;986.9;385.7;30.9;25.1;33.7;30.9;25.4;22.8;72.0;54.0;71.0;4.0;2.8;0.8
2023/11/30;2200 UTC;0.0;987.3;987.4;986.9;7.6;27.6;25.0;30.9;27.6;26.0;24.6;87.0;68.0;86.0;353.0;1.8;0.7
2023/11/30;2300 UTC;0.0;988.1;988.1;987.2;;26.3;24.5;27.6;26.3;25.0;24.2;91.0;83.0;90.0;346.0;1.7;0.6
2023/12/01;0000 UTC;0.0;988.3;988.6;988.1;;26.3;23.8;26.9;25.8;24.9;23.7;92.0;85.0;86.0;327.0;2.4;1.5
2023/12/01;0100 UTC;0.0;989.2;989.2;988.3;;25.3;23.7;26.3;25.3;23.8;23.5;91.0;86.0;91.0;357.0;2.4;0.6
2023/12/01;0200 UTC;0.0;989.6;989.7;989.1;;25.9;24.0;25.9;25.0;24.3;23.7;93.0;88.0;89.0;231.0;2.7;0.9
2023/12/01;0300 UTC;0.0;989.4;989.6;989.2;;25.8;24.0;26.2;25.7;24.1;23.9;90.0;88.0;90.0;277.0;2.7;1.3
2023/12/01;0400 UTC;0.0;988.8;989.4;988.8;;25.2;23.7;25.8;25.2;24.0;23.7;92.0;90.0;91.0;257.0;3.2;0.7
2023/12/01;0500 UTC;0.0;988.7;988.9;988.7;;24.6;23.0;25.2;24.6;23.7;23.0;92.0;90.0;91.0;204.0;2.1;0.6
2023/12/01;0600 UTC;0.0;988.9;988.9;988.7;;23.9;23.0;24.5;23.9;23.0;22.9;95.0;91.0;95.0;176.0;1.8;0.5
2023/12/01;0700 UTC;0.0;988.8;988.9;988.7;;23.6;22.7;23.9;23.6;23.2;22.7;96.0;94.0;95.0;275.0;1.5;0.7
2023/12/01;0800 UTC;0.0;989.2;989.2;988.7;;23.0;22.8;23.6;23.0;22.9;22.5;99.0;95.0;99.0;74.0;1.1;0.5
2023/12/01;0900 UTC;0.0;989.9;989.9;989.2;6.8;23.2;23.0;23.2;22.8;23.0;22.7;99.0;99.0;99.0;136.0;1.1;0.7
2023/12/01;1000 UTC;0.0;990.7;990.7;989.9;228.8;24.5;23.5;24.5;23.0;23.5;22.8;99.0;94.0;94.0;96.0;1.2;0.6
2023/12/01;1100 UTC;0.0;991.6;991.6;990.7;921.3;26.9;23.6;26.9;24.5;24.1;23.2;94.0;82.0;82.0;201.0;2.8;1.1
2023/12/01;1200 UTC;0.0;992.1;992.1;991.6;1500.1;28.9;24.1;28.9;26.7;24.2;23.2;83.0;75.0;75.0;232.0;3.1;1.2
2023/12/01;1300 UTC;0.0;992.6;992.7;992.1;2055.0;28.6;23.6;29.6;28.2;24.7;23.3;78.0;71.0;75.0;188.0;6.0;3.0
2023/12/01;1400 UTC;0.0;992.0;992.6;992.0;2443.4;30.2;23.7;30.6;28.6;25.0;22.5;76.0;67.0;68.0;171.0;5.7;3.0
2023/12/01;1500 UTC;0.0;990.9;992.0;990.9;3573.5;32.5;23.2;32.5;30.2;24.3;22.0;69.0;56.0;58.0;189.0;5.4;2.0
2023/12/01;1600 UTC;0.0;989.7;990.9;989.7;1993.4;31.1;23.1;32.7;31.1;23.4;22.1;63.0;56.0;62.0;179.0;5.4;2.0
2023/12/01;1700 UTC;0.0;989.0;989.7;989.0;2677.1;32.2;22.7;32.8;30.8;25.0;22.7;69.0;57.0;57.0;182.0;6.4;2.9
2023/12/01;1800 UTC;0.0;987.6;989.0;987.6;2362.0;33.3;22.6;33.7;32.2;23.8;21.9;58.0;52.0;54.0;135.0;4.9;1.6
2023/12/01;1900 UTC;0.0;987.9;988.1;987.6;1874.1;33.0;22.9;34.0;33.0;23.9;22.1;58.0;52.0;55.0;116.0;4.4;1.2
2023/12/01;2000 UTC;0.0;987.4;987.9;987.4;1150.7;33.7;23.0;33.7;32.9;24.3;22.3;60.0;53.0;54.0;134.0;2.5;0.7
2023/12/01;2100 UTC;0.0;987.2;988.3;987.1;499.1;30.3;26.2;34.2;30.3;26.4;22.5;79.0;52.0;79.0;110.0;2.0;1.0
2023/12/01;2200 UTC;0.0;987.3;987.3;987.0;35.3;27.9;23.6;30.3;27.9;26.2;23.5;81.0;71.0;77.0;352.0;4.7;1.0
2023/12/01;2300 UTC;0.0;988.8;988.8;987.3;;26.8;23.3;27.9;26.8;24.0;23.3;84.0;77.0;81.0;332.0;3.0;1.9
2023/12/02;0000 UTC;;;;;;;;;;;;;;;;;
2023/12/02;0100 UTC;;;;;;;;;;;;;;;;;
2023/12/02;0200 UTC;0.0;989.1;989.4;989.1;;24.1;23.2;24.5;23.9;23.4;23.1;96.0;93.0;95.0;211.0;1.6;0.4
2023/12/02;0300 UTC;0.0;988.9;989.1;988.7;;23.5;23.0;24.1;23.4;23.4;22.9;98.0;95.0;97.0;347.0;1.8;0.4
2023/12/02;0400 UTC;0.0;989.0;989.1;988.8;;23.8;23.3;23.8;23.2;23.4;22.8;99.0;97.0;97.0;275.0;1.8;0.7
2023/12/02;0500 UTC;0.0;989.0;989.1;988.9;;23.6;22.5;23.8;23.3;23.1;22.5;98.0;94.0;94.0;324.0;2.8;1.0
2023/12/02;0600 UTC;;;;;;;;;;;;;;;;;
2023/12/02;0700 UTC;0.0;988.8;988.8;988.5;;22.5;22.3;22.8;22.5;22.6;22.3;99.0;98.0;99.0;113.0;1.7;0.3
2023/12/02;0800 UTC;0.0;988.7;988.9;988.7;;22.5;22.2;22.8;22.5;22.6;22.2;99.0;98.0;98.0;189.0;1.6;0.6
2023/12/02;0900 UTC;0.0;989.4;989.4;988.7;5.6;22.0;21.9;22.7;22.0;22.5;21.9;99.0;98.0;99.0;182.0;1.2;0.5
2023/12/02;1000 UTC;0.0;990.4;990.4;989.4;312.1;24.8;22.8;24.8;22.0;23.0;21.9;100.0;87.0;88.0;173.0;1.6;1.0
2023/12/02;1100 UTC;0.0;991.0;991.0;990.4;1051.6;27.6;23.3;27.6;24.8;23.8;22.4;89.0;78.0;78.0;335.0;2.7;1.2
2023/12/02;1200 UTC;0.0;991.5;991.5;991.0;1815.4;30.0;24.0;30.6;27.5;24.6;23.1;78.0;68.0;70.0;360.0;4.5;1.5
2023/12/02;1300 UTC;0.0;991.4;991.7;991.4;2565.1;31.8;23.9;32.5;29.9;24.7;23.4;71.0;61.0;63.0;321.0;4.5;1.6
2023/12/02;1400 UTC;0.0;990.7;991.5;990.7;3127.2;33.5;23.1;33.8;31.7;25.5;23.1;66.0;54.0;55.0;244.0;3.6;1.4
2023/12/02;1500 UTC;0.0;989.7;990.7;989.7;3448.3;34.9;23.0;35.2;33.3;25.3;22.3;61.0;49.0;50.0;267.0;4.8;2.1
2023/12/02;1600 UTC;0.0;988.3;989.7;988.3;3224.5;35.0;21.7;36.3;34.5;23.7;21.7;51.0;46.0;46.0;42.0;4.8;1.0
2023/12/02;1700 UTC;0.0;986.9;988.3;986.9;2974.4;35.6;21.4;36.4;34.5;23.7;21.4;54.0;43.0;44.0;264.0;5.2;1.7
2023/12/02;1800 UTC;0.0;986.3;987.0;986.3;2573.0;35.7;22.3;36.5;34.3;23.5;21.4;52.0;43.0;46.0;286.0;4.6;2.0
2023/12/02;1900 UTC;0.0;985.8;986.3;985.6;1724.2;33.4;23.0;36.7;33.4;23.6;21.4;56.0;42.0;55.0;116.0;4.7;2.0
2023/12/02;2000 UTC;0.0;986.4;986.5;985.8;517.7;31.5;23.7;33.6;31.5;24.4;22.9;63.0;55.0;63.0;191.0;4.2;2.3
2023/12/02;2100 UTC;0.0;988.7;988.7;986.2;121.8;26.3;22.2;31.5;26.3;23.9;22.2;78.0;63.0;78.0;336.0;11.5;4.7
2023/12/02;2200 UTC;0.0;988.7;989.6;988.7;;23.2;21.1;26.3;23.1;22.3;20.9;88.0;78.0;88.0;17.0;12.1;1.3
2023/12/02;2300 UTC;0.0;988.2;988.7;988.0;;23.6;22.2;23.8;23.0;22.4;20.9;95.0;86.0;91.0;139.0;3.6;0.8
2023/12/03;0000 UTC;0.0;988.7;988.7;988.0;;23.6;22.3;23.9;23.3;22.4;22.0;94.0;91.0;93.0;76.0;2.3;1.5
2023/12/03;0100 UTC;0.0;989.3;989.3;988.7;;23.8;22.0;24.1;23.5;22.4;22.0;93.0;89.0;90.0;238.0;3.5;1.2
2023/12/03;0200 UTC;0.0;989.1;989.6;989.1;;23.2;21.6;23.7;23.2;22.2;21.6;93.0;90.0;91.0;274.0;4.0;1.1
2023/12/03;0300 UTC;0.0;989.0;989.1;988.9;;22.9;21.7;23.4;22.6;21.8;21.6;95.0;90.0;93.0;308.0;2.5;1.1
2023/12/03;0400 UTC;0.0;988.3;989.0;988.3;;22.3;21.8;23.0;22.3;21.9;21.7;97.0;93.0;97.0;121.0;2.2;0.4
2023/12/03;0500 UTC;0.0;988.0;988.5;988.0;;22.3;22.0;22.3;22.0;22.0;21.7;99.0;97.0;98.0;320.0;2.2;0.9
2023/12/03;0600 UTC;0.0;988.4;988.4;987.9;;22.1;21.8;22.3;21.9;22.1;21.7;99.0;98.0;98.0;346.0;1.9;1.1
2023/12/03;0700 UTC;0.0;988.7;988.8;988.4;;21.9;21.7;22.2;21.7;22.1;21.6;100.0;98.0;99.0;342.0;1.9;0.4
2023/12/03;0800 UTC;0.0;988.9;988.9;988.7;;21.7;21.7;22.0;21.6;21.8;21.5;100.0;99.0;100.0;6.0;1.6;0.4
2023/12/03;0900 UTC;0.0;989.5;989.5;988.9;5.2;21.9;21.7;22.1;21.6;22.1;21.5;100.0;99.0;99.0;284.0;1.4;0.5
2023/12/03;1000 UTC;0.0;989.6;989.8;989.5;229.1;23.3;22.6;23.3;21.8;22.6;21.7;100.0;96.0;96.0;177.0;2.2;1.0
2023/12/03;1100 UTC;0.0;989.7;989.7;989.5;1003.5;27.6;23.2;27.6;23.3;23.6;22.6;96.0;77.0;77.0;313.0;2.5;1.2
2023/12/03;1200 UTC;0.0;990.2;990.2;989.7;1760.9;29.9;24.5;30.0;27.6;24.7;23.0;78.0;72.0;73.0;300.0;4.5;2.2
2023/12/03;1300 UTC;0.0;990.7;990.7;990.2;2386.4;30.8;24.0;31.1;29.0;25.1;23.4;75.0;67.0;67.0;346.0;5.1;1.6
2023/12/03;1400 UTC;0.0;990.3;990.7;990.3;3213.1;32.4;24.2;32.6;30.6;25.2;23.8;71.0;61.0;62.0;301.0;3.8;2.1
2023/12/03;1500 UTC;0.0;988.8;990.3;988.5;3279.9;32.7;24.1;33.9;32.2;25.4;23.5;66.0;58.0;61.0;297.0;8.9;2.9
2023/12/03;1600 UTC;0.0;988.0;988.9;987.9;457.0;25.4;23.4;32.7;25.4;23.4;21.1;89.0;58.0;89.0;166.0;11.7;1.4
2023/12/03;1700 UTC;0.4;987.2;988.0;986.8;2042.7;29.8;24.1;30.0;25.4;25.4;23.3;94.0;71.0;72.0;306.0;4.5;1.7
2023/12/03;1800 UTC;0.0;987.1;987.5;986.9;2366.7;31.0;24.1;31.4;29.3;25.3;22.4;74.0;64.0;67.0;17.0;4.9;1.9
2023/12/03;1900 UTC;0.0;987.1;987.7;987.1;720.6;27.8;23.4;31.0;27.3;24.7;22.7;78.0;66.0;77.0;32.0;8.0;1.2
2023/12/03;2000 UTC;0.0;987.4;987.5;986.7;323.5;26.5;23.5;28.1;26.5;23.8;22.9;84.0;76.0;84.0;34.0;4.6;0.5
2023/12/03;2100 UTC;0.0;989.8;989.8;987.3;16.5;26.3;23.8;27.2;26.2;23.9;23.3;87.0;82.0;86.0;145.0;5.3;2.0
2023/12/03;2200 UTC;0.6;990.6;990.6;989.7;;24.7;23.7;26.3;24.7;23.9;23.4;94.0;85.0;94.0;35.0;3.8;0.5
2023/12/03;2300 UTC;;;;;;;;;;;;;;;;;
2023/12/04;0000 UTC;;;;;;;;;;;;;;;;;
2023/12/04;0100 UTC;0.0;992.7;992.7;991.3;;24.0;23.4;24.1;23.8;23.8;23.3;98.0;96.0;97.0;309.0;4.3;1.9
2023/12/04;0200 UTC;;;;;;;;;;;;;;;;;
2023/12/04;0300 UTC;0.2;992.0;992.6;992.0;;22.2;21.9;23.1;22.2;22.1;21.6;99.0;92.0;98.0;47.0;4.8;0.5
2023/12/04;0400 UTC;0.0;991.3;992.0;991.2;;22.3;21.7;22.6;22.2;22.1;21.6;98.0;95.0;97.0;241.0;1.9;0.8
2023/12/04;0500 UTC;0.0;991.0;991.3;991.0;;22.3;21.8;22.4;22.2;21.8;21.6;97.0;96.0;97.0;239.0;2.3;0.8
2023/12/04;0600 UTC;0.0;990.2;991.0;990.2;;22.1;21.7;22.4;22.0;21.9;21.6;98.0;97.0;98.0;191.0;2.3;1.1
2023/12/04;0700 UTC;0.0;990.5;990.8;990.1;;21.9;21.7;22.1;21.6;21.7;21.4;99.0;98.0;99.0;264.0;2.2;0.8
2023/12/04;0800 UTC;0.0;990.7;990.7;990.4;;21.3;21.3;22.0;21.3;21.7;21.3;100.0;98.0;100.0;79.0;2.1;0.5
2023/12/04;0900 UTC;0.0;991.3;991.3;990.7;1.8;21.3;21.3;21.4;21.3;21.4;21.3;100.0;100.0;100.0;74.0;2.1;0.3
2023/12/04;1000 UTC;0.0;991.7;991.7;991.3;204.2;22.4;22.1;22.4;21.3;22.3;21.3;100.0;98.0;98.0;142.0;1.4;0.5
2023/12/04;1100 UTC;0.0;992.5;992.5;991.7;555.5;23.2;21.8;23.3;22.4;22.5;21.7;98.0;91.0;92.0;163.0;2.1;1.4
2023/12/04;1200 UTC;0.0;993.0;993.0;992.5;1372.2;25.0;22.2;25.0;23.2;22.8;21.4;93.0;83.0;84.0;33.0;2.3;0.7
2023/12/04;1300 UTC;0.0;992.9;993.0;992.9;2269.8;26.6;23.0;26.8;24.8;23.1;21.6;87.0;77.0;81.0;62.0;2.8;0.9
2023/12/04;1400 UTC;0.0;992.8;993.1;992.8;3190.3;28.9;23.1;29.0;26.7;23.9;22.5;83.0;71.0;71.0;117.0;3.2;1.1
2023/12/04;1500 UTC;0.0;992.8;992.9;992.8;3226.6;29.8;22.2;30.5;28.7;24.3;22.2;75.0;62.0;63.0;313.0;4.7;2.4
2023/12/04;1600 UTC;0.0;992.2;992.8;992.2;2719.2;29.9;23.5;30.8;29.2;23.5;22.1;69.0;62.0;69.0;316.0;6.5;2.8
2023/12/04;1700 UTC;0.0;991.1;992.2;991.1;3261.0;30.8;22.0;31.3;29.1;23.4;21.6;70.0;58.0;60.0;311.0;8.3;3.4
2023/12/04;1800 UTC;0.0;990.6;991.3;990.6;1375.6;29.7;21.4;31.0;29.3;22.7;21.2;65.0;59.0;61.0;289.0;7.7;3.4
2023/12/04;1900 UTC;0.0;989.5;990.6;989.5;1574.4;29.6;21.5;30.9;29.5;23.1;21.1;65.0;59.0;62.0;320.0;6.0;2.0
2023/12/04;2000 UTC;0.0;989.3;989.5;989.1;1202.5;30.4;22.0;30.9;29.6;22.8;21.6;65.0;59.0;61.0;309.0;5.0;1.7
2023/12/04;2100 UTC;0.0;989.5;989.6;989.1;445.7;28.1;21.2;31.1;28.1;22.9;21.0;66.0;58.0;66.0;352.0;5.5;1.5
2023/12/04;2200 UTC;0.0;990.8;990.8;989.4;19.4;25.3;21.5;28.1;25.3;21.5;20.9;79.0;66.0;79.0;4.0;3.1;0.8
2023/12/04;2300 UTC;0.0;991.7;991.7;990.7;;23.6;21.6;25.3;23.5;22.0;21.3;90.0;79.0;88.0;51.0;1.7;0.6
2023/12/05;0000 UTC;;;;;;;;;;;;;;;;;
2023/12/05;0100 UTC;0.0;992.0;993.0;992.0;;24.4;20.6;25.2;24.4;21.6;20.6;82.0;79.0;80.0;131.0;6.4;1.4
2023/12/05;0200 UTC;0.0;991.7;992.0;991.6;;23.7;20.8;24.4;23.7;20.9;20.6;84.0;80.0;84.0;209.0;3.3;0.6
2023/12/05;0300 UTC;0.0;992.4;992.5;991.7;;22.4;20.9;23.7;22.4;21.0;20.7;91.0;84.0;91.0;42.0;2.5;1.0
2023/12/05;0400 UTC;0.0;992.6;992.7;992.4;;22.2;21.0;22.5;22.2;21.0;20.9;93.0;91.0;92.0;3.0;2.4;1.0
2023/12/05;0500 UTC;0.0;991.3;992.6;991.3;;22.4;21.0;22.8;22.2;21.1;20.9;92.0;90.0;92.0;195.0;2.7;0.8
2023/12/05;0600 UTC;0.0;991.4;991.5;991.3;;22.1;21.1;22.4;22.0;21.2;20.9;94.0;92.0;94.0;157.0;2.7;0.7
2023/12/05;0700 UTC;0.0;991.3;991.4;991.1;;21.8;21.2;22.1;21.7;21.3;21.1;97.0;94.0;96.0;232.0;2.2;0.9
2023/12/05;0800 UTC;0.0;991.8;991.8;991.3;;21.6;21.3;22.0;21.4;21.3;21.0;99.0;95.0;99.0;154.0;2.7;0.8
2023/12/05;0900 UTC;0.0;992.5;992.5;991.8;1.5;21.5;21.3;21.6;21.4;21.4;21.1;99.0;98.0;99.0;155.0;1.6;0.7
2023/12/05;1000 UTC;0.0;993.2;993.2;992.5;132.2;22.3;21.7;22.3;21.5;21.8;21.3;99.0;96.0;96.0;352.0;1.6;0.4
2023/12/05;1100 UTC;0.0;993.9;993.9;993.2;365.8;23.7;22.1;23.7;22.3;22.3;21.5;96.0;91.0;91.0;187.0;2.0;1.1
2023/12/05;1200 UTC;0.0;994.2;994.2;993.9;958.0;25.5;22.1;25.5;23.7;22.6;21.9;91.0;81.0;82.0;177.0;3.5;1.7
2023/12/05;1300 UTC;0.0;994.5;994.6;994.2;1613.8;27.0;21.7;27.5;25.4;22.7;21.4;83.0;72.0;73.0;142.0;3.4;1.6
2023/12/05;1400 UTC;0.0;993.8;994.5;993.8;2543.0;29.4;22.4;29.4;27.0;23.0;21.2;75.0;65.0;66.0;240.0;3.5;1.3
2023/12/05;1500 UTC;0.0;993.3;993.8;993.3;3213.1;30.6;23.2;31.0;29.2;23.4;21.8;67.0;62.0;65.0;169.0;5.8;1.9
2023/12/05;1600 UTC;0.0;992.3;993.3;992.3;3259.4;32.0;22.3;32.2;30.0;23.5;21.0;67.0;54.0;57.0;109.0;5.1;1.7
2023/12/05;1700 UTC;0.0;991.2;992.3;991.2;3306.6;32.6;21.1;32.9;31.7;22.4;20.9;57.0;50.0;51.0;173.0;4.5;2.2
2023/12/05;1800 UTC;0.0;989.9;991.2;989.9;2399.1;33.4;22.0;33.8;32.2;22.8;20.4;55.0;48.0;51.0;220.0;4.5;1.6
2023/12/05;1900 UTC;0.0;989.1;989.9;989.1;1340.5;32.2;22.0;33.5;32.0;22.6;21.1;55.0;51.0;55.0;212.0;4.3;1.4
2023/12/05;2000 UTC;0.0;988.9;989.1;988.9;651.8;30.7;22.2;32.2;30.7;22.8;21.9;61.0;55.0;61.0;189.0;3.8;1.7
2023/12/05;2100 UTC;0.0;989.0;989.0;988.8;213.9;29.1;22.8;30.7;29.1;22.8;22.1;69.0;61.0;69.0;177.0;3.3;1.0
2023/12/05;2200 UTC;0.0;989.0;989.1;988.9;28.3;26.3;23.3;29.1;26.3;23.5;22.9;84.0;69.0;84.0;212.0;2.1;0.4
2023/12/05;2300 UTC;0.0;989.2;989.2;989.0;;25.1;23.1;26.3;25.1;23.5;23.1;89.0;84.0;89.0;174.0;1.0;0.3
2023/12/06;0000 UTC;;;;;;;;;;;;;;;;;
2023/12/06;0100 UTC;;;;;;;;;;;;;;;;;
2023/12/06;0200 UTC;0.0;990.3;990.4;990.1;;23.2;22.3;23.6;23.1;22.7;22.3;96.0;94.0;95.0;176.0;1.0;0.2
2023/12/06;0300 UTC;0.0;989.7;990.3;989.7;;22.9;21.9;23.5;22.9;22.3;21.8;95.0;91.0;94.0;149.0;1.7;0.1
2023/12/06;0400 UTC;0.0;989.1;989.7;989.1;;22.2;21.8;22.9;22.2;22.0;21.8;97.0;94.0;97.0;145.0;0.9;0.3
2023/12/06;0500 UTC;0.0;988.5;989.1;988.5;;21.8;21.5;22.2;21.8;21.8;21.4;98.0;97.0;98.0;136.0;1.0;0.6
2023/12/06;0600 UTC;0.0;988.1;988.5;988.1;;21.7;21.3;21.9;21.7;21.5;21.3;98.0;98.0;98.0;180.0;1.3;0.4
2023/12/06;0700 UTC;0.0;988.5;988.5;988.0;;21.5;21.2;21.7;21.4;21.4;21.1;99.0;97.0;98.0;183.0;0.8;0.5
2023/12/06;0800 UTC;0.0;988.4;988.5;988.4;;21.4;21.2;21.6;21.4;21.3;21.1;99.0;98.0;99.0;170.0;1.0;0.3
2023/12/06;0900 UTC;0.0;988.9;988.9;988.3;5.0;21.5;21.2;21.5;21.2;21.2;21.0;99.0;98.0;98.0;194.0;1.2;0.6
2023/12/06;1000 UTC;0.0;989.5;989.5;988.9;327.9;25.3;21.9;25.5;21.5;22.2;21.1;98.0;81.0;81.0;145.0;2.2;1.3
2023/12/06;1100 UTC;0.0;990.1;990.1;989.5;1112.0;27.9;23.2;28.3;25.3;23.9;22.1;82.0;75.0;76.0;154.0;4.9;2.5
2023/12/06;1200 UTC;0.0;990.5;990.5;990.1;1866.5;30.6;23.6;30.6;27.8;24.3;23.2;77.0;66.0;66.0;140.0;5.8;3.3
2023/12/06;1300 UTC;0.0;990.6;990.7;990.5;2541.0;32.5;23.3;32.7;30.5;24.1;22.9;66.0;57.0;58.0;140.0;5.8;3.0
2023/12/06;1400 UTC;0.0;990.1;990.6;990.1;3089.2;34.2;21.9;34.4;32.5;23.6;21.2;59.0;47.0;49.0;137.0;6.9;3.1
2023/12/06;1500 UTC;0.0;989.5;990.1;989.5;3460.4;35.5;20.4;35.6;34.3;22.8;20.4;49.0;42.0;42.0;118.0;7.6;3.9
2023/12/06;1600 UTC;0.0;988.7;989.5;988.7;3297.0;35.5;20.5;36.9;35.3;21.4;19.4;42.0;39.0;42.0;135.0;7.3;3.1
2023/12/06;1700 UTC;0.0;987.7;988.7;987.7;3287.8;37.0;21.3;37.4;35.5;21.7;20.3;42.0;39.0;40.0;156.0;7.2;3.4
2023/12/06;1800 UTC;0.0;986.9;987.7;986.9;2395.3;36.1;21.0;37.7;36.1;22.1;20.1;42.0;37.0;41.0;116.0;6.7;2.3
2023/12/06;1900 UTC;0.0;986.3;987.0;986.3;1864.4;36.9;20.5;37.5;35.9;21.7;19.7;43.0;38.0;39.0;135.0;5.8;3.3
2023/12/06;2000 UTC;0.0;985.7;986.3;985.7;1299.1;36.4;20.8;37.3;36.2;21.1;20.1;41.0;38.0;40.0;135.0;5.9;2.0
2023/12/06;2100 UTC;0.0;985.7;985.8;985.7;444.7;34.4;22.9;36.5;34.4;22.9;20.4;52.0;39.0;52.0;133.0;3.9;1.0
2023/12/06;2200 UTC;0.0;986.3;986.3;985.7;44.2;29.1;24.4;34.4;29.1;24.7;22.5;76.0;51.0;76.0;111.0;2.0;0.3
2023/12/06;2300 UTC;0.0;986.7;986.7;986.3;;27.2;24.3;29.1;27.2;24.7;23.6;84.0;75.0;84.0;281.0;0.6;0.3
2023/12/07;0000 UTC;;;;;;;;;;;;;;;;;
2023/12/07;0100 UTC;0.0;987.6;987.7;987.2;;25.7;24.1;26.4;25.7;24.2;23.8;91.0;87.0;91.0;168.0;1.0;0.7
2023/12/07;0200 UTC;;;;;;;;;;;;;;;;;
2023/12/07;0300 UTC;0.0;987.1;987.8;987.1;;25.0;24.1;25.4;24.9;24.3;24.0;96.0;93.0;95.0;104.0;0.8;0.1
2023/12/07;0400 UTC;0.0;986.6;987.1;986.6;;24.6;24.0;25.0;24.6;24.2;23.9;97.0;95.0;96.0;139.0;0.5;0.1
2023/12/07;0500 UTC;0.0;986.1;986.6;986.1;;24.4;23.7;24.6;24.3;24.0;23.6;97.0;96.0;96.0;175.0;0.6;0.3
2023/12/07;0600 UTC;0.0;985.9;986.1;985.9;;23.9;23.4;24.4;23.9;23.7;23.4;98.0;96.0;97.0;14.0;0.6;0.2
2023/12/07;0700 UTC;0.0;986.2;986.2;985.9;;23.7;23.4;24.0;23.6;23.7;23.3;99.0;97.0;99.0;322.0;0.9;0.5
2023/12/07;0800 UTC;0.0;986.6;986.6;986.2;;23.9;23.7;23.9;23.5;23.7;23.3;99.0;98.0;99.0;167.0;0.7;0.1
2023/12/07;0900 UTC;0.0;987.9;987.9;986.6;2.4;25.5;24.0;25.5;23.8;24.4;23.5;100.0;92.0;92.0;21.0;3.9;1.2
2023/12/07;1000 UTC;0.0;989.3;989.3;988.0;153.1;26.1;24.0;26.4;25.5;24.2;23.9;91.0;87.0;88.0;360.0;3.7;1.3
2023/12/07;1100 UTC;0.0;989.7;989.8;989.3;304.8;26.7;24.2;26.7;26.1;24.3;23.7;88.0;86.0;86.0;12.0;3.0;0.8
2023/12/07;1200 UTC;0.0;990.3;990.3;989.7;767.4;28.6;24.8;28.6;26.5;24.8;24.2;88.0;79.0;80.0;33.0;3.1;1.1
2023/12/07;1300 UTC;0.0;990.3;990.5;990.3;1717.2;29.5;24.1;30.7;28.6;24.9;23.8;80.0;69.0;73.0;11.0;5.1;1.5
2023/12/07;1400 UTC;0.0;990.3;990.3;990.0;1221.8;29.8;24.0;30.1;29.1;24.6;23.2;76.0;68.0;71.0;343.0;3.9;1.9
2023/12/07;1500 UTC;0.0;989.9;990.4;989.9;1763.3;30.6;23.8;30.9;29.8;25.0;23.2;73.0;65.0;67.0;347.0;3.9;1.6
2023/12/07;1600 UTC;0.0;989.0;989.9;989.0;1284.7;29.6;24.3;30.6;29.6;25.4;23.8;75.0;67.0;73.0;358.0;3.8;2.0
2023/12/07;1700 UTC;0.0;987.8;989.0;987.8;1349.2;30.5;24.9;30.6;29.6;25.3;24.2;75.0;71.0;72.0;24.0;3.4;1.4
2023/12/07;1800 UTC;0.0;987.2;987.8;987.1;1441.0;31.1;25.1;31.3;30.5;25.5;24.2;73.0;69.0;70.0;1.0;2.9;1.3
2023/12/07;1900 UTC;0.0;986.8;987.2;986.8;1350.1;32.0;25.3;32.0;31.1;25.5;24.5;71.0;67.0;68.0;275.0;3.1;1.6
2023/12/07;2000 UTC;0.0;986.8;986.9;986.7;833.5;30.9;25.4;31.9;30.9;25.7;24.6;74.0;67.0;73.0;344.0;3.5;1.3
2023/12/07;2100 UTC;0.0;987.3;987.3;986.8;339.1;30.3;25.3;31.0;30.1;25.9;24.8;78.0;70.0;75.0;286.0;2.7;1.0
2023/12/07;2200 UTC;0.0;987.4;987.4;987.2;25.8;27.2;25.8;30.3;27.2;26.3;25.1;92.0;74.0;92.0;327.0;1.7;0.7
2023/12/07;2300 UTC;0.0;987.7;987.7;987.4;;26.0;25.4;27.2;26.0;25.8;25.3;96.0;92.0;96.0;340.0;1.0;0.3
2023/12/08;0000 UTC;;;;;;;;;;;;;;;;;
2023/12/08;0100 UTC;;;;;;;;;;;;;;;;;
2023/12/08;0200 UTC;0.0;990.0;990.1;989.7;;25.6;24.7;25.8;25.5;24.9;24.7;96.0;95.0;95.0;316.0;1.5;0.6
2023/12/08;0300 UTC;0.0;989.5;990.1;989.5;;26.1;24.8;26.4;25.5;24.9;24.6;95.0;91.0;93.0;281.0;2.4;0.7
2023/12/08;0400 UTC;0.0;988.8;989.5;988.8;;24.9;24.4;26.1;24.9;24.8;24.4;97.0;93.0;97.0;301.0;2.0;0.6
2023/12/08;0500 UTC;0.0;988.5;988.8;988.5;;25.5;24.9;25.5;24.8;25.0;24.3;98.0;96.0;97.0;278.0;2.5;1.4
2023/12/08;0600 UTC;0.0;988.4;988.5;988.3;;24.8;24.3;25.5;24.8;24.9;24.2;98.0;95.0;97.0;268.0;2.6;0.8
2023/12/08;0700 UTC;0.0;988.5;988.5;988.2;;24.2;24.0;24.8;24.1;24.4;23.9;99.0;96.0;99.0;164.0;1.7;0.5
2023/12/08;0800 UTC;0.0;989.2;989.2;988.5;;24.0;23.9;24.5;23.9;24.5;23.8;100.0;98.0;100.0;353.0;1.5;0.7
2023/12/08;0900 UTC;0.0;989.9;989.9;989.2;1.8;23.7;23.6;24.2;23.7;24.1;23.6;100.0;99.0;99.0;13.0;1.1;0.3
2023/12/08;1000 UTC;0.0;990.8;990.8;989.9;260.6;26.8;24.6;26.8;23.7;24.9;23.7;100.0;88.0;88.0;127.0;1.0;0.3
2023/12/08;1100 UTC;0.0;991.3;991.4;990.8;1045.7;28.3;24.6;28.3;26.4;24.8;23.5;88.0;80.0;81.0;311.0;3.5;1.1
2023/12/08;1200 UTC;0.0;991.8;991.8;991.3;1820.6;30.6;24.7;31.3;28.1;25.3;24.0;81.0;67.0;71.0;266.0;3.0;1.5
2023/12/08;1300 UTC;0.0;991.7;991.9;991.6;2433.4;32.1;23.7;32.9;30.6;25.6;23.7;71.0;61.0;61.0;348.0;5.1;2.1
2023/12/08;1400 UTC;0.0;991.2;991.7;991.2;2652.1;33.2;24.9;33.4;31.8;25.2;23.2;65.0;59.0;62.0;62.0;5.1;1.3
2023/12/08;1500 UTC;0.0;990.4;991.2;990.4;3211.7;35.0;24.1;35.4;32.8;25.4;23.5;62.0;53.0;54.0;8.0;3.4;1.3
2023/12/08;1600 UTC;0.0;989.3;990.4;989.3;2395.9;34.9;24.2;35.4;33.6;25.0;23.4;59.0;53.0;54.0;24.0;4.0;1.1
2023/12/08;1700 UTC;0.0;988.1;989.3;988.1;2807.0;35.3;22.8;37.0;34.3;24.4;22.3;56.0;45.0;49.0;267.0;5.4;1.3
2023/12/08;1800 UTC;0.0;987.8;988.5;987.8;1086.5;29.5;23.3;36.1;29.5;24.2;22.3;69.0;48.0;69.0;21.0;5.8;1.6
2023/12/08;1900 UTC;0.0;987.7;988.0;987.7;437.5;29.3;23.7;30.0;29.3;25.1;23.3;76.0;69.0;72.0;283.0;7.3;3.2
2023/12/08;2000 UTC;0.0;987.5;987.8;987.5;161.8;28.1;23.2;29.3;27.6;23.6;23.0;78.0;72.0;75.0;309.0;7.3;1.3
2023/12/08;2100 UTC;0.0;987.4;987.6;987.3;235.2;28.7;23.4;28.7;27.9;23.6;22.8;78.0;72.0;73.0;57.0;3.4;0.7
2023/12/08;2200 UTC;0.0;987.5;987.6;987.2;77.6;27.0;24.1;28.9;26.8;24.4;23.2;86.0;72.0;84.0;358.0;3.2;1.2
2023/12/08;2300 UTC;0.0;988.1;988.1;987.5;;25.5;24.2;27.0;25.5;24.3;24.0;93.0;84.0;93.0;159.0;3.2;0.3
2023/12/09;0000 UTC;;;;;;;;;;;;;;;;;
2023/12/09;0100 UTC;0.0;988.8;989.0;988.8;;25.0;24.3;25.4;25.0;24.7;24.1;96.0;94.0;96.0;169.0;2.0;0.3
2023/12/09;0200 UTC;;;;;;;;;;;;;;;;;
2023/12/09;0300 UTC;0.0;988.8;988.9;988.7;;24.2;23.9;24.9;24.2;24.5;23.9;99.0;97.0;98.0;354.0;3.2;0.2
2023/12/09;0400 UTC;0.0;987.9;988.8;987.9;;23.7;23.6;24.3;23.7;24.2;23.5;100.0;98.0;100.0;111.0;1.3;0.3
2023/12/09;0500 UTC;0.0;988.0;988.0;987.9;;23.3;23.2;23.7;23.2;23.7;23.2;100.0;99.0;99.0;217.0;1.3;0.4
2023/12/09;0600 UTC;0.0;988.1;988.2;987.8;;23.1;23.0;23.6;22.9;23.5;22.7;100.0;99.0;99.0;348.0;3.3;0.6
2023/12/09;0700 UTC;0.0;987.9;988.2;987.9;;22.5;22.4;23.4;22.5;23.3;22.4;100.0;99.0;100.0;148.0;1.4;0.3
2023/12/09;0800 UTC;0.0;988.1;988.1;987.9;;22.3;22.3;22.7;21.9;22.6;21.9;100.0;99.0;100.0;149.0;1.3;0.4
2023/12/09;0900 UTC;0.0;988.4;988.4;988.1;6.0;21.8;21.8;22.3;21.8;22.2;21.8;100.0;99.0;100.0;238.0;0.9;0.3
2023/12/09;1000 UTC;0.0;989.3;989.3;988.4;300.9;24.9;23.7;24.9;21.8;23.8;21.8;100.0;93.0;93.0;280.0;0.9;0.5
2023/12/09;1100 UTC;0.0;989.9;989.9;989.3;1038.8;28.3;24.5;28.3;24.9;24.8;23.6;93.0;79.0;80.0;343.0;2.4;0.9
2023/12/09;1200 UTC;0.0;990.0;990.1;989.9;1781.6;30.6;24.3;30.6;28.1;25.0;23.8;82.0;69.0;69.0;5.0;2.5;1.2
2023/12/09;1300 UTC;0.0;989.8;990.0;989.8;2445.6;32.6;24.0;33.1;30.3;25.1;23.4;71.0;58.0;61.0;300.0;3.2;1.8
2023/12/09;1400 UTC;0.0;989.6;989.9;989.6;3035.5;34.2;24.0;34.4;32.4;25.1;23.4;62.0;54.0;56.0;352.0;4.7;2.1
2023/12/09;1500 UTC;0.0;988.8;989.6;988.8;3341.5;35.4;23.4;35.9;33.8;23.9;22.5;56.0;48.0;50.0;217.0;4.7;1.5
2023/12/09;1600 UTC;0.0;987.8;988.8;987.8;3568.5;36.2;21.9;36.8;34.9;23.7;20.9;51.0;41.0;44.0;128.0;4.8;1.8
2023/12/09;1700 UTC;0.0;986.7;987.8;986.7;3433.9;35.9;22.3;37.4;35.5;23.6;20.9;49.0;39.0;46.0;8.0;5.3;1.8
2023/12/09;1800 UTC;0.0;985.8;986.7;985.8;2213.3;36.4;23.0;38.6;35.1;23.7;21.1;49.0;37.0;46.0;301.0;4.3;2.4
2023/12/09;1900 UTC;0.0;985.3;985.8;985.3;2026.5;36.4;22.7;37.3;35.8;23.4;22.2;47.0;43.0;45.0;290.0;5.1;2.5
2023/12/09;2000 UTC;0.0;985.8;985.8;985.3;858.1;35.9;21.9;37.2;35.6;22.9;21.5;46.0;42.0;44.0;270.0;4.6;1.3
2023/12/09;2100 UTC;0.0;985.7;985.8;985.6;471.0;32.6;24.4;36.6;32.6;25.0;21.5;64.0;42.0;62.0;48.0;2.3;0.8
2023/12/09;2200 UTC;0.0;986.3;986.3;985.6;46.8;28.6;24.8;32.7;28.6;25.8;24.2;80.0;61.0;80.0;2.0;1.9;0.4
2023/12/09;2300 UTC;0.0;987.6;987.6;986.3;;29.0;24.3;29.4;27.4;24.9;24.0;85.0;75.0;76.0;5.0;4.0;1.3
2023/12/10;0000 UTC;;;;;;;;;;;;;;;;;
2023/12/10;0100 UTC;0.0;988.3;988.3;988.1;;26.4;24.4;27.2;25.8;24.7;24.4;92.0;85.0;89.0;328.0;2.0;1.3
2023/12/10;0200 UTC;;;;;;;;;;;;;;;;;
2023/12/10;0300 UTC;0.0;988.6;988.8;988.6;;25.5;23.4;26.4;25.4;23.9;23.4;91.0;85.0;88.0;356.0;2.9;1.1
2023/12/10;0400 UTC;0.0;987.7;988.6;987.7;;24.8;23.6;25.6;24.7;23.7;23.3;93.0;88.0;93.0;358.0;2.8;1.2
2023/12/10;0500 UTC;0.0;987.1;987.7;987.1;;24.0;23.2;25.0;24.0;23.7;23.1;96.0;91.0;96.0;25.0;2.6;0.6
2023/12/10;0600 UTC;0.0;987.2;987.3;987.0;;23.5;23.2;24.0;23.3;23.3;22.8;99.0;95.0;99.0;20.0;1.6;0.8
2023/12/10;0700 UTC;0.0;987.2;987.3;987.1;;23.4;23.1;23.8;23.1;23.4;22.7;99.0;96.0;99.0;327.0;1.6;0.3
2023/12/10;0800 UTC;0.0;987.3;987.3;987.1;;23.1;22.9;23.4;22.8;23.1;22.6;99.0;98.0;98.0;35.0;3.1;0.7
2023/12/10;0900 UTC;0.0;988.0;988.0;987.3;5.1;23.2;22.8;23.2;23.0;22.9;22.7;99.0;98.0;98.0;24.0;2.8;0.6
2023/12/10;1000 UTC;0.0;988.4;988.5;988.0;327.8;25.1;23.5;25.1;23.2;23.5;22.8;98.0;90.0;90.0;10.0;2.2;0.7
2023/12/10;1100 UTC;0.0;989.0;989.0;988.4;1057.3;27.7;23.9;27.7;25.2;23.9;23.2;91.0;79.0;80.0;338.0;3.2;1.7
2023/12/10;1200 UTC;0.0;989.0;989.0;988.9;1839.1;30.2;23.8;30.4;27.7;24.4;23.5;80.0;67.0;69.0;318.0;5.0;2.7
2023/12/10;1300 UTC;0.0;988.6;989.0;988.6;2123.3;32.2;24.8;32.2;30.2;24.9;23.8;70.0;65.0;65.0;275.0;5.0;2.6
2023/12/10;1400 UTC;0.0;988.1;988.6;988.1;2837.1;34.1;25.1;34.1;31.8;25.2;23.8;66.0;58.0;59.0;282.0;5.9;2.0
2023/12/10;1500 UTC;0.0;987.0;988.1;987.0;3509.8;34.9;24.6;34.9;33.0;25.0;23.9;60.0;55.0;55.0;266.0;5.0;1.4
2023/12/10;1600 UTC;0.0;986.0;987.0;986.0;2359.6;34.6;24.4;35.2;33.9;25.1;23.9;59.0;54.0;56.0;253.0;6.0;1.7
2023/12/10;1700 UTC;0.0;984.7;986.0;984.7;2807.7;35.6;23.8;36.3;34.1;25.1;23.4;58.0;50.0;51.0;311.0;4.7;2.2
2023/12/10;1800 UTC;0.0;984.3;984.7;983.9;1573.1;32.1;24.0;36.4;32.1;25.0;23.4;62.0;49.0;62.0;203.0;6.8;2.2
2023/12/10;1900 UTC;10.8;983.5;985.0;983.5;193.9;26.7;23.5;32.1;25.8;24.8;22.7;89.0;62.0;83.0;282.0;11.6;1.2
2023/12/10;2000 UTC;0.0;983.4;983.8;983.3;378.0;27.5;24.5;27.5;25.7;26.2;23.7;96.0;83.0;84.0;281.0;3.9;1.0
2023/12/10;2100 UTC;0.0;984.1;984.2;983.1;297.2;27.4;26.3;27.7;27.0;26.5;24.4;95.0;82.0;94.0;110.0;3.5;0.6
2023/12/10;2200 UTC;0.2;987.1;987.1;984.1;57.3;24.8;23.0;27.5;24.8;26.5;23.0;97.0;85.0;90.0;87.0;11.8;4.5
2023/12/10;2300 UTC;24.2;986.4;988.0;986.3;1.3;22.9;22.9;24.8;22.5;23.0;22.5;100.0;88.0;100.0;59.0;12.5;3.1
2023/12/11;0000 UTC;;;;;;;;;;;;;;;;;
2023/12/11;0100 UTC;0.6;988.2;989.2;988.2;;23.7;23.5;23.7;23.4;23.5;23.0;99.0;97.0;99.0;360.0;6.0;2.4
2023/12/11;0200 UTC;0.2;988.7;988.7;988.0;;23.6;23.3;23.7;23.4;23.5;23.2;99.0;98.0;99.0;300.0;5.7;1.7
2023/12/11;0300 UTC;;;;;;;;;;;;;;;;;
2023/12/11;0400 UTC;0.0;988.2;988.6;988.2;;23.6;23.1;23.7;23.3;23.3;23.0;99.0;97.0;97.0;300.0;5.0;2.2
2023/12/11;0500 UTC;0.0;987.6;988.2;987.5;;23.4;23.0;23.6;23.3;23.1;22.9;98.0;96.0;97.0;335.0;5.0;1.3
2023/12/11;0600 UTC;0.0;987.6;987.6;987.4;;23.0;22.9;23.4;23.0;23.0;22.8;100.0;97.0;99.0;88.0;3.3;1.0
2023/12/11;0700 UTC;0.0;988.0;988.2;987.6;;23.2;23.0;23.3;23.0;23.2;22.9;100.0;99.0;99.0;113.0;3.4;1.4
2023/12/11;0800 UTC;0.0;987.8;988.0;987.8;;23.2;23.0;23.2;23.1;23.1;23.0;99.0;99.0;99.0;120.0;2.9;1.2
2023/12/11;0900 UTC;0.0;988.2;988.2;987.8;0.1;23.3;23.0;23.3;23.1;23.1;22.9;99.0;98.0;99.0;253.0;3.0;0.7
2023/12/11;1000 UTC;0.0;989.0;989.0;988.2;109.4;23.5;23.3;23.5;23.0;23.3;22.9;100.0;99.0;99.0;278.0;1.5;0.8
2023/12/11;1100 UTC;0.0;989.8;989.8;989.0;303.6;24.2;23.4;24.3;23.4;23.8;23.1;99.0;95.0;95.0;284.0;2.1;1.1
2023/12/11;1200 UTC;0.0;991.0;991.0;989.8;382.3;24.7;23.2;24.8;24.1;23.9;23.1;97.0;91.0;91.0;354.0;2.3;0.9
2023/12/11;1300 UTC;0.0;992.1;992.1;991.0;417.4;24.9;23.8;25.1;24.7;23.8;23.1;93.0;90.0;93.0;138.0;2.9;1.6
2023/12/11;1400 UTC;0.0;992.3;992.3;992.1;628.8;25.6;23.6;25.6;25.0;24.2;23.2;94.0;88.0;89.0;145.0;2.9;1.0
2023/12/11;1500 UTC;0.0;992.1;992.4;992.1;611.0;25.4;23.3;25.6;25.1;24.2;22.8;93.0;86.0;88.0;47.0;2.3;0.7
2023/12/11;1600 UTC;0.4;991.4;992.1;991.4;549.2;25.6;24.4;25.6;25.0;24.8;23.4;95.0;88.0;94.0;67.0;1.8;0.7
2023/12/11;1700 UTC;0.2;990.1;991.4;990.1;1879.1;27.5;23.0;27.7;25.3;25.1;22.9;95.0;77.0;77.0;340.0;3.1;1.3
2023/12/11;1800 UTC;0.0;989.0;990.1;989.0;2665.5;28.1;22.8;29.7;27.4;24.8;22.6;81.0;68.0;73.0;3.0;4.8;1.5
2023/12/11;1900 UTC;0.0;988.3;989.0;988.3;1051.8;28.3;23.1;29.1;27.8;24.0;21.8;77.0;69.0;74.0;306.0;3.9;1.0
2023/12/11;2000 UTC;0.0;988.1;988.3;988.1;708.2;27.8;23.2;28.3;27.8;24.1;22.7;79.0;73.0;76.0;16.0;2.3;0.9
2023/12/11;2100 UTC;0.0;988.4;988.4;988.1;465.0;27.9;24.4;28.1;27.8;24.4;23.1;81.0;75.0;81.0;3.0;2.0;0.4
2023/12/11;2200 UTC;0.0;988.8;988.8;988.3;44.6;24.8;24.4;27.9;24.8;25.1;24.0;98.0;80.0;98.0;125.0;0.8;0.4
2023/12/11;2300 UTC;0.0;989.4;989.4;988.8;;24.0;23.8;24.8;24.0;24.4;23.8;99.0;98.0;99.0;123.0;0.9;0.3
2023/12/12;0000 UTC;0.0;990.1;990.1;989.4;;24.0;23.5;24.3;23.8;23.8;23.5;99.0;96.0;97.0;101.0;2.3;0.5
2023/12/12;0100 UTC;;;;;;;;;;;;;;;;;
2023/12/12;0200 UTC;0.0;990.6;990.6;990.4;;23.0;23.0;23.5;23.0;23.5;23.0;100.0;99.0;100.0;161.0;0.9;0.3
2023/12/12;0300 UTC;0.0;990.3;990.6;990.2;;22.6;22.6;23.2;22.6;23.2;22.6;100.0;100.0;100.0;335.0;0.7;0.3
2023/12/12;0400 UTC;0.0;990.0;990.3;989.9;;22.4;22.3;22.9;22.4;22.9;22.3;100.0;100.0;100.0;118.0;1.0;0.3
2023/12/12;0500 UTC;0.0;989.4;990.0;989.4;;22.1;22.1;22.4;22.1;22.4;22.1;100.0;100.0;100.0;350.0;0.9;0.3
2023/12/12;0600 UTC;0.0;988.9;989.4;988.9;;22.5;22.5;22.7;22.1;22.7;22.1;100.0;100.0;100.0;310.0;1.2;0.4
2023/12/12;0700 UTC;0.0;989.0;989.0;988.8;;22.8;22.8;22.8;22.5;22.8;22.5;100.0;100.0;100.0;173.0;0.8;0.2
2023/12/12;0800 UTC;0.0;989.5;989.5;989.0;;22.9;22.9;22.9;22.7;22.9;22.7;100.0;100.0;100.0;270.0;1.0;0.3
2023/12/12;0900 UTC;0.0;990.0;990.0;989.5;1.8;23.0;23.0;23.1;22.8;23.1;22.8;100.0;100.0;100.0;197.0;1.2;0.2
2023/12/12;1000 UTC;0.0;991.0;991.0;990.0;150.4;23.9;23.8;23.9;23.0;23.8;22.9;100.0;99.0;100.0;122.0;1.2;0.7
2023/12/12;1100 UTC;0.0;991.8;991.8;991.0;414.1;25.0;23.8;25.0;23.9;24.1;23.8;100.0;93.0;93.0;139.0;2.1;1.2
2023/12/12;1200 UTC;0.0;992.2;992.2;991.8;635.5;26.4;24.2;26.4;25.0;24.6;23.8;94.0;87.0;88.0;139.0;2.2;0.9
2023/12/12;1300 UTC;0.0;992.6;992.7;992.2;1559.6;28.3;23.9;28.6;26.3;24.8;23.8;89.0;75.0;77.0;136.0;3.3;1.6
2023/12/12;1400 UTC;0.0;992.3;992.7;992.3;2736.2;30.0;23.5;30.4;28.3;25.0;23.5;79.0;67.0;68.0;73.0;3.8;1.0
2023/12/12;1500 UTC;0.0;991.7;992.3;991.7;3401.8;31.0;24.1;31.5;30.0;25.2;23.3;73.0;64.0;67.0;169.0;4.8;1.9
2023/12/12;1600 UTC;0.0;990.8;991.7;990.8;3673.6;32.3;24.7;32.8;31.0;25.3;23.4;70.0;59.0;64.0;177.0;4.8;1.5
2023/12/12;1700 UTC;0.0;989.4;990.8;989.4;2781.3;33.2;23.1;33.8;31.5;25.3;23.0;67.0;54.0;56.0;241.0;3.6;1.5
2023/12/12;1800 UTC;0.0;987.7;989.4;987.7;2754.8;33.4;23.3;34.0;32.7;24.3;22.0;60.0;52.0;56.0;72.0;3.5;1.8
2023/12/12;1900 UTC;0.0;987.1;987.7;987.0;1841.4;33.4;22.4;34.0;33.2;24.1;22.2;57.0;51.0;53.0;125.0;3.4;0.8
2023/12/12;2000 UTC;0.0;987.2;987.3;987.1;1368.9;30.7;23.4;34.1;30.7;23.8;21.8;66.0;49.0;65.0;105.0;7.1;2.6
2023/12/12;2100 UTC;0.0;987.5;987.5;987.1;334.8;29.2;23.7;30.6;29.2;24.2;22.2;73.0;62.0;72.0;109.0;5.2;2.0
2023/12/12;2200 UTC;0.0;988.4;988.4;987.5;43.6;27.2;23.1;29.2;27.2;23.9;22.9;80.0;72.0;78.0;147.0;5.0;1.2
2023/12/12;2300 UTC;0.0;989.0;989.0;988.4;;25.7;23.3;27.2;25.7;23.9;22.9;89.0;78.0;86.0;121.0;2.3;0.9
2023/12/13;0000 UTC;0.0;989.4;989.4;989.0;;24.6;23.6;26.0;24.6;23.7;23.2;95.0;85.0;94.0;132.0;2.1;0.3
2023/12/13;0100 UTC;0.0;990.1;990.1;989.4;;24.6;23.7;24.7;24.4;23.8;23.5;96.0;94.0;95.0;39.0;3.5;0.6
2023/12/13;0200 UTC;;;;;;;;;;;;;;;;;
2023/12/13;0300 UTC;0.0;989.7;990.2;989.7;;24.3;23.7;25.0;24.2;24.1;23.7;99.0;93.0;97.0;258.0;1.6;0.7
2023/12/13;0400 UTC;0.0;988.9;989.7;988.9;;24.0;23.6;24.3;23.9;23.8;23.4;98.0;96.0;97.0;182.0;2.4;1.1
2023/12/13;0500 UTC;0.0;988.4;988.9;988.4;;23.8;23.6;24.1;23.7;23.6;23.3;99.0;96.0;99.0;167.0;2.3;0.9
2023/12/13;0600 UTC;0.0;987.9;988.4;987.9;;23.1;22.9;23.8;23.1;23.6;22.9;99.0;98.0;99.0;45.0;2.1;0.2
2023/12/13;0700 UTC;0.0;987.9;988.0;987.8;;22.7;22.6;23.2;22.7;23.1;22.6;100.0;99.0;100.0;309.0;1.3;0.4
2023/12/13;0800 UTC;0.0;987.6;987.9;987.5;;22.4;22.4;23.0;22.4;22.9;22.4;100.0;99.0;100.0;195.0;1.0;0.4
2023/12/13;0900 UTC;0.0;988.0;988.0;987.6;3.2;22.4;22.4;22.5;22.2;22.5;22.2;100.0;99.0;100.0;266.0;1.0;0.5
2023/12/13;1000 UTC;0.0;988.3;988.3;988.0;285.7;25.4;23.3;25.5;22.3;24.1;22.3;100.0;88.0;88.0;262.0;0.9;0.4
2023/12/13;1100 UTC;0.0;989.0;989.0;988.3;1071.9;27.8;24.6;27.8;25.4;24.6;23.0;89.0;83.0;83.0;202.0;3.8;1.6
2023/12/13;1200 UTC;0.0;989.5;989.5;989.0;1844.0;29.6;24.0;29.6;27.8;24.7;23.4;83.0;71.0;72.0;182.0;3.5;1.6
2023/12/13;1300 UTC;0.0;989.5;989.5;989.4;2564.8;31.4;23.6;31.6;29.6;24.8;23.4;74.0;63.0;63.0;152.0;3.3;1.8
2023/12/13;1400 UTC;0.0;989.4;989.5;989.4;3183.8;33.1;23.9;33.1;31.4;24.6;22.8;66.0;56.0;59.0;75.0;3.9;1.6
2023/12/13;1500 UTC;0.0;988.7;989.4;988.7;3586.7;33.7;22.9;34.1;32.8;24.5;22.6;61.0;52.0;53.0;102.0;4.4;2.6
2023/12/13;1600 UTC;0.0;987.5;988.7;987.5;3682.7;34.7;22.6;35.1;33.6;24.2;22.0;57.0;48.0;50.0;136.0;5.2;2.6
2023/12/13;1700 UTC;0.0;986.3;987.5;986.3;3407.2;35.3;22.5;36.0;34.5;23.7;22.0;51.0;46.0;48.0;114.0;5.9;1.8
2023/12/13;1800 UTC;0.0;984.8;986.3;984.8;2759.9;35.7;23.3;35.8;34.9;23.7;21.8;51.0;45.0;49.0;151.0;5.9;1.9
2023/12/13;1900 UTC;0.0;984.5;984.8;984.5;954.6;33.9;24.1;35.9;32.5;25.2;21.4;66.0;44.0;57.0;166.0;4.3;1.9
2023/12/13;2000 UTC;0.0;984.0;984.5;983.9;1234.8;34.9;23.3;35.4;33.8;25.2;22.7;58.0;49.0;51.0;138.0;4.0;2.1
2023/12/13;2100 UTC;0.0;984.6;984.6;984.0;540.0;33.2;26.2;35.0;33.2;26.2;22.4;67.0;48.0;67.0;135.0;3.7;0.6
2023/12/13;2200 UTC;0.0;985.0;985.0;984.5;24.0;28.7;25.9;33.2;28.7;27.2;25.1;86.0;66.0;85.0;135.0;1.4;0.3
2023/12/13;2300 UTC;;;;;;;;;;;;;;;;;
2023/12/14;0000 UTC;0.0;987.0;987.0;986.0;;27.1;24.8;27.8;27.0;25.2;24.8;90.0;83.0;87.0;332.0;2.2;1.5
2023/12/14;0100 UTC;0.0;987.4;987.4;987.0;;26.0;24.9;27.2;26.0;25.0;24.7;94.0;87.0;94.0;8.0;2.1;0.6
2023/12/14;0200 UTC;0.0;987.5;987.6;987.4;;25.2;24.7;26.0;25.2;25.1;24.5;97.0;94.0;97.0;4.0;1.3;0.4
2023/12/14;0300 UTC;;;;;;;;;;;;;;;;;
2023/12/14;0400 UTC;0.0;986.3;986.9;986.3;;25.4;24.2;25.7;24.7;24.4;23.9;97.0;91.0;93.0;265.0;1.8;0.9
2023/12/14;0500 UTC;0.0;985.5;986.3;985.5;;24.3;23.9;25.6;24.3;24.3;23.7;98.0;92.0;98.0;350.0;2.4;0.7
2023/12/14;0600 UTC;0.0;985.5;985.5;985.3;;23.8;23.7;24.3;23.8;24.0;23.6;99.0;98.0;99.0;10.0;1.4;0.4
2023/12/14;0700 UTC;0.0;985.7;985.8;985.5;;24.0;23.7;24.1;23.7;24.0;23.5;100.0;98.0;98.0;213.0;2.2;0.2
2023/12/14;0800 UTC;4.0;988.2;988.5;985.7;;22.6;21.8;25.3;22.5;23.9;21.5;99.0;87.0;96.0;74.0;13.5;2.5
2023/12/14;0900 UTC;0.6;988.0;988.3;987.9;;22.4;21.9;22.6;22.3;22.2;21.9;98.0;96.0;97.0;3.0;6.0;1.4
2023/12/14;1000 UTC;0.4;988.9;988.9;988.0;107.4;22.7;22.3;22.7;22.2;22.4;21.8;98.0;96.0;98.0;79.0;4.0;0.5
2023/12/14;1100 UTC;0.2;989.5;989.7;988.8;236.9;23.3;22.6;23.5;22.7;22.6;22.2;98.0;94.0;96.0;30.0;3.3;1.0
2023/12/14;1200 UTC;0.0;991.4;991.4;989.5;228.5;23.5;22.7;23.5;23.3;22.8;22.4;97.0;94.0;95.0;128.0;5.3;2.3
2023/12/14;1300 UTC;0.0;990.8;991.4;990.7;379.7;23.4;22.4;23.5;23.1;22.8;22.1;96.0;93.0;95.0;178.0;5.3;1.9
2023/12/14;1400 UTC;0.4;989.9;990.9;989.9;1060.5;24.6;22.8;24.8;23.3;23.5;22.2;95.0;89.0;90.0;236.0;5.9;1.8
2023/12/14;1500 UTC;0.0;987.7;989.9;987.7;1748.9;26.4;22.6;26.7;24.3;23.5;22.3;93.0;79.0;80.0;238.0;5.1;1.4
2023/12/14;1600 UTC;0.0;987.2;987.7;986.7;2163.4;28.7;23.4;28.8;26.4;23.9;22.0;86.0;69.0;73.0;122.0;4.0;1.1
2023/12/14;1700 UTC;0.0;985.7;987.2;985.7;3472.1;31.1;23.5;31.1;28.7;24.5;21.3;74.0;59.0;64.0;74.0;4.4;1.0
2023/12/14;1800 UTC;0.0;985.5;985.7;985.4;2938.3;32.3;22.6;32.4;31.0;24.6;22.2;65.0;56.0;57.0;109.0;5.0;2.1
2023/12/14;1900 UTC;0.0;985.3;985.5;985.3;2144.8;32.6;22.1;33.0;32.1;23.8;21.4;61.0;51.0;54.0;68.0;4.1;1.3
2023/12/14;2000 UTC;0.0;984.8;985.3;984.8;1282.9;32.1;23.3;32.6;32.0;23.9;21.7;61.0;53.0;60.0;124.0;3.6;1.1
2023/12/14;2100 UTC;0.0;985.1;985.1;984.7;454.8;30.2;26.1;32.2;30.2;26.7;23.3;80.0;60.0;79.0;166.0;3.3;0.9
2023/12/14;2200 UTC;0.0;985.8;985.8;985.1;19.1;26.8;25.6;30.2;26.8;26.6;25.4;93.0;79.0;93.0;257.0;1.2;0.3
2023/12/14;2300 UTC;0.0;986.3;986.3;985.8;;26.8;24.4;27.4;26.1;25.7;24.4;96.0;85.0;87.0;342.0;4.7;1.0
2023/12/15;0000 UTC;;;;;;;;;;;;;;;;;
2023/12/15;0100 UTC;0.0;987.1;987.1;986.7;;24.9;22.9;25.2;24.4;24.3;22.7;97.0;87.0;89.0;355.0;2.5;0.9
2023/12/15;0200 UTC;;;;;;;;;;;;;;;;;
2023/12/15;0300 UTC;0.0;987.2;987.5;987.1;;23.5;22.4;24.6;23.5;22.8;22.3;94.0;89.0;94.0;291.0;2.9;0.2
2023/12/15;0400 UTC;0.0;986.7;987.3;986.7;;22.7;22.4;23.6;22.7;22.6;22.3;98.0;94.0;98.0;357.0;2.4;0.8
2023/12/15;0500 UTC;0.0;986.2;986.7;986.2;;22.4;22.1;22.7;22.4;22.4;22.1;99.0;98.0;99.0;20.0;1.7;0.8
2023/12/15;0600 UTC;0.0;986.0;986.3;986.0;;22.3;21.9;22.5;22.2;22.2;21.9;99.0;98.0;98.0;335.0;2.5;1.0
2023/12/15;0700 UTC;0.0;986.2;986.3;985.9;;21.8;21.7;22.3;21.7;21.9;21.6;100.0;98.0;100.0;12.0;1.5;0.8
2023/12/15;0800 UTC;0.0;986.7;986.7;986.2;;21.9;21.8;21.9;21.7;21.9;21.6;100.0;99.0;100.0;355.0;1.9;0.6
2023/12/15;0900 UTC;0.0;987.5;987.5;986.7;6.4;21.7;21.6;22.1;21.4;22.0;21.4;100.0;99.0;100.0;170.0;1.7;0.7
2023/12/15;1000 UTC;0.0;988.6;988.6;987.5;341.1;24.2;22.5;24.4;21.6;22.9;21.5;100.0;90.0;91.0;67.0;1.4;0.6
2023/12/15;1100 UTC;0.0;989.7;989.7;988.6;1085.3;26.5;23.2;26.9;24.1;23.7;22.5;92.0;81.0;83.0;24.0;2.5;1.1
2023/12/15;1200 UTC;0.0;990.2;990.3;989.7;1855.6;28.9;23.3;29.0;26.3;24.1;22.9;85.0;72.0;72.0;70.0;2.8;0.8
2023/12/15;1300 UTC;0.0;990.5;990.5;990.2;2588.9;30.2;23.4;30.2;28.8;23.9;22.2;73.0;66.0;67.0;342.0;3.0;1.2
2023/12/15;1400 UTC;0.0;990.4;990.5;990.4;3213.7;32.3;24.0;32.3;30.2;24.5;22.9;70.0;61.0;62.0;135.0;3.3;1.6
2023/12/15;1500 UTC;0.0;989.4;990.4;989.4;3581.2;33.3;23.9;33.3;31.7;24.5;22.8;63.0;56.0;58.0;125.0;5.2;2.3
2023/12/15;1600 UTC;0.0;988.5;989.4;988.5;3739.6;34.2;23.5;34.5;32.8;24.4;22.6;59.0;51.0;54.0;145.0;6.6;2.6
2023/12/15;1700 UTC;0.0;987.7;988.5;987.7;3423.6;34.7;23.4;34.8;33.7;24.0;22.4;56.0;50.0;52.0;124.0;6.8;2.7
2023/12/15;1800 UTC;0.0;986.7;987.7;986.7;2695.4;34.2;22.9;35.5;34.0;23.9;22.2;54.0;47.0;52.0;93.0;6.0;1.8
2023/12/15;1900 UTC;0.0;986.0;986.7;985.9;2221.1;35.4;22.6;35.7;34.2;23.3;21.5;52.0;45.0;47.0;106.0;4.5;1.7
2023/12/15;2000 UTC;0.0;986.0;986.0;985.9;1317.7;34.9;22.3;35.7;34.8;23.3;21.0;50.0;44.0;48.0;111.0;4.8;2.0
2023/12/15;2100 UTC;0.0;986.0;986.0;985.8;420.6;32.0;24.8;34.9;32.0;25.2;21.4;66.0;46.0;66.0;125.0;4.7;0.8
2023/12/15;2200 UTC;0.0;986.3;986.3;986.0;48.3;27.4;24.6;32.0;27.4;26.2;24.3;85.0;64.0;84.0;335.0;1.4;0.8
2023/12/15;2300 UTC;0.0;986.9;986.9;986.3;;26.1;24.4;27.4;26.1;24.7;24.0;91.0;83.0;90.0;189.0;1.1;0.2
2023/12/16;0000 UTC;0.0;987.0;987.0;986.8;;24.9;23.9;26.1;24.9;24.5;23.9;94.0;90.0;94.0;328.0;1.0;0.2
2023/12/16;0100 UTC;0.0;987.5;987.6;987.0;;24.4;23.7;24.9;24.4;23.9;23.7;96.0;94.0;96.0;320.0;0.4;0.2
2023/12/16;0200 UTC;0.0;987.7;987.7;987.5;;24.3;23.8;24.4;24.2;23.8;23.6;97.0;95.0;97.0;174.0;0.5;0.3
2023/12/16;0300 UTC;0.0;987.2;987.7;987.2;;24.2;23.8;24.4;24.2;24.0;23.7;98.0;97.0;98.0;196.0;1.4;0.2
2023/12/16;0400 UTC;0.0;986.3;987.2;986.3;;24.0;23.6;24.2;24.0;23.8;23.5;98.0;97.0;98.0;327.0;1.9;0.5
2023/12/16;0500 UTC;0.0;986.0;986.3;986.0;;23.7;23.4;24.0;23.7;23.7;23.3;99.0;97.0;98.0;325.0;0.9;0.3
2023/12/16;0600 UTC;0.0;986.2;986.3;986.0;;23.0;22.8;23.7;23.0;23.4;22.8;99.0;97.0;99.0;321.0;1.5;0.2
2023/12/16;0700 UTC;0.0;986.7;986.7;986.2;;22.6;22.5;23.0;22.6;22.9;22.5;99.0;99.0;99.0;10.0;0.7;0.4
2023/12/16;0800 UTC;0.0;987.7;987.7;986.7;;23.4;22.9;23.5;22.4;23.0;22.3;100.0;97.0;97.0;43.0;3.2;0.7
2023/12/16;0900 UTC;0.0;988.4;988.4;987.7;2.6;23.0;22.6;23.5;23.0;23.0;22.6;98.0;96.0;97.0;30.0;2.0;0.5
2023/12/16;1000 UTC;0.0;989.4;989.4;988.4;275.3;25.6;23.2;25.6;23.0;23.2;22.7;98.0;85.0;87.0;42.0;2.4;0.7
2023/12/16;1100 UTC;0.0;990.2;990.2;989.4;1057.1;27.5;23.4;27.6;25.6;24.0;23.0;87.0;78.0;78.0;352.0;4.3;2.0
2023/12/16;1200 UTC;0.0;990.6;990.6;990.2;1843.1;29.8;23.9;29.8;27.5;24.2;23.4;79.0;71.0;71.0;358.0;5.6;2.5
2023/12/16;1300 UTC;0.0;990.5;990.7;990.5;2563.4;31.6;23.9;31.8;29.8;24.8;23.5;72.0;63.0;64.0;9.0;5.5;2.8
2023/12/16;1400 UTC;0.0;990.2;990.6;990.2;2927.8;32.5;24.3;32.9;31.6;24.6;23.2;65.0;59.0;62.0;350.0;6.4;2.8
2023/12/16;1500 UTC;0.0;989.5;990.2;989.5;2690.9;33.7;24.7;33.8;32.0;25.0;23.4;64.0;55.0;59.0;347.0;5.8;2.2
2023/12/16;1600 UTC;0.0;988.8;989.5;988.8;2842.4;33.2;23.9;35.0;32.4;24.7;22.7;63.0;49.0;58.0;17.0;4.6;1.9
2023/12/16;1700 UTC;0.0;987.7;988.8;987.7;3602.3;35.1;21.7;35.9;33.2;25.1;21.7;59.0;46.0;46.0;13.0;4.9;2.1
2023/12/16;1800 UTC;0.0;986.9;987.7;986.9;2883.0;35.8;23.0;36.2;34.9;23.5;21.2;50.0;43.0;48.0;75.0;4.9;1.7
2023/12/16;1900 UTC;0.0;986.3;986.9;986.3;2101.7;35.8;22.3;36.1;34.8;23.2;21.6;49.0;43.0;46.0;74.0;5.0;1.6
2023/12/16;2000 UTC;0.0;985.8;986.3;985.8;1498.5;35.4;21.9;36.2;35.3;23.2;21.3;48.0;43.0;46.0;64.0;3.7;1.6
2023/12/16;2100 UTC;0.0;985.9;985.9;985.7;628.3;33.6;23.9;35.6;33.6;24.4;21.7;57.0;45.0;57.0;49.0;3.5;0.9
2023/12/16;2200 UTC;0.0;986.5;986.6;985.9;40.6;28.6;24.8;33.6;28.6;26.1;23.6;82.0;56.0;80.0;144.0;2.2;0.4
2023/12/16;2300 UTC;;;;;;;;;;;;;;;;;
2023/12/17;0000 UTC;;;;;;;;;;;;;;;;;
2023/12/17;0100 UTC;0.0;987.6;987.7;987.5;;25.3;24.5;25.9;25.3;24.9;24.5;95.0;93.0;95.0;182.0;1.4;0.2
2023/12/17;0200 UTC;0.0;987.6;987.8;987.5;;24.5;24.0;25.5;24.5;24.6;24.0;97.0;94.0;97.0;145.0;1.9;0.2
2023/12/17;0300 UTC;;;;;;;;;;;;;;;;;
2023/12/17;0400 UTC;0.0;986.7;987.3;986.7;;23.8;23.2;24.4;23.8;23.7;23.2;97.0;96.0;97.0;293.0;1.3;0.3
2023/12/17;0500 UTC;0.0;986.3;986.7;986.3;;23.3;22.9;23.8;23.2;23.4;22.8;99.0;97.0;98.0;233.0;0.9;0.2
2023/12/17;0600 UTC;0.0;986.0;986.3;986.0;;22.7;22.4;23.3;22.7;23.0;22.4;99.0;98.0;98.0;142.0;0.8;0.5
2023/12/17;0700 UTC;0.0;986.3;986.4;986.0;;22.3;22.1;22.8;22.2;22.6;22.1;99.0;98.0;99.0;17.0;0.7;0.4
2023/12/17;0800 UTC;0.0;987.1;987.1;986.3;;22.8;22.5;22.9;22.1;22.6;22.0;100.0;98.0;98.0;1.0;3.3;1.2
2023/12/17;0900 UTC;0.0;987.9;987.9;987.1;1.9;22.4;22.1;23.0;22.4;22.6;22.1;99.0;97.0;99.0;1.0;3.3;0.3
2023/12/17;1000 UTC;0.0;988.6;988.6;987.9;268.5;25.8;23.6;25.8;22.3;23.8;22.1;99.0;88.0;88.0;78.0;1.5;0.6
2023/12/17;1100 UTC;0.0;989.3;989.3;988.6;1058.1;29.4;24.6;29.4;25.8;24.7;23.4;88.0;76.0;76.0;126.0;2.6;0.5
2023/12/17;1200 UTC;0.0;989.7;989.7;989.3;1839.9;30.7;24.6;31.0;28.7;25.8;24.0;79.0;69.0;70.0;355.0;3.1;1.3
2023/12/17;1300 UTC;0.0;989.7;989.7;989.6;2558.6;32.7;23.1;33.0;30.6;25.4;22.8;72.0;57.0;57.0;330.0;4.2;1.9
2023/12/17;1400 UTC;0.0;989.4;989.7;989.4;3183.6;33.9;22.4;34.4;32.3;24.3;22.0;60.0;50.0;51.0;335.0;5.7;2.4
2023/12/17;1500 UTC;0.0;988.6;989.4;988.6;3584.0;35.1;22.4;36.0;33.9;23.5;21.9;53.0;45.0;48.0;337.0;5.6;2.6
2023/12/17;1600 UTC;0.0;987.7;988.6;987.7;3682.9;37.0;21.4;37.3;34.7;23.7;20.1;50.0;38.0;41.0;256.0;4.9;1.2
2023/12/17;1700 UTC;0.0;986.8;987.7;986.8;3480.4;36.5;21.7;37.3;35.8;23.0;20.9;47.0;40.0;42.0;124.0;4.7;2.6
2023/12/17;1800 UTC;0.0;985.5;986.8;985.5;2020.4;35.5;22.7;37.3;35.3;23.5;18.6;51.0;35.0;48.0;131.0;4.6;1.2
2023/12/17;1900 UTC;0.0;985.6;985.6;985.1;541.4;32.7;22.8;35.8;32.3;26.1;21.3;70.0;43.0;56.0;190.0;6.2;2.3
2023/12/17;2000 UTC;0.0;985.5;985.7;985.4;314.0;29.9;22.1;32.7;29.9;22.6;21.5;64.0;54.0;63.0;217.0;6.2;1.5
2023/12/17;2100 UTC;0.0;985.2;985.6;985.2;338.4;29.2;21.2;29.9;29.0;22.1;20.9;66.0;61.0;62.0;199.0;3.8;1.1
2023/12/17;2200 UTC;0.0;985.7;985.7;985.1;35.8;26.5;22.0;29.2;26.4;22.1;20.7;77.0;60.0;76.0;349.0;3.9;1.5
2023/12/17;2300 UTC;0.0;986.3;986.3;985.7;;24.6;22.2;26.7;24.6;22.4;21.4;86.0;73.0;86.0;341.0;2.7;0.6
2023/12/18;0000 UTC;0.0;986.9;986.9;986.3;;25.0;22.8;25.0;23.9;22.8;22.2;91.0;86.0;88.0;306.0;1.7;0.9
2023/12/18;0100 UTC;0.0;987.4;987.4;986.9;;24.0;22.4;25.3;23.7;22.8;22.1;91.0;83.0;90.0;208.0;3.2;0.3
2023/12/18;0200 UTC;0.0;987.9;987.9;987.4;;23.9;22.4;24.1;23.5;22.8;22.3;94.0;90.0;91.0;326.0;2.5;1.2
2023/12/18;0300 UTC;0.0;987.9;988.0;987.7;;23.3;22.5;23.9;23.3;22.7;22.4;95.0;91.0;95.0;6.0;1.9;0.7
2023/12/18;0400 UTC;0.0;987.0;987.9;987.0;;23.4;22.6;23.7;23.0;22.8;22.3;97.0;94.0;96.0;344.0;2.1;0.9
2023/12/18;0500 UTC;0.0;986.7;987.0;986.7;;22.9;22.4;23.5;22.9;22.8;22.3;97.0;94.0;97.0;141.0;1.6;0.3
2023/12/18;0600 UTC;0.0;986.1;986.7;986.1;;22.5;22.2;22.9;22.5;22.5;22.1;99.0;97.0;98.0;113.0;1.2;0.4
2023/12/18;0700 UTC;0.0;986.0;986.4;986.0;;22.1;21.9;22.6;22.1;22.4;21.9;99.0;98.0;99.0;161.0;1.8;0.7
2023/12/18;0800 UTC;0.0;986.7;986.8;986.0;;21.8;21.7;22.3;21.7;22.2;21.5;100.0;98.0;100.0;69.0;2.0;0.9
2023/12/18;0900 UTC;0.0;987.4;987.5;986.6;1.5;22.5;22.1;22.8;21.8;22.6;21.7;100.0;97.0;98.0;47.0;2.0;0.7
2023/12/18;1000 UTC;0.0;988.2;988.4;987.4;273.1;24.5;23.1;24.5;22.4;23.1;22.0;98.0;92.0;92.0;345.0;2.8;1.1
2023/12/18;1100 UTC;0.0;988.7;988.7;988.2;1051.0;27.1;23.4;27.1;24.4;23.7;22.6;92.0;80.0;81.0;344.0;4.3;1.7
2023/12/18;1200 UTC;0.0;989.2;989.2;988.7;1829.1;29.8;23.3;30.0;27.1;24.2;23.0;81.0;68.0;68.0;336.0;3.3;0.9
2023/12/18;1300 UTC;0.0;989.0;989.3;989.0;2534.3;32.2;23.3;32.2;29.8;24.0;22.8;69.0;59.0;59.0;19.0;3.4;1.6
2023/12/18;1400 UTC;0.0;988.4;989.0;988.4;3156.8;33.1;22.9;33.6;31.7;24.7;22.7;63.0;55.0;55.0;326.0;4.2;1.9
2023/12/18;1500 UTC;0.0;987.6;988.4;987.6;3399.7;33.8;22.8;34.9;32.8;23.7;21.6;58.0;48.0;53.0;359.0;5.1;1.6
2023/12/18;1600 UTC;0.0;986.5;987.6;986.5;2652.4;34.5;22.7;35.3;33.6;24.6;22.4;57.0;50.0;50.0;343.0;4.5;2.4
2023/12/18;1700 UTC;0.0;985.7;986.5;985.5;1283.3;27.3;21.2;35.1;26.8;24.0;19.3;70.0;49.0;70.0;256.0;9.5;2.2
2023/12/18;1800 UTC;0.0;983.5;985.7;983.5;2927.2;35.3;21.5;35.3;27.3;23.6;19.9;72.0;43.0;45.0;259.0;4.6;1.2
2023/12/18;1900 UTC;0.0;983.6;984.0;983.4;1825.7;31.3;20.8;36.3;31.3;23.0;19.5;58.0;39.0;54.0;278.0;8.5;3.5
2023/12/18;2000 UTC;0.0;983.7;983.8;983.4;649.2;29.4;22.8;31.8;29.4;23.1;20.8;68.0;54.0;67.0;256.0;6.8;1.1
2023/12/18;2100 UTC;0.0;984.2;984.2;983.7;158.5;28.2;24.0;29.6;28.1;24.1;22.6;79.0;66.0;78.0;306.0;2.5;0.5
2023/12/18;2200 UTC;0.0;985.2;985.2;984.2;25.6;27.0;23.7;29.0;27.0;23.8;23.2;82.0;71.0;82.0;6.0;3.1;1.0
2023/12/18;2300 UTC;0.0;987.4;987.4;985.2;;27.4;22.5;27.7;26.6;24.1;22.5;86.0;74.0;75.0;61.0;6.9;2.4
2023/12/19;0000 UTC;;;;;;;;;;;;;;;;;
2023/12/19;0100 UTC;;;;;;;;;;;;;;;;;
2023/12/19;0200 UTC;;;;;;;;;;;;;;;;;
2023/12/19;0300 UTC;0.0;986.7;988.0;986.7;;24.2;22.4;24.7;24.2;22.4;21.7;90.0;83.0;90.0;51.0;3.6;1.2
2023/12/19;0400 UTC;0.0;986.2;986.7;986.1;;23.9;22.4;24.3;23.7;22.5;22.3;92.0;89.0;91.0;335.0;2.9;0.6
2023/12/19;0500 UTC;0.0;986.0;986.3;986.0;;23.4;22.2;24.0;23.4;22.4;22.1;93.0;89.0;93.0;296.0;2.0;1.1
2023/12/19;0600 UTC;0.0;986.3;986.3;986.0;;22.7;22.1;23.4;22.6;22.2;22.0;97.0;93.0;97.0;351.0;2.0;0.8
2023/12/19;0700 UTC;0.0;986.6;986.6;986.2;;22.5;22.1;23.0;22.5;22.4;22.0;97.0;96.0;97.0;36.0;1.7;0.7
2023/12/19;0800 UTC;0.0;986.8;986.8;986.5;;22.2;22.0;22.5;22.2;22.1;21.9;99.0;97.0;98.0;36.0;2.2;0.9
2023/12/19;0900 UTC;0.0;987.5;987.5;986.8;0.7;22.2;22.0;22.5;22.1;22.2;21.8;99.0;98.0;99.0;38.0;3.0;0.3
2023/12/19;1000 UTC;0.0;988.2;988.2;987.5;272.1;24.0;22.6;24.0;22.1;22.9;21.9;99.0;92.0;92.0;55.0;2.9;1.4
2023/12/19;1100 UTC;0.0;989.0;989.0;988.2;926.8;25.8;22.7;25.8;24.0;23.0;22.2;93.0;82.0;83.0;17.0;3.8;1.0
2023/12/19;1200 UTC;0.0;989.9;990.0;989.0;594.3;26.1;22.7;26.1;25.3;23.2;22.5;86.0;81.0;82.0;128.0;2.5;0.5
2023/12/19;1300 UTC;0.0;990.0;990.0;989.7;898.7;25.7;22.3;26.6;25.7;23.8;22.3;86.0;80.0;81.0;37.0;3.6;1.6
2023/12/19;1400 UTC;0.0;990.3;990.7;990.0;748.1;26.1;23.4;26.5;25.6;23.4;22.2;86.0;77.0;85.0;105.0;3.6;1.2
2023/12/19;1500 UTC;0.0;988.8;990.3;988.8;2207.8;27.5;23.1;28.4;26.1;24.4;22.8;86.0;76.0;77.0;128.0;5.5;2.8
2023/12/19;1600 UTC;0.0;987.7;988.8;987.7;3396.8;29.0;23.5;30.1;27.5;24.7;23.1;78.0;70.0;72.0;45.0;5.5;2.6
2023/12/19;1700 UTC;0.0;986.2;987.8;986.2;3399.4;30.9;24.3;30.9;29.0;24.3;22.3;72.0;62.0;68.0;12.0;5.3;2.4
2023/12/19;1800 UTC;0.0;985.9;986.2;985.9;2825.4;32.3;22.8;33.1;30.3;24.4;22.6;68.0;56.0;57.0;268.0;6.0;1.7
2023/12/19;1900 UTC;0.0;985.1;985.9;985.1;1737.4;32.3;23.0;32.6;31.3;24.0;22.8;64.0;57.0;58.0;306.0;5.7;3.0
2023/12/19;2000 UTC;0.0;985.4;985.4;985.1;652.2;30.2;23.7;32.4;30.2;23.8;22.6;68.0;58.0;68.0;273.0;5.9;1.9
2023/12/19;2100 UTC;0.0;985.1;985.4;985.0;282.5;29.3;24.6;30.3;29.2;25.0;23.9;77.0;68.0;76.0;302.0;3.3;1.4
2023/12/19;2200 UTC;0.0;986.3;986.4;985.1;56.9;27.9;24.7;29.4;27.3;25.1;24.6;88.0;76.0;83.0;330.0;3.5;1.6
2023/12/19;2300 UTC;0.0;986.7;986.7;986.3;;26.3;24.1;28.2;26.3;24.6;24.1;88.0;80.0;88.0;11.0;3.5;1.0
2023/12/20;0000 UTC;;;;;;;;;;;;;;;;;
2023/12/20;0100 UTC;;;;;;;;;;;;;;;;;
2023/12/20;0200 UTC;0.0;987.7;987.9;987.5;;24.2;22.9;25.3;24.1;23.1;22.8;93.0;87.0;92.0;330.0;3.5;1.5
2023/12/20;0300 UTC;0.0;987.8;988.1;987.7;;23.9;22.7;24.4;23.8;22.9;22.6;93.0;91.0;93.0;309.0;3.1;1.2
2023/12/20;0400 UTC;0.0;987.8;988.0;987.7;;23.3;22.5;23.9;23.2;22.7;22.5;96.0;93.0;95.0;315.0;2.4;1.0
2023/12/20;0500 UTC;0.0;988.0;988.0;987.6;;22.7;22.3;23.3;22.6;22.7;22.3;98.0;95.0;98.0;53.0;2.2;0.7
2023/12/20;0600 UTC;0.0;987.4;988.0;987.3;;22.6;22.3;22.7;22.4;22.5;22.2;99.0;98.0;98.0;324.0;1.2;0.5
2023/12/20;0700 UTC;0.0;987.4;987.6;987.2;;22.8;22.6;22.8;22.5;22.6;22.3;99.0;98.0;99.0;54.0;1.5;0.4
2023/12/20;0800 UTC;0.0;987.7;987.7;987.3;;22.9;22.6;23.1;22.8;22.7;22.6;99.0;98.0;98.0;29.0;1.9;0.9
2023/12/20;0900 UTC;0.0;987.9;987.9;987.6;;23.2;22.9;23.2;22.9;23.0;22.7;99.0;98.0;99.0;107.0;2.4;1.0
2023/12/20;1000 UTC;0.0;988.3;988.3;987.9;179.9;23.8;23.3;23.8;23.2;23.4;22.9;99.0;97.0;97.0;11.0;2.7;1.0
2023/12/20;1100 UTC;0.0;989.2;989.2;988.3;980.1;25.8;23.2;26.1;23.8;23.9;23.0;97.0;85.0;85.0;338.0;4.2;1.9
2023/12/20;1200 UTC;0.0;989.8;989.8;989.2;1838.0;28.5;23.0;28.6;25.8;23.9;22.6;86.0;72.0;72.0;348.0;3.9;1.8
2023/12/20;1300 UTC;0.0;990.1;990.2;989.8;2478.0;29.5;23.5;29.5;27.8;23.6;22.5;74.0;68.0;70.0;334.0;5.4;1.9
2023/12/20;1400 UTC;0.0;989.9;990.1;989.9;2479.8;30.8;23.7;31.1;29.2;24.1;22.7;72.0;64.0;66.0;351.0;4.9;2.3
2023/12/20;1500 UTC;0.0;988.6;989.9;988.6;3147.7;32.6;24.1;32.6;30.8;24.2;22.8;66.0;59.0;61.0;2.0;6.6;2.8
2023/12/20;1600 UTC;0.0;987.4;988.7;987.4;2136.9;31.9;24.2;32.7;27.5;26.0;22.0;84.0;59.0;64.0;354.0;6.6;2.3
2023/12/20;1700 UTC;0.0;986.2;987.4;986.2;3259.9;33.3;23.0;33.9;31.8;24.7;22.8;64.0;54.0;55.0;328.0;7.3;3.6
2023/12/20;1800 UTC;0.0;985.9;986.3;985.9;2405.2;31.7;23.2;34.1;31.7;23.5;22.5;61.0;52.0;61.0;350.0;9.0;3.5
2023/12/20;1900 UTC;0.0;985.6;985.9;985.5;881.1;30.0;24.0;31.8;29.7;24.5;23.6;71.0;61.0;70.0;12.0;8.2;2.7
2023/12/20;2000 UTC;0.0;985.3;985.9;985.3;1085.1;30.0;23.2;30.6;29.2;23.9;22.9;71.0;65.0;67.0;351.0;12.2;3.9
2023/12/20;2100 UTC;0.0;985.9;985.9;985.3;540.6;29.1;23.0;30.3;29.1;23.7;23.0;70.0;66.0;70.0;11.0;8.7;2.9
2023/12/20;2200 UTC;0.0;986.4;986.4;985.9;84.4;28.1;22.9;29.1;28.1;23.1;22.8;74.0;69.0;74.0;32.0;7.5;1.7
2023/12/20;2300 UTC;0.0;987.3;987.3;986.4;;27.2;22.4;28.1;27.2;23.0;22.4;76.0;74.0;75.0;31.0;4.3;1.4
2023/12/21;0000 UTC;0.0;988.6;988.6;987.3;;26.5;22.7;27.3;26.5;22.7;22.3;79.0;75.0;79.0;19.0;3.6;0.8
2023/12/21;0100 UTC;0.0;989.7;989.7;988.6;;26.0;23.7;26.5;26.0;23.7;22.7;87.0;79.0;87.0;3.0;2.2;1.1
2023/12/21;0200 UTC;;;;;;;;;;;;;;;;;
2023/12/21;0300 UTC;0.0;989.8;990.2;989.8;;25.2;24.0;25.6;25.2;24.0;23.9;93.0;91.0;93.0;6.0;1.6;0.5
2023/12/21;0400 UTC;0.0;989.1;989.8;989.1;;25.0;23.9;25.2;25.0;24.0;23.9;94.0;93.0;94.0;10.0;2.1;0.4
2023/12/21;0500 UTC;0.0;988.9;989.1;988.9;;24.3;23.8;25.0;24.3;23.9;23.6;97.0;94.0;97.0;69.0;1.5;0.7
2023/12/21;0600 UTC;0.0;988.4;988.9;988.4;;24.4;23.6;24.6;24.3;23.8;23.6;97.0;95.0;96.0;79.0;1.6;0.5
2023/12/21;0700 UTC;0.0;988.4;988.4;988.3;;24.2;23.1;24.4;24.2;23.6;23.1;95.0;93.0;94.0;16.0;2.6;0.9
2023/12/21;0800 UTC;0.0;989.0;989.0;988.4;;24.4;22.7;24.4;24.2;23.1;22.7;94.0;90.0;90.0;359.0;2.6;1.0
2023/12/21;0900 UTC;0.0;989.7;989.7;989.0;;24.1;22.8;24.4;24.1;22.8;22.7;93.0;90.0;92.0;34.0;2.8;0.6
2023/12/21;1000 UTC;0.0;990.5;990.5;989.7;120.3;24.7;23.1;24.7;24.1;23.2;22.8;93.0;91.0;91.0;18.0;2.5;0.5
2023/12/21;1100 UTC;0.0;991.1;991.1;990.5;484.6;25.8;23.3;25.9;24.7;23.5;23.0;91.0;86.0;86.0;42.0;3.3;0.8
2023/12/21;1200 UTC;0.0;992.1;992.1;991.1;990.7;27.2;23.4;27.4;25.8;23.9;23.1;87.0;79.0;79.0;7.0;5.0;2.3
2023/12/21;1300 UTC;0.0;992.3;992.3;992.1;1743.6;28.9;24.0;29.2;27.2;24.6;23.3;81.0;73.0;75.0;61.0;6.0;2.1
2023/12/21;1400 UTC;0.0;991.8;992.3;991.8;1340.8;29.3;24.4;29.9;27.9;24.5;23.5;79.0;71.0;75.0;45.0;4.6;1.4
2023/12/21;1500 UTC;0.0;990.9;991.8;990.9;1398.8;29.0;23.8;31.1;28.9;24.6;22.6;75.0;65.0;73.0;65.0;5.9;1.2
2023/12/21;1600 UTC;0.0;989.8;990.9;989.7;1971.3;31.0;23.5;31.3;28.6;25.4;23.5;82.0;63.0;64.0;333.0;5.6;2.8
2023/12/21;1700 UTC;0.0;988.8;989.8;988.8;1630.7;30.6;24.7;31.6;30.0;25.0;23.3;74.0;63.0;71.0;90.0;5.1;1.4
2023/12/21;1800 UTC;0.0;987.7;988.8;987.7;1671.2;32.3;23.7;32.5;30.6;25.2;23.1;72.0;59.0;61.0;20.0;5.6;2.1
2023/12/21;1900 UTC;0.0;987.6;987.7;987.5;761.6;29.1;23.0;32.3;29.1;24.0;22.7;70.0;60.0;70.0;359.0;7.3;2.9
2023/12/21;2000 UTC;0.0;987.6;987.6;987.4;662.9;29.8;23.4;29.8;29.0;23.7;22.8;73.0;69.0;69.0;73.0;7.3;0.7
2023/12/21;2100 UTC;0.0;988.0;988.0;987.5;284.3;28.2;25.2;30.0;28.2;25.4;23.4;84.0;68.0;84.0;115.0;1.5;0.7
2023/12/21;2200 UTC;0.0;988.6;988.6;988.0;20.5;26.7;25.2;28.2;26.7;25.4;25.0;91.0;84.0;91.0;164.0;1.0;0.4
2023/12/21;2300 UTC;0.0;989.7;989.7;988.6;;27.2;24.6;27.5;26.3;25.2;24.4;93.0;83.0;86.0;139.0;4.6;1.5
2023/12/22;0000 UTC;;;;;;;;;;;;;;;;;
2023/12/22;0100 UTC;0.0;991.3;991.3;990.4;;26.1;24.3;26.5;26.1;24.6;24.3;90.0;89.0;90.0;164.0;3.2;1.3
2023/12/22;0200 UTC;0.0;991.8;991.8;991.3;;25.7;24.2;26.1;25.7;24.4;24.2;92.0;90.0;91.0;157.0;3.6;1.8
2023/12/22;0300 UTC;;;;;;;;;;;;;;;;;
2023/12/22;0400 UTC;0.0;991.4;991.7;991.3;;24.6;23.7;25.2;24.4;23.8;23.3;95.0;89.0;95.0;317.0;3.7;1.1
2023/12/22;0500 UTC;5.2;991.0;991.6;990.8;;23.9;23.7;24.7;23.9;23.9;23.5;99.0;94.0;99.0;161.0;6.2;3.4
2023/12/22;0600 UTC;9.6;990.3;991.3;990.3;;23.8;23.7;24.1;23.7;23.8;23.5;100.0;98.0;100.0;127.0;6.2;0.9
2023/12/22;0700 UTC;2.4;990.1;990.3;990.1;;23.5;23.4;23.8;23.5;23.8;23.4;100.0;99.0;99.0;184.0;2.6;1.5
2023/12/22;0800 UTC;0.2;990.8;990.8;990.0;;23.7;23.5;23.7;23.4;23.6;23.3;100.0;99.0;99.0;218.0;3.0;0.7
2023/12/22;0900 UTC;0.2;991.8;991.8;990.8;;23.7;23.5;23.8;23.6;23.7;23.5;99.0;99.0;99.0;173.0;3.3;1.0
2023/12/22;1000 UTC;0.0;992.0;992.0;991.8;83.8;23.8;23.8;23.9;23.7;23.8;23.6;100.0;99.0;100.0;186.0;2.8;1.2
2023/12/22;1100 UTC;0.0;992.1;992.1;991.7;314.9;24.3;24.0;24.4;23.8;24.2;23.7;100.0;98.0;98.0;155.0;3.4;1.7
2023/12/22;1200 UTC;0.0;992.9;992.9;992.1;563.1;25.3;24.2;25.3;24.3;24.4;23.9;99.0;93.0;94.0;172.0;3.2;1.7
2023/12/22;1300 UTC;0.0;993.1;993.2;992.9;1113.4;27.4;24.7;27.5;25.3;25.1;24.1;95.0;85.0;85.0;131.0;5.5;2.4
2023/12/22;1400 UTC;0.0;992.9;993.1;992.9;1663.9;29.4;25.5;29.4;27.3;25.6;24.3;86.0;78.0;80.0;122.0;5.5;1.5
2023/12/22;1500 UTC;0.0;992.6;992.9;992.6;1983.3;29.9;25.1;30.4;29.2;25.8;24.6;80.0;72.0;76.0;101.0;5.1;2.4
2023/12/22;1600 UTC;0.0;991.5;992.6;991.5;2189.8;31.4;25.4;31.4;29.9;26.0;24.4;78.0;69.0;70.0;104.0;6.5;2.1
2023/12/22;1700 UTC;0.0;990.5;991.5;990.5;3016.8;31.5;24.1;32.1;31.1;25.4;23.6;70.0;62.0;65.0;129.0;6.5;2.4
2023/12/22;1800 UTC;7.2;990.0;990.5;989.9;1208.6;25.1;24.4;32.5;24.6;25.2;22.6;97.0;60.0;96.0;109.0;9.7;0.9
2023/12/22;1900 UTC;0.4;989.3;990.2;989.1;225.6;25.5;25.0;25.6;25.0;25.2;24.3;98.0;94.0;97.0;250.0;3.0;0.3
2023/12/22;2000 UTC;0.2;988.5;989.3;988.3;99.4;25.2;24.7;25.5;25.2;25.2;24.7;99.0;96.0;97.0;227.0;2.5;0.9
2023/12/22;2100 UTC;0.2;989.0;989.0;988.5;21.3;24.9;24.4;25.4;24.9;24.9;24.2;98.0;96.0;97.0;307.0;2.6;1.3
2023/12/22;2200 UTC;0.2;989.1;989.2;989.0;2.4;24.5;24.0;24.9;24.5;24.5;24.0;98.0;97.0;97.0;202.0;2.4;0.5
2023/12/22;2300 UTC;0.2;989.3;989.3;989.1;;24.2;23.9;24.5;24.2;24.1;23.7;98.0;96.0;98.0;206.0;2.0;0.5
2023/12/23;0000 UTC;0.0;990.6;990.6;989.3;;24.0;23.8;24.2;24.0;23.9;23.7;99.0;98.0;99.0;195.0;2.4;1.0
2023/12/23;0100 UTC;0.0;991.2;991.2;990.6;;24.0;23.7;24.1;24.0;23.9;23.7;99.0;98.0;99.0;152.0;2.4;0.6
2023/12/23;0200 UTC;0.0;991.5;991.5;991.1;;23.5;23.4;23.9;23.5;23.8;23.4;100.0;99.0;100.0;283.0;1.3;0.2
2023/12/23;0300 UTC;0.0;991.2;991.5;991.2;;23.3;23.3;23.7;23.3;23.7;23.2;100.0;99.0;100.0;307.0;1.5;0.8
2023/12/23;0400 UTC;0.0;990.6;991.2;990.6;;23.2;23.1;23.4;23.1;23.4;23.1;100.0;99.0;100.0;321.0;1.5;0.6
2023/12/23;0500 UTC;0.0;990.2;990.6;990.2;;23.4;23.3;23.5;23.1;23.4;23.1;100.0;99.0;99.0;242.0;1.8;0.6
2023/12/23;0600 UTC;0.0;990.3;990.4;990.2;;23.5;23.0;23.6;23.4;23.4;23.0;99.0;97.0;97.0;237.0;2.0;0.5
2023/12/23;0700 UTC;0.0;990.5;990.5;990.2;;23.3;23.0;23.5;23.3;23.1;22.9;98.0;97.0;98.0;259.0;1.7;0.5
2023/12/23;0800 UTC;0.0;991.0;991.0;990.3;;23.2;23.0;23.5;23.1;23.1;22.9;99.0;98.0;99.0;139.0;2.5;0.3
2023/12/23;0900 UTC;0.0;991.8;991.8;991.0;;23.4;23.3;23.5;23.1;23.4;23.0;100.0;99.0;99.0;157.0;1.1;0.6
2023/12/23;1000 UTC;0.0;992.6;992.6;991.8;228.9;24.7;23.9;24.7;23.3;24.0;23.2;99.0;95.0;95.0;242.0;2.0;0.8
2023/12/23;1100 UTC;0.0;993.2;993.2;992.6;800.6;26.3;25.0;26.7;24.7;25.3;23.9;96.0;89.0;93.0;184.0;3.2;1.5
2023/12/23;1200 UTC;0.0;993.7;993.7;993.2;1822.8;28.3;25.4;28.5;26.3;25.9;24.7;93.0;82.0;84.0;170.0;4.9;2.2
2023/12/23;1300 UTC;0.0;993.6;993.8;993.6;2366.0;29.5;25.3;29.8;28.3;26.1;24.8;85.0;76.0;78.0;168.0;3.7;1.7
2023/12/23;1400 UTC;0.0;993.1;993.6;993.1;2482.3;31.2;25.9;32.0;29.6;26.4;25.1;80.0;68.0;74.0;205.0;3.5;1.3
2023/12/23;1500 UTC;0.0;992.0;993.1;992.0;2184.3;32.0;25.0;32.5;30.9;26.6;24.8;77.0;66.0;67.0;228.0;4.8;2.0
2023/12/23;1600 UTC;0.0;990.9;992.0;990.8;2335.0;31.9;25.7;33.0;31.6;26.3;24.6;71.0;63.0;70.0;241.0;4.8;1.5
2023/12/23;1700 UTC;0.8;990.7;991.0;990.4;632.8;28.0;25.7;31.9;27.5;26.9;22.5;89.0;66.0;87.0;138.0;6.3;1.7
2023/12/23;1800 UTC;2.0;991.6;992.3;990.7;119.9;22.5;21.0;28.6;22.0;25.8;20.3;93.0;78.0;92.0;251.0;13.0;0.9
2023/12/23;1900 UTC;0.4;990.5;991.8;990.5;26.1;22.2;21.3;22.6;21.8;21.5;20.4;96.0;92.0;95.0;211.0;4.1;0.6
2023/12/23;2000 UTC;0.4;989.6;990.5;989.6;40.4;24.4;23.9;24.4;22.2;23.9;21.3;99.0;93.0;97.0;207.0;5.5;1.8
2023/12/23;2100 UTC;0.4;989.7;989.7;989.6;109.8;24.7;24.2;24.7;24.4;24.2;23.8;97.0;96.0;97.0;245.0;4.2;0.4
2023/12/23;2200 UTC;0.0;989.4;989.7;989.3;26.2;24.3;24.1;24.7;24.3;24.3;24.1;99.0;97.0;99.0;154.0;2.3;1.3
2023/12/23;2300 UTC;0.0;990.0;990.0;989.4;;24.3;24.1;24.4;24.2;24.2;24.0;99.0;99.0;99.0;277.0;2.6;0.8
2023/12/24;0000 UTC;;;;;;;;;;;;;;;;;
2023/12/24;0100 UTC;0.0;991.1;991.1;990.6;;23.5;23.5;23.8;23.3;23.7;23.3;100.0;99.0;100.0;152.0;1.1;0.6
2023/12/24;0200 UTC;0.0;991.1;991.2;991.1;;23.7;23.7;23.8;23.4;23.8;23.3;100.0;100.0;100.0;164.0;1.8;0.7
2023/12/24;0300 UTC;0.0;991.0;991.3;991.0;;23.7;23.7;23.8;23.6;23.8;23.5;100.0;100.0;100.0;155.0;5.0;2.6
2023/12/24;0400 UTC;0.0;990.7;991.0;990.6;;23.8;23.7;23.8;23.7;23.7;23.6;100.0;99.0;99.0;190.0;5.0;1.5
2023/12/24;0500 UTC;0.0;990.5;990.8;990.5;;23.7;23.6;23.8;23.7;23.7;23.6;100.0;99.0;99.0;192.0;2.7;0.8
2023/12/24;0600 UTC;0.0;990.5;990.6;990.5;;23.5;23.5;23.7;23.5;23.6;23.5;100.0;99.0;100.0;159.0;1.6;0.8
2023/12/24;0700 UTC;0.0;990.3;990.5;990.3;;23.3;23.3;23.6;23.3;23.5;23.3;100.0;100.0;100.0;140.0;1.4;0.6
2023/12/24;0800 UTC;0.2;990.7;990.7;990.3;;23.3;23.3;23.4;23.2;23.4;23.2;100.0;100.0;100.0;207.0;1.2;0.7
2023/12/24;0900 UTC;0.0;991.5;991.5;990.7;;23.2;23.2;23.4;23.1;23.4;23.0;100.0;100.0;100.0;146.0;1.2;0.6
2023/12/24;1000 UTC;0.0;992.3;992.3;991.5;104.6;23.6;23.6;23.6;23.1;23.6;23.1;100.0;100.0;100.0;207.0;1.4;0.7
2023/12/24;1100 UTC;0.0;992.6;992.6;992.2;1123.5;26.0;23.6;26.1;23.6;24.5;23.6;100.0;87.0;87.0;152.0;3.4;2.0
2023/12/24;1200 UTC;0.0;992.9;992.9;992.6;1903.8;28.4;23.1;28.5;26.0;24.4;23.1;89.0;73.0;73.0;131.0;5.7;2.5
2023/12/24;1300 UTC;0.0;992.7;993.0;992.7;2454.2;30.3;23.8;30.3;28.3;24.3;22.9;76.0;67.0;68.0;139.0;5.7;2.3
2023/12/24;1400 UTC;0.0;992.2;992.8;992.2;3165.5;31.6;23.3;31.6;30.2;24.0;22.3;68.0;61.0;62.0;142.0;6.1;2.9
2023/12/24;1500 UTC;0.0;991.1;992.2;991.1;3580.3;33.0;22.7;33.0;31.4;25.0;22.4;66.0;55.0;55.0;163.0;6.0;2.5
2023/12/24;1600 UTC;0.0;990.4;991.1;990.4;3700.0;34.2;23.1;34.4;32.8;24.3;22.1;58.0;50.0;53.0;117.0;5.7;2.0
2023/12/24;1700 UTC;0.0;989.2;990.4;989.2;3580.7;34.7;21.5;35.1;33.9;24.3;21.5;56.0;46.0;46.0;151.0;5.8;2.0
2023/12/24;1800 UTC;0.0;988.1;989.2;988.1;2974.8;35.2;21.5;35.8;34.6;23.2;21.1;50.0;43.0;45.0;170.0;4.6;1.3
2023/12/24;1900 UTC;0.0;987.4;988.1;987.4;2017.3;35.4;22.7;35.6;34.8;23.2;21.4;50.0;44.0;48.0;174.0;3.2;1.7
2023/12/24;2000 UTC;0.0;987.1;987.4;987.0;1244.5;34.8;22.0;35.5;34.6;23.3;21.8;50.0;46.0;48.0;168.0;3.8;1.3
2023/12/24;2100 UTC;0.0;987.5;987.5;987.0;528.4;34.0;24.8;35.3;34.0;24.8;21.8;59.0;47.0;59.0;185.0;3.0;0.9
2023/12/24;2200 UTC;0.0;988.1;988.1;987.5;66.0;28.8;25.2;34.0;28.8;26.3;24.2;85.0;57.0;81.0;20.0;2.2;0.7
2023/12/24;2300 UTC;0.0;988.9;988.9;988.1;;27.5;25.6;28.9;27.5;25.6;24.6;89.0;78.0;89.0;275.0;2.2;0.3
2023/12/25;0000 UTC;;;;;;;;;;;;;;;;;
2023/12/25;0100 UTC;;;;;;;;;;;;;;;;;
2023/12/25;0200 UTC;;;;;;;;;;;;;;;;;
2023/12/25;0300 UTC;0.0;989.4;989.9;989.4;;25.2;24.9;25.7;25.2;25.3;24.9;99.0;97.0;98.0;178.0;0.5;0.1
2023/12/25;0400 UTC;;;;;;;;;;;;;;;;;
2023/12/25;0500 UTC;0.0;988.4;988.6;988.3;;24.2;24.1;24.9;24.2;24.7;24.1;99.0;98.0;99.0;111.0;0.8;0.2
2023/12/25;0600 UTC;0.0;988.6;988.6;988.4;;23.7;23.7;24.2;23.7;24.1;23.6;100.0;99.0;100.0;334.0;1.1;0.4
2023/12/25;0700 UTC;0.0;988.5;988.7;988.5;;23.5;23.5;24.0;23.4;23.9;23.3;100.0;99.0;100.0;307.0;1.0;0.4
2023/12/25;0800 UTC;0.0;988.5;988.5;988.5;;23.3;23.2;23.6;23.2;23.5;23.1;100.0;99.0;100.0;337.0;1.0;0.4
2023/12/25;0900 UTC;0.0;989.0;989.0;988.4;2.3;23.1;23.1;23.3;22.9;23.2;22.8;100.0;99.0;100.0;316.0;1.0;0.6
2023/12/25;1000 UTC;0.0;990.2;990.2;989.0;312.7;26.8;24.3;26.8;23.1;24.6;23.0;100.0;87.0;87.0;179.0;1.0;0.3
2023/12/25;1100 UTC;0.0;991.2;991.2;990.2;1068.7;29.4;24.9;29.4;26.7;24.9;23.3;86.0;74.0;77.0;249.0;2.4;1.0
2023/12/25;1200 UTC;0.0;991.5;991.5;991.2;1270.5;29.9;24.8;30.2;29.2;25.0;23.8;77.0;71.0;74.0;138.0;2.4;0.8
2023/12/25;1300 UTC;0.0;991.7;991.8;991.5;1544.2;31.3;25.0;31.6;30.0;26.0;24.5;76.0;68.0;70.0;208.0;2.7;0.8
2023/12/25;1400 UTC;0.0;991.3;991.7;991.3;1936.2;32.9;25.6;32.9;31.3;25.8;24.4;71.0;64.0;66.0;108.0;3.1;1.2
2023/12/25;1500 UTC;0.0;990.5;991.3;990.5;3218.8;34.0;24.2;34.1;32.6;26.0;23.9;67.0;56.0;57.0;169.0;4.8;2.4
2023/12/25;1600 UTC;0.0;989.1;990.5;989.1;3228.2;34.9;23.6;35.7;34.0;25.4;23.6;59.0;51.0;52.0;163.0;4.8;1.8
2023/12/25;1700 UTC;0.0;987.3;989.1;987.3;3308.0;36.2;22.2;36.4;34.9;23.8;21.0;53.0;41.0;44.0;105.0;5.5;1.9
2023/12/25;1800 UTC;0.0;986.5;987.5;986.4;2769.5;36.1;22.7;37.1;35.6;23.6;21.3;49.0;41.0;46.0;133.0;6.9;2.1
2023/12/25;1900 UTC;9.0;987.0;988.7;986.5;505.4;26.1;24.3;36.1;25.8;24.4;21.5;90.0;45.0;90.0;310.0;14.4;2.1
2023/12/25;2000 UTC;0.0;988.0;988.0;986.6;402.3;27.0;24.7;27.4;26.0;24.9;23.6;92.0;82.0;87.0;149.0;5.1;1.1
2023/12/25;2100 UTC;0.0;988.9;988.9;988.0;134.5;25.8;23.9;27.0;25.8;25.0;23.6;90.0;83.0;90.0;14.0;6.0;2.0
2023/12/25;2200 UTC;0.6;989.6;989.6;988.8;4.4;25.1;23.5;25.9;24.9;24.2;23.5;93.0;90.0;91.0;261.0;6.0;1.0
2023/12/25;2300 UTC;0.0;989.9;989.9;989.3;;24.6;23.8;25.2;24.4;23.9;23.3;96.0;91.0;95.0;247.0;3.5;0.4
2023/12/26;0000 UTC;;;;;;;;;;;;;;;;;
2023/12/26;0100 UTC;;;;;;;;;;;;;;;;;
2023/12/26;0200 UTC;0.0;991.0;991.1;990.7;;23.6;23.5;24.0;23.4;24.0;23.3;100.0;99.0;100.0;284.0;1.3;0.5
2023/12/26;0300 UTC;;;;;;;;;;;;;;;;;
2023/12/26;0400 UTC;0.0;990.9;991.1;990.9;;22.9;22.9;23.5;22.8;23.5;22.8;100.0;100.0;100.0;350.0;1.3;0.9
2023/12/26;0500 UTC;0.0;991.0;991.0;990.6;;23.2;23.2;23.3;22.8;23.3;22.8;100.0;100.0;100.0;148.0;1.4;0.9
2023/12/26;0600 UTC;0.0;990.8;991.2;990.7;;23.5;23.4;23.5;23.1;23.5;23.1;100.0;100.0;100.0;225.0;2.0;0.3
2023/12/26;0700 UTC;0.0;991.0;991.0;990.7;;23.0;23.0;23.7;23.0;23.7;23.0;100.0;99.0;100.0;247.0;1.5;0.2
2023/12/26;0800 UTC;0.0;991.7;991.7;991.0;;22.9;22.8;23.0;22.7;23.0;22.7;100.0;100.0;100.0;332.0;2.2;1.6
2023/12/26;0900 UTC;0.0;992.3;992.3;991.7;;22.4;22.4;23.0;22.4;23.0;22.4;100.0;100.0;100.0;357.0;2.1;0.9
2023/12/26;1000 UTC;0.0;992.6;992.6;992.3;246.8;24.0;23.9;24.0;22.4;23.9;22.4;100.0;99.0;99.0;199.0;1.4;0.4
2023/12/26;1100 UTC;0.0;993.2;993.2;992.6;950.5;26.4;23.7;26.6;24.1;24.3;23.5;99.0;84.0;85.0;202.0;2.3;1.0
2023/12/26;1200 UTC;0.0;993.3;993.5;993.2;1680.5;27.7;23.9;27.8;26.4;24.9;23.4;86.0;79.0;80.0;179.0;4.0;2.3
2023/12/26;1300 UTC;0.0;993.6;993.6;993.3;2530.5;30.1;24.7;30.4;27.6;25.5;23.7;84.0;70.0;73.0;130.0;4.1;1.0
2023/12/26;1400 UTC;0.0;993.3;993.6;993.2;2984.8;31.5;23.6;31.9;30.1;25.4;23.3;74.0;63.0;63.0;193.0;3.7;1.7
2023/12/26;1500 UTC;0.0;992.5;993.3;992.5;3106.3;32.8;24.5;33.1;31.3;25.5;23.2;69.0;57.0;62.0;196.0;3.3;1.2
2023/12/26;1600 UTC;0.0;991.7;992.5;991.7;3031.4;33.5;25.1;33.7;32.3;25.1;23.7;65.0;57.0;62.0;211.0;4.0;1.5
2023/12/26;1700 UTC;0.0;990.5;991.7;990.5;3295.8;34.7;24.7;35.0;33.0;25.8;23.4;62.0;52.0;56.0;247.0;4.2;1.3
2023/12/26;1800 UTC;0.0;989.6;990.5;989.6;2784.8;34.8;24.4;35.5;34.0;24.8;22.8;57.0;50.0;55.0;201.0;5.8;2.0
2023/12/26;1900 UTC;0.0;989.0;989.6;989.0;2043.3;35.1;23.0;35.4;34.0;24.7;22.7;57.0;49.0;50.0;204.0;5.8;1.1
2023/12/26;2000 UTC;0.0;988.3;989.0;988.3;1376.5;34.3;22.6;35.7;34.3;24.3;22.5;56.0;48.0;51.0;248.0;3.7;1.3
2023/12/26;2100 UTC;0.0;987.9;988.3;987.9;367.0;31.5;26.2;34.7;31.5;26.2;22.9;74.0;51.0;74.0;145.0;4.1;0.9
2023/12/26;2200 UTC;0.0;988.2;988.2;987.9;34.0;28.6;25.9;31.5;28.6;27.0;25.1;85.0;73.0;85.0;86.0;2.4;0.3
2023/12/26;2300 UTC;0.0;988.5;988.6;988.2;;27.1;25.8;28.6;27.1;26.0;25.6;93.0;85.0;92.0;232.0;1.1;0.4
2023/12/27;0000 UTC;0.0;989.8;989.8;988.5;;26.6;25.4;27.2;26.6;26.0;25.2;94.0;92.0;93.0;229.0;1.1;0.3
2023/12/27;0100 UTC;0.0;990.4;990.4;989.7;;26.5;25.0;26.6;25.9;25.6;25.0;97.0;92.0;92.0;190.0;1.9;0.8
2023/12/27;0200 UTC;;;;;;;;;;;;;;;;;
2023/12/27;0300 UTC;0.0;990.7;991.1;990.7;;25.5;24.8;25.9;25.2;25.0;24.6;97.0;94.0;96.0;267.0;1.1;0.5
2023/12/27;0400 UTC;0.0;990.2;990.8;990.2;;24.6;24.3;25.6;24.6;24.7;24.3;98.0;94.0;98.0;187.0;0.9;0.3
2023/12/27;0500 UTC;0.0;989.9;990.3;989.9;;24.5;24.2;24.8;24.5;24.5;24.1;99.0;98.0;98.0;197.0;1.1;0.1
2023/12/27;0600 UTC;0.0;989.2;989.9;989.2;;23.7;23.6;24.5;23.7;24.1;23.6;99.0;98.0;99.0;123.0;0.6;0.2
2023/12/27;0700 UTC;0.0;989.0;989.2;989.0;;23.7;23.5;24.0;23.7;23.9;23.5;99.0;98.0;99.0;273.0;0.9;0.2
2023/12/27;0800 UTC;0.0;989.1;989.1;989.0;;23.4;23.3;23.7;23.3;23.6;23.2;100.0;99.0;100.0;171.0;0.6;0.4
2023/12/27;0900 UTC;0.0;989.2;989.3;989.1;;23.1;23.1;23.4;22.8;23.4;22.7;100.0;99.0;100.0;131.0;0.7;0.2
2023/12/27;1000 UTC;0.0;990.2;990.2;989.2;243.5;25.2;24.8;25.2;23.0;24.8;22.9;100.0;98.0;98.0;310.0;1.3;0.6
2023/12/27;1100 UTC;0.0;990.7;990.7;990.2;678.9;27.9;24.5;27.9;25.2;25.0;24.0;97.0;82.0;82.0;149.0;2.2;0.6
2023/12/27;1200 UTC;0.0;991.3;991.4;990.7;1687.2;30.1;24.9;30.5;28.0;25.6;24.0;83.0;71.0;74.0;196.0;4.1;1.9
2023/12/27;1300 UTC;0.0;991.6;991.6;991.2;2062.8;31.6;25.3;31.9;29.9;25.7;24.1;75.0;66.0;69.0;216.0;5.0;1.4
2023/12/27;1400 UTC;0.0;991.7;991.8;991.6;2610.1;33.2;24.7;33.2;31.5;25.7;24.2;70.0;61.0;61.0;234.0;4.8;1.3
2023/12/27;1500 UTC;0.0;991.2;991.7;991.2;3111.2;33.5;24.6;34.0;32.6;25.9;24.1;67.0;59.0;59.0;164.0;5.3;2.0
2023/12/27;1600 UTC;0.0;990.4;991.2;990.4;3792.0;34.8;23.9;35.4;33.5;26.0;23.6;62.0;52.0;53.0;120.0;5.3;1.5
2023/12/27;1700 UTC;0.0;989.5;990.4;989.0;3571.9;35.3;23.9;35.7;34.6;25.7;23.4;59.0;50.0;52.0;154.0;4.7;1.9
2023/12/27;1800 UTC;0.0;989.4;989.5;988.5;847.9;29.3;24.1;35.6;29.3;26.9;23.4;74.0;51.0;74.0;17.0;10.2;3.0
2023/12/27;1900 UTC;6.4;989.2;990.6;989.2;151.1;24.3;23.4;29.3;24.1;25.3;22.7;95.0;73.0;95.0;331.0;7.0;1.7
2023/12/27;2000 UTC;0.0;988.5;989.2;988.2;187.2;25.5;24.5;25.6;24.2;24.8;23.5;98.0;94.0;94.0;32.0;3.5;1.1
2023/12/27;2100 UTC;0.2;987.7;988.5;987.5;122.1;25.9;24.7;26.1;25.4;25.1;24.5;97.0;91.0;93.0;307.0;3.5;0.9
2023/12/27;2200 UTC;0.0;988.6;988.7;987.6;23.1;25.6;24.6;26.0;25.2;24.9;24.3;97.0;93.0;94.0;224.0;2.7;0.7
2023/12/27;2300 UTC;0.0;989.1;989.1;988.5;;25.1;24.6;25.6;24.9;24.8;24.4;98.0;94.0;97.0;270.0;2.7;0.6
2023/12/28;0000 UTC;0.0;989.6;989.6;989.0;;24.4;24.3;25.1;24.3;24.7;24.2;100.0;97.0;100.0;352.0;1.9;0.6
2023/12/28;0100 UTC;0.0;990.1;990.1;989.6;;24.0;24.0;24.5;24.0;24.5;24.0;100.0;99.0;100.0;329.0;1.6;0.3
2023/12/28;0200 UTC;0.0;990.3;990.4;990.0;;23.8;23.8;24.1;23.6;24.1;23.6;100.0;100.0;100.0;21.0;2.0;0.4
2023/12/28;0300 UTC;0.0;989.9;990.3;989.8;;23.4;23.3;23.9;23.2;23.9;23.2;100.0;100.0;100.0;25.0;1.1;0.2
2023/12/28;0400 UTC;0.0;989.5;990.0;989.5;;23.1;23.1;23.4;22.9;23.3;22.9;100.0;100.0;100.0;12.0;2.0;0.2
2023/12/28;0500 UTC;0.0;989.1;989.5;989.1;;22.8;22.8;23.3;22.8;23.3;22.7;100.0;100.0;100.0;4.0;1.7;0.7
2023/12/28;0600 UTC;0.0;988.8;989.1;988.6;;23.0;23.0;23.4;22.7;23.4;22.7;100.0;100.0;100.0;158.0;1.5;0.5
2023/12/28;0700 UTC;0.0;989.1;989.1;988.8;;22.6;22.6;23.3;22.6;23.3;22.5;100.0;100.0;100.0;47.0;1.5;0.6
2023/12/28;0800 UTC;0.0;989.5;989.5;989.0;;22.8;22.8;22.9;22.6;22.9;22.6;100.0;100.0;100.0;2.0;2.0;1.0
2023/12/28;0900 UTC;0.0;989.7;989.7;989.4;;23.0;22.9;23.1;22.8;23.0;22.8;100.0;100.0;100.0;23.0;2.3;0.7
2023/12/28;1000 UTC;0.0;990.1;990.1;989.6;185.8;24.0;24.0;24.0;23.0;24.0;22.9;100.0;99.0;100.0;17.0;1.8;0.8
2023/12/28;1100 UTC;0.0;990.6;990.6;990.1;940.5;25.9;24.3;26.0;24.0;24.6;23.8;100.0;89.0;91.0;344.0;3.7;1.7
2023/12/28;1200 UTC;0.2;991.1;991.1;990.6;1693.7;27.9;23.3;28.1;25.9;24.7;23.2;91.0;75.0;76.0;333.0;3.9;2.5
2023/12/28;1300 UTC;0.0;991.2;991.2;991.1;2402.0;29.8;24.3;30.2;27.9;25.2;23.1;79.0;69.0;73.0;330.0;4.8;2.9
2023/12/28;1400 UTC;0.0;991.1;991.3;991.1;3016.8;31.6;23.7;31.8;29.8;25.2;22.7;74.0;59.0;63.0;277.0;4.8;2.3
2023/12/28;1500 UTC;0.0;990.5;991.1;990.5;3346.7;33.0;24.2;33.0;31.2;25.1;23.1;67.0;60.0;60.0;329.0;4.4;2.0
2023/12/28;1600 UTC;0.0;989.5;990.5;989.5;3191.5;33.6;23.6;34.1;32.4;25.5;23.0;64.0;54.0;56.0;305.0;5.6;1.8
2023/12/28;1700 UTC;0.0;988.8;989.5;988.8;2429.3;33.8;24.3;34.7;33.3;24.9;23.0;59.0;52.0;58.0;271.0;3.7;1.3
2023/12/28;1800 UTC;0.0;987.9;988.9;987.9;769.1;31.9;27.1;34.0;31.8;27.1;24.0;76.0;58.0;76.0;82.0;3.1;1.2
2023/12/28;1900 UTC;0.0;987.7;988.0;987.6;330.6;30.4;26.5;31.9;30.1;27.3;25.9;84.0;72.0;80.0;104.0;3.4;1.5
2023/12/28;2000 UTC;0.0;987.4;987.9;987.4;219.8;27.2;23.3;30.4;27.2;26.3;23.2;80.0;76.0;79.0;125.0;7.5;2.9
2023/12/28;2100 UTC;0.0;988.4;988.6;987.4;172.5;26.7;23.1;27.2;26.7;23.7;23.1;83.0;79.0;81.0;100.0;5.9;2.7
2023/12/28;2200 UTC;0.0;988.7;988.7;987.9;34.4;26.0;23.0;26.7;25.9;23.2;22.8;85.0;80.0;84.0;54.0;5.8;1.2
2023/12/28;2300 UTC;0.0;989.5;989.5;988.7;;25.5;23.3;26.0;25.0;23.9;23.0;92.0;83.0;88.0;190.0;3.0;1.9
2023/12/29;0000 UTC;0.0;989.9;989.9;989.5;;24.7;23.6;25.7;24.7;23.9;23.2;94.0;87.0;94.0;60.0;3.0;0.9
2023/12/29;0100 UTC;0.0;991.2;991.2;989.9;;24.9;23.7;24.9;24.4;23.9;23.5;96.0;93.0;93.0;255.0;1.8;0.9
2023/12/29;0200 UTC;;;;;;;;;;;;;;;;;
2023/12/29;0300 UTC;0.0;991.5;991.6;991.3;;24.3;23.9;25.1;24.2;24.0;23.6;98.0;92.0;98.0;115.0;2.7;0.8
2023/12/29;0400 UTC;0.0;990.9;991.6;990.9;;23.7;23.5;24.3;23.7;23.9;23.5;99.0;97.0;99.0;63.0;2.7;0.5
2023/12/29;0500 UTC;0.0;989.8;990.9;989.8;;23.3;23.3;23.8;23.3;23.7;23.2;100.0;99.0;100.0;358.0;1.0;0.4
2023/12/29;0600 UTC;0.0;989.0;989.8;988.9;;23.1;23.1;23.5;23.1;23.4;23.1;100.0;99.0;100.0;294.0;1.3;0.7
2023/12/29;0700 UTC;0.0;989.0;989.0;988.8;;22.6;22.6;23.3;22.6;23.2;22.6;100.0;100.0;100.0;68.0;1.3;0.9
2023/12/29;0800 UTC;0.0;989.0;989.1;989.0;;22.7;22.7;22.9;22.5;22.9;22.5;100.0;100.0;100.0;355.0;1.6;0.6
2023/12/29;0900 UTC;0.0;989.7;989.7;989.0;;22.6;22.6;22.7;22.4;22.7;22.4;100.0;100.0;100.0;334.0;1.4;0.6
2023/12/29;1000 UTC;0.0;990.6;990.7;989.7;200.7;23.9;23.8;24.0;22.6;24.0;22.5;100.0;99.0;100.0;341.0;1.4;0.3
2023/12/29;1100 UTC;0.0;991.4;991.4;990.6;761.1;25.8;24.3;25.9;23.9;24.8;23.8;100.0;91.0;92.0;355.0;1.9;0.9
2023/12/29;1200 UTC;0.0;991.8;991.8;991.3;1742.6;28.6;24.1;28.8;25.7;25.4;24.1;94.0;77.0;77.0;283.0;3.8;1.7
2023/12/29;1300 UTC;0.0;992.1;992.1;991.8;1755.4;29.3;24.0;29.7;28.1;24.6;23.3;80.0;72.0;73.0;297.0;3.8;1.1
2023/12/29;1400 UTC;0.0;991.4;992.2;991.3;2963.3;31.1;23.6;31.4;29.1;25.2;23.0;75.0;63.0;64.0;9.0;4.7;2.1
2023/12/29;1500 UTC;0.0;990.8;991.4;990.8;3509.8;32.9;24.0;33.0;31.1;25.7;23.2;68.0;58.0;60.0;348.0;4.7;2.1
2023/12/29;1600 UTC;0.0;990.7;990.9;990.7;3634.9;33.3;23.1;34.2;32.4;24.2;22.3;60.0;52.0;55.0;345.0;4.8;2.3
2023/12/29;1700 UTC;0.0;990.0;990.7;990.0;3240.7;34.1;22.1;34.7;33.3;23.9;21.5;57.0;47.0;50.0;335.0;5.1;1.6
2023/12/29;1800 UTC;0.0;988.8;990.0;988.8;1859.4;32.9;22.9;35.8;32.9;23.6;20.9;58.0;45.0;56.0;335.0;4.0;1.7
2023/12/29;1900 UTC;0.0;987.8;988.8;987.7;1813.6;34.8;23.5;34.8;32.8;24.6;22.5;60.0;51.0;52.0;282.0;4.9;2.4
2023/12/29;2000 UTC;0.0;987.3;987.8;987.3;1233.0;34.7;23.1;35.2;34.1;23.8;22.5;54.0;50.0;51.0;272.0;4.6;1.9
2023/12/29;2100 UTC;0.0;988.1;988.2;987.2;464.6;27.9;23.6;34.9;27.9;24.7;22.1;77.0;48.0;77.0;119.0;10.7;4.4
2023/12/29;2200 UTC;0.0;989.1;989.1;987.9;63.1;26.3;22.9;27.9;25.9;23.9;22.9;89.0;77.0;81.0;99.0;9.1;0.8
2023/12/29;2300 UTC;0.0;989.7;989.8;989.0;;27.1;23.4;27.4;26.2;23.4;22.2;82.0;74.0;80.0;335.0;5.5;1.8
2023/12/30;0000 UTC;0.0;991.1;991.2;989.7;;26.2;24.4;27.2;26.2;24.4;23.4;90.0;80.0;90.0;145.0;3.4;0.8
2023/12/30;0100 UTC;;;;;;;;;;;;;;;;;
2023/12/30;0200 UTC;0.0;992.2;992.4;991.9;;25.4;24.3;26.1;25.4;24.7;24.2;94.0;91.0;94.0;22.0;1.7;0.3
2023/12/30;0300 UTC;0.0;991.9;992.2;991.9;;25.2;24.4;25.5;24.9;24.5;24.1;96.0;94.0;95.0;274.0;1.5;0.6
2023/12/30;0400 UTC;0.0;991.2;992.0;991.2;;24.3;23.9;25.3;24.3;24.5;23.9;98.0;94.0;98.0;87.0;1.5;0.3
2023/12/30;0500 UTC;0.0;990.4;991.2;990.4;;23.8;23.7;24.6;23.8;24.2;23.6;99.0;97.0;99.0;90.0;0.9;0.4
2023/12/30;0600 UTC;0.0;990.1;990.5;990.0;;24.0;23.7;24.0;23.6;23.9;23.5;100.0;98.0;98.0;334.0;1.7;0.8
2023/12/30;0700 UTC;0.0;990.6;990.6;990.1;;23.3;23.3;24.0;23.3;23.8;23.2;99.0;98.0;99.0;42.0;1.3;0.5
2023/12/30;0800 UTC;0.0;991.0;991.0;990.6;;23.3;23.2;23.5;23.2;23.4;23.1;100.0;99.0;99.0;299.0;1.4;0.5
2023/12/30;0900 UTC;0.0;991.5;991.5;991.0;;23.4;23.3;23.4;23.2;23.3;23.1;100.0;99.0;100.0;19.0;1.4;0.6
2023/12/30;1000 UTC;0.0;992.2;992.2;991.5;138.3;24.5;24.1;24.5;23.3;24.1;23.2;100.0;97.0;97.0;126.0;1.4;0.4
2023/12/30;1100 UTC;0.0;992.8;992.8;992.2;589.5;26.9;24.4;26.9;24.5;24.8;23.9;98.0;86.0;86.0;250.0;2.2;1.2
2023/12/30;1200 UTC;0.0;993.2;993.2;992.8;1202.1;28.4;24.7;28.6;26.9;25.0;24.3;87.0;80.0;80.0;248.0;4.4;2.2
2023/12/30;1300 UTC;0.0;993.4;993.5;993.1;1650.1;30.7;24.7;30.7;28.3;25.0;23.8;82.0;70.0;70.0;263.0;5.5;2.0
2023/12/30;1400 UTC;0.0;993.3;993.4;993.2;2710.1;31.4;25.1;31.9;29.9;25.1;23.5;72.0;64.0;69.0;217.0;6.0;1.9
2023/12/30;1500 UTC;0.0;992.1;993.3;992.0;3367.2;33.4;24.2;33.4;30.9;25.3;23.8;70.0;59.0;59.0;259.0;6.6;2.9
2023/12/30;1600 UTC;0.0;991.1;992.1;991.1;3170.2;33.2;24.5;33.7;32.2;24.9;23.5;64.0;57.0;60.0;246.0;6.9;3.1
2023/12/30;1700 UTC;0.0;989.6;991.1;989.6;3226.5;32.8;24.0;33.8;32.2;25.2;23.7;64.0;59.0;60.0;234.0;8.6;3.9
2023/12/30;1800 UTC;0.0;989.2;989.6;989.1;1767.1;31.8;24.4;33.9;31.8;24.9;23.8;65.0;57.0;65.0;207.0;8.3;1.8
2023/12/30;1900 UTC;0.0;990.0;990.1;989.1;95.3;25.4;22.8;31.7;25.2;24.8;21.2;85.0;64.0;85.0;30.0;8.2;2.8
2023/12/30;2000 UTC;11.0;990.3;990.4;990.0;12.4;23.0;22.0;25.5;23.0;22.9;21.3;94.0;80.0;94.0;160.0;7.6;1.7
2023/12/30;2100 UTC;0.6;990.4;990.4;990.2;10.2;23.6;23.3;24.1;23.0;23.3;22.2;99.0;89.0;98.0;93.0;7.1;0.5
2023/12/30;2200 UTC;2.6;991.3;991.3;990.4;2.0;23.7;23.6;23.7;23.4;23.6;23.2;100.0;98.0;100.0;356.0;2.3;1.2
2023/12/30;2300 UTC;0.2;991.3;991.4;991.3;;23.7;23.6;23.8;23.6;23.8;23.5;100.0;99.0;99.0;88.0;2.4;0.3
2023/12/31;0000 UTC;;;;;;;;;;;;;;;;;
2023/12/31;0100 UTC;0.0;991.5;991.5;991.1;;23.7;23.6;23.8;23.5;23.6;23.4;100.0;99.0;99.0;290.0;2.6;0.8
2023/12/31;0200 UTC;;;;;;;;;;;;;;;;;
2023/12/31;0300 UTC;0.0;992.3;992.5;992.2;;23.2;23.2;23.3;23.2;23.2;23.1;100.0;99.0;100.0;8.0;2.5;1.0
2023/12/31;0400 UTC;0.0;991.9;992.3;991.9;;23.2;23.1;23.3;23.2;23.3;23.0;100.0;99.0;100.0;83.0;2.5;0.4
2023/12/31;0500 UTC;0.0;990.9;991.9;990.9;;23.2;23.1;23.3;23.0;23.3;23.0;100.0;99.0;100.0;218.0;2.3;1.2
2023/12/31;0600 UTC;0.0;990.3;990.9;990.2;;22.9;22.9;23.2;22.9;23.2;22.9;100.0;99.0;100.0;5.0;2.3;0.9
2023/12/31;0700 UTC;0.2;990.2;990.4;990.2;;23.0;23.0;23.0;22.8;23.0;22.8;100.0;100.0;100.0;82.0;2.3;1.0
2023/12/31;0800 UTC;0.0;990.3;990.3;989.7;;23.1;23.1;23.2;23.0;23.1;23.0;100.0;100.0;100.0;110.0;2.1;0.7
2023/12/31;0900 UTC;0.0;990.9;990.9;990.3;0.2;23.2;23.2;23.3;23.0;23.2;23.0;100.0;100.0;100.0;25.0;1.5;0.5
2023/12/31;1000 UTC;0.0;991.9;991.9;990.8;63.9;23.5;23.5;23.6;23.1;23.5;23.1;100.0;100.0;100.0;41.0;1.9;0.7
2023/12/31;1100 UTC;0.0;993.3;993.3;991.9;176.3;24.1;24.0;24.1;23.5;24.0;23.5;100.0;99.0;99.0;89.0;1.8;0.4
2023/12/31;1200 UTC;0.0;993.9;993.9;993.3;1251.5;27.2;24.5;27.3;24.1;25.3;23.9;99.0;84.0;85.0;103.0;1.9;0.9
2023/12/31;1300 UTC;0.0;994.4;994.4;993.9;1758.5;27.6;24.2;28.3;26.9;24.9;23.6;87.0;78.0;82.0;179.0;3.3;1.0
2023/12/31;1400 UTC;0.0;994.0;994.4;994.0;2791.0;29.2;23.9;29.8;27.6;24.8;23.5;83.0;70.0;73.0;211.0;5.4;2.3
2023/12/31;1500 UTC;0.0;993.6;994.0;993.6;2914.4;29.6;24.1;30.6;29.1;25.4;23.2;77.0;67.0;72.0;229.0;6.8;2.9
2023/12/31;1600 UTC;0.0;992.5;993.6;992.5;2901.8;30.4;23.7;31.1;29.6;25.0;23.6;73.0;65.0;68.0;223.0;6.7;3.0
2023/12/31;1700 UTC;0.0;991.1;992.5;991.1;3426.5;31.1;24.1;31.8;30.4;25.2;23.0;69.0;62.0;66.0;226.0;8.3;2.8
2023/12/31;1800 UTC;0.0;989.7;991.1;989.7;2940.4;31.6;23.4;32.3;31.0;25.2;23.1;69.0;61.0;62.0;246.0;8.6;2.8
2023/12/31;1900 UTC;0.0;988.3;989.7;988.3;1618.3;31.2;24.2;32.3;30.7;25.0;23.1;69.0;60.0;67.0;183.0;6.0;2.2
2023/12/31;2000 UTC;0.0;988.0;988.3;987.9;1184.6;30.9;24.2;32.2;30.8;24.8;23.5;69.0;62.0;67.0;165.0;4.0;1.8
2023/12/31;2100 UTC;0.0;988.3;988.3;988.0;550.3;30.4;25.8;31.2;30.4;25.8;23.7;77.0;65.0;76.0;83.0;3.0;0.6
2023/12/31;2200 UTC;0.0;989.0;989.0;988.3;60.4;27.0;25.1;30.3;27.0;26.3;24.7;91.0;72.0;90.0;347.0;1.2;0.5
2023/12/31;2300 UTC;0.0;989.9;989.9;989.0;;26.4;25.5;27.0;26.3;25.7;25.1;96.0;90.0;95.0;100.0;1.5;0.2
