Data;Hora UTC;PRECIPITAÇÃO TOTAL, HORÁRIO (mm);PRESSAO ATMOSFERICA AO NIVEL DA ESTACAO, HORARIA (mB);PRESSÃO ATMOSFERICA MAX.NA HORA ANT. (AUT) (mB);PRESSÃO ATMOSFERICA MIN. NA HORA ANT. (AUT) (mB);RADIACAO GLOBAL (KJ/m²);TEMPERATURA DO AR - BULBO SECO, HORARIA (°C);TEMPERATURA DO PONTO DE ORVALHO (°C);TEMPERATURA MÁXIMA NA HORA ANT. (AUT) (°C);TEMPERATURA MÍNIMA NA HORA ANT. (AUT) (°C);TEMPERATURA ORVALHO MAX. NA HORA ANT. (AUT) (°C);TEMPERATURA ORVALHO MIN. NA HORA ANT. (AUT) (°C);UMIDADE REL. MAX. NA HORA ANT. (AUT) (%);UMIDADE REL. MIN. NA HORA ANT. (AUT) (%);UMIDADE RELATIVA DO AR, HORARIA (%);VENTO, DIREÇÃO HORARIA (gr) (° (gr));VENTO, RAJADA MAXIMA (m/s);VENTO, VELOCIDADE HORARIA (m/s)
2019/01/01;0000 UTC;0.0;949.0;949.0;948.6;;24.8;;25.5;24.8;;;;;;280.0;4.0;1.3
2019/01/01;0100 UTC;0.0;949.8;949.8;949.0;;23.9;;24.8;23.8;;;;;;56.0;2.6;1.5
2019/01/01;0200 UTC;0.0;950.5;950.5;949.8;;24.2;;24.2;23.6;;;;;;315.0;2.6;1.7
2019/01/01;0300 UTC;0.0;950.4;950.6;950.3;;23.6;;24.2;23.6;;;;;;330.0;3.0;1.8
2019/01/01;0400 UTC;0.0;949.4;950.4;949.4;;23.5;;23.7;23.3;;;;;;329.0;3.5;2.3
2019/01/01;0500 UTC;0.0;949.1;949.4;948.9;;22.9;;23.5;22.9;;;;;;357.0;5.0;3.2
2019/01/01;0600 UTC;0.0;948.9;949.5;948.9;0.3;22.9;;23.0;22.9;;;;;;349.0;5.6;3.7
2019/01/01;0700 UTC;0.0;949.5;949.5;948.7;0.6;22.8;;22.9;22.7;;;;;;344.0;5.6;2.5
2019/01/01;0800 UTC;0.0;950.4;950.4;949.1;1.1;22.4;;22.8;22.4;;;;;;351.0;7.0;2.9
2019/01/01;0900 UTC;0.0;950.6;950.6;950.4;1.1;22.4;;22.5;22.4;;;;;;322.0;5.5;3.2
2019/01/01;1000 UTC;0.0;951.9;951.9;950.6;39.3;22.5;;22.6;22.4;;;;;;321.0;6.7;3.3
2019/01/01;1100 UTC;0.0;952.8;952.8;951.9;248.5;22.7;;22.8;22.3;;;;;;337.0;5.9;1.5
2019/01/01;1200 UTC;0.0;952.7;953.0;952.7;842.2;24.1;;24.1;22.7;;;;;;19.0;4.1;2.1
2019/01/01;1300 UTC;0.0;952.7;952.7;952.5;1348.3;25.1;;25.4;24.1;;;;;;4.0;7.2;4.8
2019/01/01;1400 UTC;0.0;952.6;952.9;952.6;2008.6;26.2;;27.3;25.1;;;;;;338.0;7.2;3.2
2019/01/01;1500 UTC;0.0;952.0;952.6;952.0;2543.6;27.2;;28.6;26.0;;;;;;317.0;5.6;3.1
2019/01/01;1600 UTC;0.0;951.3;952.1;951.3;2800.5;28.2;;29.7;26.9;;;;;;329.0;6.5;3.6
2019/01/01;1700 UTC;0.0;950.6;951.3;950.6;2567.9;29.6;;30.3;27.9;;;;;;353.0;8.8;3.8
2019/01/01;1800 UTC;0.0;949.9;950.6;949.9;3659.5;30.7;;31.2;29.6;;;;;;348.0;7.0;2.9
2019/01/01;1900 UTC;0.0;949.3;949.9;949.3;2985.0;30.0;;31.3;29.6;;;;;;339.0;7.5;2.1
2019/01/01;2000 UTC;0.0;948.9;949.3;948.7;1617.9;29.5;;30.8;29.5;;;;;;306.0;5.9;2.0
2019/01/01;2100 UTC;0.0;948.8;949.1;948.8;681.2;28.0;;31.0;28.0;;;;;;226.0;3.5;1.6
2019/01/01;2200 UTC;0.0;949.0;949.0;948.8;423.4;27.2;;28.3;27.2;;;;;;166.0;4.4;2.1
2019/01/01;2300 UTC;0.0;950.1;950.1;949.0;8.8;25.7;;27.2;25.5;;;;;;199.0;4.2;2.2
2019/01/02;0000 UTC;0.0;951.1;951.1;950.1;;25.4;;26.0;25.4;;;;;;199.0;3.4;1.3
2019/01/02;0100 UTC;0.0;952.3;952.3;951.1;;25.4;;25.4;25.2;;;;;;174.0;2.2;1.1
2019/01/02;0200 UTC;0.0;952.7;952.7;952.3;;24.9;;25.5;24.9;;;;;;84.0;4.6;2.2
2019/01/02;0300 UTC;2.8;952.4;952.7;952.2;;23.7;;24.9;23.7;;;;;;327.0;8.2;4.9
2019/01/02;0400 UTC;14.4;953.6;953.6;952.1;1.7;21.0;;23.7;21.0;;;;;;13.0;12.3;5.0
2019/01/02;0500 UTC;3.2;952.4;953.6;952.4;0.0;20.5;;21.2;20.4;;;;;;350.0;10.6;2.3
2019/01/02;0600 UTC;2.6;951.7;952.4;951.5;;20.9;;20.9;20.5;;;;;;311.0;3.5;0.8
2019/01/02;0700 UTC;0.0;951.9;952.1;951.7;;21.1;;21.2;20.9;;;;;;318.0;5.1;2.9
2019/01/02;0800 UTC;0.0;952.4;952.4;951.9;;20.9;;21.2;20.9;;;;;;3.0;4.8;1.7
2019/01/02;0900 UTC;0.0;952.7;952.7;952.4;1.9;21.2;;21.2;20.9;;;;;;41.0;2.6;1.6
2019/01/02;1000 UTC;0.0;953.2;953.2;952.7;119.6;22.3;;22.3;21.2;;;;;;2.0;4.4;3.1
2019/01/02;1100 UTC;0.0;954.2;954.2;953.2;403.7;23.3;;23.3;22.3;;;;;;339.0;5.5;2.4
2019/01/02;1200 UTC;0.0;954.5;954.5;954.2;1485.9;24.9;;25.1;23.2;;;;;;318.0;5.5;3.2
2019/01/02;1300 UTC;0.0;954.7;954.7;954.5;2235.4;26.5;;26.7;24.7;;;;;;324.0;7.0;3.9
2019/01/02;1400 UTC;0.0;954.2;954.7;954.2;2898.0;28.1;;28.2;25.9;;;;;;345.0;7.8;5.0
2019/01/02;1500 UTC;0.0;953.6;954.3;953.6;3748.8;28.8;;29.3;27.6;;;;;;331.0;8.7;4.6
2019/01/02;1600 UTC;0.0;952.8;953.6;952.8;3900.6;29.9;;30.2;28.6;;;;;;327.0;10.9;5.0
2019/01/02;1700 UTC;0.0;952.2;952.8;952.2;3550.4;30.8;;31.0;29.1;;;;;;319.0;10.4;6.3
2019/01/02;1800 UTC;0.0;951.5;952.2;951.5;3526.5;31.0;;31.5;30.3;;;;;;329.0;10.4;5.4
2019/01/02;1900 UTC;0.0;950.5;951.5;950.5;2736.0;30.4;;31.8;29.8;;;;;;343.0;9.3;4.3
2019/01/02;2000 UTC;0.0;949.6;950.5;949.6;1832.0;31.0;;31.2;29.7;;;;;;314.0;8.3;3.3
2019/01/02;2100 UTC;0.0;949.3;949.6;949.2;1246.2;30.0;;31.1;30.0;;;;;;327.0;7.9;3.4
2019/01/02;2200 UTC;0.0;949.9;949.9;949.2;432.7;28.9;;30.3;28.9;;;;;;303.0;5.7;1.5
2019/01/02;2300 UTC;0.0;950.7;950.7;949.9;20.9;27.5;;28.9;27.4;;;;;;295.0;2.8;0.5
2019/01/03;0000 UTC;0.0;951.4;951.4;950.6;;26.0;;27.5;26.0;;;;;;27.0;1.0;0.6
2019/01/03;0100 UTC;0.0;952.2;952.2;951.4;;24.9;;26.1;24.8;;;;;;269.0;1.1;0.3
2019/01/03;0200 UTC;0.0;952.6;952.6;952.2;;24.6;;25.8;24.6;;;;;;353.0;3.1;2.2
2019/01/03;0300 UTC;0.0;952.1;952.6;952.1;;25.0;;25.4;24.6;;;;;;320.0;3.7;2.0
2019/01/03;0400 UTC;0.0;951.2;952.0;951.2;;23.9;;25.0;23.9;;;;;;333.0;4.0;2.6
2019/01/03;0500 UTC;0.0;950.9;951.2;950.8;;23.5;;24.2;23.5;;;;;;308.0;3.5;2.0
2019/01/03;0600 UTC;0.0;950.7;950.9;950.5;;23.2;;23.5;23.2;;;;;;259.0;2.8;0.8
2019/01/03;0700 UTC;0.0;950.9;950.9;950.6;;22.9;;23.3;22.8;;;;;;190.0;1.8;0.9
2019/01/03;0800 UTC;0.0;951.6;951.6;950.9;;22.7;;23.1;22.6;;;;;;246.0;1.8;1.0
2019/01/03;0900 UTC;0.0;952.2;952.2;951.6;;21.9;;22.7;21.8;;;;;;311.0;1.7;0.8
2019/01/03;1000 UTC;0.0;952.5;952.5;952.1;222.6;24.1;;24.2;21.9;;;;;;54.0;1.4;0.8
2019/01/03;1100 UTC;0.0;952.8;952.8;952.5;963.3;25.8;;26.1;23.9;;;;;;21.0;2.6;1.5
2019/01/03;1200 UTC;0.0;953.1;953.1;952.8;1837.9;27.0;;27.2;25.8;;;;;;317.0;5.4;3.4
2019/01/03;1300 UTC;0.0;953.3;953.3;953.1;2611.4;28.7;;28.8;26.9;;;;;;317.0;5.9;3.4
2019/01/03;1400 UTC;0.0;953.0;953.3;953.0;3167.3;29.8;;30.0;28.7;;;;;;327.0;8.6;4.8
2019/01/03;1500 UTC;0.0;952.6;953.0;952.6;3384.1;30.7;;30.9;29.6;;;;;;321.0;9.2;4.9
2019/01/03;1600 UTC;0.0;952.3;952.7;952.3;3692.6;32.0;;32.0;30.2;;;;;;325.0;8.7;3.7
2019/01/03;1700 UTC;0.0;951.7;952.3;951.6;3368.9;32.1;;32.4;30.8;;;;;;341.0;7.8;4.3
2019/01/03;1800 UTC;0.0;950.5;951.7;950.5;3505.3;32.6;;33.0;31.6;;;;;;311.0;8.8;5.0
2019/01/03;1900 UTC;0.0;949.6;950.5;949.5;2961.4;32.6;;33.4;31.7;;;;;;337.0;8.8;4.2
2019/01/03;2000 UTC;0.0;949.2;949.6;949.2;2097.3;30.7;;33.1;30.3;;;;;;248.0;9.2;3.9
2019/01/03;2100 UTC;0.0;949.4;949.5;949.2;1272.1;31.5;;31.5;30.7;;;;;;254.0;7.3;2.3
2019/01/03;2200 UTC;0.0;949.4;949.5;949.3;291.4;27.5;;31.5;27.5;;;;;;183.0;5.6;1.5
2019/01/03;2300 UTC;0.0;949.7;949.8;949.3;11.6;25.7;;27.5;25.7;;;;;;186.0;3.5;1.6
2019/01/04;0000 UTC;0.0;950.3;950.3;949.7;;24.8;;26.0;24.7;;;;;;169.0;3.2;2.4
2019/01/04;0100 UTC;0.0;951.3;951.3;950.3;;24.0;;24.8;24.0;;;;;;164.0;3.2;2.4
2019/01/04;0200 UTC;0.0;952.3;952.3;951.3;;24.3;;24.3;23.9;;;;;;182.0;3.0;2.0
2019/01/04;0300 UTC;0.0;952.2;952.3;952.2;;23.9;;24.4;23.8;;;;;;184.0;3.1;2.2
2019/01/04;0400 UTC;0.0;951.7;952.2;951.6;;23.4;;24.2;23.4;;;;;;184.0;3.3;2.2
2019/01/04;0500 UTC;0.0;951.6;951.7;951.5;;23.4;;23.6;23.2;;;;;;67.0;3.1;1.3
2019/01/04;0600 UTC;0.0;951.1;951.6;951.1;;23.5;;23.6;23.2;;;;;;37.0;1.8;0.5
2019/01/04;0700 UTC;0.0;951.3;951.3;951.1;;23.5;;24.1;23.5;;;;;;90.0;1.7;0.6
2019/01/04;0800 UTC;0.0;951.5;951.5;951.3;;23.0;;23.5;22.8;;;;;;34.0;1.2;0.8
2019/01/04;0900 UTC;0.0;951.9;951.9;951.5;;22.9;;23.3;22.5;;;;;;31.0;2.1;0.9
2019/01/04;1000 UTC;0.0;952.8;952.8;951.9;181.5;23.7;;23.7;22.7;;;;;;23.0;3.1;1.5
2019/01/04;1100 UTC;0.0;953.2;953.2;952.8;659.5;25.8;;25.8;23.7;;;;;;56.0;5.1;1.4
2019/01/04;1200 UTC;0.0;953.4;953.4;953.2;1657.6;27.8;;27.9;25.4;;;;;;344.0;4.0;2.7
2019/01/04;1300 UTC;0.0;953.4;953.5;953.3;2604.7;29.0;;29.4;27.5;;;;;;338.0;5.5;3.5
2019/01/04;1400 UTC;0.0;953.3;953.5;953.3;2749.5;30.4;;30.7;28.9;;;;;;354.0;5.4;3.2
2019/01/04;1500 UTC;0.0;953.1;953.3;953.0;2565.8;30.4;;31.6;29.9;;;;;;346.0;7.3;4.4
2019/01/04;1600 UTC;0.0;951.5;953.1;951.5;3677.5;32.0;;32.1;30.3;;;;;;328.0;8.7;4.3
2019/01/04;1700 UTC;0.0;950.1;951.5;950.1;3778.9;33.0;;33.1;31.7;;;;;;321.0;7.1;2.6
2019/01/04;1800 UTC;0.0;949.6;950.1;949.6;2430.0;32.5;;33.1;31.8;;;;;;307.0;5.9;2.9
2019/01/04;1900 UTC;0.0;948.4;949.9;948.4;1636.1;30.3;;32.5;27.5;;;;;;226.0;10.5;3.2
2019/01/04;2000 UTC;0.0;948.3;948.5;948.3;2269.3;32.3;;32.3;30.4;;;;;;294.0;5.5;2.7
2019/01/04;2100 UTC;0.0;949.6;949.6;948.3;1002.3;26.9;;32.3;26.9;;;;;;344.0;9.2;5.1
2019/01/04;2200 UTC;0.0;949.9;949.9;949.4;301.9;25.7;;26.9;25.6;;;;;;39.0;7.5;3.0
2019/01/04;2300 UTC;0.0;951.4;951.4;949.9;3.4;25.2;;25.7;25.1;;;;;;25.0;6.4;3.8
2019/01/05;0000 UTC;2.0;951.7;952.0;951.4;;23.2;;25.2;23.0;;;;;;31.0;8.4;3.8
2019/01/05;0100 UTC;0.0;951.6;952.3;951.6;;23.0;;23.5;23.0;;;;;;14.0;7.6;3.8
2019/01/05;0200 UTC;;;;;;;;;;;;;;;;;
2019/01/05;0300 UTC;0.4;952.1;952.2;951.9;;23.0;;23.2;22.8;;;;;;320.0;2.5;1.8
2019/01/05;0400 UTC;0.0;952.2;952.3;952.0;;22.9;;23.0;22.9;;;;;;316.0;3.1;1.1
2019/01/05;0500 UTC;0.4;951.2;952.3;951.2;;22.7;;23.0;22.7;;;;;;345.0;3.3;2.1
2019/01/05;0600 UTC;0.0;950.4;951.2;950.4;;22.4;;22.7;22.4;;;;;;2.0;3.0;0.8
2019/01/05;0700 UTC;0.0;950.5;950.5;950.3;;22.5;;22.5;22.3;;;;;;360.0;2.0;1.4
2019/01/05;0800 UTC;0.0;951.4;951.4;950.5;;22.7;;22.7;22.5;;;;;;315.0;3.5;2.2
2019/01/05;0900 UTC;0.0;952.3;952.3;951.4;;22.5;;22.7;22.4;;;;;;333.0;3.8;2.2
2019/01/05;1000 UTC;0.0;953.1;953.1;952.3;50.4;22.6;;22.6;22.5;;;;;;322.0;3.9;2.3
2019/01/05;1100 UTC;0.0;953.6;953.6;953.1;186.6;22.8;;22.9;22.6;;;;;;320.0;3.7;2.5
2019/01/05;1200 UTC;0.0;954.0;954.0;953.6;714.3;23.8;;23.8;22.8;;;;;;328.0;4.7;2.4
2019/01/05;1300 UTC;0.0;954.5;954.5;954.0;628.9;24.2;;24.2;23.7;;;;;;334.0;4.2;1.5
2019/01/05;1400 UTC;0.0;954.5;954.7;954.5;1343.9;25.4;;25.5;24.2;;;;;;343.0;4.3;2.1
2019/01/05;1500 UTC;0.8;954.0;954.5;954.0;1373.3;24.0;;26.4;24.0;;;;;;296.0;6.4;3.9
2019/01/05;1600 UTC;1.0;952.7;954.0;952.7;1838.1;24.8;;26.2;23.2;;;;;;349.0;6.4;3.4
2019/01/05;1700 UTC;0.0;951.7;952.8;951.7;2177.1;26.2;;26.5;24.8;;;;;;16.0;5.2;2.6
2019/01/05;1800 UTC;0.0;951.3;951.7;951.3;2213.5;27.3;;27.4;26.2;;;;;;3.0;6.0;2.8
2019/01/05;1900 UTC;0.0;950.3;951.3;950.3;1236.9;24.1;;27.7;24.0;;;;;;15.0;11.0;4.3
2019/01/05;2000 UTC;0.0;949.6;950.3;949.5;600.1;24.5;;24.6;24.0;;;;;;4.0;6.2;2.2
2019/01/05;2100 UTC;0.0;949.8;949.8;949.5;436.1;24.2;;24.5;24.1;;;;;;45.0;3.8;1.4
2019/01/05;2200 UTC;0.0;950.1;950.1;949.8;268.8;23.9;;24.4;23.9;;;;;;36.0;3.3;1.5
2019/01/05;2300 UTC;0.0;950.7;950.7;950.1;17.2;23.0;;23.9;23.0;;;;;;338.0;3.0;1.5
2019/01/06;0000 UTC;0.0;951.6;951.6;950.7;;22.8;;23.0;22.8;;;;;;350.0;3.2;1.8
2019/01/06;0100 UTC;0.0;952.2;952.2;951.6;;22.8;;22.9;22.7;;;;;;14.0;2.0;0.7
2019/01/06;0200 UTC;0.0;952.4;952.4;952.2;;22.6;;22.8;22.6;;;;;;74.0;1.3;0.7
2019/01/06;0300 UTC;0.0;952.0;952.4;952.0;;22.4;;22.7;22.2;;;;;;61.0;2.0;1.3
2019/01/06;0400 UTC;0.0;951.2;952.0;951.2;;22.4;;22.5;22.1;;;;;;73.0;2.1;1.5
2019/01/06;0500 UTC;0.0;950.5;951.2;950.5;;22.0;;22.6;22.0;;;;;;40.0;2.4;0.8
2019/01/06;0600 UTC;0.0;950.2;950.5;950.2;;21.4;;22.1;21.4;;;;;;343.0;1.9;1.0
2019/01/06;0700 UTC;0.0;950.2;950.3;950.1;;21.6;;21.9;21.4;;;;;;22.0;1.9;1.0
2019/01/06;0800 UTC;0.0;950.4;950.4;950.2;;21.3;;21.6;21.1;;;;;;354.0;2.3;1.4
2019/01/06;0900 UTC;0.0;951.0;951.0;950.4;;21.1;;21.7;21.1;;;;;;353.0;2.2;1.2
2019/01/06;1000 UTC;0.0;951.5;951.5;951.0;126.6;21.7;;21.7;21.1;;;;;;49.0;2.1;1.1
2019/01/06;1100 UTC;0.0;951.7;951.7;951.5;596.7;23.2;;23.2;21.7;;;;;;358.0;3.8;2.2
2019/01/06;1200 UTC;0.0;952.1;952.1;951.7;1043.4;24.5;;24.5;23.2;;;;;;1.0;5.8;3.6
2019/01/06;1300 UTC;0.0;952.0;952.2;952.0;1391.7;25.7;;25.7;24.3;;;;;;340.0;7.6;4.7
2019/01/06;1400 UTC;0.0;951.8;952.1;951.8;2293.9;27.0;;27.1;25.5;;;;;;338.0;7.6;4.6
2019/01/06;1500 UTC;0.0;951.2;951.8;951.2;1979.9;28.0;;28.0;26.4;;;;;;347.0;7.5;3.9
2019/01/06;1600 UTC;0.0;950.3;951.2;950.3;2933.6;29.3;;29.8;27.8;;;;;;347.0;8.2;3.8
2019/01/06;1700 UTC;0.0;949.3;950.3;949.3;2778.8;30.5;;30.7;28.7;;;;;;347.0;7.8;3.5
2019/01/06;1800 UTC;0.0;948.1;949.3;948.1;3200.3;31.1;;31.3;29.5;;;;;;334.0;7.7;4.0
2019/01/06;1900 UTC;0.0;947.1;948.1;947.1;1900.9;31.2;;31.4;29.3;;;;;;1.0;7.8;4.3
2019/01/06;2000 UTC;0.0;947.5;947.5;947.0;1530.4;28.6;;31.2;28.5;;;;;;324.0;9.6;5.2
2019/01/06;2100 UTC;0.0;947.5;947.6;947.4;894.2;27.7;;28.8;27.3;;;;;;345.0;8.0;3.3
2019/01/06;2200 UTC;0.0;947.8;947.9;947.5;547.1;25.2;;28.2;25.2;;;;;;50.0;5.9;3.2
2019/01/06;2300 UTC;0.0;948.2;948.2;947.8;24.2;24.7;;25.2;24.7;;;;;;45.0;5.5;2.6
2019/01/07;0000 UTC;0.0;948.7;948.7;948.2;;24.4;;24.7;24.4;;;;;;52.0;4.6;1.7
2019/01/07;0100 UTC;0.0;949.6;949.6;948.7;;24.1;;24.4;24.0;;;;;;3.0;3.9;2.2
2019/01/07;0200 UTC;0.0;950.0;950.0;949.6;;23.6;;24.3;23.6;;;;;;33.0;3.4;1.1
2019/01/07;0300 UTC;0.0;950.0;950.0;949.9;;23.7;;23.7;23.5;;;;;;43.0;1.9;1.3
2019/01/07;0400 UTC;0.0;949.5;950.0;949.5;;23.3;;23.7;23.3;;;;;;14.0;2.5;1.8
2019/01/07;0500 UTC;0.0;949.1;949.5;949.1;;23.1;;23.3;22.9;;;;;;38.0;2.6;1.5
2019/01/07;0600 UTC;0.0;949.1;949.2;949.0;;23.0;;23.3;22.8;;;;;;351.0;3.4;2.8
2019/01/07;0700 UTC;0.0;949.2;949.2;949.1;;23.1;;23.3;22.9;;;;;;327.0;3.5;2.4
2019/01/07;0800 UTC;0.0;949.0;949.2;949.0;;22.9;;23.1;22.7;;;;;;326.0;3.4;2.3
2019/01/07;0900 UTC;0.0;949.4;949.4;949.0;;22.9;;22.9;22.6;;;;;;314.0;3.3;2.1
2019/01/07;1000 UTC;0.0;950.2;950.2;949.4;108.0;23.3;;23.3;22.9;;;;;;326.0;3.9;2.4
2019/01/07;1100 UTC;0.0;950.8;950.8;950.2;672.6;23.9;;24.5;23.3;;;;;;342.0;6.2;3.0
2019/01/07;1200 UTC;0.0;951.5;951.5;950.8;1152.0;25.2;;25.3;23.9;;;;;;343.0;9.3;4.9
2019/01/07;1300 UTC;0.0;952.5;952.5;951.5;1160.5;25.7;;25.7;25.2;;;;;;335.0;10.2;6.1
2019/01/07;1400 UTC;0.0;952.5;952.5;952.4;1607.8;27.4;;27.4;25.7;;;;;;332.0;10.2;5.5
2019/01/07;1500 UTC;0.0;951.9;952.5;951.9;2182.5;27.9;;28.2;27.2;;;;;;322.0;10.1;5.2
2019/01/07;1600 UTC;0.0;951.1;951.9;951.1;3350.1;29.1;;29.4;27.7;;;;;;322.0;13.3;5.7
2019/01/07;1700 UTC;0.0;950.6;951.1;950.6;2028.0;28.2;;29.9;27.7;;;;;;323.0;10.4;5.9
2019/01/07;1800 UTC;0.0;949.7;950.6;949.7;2909.7;29.3;;30.2;27.9;;;;;;313.0;10.4;5.3
2019/01/07;1900 UTC;6.6;949.8;950.1;949.6;596.8;23.9;;29.3;22.1;;;;;;294.0;15.2;3.1
2019/01/07;2000 UTC;0.0;948.9;949.8;948.8;1448.6;26.3;;26.8;23.9;;;;;;324.0;6.4;3.0
2019/01/07;2100 UTC;0.0;949.7;949.7;948.9;586.5;25.8;;26.7;25.8;;;;;;251.0;6.4;2.2
2019/01/07;2200 UTC;0.0;950.5;950.5;949.7;127.8;24.5;;25.8;24.5;;;;;;258.0;8.1;2.8
2019/01/07;2300 UTC;30.8;952.2;952.4;950.5;11.6;21.2;;24.5;21.2;;;;;;333.0;15.9;7.8
2019/01/08;0000 UTC;6.0;952.8;952.8;952.1;;21.5;;21.5;21.1;;;;;;6.0;13.3;4.2
2019/01/08;0100 UTC;2.2;953.2;953.2;952.8;;21.3;;21.6;21.2;;;;;;357.0;8.5;3.3
2019/01/08;0200 UTC;0.8;953.5;953.5;953.2;;21.3;;21.4;21.3;;;;;;316.0;5.3;1.9
2019/01/08;0300 UTC;0.6;952.9;953.5;952.9;;21.2;;21.3;20.9;;;;;;331.0;5.4;2.5
2019/01/08;0400 UTC;0.4;952.1;952.9;952.1;;20.6;;21.2;20.6;;;;;;14.0;3.9;1.3
2019/01/08;0500 UTC;0.0;951.9;952.1;951.9;;20.4;;20.6;20.3;;;;;;7.0;4.0;2.7
2019/01/08;0600 UTC;0.0;952.1;952.1;951.8;;20.4;;20.4;20.3;;;;;;359.0;4.7;2.3
2019/01/08;0700 UTC;0.0;952.2;952.2;952.0;;20.6;;20.6;20.3;;;;;;320.0;4.0;1.9
2019/01/08;0800 UTC;0.0;952.2;952.2;952.0;;20.0;;20.6;20.0;;;;;;349.0;4.0;1.5
2019/01/08;0900 UTC;0.0;953.0;953.0;952.2;;19.7;;20.3;19.6;;;;;;345.0;2.7;1.4
2019/01/08;1000 UTC;0.0;953.4;953.4;953.0;161.4;20.6;;20.6;19.7;;;;;;31.0;2.4;0.9
2019/01/08;1100 UTC;0.0;953.8;953.8;953.4;576.0;22.4;;22.4;20.6;;;;;;26.0;2.4;1.2
2019/01/08;1200 UTC;0.0;954.1;954.2;953.7;1303.4;23.6;;23.9;22.4;;;;;;357.0;5.2;3.3
2019/01/08;1300 UTC;0.0;954.5;954.5;954.1;1273.0;24.5;;24.5;23.6;;;;;;352.0;4.9;1.8
2019/01/08;1400 UTC;0.0;954.8;954.8;954.5;1549.6;25.3;;25.6;24.5;;;;;;346.0;5.0;3.0
2019/01/08;1500 UTC;0.0;954.4;954.8;954.4;1666.3;26.1;;26.2;25.2;;;;;;331.0;5.4;2.8
2019/01/08;1600 UTC;0.0;954.0;954.4;954.0;2603.2;27.7;;28.0;26.1;;;;;;342.0;5.6;2.4
2019/01/08;1700 UTC;0.0;953.3;954.0;953.3;2898.4;29.1;;29.7;27.4;;;;;;318.0;5.6;2.3
2019/01/08;1800 UTC;0.0;952.4;953.3;952.4;2256.3;29.0;;29.4;28.2;;;;;;353.0;5.4;2.1
2019/01/08;1900 UTC;0.0;951.3;952.4;951.3;2105.6;29.8;;30.3;28.6;;;;;;295.0;4.9;1.7
2019/01/08;2000 UTC;0.0;950.5;951.3;950.5;1917.6;29.3;;30.5;29.0;;;;;;278.0;4.7;2.1
2019/01/08;2100 UTC;0.0;950.5;950.8;950.2;1038.0;29.1;;29.8;28.6;;;;;;332.0;4.3;0.8
2019/01/08;2200 UTC;0.0;950.5;950.6;950.3;479.8;28.3;;29.3;28.3;;;;;;163.0;1.5;0.3
2019/01/08;2300 UTC;0.0;951.2;951.2;950.5;32.0;25.6;;28.3;25.6;;;;;;105.0;3.2;2.1
2019/01/09;0000 UTC;0.0;951.4;951.6;951.2;;25.0;;25.6;25.0;;;;;;95.0;3.8;1.9
2019/01/09;0100 UTC;0.0;952.2;952.2;951.3;;24.0;;25.0;24.0;;;;;;129.0;7.4;1.9
2019/01/09;0200 UTC;0.0;952.6;952.7;952.2;;23.8;;24.3;23.7;;;;;;141.0;3.1;1.8
2019/01/09;0300 UTC;0.0;953.3;953.8;952.6;;23.7;;24.0;23.2;;;;;;37.0;13.7;5.8
2019/01/09;0400 UTC;0.0;951.3;953.3;951.2;;22.8;;23.7;22.8;;;;;;110.0;12.6;1.6
2019/01/09;0500 UTC;0.0;950.5;951.3;950.5;;23.1;;23.3;22.6;;;;;;83.0;5.9;1.5
2019/01/09;0600 UTC;0.0;950.6;950.7;950.4;;22.6;;23.4;22.6;;;;;;50.0;2.9;0.6
2019/01/09;0700 UTC;0.0;950.5;950.6;950.4;;22.1;;22.6;22.0;;;;;;36.0;2.5;1.4
2019/01/09;0800 UTC;0.0;950.4;950.5;950.3;;21.5;;22.1;21.3;;;;;;208.0;1.8;1.2
2019/01/09;0900 UTC;0.0;950.8;950.9;950.4;;21.2;;21.6;21.1;;;;;;208.0;1.8;1.4
2019/01/09;1000 UTC;0.0;951.0;951.1;950.7;226.8;23.0;;23.0;21.2;;;;;;162.0;1.8;1.2
2019/01/09;1100 UTC;0.0;951.3;951.3;951.0;888.3;26.2;;26.5;23.0;;;;;;295.0;2.1;0.7
2019/01/09;1200 UTC;0.0;952.1;952.1;951.2;1860.4;27.6;;28.1;26.2;;;;;;348.0;2.5;1.1
2019/01/09;1300 UTC;0.0;952.3;952.3;952.1;2599.5;30.0;;30.0;27.6;;;;;;46.0;3.9;1.7
2019/01/09;1400 UTC;0.0;952.2;952.5;952.2;2706.3;30.2;;30.4;29.4;;;;;;342.0;4.8;2.9
2019/01/09;1500 UTC;0.0;951.3;952.2;951.3;3522.2;31.1;;31.8;30.3;;;;;;304.0;5.1;2.8
2019/01/09;1600 UTC;0.0;950.9;951.4;950.9;2924.9;29.2;;32.3;28.9;;;;;;40.0;7.5;2.8
2019/01/09;1700 UTC;0.0;949.9;951.1;949.8;521.5;26.2;;29.3;26.2;;;;;;97.0;5.9;2.6
2019/01/09;1800 UTC;0.0;949.8;950.4;949.8;818.9;28.1;;28.1;25.5;;;;;;122.0;5.1;2.5
2019/01/09;1900 UTC;0.0;949.5;949.8;949.4;696.4;25.2;;28.5;24.7;;;;;;87.0;9.1;3.9
2019/01/09;2000 UTC;0.0;948.4;949.5;948.4;730.5;25.3;;25.8;25.0;;;;;;37.0;6.8;1.7
2019/01/09;2100 UTC;0.0;948.4;949.1;948.0;589.3;25.4;;25.8;25.2;;;;;;255.0;4.5;2.7
2019/01/09;2200 UTC;0.0;948.9;949.3;948.4;298.8;24.0;;25.5;24.0;;;;;;334.0;5.5;1.9
2019/01/09;2300 UTC;0.0;950.5;950.5;948.8;6.5;23.0;;24.0;22.8;;;;;;329.0;5.8;3.7
2019/01/10;0000 UTC;0.0;951.5;951.5;950.5;;21.9;;23.1;21.9;;;;;;339.0;5.8;2.3
2019/01/10;0100 UTC;0.0;952.1;952.3;951.4;;21.1;;21.9;20.9;;;;;;58.0;4.9;1.7
2019/01/10;0200 UTC;0.0;952.5;953.1;952.1;;21.8;;21.9;20.7;;;;;;356.0;10.0;4.9
2019/01/10;0300 UTC;0.0;950.3;952.5;950.2;;20.7;;21.9;20.7;;;;;;173.0;8.1;3.3
2019/01/10;0400 UTC;0.0;950.2;950.5;950.2;;20.5;;20.7;20.2;;;;;;199.0;4.7;0.6
2019/01/10;0500 UTC;0.0;949.9;950.2;949.9;;20.8;;20.8;20.4;;;;;;186.0;1.9;1.3
2019/01/10;0600 UTC;0.0;949.4;949.9;949.4;;20.2;;20.8;20.2;;;;;;188.0;2.1;0.9
2019/01/10;0700 UTC;0.0;949.5;949.5;949.3;;20.0;;20.2;20.0;;;;;;171.0;2.1;1.8
2019/01/10;0800 UTC;0.0;949.7;949.8;949.5;;20.0;;20.1;20.0;;;;;;146.0;2.3;1.7
2019/01/10;0900 UTC;0.0;950.0;950.0;949.7;;20.0;;20.1;19.9;;;;;;120.0;2.3;0.9
2019/01/10;1000 UTC;0.0;950.8;950.8;950.0;158.2;21.6;;21.6;19.8;;;;;;31.0;2.2;1.1
2019/01/10;1100 UTC;0.0;951.1;951.2;950.8;963.4;24.5;;24.8;21.6;;;;;;29.0;2.9;1.5
2019/01/10;1200 UTC;0.0;951.7;951.7;951.1;1874.1;26.9;;26.9;24.4;;;;;;360.0;3.3;1.2
2019/01/10;1300 UTC;0.0;951.8;951.8;951.6;2541.6;28.2;;28.9;26.8;;;;;;34.0;4.5;2.5
2019/01/10;1400 UTC;0.0;952.0;952.0;951.8;3096.2;30.0;;30.3;28.2;;;;;;337.0;6.4;2.5
2019/01/10;1500 UTC;0.0;952.0;952.2;952.0;3644.7;30.8;;31.1;29.7;;;;;;330.0;6.3;3.0
2019/01/10;1600 UTC;0.0;951.5;952.0;951.5;3948.7;32.2;;32.2;30.8;;;;;;329.0;6.8;3.1
2019/01/10;1700 UTC;0.0;951.0;951.5;951.0;3210.5;31.5;;32.5;30.7;;;;;;340.0;7.5;3.6
2019/01/10;1800 UTC;0.0;949.9;951.0;949.9;2366.2;30.2;;32.7;30.2;;;;;;349.0;6.9;2.8
2019/01/10;1900 UTC;0.0;948.6;949.9;948.6;2805.9;32.2;;32.6;30.1;;;;;;3.0;4.7;2.2
2019/01/10;2000 UTC;0.0;948.2;948.6;948.2;2099.7;32.0;;32.9;31.8;;;;;;339.0;4.7;1.8
2019/01/10;2100 UTC;0.0;948.0;948.3;947.9;1690.9;29.2;;32.1;29.2;;;;;;41.0;10.1;3.2
2019/01/10;2200 UTC;0.0;948.4;948.4;948.0;459.3;27.7;;29.5;27.7;;;;;;70.0;5.0;1.4
2019/01/10;2300 UTC;0.0;949.3;949.3;948.4;12.4;25.9;;27.7;25.9;;;;;;84.0;2.6;1.3
2019/01/11;0000 UTC;;;;;;;;;;;;;;;;;
2019/01/11;0100 UTC;0.0;951.6;951.6;950.4;;25.0;;25.0;24.1;;;;;;162.0;3.8;1.9
2019/01/11;0200 UTC;0.4;952.6;952.6;951.6;;25.7;;27.0;24.6;;;;;;214.0;9.8;1.9
2019/01/11;0300 UTC;0.0;952.9;953.1;952.6;1.4;24.3;;25.7;24.2;;;;;;238.0;8.0;1.1
2019/01/11;0400 UTC;0.0;952.2;953.1;952.1;;22.9;;24.3;22.9;;;;;;161.0;4.4;2.5
2019/01/11;0500 UTC;0.0;951.8;952.2;951.8;;22.2;;22.9;22.2;;;;;;169.0;4.6;3.0
2019/01/11;0600 UTC;0.0;952.3;952.3;951.8;;21.8;;22.2;21.6;;;;;;7.0;4.7;1.7
2019/01/11;0700 UTC;0.0;953.2;953.2;952.3;;21.9;;23.5;21.8;;;;;;327.0;8.6;5.0
2019/01/11;0800 UTC;0.0;952.6;953.3;952.6;;20.8;;21.9;20.8;;;;;;254.0;8.6;1.8
2019/01/11;0900 UTC;0.0;952.9;952.9;952.6;;19.8;;20.9;19.7;;;;;;33.0;3.4;1.0
2019/01/11;1000 UTC;0.0;953.6;953.6;952.6;91.4;20.3;;20.3;19.7;;;;;;20.0;2.5;1.4
2019/01/11;1100 UTC;0.0;953.9;954.1;953.6;760.6;24.3;;24.3;20.3;;;;;;312.0;2.9;0.6
2019/01/11;1200 UTC;0.0;954.2;954.2;953.8;1752.5;25.7;;25.7;24.1;;;;;;356.0;3.2;2.0
2019/01/11;1300 UTC;0.0;954.5;954.5;954.2;2573.5;27.3;;27.3;25.6;;;;;;342.0;5.8;3.6
2019/01/11;1400 UTC;0.2;954.7;954.8;954.4;3201.7;27.9;;28.1;27.2;;;;;;352.0;8.2;4.4
2019/01/11;1500 UTC;0.0;954.2;954.7;954.2;3547.3;29.0;;29.2;27.6;;;;;;329.0;8.6;4.6
2019/01/11;1600 UTC;0.0;953.6;954.2;953.6;3882.3;30.1;;30.4;28.9;;;;;;338.0;8.0;4.4
2019/01/11;1700 UTC;0.0;952.5;953.6;952.5;3823.2;30.7;;31.4;30.0;;;;;;312.0;7.3;3.5
2019/01/11;1800 UTC;0.0;951.3;952.5;951.3;3516.3;31.4;;31.8;30.7;;;;;;328.0;6.1;3.1
2019/01/11;1900 UTC;0.0;950.0;951.3;950.0;2778.6;31.0;;32.0;30.8;;;;;;342.0;4.9;2.2
2019/01/11;2000 UTC;0.4;950.6;950.6;949.8;2205.5;22.3;;32.3;22.3;;;;;;31.0;13.0;7.0
2019/01/11;2100 UTC;6.6;950.3;951.8;950.3;161.7;23.1;;23.2;21.4;;;;;;189.0;13.0;1.3
2019/01/11;2200 UTC;0.2;950.8;950.8;950.1;128.7;22.8;;23.2;22.1;;;;;;175.0;3.6;1.0
2019/01/11;2300 UTC;0.0;952.1;952.3;950.8;6.7;22.1;;22.9;22.1;;;;;;300.0;3.1;1.7
2019/01/12;0000 UTC;0.0;953.2;953.2;952.1;;22.0;;22.1;21.6;;;;;;271.0;3.4;0.7
2019/01/12;0100 UTC;0.0;954.0;954.1;953.1;;21.9;;22.4;21.8;;;;;;329.0;2.8;1.5
2019/01/12;0200 UTC;0.0;954.3;954.4;954.0;;21.6;;21.9;21.4;;;;;;249.0;2.5;0.6
2019/01/12;0300 UTC;0.0;953.8;954.4;953.8;;21.5;;22.0;21.5;;;;;;322.0;3.6;2.0
2019/01/12;0400 UTC;0.0;953.3;953.8;953.3;;21.4;;21.7;21.4;;;;;;211.0;3.3;0.5
2019/01/12;0500 UTC;0.0;952.6;953.3;952.3;;21.1;;21.5;21.0;;;;;;175.0;4.1;2.3
2019/01/12;0600 UTC;0.0;952.7;952.8;952.6;;20.6;;21.1;20.5;;;;;;98.0;3.7;0.6
2019/01/12;0700 UTC;0.0;952.2;952.7;952.2;;20.6;;20.7;20.5;;;;;;161.0;1.4;0.5
2019/01/12;0800 UTC;0.0;952.6;952.6;952.2;;20.9;;20.9;20.6;;;;;;169.0;1.7;1.3
2019/01/12;0900 UTC;0.0;953.2;953.2;952.5;;20.6;;20.9;20.6;;;;;;33.0;1.6;0.6
2019/01/12;1000 UTC;0.0;953.9;953.9;953.2;170.1;22.2;;22.2;20.4;;;;;;117.0;1.4;0.6
2019/01/12;1100 UTC;0.0;954.5;954.5;953.9;846.1;23.4;;23.9;22.2;;;;;;45.0;2.6;1.4
2019/01/12;1200 UTC;0.0;955.0;955.0;954.5;1700.9;25.3;;25.3;23.4;;;;;;8.0;5.3;3.5
2019/01/12;1300 UTC;0.0;955.1;955.3;955.0;2063.2;25.9;;26.4;24.8;;;;;;352.0;5.7;3.7
2019/01/12;1400 UTC;0.0;955.1;955.2;955.1;3029.3;27.4;;27.7;25.9;;;;;;1.0;6.4;3.4
2019/01/12;1500 UTC;0.0;954.5;955.1;954.5;3088.5;27.6;;28.8;27.2;;;;;;328.0;6.4;2.8
2019/01/12;1600 UTC;0.2;953.8;954.5;953.8;3728.0;29.2;;29.4;27.6;;;;;;336.0;4.5;2.3
2019/01/12;1700 UTC;0.0;953.0;953.8;953.0;3591.4;29.9;;30.7;28.8;;;;;;7.0;5.6;3.2
2019/01/12;1800 UTC;0.0;951.7;953.0;951.7;3339.8;30.4;;30.4;29.5;;;;;;345.0;6.6;3.8
2019/01/12;1900 UTC;0.0;950.7;951.7;950.7;3016.0;30.6;;31.2;30.0;;;;;;321.0;7.4;3.4
2019/01/12;2000 UTC;0.0;950.0;950.7;950.0;2203.0;30.3;;30.9;30.1;;;;;;346.0;6.4;3.2
2019/01/12;2100 UTC;0.0;950.1;950.1;949.9;1344.9;30.4;;30.6;29.9;;;;;;311.0;5.1;1.9
2019/01/12;2200 UTC;0.0;950.3;950.3;950.0;374.9;28.3;;30.6;28.3;;;;;;326.0;3.3;1.3
2019/01/12;2300 UTC;0.0;950.9;950.9;950.3;8.7;26.2;;28.3;26.2;;;;;;241.0;1.6;0.3
2019/01/13;0000 UTC;0.0;951.8;951.8;950.8;;24.6;;26.2;24.6;;;;;;177.0;1.7;0.9
2019/01/13;0100 UTC;0.0;952.7;952.7;951.8;;23.3;;24.6;23.3;;;;;;178.0;3.2;2.0
2019/01/13;0200 UTC;0.0;953.1;953.1;952.7;;23.3;;23.3;22.9;;;;;;182.0;3.3;1.9
2019/01/13;0300 UTC;1.8;953.9;954.0;953.1;;22.7;;23.4;22.6;;;;;;20.0;3.7;0.6
2019/01/13;0400 UTC;0.0;954.0;954.1;953.8;1.1;23.3;;24.0;22.7;;;;;;4.0;10.1;5.8
2019/01/13;0500 UTC;4.2;953.2;954.3;953.2;;20.1;;23.3;19.0;;;;;;324.0;13.3;2.8
2019/01/13;0600 UTC;1.0;953.2;953.3;953.0;;19.6;;20.1;19.5;;;;;;49.0;4.8;2.2
2019/01/13;0700 UTC;0.0;953.2;953.9;953.1;;20.2;;20.2;19.4;;;;;;185.0;3.9;1.2
2019/01/13;0800 UTC;0.0;953.5;953.5;953.2;;19.9;;20.3;19.9;;;;;;261.0;2.5;1.3
2019/01/13;0900 UTC;0.0;953.1;953.5;952.9;;20.1;;20.1;19.8;;;;;;218.0;3.5;1.5
2019/01/13;1000 UTC;0.0;953.7;953.7;953.1;121.3;20.6;;20.6;20.1;;;;;;50.0;2.0;0.7
2019/01/13;1100 UTC;0.0;954.4;954.4;953.7;539.3;22.3;;22.3;20.6;;;;;;11.0;3.0;1.7
2019/01/13;1200 UTC;0.0;954.7;954.7;954.3;1472.3;24.3;;24.3;22.3;;;;;;353.0;4.9;2.5
2019/01/13;1300 UTC;0.0;954.8;955.0;954.7;2710.7;26.4;;26.4;24.3;;;;;;350.0;5.7;3.3
2019/01/13;1400 UTC;0.0;954.5;955.0;954.5;2863.6;26.9;;27.1;25.6;;;;;;355.0;5.5;2.9
2019/01/13;1500 UTC;0.0;954.0;954.5;954.0;3657.9;28.5;;28.7;26.9;;;;;;344.0;4.9;2.0
2019/01/13;1600 UTC;0.0;953.4;954.0;953.4;3895.2;29.8;;30.3;28.4;;;;;;11.0;5.6;2.2
2019/01/13;1700 UTC;0.0;952.8;953.4;952.8;3780.3;31.0;;31.1;29.8;;;;;;348.0;6.1;2.9
2019/01/13;1800 UTC;0.0;952.0;952.8;952.0;3520.3;31.3;;31.7;30.7;;;;;;338.0;6.5;2.3
2019/01/13;1900 UTC;0.0;951.1;952.0;951.1;2833.2;31.2;;31.4;30.2;;;;;;337.0;7.1;3.6
2019/01/13;2000 UTC;0.0;950.5;951.1;950.4;2210.6;31.2;;31.6;30.6;;;;;;339.0;6.3;3.1
2019/01/13;2100 UTC;0.0;950.5;950.5;950.4;1325.2;30.4;;31.2;30.4;;;;;;323.0;5.6;2.5
2019/01/13;2200 UTC;0.0;950.8;950.8;950.4;344.6;28.2;;30.4;28.2;;;;;;305.0;4.1;1.2
2019/01/13;2300 UTC;0.0;951.0;951.0;950.7;4.5;25.8;;28.2;25.8;;;;;;189.0;1.9;1.3
2019/01/14;0000 UTC;0.0;951.7;951.7;951.0;;24.6;;25.8;24.6;;;;;;172.0;2.0;1.6
2019/01/14;0100 UTC;0.0;952.5;952.5;951.7;;23.5;;24.7;23.3;;;;;;163.0;2.6;2.2
2019/01/14;0200 UTC;0.0;953.2;953.2;952.5;;23.1;;23.5;22.9;;;;;;191.0;2.6;1.7
2019/01/14;0300 UTC;0.0;953.8;954.1;953.2;;23.6;;23.6;22.3;;;;;;71.0;7.2;2.9
2019/01/14;0400 UTC;0.0;953.1;953.9;953.1;;23.6;;23.8;23.4;;;;;;55.0;5.2;2.3
2019/01/14;0500 UTC;0.0;952.5;953.1;952.5;;23.4;;23.7;23.1;;;;;;205.0;3.9;1.3
2019/01/14;0600 UTC;0.0;952.4;952.5;952.3;;23.2;;23.5;23.2;;;;;;180.0;3.3;0.9
2019/01/14;0700 UTC;0.0;952.7;952.7;952.4;;22.8;;23.3;22.8;;;;;;140.0;3.4;1.5
2019/01/14;0800 UTC;0.0;952.9;952.9;952.6;;22.7;;22.9;22.7;;;;;;172.0;3.2;2.2
2019/01/14;0900 UTC;0.0;953.2;953.2;952.9;;22.6;;22.7;22.6;;;;;;158.0;3.2;2.1
2019/01/14;1000 UTC;0.0;953.5;953.5;953.2;82.2;23.2;;23.2;22.6;;;;;;204.0;3.3;0.9
2019/01/14;1100 UTC;0.0;953.7;953.8;953.5;404.5;24.3;;24.4;23.2;;;;;;181.0;2.0;1.3
2019/01/14;1200 UTC;0.0;954.2;954.2;953.7;962.8;26.7;;26.7;24.2;;;;;;193.0;2.5;0.9
2019/01/14;1300 UTC;0.0;954.7;954.7;954.2;2565.1;30.1;;30.2;26.7;;;;;;27.0;3.1;1.9
2019/01/14;1400 UTC;0.0;954.2;954.7;954.2;3207.7;31.9;;31.9;29.8;;;;;;329.0;3.9;1.5
2019/01/14;1500 UTC;0.0;953.5;954.2;953.5;3811.2;32.5;;33.0;31.3;;;;;;52.0;6.7;3.3
2019/01/14;1600 UTC;0.0;952.8;953.5;952.8;3798.9;32.7;;33.4;32.0;;;;;;;6.8;
2019/01/14;1700 UTC;0.0;951.8;952.8;951.8;3254.9;29.9;;34.0;29.9;;;;;;344.0;7.4;4.4
2019/01/14;1800 UTC;0.0;951.2;951.8;951.2;1933.9;31.7;;33.0;29.0;;;;;;322.0;6.8;2.1
2019/01/14;1900 UTC;0.0;950.0;951.2;949.9;1768.8;32.1;;32.3;31.3;;;;;;354.0;5.9;2.7
2019/01/14;2000 UTC;0.0;949.8;950.3;949.8;2009.9;32.2;;32.6;27.9;;;;;;20.0;10.9;1.1
2019/01/14;2100 UTC;0.0;949.7;949.8;949.5;845.2;28.6;;32.7;28.6;;;;;;286.0;4.8;1.4
2019/01/14;2200 UTC;0.0;950.2;950.2;949.6;228.0;28.3;;28.9;28.3;;;;;;230.0;3.6;0.9
2019/01/14;2300 UTC;0.0;950.9;950.9;950.2;9.2;26.1;;28.3;25.9;;;;;;109.0;2.9;0.7
2019/01/15;0000 UTC;0.0;952.0;952.0;950.9;;25.2;;26.2;24.7;;;;;;327.0;8.6;2.4
2019/01/15;0100 UTC;0.0;953.2;953.2;952.0;;24.4;;25.3;24.3;;;;;;27.0;6.2;2.3
2019/01/15;0200 UTC;3.0;953.1;953.2;952.7;;23.6;;25.0;23.4;;;;;;258.0;15.0;0.6
2019/01/15;0300 UTC;0.0;953.6;953.7;953.1;;23.0;;23.9;22.7;;;;;;132.0;4.7;0.9
2019/01/15;0400 UTC;0.0;953.0;953.6;952.9;;22.6;;23.2;22.6;;;;;;164.0;2.9;2.2
2019/01/15;0500 UTC;0.0;952.2;953.0;952.2;;23.1;;23.2;22.6;;;;;;356.0;2.9;1.4
2019/01/15;0600 UTC;0.0;951.9;952.3;951.9;;22.3;;23.3;22.3;;;;;;305.0;2.6;0.3
2019/01/15;0700 UTC;0.0;951.7;951.9;951.7;;21.9;;22.6;21.9;;;;;;157.0;1.7;1.1
2019/01/15;0800 UTC;0.0;952.6;952.6;951.7;;21.6;;21.9;21.2;;;;;;9.0;3.4;2.7
2019/01/15;0900 UTC;0.0;953.2;953.2;952.6;;21.4;;21.8;21.4;;;;;;358.0;3.4;1.7
2019/01/15;1000 UTC;0.0;953.8;953.8;953.2;109.3;22.7;;22.7;21.4;;;;;;25.0;2.2;0.2
2019/01/15;1100 UTC;0.0;954.6;954.6;953.8;851.4;23.9;;23.9;22.7;;;;;;344.0;4.0;2.3
2019/01/15;1200 UTC;0.0;954.7;954.7;954.6;1743.2;25.8;;25.8;23.9;;;;;;360.0;3.5;1.6
2019/01/15;1300 UTC;0.0;955.1;955.1;954.7;2536.9;28.0;;28.0;25.5;;;;;;344.0;5.1;3.3
2019/01/15;1400 UTC;0.0;955.0;955.1;954.9;2607.1;28.2;;28.9;26.8;;;;;;312.0;5.9;3.3
2019/01/15;1500 UTC;0.0;954.3;955.0;954.3;3230.3;29.7;;30.1;27.8;;;;;;333.0;;4.0
2019/01/15;1600 UTC;0.0;953.4;954.3;953.4;3874.8;31.0;;31.0;29.6;;;;;;321.0;6.6;3.4
2019/01/15;1700 UTC;0.0;952.6;953.4;952.6;3848.0;31.7;;32.2;30.8;;;;;;320.0;6.2;3.4
2019/01/15;1800 UTC;0.0;951.9;952.6;951.9;3291.3;32.1;;32.9;31.1;;;;;;359.0;;2.2
2019/01/15;1900 UTC;0.0;950.9;951.8;950.9;2683.6;31.9;;32.9;31.8;;;;;;329.0;6.1;3.5
2019/01/15;2000 UTC;0.0;950.6;950.9;950.5;2278.8;31.7;;32.7;31.6;;;;;;337.0;6.9;4.3
2019/01/15;2100 UTC;0.0;950.5;950.6;950.3;815.6;30.2;;31.7;30.0;;;;;;327.0;6.5;2.3
2019/01/15;2200 UTC;0.0;950.9;950.9;950.5;341.7;28.4;;30.3;28.4;;;;;;344.0;3.7;2.8
2019/01/15;2300 UTC;0.0;951.2;951.2;950.9;9.5;28.0;;28.4;27.5;;;;;;329.0;3.4;2.1
2019/01/16;0000 UTC;0.0;951.9;951.9;951.2;;26.6;;28.1;26.5;;;;;;3.0;3.0;1.5
2019/01/16;0100 UTC;0.0;952.8;952.8;951.9;;25.3;;26.6;25.3;;;;;;33.0;1.9;1.1
2019/01/16;0200 UTC;0.0;953.4;953.4;952.8;;25.5;;25.5;24.6;;;;;;184.0;1.4;0.1
2019/01/16;0300 UTC;0.0;953.6;953.6;953.4;;25.0;;25.8;24.8;;;;;;347.0;1.4;0.9
2019/01/16;0400 UTC;0.0;953.1;953.7;953.1;;24.4;;25.1;24.1;;;;;;339.0;1.9;0.9
2019/01/16;0500 UTC;0.0;952.8;953.1;952.7;;24.1;;24.9;24.0;;;;;;228.0;2.6;1.2
2019/01/16;0600 UTC;0.0;953.2;953.2;952.7;;22.2;;24.0;22.2;;;;;;171.0;2.9;2.2
2019/01/16;0700 UTC;0.0;953.2;953.3;953.1;;22.9;;23.2;22.1;;;;;;257.0;2.9;0.7
2019/01/16;0800 UTC;0.0;953.5;953.5;953.2;;22.1;;23.5;22.0;;;;;;163.0;2.1;1.5
2019/01/16;0900 UTC;0.0;953.9;953.9;953.5;;21.7;;22.1;21.6;;;;;;185.0;3.0;1.1
2019/01/16;1000 UTC;0.0;954.6;954.6;953.8;140.3;23.1;;23.1;21.7;;;;;;186.0;1.7;1.3
2019/01/16;1100 UTC;0.0;955.4;955.4;954.6;840.0;26.3;;27.1;23.1;;;;;;9.0;2.1;1.0
2019/01/16;1200 UTC;0.0;955.7;955.7;955.3;1544.2;27.8;;27.9;26.2;;;;;;346.0;3.1;1.5
2019/01/16;1300 UTC;0.0;955.8;955.8;955.6;2021.5;29.1;;29.1;27.4;;;;;;356.0;3.3;1.2
2019/01/16;1400 UTC;0.0;955.6;956.0;955.6;3010.2;30.3;;30.4;28.9;;;;;;339.0;3.7;1.8
2019/01/16;1500 UTC;0.0;955.4;955.6;955.4;3328.7;31.6;;32.0;30.1;;;;;;338.0;5.2;2.7
2019/01/16;1600 UTC;0.0;954.7;955.4;954.7;3788.2;32.5;;32.5;31.3;;;;;;340.0;;2.9
2019/01/16;1700 UTC;0.0;953.7;954.7;953.7;3580.0;32.6;;33.1;32.0;;;;;;282.0;5.5;2.1
2019/01/16;1800 UTC;0.0;952.7;953.7;952.7;3466.1;33.4;;33.5;32.4;;;;;;308.0;5.5;2.6
2019/01/16;1900 UTC;0.0;951.9;952.8;951.9;2853.7;33.3;;34.0;32.5;;;;;;323.0;5.6;2.8
2019/01/16;2000 UTC;0.0;951.1;951.9;951.0;2454.5;32.5;;34.4;32.4;;;;;;356.0;5.6;2.2
2019/01/16;2100 UTC;0.0;951.0;951.3;951.0;931.5;30.6;;32.5;30.6;;;;;;4.0;4.4;2.6
2019/01/16;2200 UTC;0.0;951.7;951.7;951.0;387.0;28.7;;30.6;28.7;;;;;;57.0;6.1;2.1
2019/01/16;2300 UTC;0.0;952.5;952.5;951.7;24.4;27.1;;28.7;27.1;;;;;;42.0;4.3;1.8
2019/01/17;0000 UTC;0.0;953.0;953.2;952.5;;27.4;;27.6;26.4;;;;;;220.0;4.9;1.2
2019/01/17;0100 UTC;0.0;953.2;953.2;953.0;;25.7;;27.4;25.4;;;;;;173.0;1.8;1.4
2019/01/17;0200 UTC;0.0;953.7;953.7;953.3;;25.0;;25.7;24.4;;;;;;162.0;2.3;1.2
2019/01/17;0300 UTC;0.0;953.6;953.7;953.5;;23.6;;25.1;23.6;;;;;;146.0;2.4;1.8
2019/01/17;0400 UTC;0.0;953.0;953.6;953.0;;23.1;;23.6;22.8;;;;;;81.0;3.3;1.3
2019/01/17;0500 UTC;0.0;952.5;953.0;952.5;;22.9;;23.3;22.8;;;;;;110.0;3.1;1.4
2019/01/17;0600 UTC;0.0;952.3;952.6;952.3;;23.4;;23.5;22.9;;;;;;97.0;1.9;0.5
2019/01/17;0700 UTC;0.0;952.7;952.7;952.2;;21.8;;23.4;21.8;;;;;;177.0;3.2;2.1
2019/01/17;0800 UTC;0.0;952.9;953.0;952.6;;22.1;;22.1;21.7;;;;;;279.0;2.9;0.4
2019/01/17;0900 UTC;0.0;953.4;953.4;952.9;;21.7;;22.5;21.7;;;;;;165.0;2.2;1.9
2019/01/17;1000 UTC;0.0;954.2;954.2;953.4;161.9;22.8;;22.8;21.6;;;;;;168.0;2.2;1.6
2019/01/17;1100 UTC;0.0;954.7;954.7;954.2;833.0;25.6;;25.6;22.8;;;;;;174.0;2.3;1.4
2019/01/17;1200 UTC;0.0;955.2;955.2;954.7;1689.3;28.5;;28.9;25.6;;;;;;357.0;2.6;1.7
2019/01/17;1300 UTC;0.0;955.2;955.3;955.2;2532.7;29.9;;30.2;28.4;;;;;;338.0;4.4;2.5
2019/01/17;1400 UTC;0.0;955.1;955.3;955.1;3204.1;31.4;;31.8;29.8;;;;;;348.0;7.0;2.2
2019/01/17;1500 UTC;0.0;954.3;955.1;954.3;3680.7;32.6;;32.7;31.3;;;;;;330.0;7.7;2.4
2019/01/17;1600 UTC;0.0;953.6;954.4;953.6;3833.0;32.8;;33.8;32.3;;;;;;332.0;;3.5
2019/01/17;1700 UTC;0.0;952.5;953.6;952.5;3631.8;34.1;;34.2;31.7;;;;;;320.0;;3.2
2019/01/17;1800 UTC;0.0;951.3;952.5;951.3;3467.6;34.4;;34.6;33.4;;;;;;315.0;;
2019/01/17;1900 UTC;0.0;950.0;951.3;950.0;2975.4;34.7;;34.9;33.7;;;;;;294.0;5.9;2.7
2019/01/17;2000 UTC;0.0;949.5;950.1;949.4;2186.7;34.3;;34.9;33.4;;;;;;311.0;5.8;2.0
2019/01/17;2100 UTC;0.0;949.2;949.5;949.2;1045.1;32.8;;34.6;32.8;;;;;;291.0;5.6;1.4
2019/01/17;2200 UTC;0.0;949.7;949.7;949.1;394.2;31.7;;32.8;31.7;;;;;;251.0;2.6;0.8
2019/01/17;2300 UTC;0.0;950.7;950.7;949.7;20.0;28.8;;31.7;28.8;;;;;;203.0;1.8;1.2
2019/01/18;0000 UTC;0.0;951.8;951.8;950.7;;27.5;;28.7;27.1;;;;;;174.0;2.6;1.9
2019/01/18;0100 UTC;0.0;952.7;952.7;951.8;;26.9;;27.5;26.9;;;;;;170.0;2.5;2.0
2019/01/18;0200 UTC;0.0;953.0;953.1;952.7;;26.2;;26.9;25.8;;;;;;112.0;2.5;0.8
2019/01/18;0300 UTC;0.0;953.5;953.5;953.0;;25.7;;26.4;25.1;;;;;;39.0;5.4;2.5
2019/01/18;0400 UTC;0.0;953.4;953.6;953.3;;24.3;;25.7;24.2;;;;;;355.0;4.1;2.0
2019/01/18;0500 UTC;0.0;953.1;953.4;953.1;;23.5;;24.3;23.5;;;;;;18.0;4.3;1.8
2019/01/18;0600 UTC;0.0;953.2;953.3;952.9;;23.7;;23.8;23.3;;;;;;13.0;6.5;4.5
2019/01/18;0700 UTC;0.0;953.5;953.7;953.2;;22.7;;23.7;22.7;;;;;;11.0;8.0;3.1
2019/01/18;0800 UTC;0.0;954.2;954.2;953.4;;23.2;;23.3;22.5;;;;;;100.0;5.5;2.9
2019/01/18;0900 UTC;6.4;954.5;955.0;954.2;;20.7;;23.2;20.7;;;;;;63.0;9.0;4.1
2019/01/18;1000 UTC;0.6;954.7;954.7;954.4;21.9;21.0;;21.0;20.5;;;;;;37.0;8.5;3.0
2019/01/18;1100 UTC;0.0;955.0;955.0;954.6;253.0;21.8;;21.8;21.0;;;;;;54.0;5.3;1.0
2019/01/18;1200 UTC;0.0;955.3;955.4;955.0;583.7;22.8;;22.8;21.8;;;;;;341.0;6.2;3.4
2019/01/18;1300 UTC;0.0;955.4;955.6;955.3;1218.7;23.8;;23.8;22.7;;;;;;320.0;6.2;3.2
2019/01/18;1400 UTC;0.2;955.7;955.7;955.4;1259.1;24.7;;24.8;23.6;;;;;;335.0;5.0;2.8
2019/01/18;1500 UTC;7.0;956.3;956.3;955.4;367.1;20.5;;24.7;20.5;;;;;;47.0;5.9;3.9
2019/01/18;1600 UTC;17.0;955.6;956.3;955.2;345.1;21.7;;21.9;19.8;;;;;;215.0;8.5;4.0
2019/01/18;1700 UTC;1.4;953.8;955.6;953.8;1156.2;22.6;;22.9;21.6;;;;;;301.0;8.5;3.4
2019/01/18;1800 UTC;0.0;952.6;953.8;952.6;1661.5;24.9;;24.9;22.4;;;;;;290.0;6.0;1.2
2019/01/18;1900 UTC;0.0;951.7;952.6;951.7;1517.5;25.4;;25.9;24.9;;;;;;276.0;3.8;1.5
2019/01/18;2000 UTC;0.0;950.6;951.7;950.6;712.8;26.3;;26.3;24.8;;;;;;237.0;3.2;0.9
2019/01/18;2100 UTC;0.0;951.2;951.2;950.4;381.4;25.7;;26.3;25.6;;;;;;274.0;3.0;1.0
2019/01/18;2200 UTC;0.0;952.0;952.0;951.2;141.4;23.7;;25.7;23.7;;;;;;217.0;11.0;5.2
2019/01/18;2300 UTC;0.0;952.6;952.6;951.8;3.9;22.9;;23.7;22.8;;;;;;159.0;10.1;3.9
2019/01/19;0000 UTC;0.0;952.7;952.8;952.4;;22.6;;22.9;22.4;;;;;;167.0;6.1;1.3
2019/01/19;0100 UTC;0.0;954.0;954.0;952.7;;22.3;;22.6;22.3;;;;;;118.0;3.9;1.1
2019/01/19;0200 UTC;0.0;953.4;954.0;953.4;;22.3;;22.5;22.3;;;;;;161.0;3.8;2.0
2019/01/19;0300 UTC;0.0;953.6;953.6;953.4;;22.7;;22.7;22.3;;;;;;263.0;4.0;1.2
2019/01/19;0400 UTC;0.0;953.2;953.7;953.2;;22.5;;22.7;22.4;;;;;;223.0;2.1;0.7
2019/01/19;0500 UTC;0.0;952.7;953.4;952.7;;22.3;;22.5;22.1;;;;;;324.0;1.9;0.4
2019/01/19;0600 UTC;0.0;952.5;952.9;952.5;;22.3;;22.5;22.3;;;;;;70.0;3.1;0.7
2019/01/19;0700 UTC;0.0;952.4;952.5;952.1;;22.3;;22.3;22.2;;;;;;203.0;2.4;1.0
2019/01/19;0800 UTC;0.0;952.2;952.5;952.2;;22.2;;22.4;22.2;;;;;;168.0;4.6;2.5
2019/01/19;0900 UTC;0.0;952.0;952.2;951.9;;21.9;;22.2;21.7;;;;;;138.0;4.0;2.0
2019/01/19;1000 UTC;0.0;952.8;952.8;952.0;33.0;22.0;;22.2;21.8;;;;;;211.0;2.8;1.8
2019/01/19;1100 UTC;0.0;953.2;953.2;952.7;310.5;23.6;;23.6;22.0;;;;;;360.0;2.5;0.6
2019/01/19;1200 UTC;0.0;953.8;953.8;953.2;1614.1;25.1;;25.1;23.3;;;;;;329.0;5.1;2.9
2019/01/19;1300 UTC;0.0;954.4;954.4;953.8;2607.2;26.7;;26.8;24.4;;;;;;346.0;5.3;1.6
2019/01/19;1400 UTC;0.0;954.1;954.4;954.1;3106.0;27.8;;28.5;26.7;;;;;;336.0;4.7;2.9
2019/01/19;1500 UTC;0.2;954.0;954.2;953.9;3044.7;28.3;;29.2;27.4;;;;;;;11.9;
2019/01/19;1600 UTC;0.0;953.6;954.1;953.6;1837.5;24.5;;28.3;23.9;;;;;;191.0;9.6;4.4
2019/01/19;1700 UTC;0.0;952.6;953.6;952.6;2264.2;28.1;;28.2;24.5;;;;;;208.0;7.7;4.5
2019/01/19;1800 UTC;0.0;952.0;953.0;952.0;770.6;27.3;;28.1;27.1;;;;;;195.0;8.0;2.8
2019/01/19;1900 UTC;0.0;951.0;952.0;951.0;862.5;28.7;;29.1;27.3;;;;;;265.0;5.6;0.8
2019/01/19;2000 UTC;6.4;950.8;951.0;950.4;172.5;22.4;;28.7;21.9;;;;;;355.0;12.7;7.5
2019/01/19;2100 UTC;42.6;951.6;951.6;950.8;47.7;20.5;;22.4;20.1;;;;;;48.0;14.7;3.2
2019/01/19;2200 UTC;20.8;952.1;952.4;951.4;28.5;20.4;;20.8;20.2;;;;;;131.0;9.6;2.4
2019/01/19;2300 UTC;4.2;951.9;952.2;951.9;0.2;20.9;;21.4;20.4;;;;;;178.0;6.7;2.3
2019/01/20;0000 UTC;0.2;952.4;952.4;951.9;;21.5;;21.5;20.9;;;;;;177.0;6.3;3.6
2019/01/20;0100 UTC;0.0;953.6;953.6;952.4;;21.0;;21.9;20.9;;;;;;67.0;5.5;1.3
2019/01/20;0200 UTC;0.0;954.4;954.4;953.6;;21.1;;21.4;21.0;;;;;;105.0;5.4;1.1
2019/01/20;0300 UTC;0.0;954.2;954.7;954.2;;21.0;;21.1;20.9;;;;;;324.0;3.0;1.5
2019/01/20;0400 UTC;0.0;953.3;954.3;953.3;;20.7;;21.0;20.7;;;;;;323.0;3.3;1.6
2019/01/20;0500 UTC;0.0;952.5;953.3;952.5;;20.6;;20.8;20.6;;;;;;292.0;2.8;1.7
2019/01/20;0600 UTC;0.0;952.6;952.8;952.5;;20.5;;20.7;20.4;;;;;;80.0;2.8;0.5
2019/01/20;0700 UTC;0.0;952.1;952.6;952.1;;20.2;;20.5;20.2;;;;;;22.0;1.5;0.3
2019/01/20;0800 UTC;0.2;952.1;952.2;952.0;;20.1;;20.3;20.1;;;;;;212.0;1.1;0.4
2019/01/20;0900 UTC;0.0;952.3;952.3;952.1;;20.1;;20.2;19.8;;;;;;302.0;1.9;1.2
2019/01/20;1000 UTC;0.0;952.8;952.8;952.3;83.3;20.5;;20.5;19.9;;;;;;36.0;2.3;0.8
2019/01/20;1100 UTC;0.0;953.5;953.5;952.8;449.1;21.2;;21.2;20.4;;;;;;303.0;2.2;1.3
2019/01/20;1200 UTC;0.0;954.0;954.1;953.4;1353.4;22.8;;22.9;21.2;;;;;;324.0;3.8;2.5
2019/01/20;1300 UTC;0.0;954.2;954.2;954.0;2090.1;24.3;;24.7;22.8;;;;;;318.0;3.9;2.4
2019/01/20;1400 UTC;0.0;954.2;954.5;954.2;2741.5;26.5;;26.5;24.3;;;;;;303.0;4.5;1.1
2019/01/20;1500 UTC;0.0;953.6;954.2;953.6;3407.7;28.3;;28.9;26.3;;;;;;179.0;7.7;
2019/01/20;1600 UTC;0.0;953.5;953.7;953.5;3895.4;29.7;;30.1;28.1;;;;;;350.0;;2.9
2019/01/20;1700 UTC;0.0;952.6;953.4;952.6;3853.2;30.6;;30.6;29.3;;;;;;351.0;5.5;3.1
2019/01/20;1800 UTC;0.0;952.2;952.6;952.1;3109.8;29.7;;31.3;29.7;;;;;;;6.7;
2019/01/20;1900 UTC;0.0;951.5;952.2;951.5;2677.8;30.3;;30.7;29.2;;;;;;267.0;8.8;3.4
2019/01/20;2000 UTC;0.0;950.6;951.5;950.6;2058.7;28.9;;30.5;28.2;;;;;;248.0;8.9;3.4
2019/01/20;2100 UTC;0.0;950.5;950.6;950.3;1371.3;29.2;;29.9;28.7;;;;;;277.0;5.7;2.9
2019/01/20;2200 UTC;0.0;951.3;951.3;950.5;367.6;26.8;;29.3;26.8;;;;;;315.0;4.9;1.4
2019/01/20;2300 UTC;0.0;951.9;951.9;951.3;5.5;25.5;;26.8;25.5;;;;;;224.0;2.3;1.3
2019/01/21;0000 UTC;0.0;952.7;952.7;951.9;;24.2;;25.5;24.1;;;;;;191.0;2.4;1.4
2019/01/21;0100 UTC;0.0;953.3;953.3;952.7;;23.8;;24.2;23.3;;;;;;185.0;2.4;1.6
2019/01/21;0200 UTC;0.0;953.6;953.6;953.2;;23.2;;24.0;23.2;;;;;;176.0;3.0;1.9
2019/01/21;0300 UTC;0.0;953.3;953.7;953.3;;22.4;;23.2;22.4;;;;;;175.0;3.4;2.3
2019/01/21;0400 UTC;0.0;952.7;953.3;952.7;;21.9;;22.4;21.8;;;;;;171.0;4.1;1.7
2019/01/21;0500 UTC;0.0;952.3;952.7;952.3;;21.5;;22.2;21.5;;;;;;154.0;2.4;0.8
2019/01/21;0600 UTC;0.0;952.2;952.3;952.1;;21.2;;21.8;21.2;;;;;;173.0;2.6;1.7
2019/01/21;0700 UTC;0.0;951.9;952.2;951.9;;20.7;;21.2;20.7;;;;;;96.0;2.4;0.7
2019/01/21;0800 UTC;0.0;952.1;952.1;951.8;;21.1;;21.2;20.6;;;;;;33.0;1.4;0.7
2019/01/21;0900 UTC;0.0;952.6;952.6;952.1;;20.3;;21.5;20.3;;;;;;110.0;1.6;1.0
2019/01/21;1000 UTC;0.0;953.5;953.5;952.6;135.3;21.9;;21.9;20.3;;;;;;107.0;1.8;0.5
2019/01/21;1100 UTC;0.0;954.1;954.1;953.5;628.9;24.2;;24.4;21.9;;;;;;355.0;1.4;0.7
2019/01/21;1200 UTC;0.0;954.6;954.6;954.1;1641.6;25.8;;25.9;24.1;;;;;;357.0;2.8;1.7
2019/01/21;1300 UTC;0.0;955.0;955.0;954.6;2440.9;27.3;;27.8;25.8;;;;;;338.0;;1.7
2019/01/21;1400 UTC;0.0;955.0;955.1;955.0;3160.5;29.2;;29.5;27.2;;;;;;326.0;;3.0
2019/01/21;1500 UTC;0.0;954.7;955.0;954.7;3598.2;30.5;;30.6;29.2;;;;;;323.0;9.6;3.1
2019/01/21;1600 UTC;0.0;954.0;954.7;954.0;3826.7;30.8;;31.5;30.3;;;;;;325.0;;2.0
2019/01/21;1700 UTC;0.0;953.5;954.0;953.5;3866.6;32.0;;32.6;30.8;;;;;;;;
2019/01/21;1800 UTC;0.0;952.9;953.5;952.9;3526.4;32.6;;33.0;31.9;;;;;;;;
2019/01/21;1900 UTC;0.0;952.1;952.9;952.1;3015.9;32.3;;33.3;31.7;;;;;;15.0;;2.6
2019/01/21;2000 UTC;0.0;951.7;952.1;951.7;1739.4;29.9;;32.5;29.9;;;;;;241.0;7.3;4.4
2019/01/21;2100 UTC;0.0;951.5;951.7;951.4;1190.7;30.4;;30.8;29.7;;;;;;253.0;7.3;1.9
2019/01/21;2200 UTC;0.0;951.7;951.7;951.5;493.8;29.9;;30.5;29.7;;;;;;192.0;3.6;0.7
2019/01/21;2300 UTC;0.0;952.1;952.1;951.7;21.8;26.3;;29.9;26.3;;;;;;169.0;2.0;1.5
2019/01/22;0000 UTC;0.0;952.6;952.6;952.1;;25.6;;26.3;25.5;;;;;;176.0;1.8;1.6
2019/01/22;0100 UTC;0.0;953.3;953.3;952.6;;23.5;;25.6;23.5;;;;;;175.0;3.0;2.5
2019/01/22;0200 UTC;0.0;953.9;953.9;953.3;;23.2;;23.8;23.2;;;;;;178.0;4.0;2.7
2019/01/22;0300 UTC;0.0;954.2;954.2;953.9;;22.5;;23.2;22.4;;;;;;169.0;4.4;2.1
2019/01/22;0400 UTC;0.0;953.7;954.2;953.7;;22.5;;23.0;22.5;;;;;;181.0;3.5;2.4
2019/01/22;0500 UTC;0.0;953.4;953.7;953.4;;22.3;;22.7;22.2;;;;;;176.0;3.5;2.4
2019/01/22;0600 UTC;0.0;953.0;953.4;953.0;;22.0;;22.3;22.0;;;;;;184.0;3.4;2.1
2019/01/22;0700 UTC;0.0;952.8;953.0;952.8;;21.5;;22.0;21.5;;;;;;170.0;3.6;1.8
2019/01/22;0800 UTC;0.0;953.0;953.0;952.7;;22.3;;22.5;21.5;;;;;;188.0;3.1;1.6
2019/01/22;0900 UTC;0.0;953.5;953.5;953.0;;21.7;;22.3;21.7;;;;;;178.0;2.3;1.8
2019/01/22;1000 UTC;0.0;954.0;954.0;953.5;131.3;21.9;;21.9;21.2;;;;;;178.0;3.5;2.4
2019/01/22;1100 UTC;0.0;954.7;954.7;954.0;821.4;25.8;;25.9;21.9;;;;;;169.0;3.5;1.3
2019/01/22;1200 UTC;0.0;955.0;955.0;954.7;1705.1;29.0;;29.2;25.7;;;;;;339.0;;1.1
2019/01/22;1300 UTC;0.0;955.0;955.0;955.0;2540.5;30.7;;30.7;29.0;;;;;;4.0;2.8;1.5
2019/01/22;1400 UTC;0.0;954.9;955.0;954.8;3227.4;32.1;;32.5;30.6;;;;;;319.0;3.3;1.4
2019/01/22;1500 UTC;0.0;954.4;954.9;954.4;3686.2;33.2;;33.2;31.8;;;;;;345.0;3.7;2.2
2019/01/22;1600 UTC;0.0;953.5;954.4;953.5;3869.1;33.9;;34.2;33.2;;;;;;;;
2019/01/22;1700 UTC;0.0;952.7;953.5;952.7;4028.1;35.6;;35.6;33.7;;;;;;;4.6;
2019/01/22;1800 UTC;0.0;951.9;952.7;951.9;3494.1;34.8;;35.6;34.3;;;;;;354.0;;1.9
2019/01/22;1900 UTC;0.0;951.2;951.9;951.2;2682.9;34.4;;36.0;34.4;;;;;;136.0;4.8;1.1
2019/01/22;2000 UTC;0.0;950.4;951.2;950.3;1926.9;34.8;;35.4;34.1;;;;;;15.0;3.7;1.8
2019/01/22;2100 UTC;0.0;950.5;950.6;950.4;1350.7;31.5;;36.2;31.3;;;;;;344.0;5.8;2.7
2019/01/22;2200 UTC;0.0;950.6;950.6;950.4;394.3;29.7;;31.5;29.7;;;;;;279.0;4.5;0.5
2019/01/22;2300 UTC;0.0;951.0;951.0;950.6;4.3;28.2;;29.8;28.0;;;;;;151.0;2.6;1.5
2019/01/23;0000 UTC;0.0;951.7;951.7;951.0;;26.7;;28.2;26.0;;;;;;170.0;3.7;2.6
2019/01/23;0100 UTC;0.0;952.2;952.2;951.7;;24.8;;26.8;24.8;;;;;;179.0;3.7;2.2
2019/01/23;0200 UTC;0.0;952.9;952.9;952.2;;25.6;;25.6;24.4;;;;;;195.0;3.2;2.0
2019/01/23;0300 UTC;0.0;953.2;953.2;953.0;;24.1;;25.7;24.1;;;;;;178.0;3.5;2.7
2019/01/23;0400 UTC;0.0;952.8;953.2;952.8;;23.8;;24.1;23.2;;;;;;186.0;3.4;2.2
2019/01/23;0500 UTC;0.0;951.8;952.8;951.8;;23.0;;24.2;23.0;;;;;;175.0;3.1;2.5
2019/01/23;0600 UTC;0.0;951.3;951.8;951.3;;22.9;;23.3;22.8;;;;;;184.0;4.2;3.0
2019/01/23;0700 UTC;0.0;951.3;951.4;951.2;;22.4;;22.9;22.3;;;;;;185.0;3.9;2.5
2019/01/23;0800 UTC;0.0;951.5;951.5;951.3;;22.5;;23.0;22.4;;;;;;178.0;3.8;2.5
2019/01/23;0900 UTC;0.0;951.8;951.8;951.5;;21.9;;22.5;21.8;;;;;;180.0;3.8;2.6
2019/01/23;1000 UTC;0.0;952.8;952.8;951.8;118.3;23.1;;23.1;21.8;;;;;;180.0;4.5;2.7
2019/01/23;1100 UTC;0.0;953.6;953.6;952.8;822.1;26.9;;27.2;23.1;;;;;;171.0;4.0;2.0
2019/01/23;1200 UTC;0.0;954.2;954.3;953.6;1585.4;29.2;;29.9;26.9;;;;;;159.0;4.6;2.4
2019/01/23;1300 UTC;0.0;954.1;954.2;954.0;2523.9;32.7;;32.7;29.0;;;;;;67.0;4.3;2.1
2019/01/23;1400 UTC;0.0;953.9;954.1;953.8;3179.3;33.6;;33.7;32.4;;;;;;;6.2;
2019/01/23;1500 UTC;0.0;953.1;953.9;953.1;3635.9;34.8;;34.8;33.2;;;;;;;5.7;
2019/01/23;1600 UTC;0.0;952.4;953.1;952.4;3841.4;35.3;;35.6;34.5;;;;;;;;
2019/01/23;1700 UTC;0.0;951.2;952.4;951.2;3860.4;35.8;;36.2;35.2;;;;;;;;
2019/01/23;1800 UTC;0.0;950.4;951.2;950.4;3500.1;35.9;;36.4;35.6;;;;;;121.0;;2.4
2019/01/23;1900 UTC;0.0;949.1;950.4;949.1;2896.9;36.3;;37.2;35.6;;;;;;37.0;4.7;1.7
2019/01/23;2000 UTC;0.0;948.6;949.1;948.6;2331.8;36.7;;37.1;35.9;;;;;;156.0;4.6;0.9
2019/01/23;2100 UTC;0.0;949.7;949.7;948.2;1563.1;26.2;;36.7;26.2;;;;;;139.0;12.6;7.0
2019/01/23;2200 UTC;2.2;950.5;950.5;948.9;102.9;24.7;;26.8;24.0;;;;;;3.0;15.9;6.0
2019/01/23;2300 UTC;0.0;951.2;951.2;950.4;8.5;24.0;;24.8;24.0;;;;;;271.0;13.3;2.9
2019/01/24;0000 UTC;0.0;953.6;953.6;951.2;;22.8;;24.1;22.7;;;;;;309.0;10.9;3.2
2019/01/24;0100 UTC;0.2;953.8;954.2;953.6;;22.3;;22.8;22.3;;;;;;320.0;6.9;5.0
2019/01/24;0200 UTC;0.0;954.2;954.6;953.8;;22.2;;22.3;22.0;;;;;;315.0;6.9;2.2
2019/01/24;0300 UTC;0.0;955.0;955.2;954.0;;22.3;;22.3;22.1;;;;;;24.0;9.0;5.5
2019/01/24;0400 UTC;0.0;953.5;955.0;953.5;;22.2;;22.4;22.2;;;;;;293.0;9.2;2.9
2019/01/24;0500 UTC;0.0;952.9;953.6;952.9;;22.2;;22.3;22.1;;;;;;207.0;4.7;1.6
2019/01/24;0600 UTC;0.0;952.3;953.6;952.3;;22.6;;22.7;22.1;;;;;;183.0;8.3;2.8
2019/01/24;0700 UTC;0.2;951.4;952.3;951.4;;22.4;;22.6;22.3;;;;;;181.0;5.6;1.6
2019/01/24;0800 UTC;0.0;950.6;951.4;950.6;;22.6;;23.0;22.4;;;;;;184.0;4.5;3.0
2019/01/24;0900 UTC;0.0;950.6;950.7;950.5;;22.0;;22.6;22.0;;;;;;170.0;4.5;2.5
2019/01/24;1000 UTC;0.0;951.3;951.3;950.6;105.4;22.9;;22.9;22.0;;;;;;173.0;5.0;2.5
2019/01/24;1100 UTC;0.0;952.3;952.3;951.3;910.9;26.3;;26.3;22.9;;;;;;166.0;4.9;3.2
2019/01/24;1200 UTC;0.0;953.0;953.0;952.3;1939.8;28.5;;28.5;26.2;;;;;;162.0;6.1;3.5
2019/01/24;1300 UTC;0.0;953.2;953.3;953.0;2510.3;31.7;;31.7;28.4;;;;;;104.0;6.1;1.4
2019/01/24;1400 UTC;0.0;953.2;953.3;953.1;3148.6;32.9;;32.9;31.7;;;;;;103.0;5.6;3.4
2019/01/24;1500 UTC;0.0;953.1;953.3;953.0;3415.1;33.7;;33.9;32.6;;;;;;90.0;6.3;2.2
2019/01/24;1600 UTC;0.0;952.7;953.1;952.7;2582.6;33.5;;34.0;33.1;;;;;;130.0;;2.7
2019/01/24;1700 UTC;0.0;950.3;952.7;950.3;3416.9;35.0;;35.1;33.4;;;;;;187.0;;2.4
2019/01/24;1800 UTC;0.0;949.0;950.3;949.0;2552.7;30.0;;34.9;29.7;;;;;;129.0;9.4;5.2
2019/01/24;1900 UTC;0.0;950.5;950.5;949.0;911.5;24.5;;30.7;24.3;;;;;;354.0;13.6;5.8
2019/01/24;2000 UTC;0.0;949.4;950.5;948.9;530.9;23.3;;24.5;22.8;;;;;;267.0;9.9;4.8
2019/01/24;2100 UTC;0.0;950.1;950.5;949.2;135.1;24.1;;24.1;23.3;;;;;;208.0;11.5;6.5
2019/01/24;2200 UTC;0.0;950.8;950.8;949.9;36.3;23.4;;24.3;23.3;;;;;;176.0;11.9;4.8
2019/01/24;2300 UTC;0.0;952.3;952.3;950.8;;22.9;;23.8;22.8;;;;;;128.0;9.2;4.8
2019/01/25;0000 UTC;1.0;953.4;953.4;952.3;;22.2;;23.0;22.2;;;;;;91.0;8.3;4.0
2019/01/25;0100 UTC;1.4;954.6;954.6;953.4;;22.2;;22.3;22.0;;;;;;115.0;9.2;3.5
2019/01/25;0200 UTC;1.0;955.4;955.4;954.6;;22.3;;22.4;22.2;;;;;;119.0;6.3;2.1
2019/01/25;0300 UTC;0.4;954.0;955.5;954.0;;22.0;;22.3;21.9;;;;;;8.0;3.3;1.6
2019/01/25;0400 UTC;0.0;952.6;954.0;952.6;;21.2;;22.0;21.2;;;;;;329.0;4.6;1.0
2019/01/25;0500 UTC;0.0;951.2;952.6;951.2;;21.2;;21.2;21.1;;;;;;213.0;2.7;0.4
2019/01/25;0600 UTC;0.0;950.2;951.2;950.2;;21.3;;21.4;21.2;;;;;;171.0;2.9;2.1
2019/01/25;0700 UTC;0.0;950.0;950.2;949.7;;21.1;;21.4;21.1;;;;;;54.0;3.4;0.9
2019/01/25;0800 UTC;0.0;949.6;950.0;949.6;;21.3;;21.4;21.1;;;;;;182.0;3.1;1.6
2019/01/25;0900 UTC;0.0;950.8;950.8;949.5;;21.0;;21.3;21.0;;;;;;346.0;2.8;1.3
2019/01/25;1000 UTC;0.2;951.4;951.4;950.8;90.5;21.4;;21.4;20.8;;;;;;301.0;2.9;0.4
2019/01/25;1100 UTC;0.0;951.8;951.8;951.4;595.9;22.8;;22.8;21.4;;;;;;349.0;3.0;1.9
2019/01/25;1200 UTC;0.0;952.4;952.4;951.8;1615.3;25.4;;25.4;22.8;;;;;;43.0;3.5;1.1
2019/01/25;1300 UTC;0.0;952.7;952.7;952.4;2748.9;27.7;;27.9;25.4;;;;;;7.0;;1.7
2019/01/25;1400 UTC;0.0;952.9;952.9;952.6;3169.5;28.7;;29.1;27.4;;;;;;355.0;4.5;1.8
2019/01/25;1500 UTC;0.0;952.5;953.0;952.5;3500.6;29.7;;30.4;28.5;;;;;;9.0;5.4;2.4
2019/01/25;1600 UTC;0.0;952.0;952.5;952.0;3385.1;29.4;;31.4;29.4;;;;;;335.0;6.0;2.4
2019/01/25;1700 UTC;0.0;951.5;952.0;951.5;2163.6;29.8;;31.4;28.8;;;;;;298.0;7.1;1.9
2019/01/25;1800 UTC;0.0;950.1;951.5;950.1;2894.0;31.3;;32.4;29.8;;;;;;19.0;;2.4
2019/01/25;1900 UTC;0.0;948.8;950.1;948.8;2900.9;31.6;;32.7;30.7;;;;;;;5.8;
2019/01/25;2000 UTC;0.0;948.8;948.8;948.6;2384.1;31.3;;32.9;31.3;;;;;;;;
2019/01/25;2100 UTC;0.0;948.6;948.8;948.5;633.0;29.9;;31.3;29.7;;;;;;262.0;3.9;1.8
2019/01/25;2200 UTC;0.0;949.2;949.2;948.6;272.8;27.6;;29.9;27.5;;;;;;224.0;6.3;2.5
2019/01/25;2300 UTC;0.0;949.5;949.5;949.2;26.5;26.4;;27.6;26.4;;;;;;191.0;5.2;1.2
2019/01/26;0000 UTC;0.0;950.3;950.3;949.5;;25.2;;26.5;25.1;;;;;;58.0;1.9;1.0
2019/01/26;0100 UTC;0.0;951.3;951.3;950.3;;25.1;;25.3;25.1;;;;;;71.0;3.2;1.1
2019/01/26;0200 UTC;0.0;951.6;951.7;951.3;;25.3;;25.5;24.9;;;;;;357.0;1.8;0.6
2019/01/26;0300 UTC;0.0;951.4;951.7;951.2;;25.4;;25.4;25.2;;;;;;26.0;1.6;0.4
2019/01/26;0400 UTC;0.0;950.9;951.4;950.9;;24.7;;25.6;24.5;;;;;;308.0;2.8;1.8
2019/01/26;0500 UTC;0.0;950.6;950.9;950.6;;24.2;;24.7;24.0;;;;;;312.0;2.9;2.0
2019/01/26;0600 UTC;0.0;950.6;950.7;950.5;;23.4;;24.2;23.3;;;;;;349.0;2.9;0.8
2019/01/26;0700 UTC;0.0;950.3;950.6;950.2;;23.4;;23.6;23.2;;;;;;304.0;2.7;1.8
2019/01/26;0800 UTC;0.0;950.8;950.8;950.3;;23.4;;23.5;23.2;;;;;;262.0;2.7;0.9
2019/01/26;0900 UTC;0.0;951.2;951.2;950.8;;23.1;;23.4;23.1;;;;;;171.0;3.3;0.3
2019/01/26;1000 UTC;0.0;951.6;951.6;951.2;113.2;23.6;;23.6;22.9;;;;;;338.0;2.0;1.2
2019/01/26;1100 UTC;0.0;951.7;951.8;951.6;749.7;25.1;;25.1;23.6;;;;;;327.0;4.7;1.5
2019/01/26;1200 UTC;0.0;952.4;952.5;951.7;1539.4;26.7;;26.7;25.1;;;;;;10.0;3.4;1.7
2019/01/26;1300 UTC;0.0;952.8;952.8;952.4;1867.9;27.9;;28.0;26.7;;;;;;6.0;3.6;2.0
2019/01/26;1400 UTC;0.0;952.0;952.8;951.9;3080.9;30.2;;30.6;27.6;;;;;;353.0;3.8;1.2
2019/01/26;1500 UTC;0.0;951.7;952.1;951.7;3259.2;29.8;;31.6;28.0;;;;;;227.0;8.4;3.4
2019/01/26;1600 UTC;0.0;950.8;951.7;950.8;3756.5;31.5;;31.8;29.3;;;;;;;;
2019/01/26;1700 UTC;0.0;950.2;950.8;950.2;2885.7;26.3;;32.1;26.3;;;;;;306.0;13.5;5.9
2019/01/26;1800 UTC;0.0;949.4;950.2;949.2;2154.8;28.0;;28.7;26.2;;;;;;333.0;10.4;1.6
2019/01/26;1900 UTC;0.4;948.6;949.7;948.6;1801.9;29.4;;29.4;24.9;;;;;;158.0;10.1;3.0
2019/01/26;2000 UTC;0.0;947.8;948.8;947.2;1400.0;28.5;;29.4;26.3;;;;;;212.0;11.6;1.4
2019/01/26;2100 UTC;0.0;948.4;948.7;947.8;371.1;26.5;;28.6;26.5;;;;;;124.0;3.7;1.0
2019/01/26;2200 UTC;0.0;948.9;948.9;947.7;17.1;23.9;;26.6;23.8;;;;;;174.0;9.7;2.8
2019/01/26;2300 UTC;0.4;950.1;950.1;948.9;;22.0;;24.6;22.0;;;;;;140.0;11.1;4.9
2019/01/27;0000 UTC;0.0;950.2;950.2;949.9;;22.6;;22.6;22.0;;;;;;134.0;8.7;3.2
2019/01/27;0100 UTC;0.2;950.8;950.9;950.2;;22.8;;22.8;22.6;;;;;;183.0;5.9;3.0
2019/01/27;0200 UTC;0.0;951.0;951.0;950.8;;22.4;;22.9;22.4;;;;;;33.0;7.8;2.5
2019/01/27;0300 UTC;0.0;951.3;951.4;950.9;;22.4;;22.5;22.2;;;;;;44.0;4.8;0.7
2019/01/27;0400 UTC;0.2;951.7;951.7;951.2;;22.4;;22.7;22.3;;;;;;53.0;10.2;3.6
2019/01/27;0500 UTC;0.0;950.2;951.7;950.2;;21.8;;22.4;21.8;;;;;;354.0;8.9;3.5
2019/01/27;0600 UTC;0.0;948.5;950.2;948.5;;21.0;;21.8;21.0;;;;;;5.0;6.6;2.1
2019/01/27;0700 UTC;0.0;948.2;948.5;948.2;;21.5;;21.5;20.9;;;;;;6.0;5.5;3.1
2019/01/27;0800 UTC;0.0;948.3;948.4;948.2;;20.9;;21.5;20.8;;;;;;7.0;5.1;2.6
2019/01/27;0900 UTC;0.0;949.1;949.1;948.3;;20.6;;21.0;20.3;;;;;;75.0;4.4;2.7
2019/01/27;1000 UTC;0.0;950.2;950.3;949.1;99.6;21.6;;21.6;20.6;;;;;;85.0;5.9;2.9
2019/01/27;1100 UTC;0.0;950.8;950.8;950.2;663.6;22.8;;22.8;21.6;;;;;;70.0;6.6;3.0
2019/01/27;1200 UTC;0.0;951.2;951.2;950.7;1482.1;24.1;;24.6;22.8;;;;;;37.0;7.1;3.3
2019/01/27;1300 UTC;0.0;951.2;951.5;951.2;1630.6;25.4;;25.4;23.8;;;;;;2.0;9.5;5.6
2019/01/27;1400 UTC;0.0;951.6;951.6;951.2;1675.8;25.9;;25.9;24.3;;;;;;354.0;9.5;4.3
2019/01/27;1500 UTC;0.0;951.5;951.6;951.4;2947.6;27.5;;27.5;25.5;;;;;;;6.6;
2019/01/27;1600 UTC;0.0;951.0;951.6;951.0;2878.7;27.1;;28.5;26.8;;;;;;356.0;8.3;4.0
2019/01/27;1700 UTC;0.0;949.9;951.0;949.9;3438.0;28.9;;29.3;27.1;;;;;;337.0;8.8;4.5
2019/01/27;1800 UTC;0.6;949.6;949.9;949.6;1121.7;24.9;;29.0;24.9;;;;;;62.0;8.7;1.8
2019/01/27;1900 UTC;1.2;949.8;949.9;949.5;180.0;23.0;;24.9;23.0;;;;;;340.0;6.2;4.1
2019/01/27;2000 UTC;2.0;949.0;950.0;949.0;318.0;22.4;;23.0;21.6;;;;;;104.0;7.8;3.6
2019/01/27;2100 UTC;0.4;949.5;949.5;948.9;503.8;23.8;;23.9;22.4;;;;;;80.0;6.0;0.8
2019/01/27;2200 UTC;10.2;950.0;950.2;949.4;79.2;20.8;;23.9;20.4;;;;;;140.0;8.3;1.5
2019/01/27;2300 UTC;4.2;950.7;951.0;950.0;4.7;20.4;;20.8;20.4;;;;;;73.0;8.4;2.1
2019/01/28;0000 UTC;0.8;951.5;951.5;950.6;;20.8;;20.9;20.4;;;;;;75.0;6.5;2.8
2019/01/28;0100 UTC;0.2;952.3;952.3;951.5;0.1;20.6;;21.3;20.6;;;;;;29.0;13.1;6.1
2019/01/28;0200 UTC;4.8;952.6;952.7;952.3;;20.3;;20.6;20.2;;;;;;35.0;10.5;3.2
2019/01/28;0300 UTC;0.4;952.8;952.8;952.6;;20.4;;20.6;20.3;;;;;;21.0;5.4;1.6
2019/01/28;0400 UTC;0.0;952.6;952.9;952.6;;20.7;;20.7;20.4;;;;;;23.0;6.8;2.5
2019/01/28;0500 UTC;0.0;952.3;952.6;952.3;;20.9;;21.0;20.6;;;;;;12.0;6.1;4.1
2019/01/28;0600 UTC;0.0;951.8;952.3;951.8;;21.0;;21.1;20.8;;;;;;5.0;7.1;3.8
2019/01/28;0700 UTC;0.0;951.8;951.8;951.7;;21.0;;21.1;20.9;;;;;;7.0;6.1;3.3
2019/01/28;0800 UTC;0.0;952.1;952.1;951.8;;20.7;;21.2;20.7;;;;;;6.0;6.1;3.2
2019/01/28;0900 UTC;0.0;952.5;952.5;952.1;;20.4;;20.8;20.3;;;;;;357.0;5.0;2.6
2019/01/28;1000 UTC;0.2;953.3;953.3;952.5;57.5;20.6;;20.6;20.3;;;;;;52.0;5.0;0.8
2019/01/28;1100 UTC;0.0;954.1;954.1;953.3;259.1;21.6;;21.6;20.6;;;;;;48.0;2.6;1.3
2019/01/28;1200 UTC;0.0;954.8;954.8;954.1;656.2;22.9;;22.9;21.6;;;;;;73.0;4.5;2.6
2019/01/28;1300 UTC;0.0;955.1;955.2;954.8;1145.5;23.5;;23.8;22.9;;;;;;61.0;5.1;2.9
2019/01/28;1400 UTC;0.0;955.0;955.3;954.9;2115.9;24.8;;25.8;23.5;;;;;;39.0;7.5;4.5
2019/01/28;1500 UTC;0.0;954.9;955.3;954.9;1377.8;25.8;;25.8;24.5;;;;;;23.0;7.6;3.0
2019/01/28;1600 UTC;0.0;954.2;954.9;954.2;3069.2;27.2;;27.9;25.7;;;;;;341.0;7.7;3.5
2019/01/28;1700 UTC;0.0;953.1;954.2;953.1;3996.8;28.5;;28.8;27.2;;;;;;346.0;8.0;4.6
2019/01/28;1800 UTC;0.0;952.8;953.1;952.7;1924.7;25.3;;29.3;25.0;;;;;;108.0;8.8;3.3
2019/01/28;1900 UTC;0.0;952.8;953.1;952.6;1038.5;23.5;;27.2;23.1;;;;;;62.0;9.7;3.0
2019/01/28;2000 UTC;0.0;953.2;953.2;952.6;576.1;24.3;;24.8;23.5;;;;;;61.0;6.2;3.3
2019/01/28;2100 UTC;0.0;952.7;953.8;952.7;258.0;22.5;;24.3;22.5;;;;;;295.0;10.0;1.9
2019/01/28;2200 UTC;0.0;953.0;953.2;952.5;197.7;22.8;;22.8;22.3;;;;;;45.0;3.0;0.7
2019/01/28;2300 UTC;0.0;954.0;954.0;952.9;7.1;22.7;;22.8;22.6;;;;;;112.0;3.2;1.2
2019/01/29;0000 UTC;0.0;954.5;954.5;954.0;;22.3;;22.7;22.1;;;;;;320.0;2.0;0.6
2019/01/29;0100 UTC;0.0;955.2;955.2;954.5;;22.0;;22.4;22.0;;;;;;172.0;1.8;1.2
2019/01/29;0200 UTC;0.0;955.5;955.7;955.2;;21.2;;22.0;21.2;;;;;;172.0;3.7;2.0
2019/01/29;0300 UTC;0.0;955.5;955.6;955.5;;20.8;;21.2;20.8;;;;;;173.0;4.6;2.8
2019/01/29;0400 UTC;0.0;955.1;955.5;955.1;;21.0;;21.1;20.8;;;;;;181.0;4.5;2.3
2019/01/29;0500 UTC;0.0;954.8;955.1;954.8;;20.8;;21.0;20.8;;;;;;174.0;3.5;2.1
2019/01/29;0600 UTC;0.0;954.4;954.8;954.4;;20.9;;20.9;20.8;;;;;;176.0;3.2;1.9
2019/01/29;0700 UTC;0.0;954.1;954.4;954.1;;20.8;;20.9;20.7;;;;;;222.0;2.5;0.7
2019/01/29;0800 UTC;0.0;954.2;954.2;954.1;;20.6;;20.8;20.5;;;;;;156.0;1.3;0.6
2019/01/29;0900 UTC;0.0;954.5;954.5;954.1;;19.9;;20.7;19.9;;;;;;177.0;4.0;2.7
2019/01/29;1000 UTC;0.0;955.0;955.0;954.5;79.1;20.4;;20.4;19.8;;;;;;171.0;4.3;2.5
2019/01/29;1100 UTC;0.0;955.5;955.5;955.0;679.0;23.4;;23.4;20.4;;;;;;158.0;3.7;2.1
2019/01/29;1200 UTC;0.0;956.2;956.2;955.5;1713.9;27.0;;27.1;23.4;;;;;;28.0;3.5;1.4
2019/01/29;1300 UTC;0.0;956.7;956.7;956.2;2437.9;28.1;;28.1;26.8;;;;;;357.0;4.0;1.9
2019/01/29;1400 UTC;0.0;956.4;956.8;956.4;2441.4;28.2;;28.7;26.9;;;;;;324.0;6.1;3.0
2019/01/29;1500 UTC;0.0;955.8;956.4;955.8;3540.3;29.2;;29.6;27.7;;;;;;289.0;5.7;2.7
2019/01/29;1600 UTC;0.0;954.9;955.8;954.9;3817.3;30.3;;30.6;28.1;;;;;;319.0;4.9;1.5
2019/01/29;1700 UTC;0.0;954.0;954.9;954.0;3734.4;31.0;;31.5;30.1;;;;;;343.0;5.9;2.6
2019/01/29;1800 UTC;0.0;952.9;954.0;952.9;3416.2;31.9;;31.9;30.2;;;;;;317.0;5.9;2.7
2019/01/29;1900 UTC;0.0;952.1;952.9;952.1;3077.8;32.0;;32.2;31.1;;;;;;35.0;5.6;1.1
2019/01/29;2000 UTC;0.0;951.9;952.1;951.5;2260.6;30.1;;32.5;30.1;;;;;;30.0;11.8;2.8
2019/01/29;2100 UTC;1.0;952.6;953.1;951.8;139.5;21.4;;29.9;21.2;;;;;;302.0;14.3;2.7
2019/01/29;2200 UTC;0.0;952.2;952.6;951.6;21.0;21.4;;21.6;21.2;;;;;;180.0;5.5;2.8
2019/01/29;2300 UTC;0.0;952.4;952.4;952.0;0.7;21.8;;22.0;21.4;;;;;;174.0;5.0;2.9
2019/01/30;0000 UTC;0.0;953.2;953.2;952.4;;22.0;;22.2;21.8;;;;;;179.0;4.9;2.5
2019/01/30;0100 UTC;0.0;953.5;953.5;953.2;;21.7;;22.0;21.7;;;;;;172.0;4.0;2.5
2019/01/30;0200 UTC;0.0;953.8;953.8;953.5;;21.8;;22.0;21.6;;;;;;186.0;4.0;2.5
2019/01/30;0300 UTC;0.0;954.0;954.0;953.7;;21.5;;21.9;21.3;;;;;;180.0;3.8;2.0
2019/01/30;0400 UTC;0.0;953.5;954.0;953.5;;20.9;;21.5;20.9;;;;;;80.0;3.4;0.9
2019/01/30;0500 UTC;0.2;954.5;954.5;953.4;;21.1;;21.2;20.7;;;;;;7.0;7.1;4.7
2019/01/30;0600 UTC;0.2;954.2;954.5;954.0;;21.1;;21.6;21.1;;;;;;340.0;8.0;3.2
2019/01/30;0700 UTC;0.0;953.2;954.2;953.2;;20.9;;21.4;20.9;;;;;;236.0;5.4;1.6
2019/01/30;0800 UTC;0.0;951.8;953.2;951.8;;20.2;;20.9;20.2;;;;;;171.0;5.5;3.6
2019/01/30;0900 UTC;0.0;952.7;952.7;951.8;;20.0;;20.4;20.0;;;;;;218.0;5.5;2.1
2019/01/30;1000 UTC;0.0;953.5;953.6;952.7;49.8;20.4;;20.4;19.9;;;;;;166.0;3.5;2.8
2019/01/30;1100 UTC;0.0;954.5;954.5;953.5;850.8;24.1;;24.1;20.4;;;;;;161.0;4.1;2.8
2019/01/30;1200 UTC;0.0;954.8;954.8;954.4;1324.3;26.2;;26.2;23.3;;;;;;147.0;4.5;1.9
2019/01/30;1300 UTC;0.0;954.8;954.9;954.7;2576.7;28.2;;28.5;26.2;;;;;;158.0;6.0;3.4
2019/01/30;1400 UTC;0.0;955.0;955.0;954.7;3346.3;29.0;;29.0;27.7;;;;;;175.0;6.6;2.6
2019/01/30;1500 UTC;0.0;954.5;955.0;954.5;3659.4;30.1;;30.3;28.5;;;;;;186.0;4.4;1.7
2019/01/30;1600 UTC;0.0;954.0;954.5;954.0;3597.4;31.0;;31.6;29.9;;;;;;187.0;10.0;2.1
2019/01/30;1700 UTC;0.0;953.2;954.0;953.2;3710.3;32.6;;32.8;31.0;;;;;;;4.2;
2019/01/30;1800 UTC;0.0;952.2;953.2;952.2;3296.0;33.3;;33.3;31.1;;;;;;;5.0;
2019/01/30;1900 UTC;0.0;951.4;952.2;951.4;2968.6;32.9;;33.3;32.0;;;;;;1.0;5.2;2.5
2019/01/30;2000 UTC;0.0;951.2;951.4;950.7;1600.7;27.4;;33.5;27.4;;;;;;10.0;13.2;7.5
2019/01/30;2100 UTC;0.0;951.5;951.5;951.1;963.8;28.6;;28.6;25.9;;;;;;30.0;11.6;0.6
2019/01/30;2200 UTC;0.0;951.3;951.5;951.2;486.3;27.5;;29.0;27.5;;;;;;208.0;2.2;1.4
2019/01/30;2300 UTC;0.0;951.5;951.5;951.3;7.5;25.1;;27.5;25.0;;;;;;187.0;3.5;2.3
2019/01/31;0000 UTC;0.0;952.1;952.1;951.5;;24.3;;25.1;24.1;;;;;;189.0;3.1;1.6
2019/01/31;0100 UTC;;;;;;;;;;;;;;;;;
2019/01/31;0200 UTC;0.0;953.4;953.5;953.1;;23.4;;24.7;23.3;;;;;;172.0;4.7;2.8
2019/01/31;0300 UTC;0.0;953.2;953.6;953.2;;22.8;;23.4;22.6;;;;;;229.0;3.7;0.5
2019/01/31;0400 UTC;0.0;952.7;953.2;952.6;;22.3;;22.8;22.1;;;;;;57.0;2.1;1.1
2019/01/31;0500 UTC;0.0;952.3;952.7;952.2;;22.0;;22.3;21.6;;;;;;176.0;2.4;1.8
2019/01/31;0600 UTC;0.0;952.2;952.4;952.1;;21.3;;22.3;21.2;;;;;;152.0;3.1;1.9
2019/01/31;0700 UTC;0.0;952.1;952.2;952.0;;22.1;;22.2;21.0;;;;;;185.0;4.0;2.2
2019/01/31;0800 UTC;0.0;952.2;952.2;952.0;;21.1;;22.2;21.1;;;;;;169.0;4.2;1.9
2019/01/31;0900 UTC;0.0;952.4;952.4;952.1;;21.2;;21.4;21.0;;;;;;170.0;2.9;1.8
2019/01/31;1000 UTC;0.0;953.5;953.5;952.4;104.9;22.3;;22.3;20.8;;;;;;310.0;2.9;1.7
2019/01/31;1100 UTC;0.0;954.4;954.4;953.5;707.9;22.8;;23.2;22.3;;;;;;324.0;4.0;2.3
2019/01/31;1200 UTC;0.0;954.6;954.7;954.4;1620.3;25.1;;25.4;22.7;;;;;;332.0;4.0;1.6
2019/01/31;1300 UTC;0.0;954.6;954.7;954.5;2473.6;28.3;;28.3;25.0;;;;;;293.0;3.2;0.9
2019/01/31;1400 UTC;0.0;954.3;954.6;954.3;3168.0;30.6;;30.6;28.3;;;;;;198.0;4.1;2.3
2019/01/31;1500 UTC;0.0;954.0;954.4;954.0;3655.7;32.3;;32.4;30.3;;;;;;171.0;5.7;2.3
2019/01/31;1600 UTC;0.0;953.3;954.0;953.3;3922.3;33.2;;33.4;31.9;;;;;;14.0;11.8;1.5
2019/01/31;1700 UTC;0.0;952.4;953.3;952.4;3958.9;33.8;;34.3;32.8;;;;;;;;
2019/01/31;1800 UTC;0.0;951.1;952.4;951.1;3327.5;33.3;;34.7;32.7;;;;;;317.0;4.7;1.3
2019/01/31;1900 UTC;0.0;950.3;951.1;950.3;2208.2;33.7;;34.6;32.3;;;;;;90.0;5.3;1.3
2019/01/31;2000 UTC;0.0;949.8;950.3;949.7;2108.9;32.4;;34.7;30.6;;;;;;117.0;7.4;1.6
2019/01/31;2100 UTC;0.0;950.6;950.9;949.8;1007.2;25.0;;32.6;25.0;;;;;;336.0;12.8;7.1
2019/01/31;2200 UTC;0.0;950.4;950.6;950.2;142.8;25.2;;25.2;24.8;;;;;;255.0;11.9;1.7
2019/01/31;2300 UTC;0.0;951.1;951.2;950.4;1.8;25.1;;25.2;24.3;;;;;;113.0;5.9;2.7
2019/02/01;0000 UTC;0.0;951.4;951.4;950.8;;24.5;;25.1;24.5;;;;;;175.0;5.9;2.8
2019/02/01;0100 UTC;0.0;952.2;952.2;951.4;;23.5;;24.5;23.4;;;;;;177.0;3.7;2.6
2019/02/01;0200 UTC;0.0;953.0;953.0;952.2;;23.9;;24.2;23.4;;;;;;252.0;9.2;0.9
2019/02/01;0300 UTC;0.0;952.6;953.0;952.6;;22.9;;23.9;22.9;;;;;;127.0;1.7;0.7
2019/02/01;0400 UTC;0.0;952.0;952.6;952.0;;21.6;;23.0;21.5;;;;;;173.0;3.7;2.7
2019/02/01;0500 UTC;0.0;951.3;952.0;951.3;;21.0;;21.7;21.0;;;;;;167.0;4.3;3.0
2019/02/01;0600 UTC;0.0;950.7;951.3;950.7;;21.3;;21.6;21.0;;;;;;177.0;4.6;2.9
2019/02/01;0700 UTC;0.0;950.9;950.9;950.6;;21.1;;21.5;21.1;;;;;;181.0;5.1;3.2
2019/02/01;0800 UTC;0.0;951.2;951.2;950.9;;20.8;;21.2;20.8;;;;;;182.0;4.8;2.6
2019/02/01;0900 UTC;0.0;951.8;951.8;951.2;;20.5;;20.8;20.5;;;;;;170.0;3.7;2.6
2019/02/01;1000 UTC;0.0;952.4;952.4;951.8;91.6;21.2;;21.2;20.3;;;;;;165.0;4.2;2.6
2019/02/01;1100 UTC;0.0;952.9;952.9;952.4;697.5;25.4;;25.4;21.2;;;;;;161.0;4.2;1.6
2019/02/01;1200 UTC;0.0;953.4;953.4;952.9;1563.1;28.6;;28.6;25.4;;;;;;237.0;3.1;1.1
2019/02/01;1300 UTC;0.0;953.3;953.5;953.2;2462.6;31.2;;31.2;28.6;;;;;;131.0;4.2;1.2
2019/02/01;1400 UTC;0.0;953.3;953.4;953.3;3115.3;32.0;;32.2;30.7;;;;;;39.0;4.3;2.1
2019/02/01;1500 UTC;0.0;952.9;953.3;952.9;3619.6;33.1;;33.6;31.9;;;;;;13.0;4.0;1.4
2019/02/01;1600 UTC;0.0;952.6;952.9;952.6;3768.4;33.7;;34.3;33.1;;;;;;358.0;;2.4
2019/02/01;1700 UTC;0.0;951.8;952.6;951.8;3861.8;35.0;;35.5;33.7;;;;;;22.0;4.7;1.9
2019/02/01;1800 UTC;0.0;950.5;951.8;950.5;3525.7;35.1;;35.7;34.5;;;;;;356.0;5.3;1.4
2019/02/01;1900 UTC;0.0;949.4;950.5;949.2;2959.4;34.8;;35.8;34.0;;;;;;;;
2019/02/01;2000 UTC;0.0;950.4;950.5;949.4;1513.0;26.6;;35.6;26.6;;;;;;4.0;12.9;8.1
2019/02/01;2100 UTC;6.8;950.1;951.8;950.1;105.7;23.1;;26.6;20.6;;;;;;190.0;16.2;4.0
2019/02/01;2200 UTC;0.0;951.0;951.3;950.0;161.4;25.4;;25.4;23.1;;;;;;121.0;9.8;3.8
2019/02/01;2300 UTC;0.0;951.1;951.1;950.7;4.7;24.4;;25.4;24.2;;;;;;177.0;7.6;1.7
2019/02/02;0000 UTC;0.0;952.4;952.4;951.1;;23.5;;24.6;23.4;;;;;;171.0;8.3;2.8
2019/02/02;0100 UTC;0.0;952.5;952.6;952.0;;23.5;;24.0;23.3;;;;;;157.0;6.0;1.7
2019/02/02;0200 UTC;0.0;953.1;953.1;952.5;;24.1;;24.3;23.5;;;;;;233.0;3.7;1.4
2019/02/02;0300 UTC;0.0;952.8;953.2;952.8;;22.9;;24.1;22.9;;;;;;169.0;3.9;3.0
2019/02/02;0400 UTC;0.0;952.3;952.8;952.3;;23.3;;23.3;22.7;;;;;;184.0;4.0;2.2
2019/02/02;0500 UTC;0.0;952.4;952.5;952.3;;22.6;;23.6;22.6;;;;;;148.0;3.5;1.4
2019/02/02;0600 UTC;0.0;951.8;952.4;951.8;;22.3;;22.7;22.2;;;;;;151.0;4.5;2.0
2019/02/02;0700 UTC;0.0;951.9;951.9;951.7;;22.2;;22.7;22.1;;;;;;178.0;3.8;0.9
2019/02/02;0800 UTC;0.0;952.0;952.0;951.8;;22.2;;22.6;21.9;;;;;;70.0;2.8;1.1
2019/02/02;0900 UTC;0.0;952.0;952.3;952.0;;22.6;;22.7;22.1;;;;;;291.0;2.9;1.9
2019/02/02;1000 UTC;0.0;952.1;952.1;951.8;115.0;23.0;;23.1;22.2;;;;;;142.0;3.5;1.8
2019/02/02;1100 UTC;0.0;953.0;953.0;952.1;653.2;26.4;;26.5;23.0;;;;;;287.0;4.5;1.0
2019/02/02;1200 UTC;0.0;953.8;953.8;953.0;1335.8;26.3;;26.3;25.0;;;;;;306.0;5.4;1.6
2019/02/02;1300 UTC;0.0;954.3;954.3;953.8;2339.8;29.3;;29.9;26.3;;;;;;250.0;3.1;1.7
2019/02/02;1400 UTC;0.0;954.1;954.3;954.1;2932.1;31.2;;31.5;29.3;;;;;;248.0;5.2;2.6
2019/02/02;1500 UTC;0.0;953.8;954.2;953.8;3612.8;32.0;;32.5;31.2;;;;;;173.0;5.7;2.3
2019/02/02;1600 UTC;0.0;953.4;953.8;953.4;3626.5;32.1;;33.1;31.3;;;;;;228.0;6.6;3.3
2019/02/02;1700 UTC;0.0;952.6;953.4;952.6;3706.1;32.5;;33.4;32.0;;;;;;208.0;6.6;2.2
2019/02/02;1800 UTC;0.0;951.6;952.6;951.6;3285.8;33.2;;34.0;32.3;;;;;;216.0;6.8;2.4
2019/02/02;1900 UTC;0.0;951.4;951.6;951.3;2880.5;33.2;;33.7;32.4;;;;;;233.0;6.8;3.4
2019/02/02;2000 UTC;0.0;950.2;951.4;950.2;1787.0;31.7;;33.9;31.7;;;;;;221.0;6.1;1.6
2019/02/02;2100 UTC;0.0;949.7;950.2;948.9;631.0;30.8;;31.7;30.0;;;;;;240.0;6.6;2.4
2019/02/02;2200 UTC;0.0;951.0;951.0;949.6;517.4;29.8;;30.8;29.8;;;;;;215.0;5.9;3.3
2019/02/02;2300 UTC;0.0;951.9;951.9;951.0;41.7;24.8;;29.8;24.8;;;;;;152.0;7.1;2.1
2019/02/03;0000 UTC;0.0;953.9;953.9;951.8;;25.5;;25.7;24.3;;;;;;23.0;9.9;6.2
2019/02/03;0100 UTC;0.0;954.5;954.5;953.9;;21.8;;25.5;21.8;;;;;;290.0;13.1;4.2
2019/02/03;0200 UTC;0.0;953.8;954.6;953.8;;22.1;;22.1;21.3;;;;;;230.0;8.3;4.8
2019/02/03;0300 UTC;0.0;954.0;954.4;953.6;;22.0;;22.8;21.8;;;;;;192.0;7.4;2.4
2019/02/03;0400 UTC;0.0;953.9;954.1;953.9;;21.4;;22.5;21.4;;;;;;175.0;5.3;3.8
2019/02/03;0500 UTC;0.0;954.1;954.3;953.9;;21.7;;22.0;21.4;;;;;;314.0;5.6;1.3
2019/02/03;0600 UTC;0.0;953.8;954.3;953.7;;20.7;;21.7;20.7;;;;;;294.0;4.6;1.1
2019/02/03;0700 UTC;0.0;952.7;953.8;952.7;;20.4;;20.9;20.4;;;;;;141.0;2.5;1.8
2019/02/03;0800 UTC;0.0;952.6;952.9;952.6;;20.4;;20.6;20.1;;;;;;105.0;2.2;0.8
2019/02/03;0900 UTC;0.0;952.9;952.9;952.5;;20.6;;20.6;20.3;;;;;;190.0;2.2;1.4
2019/02/03;1000 UTC;0.0;953.0;953.0;952.7;98.3;21.1;;21.1;20.1;;;;;;158.0;3.7;1.7
2019/02/03;1100 UTC;0.0;953.7;953.7;953.0;575.6;23.0;;23.0;21.1;;;;;;166.0;3.9;2.6
2019/02/03;1200 UTC;0.0;954.1;954.1;953.7;1429.6;26.5;;26.5;23.0;;;;;;148.0;5.3;2.7
2019/02/03;1300 UTC;0.0;954.6;954.6;954.1;2520.2;28.3;;28.6;26.5;;;;;;132.0;5.4;2.1
2019/02/03;1400 UTC;0.0;954.4;954.6;954.4;3260.3;30.2;;30.3;28.3;;;;;;97.0;4.5;1.7
2019/02/03;1500 UTC;0.0;954.0;954.4;954.0;3273.4;31.1;;32.0;29.6;;;;;;;5.5;
2019/02/03;1600 UTC;0.0;953.4;954.0;953.4;3832.1;32.1;;32.3;31.1;;;;;;199.0;;1.5
2019/02/03;1700 UTC;0.0;952.8;953.4;952.8;3777.6;32.7;;33.6;31.9;;;;;;134.0;;2.3
2019/02/03;1800 UTC;0.0;951.7;952.8;951.7;3311.2;33.4;;33.9;32.4;;;;;;182.0;6.1;2.2
2019/02/03;1900 UTC;0.0;950.6;951.7;950.6;2976.1;33.9;;34.4;33.0;;;;;;160.0;5.6;1.9
2019/02/03;2000 UTC;0.0;949.6;950.8;949.6;1839.6;30.3;;34.1;29.6;;;;;;248.0;12.8;4.3
2019/02/03;2100 UTC;0.0;949.4;949.6;949.2;1270.3;31.2;;32.2;30.3;;;;;;229.0;7.6;3.0
2019/02/03;2200 UTC;0.0;949.5;949.5;949.3;316.0;27.4;;31.2;27.3;;;;;;170.0;9.1;3.2
2019/02/03;2300 UTC;0.0;950.2;950.2;949.5;10.2;25.4;;27.7;25.4;;;;;;178.0;5.2;2.8
2019/02/04;0000 UTC;0.0;951.2;951.2;950.2;;24.5;;25.9;24.5;;;;;;183.0;4.7;2.5
2019/02/04;0100 UTC;0.0;951.9;951.9;951.2;;24.3;;24.8;24.0;;;;;;188.0;4.3;2.9
2019/02/04;0200 UTC;0.0;952.4;952.5;951.9;;24.5;;24.5;23.5;;;;;;168.0;4.7;2.9
2019/02/04;0300 UTC;0.0;952.1;952.4;952.1;;25.2;;25.2;24.4;;;;;;192.0;3.9;2.4
2019/02/04;0400 UTC;0.0;952.5;952.5;952.0;;23.8;;25.6;23.8;;;;;;317.0;9.7;4.8
2019/02/04;0500 UTC;0.0;952.2;952.6;952.2;;22.4;;23.8;22.4;;;;;;268.0;7.6;2.4
2019/02/04;0600 UTC;0.0;951.5;952.2;951.5;;21.7;;22.4;21.7;;;;;;187.0;4.4;1.7
2019/02/04;0700 UTC;0.0;951.3;951.7;951.3;;21.2;;21.9;21.2;;;;;;112.0;2.8;1.2
2019/02/04;0800 UTC;0.0;950.9;951.3;950.9;;21.0;;21.4;20.8;;;;;;141.0;2.8;2.1
2019/02/04;0900 UTC;0.0;951.4;951.4;950.9;;21.0;;21.3;20.9;;;;;;181.0;4.3;2.7
2019/02/04;1000 UTC;0.0;951.8;951.9;951.4;70.2;21.6;;21.6;21.0;;;;;;165.0;6.2;3.7
2019/02/04;1100 UTC;0.0;952.6;952.6;951.8;639.0;24.3;;24.3;21.6;;;;;;165.0;6.9;4.4
2019/02/04;1200 UTC;0.0;953.4;953.4;952.6;1135.1;25.5;;25.5;24.3;;;;;;140.0;7.9;3.2
2019/02/04;1300 UTC;0.0;954.0;954.0;953.4;1865.1;28.1;;28.8;25.5;;;;;;60.0;6.9;3.3
2019/02/04;1400 UTC;0.0;954.1;954.1;954.0;1676.2;28.4;;28.4;27.7;;;;;;29.0;7.1;4.0
2019/02/04;1500 UTC;0.0;953.5;954.1;953.5;3178.5;29.8;;30.3;28.4;;;;;;33.0;6.8;3.2
2019/02/04;1600 UTC;0.0;952.8;953.5;952.8;3525.5;29.7;;30.8;29.1;;;;;;3.0;7.0;3.4
2019/02/04;1700 UTC;0.0;951.9;952.8;951.9;3663.6;30.9;;31.2;29.6;;;;;;343.0;9.4;3.0
2019/02/04;1800 UTC;0.0;950.8;951.9;950.8;3596.0;31.8;;32.2;30.8;;;;;;317.0;7.6;2.6
2019/02/04;1900 UTC;0.0;949.7;950.8;949.7;2518.6;32.1;;32.2;31.0;;;;;;301.0;7.6;2.6
2019/02/04;2000 UTC;0.0;949.2;949.7;949.2;1488.6;30.3;;32.4;30.3;;;;;;239.0;4.8;2.2
2019/02/04;2100 UTC;0.0;949.2;949.2;949.0;550.1;29.3;;30.3;29.3;;;;;;209.0;7.0;4.5
2019/02/04;2200 UTC;0.0;949.5;949.5;949.1;238.5;26.8;;29.3;26.8;;;;;;172.0;8.4;2.4
2019/02/04;2300 UTC;0.0;950.6;950.6;949.5;6.2;25.3;;26.8;24.7;;;;;;175.0;4.4;3.2
2019/02/05;0000 UTC;0.0;951.2;951.2;950.6;;23.6;;25.3;23.6;;;;;;179.0;5.4;3.0
2019/02/05;0100 UTC;0.0;951.7;951.7;951.2;;23.1;;23.9;23.0;;;;;;176.0;6.4;4.3
2019/02/05;0200 UTC;0.0;952.3;952.3;951.7;;22.1;;23.2;22.1;;;;;;161.0;6.6;3.4
2019/02/05;0300 UTC;0.0;952.1;952.5;952.1;;22.4;;22.7;22.1;;;;;;161.0;7.0;4.7
2019/02/05;0400 UTC;0.0;952.1;952.2;952.0;;21.7;;22.7;21.7;;;;;;165.0;7.1;3.5
2019/02/05;0500 UTC;0.0;951.9;952.1;951.9;;21.1;;21.7;21.1;;;;;;155.0;5.2;3.0
2019/02/05;0600 UTC;0.0;951.3;951.9;951.3;;21.3;;21.3;20.8;;;;;;138.0;5.4;3.1
2019/02/05;0700 UTC;0.0;951.5;951.6;951.2;;21.8;;22.4;21.0;;;;;;122.0;6.1;1.4
2019/02/05;0800 UTC;0.0;951.1;951.5;950.9;;22.0;;22.3;21.8;;;;;;134.0;4.0;2.7
2019/02/05;0900 UTC;0.0;951.3;951.3;951.1;;21.5;;22.0;21.5;;;;;;203.0;3.6;0.9
2019/02/05;1000 UTC;0.0;951.7;951.7;951.2;52.2;21.6;;21.8;21.1;;;;;;165.0;2.4;1.1
2019/02/05;1100 UTC;0.0;952.0;952.2;951.7;822.9;24.6;;24.8;21.6;;;;;;39.0;3.4;1.7
2019/02/05;1200 UTC;0.0;952.4;952.5;952.0;1422.3;25.8;;25.8;24.3;;;;;;32.0;3.5;1.5
2019/02/05;1300 UTC;0.0;952.7;952.8;952.4;2428.2;28.3;;28.3;25.8;;;;;;44.0;4.3;2.2
2019/02/05;1400 UTC;0.0;952.5;952.8;952.4;3104.4;30.3;;30.4;28.1;;;;;;95.0;4.1;1.6
2019/02/05;1500 UTC;0.0;951.9;952.5;951.9;3517.8;30.7;;31.2;29.8;;;;;;75.0;5.0;2.0
2019/02/05;1600 UTC;0.0;951.1;951.9;951.1;3783.6;32.5;;32.6;30.7;;;;;;250.0;5.2;1.1
2019/02/05;1700 UTC;0.0;950.2;951.1;950.2;2968.0;31.3;;32.8;31.3;;;;;;328.0;5.6;1.3
2019/02/05;1800 UTC;0.0;948.9;950.2;948.9;3071.3;32.2;;34.0;31.3;;;;;;302.0;7.1;2.7
2019/02/05;1900 UTC;0.0;948.2;949.0;948.2;627.5;27.2;;32.3;27.2;;;;;;219.0;10.5;5.7
2019/02/05;2000 UTC;0.0;948.1;948.3;947.9;837.9;27.8;;28.3;27.0;;;;;;156.0;9.0;2.5
2019/02/05;2100 UTC;0.0;948.9;948.9;948.1;588.5;25.4;;29.4;25.4;;;;;;71.0;11.2;4.5
2019/02/05;2200 UTC;0.0;949.4;949.7;948.9;300.2;24.1;;25.4;24.1;;;;;;96.0;11.2;3.2
2019/02/05;2300 UTC;0.0;949.6;949.6;949.4;8.2;22.9;;24.1;22.8;;;;;;166.0;5.6;2.7
2019/02/06;0000 UTC;0.0;949.9;949.9;949.6;;22.1;;22.9;22.1;;;;;;156.0;4.1;2.2
2019/02/06;0100 UTC;0.0;951.3;951.3;949.9;;21.8;;22.3;21.8;;;;;;174.0;5.5;3.4
2019/02/06;0200 UTC;0.0;952.4;952.4;951.3;;22.0;;22.3;21.4;;;;;;143.0;8.2;3.5
2019/02/06;0300 UTC;0.0;951.0;952.4;951.0;;21.9;;22.3;21.8;;;;;;88.0;7.1;4.4
2019/02/06;0400 UTC;0.0;950.7;951.0;950.6;;21.8;;22.1;21.8;;;;;;78.0;8.2;1.4
2019/02/06;0500 UTC;0.0;950.3;950.7;950.3;;21.2;;21.8;21.0;;;;;;140.0;3.3;1.8
2019/02/06;0600 UTC;0.0;949.9;950.3;949.9;;20.9;;21.4;20.7;;;;;;252.0;2.9;1.0
2019/02/06;0700 UTC;0.0;949.8;949.9;949.7;;20.9;;21.0;20.6;;;;;;96.0;1.8;0.8
2019/02/06;0800 UTC;0.0;949.8;949.8;949.7;;20.0;;20.9;20.0;;;;;;66.0;2.0;1.4
2019/02/06;0900 UTC;0.0;949.9;950.0;949.8;;19.9;;20.0;19.6;;;;;;117.0;2.0;1.0
2019/02/06;1000 UTC;0.0;950.4;950.4;949.9;98.2;20.5;;20.5;19.6;;;;;;175.0;5.9;2.4
2019/02/06;1100 UTC;0.0;951.0;951.0;950.3;669.3;23.0;;23.3;20.5;;;;;;175.0;5.9;2.3
2019/02/06;1200 UTC;0.0;951.4;951.4;951.1;1588.6;26.0;;26.4;23.0;;;;;;103.0;4.3;1.9
2019/02/06;1300 UTC;0.0;951.5;951.6;951.4;2436.2;27.8;;28.0;26.0;;;;;;38.0;5.9;3.6
2019/02/06;1400 UTC;0.0;951.3;951.6;951.3;3009.8;29.7;;30.0;27.8;;;;;;28.0;7.1;3.4
2019/02/06;1500 UTC;0.0;951.2;951.3;951.1;3050.1;30.2;;30.5;28.2;;;;;;12.0;7.1;4.2
2019/02/06;1600 UTC;0.0;950.5;951.2;950.5;3072.4;30.7;;31.5;28.8;;;;;;323.0;8.1;4.1
2019/02/06;1700 UTC;0.0;949.1;950.5;949.1;3642.0;31.4;;31.8;29.8;;;;;;298.0;7.6;2.3
2019/02/06;1800 UTC;0.0;948.1;949.2;948.1;3661.4;31.7;;32.5;30.9;;;;;;318.0;7.8;4.9
2019/02/06;1900 UTC;0.0;948.0;948.1;947.6;2379.0;30.4;;32.1;30.2;;;;;;292.0;8.3;3.6
2019/02/06;2000 UTC;0.0;947.1;948.0;947.1;2120.1;28.3;;30.7;26.7;;;;;;169.0;9.8;4.7
2019/02/06;2100 UTC;0.0;947.6;947.7;947.0;558.2;25.7;;28.7;25.6;;;;;;170.0;8.3;3.3
2019/02/06;2200 UTC;0.0;947.9;947.9;947.6;282.2;25.7;;26.4;25.6;;;;;;159.0;5.3;3.4
2019/02/06;2300 UTC;0.0;947.8;947.9;947.6;7.3;24.0;;25.7;24.0;;;;;;137.0;5.3;2.5
2019/02/07;0000 UTC;0.0;948.5;948.5;947.8;;22.9;;24.0;22.9;;;;;;131.0;4.5;1.8
2019/02/07;0100 UTC;0.0;949.3;949.3;948.5;;22.6;;22.9;22.4;;;;;;162.0;3.6;0.3
2019/02/07;0200 UTC;0.0;950.5;950.6;949.3;;22.8;;23.0;22.6;;;;;;311.0;5.6;2.4
2019/02/07;0300 UTC;0.0;950.4;950.5;950.2;;22.1;;22.8;22.1;;;;;;42.0;3.8;1.1
2019/02/07;0400 UTC;0.0;949.6;950.4;949.6;;21.6;;22.1;21.5;;;;;;349.0;4.3;1.1
2019/02/07;0500 UTC;0.0;949.1;949.6;949.1;;21.6;;21.6;21.1;;;;;;248.0;1.9;0.6
2019/02/07;0600 UTC;0.0;949.0;949.1;948.8;;21.2;;21.6;21.2;;;;;;1.0;2.7;1.8
2019/02/07;0700 UTC;0.0;948.6;949.1;948.6;;20.8;;21.2;20.8;;;;;;13.0;2.9;1.0
2019/02/07;0800 UTC;0.0;948.6;948.7;948.5;;21.5;;21.6;20.7;;;;;;340.0;2.2;1.4
2019/02/07;0900 UTC;0.0;948.5;948.7;948.4;;21.0;;21.5;20.9;;;;;;293.0;2.2;0.7
2019/02/07;1000 UTC;0.0;949.2;949.2;948.4;67.2;21.1;;21.1;20.8;;;;;;21.0;1.5;0.7
2019/02/07;1100 UTC;0.0;949.6;949.6;949.2;503.3;22.5;;22.5;21.0;;;;;;48.0;2.1;1.0
2019/02/07;1200 UTC;0.0;949.9;949.9;949.5;1543.3;25.6;;25.7;22.4;;;;;;8.0;2.3;1.1
2019/02/07;1300 UTC;0.0;950.2;950.2;949.9;2445.5;27.5;;27.5;25.7;;;;;;8.0;4.3;2.4
2019/02/07;1400 UTC;0.0;950.0;950.2;950.0;3164.6;29.7;;29.8;27.4;;;;;;23.0;5.4;2.2
2019/02/07;1500 UTC;0.0;950.0;950.1;949.9;3531.7;30.4;;30.5;29.3;;;;;;331.0;6.1;2.2
2019/02/07;1600 UTC;0.0;949.3;950.0;949.3;3213.7;30.1;;31.7;29.0;;;;;;301.0;5.8;1.9
2019/02/07;1700 UTC;0.0;948.3;949.3;948.3;3125.0;32.3;;32.7;29.9;;;;;;135.0;6.0;1.2
2019/02/07;1800 UTC;0.0;947.4;948.3;947.4;3537.3;33.0;;34.2;32.1;;;;;;324.0;5.6;2.4
2019/02/07;1900 UTC;0.0;946.5;947.4;946.5;3058.9;33.8;;34.2;32.6;;;;;;274.0;6.5;2.1
2019/02/07;2000 UTC;0.0;946.0;946.5;945.6;1846.8;31.5;;34.0;31.1;;;;;;315.0;;2.3
2019/02/07;2100 UTC;0.0;946.4;946.4;945.7;549.7;26.8;;31.5;26.8;;;;;;170.0;9.1;3.9
2019/02/07;2200 UTC;0.0;946.7;946.8;946.4;314.6;25.4;;26.8;24.8;;;;;;65.0;8.5;2.8
2019/02/07;2300 UTC;0.0;946.7;946.8;946.4;10.1;25.1;;25.5;24.4;;;;;;131.0;4.8;0.7
2019/02/08;0000 UTC;0.0;947.5;947.5;946.7;;23.8;;25.3;23.8;;;;;;157.0;3.9;2.7
2019/02/08;0100 UTC;0.0;948.1;948.1;947.5;;23.5;;24.0;23.4;;;;;;173.0;3.5;2.0
2019/02/08;0200 UTC;0.0;948.5;948.5;948.1;;23.2;;23.5;23.2;;;;;;172.0;3.2;2.4
2019/02/08;0300 UTC;0.0;948.4;948.6;948.4;;23.2;;23.3;22.9;;;;;;183.0;3.2;1.8
2019/02/08;0400 UTC;0.0;947.9;948.4;947.9;;22.7;;23.2;22.6;;;;;;173.0;2.5;2.0
2019/02/08;0500 UTC;0.0;947.6;947.9;947.6;;22.0;;22.7;21.9;;;;;;169.0;2.8;2.3
2019/02/08;0600 UTC;0.0;947.6;947.7;947.5;;22.1;;22.2;21.7;;;;;;173.0;2.7;2.2
2019/02/08;0700 UTC;0.0;947.6;947.6;947.4;;21.8;;22.1;21.8;;;;;;163.0;2.7;1.7
2019/02/08;0800 UTC;0.0;947.8;947.8;947.6;;22.1;;22.1;21.6;;;;;;46.0;2.2;0.6
2019/02/08;0900 UTC;0.0;948.2;948.2;947.8;;22.3;;22.3;21.8;;;;;;70.0;1.6;0.3
2019/02/08;1000 UTC;0.0;949.1;949.1;948.2;74.6;23.2;;23.2;21.6;;;;;;342.0;2.6;1.8
2019/02/08;1100 UTC;0.0;949.7;949.7;949.1;680.9;25.0;;25.0;23.2;;;;;;341.0;3.1;2.0
2019/02/08;1200 UTC;0.0;950.1;950.1;949.7;1584.6;27.3;;27.5;25.0;;;;;;322.0;5.0;2.8
2019/02/08;1300 UTC;0.0;950.5;950.5;950.1;2435.2;29.3;;29.6;27.1;;;;;;312.0;6.0;3.3
2019/02/08;1400 UTC;0.0;950.4;950.5;950.3;3142.1;30.2;;30.3;28.7;;;;;;330.0;6.4;3.4
2019/02/08;1500 UTC;0.0;949.9;950.4;949.9;3611.2;31.9;;32.3;30.1;;;;;;321.0;6.3;2.9
2019/02/08;1600 UTC;0.0;949.8;950.0;949.5;3275.8;30.5;;33.1;30.5;;;;;;305.0;6.0;3.3
2019/02/08;1700 UTC;0.0;948.7;949.8;948.7;1966.1;31.3;;31.4;29.9;;;;;;270.0;5.9;2.7
2019/02/08;1800 UTC;0.0;947.4;948.7;947.4;2535.4;31.5;;32.5;31.2;;;;;;317.0;4.7;2.3
2019/02/08;1900 UTC;0.0;946.6;947.5;946.6;1000.2;31.0;;31.5;30.4;;;;;;317.0;3.9;1.4
2019/02/08;2000 UTC;0.0;946.2;946.6;946.0;1085.7;30.9;;31.4;30.9;;;;;;243.0;3.0;2.0
2019/02/08;2100 UTC;0.0;946.8;946.8;946.1;1036.9;31.2;;31.9;30.9;;;;;;204.0;3.0;1.1
2019/02/08;2200 UTC;0.0;946.7;946.9;946.7;197.9;28.7;;31.2;28.5;;;;;;256.0;2.0;1.0
2019/02/08;2300 UTC;0.0;946.8;946.8;946.4;3.9;25.8;;28.7;25.8;;;;;;173.0;3.8;2.4
2019/02/09;0000 UTC;0.0;947.6;947.6;946.8;;25.0;;25.9;25.0;;;;;;172.0;3.8;2.2
2019/02/09;0100 UTC;0.0;948.6;948.6;947.6;;24.7;;25.0;24.2;;;;;;73.0;2.8;1.5
2019/02/09;0200 UTC;0.0;949.2;949.3;948.6;;24.8;;25.0;23.8;;;;;;197.0;5.1;1.5
2019/02/09;0300 UTC;0.0;948.9;949.3;948.9;;23.4;;24.9;23.3;;;;;;157.0;3.2;2.3
2019/02/09;0400 UTC;0.0;948.6;948.9;948.6;;22.9;;23.4;22.9;;;;;;134.0;2.8;1.1
2019/02/09;0500 UTC;0.0;948.3;948.7;948.3;;23.1;;23.5;22.9;;;;;;163.0;2.2;1.3
2019/02/09;0600 UTC;0.0;948.5;948.6;948.3;;22.6;;23.2;22.2;;;;;;186.0;2.8;0.9
2019/02/09;0700 UTC;0.0;948.7;948.7;948.5;;22.9;;23.4;22.5;;;;;;348.0;1.7;0.6
2019/02/09;0800 UTC;0.0;948.8;948.9;948.7;;22.8;;23.5;22.8;;;;;;251.0;2.2;1.2
2019/02/09;0900 UTC;0.0;949.3;949.3;948.8;;21.9;;23.0;21.8;;;;;;258.0;1.7;0.7
2019/02/09;1000 UTC;0.0;949.8;949.8;949.3;49.0;22.3;;22.3;21.6;;;;;;30.0;1.6;0.7
2019/02/09;1100 UTC;0.0;950.2;950.3;949.8;671.3;25.9;;25.9;22.3;;;;;;19.0;3.6;1.7
2019/02/09;1200 UTC;0.0;950.7;950.7;950.2;1573.9;27.7;;27.7;25.8;;;;;;334.0;5.2;3.4
2019/02/09;1300 UTC;0.0;950.6;950.8;950.5;2418.4;29.9;;29.9;27.4;;;;;;305.0;6.6;2.4
2019/02/09;1400 UTC;0.0;950.3;950.6;950.3;3117.3;31.5;;31.5;29.4;;;;;;339.0;5.7;2.3
2019/02/09;1500 UTC;0.0;950.3;950.4;950.3;3601.0;32.9;;33.2;31.1;;;;;;351.0;5.6;3.0
2019/02/09;1600 UTC;0.0;949.5;950.3;949.5;3869.2;33.2;;33.7;32.5;;;;;;27.0;6.3;3.0
2019/02/09;1700 UTC;0.0;948.5;949.5;948.5;3513.8;34.3;;35.4;33.2;;;;;;347.0;6.5;3.0
2019/02/09;1800 UTC;0.0;947.6;948.5;947.6;1389.6;31.6;;34.4;31.4;;;;;;321.0;6.9;3.3
2019/02/09;1900 UTC;0.0;946.8;947.6;946.8;1004.4;31.4;;31.6;31.1;;;;;;288.0;6.0;2.6
2019/02/09;2000 UTC;0.0;946.6;946.8;946.4;1015.9;31.0;;31.8;30.9;;;;;;294.0;4.3;2.2
2019/02/09;2100 UTC;0.0;946.6;946.9;946.6;499.9;29.9;;31.0;29.9;;;;;;269.0;4.4;1.6
2019/02/09;2200 UTC;0.0;947.2;947.2;946.6;148.8;28.6;;29.9;28.6;;;;;;297.0;2.6;1.6
2019/02/09;2300 UTC;0.0;947.6;947.6;947.1;;26.8;;28.6;26.8;;;;;;342.0;2.1;0.9
2019/02/10;0000 UTC;0.0;947.9;948.0;947.6;;25.9;;27.5;25.9;;;;;;173.0;2.1;1.1
2019/02/10;0100 UTC;0.0;947.9;948.1;947.8;;25.4;;25.9;25.2;;;;;;192.0;2.7;1.3
2019/02/10;0200 UTC;0.0;948.7;948.8;947.9;;25.2;;25.4;24.9;;;;;;190.0;1.8;0.5
2019/02/10;0300 UTC;0.0;949.2;949.3;948.7;;25.3;;25.3;24.1;;;;;;116.0;4.7;2.5
2019/02/10;0400 UTC;0.0;948.4;949.2;948.4;;24.6;;25.3;24.6;;;;;;144.0;3.6;0.5
2019/02/10;0500 UTC;0.0;948.5;948.6;948.4;;24.5;;24.9;24.3;;;;;;308.0;2.5;1.7
2019/02/10;0600 UTC;0.0;948.8;948.8;948.5;;24.3;;24.8;24.0;;;;;;332.0;2.5;1.5
2019/02/10;0700 UTC;0.0;948.8;948.9;948.8;;23.9;;24.4;23.8;;;;;;323.0;3.1;1.1
2019/02/10;0800 UTC;0.0;948.6;948.8;948.5;;23.6;;24.0;23.5;;;;;;306.0;2.1;1.2
2019/02/10;0900 UTC;0.0;949.4;949.4;948.6;;23.3;;23.7;22.9;;;;;;346.0;2.7;1.7
2019/02/10;1000 UTC;0.0;949.4;949.4;949.2;34.1;23.8;;23.8;23.3;;;;;;312.0;2.9;1.7
2019/02/10;1100 UTC;0.0;950.2;950.2;949.3;396.5;24.7;;24.9;23.8;;;;;;324.0;5.3;3.0
2019/02/10;1200 UTC;0.0;950.8;950.9;950.1;1204.6;26.4;;26.7;24.5;;;;;;342.0;7.2;4.3
2019/02/10;1300 UTC;0.0;952.0;952.2;950.8;739.9;22.8;;26.3;22.6;;;;;;327.0;15.7;5.8
2019/02/10;1400 UTC;0.0;951.4;952.0;951.4;558.9;23.0;;23.0;22.6;;;;;;327.0;9.6;3.6
2019/02/10;1500 UTC;0.0;950.9;951.4;950.9;876.3;24.0;;24.0;23.0;;;;;;326.0;6.5;3.6
2019/02/10;1600 UTC;0.0;949.7;950.9;949.7;1355.6;25.0;;25.3;23.7;;;;;;349.0;6.5;4.2
2019/02/10;1700 UTC;0.0;948.7;949.7;948.7;2399.3;26.5;;27.0;24.7;;;;;;348.0;7.3;4.9
2019/02/10;1800 UTC;0.0;948.4;948.7;948.4;1767.0;27.0;;27.3;26.4;;;;;;310.0;7.3;2.1
2019/02/10;1900 UTC;0.0;948.1;948.4;948.0;1247.9;27.1;;27.6;26.7;;;;;;23.0;4.5;1.6
2019/02/10;2000 UTC;0.0;947.3;948.1;947.3;1014.7;28.1;;28.2;27.0;;;;;;351.0;4.4;1.3
2019/02/10;2100 UTC;0.0;947.0;947.3;946.9;453.4;27.4;;28.2;27.4;;;;;;147.0;2.8;1.3
2019/02/10;2200 UTC;0.0;948.2;948.2;947.0;153.7;26.8;;27.5;26.8;;;;;;46.0;2.0;1.0
2019/02/10;2300 UTC;0.0;949.2;949.2;948.2;;25.8;;26.8;25.7;;;;;;295.0;4.2;2.5
2019/02/11;0000 UTC;0.0;947.5;949.7;947.5;;22.7;;25.8;22.7;;;;;;281.0;8.8;2.1
2019/02/11;0100 UTC;0.0;948.2;948.2;947.3;;21.8;;22.7;21.6;;;;;;302.0;7.3;1.3
2019/02/11;0200 UTC;0.0;949.3;949.3;948.2;;21.9;;22.0;21.7;;;;;;117.0;3.1;1.6
2019/02/11;0300 UTC;0.0;950.5;950.5;949.2;;22.6;;22.6;21.9;;;;;;234.0;5.4;2.9
2019/02/11;0400 UTC;0.6;950.2;950.5;949.9;;22.7;;23.7;22.6;;;;;;34.0;5.4;1.4
2019/02/11;0500 UTC;0.8;949.9;950.4;949.9;;22.5;;22.8;22.4;;;;;;286.0;4.0;2.0
2019/02/11;0600 UTC;0.2;949.4;949.9;949.3;;22.8;;22.8;22.5;;;;;;315.0;3.0;1.7
2019/02/11;0700 UTC;3.4;949.5;949.7;949.4;;22.5;;22.8;22.3;;;;;;309.0;6.2;2.3
2019/02/11;0800 UTC;2.4;950.1;950.1;949.5;;22.6;;22.8;22.5;;;;;;310.0;4.5;1.4
2019/02/11;0900 UTC;0.4;950.7;950.7;950.1;;22.6;;22.8;22.6;;;;;;292.0;3.5;1.8
2019/02/11;1000 UTC;0.0;951.3;951.3;950.7;17.3;22.7;;22.7;22.6;;;;;;47.0;2.7;0.9
2019/02/11;1100 UTC;0.0;951.9;951.9;951.2;357.7;23.7;;23.7;22.7;;;;;;29.0;3.6;2.1
2019/02/11;1200 UTC;0.0;952.2;952.2;951.9;617.4;23.9;;24.0;23.6;;;;;;2.0;7.0;4.2
2019/02/11;1300 UTC;0.0;952.3;952.7;952.2;807.2;24.6;;24.7;23.9;;;;;;4.0;6.8;4.6
2019/02/11;1400 UTC;0.0;952.0;952.4;952.0;1238.1;26.5;;26.5;24.6;;;;;;348.0;6.7;3.9
2019/02/11;1500 UTC;0.0;951.9;952.1;951.8;3061.5;27.4;;27.8;26.4;;;;;;355.0;7.8;3.8
2019/02/11;1600 UTC;0.0;951.0;951.9;951.0;2243.6;28.4;;29.1;27.0;;;;;;334.0;6.8;3.1
2019/02/11;1700 UTC;;;;;;;;;;;;;;;;;
2019/02/11;1800 UTC;0.0;949.3;950.2;949.3;2029.3;30.0;;30.6;29.2;;;;;;18.0;6.0;2.5
2019/02/11;1900 UTC;0.0;948.5;949.3;948.4;1488.9;29.7;;30.0;29.4;;;;;;352.0;6.1;2.2
2019/02/11;2000 UTC;0.0;947.9;948.5;947.9;949.5;29.2;;29.9;29.1;;;;;;1.0;4.1;2.6
2019/02/11;2100 UTC;0.0;948.1;948.1;947.9;582.5;28.7;;29.2;28.7;;;;;;355.0;4.5;2.1
2019/02/11;2200 UTC;0.0;948.6;948.6;948.1;221.3;28.2;;28.7;27.9;;;;;;33.0;3.1;0.6
2019/02/11;2300 UTC;0.0;949.0;949.0;948.6;13.8;26.2;;28.2;26.2;;;;;;1.0;1.6;1.1
2019/02/12;0000 UTC;0.0;950.0;950.0;948.8;;25.9;;26.7;25.9;;;;;;204.0;3.0;0.5
2019/02/12;0100 UTC;0.0;951.3;951.3;950.0;;25.3;;25.9;25.3;;;;;;227.0;1.2;0.5
2019/02/12;0200 UTC;0.0;951.6;951.6;951.3;;24.5;;25.3;24.5;;;;;;160.0;2.7;2.3
2019/02/12;0300 UTC;0.0;952.0;952.1;951.6;;24.2;;24.5;24.1;;;;;;175.0;2.7;2.0
2019/02/12;0400 UTC;0.0;951.5;952.1;951.5;;23.9;;24.5;23.9;;;;;;145.0;2.6;0.7
2019/02/12;0500 UTC;0.0;950.6;951.5;950.6;;23.7;;24.2;23.6;;;;;;43.0;1.7;1.2
2019/02/12;0600 UTC;0.0;950.5;950.6;950.5;;23.5;;23.8;23.4;;;;;;340.0;3.2;0.9
2019/02/12;0700 UTC;0.0;950.4;950.5;950.3;;23.5;;23.5;23.2;;;;;;336.0;1.5;0.8
2019/02/12;0800 UTC;0.0;950.1;950.4;950.0;;22.8;;23.5;22.8;;;;;;5.0;2.6;0.8
2019/02/12;0900 UTC;0.0;951.3;951.3;950.1;;23.0;;23.0;22.8;;;;;;260.0;1.4;0.8
2019/02/12;1000 UTC;0.0;952.3;952.3;951.3;58.0;23.6;;23.6;22.8;;;;;;306.0;3.3;2.1
2019/02/12;1100 UTC;0.0;953.1;953.1;952.3;506.6;24.8;;24.8;23.6;;;;;;322.0;4.1;2.3
2019/02/12;1200 UTC;0.0;953.8;953.8;953.1;1123.1;26.7;;27.2;24.7;;;;;;338.0;5.6;2.9
2019/02/12;1300 UTC;0.0;954.0;954.1;953.8;2637.1;28.9;;29.6;26.2;;;;;;319.0;5.6;3.1
2019/02/12;1400 UTC;0.0;954.0;954.1;954.0;1814.3;28.5;;29.4;28.0;;;;;;321.0;5.4;3.0
2019/02/12;1500 UTC;0.0;953.4;954.0;953.4;2250.0;30.0;;30.1;28.5;;;;;;332.0;7.9;3.6
2019/02/12;1600 UTC;0.0;952.2;953.4;952.2;3053.3;28.6;;31.4;28.3;;;;;;269.0;8.3;5.2
2019/02/12;1700 UTC;0.0;951.9;952.2;951.5;1319.5;26.3;;29.6;26.2;;;;;;257.0;9.7;3.9
2019/02/12;1800 UTC;0.0;951.3;951.9;951.1;336.5;24.7;;26.3;24.3;;;;;;76.0;8.5;1.2
2019/02/12;1900 UTC;0.0;952.0;952.0;950.8;267.7;25.2;;25.4;24.6;;;;;;162.0;7.5;3.8
2019/02/12;2000 UTC;34.0;951.9;952.5;951.8;46.6;23.1;;25.2;21.2;;;;;;140.0;13.3;4.3
2019/02/12;2100 UTC;1.2;952.0;952.1;951.8;60.0;22.9;;23.1;22.6;;;;;;190.0;7.4;1.4
2019/02/12;2200 UTC;1.0;952.4;952.4;951.9;31.9;22.6;;22.9;22.5;;;;;;33.0;2.8;0.8
2019/02/12;2300 UTC;0.0;952.5;952.6;952.4;0.2;22.4;;22.7;22.4;;;;;;359.0;2.2;1.7
2019/02/13;0000 UTC;0.0;952.9;952.9;952.5;;22.5;;22.7;22.4;;;;;;33.0;3.6;1.7
2019/02/13;0100 UTC;0.4;953.6;953.6;952.9;;22.6;;22.6;22.4;;;;;;307.0;3.2;1.6
2019/02/13;0200 UTC;0.0;953.7;953.8;953.6;;22.5;;22.6;22.3;;;;;;328.0;3.8;2.5
2019/02/13;0300 UTC;;;;;;;;;;;;;;;;;
2019/02/13;0400 UTC;0.0;952.9;953.5;952.9;;22.2;;22.4;22.2;;;;;;339.0;5.6;3.3
2019/02/13;0500 UTC;0.0;951.9;952.9;951.9;0.0;22.1;;22.3;22.0;;;;;;341.0;5.9;3.7
2019/02/13;0600 UTC;0.0;951.4;951.9;951.4;;22.0;;22.1;22.0;;;;;;329.0;5.9;3.2
2019/02/13;0700 UTC;0.2;951.3;951.4;951.2;;21.8;;22.0;21.7;;;;;;327.0;5.3;2.4
2019/02/13;0800 UTC;0.0;951.5;951.5;951.3;;21.6;;21.8;21.6;;;;;;306.0;4.2;1.5
2019/02/13;0900 UTC;0.0;951.8;951.8;951.4;;21.6;;21.6;21.3;;;;;;233.0;2.4;0.4
2019/02/13;1000 UTC;0.0;952.2;952.2;951.8;38.9;21.9;;21.9;21.5;;;;;;107.0;1.4;0.6
2019/02/13;1100 UTC;0.0;952.8;952.8;952.2;306.6;22.5;;22.5;21.9;;;;;;122.0;2.0;1.0
2019/02/13;1200 UTC;0.4;953.4;953.4;952.8;231.0;22.7;;22.7;22.4;;;;;;89.0;2.5;1.0
2019/02/13;1300 UTC;0.6;953.5;953.6;953.4;633.4;23.9;;23.9;22.7;;;;;;253.0;2.1;0.8
2019/02/13;1400 UTC;0.0;953.3;953.5;953.2;2012.0;25.6;;25.7;23.8;;;;;;188.0;6.4;1.6
2019/02/13;1500 UTC;0.0;952.5;953.3;952.5;2053.7;26.6;;27.4;25.6;;;;;;225.0;4.1;1.3
2019/02/13;1600 UTC;0.0;951.8;952.5;951.8;2992.2;28.1;;29.4;26.6;;;;;;315.0;5.0;2.0
2019/02/13;1700 UTC;0.0;951.2;951.8;951.2;2262.9;28.1;;29.4;27.7;;;;;;194.0;5.0;2.3
2019/02/13;1800 UTC;0.0;950.3;951.2;950.3;1300.6;27.9;;28.4;27.6;;;;;;129.0;4.3;2.1
2019/02/13;1900 UTC;0.0;949.4;950.3;949.4;2228.8;30.2;;30.6;27.9;;;;;;103.0;4.3;1.7
2019/02/13;2000 UTC;0.0;948.8;949.4;948.8;2107.5;29.1;;30.7;29.0;;;;;;109.0;3.8;1.0
2019/02/13;2100 UTC;0.0;948.7;948.8;948.7;1034.8;28.7;;30.0;28.6;;;;;;28.0;2.9;0.8
2019/02/13;2200 UTC;0.0;949.2;949.2;948.6;290.1;27.1;;28.9;27.1;;;;;;339.0;1.9;1.5
2019/02/13;2300 UTC;0.0;949.8;949.8;949.2;0.7;25.5;;27.1;25.2;;;;;;270.0;3.6;1.8
2019/02/14;0000 UTC;0.0;950.3;950.4;949.8;;23.7;;25.6;23.7;;;;;;173.0;5.0;2.2
2019/02/14;0100 UTC;0.0;951.2;951.2;950.3;;23.9;;24.0;23.4;;;;;;124.0;3.4;1.7
2019/02/14;0200 UTC;0.0;951.4;951.7;951.2;;23.4;;24.1;23.4;;;;;;151.0;6.9;3.4
2019/02/14;0300 UTC;0.0;951.3;951.7;951.2;;22.6;;23.4;22.6;;;;;;165.0;7.8;4.0
2019/02/14;0400 UTC;1.2;951.6;951.6;951.1;;22.4;;22.6;22.1;;;;;;14.0;6.2;1.3
2019/02/14;0500 UTC;15.6;951.3;951.8;951.3;0.4;21.8;;22.4;21.6;;;;;;34.0;4.1;1.1
2019/02/14;0600 UTC;6.4;950.4;951.3;950.4;;22.0;;22.0;21.8;;;;;;97.0;41.5;4.5
2019/02/14;0700 UTC;0.6;950.5;950.5;950.2;0.0;22.0;;22.0;21.9;;;;;;151.0;17.5;3.0
2019/02/14;0800 UTC;0.2;950.2;950.6;950.2;0.1;22.2;;22.3;22.0;;;;;;242.0;17.0;3.5
2019/02/14;0900 UTC;0.2;950.7;950.7;950.2;0.3;22.2;;22.3;22.1;;;;;;223.0;17.0;2.1
2019/02/14;1000 UTC;0.4;951.2;951.2;950.7;30.0;22.3;;22.3;22.1;;;;;;308.0;4.3;0.7
2019/02/14;1100 UTC;0.4;951.9;951.9;951.2;228.7;22.8;;22.8;22.3;;;;;;314.0;2.5;1.4
2019/02/14;1200 UTC;0.0;952.2;952.2;951.9;552.9;23.4;;23.4;22.8;;;;;;180.0;3.7;2.4
2019/02/14;1300 UTC;0.0;952.9;952.9;952.2;1122.1;24.7;;24.8;23.4;;;;;;318.0;4.5;1.9
2019/02/14;1400 UTC;0.0;953.1;953.2;952.9;3164.3;26.9;;27.7;24.6;;;;;;331.0;6.3;2.8
2019/02/14;1500 UTC;0.0;952.6;953.1;952.6;3167.6;28.1;;28.8;26.9;;;;;;307.0;6.2;3.3
2019/02/14;1600 UTC;0.0;951.3;952.6;951.3;4109.3;28.9;;30.4;27.6;;;;;;302.0;5.9;2.5
2019/02/14;1700 UTC;2.8;950.8;951.3;950.6;2204.3;24.0;;30.5;24.0;;;;;;311.0;10.1;5.1
2019/02/14;1800 UTC;0.2;949.8;950.8;949.8;2078.3;26.5;;26.7;24.0;;;;;;316.0;10.1;2.2
2019/02/14;1900 UTC;0.0;949.6;949.8;949.5;2017.5;26.5;;27.8;26.5;;;;;;314.0;4.8;2.2
2019/02/14;2000 UTC;0.0;949.8;950.0;949.6;332.5;26.3;;26.5;25.9;;;;;;287.0;3.9;1.0
2019/02/14;2100 UTC;3.6;951.0;951.2;949.8;46.0;21.7;;26.3;21.7;;;;;;294.0;12.9;3.8
2019/02/14;2200 UTC;0.2;951.4;951.4;951.0;11.8;21.8;;21.8;21.6;;;;;;14.0;7.2;1.4
2019/02/14;2300 UTC;0.2;951.2;951.7;951.2;;21.8;;22.0;21.8;;;;;;321.0;3.4;2.1
2019/02/15;0000 UTC;0.2;951.6;951.6;951.1;;22.2;;22.2;21.8;;;;;;224.0;4.2;1.8
2019/02/15;0100 UTC;;;;;;;;;;;;;;;;;
2019/02/15;0200 UTC;0.0;952.4;952.4;952.1;;21.6;;21.7;21.6;;;;;;326.0;2.7;1.6
2019/02/15;0300 UTC;0.0;951.8;952.4;951.8;;21.8;;21.8;21.6;;;;;;32.0;3.5;0.4
2019/02/15;0400 UTC;0.0;951.8;952.1;951.8;0.2;21.6;;21.8;21.6;;;;;;336.0;3.8;2.4
2019/02/15;0500 UTC;0.0;951.3;951.8;951.3;0.5;21.5;;21.7;21.5;;;;;;317.0;3.9;1.8
2019/02/15;0600 UTC;0.0;951.2;951.3;951.2;0.4;21.5;;21.6;21.4;;;;;;332.0;5.2;2.9
2019/02/15;0700 UTC;0.0;950.8;951.2;950.7;0.3;21.6;;21.6;21.4;;;;;;318.0;5.2;2.4
2019/02/15;0800 UTC;0.0;950.9;950.9;950.7;;21.4;;21.6;21.4;;;;;;327.0;5.0;2.8
2019/02/15;0900 UTC;0.0;950.6;950.9;950.6;;21.5;;21.5;21.4;;;;;;330.0;5.5;3.5
2019/02/15;1000 UTC;0.0;951.0;951.0;950.6;16.1;21.7;;21.7;21.4;;;;;;314.0;5.9;2.7
2019/02/15;1100 UTC;0.0;951.5;951.5;951.0;144.4;22.0;;22.0;21.6;;;;;;313.0;6.4;2.5
2019/02/15;1200 UTC;0.0;951.7;951.8;951.5;442.4;22.9;;23.0;21.9;;;;;;312.0;4.4;2.3
2019/02/15;1300 UTC;0.0;951.5;951.7;951.5;879.3;23.5;;23.8;22.9;;;;;;328.0;5.7;3.6
2019/02/15;1400 UTC;0.0;951.4;951.6;951.4;1162.4;25.0;;25.0;23.5;;;;;;323.0;7.9;3.7
2019/02/15;1500 UTC;0.0;950.9;951.4;950.9;956.2;24.8;;25.4;24.6;;;;;;316.0;6.7;3.3
2019/02/15;1600 UTC;0.0;950.2;950.9;950.2;983.5;26.0;;26.1;24.8;;;;;;305.0;7.0;3.9
2019/02/15;1700 UTC;0.0;949.4;950.2;949.4;1196.5;26.5;;26.6;25.8;;;;;;296.0;7.3;3.4
2019/02/15;1800 UTC;0.0;948.4;949.4;948.4;2818.7;28.1;;28.6;26.5;;;;;;324.0;8.5;3.8
2019/02/15;1900 UTC;0.6;947.4;948.4;947.4;1745.2;27.1;;29.3;26.2;;;;;;326.0;8.5;4.9
2019/02/15;2000 UTC;0.0;947.1;947.4;947.0;1132.6;26.8;;28.3;26.7;;;;;;330.0;8.3;4.8
2019/02/15;2100 UTC;1.4;947.3;947.3;947.1;380.5;24.4;;26.8;24.4;;;;;;306.0;7.7;2.4
2019/02/15;2200 UTC;0.0;948.2;948.2;947.3;116.8;23.9;;24.4;23.9;;;;;;327.0;4.4;2.5
2019/02/15;2300 UTC;0.0;948.3;948.4;948.2;;23.5;;23.9;23.5;;;;;;325.0;4.5;1.9
2019/02/16;0000 UTC;0.0;949.2;949.2;948.3;;22.6;;23.5;22.6;;;;;;179.0;6.6;3.0
2019/02/16;0100 UTC;1.0;949.8;949.8;949.2;;22.0;;22.6;22.0;;;;;;167.0;5.6;1.7
2019/02/16;0200 UTC;5.8;950.5;950.5;949.8;;21.8;;22.0;21.8;;;;;;168.0;3.3;1.2
2019/02/16;0300 UTC;1.0;950.0;950.5;950.0;;21.8;;21.8;21.7;;;;;;315.0;2.6;0.3
2019/02/16;0400 UTC;0.0;949.2;950.0;949.2;;21.9;;21.9;21.8;;;;;;327.0;1.6;0.5
2019/02/16;0500 UTC;0.0;948.8;949.2;948.8;;21.9;;21.9;21.8;;;;;;277.0;2.1;1.1
2019/02/16;0600 UTC;0.0;948.2;948.8;948.2;;21.9;;21.9;21.8;;;;;;242.0;2.1;1.1
2019/02/16;0700 UTC;0.2;948.0;948.2;947.9;;21.8;;21.9;21.8;;;;;;322.0;2.5;0.8
2019/02/16;0800 UTC;0.0;948.1;948.2;948.0;;21.9;;21.9;21.8;;;;;;323.0;1.7;0.9
2019/02/16;0900 UTC;0.0;948.6;948.6;948.0;;22.0;;22.0;21.8;;;;;;199.0;1.7;0.9
2019/02/16;1000 UTC;0.0;948.8;948.8;948.5;14.3;22.0;;22.0;21.9;;;;;;136.0;2.0;0.7
2019/02/16;1100 UTC;0.0;949.1;949.1;948.7;263.2;22.9;;22.9;22.0;;;;;;179.0;3.0;1.4
2019/02/16;1200 UTC;0.0;949.8;949.8;949.1;1348.2;24.5;;24.5;22.9;;;;;;201.0;6.3;3.6
2019/02/16;1300 UTC;0.0;950.3;950.3;949.8;2331.8;25.6;;25.9;24.3;;;;;;191.0;6.1;2.2
2019/02/16;1400 UTC;0.0;949.8;950.3;949.7;3212.1;27.4;;27.4;25.4;;;;;;179.0;5.6;1.5
2019/02/16;1500 UTC;0.0;949.3;949.8;949.3;3592.3;29.1;;29.1;26.9;;;;;;260.0;8.0;4.1
2019/02/16;1600 UTC;0.0;948.8;949.3;948.8;2995.2;28.9;;29.8;27.8;;;;;;240.0;8.9;4.6
2019/02/16;1700 UTC;0.0;948.0;948.8;948.0;3358.4;29.4;;29.4;28.0;;;;;;248.0;8.9;4.9
2019/02/16;1800 UTC;0.0;947.1;948.0;947.1;3341.6;29.4;;30.0;28.3;;;;;;237.0;8.9;4.7
2019/02/16;1900 UTC;0.0;946.5;947.1;946.5;2620.6;28.9;;30.1;28.3;;;;;;248.0;8.1;4.1
2019/02/16;2000 UTC;0.0;946.4;946.5;946.2;2059.7;28.6;;29.5;28.3;;;;;;241.0;7.9;4.3
2019/02/16;2100 UTC;0.0;946.3;946.4;946.2;1138.0;28.2;;29.0;27.7;;;;;;245.0;7.5;3.0
2019/02/16;2200 UTC;0.0;946.6;946.6;946.3;367.6;25.8;;28.2;25.8;;;;;;230.0;6.3;3.1
2019/02/16;2300 UTC;0.0;947.2;947.2;946.6;2.1;23.7;;25.8;23.7;;;;;;236.0;4.7;2.1
2019/02/17;0000 UTC;0.0;948.0;948.0;947.2;;23.5;;23.9;23.2;;;;;;233.0;3.4;1.9
2019/02/17;0100 UTC;0.0;948.7;948.7;948.0;;22.7;;23.5;22.4;;;;;;232.0;4.0;2.3
2019/02/17;0200 UTC;0.0;949.2;949.2;948.7;;20.6;;22.7;20.5;;;;;;321.0;3.5;0.7
2019/02/17;0300 UTC;0.0;949.1;949.4;949.1;;20.3;;21.6;20.2;;;;;;212.0;2.0;1.3
2019/02/17;0400 UTC;0.0;948.6;949.1;948.6;;19.6;;21.5;19.6;;;;;;22.0;3.0;1.1
2019/02/17;0500 UTC;0.0;948.4;948.6;948.4;;19.4;;20.1;19.3;;;;;;167.0;1.6;1.0
2019/02/17;0600 UTC;0.0;947.9;948.4;947.9;;19.2;;19.7;19.0;;;;;;223.0;1.8;0.7
2019/02/17;0700 UTC;0.0;947.6;947.9;947.6;;18.6;;19.4;18.6;;;;;;182.0;1.6;1.4
2019/02/17;0800 UTC;0.0;947.9;947.9;947.5;;18.2;;18.6;17.9;;;;;;61.0;1.6;0.4
2019/02/17;0900 UTC;0.0;947.9;947.9;947.8;;18.3;;18.6;18.1;;;;;;181.0;1.4;0.8
2019/02/17;1000 UTC;0.0;948.4;948.4;948.0;68.2;18.3;;18.3;17.7;;;;;;176.0;3.1;2.3
2019/02/17;1100 UTC;0.0;949.4;949.4;948.4;621.4;20.4;;20.8;18.3;;;;;;3.0;3.4;1.6
2019/02/17;1200 UTC;0.0;950.1;950.1;949.4;1566.9;23.3;;23.3;20.4;;;;;;315.0;3.3;1.9
2019/02/17;1300 UTC;0.0;950.5;950.5;950.1;2443.1;25.4;;25.6;23.3;;;;;;337.0;3.8;1.5
2019/02/17;1400 UTC;0.0;950.4;950.5;950.3;3169.8;27.4;;27.4;25.1;;;;;;335.0;4.4;2.3
2019/02/17;1500 UTC;0.0;950.3;950.4;950.2;3709.1;28.9;;29.5;27.3;;;;;;304.0;5.6;3.0
2019/02/17;1600 UTC;0.0;949.7;950.3;949.7;3987.8;29.3;;29.9;28.5;;;;;;315.0;6.2;2.1
2019/02/17;1700 UTC;0.0;949.0;949.7;949.0;2827.1;29.0;;30.1;28.4;;;;;;277.0;6.2;1.8
2019/02/17;1800 UTC;0.0;948.1;949.0;948.1;3887.1;29.6;;31.2;28.9;;;;;;284.0;6.2;2.7
2019/02/17;1900 UTC;0.0;947.8;948.1;947.8;1304.5;27.6;;30.6;27.6;;;;;;283.0;6.2;2.2
2019/02/17;2000 UTC;0.0;947.5;947.9;947.5;511.9;23.2;;27.8;22.7;;;;;;342.0;8.8;4.7
2019/02/17;2100 UTC;0.0;947.4;947.5;947.4;1077.6;25.7;;26.1;23.2;;;;;;41.0;7.2;1.6
2019/02/17;2200 UTC;0.0;947.7;947.7;947.3;370.9;25.8;;26.4;25.6;;;;;;12.0;2.8;0.4
2019/02/17;2300 UTC;0.0;948.4;948.4;947.7;;23.1;;25.8;23.0;;;;;;117.0;1.0;0.6
2019/02/18;0000 UTC;0.0;949.0;949.0;948.4;;23.5;;23.7;23.1;;;;;;147.0;1.0;0.2
2019/02/18;0100 UTC;0.0;949.7;949.7;949.0;;21.1;;23.6;21.1;;;;;;187.0;2.4;1.3
2019/02/18;0200 UTC;0.0;950.1;950.1;949.7;;21.2;;21.2;20.1;;;;;;172.0;2.9;1.4
2019/02/18;0300 UTC;0.0;949.9;950.2;949.9;;20.5;;21.3;20.5;;;;;;84.0;2.1;0.7
2019/02/18;0400 UTC;0.0;949.6;949.9;949.6;;20.5;;20.9;20.3;;;;;;182.0;1.7;1.0
2019/02/18;0500 UTC;0.0;949.4;949.5;949.4;;19.1;;20.8;19.0;;;;;;170.0;2.5;1.5
2019/02/18;0600 UTC;0.0;949.0;949.4;949.0;;19.9;;20.0;19.0;;;;;;356.0;2.3;0.7
2019/02/18;0700 UTC;0.0;948.9;949.0;948.9;;18.5;;20.1;18.5;;;;;;156.0;1.8;1.2
2019/02/18;0800 UTC;0.0;948.9;949.0;948.9;;19.2;;19.3;18.2;;;;;;163.0;1.9;0.4
2019/02/18;0900 UTC;0.0;949.3;949.3;948.9;;19.7;;19.9;19.2;;;;;;45.0;1.7;1.3
2019/02/18;1000 UTC;0.0;950.0;950.0;949.3;47.9;19.4;;19.7;19.0;;;;;;39.0;2.6;1.4
2019/02/18;1100 UTC;0.0;950.9;950.9;950.0;644.5;22.5;;22.5;19.4;;;;;;12.0;3.4;1.3
2019/02/18;1200 UTC;0.0;951.7;951.7;950.9;1568.6;23.7;;23.7;22.5;;;;;;358.0;6.7;4.1
2019/02/18;1300 UTC;0.0;952.2;952.2;951.7;2416.2;25.8;;25.9;23.7;;;;;;341.0;7.6;4.1
2019/02/18;1400 UTC;0.0;951.9;952.2;951.9;3127.1;27.4;;27.8;25.7;;;;;;348.0;8.8;4.5
2019/02/18;1500 UTC;0.0;951.4;952.0;951.3;3391.4;28.9;;29.5;27.4;;;;;;356.0;9.4;5.4
2019/02/18;1600 UTC;0.0;951.4;951.7;951.1;1322.9;24.0;;29.2;24.0;;;;;;227.0;10.1;5.7
2019/02/18;1700 UTC;0.0;950.1;951.4;950.1;506.0;23.4;;24.0;23.0;;;;;;250.0;9.0;4.3
2019/02/18;1800 UTC;0.0;949.0;950.1;948.9;2180.0;27.3;;29.2;23.4;;;;;;289.0;7.7;3.3
2019/02/18;1900 UTC;0.0;948.0;949.0;948.0;1750.7;29.8;;29.8;25.8;;;;;;254.0;7.0;1.2
2019/02/18;2000 UTC;0.0;947.4;948.0;947.4;1422.6;29.7;;30.6;28.9;;;;;;313.0;3.3;1.8
2019/02/18;2100 UTC;0.0;947.6;947.6;947.3;863.8;28.1;;30.2;27.6;;;;;;215.0;3.7;1.9
2019/02/18;2200 UTC;0.0;948.2;948.2;947.6;135.4;25.5;;28.1;25.5;;;;;;167.0;3.1;1.9
2019/02/18;2300 UTC;0.0;949.0;949.0;948.2;;24.7;;25.5;24.6;;;;;;178.0;2.8;2.2
2019/02/19;0000 UTC;0.0;949.9;949.9;949.0;;24.3;;24.8;24.3;;;;;;152.0;2.8;1.0
2019/02/19;0100 UTC;0.0;950.6;950.6;949.9;;23.4;;24.3;23.4;;;;;;166.0;2.9;1.8
2019/02/19;0200 UTC;0.0;951.2;951.2;950.6;;23.3;;23.9;22.9;;;;;;151.0;2.5;1.0
2019/02/19;0300 UTC;0.0;951.0;951.2;950.9;;22.5;;23.5;22.5;;;;;;145.0;2.5;0.5
2019/02/19;0400 UTC;0.0;950.7;951.0;950.7;;22.2;;22.6;22.1;;;;;;10.0;1.2;0.3
2019/02/19;0500 UTC;0.0;950.6;950.8;950.6;;21.9;;22.3;21.7;;;;;;329.0;1.5;0.4
2019/02/19;0600 UTC;0.0;950.2;950.6;950.2;;21.5;;22.1;21.5;;;;;;17.0;3.0;1.7
2019/02/19;0700 UTC;0.0;949.8;950.2;949.8;;21.3;;21.5;20.9;;;;;;9.0;3.7;2.8
2019/02/19;0800 UTC;0.0;949.8;949.9;949.7;;21.5;;21.5;21.2;;;;;;351.0;4.5;2.9
2019/02/19;0900 UTC;0.0;950.1;950.1;949.7;;20.8;;21.6;20.8;;;;;;1.0;4.9;3.1
2019/02/19;1000 UTC;0.0;950.7;950.7;950.1;51.1;21.2;;21.2;20.6;;;;;;352.0;4.5;3.5
2019/02/19;1100 UTC;0.0;951.4;951.4;950.6;587.1;23.0;;23.0;21.2;;;;;;341.0;5.1;2.9
2019/02/19;1200 UTC;0.0;951.7;951.7;951.4;1542.3;24.4;;24.7;22.9;;;;;;342.0;7.7;5.4
2019/02/19;1300 UTC;0.0;952.4;952.4;951.7;1844.5;26.1;;26.1;24.4;;;;;;331.0;8.8;5.2
2019/02/19;1400 UTC;0.0;952.4;952.6;952.4;2172.9;26.8;;27.3;25.8;;;;;;326.0;9.9;6.0
2019/02/19;1500 UTC;0.0;951.9;952.4;951.9;2862.2;27.3;;27.9;26.8;;;;;;320.0;9.6;4.9
2019/02/19;1600 UTC;0.0;950.7;951.9;950.7;3122.1;29.4;;29.7;27.4;;;;;;330.0;10.1;6.3
2019/02/19;1700 UTC;0.0;949.5;950.7;949.5;3569.5;29.9;;30.1;28.5;;;;;;322.0;10.1;5.0
2019/02/19;1800 UTC;0.0;948.2;949.5;948.2;3435.2;30.3;;31.3;29.4;;;;;;328.0;9.3;5.7
2019/02/19;1900 UTC;0.0;947.4;948.3;947.4;2171.9;30.6;;31.4;29.8;;;;;;338.0;9.0;4.9
2019/02/19;2000 UTC;0.0;948.2;948.2;947.2;784.1;25.1;;30.7;25.1;;;;;;354.0;15.6;7.6
2019/02/19;2100 UTC;0.4;948.7;948.7;948.1;68.1;23.4;;25.1;22.9;;;;;;344.0;12.9;3.5
2019/02/19;2200 UTC;4.2;950.7;950.7;948.7;43.2;22.4;;23.5;22.1;;;;;;6.0;6.9;2.2
2019/02/19;2300 UTC;1.6;949.5;950.7;949.5;0.9;21.6;;22.7;21.6;;;;;;36.0;5.8;1.8
2019/02/20;0000 UTC;0.0;949.8;949.8;949.4;;21.8;;21.9;21.5;;;;;;4.0;4.3;2.2
2019/02/20;0100 UTC;0.0;951.0;951.0;949.8;;22.0;;22.1;21.6;;;;;;17.0;3.6;1.0
2019/02/20;0200 UTC;0.0;951.1;951.3;951.0;;22.0;;22.4;21.8;;;;;;2.0;5.1;3.9
2019/02/20;0300 UTC;0.0;951.1;951.7;951.0;;22.1;;22.4;22.0;;;;;;358.0;7.5;3.9
2019/02/20;0400 UTC;0.0;950.7;951.1;950.6;;22.0;;22.1;22.0;;;;;;331.0;6.1;3.0
2019/02/20;0500 UTC;0.6;950.3;950.7;950.3;;22.0;;22.0;21.9;;;;;;347.0;5.0;2.5
2019/02/20;0600 UTC;1.0;949.8;950.4;949.8;;22.0;;22.0;21.9;;;;;;317.0;4.1;2.7
2019/02/20;0700 UTC;1.2;949.8;949.8;949.6;;21.8;;22.0;21.7;;;;;;302.0;4.4;2.0
2019/02/20;0800 UTC;0.0;949.8;949.8;949.7;;21.8;;21.8;21.7;;;;;;333.0;3.6;1.8
2019/02/20;0900 UTC;0.0;950.0;950.0;949.8;;21.9;;21.9;21.8;;;;;;293.0;3.3;1.6
2019/02/20;1000 UTC;0.6;950.2;950.2;950.0;16.3;22.0;;22.0;21.8;;;;;;289.0;3.6;1.6
2019/02/20;1100 UTC;1.8;951.0;951.0;950.2;153.1;22.2;;22.2;21.9;;;;;;225.0;3.4;1.3
2019/02/20;1200 UTC;2.4;951.5;951.5;951.0;319.0;22.5;;22.5;22.2;;;;;;326.0;3.1;1.8
2019/02/20;1300 UTC;0.4;951.8;951.8;951.4;1237.0;23.4;;24.3;22.4;;;;;;322.0;5.1;2.6
2019/02/20;1400 UTC;0.0;951.6;951.8;951.6;650.4;23.6;;23.6;23.1;;;;;;296.0;5.4;2.8
2019/02/20;1500 UTC;0.0;951.0;951.7;951.0;2336.0;25.8;;26.1;23.6;;;;;;306.0;5.6;1.8
2019/02/20;1600 UTC;0.0;950.3;951.0;950.3;3014.8;26.8;;27.4;25.2;;;;;;299.0;6.0;3.1
2019/02/20;1700 UTC;0.0;949.8;950.3;949.7;2256.4;24.7;;26.9;24.4;;;;;;343.0;8.5;5.3
2019/02/20;1800 UTC;0.0;949.3;949.9;949.3;1865.4;24.7;;25.3;23.7;;;;;;337.0;9.2;5.2
2019/02/20;1900 UTC;0.0;948.2;949.3;948.2;1028.6;23.8;;24.7;23.3;;;;;;328.0;8.7;4.1
2019/02/20;2000 UTC;0.0;947.6;948.2;947.5;1536.9;24.5;;25.4;23.4;;;;;;346.0;7.6;4.0
2019/02/20;2100 UTC;0.0;947.7;947.9;947.4;824.1;24.5;;24.7;23.9;;;;;;359.0;6.7;2.9
2019/02/20;2200 UTC;0.0;948.2;948.3;947.6;262.5;23.3;;24.7;23.3;;;;;;8.0;5.1;2.3
2019/02/20;2300 UTC;0.0;948.7;948.8;948.2;0.8;22.6;;23.3;22.5;;;;;;347.0;3.5;1.9
2019/02/21;0000 UTC;0.0;948.9;949.0;948.7;;22.0;;22.6;22.0;;;;;;31.0;2.6;1.5
2019/02/21;0100 UTC;0.0;950.0;950.0;948.9;;22.0;;22.0;21.8;;;;;;10.0;1.9;0.9
2019/02/21;0200 UTC;0.0;950.3;950.5;950.0;;21.6;;22.0;21.6;;;;;;29.0;2.6;0.9
2019/02/21;0300 UTC;0.0;950.3;950.5;950.3;;21.4;;21.9;21.3;;;;;;3.0;2.5;0.9
2019/02/21;0400 UTC;0.0;950.2;950.4;950.2;;21.1;;21.5;21.0;;;;;;271.0;2.3;0.5
2019/02/21;0500 UTC;0.0;950.1;950.3;950.0;;21.9;;21.9;21.1;;;;;;329.0;1.5;1.0
2019/02/21;0600 UTC;0.0;949.6;950.1;949.6;;21.8;;22.0;21.8;;;;;;341.0;2.9;1.8
2019/02/21;0700 UTC;0.0;949.6;949.7;949.4;;21.7;;21.9;21.7;;;;;;343.0;4.4;2.7
2019/02/21;0800 UTC;0.0;949.8;949.8;949.6;;21.6;;21.7;21.6;;;;;;345.0;4.5;1.9
2019/02/21;0900 UTC;0.0;950.2;950.2;949.8;;21.7;;21.8;21.6;;;;;;335.0;4.8;2.8
2019/02/21;1000 UTC;0.0;950.9;950.9;950.2;19.4;22.0;;22.0;21.6;;;;;;342.0;4.3;1.6
2019/02/21;1100 UTC;0.0;951.6;951.6;950.9;252.8;22.6;;22.6;22.0;;;;;;338.0;3.3;1.5
2019/02/21;1200 UTC;0.0;952.4;952.4;951.6;381.1;22.8;;22.8;22.5;;;;;;330.0;4.8;2.3
2019/02/21;1300 UTC;0.0;953.0;953.0;952.4;830.1;23.8;;23.9;22.8;;;;;;327.0;5.1;3.4
2019/02/21;1400 UTC;0.2;952.8;953.0;952.8;2237.1;26.6;;26.7;23.8;;;;;;284.0;6.6;3.7
2019/02/21;1500 UTC;0.0;952.3;952.8;952.2;3380.4;28.5;;28.7;26.0;;;;;;308.0;6.3;2.3
2019/02/21;1600 UTC;0.0;951.8;;;2218.4;29.3;;;;;;;;;225.0;;1.4
2019/02/21;1700 UTC;0.0;950.5;951.8;950.5;3542.7;29.9;;31.0;29.3;;;;;;209.0;5.8;1.0
2019/02/21;1800 UTC;0.0;949.6;950.5;949.6;1604.1;31.0;;31.8;29.7;;;;;;165.0;3.8;0.5
2019/02/21;1900 UTC;0.0;949.0;949.6;948.9;840.3;27.3;;31.1;27.3;;;;;;31.0;3.4;1.8
2019/02/21;2000 UTC;3.2;948.9;949.1;948.3;393.9;26.2;;27.2;25.3;;;;;;276.0;5.4;1.7
2019/02/21;2100 UTC;0.0;948.6;949.2;948.6;274.1;25.4;;26.2;25.4;;;;;;22.0;3.6;1.8
2019/02/21;2200 UTC;0.0;949.5;949.7;948.6;120.7;25.0;;25.4;24.7;;;;;;338.0;3.7;2.4
2019/02/21;2300 UTC;0.0;950.7;950.7;949.4;;24.5;;25.1;24.1;;;;;;147.0;11.7;4.3
2019/02/22;0000 UTC;0.4;951.6;951.6;950.4;;22.6;;24.5;22.6;;;;;;91.0;11.7;2.5
2019/02/22;0100 UTC;0.0;951.6;952.0;951.1;;22.4;;23.0;22.4;;;;;;25.0;5.4;1.7
2019/02/22;0200 UTC;0.0;952.3;952.5;951.6;;22.1;;22.4;22.1;;;;;;12.0;3.8;1.6
2019/02/22;0300 UTC;0.0;952.3;952.4;951.8;;21.6;;22.1;21.6;;;;;;272.0;3.6;1.9
2019/02/22;0400 UTC;0.0;951.3;952.4;951.3;;21.0;;21.6;21.0;;;;;;36.0;5.8;1.0
2019/02/22;0500 UTC;0.0;951.4;951.5;951.0;;20.8;;21.0;20.8;;;;;;324.0;2.5;1.9
2019/02/22;0600 UTC;0.0;950.8;951.5;950.8;;20.3;;20.9;20.3;;;;;;26.0;3.9;1.2
2019/02/22;0700 UTC;0.0;951.0;951.0;950.7;;19.8;;20.3;19.8;;;;;;43.0;2.4;0.9
2019/02/22;0800 UTC;0.0;951.7;951.8;951.0;;20.4;;20.4;19.7;;;;;;322.0;3.2;1.9
2019/02/22;0900 UTC;0.0;952.2;952.2;951.7;;20.4;;20.4;20.0;;;;;;352.0;2.6;1.7
2019/02/22;1000 UTC;0.0;952.5;952.5;952.2;29.3;20.5;;20.5;20.2;;;;;;348.0;2.8;1.4
2019/02/22;1100 UTC;0.0;953.5;953.5;952.5;227.3;20.9;;20.9;20.5;;;;;;344.0;3.4;1.5
2019/02/22;1200 UTC;0.0;953.8;954.0;953.5;1406.9;23.4;;23.4;20.9;;;;;;4.0;4.5;2.4
2019/02/22;1300 UTC;0.0;953.7;953.8;953.6;2392.8;26.0;;26.0;23.4;;;;;;344.0;6.1;3.7
2019/02/22;1400 UTC;0.0;953.2;953.7;953.2;3174.5;27.1;;27.4;25.6;;;;;;336.0;6.9;3.7
2019/02/22;1500 UTC;0.0;953.2;953.3;953.1;3249.1;27.4;;27.7;26.6;;;;;;320.0;6.9;3.9
2019/02/22;1600 UTC;0.0;952.7;953.2;952.7;3254.2;28.6;;28.6;27.4;;;;;;336.0;6.8;4.0
2019/02/22;1700 UTC;0.0;952.2;952.8;952.1;3798.9;29.7;;30.1;28.3;;;;;;351.0;8.4;4.1
2019/02/22;1800 UTC;0.0;951.2;952.2;951.2;3322.1;30.4;;30.8;29.2;;;;;;321.0;8.4;2.0
2019/02/22;1900 UTC;0.0;950.5;951.2;950.5;2657.0;30.3;;31.1;30.0;;;;;;15.0;5.9;3.0
2019/02/22;2000 UTC;0.0;949.6;950.5;949.5;2028.1;30.2;;31.1;29.8;;;;;;21.0;5.5;3.2
2019/02/22;2100 UTC;0.0;949.8;949.8;949.6;1205.3;29.3;;30.2;29.3;;;;;;13.0;5.5;2.6
2019/02/22;2200 UTC;0.0;950.5;950.5;949.8;276.0;26.5;;29.3;26.5;;;;;;251.0;4.0;1.8
2019/02/22;2300 UTC;0.0;951.4;951.4;950.5;;25.3;;26.5;25.0;;;;;;242.0;3.6;1.6
2019/02/23;0000 UTC;0.0;952.3;952.4;951.4;;24.3;;25.4;24.3;;;;;;100.0;2.7;1.1
2019/02/23;0100 UTC;0.0;952.8;952.9;952.3;;24.2;;24.6;24.2;;;;;;57.0;1.7;1.3
2019/02/23;0200 UTC;0.0;953.0;953.0;952.7;;24.0;;24.4;24.0;;;;;;45.0;1.8;0.9
2019/02/23;0300 UTC;0.0;952.6;953.1;952.6;;24.0;;24.1;23.7;;;;;;230.0;1.8;1.1
2019/02/23;0400 UTC;0.0;951.8;952.6;951.8;;23.1;;24.0;22.9;;;;;;112.0;1.7;0.1
2019/02/23;0500 UTC;0.0;951.2;951.8;951.2;;22.8;;23.2;22.6;;;;;;62.0;1.8;1.4
2019/02/23;0600 UTC;0.0;950.9;951.2;950.9;;22.3;;22.9;22.3;;;;;;11.0;2.3;0.8
2019/02/23;0700 UTC;0.0;950.9;951.0;950.8;;22.3;;22.9;22.2;;;;;;314.0;2.4;0.3
2019/02/23;0800 UTC;0.0;951.3;951.4;950.9;;21.9;;22.6;21.8;;;;;;20.0;1.8;0.7
2019/02/23;0900 UTC;0.0;951.4;951.4;951.2;;22.1;;22.6;21.9;;;;;;50.0;1.8;1.4
2019/02/23;1000 UTC;0.0;952.1;952.1;951.4;68.5;22.4;;22.4;21.6;;;;;;12.0;2.4;0.6
2019/02/23;1100 UTC;0.0;953.2;953.2;952.1;703.8;25.1;;25.3;22.4;;;;;;23.0;4.6;2.5
2019/02/23;1200 UTC;0.0;953.4;953.4;953.1;1237.8;26.7;;26.7;25.0;;;;;;341.0;5.6;3.3
2019/02/23;1300 UTC;0.0;953.6;953.6;953.3;2393.8;27.9;;28.1;26.7;;;;;;320.0;7.6;3.9
2019/02/23;1400 UTC;0.0;953.0;953.6;953.0;2559.8;29.4;;29.7;27.2;;;;;;348.0;8.0;4.4
2019/02/23;1500 UTC;0.0;952.3;953.0;952.3;3053.7;29.5;;30.5;27.9;;;;;;341.0;8.7;5.8
2019/02/23;1600 UTC;0.0;951.5;952.3;951.5;3185.5;29.7;;30.4;29.0;;;;;;323.0;8.5;4.0
2019/02/23;1700 UTC;0.0;950.6;951.5;950.6;3539.7;31.5;;31.6;29.7;;;;;;295.0;6.0;3.3
2019/02/23;1800 UTC;0.0;949.8;950.6;949.8;3544.9;32.2;;32.3;30.9;;;;;;305.0;7.5;3.4
2019/02/23;1900 UTC;0.0;949.2;949.8;949.2;2813.5;31.2;;32.6;30.8;;;;;;353.0;6.7;3.7
2019/02/23;2000 UTC;0.0;948.3;949.2;948.3;2083.7;31.8;;32.4;31.2;;;;;;326.0;7.0;3.5
2019/02/23;2100 UTC;0.0;948.4;948.4;948.2;1229.0;30.7;;32.0;30.7;;;;;;298.0;6.3;2.3
2019/02/23;2200 UTC;0.0;948.5;948.7;948.4;244.3;28.4;;30.7;28.4;;;;;;70.0;3.6;1.7
2019/02/23;2300 UTC;0.0;949.1;949.1;948.5;;27.0;;28.4;27.0;;;;;;30.0;3.4;1.1
2019/02/24;0000 UTC;0.0;949.6;949.6;949.1;;25.9;;27.1;25.9;;;;;;245.0;2.1;0.6
2019/02/24;0100 UTC;0.0;950.2;950.2;949.6;;24.6;;26.3;24.4;;;;;;173.0;3.4;1.9
2019/02/24;0200 UTC;0.0;950.6;950.6;950.2;;24.0;;24.7;24.0;;;;;;174.0;2.9;1.2
2019/02/24;0300 UTC;;;;;;;;;;;;;;;;;
2019/02/24;0400 UTC;0.0;950.0;950.3;950.0;;23.6;;24.3;23.6;;;;;;23.0;1.4;0.2
2019/02/24;0500 UTC;0.0;949.6;950.0;949.6;;23.5;;23.9;23.4;;;;;;146.0;1.6;0.3
2019/02/24;0600 UTC;0.0;949.1;949.6;949.1;;22.9;;23.6;22.9;;;;;;19.0;1.1;0.4
2019/02/24;0700 UTC;0.0;948.7;949.1;948.7;;22.5;;23.1;22.5;;;;;;40.0;2.3;1.6
2019/02/24;0800 UTC;0.0;948.8;948.9;948.7;;22.4;;22.5;22.0;;;;;;296.0;1.9;0.4
2019/02/24;0900 UTC;0.0;948.8;948.8;948.7;;22.4;;22.7;21.9;;;;;;346.0;2.0;1.2
2019/02/24;1000 UTC;0.0;949.1;949.1;948.8;55.6;23.0;;23.0;22.1;;;;;;35.0;1.6;1.3
2019/02/24;1100 UTC;0.0;950.0;950.0;949.1;566.4;24.4;;24.4;22.8;;;;;;325.0;4.5;2.8
2019/02/24;1200 UTC;0.0;950.7;950.7;950.1;1498.2;26.2;;26.2;24.3;;;;;;324.0;5.2;3.3
2019/02/24;1300 UTC;0.0;951.1;951.1;950.7;2358.0;28.5;;28.7;26.0;;;;;;339.0;8.1;4.7
2019/02/24;1400 UTC;0.0;950.9;951.1;950.9;3091.6;30.4;;30.4;28.3;;;;;;329.0;9.2;5.4
2019/02/24;1500 UTC;0.0;950.7;950.9;950.6;3600.7;30.6;;31.3;29.6;;;;;;337.0;10.6;6.4
2019/02/24;1600 UTC;0.0;950.6;950.8;950.5;3675.2;31.4;;32.0;30.6;;;;;;310.0;9.4;4.8
2019/02/24;1700 UTC;0.0;949.9;950.6;949.8;3701.8;32.0;;32.8;31.3;;;;;;305.0;8.5;4.9
2019/02/24;1800 UTC;0.0;949.1;949.9;949.1;3309.8;32.7;;33.3;31.9;;;;;;322.0;9.0;4.8
2019/02/24;1900 UTC;0.0;947.8;949.1;947.8;2831.6;32.4;;33.6;32.4;;;;;;317.0;8.8;4.5
2019/02/24;2000 UTC;0.0;947.6;947.8;947.5;935.7;28.7;;32.5;28.7;;;;;;245.0;7.8;2.6
2019/02/24;2100 UTC;0.0;947.3;947.7;947.3;927.1;29.6;;29.8;28.5;;;;;;217.0;6.5;2.1
2019/02/24;2200 UTC;0.0;947.9;947.9;947.1;119.4;27.6;;29.6;27.6;;;;;;227.0;3.0;1.8
2019/02/24;2300 UTC;0.0;948.3;948.3;947.7;;26.0;;27.6;26.0;;;;;;101.0;3.6;1.0
2019/02/25;0000 UTC;0.0;949.0;949.0;948.3;;25.2;;26.0;25.1;;;;;;70.0;2.9;1.3
2019/02/25;0100 UTC;0.0;949.9;949.9;949.0;;24.8;;25.3;24.5;;;;;;14.0;1.9;0.6
2019/02/25;0200 UTC;0.0;950.3;950.3;949.9;;24.5;;24.8;24.3;;;;;;289.0;2.1;1.4
2019/02/25;0300 UTC;0.0;950.2;950.4;950.1;;24.5;;24.7;24.4;;;;;;317.0;2.6;1.7
2019/02/25;0400 UTC;0.0;949.7;950.2;949.7;;23.6;;24.5;23.6;;;;;;239.0;2.6;0.6
2019/02/25;0500 UTC;0.0;949.2;949.7;949.2;;22.7;;23.6;22.5;;;;;;215.0;1.5;0.4
2019/02/25;0600 UTC;0.0;948.7;949.2;948.7;;22.4;;23.0;22.1;;;;;;208.0;1.1;0.8
2019/02/25;0700 UTC;0.0;948.4;948.7;948.4;;22.3;;22.5;22.1;;;;;;38.0;1.4;0.8
2019/02/25;0800 UTC;0.0;948.9;948.9;948.4;;22.6;;22.7;22.3;;;;;;35.0;1.1;0.7
2019/02/25;0900 UTC;0.0;948.9;949.0;948.8;;22.1;;22.6;22.0;;;;;;345.0;1.7;1.2
2019/02/25;1000 UTC;0.0;949.5;949.5;948.9;42.3;22.3;;22.3;21.5;;;;;;29.0;2.2;0.4
2019/02/25;1100 UTC;0.0;950.6;950.7;949.5;450.2;23.9;;24.0;22.3;;;;;;340.0;4.0;2.2
2019/02/25;1200 UTC;0.0;951.5;951.5;950.6;1439.0;26.1;;26.1;23.9;;;;;;326.0;4.0;2.4
2019/02/25;1300 UTC;0.0;951.8;951.8;951.5;2423.8;27.3;;27.8;25.5;;;;;;330.0;6.7;4.2
2019/02/25;1400 UTC;0.0;951.7;951.8;951.6;2404.9;28.1;;28.5;26.9;;;;;;317.0;6.7;3.6
2019/02/25;1500 UTC;0.0;951.1;951.7;951.0;3466.0;29.6;;31.1;28.1;;;;;;326.0;9.9;4.8
2019/02/25;1600 UTC;0.0;950.3;951.1;950.3;3010.4;29.9;;31.9;29.5;;;;;;342.0;9.9;4.9
2019/02/25;1700 UTC;0.0;949.5;950.7;949.4;2445.2;27.4;;31.9;27.4;;;;;;211.0;9.3;6.0
2019/02/25;1800 UTC;0.0;948.9;949.5;948.2;2188.0;27.7;;31.8;27.4;;;;;;319.0;11.2;5.4
2019/02/25;1900 UTC;0.0;948.3;949.2;948.1;425.2;25.9;;27.6;25.0;;;;;;105.0;11.2;1.1
2019/02/25;2000 UTC;0.0;947.4;948.3;947.3;1025.3;27.1;;27.6;25.7;;;;;;353.0;6.3;3.3
2019/02/25;2100 UTC;0.0;947.3;947.7;947.2;611.7;25.7;;27.1;25.6;;;;;;307.0;9.3;2.6
2019/02/25;2200 UTC;0.0;947.6;947.6;947.3;261.2;25.3;;25.9;25.3;;;;;;310.0;4.0;1.2
2019/02/25;2300 UTC;0.0;947.6;947.8;947.6;6.0;23.9;;25.3;23.9;;;;;;59.0;3.7;0.9
2019/02/26;0000 UTC;0.0;948.8;948.8;947.6;;23.5;;23.9;23.5;;;;;;275.0;2.4;1.0
2019/02/26;0100 UTC;0.0;949.9;949.9;948.8;;23.3;;23.9;23.3;;;;;;320.0;3.3;1.6
2019/02/26;0200 UTC;0.0;950.9;950.9;949.9;;22.8;;23.3;22.4;;;;;;333.0;4.9;3.3
2019/02/26;0300 UTC;0.0;950.9;951.0;950.8;;22.7;;23.0;22.7;;;;;;355.0;5.7;3.3
2019/02/26;0400 UTC;0.0;950.7;950.9;950.6;;22.4;;22.8;22.3;;;;;;318.0;5.4;2.3
2019/02/26;0500 UTC;0.0;950.3;950.8;950.3;;22.3;;22.5;22.3;;;;;;8.0;3.4;1.0
2019/02/26;0600 UTC;0.0;949.4;950.4;949.4;;22.0;;22.3;22.0;;;;;;13.0;2.4;1.2
2019/02/26;0700 UTC;0.0;949.6;949.6;949.4;;21.4;;22.0;21.4;;;;;;360.0;2.3;1.9
2019/02/26;0800 UTC;0.0;949.4;949.7;949.4;;21.1;;21.4;21.1;;;;;;13.0;2.6;2.1
2019/02/26;0900 UTC;0.0;949.7;949.7;949.3;;21.3;;21.3;21.1;;;;;;354.0;3.5;2.3
2019/02/26;1000 UTC;0.0;950.4;950.4;949.7;20.8;21.8;;21.8;21.2;;;;;;324.0;2.6;1.6
2019/02/26;1100 UTC;0.0;950.7;950.9;950.3;475.5;23.2;;23.2;21.7;;;;;;338.0;4.7;3.0
2019/02/26;1200 UTC;0.0;951.2;951.2;950.7;1093.8;24.2;;24.2;23.0;;;;;;349.0;7.8;5.1
2019/02/26;1300 UTC;0.2;952.7;952.8;951.2;484.9;20.8;;24.4;20.8;;;;;;1.0;18.0;9.4
2019/02/26;1400 UTC;1.8;952.9;953.0;952.7;818.1;21.3;;21.3;20.3;;;;;;337.0;14.8;4.9
2019/02/26;1500 UTC;0.6;952.5;953.0;952.5;971.0;21.3;;21.7;21.2;;;;;;324.0;9.0;4.6
2019/02/26;1600 UTC;2.4;952.0;952.6;952.0;439.6;21.1;;21.6;21.1;;;;;;324.0;8.8;5.8
2019/02/26;1700 UTC;4.6;951.5;952.1;951.5;191.2;21.1;;21.2;21.0;;;;;;309.0;10.0;4.2
2019/02/26;1800 UTC;1.4;951.0;951.5;950.9;319.1;21.4;;21.4;21.1;;;;;;335.0;7.4;3.0
2019/02/26;1900 UTC;0.0;950.3;951.0;950.3;552.4;22.0;;22.0;21.4;;;;;;305.0;5.1;1.8
2019/02/26;2000 UTC;0.0;949.6;950.3;949.6;589.4;22.9;;22.9;21.9;;;;;;289.0;3.0;0.9
2019/02/26;2100 UTC;0.0;949.8;949.8;949.6;265.7;22.5;;23.0;22.5;;;;;;301.0;2.7;1.1
2019/02/26;2200 UTC;0.0;950.0;950.1;949.8;58.4;22.1;;22.5;22.1;;;;;;100.0;2.1;1.1
2019/02/26;2300 UTC;0.0;950.9;950.9;949.9;;22.0;;22.2;21.9;;;;;;227.0;3.0;0.6
2019/02/27;0000 UTC;0.0;951.7;951.7;950.9;;22.2;;22.3;22.0;;;;;;348.0;1.3;1.0
2019/02/27;0100 UTC;0.0;951.9;951.9;951.7;;21.7;;22.3;21.7;;;;;;43.0;1.8;0.7
2019/02/27;0200 UTC;0.0;952.4;952.4;951.9;;21.3;;21.7;21.3;;;;;;349.0;2.6;1.8
2019/02/27;0300 UTC;0.2;952.0;952.5;952.0;;21.8;;21.9;21.3;;;;;;352.0;4.1;2.1
2019/02/27;0400 UTC;0.0;951.5;952.0;951.5;;21.6;;21.8;21.5;;;;;;355.0;4.5;3.3
2019/02/27;0500 UTC;0.0;951.1;951.5;951.1;;21.5;;21.6;21.5;;;;;;359.0;4.8;3.0
2019/02/27;0600 UTC;0.0;950.6;951.2;950.6;;21.4;;21.5;21.4;;;;;;353.0;5.2;3.5
2019/02/27;0700 UTC;0.0;950.2;950.6;950.2;;21.3;;21.4;21.3;;;;;;351.0;5.8;3.4
2019/02/27;0800 UTC;0.2;949.9;950.2;949.9;;21.3;;21.4;21.3;;;;;;1.0;4.9;3.0
2019/02/27;0900 UTC;0.0;950.3;950.3;949.9;;21.2;;21.4;21.2;;;;;;355.0;6.2;4.1
2019/02/27;1000 UTC;0.2;950.6;950.6;950.3;8.8;21.3;;21.3;21.2;;;;;;350.0;6.2;3.6
2019/02/27;1100 UTC;0.0;951.3;951.3;950.6;169.0;21.7;;21.7;21.3;;;;;;336.0;6.0;3.9
2019/02/27;1200 UTC;0.0;951.7;951.7;951.3;428.4;22.0;;22.2;21.6;;;;;;329.0;6.0;3.1
2019/02/27;1300 UTC;0.0;952.2;952.2;951.7;1092.1;23.6;;23.6;22.0;;;;;;313.0;5.0;2.0
2019/02/27;1400 UTC;0.0;952.3;952.3;952.1;1414.1;24.5;;24.6;23.4;;;;;;343.0;5.8;4.1
2019/02/27;1500 UTC;0.0;952.2;952.4;952.1;1581.6;25.3;;25.5;24.4;;;;;;343.0;6.1;4.0
2019/02/27;1600 UTC;0.0;951.4;952.2;951.4;2048.3;26.1;;26.7;25.1;;;;;;337.0;7.7;4.5
2019/02/27;1700 UTC;0.0;950.2;951.4;950.2;2772.6;27.5;;27.7;25.3;;;;;;342.0;7.9;4.3
2019/02/27;1800 UTC;0.0;949.0;950.2;949.0;3157.2;28.3;;29.0;26.6;;;;;;332.0;7.9;3.7
2019/02/27;1900 UTC;0.0;948.4;949.0;948.4;2613.3;28.8;;29.5;27.7;;;;;;339.0;9.1;2.7
2019/02/27;2000 UTC;0.0;948.5;948.6;948.1;984.3;23.5;;29.3;23.3;;;;;;213.0;9.6;5.3
2019/02/27;2100 UTC;0.8;948.6;948.8;948.4;210.6;22.9;;23.6;22.7;;;;;;204.0;9.6;3.0
2019/02/27;2200 UTC;1.0;950.2;950.2;948.5;27.9;22.5;;23.0;22.5;;;;;;282.0;5.9;2.4
2019/02/27;2300 UTC;7.6;950.1;950.3;950.0;;22.4;;22.5;22.1;;;;;;135.0;5.7;0.9
2019/02/28;0000 UTC;0.8;951.2;951.2;950.1;;22.6;;22.7;22.4;;;;;;203.0;4.0;2.0
2019/02/28;0100 UTC;0.8;952.1;952.1;951.2;;22.4;;22.6;22.4;;;;;;214.0;2.9;0.8
2019/02/28;0200 UTC;3.2;952.3;952.3;952.1;;22.1;;22.4;22.0;;;;;;164.0;2.8;1.0
2019/02/28;0300 UTC;0.0;952.2;952.4;952.2;;22.2;;22.2;22.1;;;;;;43.0;1.7;0.8
2019/02/28;0400 UTC;0.0;951.7;952.2;951.7;;22.1;;22.2;22.1;;;;;;41.0;1.5;0.8
2019/02/28;0500 UTC;0.0;951.3;951.7;951.3;;22.1;;22.1;22.0;;;;;;47.0;1.4;0.5
2019/02/28;0600 UTC;3.6;951.0;951.3;951.0;;21.8;;22.2;21.8;;;;;;45.0;4.4;2.5
2019/02/28;0700 UTC;0.4;950.9;951.1;950.8;;21.9;;22.0;21.8;;;;;;10.0;4.4;0.8
2019/02/28;0800 UTC;0.0;950.8;950.9;950.7;;21.9;;21.9;21.8;;;;;;79.0;1.5;0.5
2019/02/28;0900 UTC;0.4;951.1;951.1;950.8;;22.1;;22.1;21.9;;;;;;323.0;1.6;0.7
2019/02/28;1000 UTC;1.6;951.5;951.5;951.1;9.5;21.9;;22.1;21.9;;;;;;298.0;4.0;2.0
2019/02/28;1100 UTC;0.0;952.1;952.1;951.5;285.9;22.5;;22.5;21.9;;;;;;302.0;3.9;2.0
2019/02/28;1200 UTC;0.0;952.7;952.7;952.2;1043.9;23.9;;24.0;22.5;;;;;;320.0;4.0;1.2
2019/02/28;1300 UTC;0.0;952.8;953.0;952.7;1854.5;25.4;;25.6;23.7;;;;;;310.0;3.8;2.0
2019/02/28;1400 UTC;0.8;953.1;953.1;952.8;881.2;24.0;;25.5;23.1;;;;;;308.0;5.5;1.0
2019/02/28;1500 UTC;0.0;952.6;953.1;952.6;2007.7;24.8;;26.0;24.0;;;;;;281.0;5.0;2.1
2019/02/28;1600 UTC;0.0;951.8;952.6;951.8;1514.0;24.2;;26.7;24.2;;;;;;239.0;6.4;3.5
2019/02/28;1700 UTC;0.0;950.6;951.8;950.6;2533.5;26.4;;28.0;24.2;;;;;;325.0;6.8;3.9
2019/02/28;1800 UTC;0.0;949.8;950.6;949.8;1617.6;26.6;;26.9;26.1;;;;;;327.0;8.7;4.0
2019/02/28;1900 UTC;0.0;949.4;949.9;949.4;1540.7;26.5;;27.6;26.4;;;;;;344.0;6.8;3.7
2019/02/28;2000 UTC;0.0;949.4;949.5;949.4;470.6;23.3;;26.5;23.3;;;;;;237.0;6.5;3.4
2019/02/28;2100 UTC;0.2;949.8;949.8;949.4;425.0;23.0;;23.4;23.0;;;;;;258.0;5.3;1.7
2019/02/28;2200 UTC;1.2;950.4;950.4;949.8;128.4;22.4;;23.0;22.3;;;;;;237.0;4.8;2.2
2019/02/28;2300 UTC;0.6;950.8;950.9;950.4;2.2;21.8;;22.4;21.8;;;;;;173.0;4.4;2.1
2019/03/01;0000 UTC;0.2;951.2;951.2;950.8;;22.1;;22.1;21.8;;;;;;151.0;4.9;2.7
2019/03/01;0100 UTC;0.0;951.7;951.7;951.2;;22.3;;22.5;22.1;;;;;;107.0;5.4;2.4
2019/03/01;0200 UTC;0.0;951.8;951.9;951.6;;22.0;;22.4;22.0;;;;;;143.0;4.4;2.7
2019/03/01;0300 UTC;0.0;951.8;951.8;951.6;;22.0;;22.1;21.9;;;;;;125.0;4.2;1.1
2019/03/01;0400 UTC;0.0;951.5;951.8;951.5;;21.8;;22.0;21.7;;;;;;119.0;2.7;0.2
2019/03/01;0500 UTC;0.0;951.0;951.6;951.0;;21.7;;21.8;21.7;;;;;;351.0;1.7;1.0
2019/03/01;0600 UTC;0.0;950.5;951.0;950.5;0.1;21.6;;21.7;21.6;;;;;;347.0;2.6;1.6
2019/03/01;0700 UTC;0.0;950.1;950.5;950.1;0.5;21.6;;21.7;21.5;;;;;;343.0;2.9;1.6
2019/03/01;0800 UTC;0.0;950.2;950.3;950.1;0.1;21.5;;21.6;21.4;;;;;;360.0;3.3;1.8
2019/03/01;0900 UTC;0.0;950.7;950.7;950.2;0.1;21.6;;21.6;21.5;;;;;;357.0;3.0;2.1
2019/03/01;1000 UTC;0.0;951.3;951.3;950.7;10.9;21.7;;21.7;21.6;;;;;;344.0;4.0;2.0
2019/03/01;1100 UTC;0.0;951.9;951.9;951.3;217.9;22.1;;22.2;21.7;;;;;;345.0;4.4;2.4
2019/03/01;1200 UTC;0.0;952.5;952.5;951.9;646.0;23.1;;23.2;22.1;;;;;;343.0;5.5;3.1
2019/03/01;1300 UTC;0.2;952.9;952.9;952.5;1319.3;24.8;;24.8;22.9;;;;;;347.0;5.7;3.1
2019/03/01;1400 UTC;0.2;952.7;952.9;952.7;1737.4;25.5;;25.7;24.0;;;;;;324.0;7.1;3.2
2019/03/01;1500 UTC;0.0;952.5;952.8;952.5;2752.4;26.7;;27.5;25.2;;;;;;354.0;8.6;4.6
2019/03/01;1600 UTC;0.2;952.1;952.5;952.0;2509.7;24.5;;28.5;24.4;;;;;;318.0;8.3;4.6
2019/03/01;1700 UTC;0.0;950.8;952.1;950.8;2299.3;26.7;;28.1;24.5;;;;;;353.0;8.3;2.5
2019/03/01;1800 UTC;0.2;950.0;950.8;949.9;2664.9;24.0;;29.4;24.0;;;;;;335.0;10.7;6.3
2019/03/01;1900 UTC;0.8;949.4;950.1;949.4;569.7;24.8;;24.9;23.8;;;;;;305.0;10.7;0.5
2019/03/01;2000 UTC;0.0;949.3;949.7;949.1;620.1;24.5;;25.3;24.3;;;;;;236.0;5.6;1.9
2019/03/01;2100 UTC;0.0;949.6;949.8;949.3;290.9;23.2;;24.6;23.2;;;;;;323.0;6.6;2.6
2019/03/01;2200 UTC;0.0;949.8;950.1;949.6;211.1;23.5;;23.6;23.2;;;;;;259.0;6.2;0.7
2019/03/01;2300 UTC;0.0;950.5;950.5;949.8;;22.6;;23.5;22.5;;;;;;71.0;2.1;1.1
2019/03/02;0000 UTC;0.0;951.0;951.1;950.4;;23.0;;23.3;22.6;;;;;;166.0;4.1;1.1
2019/03/02;0100 UTC;0.0;951.7;951.7;951.0;;22.6;;23.0;22.5;;;;;;56.0;2.3;1.8
2019/03/02;0200 UTC;0.0;951.9;952.0;951.6;;22.7;;22.7;22.4;;;;;;5.0;2.3;1.3
2019/03/02;0300 UTC;0.0;952.0;952.2;951.9;;22.2;;22.7;22.2;;;;;;51.0;1.9;0.3
2019/03/02;0400 UTC;0.0;951.4;952.0;951.4;;21.8;;22.2;21.6;;;;;;287.0;1.8;0.9
2019/03/02;0500 UTC;0.0;951.0;951.4;951.0;;21.7;;22.1;21.6;;;;;;178.0;1.3;0.6
2019/03/02;0600 UTC;0.0;950.8;951.0;950.8;;21.6;;21.7;21.3;;;;;;358.0;1.0;0.6
2019/03/02;0700 UTC;0.0;950.8;950.8;950.6;;21.5;;21.7;21.2;;;;;;336.0;1.4;0.5
2019/03/02;0800 UTC;0.0;951.2;951.2;950.8;;21.7;;21.9;21.4;;;;;;20.0;1.9;1.2
2019/03/02;0900 UTC;0.0;951.5;951.5;951.2;0.4;22.4;;22.5;21.7;;;;;;340.0;3.3;1.7
2019/03/02;1000 UTC;0.0;952.0;952.0;951.5;13.2;22.5;;22.5;22.4;;;;;;356.0;3.2;1.8
2019/03/02;1100 UTC;0.0;953.0;953.0;952.0;215.2;22.7;;22.8;22.5;;;;;;4.0;3.2;2.2
2019/03/02;1200 UTC;0.0;953.7;953.7;953.0;641.9;23.5;;23.5;22.7;;;;;;322.0;3.5;2.1
2019/03/02;1300 UTC;0.0;954.0;954.1;953.7;1196.5;25.4;;25.4;23.5;;;;;;310.0;4.6;1.9
2019/03/02;1400 UTC;0.0;954.1;954.1;953.9;2539.8;27.3;;27.3;25.0;;;;;;304.0;5.2;3.0
2019/03/02;1500 UTC;0.6;953.8;954.1;953.7;2259.5;24.5;;28.9;24.5;;;;;;255.0;6.6;3.2
2019/03/02;1600 UTC;0.4;952.5;953.8;952.5;1418.5;27.5;;27.7;23.9;;;;;;331.0;6.6;1.7
2019/03/02;1700 UTC;0.0;951.1;952.5;951.1;2504.7;28.6;;28.6;26.6;;;;;;307.0;5.9;2.3
2019/03/02;1800 UTC;0.0;950.8;951.1;950.6;1290.6;27.4;;28.7;27.0;;;;;;292.0;4.6;2.1
2019/03/02;1900 UTC;0.0;949.6;950.8;949.6;886.3;26.6;;27.5;26.6;;;;;;303.0;6.4;3.5
2019/03/02;2000 UTC;3.2;950.4;950.7;949.5;374.1;22.1;;26.7;20.4;;;;;;146.0;9.8;3.6
2019/03/02;2100 UTC;0.0;950.7;951.0;949.9;311.3;23.2;;23.8;22.1;;;;;;164.0;7.9;4.0
2019/03/02;2200 UTC;0.0;950.6;950.7;949.9;109.5;22.6;;23.5;22.6;;;;;;182.0;6.9;3.1
2019/03/02;2300 UTC;0.0;950.7;950.7;950.2;;21.8;;22.6;21.8;;;;;;64.0;4.9;1.6
2019/03/03;0000 UTC;0.0;952.0;952.0;950.7;;22.6;;22.6;21.8;;;;;;94.0;3.7;2.3
2019/03/03;0100 UTC;0.0;953.5;953.6;952.0;;22.3;;23.0;22.2;;;;;;83.0;9.1;4.7
2019/03/03;0200 UTC;;;;;;;;;;;;;;;;;
2019/03/03;0300 UTC;;;;;;;;;;;;;;;;;
2019/03/03;0400 UTC;0.0;952.6;953.1;952.6;;20.9;;21.1;20.7;;;;;;261.0;2.5;1.2
2019/03/03;0500 UTC;0.0;951.9;952.6;951.9;;20.3;;21.0;20.3;;;;;;335.0;2.2;0.8
2019/03/03;0600 UTC;0.0;951.4;951.9;951.4;;19.8;;20.3;19.5;;;;;;162.0;1.5;0.7
2019/03/03;0700 UTC;0.0;950.8;951.4;950.8;;19.7;;19.8;19.4;;;;;;201.0;1.2;0.7
2019/03/03;0800 UTC;0.0;950.8;950.8;950.6;;18.8;;19.7;18.8;;;;;;164.0;1.6;1.0
2019/03/03;0900 UTC;0.0;951.0;951.0;950.8;;19.1;;19.1;18.5;;;;;;183.0;2.2;0.5
2019/03/03;1000 UTC;0.0;951.4;951.4;951.0;36.4;18.4;;19.0;18.2;;;;;;166.0;2.5;1.8
2019/03/03;1100 UTC;0.0;952.1;952.1;951.4;568.6;21.4;;21.4;18.4;;;;;;159.0;3.0;1.3
2019/03/03;1200 UTC;0.0;952.5;952.5;952.1;1499.7;25.7;;25.7;21.4;;;;;;284.0;2.2;0.6
2019/03/03;1300 UTC;0.0;952.9;952.9;952.5;2184.0;26.0;;26.7;25.5;;;;;;298.0;3.2;1.7
2019/03/03;1400 UTC;0.0;952.9;953.0;952.9;2930.4;28.1;;28.1;26.0;;;;;;305.0;3.7;1.7
2019/03/03;1500 UTC;0.0;952.5;952.9;952.5;3601.6;29.5;;30.1;27.7;;;;;;276.0;5.0;2.7
2019/03/03;1600 UTC;0.0;952.0;952.5;952.0;1442.3;28.8;;29.7;28.2;;;;;;320.0;5.9;0.9
2019/03/03;1700 UTC;0.0;950.9;952.0;950.9;1604.6;28.8;;30.4;28.5;;;;;;289.0;4.5;1.9
2019/03/03;1800 UTC;0.0;950.0;950.9;950.0;2048.0;28.0;;30.8;26.9;;;;;;188.0;8.8;3.5
2019/03/03;1900 UTC;0.0;948.7;950.1;948.7;2261.9;29.6;;29.8;25.4;;;;;;153.0;6.6;3.5
2019/03/03;2000 UTC;0.0;948.3;948.7;948.2;2057.9;30.7;;31.1;29.6;;;;;;154.0;6.1;1.6
2019/03/03;2100 UTC;0.0;947.9;948.3;947.9;548.1;29.2;;30.8;28.7;;;;;;24.0;2.8;0.4
2019/03/03;2200 UTC;0.0;948.3;948.3;947.9;137.3;27.0;;29.2;27.0;;;;;;296.0;2.4;1.9
2019/03/03;2300 UTC;0.0;949.1;949.1;948.3;;25.5;;27.0;25.3;;;;;;166.0;2.9;0.4
2019/03/04;0000 UTC;0.0;949.9;949.9;949.1;;25.1;;25.6;24.6;;;;;;14.0;2.5;1.3
2019/03/04;0100 UTC;0.0;950.8;950.8;949.9;;23.7;;25.5;23.7;;;;;;59.0;4.3;1.5
2019/03/04;0200 UTC;0.0;950.9;950.9;950.6;;23.8;;23.9;23.4;;;;;;293.0;4.3;0.2
2019/03/04;0300 UTC;0.0;950.6;950.9;950.6;;23.0;;23.9;22.9;;;;;;121.0;1.6;1.1
2019/03/04;0400 UTC;0.0;950.1;950.6;950.1;;22.0;;23.0;21.9;;;;;;166.0;2.5;1.8
2019/03/04;0500 UTC;0.0;949.7;950.1;949.7;;21.7;;22.3;21.7;;;;;;158.0;2.3;1.2
2019/03/04;0600 UTC;0.0;949.4;949.8;949.4;;22.1;;22.1;21.7;;;;;;48.0;2.4;1.4
2019/03/04;0700 UTC;0.0;949.0;949.4;949.0;;21.6;;22.7;21.6;;;;;;285.0;2.3;0.2
2019/03/04;0800 UTC;0.0;949.2;949.2;949.0;;20.5;;21.6;20.4;;;;;;177.0;2.2;1.6
2019/03/04;0900 UTC;0.0;949.7;949.7;949.2;;20.6;;20.7;20.4;;;;;;212.0;1.9;0.6
2019/03/04;1000 UTC;0.0;950.2;950.2;949.6;30.8;21.0;;21.0;20.4;;;;;;145.0;1.3;0.6
2019/03/04;1100 UTC;0.0;951.2;951.2;950.2;527.5;24.1;;24.1;21.0;;;;;;128.0;1.6;0.8
2019/03/04;1200 UTC;0.0;951.6;951.6;951.2;1466.9;25.5;;25.6;24.1;;;;;;31.0;4.2;2.4
2019/03/04;1300 UTC;0.0;952.0;952.0;951.6;2350.5;27.1;;27.2;25.1;;;;;;351.0;6.0;3.7
2019/03/04;1400 UTC;0.0;951.8;952.0;951.8;2932.7;27.8;;28.4;26.8;;;;;;348.0;7.5;3.4
2019/03/04;1500 UTC;0.0;951.8;951.9;951.7;2654.5;29.8;;29.9;27.3;;;;;;4.0;8.0;4.8
2019/03/04;1600 UTC;0.0;951.2;951.8;951.2;3601.8;29.9;;30.5;28.9;;;;;;351.0;9.4;5.3
2019/03/04;1700 UTC;0.0;950.2;951.2;950.2;2800.2;29.9;;31.4;29.3;;;;;;341.0;10.4;4.2
2019/03/04;1800 UTC;0.0;949.4;950.2;949.4;2601.7;31.0;;31.3;29.4;;;;;;339.0;7.7;4.0
2019/03/04;1900 UTC;0.0;948.6;949.4;948.6;2277.9;30.3;;32.0;30.2;;;;;;330.0;7.7;4.2
2019/03/04;2000 UTC;0.0;948.1;948.6;948.1;1984.7;31.1;;31.7;30.2;;;;;;334.0;7.7;4.5
2019/03/04;2100 UTC;0.0;948.3;948.3;947.9;1041.1;29.5;;31.2;29.3;;;;;;327.0;7.4;3.3
2019/03/04;2200 UTC;0.0;948.8;948.8;948.3;243.7;27.7;;29.6;27.7;;;;;;7.0;5.8;1.3
2019/03/04;2300 UTC;0.0;949.5;949.5;948.8;;26.4;;27.7;25.9;;;;;;61.0;2.0;1.0
2019/03/05;0000 UTC;0.0;950.1;950.1;949.5;;25.2;;26.4;25.1;;;;;;100.0;2.1;0.8
2019/03/05;0100 UTC;0.0;951.6;951.6;950.1;;24.1;;25.5;24.1;;;;;;145.0;1.7;1.1
2019/03/05;0200 UTC;0.0;952.1;952.3;951.6;;24.2;;24.4;23.5;;;;;;121.0;2.7;1.1
2019/03/05;0300 UTC;0.0;952.2;952.4;952.0;;24.2;;25.1;23.6;;;;;;81.0;6.2;2.6
2019/03/05;0400 UTC;0.0;953.1;953.2;952.1;;23.2;;24.2;23.2;;;;;;6.0;9.8;5.7
2019/03/05;0500 UTC;0.0;953.3;953.3;952.8;;21.8;;23.2;21.6;;;;;;328.0;8.5;2.8
2019/03/05;0600 UTC;0.0;953.2;953.4;953.2;;21.8;;21.9;21.6;;;;;;321.0;5.1;2.2
2019/03/05;0700 UTC;5.2;952.9;953.2;952.6;;21.3;;21.8;21.3;;;;;;336.0;7.8;5.0
2019/03/05;0800 UTC;0.2;952.8;952.9;952.6;;20.2;;21.3;20.2;;;;;;360.0;7.8;0.6
2019/03/05;0900 UTC;0.0;952.5;952.9;952.3;;19.8;;20.2;19.8;;;;;;22.0;1.8;0.8
2019/03/05;1000 UTC;0.0;953.4;953.4;952.5;46.6;20.6;;20.6;19.7;;;;;;2.0;2.8;1.6
2019/03/05;1100 UTC;0.0;953.8;953.8;953.4;794.1;22.8;;22.8;20.7;;;;;;354.0;5.0;3.3
2019/03/05;1200 UTC;0.0;954.0;954.0;953.7;1381.5;24.6;;24.6;22.7;;;;;;343.0;6.3;4.0
2019/03/05;1300 UTC;0.0;954.1;954.2;953.9;2374.5;26.3;;26.4;24.7;;;;;;342.0;8.0;5.2
2019/03/05;1400 UTC;0.0;954.1;954.2;954.1;3059.0;27.9;;28.5;26.3;;;;;;323.0;8.7;5.0
2019/03/05;1500 UTC;0.0;954.2;954.2;954.0;2623.0;28.1;;28.8;26.5;;;;;;328.0;8.4;4.6
2019/03/05;1600 UTC;0.0;953.5;954.2;953.5;3074.6;29.0;;29.7;27.7;;;;;;351.0;8.4;4.2
2019/03/05;1700 UTC;0.0;952.5;953.5;952.5;3744.3;29.9;;30.5;29.0;;;;;;300.0;7.5;3.1
2019/03/05;1800 UTC;0.0;951.0;952.5;951.0;1997.4;28.5;;30.8;28.5;;;;;;285.0;6.2;2.3
2019/03/05;1900 UTC;0.0;951.0;951.1;951.0;520.8;27.6;;28.5;27.6;;;;;;217.0;4.7;3.2
2019/03/05;2000 UTC;0.0;950.4;951.0;950.2;1156.0;29.5;;29.5;27.6;;;;;;224.0;6.0;3.2
2019/03/05;2100 UTC;0.0;950.5;950.8;950.4;1138.8;28.8;;29.7;28.8;;;;;;204.0;5.4;2.8
2019/03/05;2200 UTC;0.0;951.0;951.0;950.4;296.8;27.5;;29.1;27.5;;;;;;65.0;4.7;1.1
2019/03/05;2300 UTC;0.0;952.1;952.2;950.9;;22.7;;27.5;22.7;;;;;;40.0;12.9;5.1
2019/03/06;0000 UTC;0.0;952.0;952.1;951.3;;22.3;;22.7;21.8;;;;;;182.0;9.2;1.7
2019/03/06;0100 UTC;0.0;953.6;953.6;952.0;;22.5;;22.5;21.6;;;;;;209.0;3.6;0.6
2019/03/06;0200 UTC;0.0;954.4;954.4;953.6;;22.0;;22.8;21.9;;;;;;50.0;2.1;0.5
2019/03/06;0300 UTC;0.0;954.5;954.6;954.4;;22.1;;22.7;21.8;;;;;;173.0;2.7;1.8
2019/03/06;0400 UTC;0.0;953.7;954.5;953.7;;21.8;;22.3;21.8;;;;;;173.0;2.7;1.4
2019/03/06;0500 UTC;0.0;953.5;953.7;953.5;;21.8;;22.0;21.6;;;;;;145.0;1.7;0.6
2019/03/06;0600 UTC;0.0;952.7;953.5;952.7;;21.7;;21.8;21.5;;;;;;200.0;1.3;1.0
2019/03/06;0700 UTC;0.0;952.3;952.7;952.3;;21.1;;21.9;20.9;;;;;;135.0;1.8;1.2
2019/03/06;0800 UTC;0.0;952.0;952.5;952.0;;20.8;;21.1;20.7;;;;;;140.0;1.9;0.8
2019/03/06;0900 UTC;0.0;952.6;952.6;952.0;;21.2;;21.2;20.7;;;;;;357.0;2.2;1.7
2019/03/06;1000 UTC;0.0;953.1;953.1;952.6;29.9;21.5;;21.6;21.0;;;;;;19.0;3.0;1.3
2019/03/06;1100 UTC;0.0;953.8;953.8;953.1;503.8;23.7;;23.7;21.5;;;;;;1.0;5.0;3.2
2019/03/06;1200 UTC;0.0;954.6;954.6;953.8;1565.9;26.0;;26.0;23.6;;;;;;343.0;7.7;5.1
2019/03/06;1300 UTC;0.0;955.2;955.2;954.6;2116.9;27.4;;27.5;25.6;;;;;;336.0;8.8;4.6
2019/03/06;1400 UTC;0.0;955.2;955.5;955.1;2436.4;27.7;;28.8;26.8;;;;;;335.0;8.0;4.5
2019/03/06;1500 UTC;0.0;954.8;955.3;954.8;2096.1;27.4;;29.2;27.3;;;;;;324.0;8.0;4.2
2019/03/06;1600 UTC;0.0;953.8;954.8;953.8;2841.9;29.6;;29.9;27.3;;;;;;326.0;9.3;4.5
2019/03/06;1700 UTC;0.0;952.5;953.8;952.5;3058.6;30.1;;31.0;29.0;;;;;;317.0;9.2;4.8
2019/03/06;1800 UTC;0.0;951.3;952.5;951.3;2955.8;30.4;;31.2;29.9;;;;;;360.0;7.8;4.8
2019/03/06;1900 UTC;0.0;949.8;951.3;949.8;1536.2;29.9;;31.2;29.7;;;;;;329.0;7.9;4.1
2019/03/06;2000 UTC;0.0;949.6;949.8;949.6;966.8;29.5;;29.9;29.2;;;;;;301.0;6.6;2.4
2019/03/06;2100 UTC;0.0;949.5;949.7;949.4;605.1;28.8;;29.5;28.8;;;;;;318.0;4.1;1.3
2019/03/06;2200 UTC;0.0;950.3;950.3;949.5;183.0;27.1;;28.8;27.1;;;;;;26.0;2.4;1.4
2019/03/06;2300 UTC;0.0;950.4;950.4;950.2;;26.1;;27.1;25.8;;;;;;352.0;2.8;2.0
2019/03/07;0000 UTC;0.0;951.4;951.4;950.4;;25.1;;26.5;25.0;;;;;;25.0;2.8;1.0
2019/03/07;0100 UTC;0.0;952.1;952.1;951.4;;24.7;;25.3;24.7;;;;;;93.0;2.0;1.0
2019/03/07;0200 UTC;0.0;952.5;952.6;952.1;;24.1;;24.7;24.0;;;;;;145.0;2.2;1.2
2019/03/07;0300 UTC;0.0;952.9;952.9;952.5;;22.9;;24.1;22.9;;;;;;171.0;2.9;1.9
2019/03/07;0400 UTC;0.0;953.2;953.3;952.9;;23.5;;23.7;22.8;;;;;;94.0;5.1;2.9
2019/03/07;0500 UTC;11.2;952.9;953.5;952.9;;21.5;;23.5;20.5;;;;;;124.0;11.4;1.7
2019/03/07;0600 UTC;0.2;952.4;952.9;952.3;;22.3;;22.7;21.5;;;;;;11.0;10.3;5.4
2019/03/07;0700 UTC;0.0;952.8;952.8;952.1;;21.1;;22.3;21.1;;;;;;317.0;10.3;2.9
2019/03/07;0800 UTC;0.0;952.8;953.0;952.6;;20.8;;21.1;20.8;;;;;;306.0;6.2;3.8
2019/03/07;0900 UTC;0.0;952.8;952.9;952.7;;20.5;;20.8;20.4;;;;;;318.0;6.2;1.3
2019/03/07;1000 UTC;0.0;953.1;953.1;952.8;31.2;20.5;;20.5;20.1;;;;;;36.0;2.1;0.8
2019/03/07;1100 UTC;0.2;954.0;954.0;953.1;521.8;22.5;;22.7;20.5;;;;;;22.0;2.0;1.2
2019/03/07;1200 UTC;0.0;954.5;954.5;954.0;1353.3;24.3;;24.5;22.5;;;;;;347.0;4.2;2.8
2019/03/07;1300 UTC;0.0;954.9;955.0;954.5;2329.6;26.0;;26.2;24.3;;;;;;354.0;6.8;4.0
2019/03/07;1400 UTC;0.0;954.8;954.9;954.7;3119.9;27.2;;27.8;26.0;;;;;;360.0;8.1;4.8
2019/03/07;1500 UTC;0.0;954.4;954.8;954.4;2893.6;28.3;;28.8;27.0;;;;;;332.0;8.5;3.8
2019/03/07;1600 UTC;0.0;953.7;954.4;953.7;2741.7;29.2;;29.9;27.9;;;;;;342.0;7.6;4.7
2019/03/07;1700 UTC;0.0;952.5;953.7;952.5;2731.5;29.9;;30.1;28.6;;;;;;314.0;7.6;4.6
2019/03/07;1800 UTC;2.8;951.6;952.6;951.6;1019.8;24.5;;30.2;23.3;;;;;;246.0;8.2;2.0
2019/03/07;1900 UTC;0.0;950.6;951.6;950.6;634.6;26.3;;26.5;24.5;;;;;;30.0;5.2;1.8
2019/03/07;2000 UTC;0.0;949.7;950.6;949.7;813.9;27.8;;27.8;26.1;;;;;;331.0;5.9;3.2
2019/03/07;2100 UTC;0.0;950.1;950.1;949.5;430.9;27.1;;27.8;26.9;;;;;;342.0;5.9;2.1
2019/03/07;2200 UTC;0.0;950.3;950.4;950.1;95.1;25.7;;27.1;25.7;;;;;;349.0;3.8;1.0
2019/03/07;2300 UTC;0.0;951.1;951.1;950.3;;25.1;;25.7;25.0;;;;;;46.0;2.0;0.9
2019/03/08;0000 UTC;0.0;951.6;951.6;951.1;;24.4;;25.2;24.3;;;;;;65.0;2.3;0.8
2019/03/08;0100 UTC;0.0;952.8;952.8;951.6;;24.2;;24.4;24.0;;;;;;36.0;3.0;1.4
2019/03/08;0200 UTC;0.0;953.3;953.3;952.8;;23.7;;24.9;23.7;;;;;;21.0;8.5;1.5
2019/03/08;0300 UTC;0.0;952.6;953.3;952.6;;23.2;;24.1;23.2;;;;;;12.0;4.9;3.7
2019/03/08;0400 UTC;0.0;952.8;952.9;952.6;;22.9;;23.2;22.7;;;;;;313.0;4.8;1.8
2019/03/08;0500 UTC;0.0;952.7;952.8;952.6;;22.8;;23.3;22.7;;;;;;322.0;4.5;1.6
2019/03/08;0600 UTC;0.0;952.5;952.7;952.5;;21.9;;22.7;21.7;;;;;;352.0;2.6;1.8
2019/03/08;0700 UTC;0.0;952.3;952.5;952.3;;22.1;;22.4;21.9;;;;;;358.0;4.9;3.6
2019/03/08;0800 UTC;0.0;952.2;952.3;952.0;;21.7;;22.1;21.6;;;;;;10.0;4.7;2.7
2019/03/08;0900 UTC;0.0;952.4;952.5;952.2;;21.0;;21.7;21.0;;;;;;5.0;3.5;2.5
2019/03/08;1000 UTC;0.0;952.8;952.8;952.4;26.4;21.8;;21.8;20.8;;;;;;339.0;3.6;2.4
2019/03/08;1100 UTC;0.0;953.6;953.6;952.8;460.8;23.2;;23.2;21.8;;;;;;333.0;4.5;3.0
2019/03/08;1200 UTC;0.0;953.9;953.9;953.6;1546.9;24.7;;24.9;23.2;;;;;;341.0;7.0;4.3
2019/03/08;1300 UTC;0.0;953.9;953.9;953.7;2307.3;26.6;;26.9;24.7;;;;;;346.0;9.4;6.5
2019/03/08;1400 UTC;0.0;953.7;954.1;953.7;3000.8;28.4;;28.5;26.5;;;;;;337.0;9.8;4.6
2019/03/08;1500 UTC;0.0;953.4;953.7;953.4;3249.6;28.7;;29.6;27.8;;;;;;325.0;8.3;4.3
2019/03/08;1600 UTC;0.0;953.0;953.6;953.0;3752.8;30.4;;30.5;28.7;;;;;;320.0;9.0;5.3
2019/03/08;1700 UTC;0.0;952.1;953.0;952.1;3440.2;30.7;;31.2;29.7;;;;;;318.0;10.3;4.6
2019/03/08;1800 UTC;0.0;951.2;952.1;951.2;2160.1;30.1;;31.1;26.6;;;;;;32.0;12.0;3.0
2019/03/08;1900 UTC;0.0;950.5;951.2;950.5;2593.7;31.4;;31.5;29.8;;;;;;4.0;7.3;2.9
2019/03/08;2000 UTC;0.0;950.7;950.9;950.4;1390.7;27.7;;31.5;27.6;;;;;;242.0;10.0;3.5
2019/03/08;2100 UTC;0.0;950.8;950.8;950.3;558.1;27.7;;27.9;26.5;;;;;;193.0;5.7;1.6
2019/03/08;2200 UTC;0.0;951.1;951.1;950.6;63.3;24.7;;27.6;24.7;;;;;;119.0;3.5;1.3
2019/03/08;2300 UTC;0.0;951.2;951.3;951.0;;24.5;;24.8;24.3;;;;;;166.0;2.8;1.0
2019/03/09;0000 UTC;0.0;952.2;952.2;951.2;;23.3;;24.5;23.3;;;;;;170.0;3.9;2.7
2019/03/09;0100 UTC;0.0;953.5;953.5;952.2;;23.3;;24.4;23.2;;;;;;27.0;4.5;0.7
2019/03/09;0200 UTC;0.0;954.4;954.4;953.5;;23.3;;24.3;23.2;;;;;;147.0;2.5;1.7
2019/03/09;0300 UTC;0.0;954.0;954.5;954.0;;23.3;;23.8;23.2;;;;;;161.0;2.8;1.9
2019/03/09;0400 UTC;0.0;953.6;954.0;953.6;;23.3;;23.6;23.2;;;;;;70.0;2.3;1.1
2019/03/09;0500 UTC;0.0;953.1;953.6;953.1;;23.7;;23.8;23.2;;;;;;347.0;1.6;0.4
2019/03/09;0600 UTC;0.0;952.7;953.1;952.5;;22.7;;23.7;22.7;;;;;;150.0;1.9;1.0
2019/03/09;0700 UTC;0.0;952.2;952.7;952.2;;22.4;;22.7;22.3;;;;;;146.0;2.2;1.1
2019/03/09;0800 UTC;0.0;952.2;952.2;952.0;;22.6;;22.7;22.3;;;;;;172.0;2.1;1.7
2019/03/09;0900 UTC;0.0;952.2;952.2;952.0;;22.9;;22.9;22.5;;;;;;184.0;2.3;0.5
2019/03/09;1000 UTC;0.0;952.9;952.9;952.2;1.5;22.7;;23.0;22.7;;;;;;163.0;2.2;1.7
2019/03/09;1100 UTC;0.8;954.4;954.4;952.9;43.2;22.9;;23.0;22.7;;;;;;178.0;2.3;1.8
2019/03/09;1200 UTC;3.4;955.5;955.5;954.4;162.8;23.4;;23.4;22.4;;;;;;214.0;3.1;1.4
2019/03/09;1300 UTC;0.8;955.3;955.6;955.3;472.2;23.9;;23.9;23.2;;;;;;333.0;3.5;1.1
2019/03/09;1400 UTC;0.2;954.3;955.3;954.3;1990.6;26.7;;27.1;23.9;;;;;;231.0;2.8;1.3
2019/03/09;1500 UTC;0.0;954.2;954.3;953.9;3586.4;29.7;;29.7;26.7;;;;;;293.0;4.2;2.4
2019/03/09;1600 UTC;0.0;953.8;954.3;953.8;3765.6;30.8;;31.0;29.4;;;;;;293.0;5.8;2.8
2019/03/09;1700 UTC;0.0;952.0;953.8;952.0;3473.2;31.4;;31.7;30.8;;;;;;324.0;5.5;2.1
2019/03/09;1800 UTC;0.0;951.8;952.0;951.8;1864.4;27.1;;31.6;26.7;;;;;;225.0;12.2;5.9
2019/03/09;1900 UTC;0.0;951.0;951.8;950.8;1333.3;27.0;;27.4;26.4;;;;;;226.0;9.8;5.9
2019/03/09;2000 UTC;0.0;951.2;951.2;950.9;1027.9;27.5;;27.6;26.6;;;;;;198.0;11.1;3.7
2019/03/09;2100 UTC;0.0;951.5;951.7;951.1;732.3;27.8;;28.2;27.4;;;;;;193.0;7.9;4.9
2019/03/09;2200 UTC;0.0;952.0;952.0;951.5;190.3;25.5;;27.8;25.5;;;;;;158.0;7.9;2.5
2019/03/09;2300 UTC;0.0;952.2;952.2;951.9;;24.4;;25.5;24.4;;;;;;162.0;4.4;2.6
2019/03/10;0000 UTC;0.0;953.5;953.5;952.2;;24.5;;24.5;24.2;;;;;;199.0;5.5;1.1
2019/03/10;0100 UTC;0.0;954.6;954.6;953.5;;23.6;;24.5;23.6;;;;;;179.0;3.5;1.1
2019/03/10;0200 UTC;0.0;954.6;955.1;954.6;;23.4;;23.8;23.3;;;;;;72.0;2.1;0.7
2019/03/10;0300 UTC;0.0;954.5;955.0;954.5;;22.9;;23.4;22.3;;;;;;347.0;3.1;1.6
2019/03/10;0400 UTC;0.0;953.6;954.5;953.6;;22.5;;23.1;22.5;;;;;;279.0;5.1;0.9
2019/03/10;0500 UTC;0.0;952.9;953.6;952.9;;22.2;;22.5;22.1;;;;;;213.0;3.0;1.9
2019/03/10;0600 UTC;0.0;952.3;952.9;952.2;;21.9;;22.2;21.6;;;;;;197.0;3.0;1.0
2019/03/10;0700 UTC;0.0;952.0;952.3;951.9;;21.6;;21.9;21.3;;;;;;195.0;1.9;1.4
2019/03/10;0800 UTC;0.0;952.7;952.7;952.0;;21.3;;21.6;21.3;;;;;;218.0;3.3;0.9
2019/03/10;0900 UTC;0.0;953.3;953.3;952.8;;21.1;;21.4;21.1;;;;;;186.0;2.6;1.8
2019/03/10;1000 UTC;0.0;953.9;953.9;953.3;11.8;21.3;;21.3;21.0;;;;;;173.0;2.9;1.4
2019/03/10;1100 UTC;0.0;954.4;954.5;953.9;156.0;22.0;;22.0;21.2;;;;;;147.0;2.5;1.7
2019/03/10;1200 UTC;0.0;955.1;955.1;954.4;563.7;23.5;;23.5;22.0;;;;;;159.0;2.4;1.3
2019/03/10;1300 UTC;0.0;955.1;955.1;954.9;1347.7;25.2;;25.2;23.5;;;;;;186.0;2.9;1.6
2019/03/10;1400 UTC;0.0;955.4;955.4;955.1;2263.5;27.1;;27.2;25.1;;;;;;62.0;3.4;1.9
2019/03/10;1500 UTC;0.0;954.7;955.4;954.7;3088.8;27.7;;28.7;26.8;;;;;;30.0;4.6;2.2
2019/03/10;1600 UTC;0.0;953.6;954.7;953.6;3076.0;29.7;;30.0;27.7;;;;;;325.0;5.6;2.1
2019/03/10;1700 UTC;0.0;952.3;953.6;952.3;3761.1;30.4;;30.7;28.8;;;;;;152.0;5.0;1.6
2019/03/10;1800 UTC;0.0;951.5;952.3;951.5;3661.8;31.8;;32.2;30.4;;;;;;306.0;5.1;2.7
2019/03/10;1900 UTC;0.0;950.3;951.5;950.3;2608.1;28.6;;32.5;26.0;;;;;;133.0;9.3;3.6
2019/03/10;2000 UTC;0.0;949.7;950.3;949.7;2207.8;30.0;;31.1;28.5;;;;;;62.0;6.0;1.9
2019/03/10;2100 UTC;0.0;949.8;950.2;949.6;517.7;25.6;;30.3;25.3;;;;;;212.0;10.1;5.7
2019/03/10;2200 UTC;0.0;950.9;950.9;949.8;181.6;24.9;;26.7;24.6;;;;;;229.0;9.3;2.5
2019/03/10;2300 UTC;0.0;951.2;951.2;950.8;;23.8;;25.0;23.3;;;;;;179.0;4.7;2.5
2019/03/11;0000 UTC;0.0;951.9;951.9;951.2;;23.7;;23.8;23.4;;;;;;184.0;3.5;2.3
2019/03/11;0100 UTC;0.0;952.1;952.2;951.7;;22.8;;23.7;22.8;;;;;;178.0;3.7;2.5
2019/03/11;0200 UTC;0.0;952.3;952.3;952.1;;23.0;;23.1;22.6;;;;;;184.0;3.8;2.6
2019/03/11;0300 UTC;0.0;952.3;952.5;952.3;;22.7;;23.0;22.4;;;;;;180.0;3.8;2.3
2019/03/11;0400 UTC;0.0;951.7;952.3;951.7;;22.2;;22.7;22.1;;;;;;175.0;4.0;2.5
2019/03/11;0500 UTC;0.0;951.2;951.6;951.2;;22.2;;22.3;22.1;;;;;;170.0;5.4;3.7
2019/03/11;0600 UTC;0.0;950.9;951.2;950.9;;22.2;;22.3;22.0;;;;;;180.0;5.3;2.9
2019/03/11;0700 UTC;0.0;951.0;951.0;950.9;;21.7;;22.2;21.7;;;;;;179.0;5.1;3.3
2019/03/11;0800 UTC;0.0;951.0;951.0;950.7;;21.5;;21.8;21.5;;;;;;177.0;5.7;3.2
2019/03/11;0900 UTC;0.0;951.4;951.4;950.9;;21.6;;21.8;21.5;;;;;;169.0;6.5;3.7
2019/03/11;1000 UTC;0.0;952.4;952.4;951.4;17.5;22.0;;22.0;21.6;;;;;;156.0;6.2;3.0
2019/03/11;1100 UTC;0.0;953.0;953.0;952.4;299.9;24.3;;24.3;22.0;;;;;;120.0;4.8;2.3
2019/03/11;1200 UTC;0.0;953.2;953.3;953.0;1351.7;26.2;;26.5;24.3;;;;;;68.0;5.0;2.4
2019/03/11;1300 UTC;0.0;952.8;953.3;952.8;2200.5;28.1;;28.1;26.2;;;;;;49.0;5.9;3.1
2019/03/11;1400 UTC;0.0;952.4;952.8;952.3;2912.3;28.8;;29.5;27.8;;;;;;13.0;5.4;3.0
2019/03/11;1500 UTC;0.0;951.9;952.4;951.9;3338.6;31.3;;31.6;28.8;;;;;;35.0;5.2;1.9
2019/03/11;1600 UTC;0.0;951.1;951.9;951.1;3626.3;32.1;;32.4;31.0;;;;;;104.0;5.9;3.3
2019/03/11;1700 UTC;0.0;949.7;951.1;949.7;3721.9;33.1;;33.5;32.1;;;;;;11.0;5.9;2.2
2019/03/11;1800 UTC;0.0;948.6;949.7;948.6;3038.5;33.4;;34.1;31.7;;;;;;356.0;6.1;2.8
2019/03/11;1900 UTC;0.0;947.7;948.6;947.6;1307.7;28.7;;33.5;28.7;;;;;;154.0;8.4;2.5
2019/03/11;2000 UTC;0.0;948.3;948.3;947.4;227.3;25.0;;29.2;25.0;;;;;;347.0;10.7;4.7
2019/03/11;2100 UTC;0.0;949.3;949.3;948.2;9.5;22.7;;25.0;22.7;;;;;;245.0;10.7;5.1
2019/03/11;2200 UTC;0.0;949.6;949.6;948.9;;23.0;;23.3;22.6;;;;;;218.0;8.5;3.1
2019/03/11;2300 UTC;0.6;949.6;949.7;949.6;;22.5;;23.0;22.5;;;;;;154.0;6.4;2.5
2019/03/12;0000 UTC;0.4;950.2;950.2;949.6;;22.2;;22.6;22.2;;;;;;161.0;5.5;3.1
2019/03/12;0100 UTC;;;;;;;;;;;;;;;;;
2019/03/12;0200 UTC;0.0;950.6;950.9;950.6;;22.5;;22.5;22.2;;;;;;167.0;5.3;3.6
2019/03/12;0300 UTC;0.0;950.7;950.8;950.6;;22.6;;22.8;22.5;;;;;;172.0;5.5;2.8
2019/03/12;0400 UTC;0.0;950.7;950.8;950.6;;23.1;;23.2;22.6;;;;;;140.0;4.7;3.1
2019/03/12;0500 UTC;0.0;950.5;950.7;950.3;;23.6;;23.8;23.1;;;;;;76.0;7.2;3.0
2019/03/12;0600 UTC;0.0;950.5;950.7;950.5;;22.5;;24.1;22.5;;;;;;284.0;7.2;0.9
2019/03/12;0700 UTC;0.0;950.2;950.6;950.2;;22.3;;22.5;22.3;;;;;;155.0;2.8;1.6
2019/03/12;0800 UTC;0.0;950.4;950.4;950.1;;22.2;;22.4;22.2;;;;;;165.0;2.4;1.0
2019/03/12;0900 UTC;0.0;950.6;950.7;950.4;;21.9;;22.2;21.9;;;;;;35.0;1.9;1.0
2019/03/12;1000 UTC;0.0;951.1;951.1;950.6;15.8;22.0;;22.0;21.7;;;;;;18.0;2.2;1.1
2019/03/12;1100 UTC;0.0;951.8;951.8;951.1;406.2;24.2;;24.2;22.0;;;;;;38.0;3.5;2.1
2019/03/12;1200 UTC;0.0;952.5;952.5;951.8;1233.6;24.8;;24.9;24.2;;;;;;7.0;4.0;1.8
2019/03/12;1300 UTC;0.0;952.5;952.6;952.4;2270.2;26.4;;26.9;24.7;;;;;;319.0;5.5;3.3
2019/03/12;1400 UTC;0.2;952.9;952.9;952.5;2621.9;27.7;;28.1;26.3;;;;;;316.0;6.7;3.4
2019/03/12;1500 UTC;0.0;952.8;952.9;952.8;3433.8;28.9;;29.8;27.6;;;;;;329.0;6.9;4.0
2019/03/12;1600 UTC;0.0;951.6;952.8;951.6;3668.5;30.2;;30.5;29.0;;;;;;311.0;7.1;4.5
2019/03/12;1700 UTC;0.0;950.3;951.6;950.3;2390.6;30.5;;31.3;28.5;;;;;;318.0;8.1;3.4
2019/03/12;1800 UTC;0.0;949.1;950.3;949.0;2738.1;29.8;;31.6;29.8;;;;;;305.0;7.8;4.2
2019/03/12;1900 UTC;0.0;948.5;949.1;948.5;1025.6;29.2;;29.8;28.4;;;;;;237.0;7.8;2.8
2019/03/12;2000 UTC;0.0;948.6;948.6;948.2;1533.8;28.9;;30.8;28.9;;;;;;283.0;5.8;3.1
2019/03/12;2100 UTC;0.0;948.5;948.8;948.5;617.3;28.4;;29.4;28.3;;;;;;230.0;5.4;2.6
2019/03/12;2200 UTC;0.0;949.3;949.3;948.5;238.0;27.3;;28.6;27.3;;;;;;214.0;4.1;1.3
2019/03/12;2300 UTC;0.0;950.3;950.3;949.3;;26.1;;27.3;26.0;;;;;;47.0;1.6;1.1
2019/03/13;0000 UTC;0.0;950.7;950.7;950.1;;25.6;;26.4;25.3;;;;;;25.0;2.1;0.5
2019/03/13;0100 UTC;6.2;952.3;952.4;950.8;;23.2;;25.8;22.7;;;;;;79.0;7.5;2.8
2019/03/13;0200 UTC;0.4;952.8;952.9;952.3;;22.9;;23.3;22.9;;;;;;125.0;5.2;3.5
2019/03/13;0300 UTC;0.0;952.4;953.0;952.4;;22.4;;23.0;22.4;;;;;;183.0;5.1;1.9
2019/03/13;0400 UTC;0.0;952.5;952.5;952.3;;22.8;;23.1;22.2;;;;;;343.0;4.1;2.8
2019/03/13;0500 UTC;0.0;951.5;952.8;951.5;;22.0;;22.8;22.0;;;;;;318.0;7.8;2.4
2019/03/13;0600 UTC;0.0;950.9;951.7;950.9;;21.7;;22.0;21.7;;;;;;17.0;5.0;1.9
2019/03/13;0700 UTC;0.0;950.6;950.9;950.5;;21.5;;21.9;21.5;;;;;;292.0;2.9;1.2
2019/03/13;0800 UTC;0.0;950.7;950.7;950.4;;21.2;;21.5;21.0;;;;;;322.0;3.5;2.3
2019/03/13;0900 UTC;0.0;951.3;951.3;950.7;;20.9;;21.2;20.9;;;;;;343.0;4.5;3.0
2019/03/13;1000 UTC;0.0;952.1;952.1;951.3;17.9;20.9;;20.9;20.8;;;;;;321.0;4.2;2.0
2019/03/13;1100 UTC;0.0;952.5;952.5;952.1;193.6;21.6;;21.6;20.9;;;;;;339.0;3.0;1.1
2019/03/13;1200 UTC;0.0;952.9;952.9;952.5;917.3;23.1;;23.1;21.6;;;;;;349.0;4.6;3.0
2019/03/13;1300 UTC;0.0;953.3;953.3;952.9;2232.3;25.2;;25.3;23.0;;;;;;324.0;5.8;3.4
2019/03/13;1400 UTC;0.0;953.2;953.3;953.0;2919.4;26.8;;26.9;24.9;;;;;;323.0;6.4;3.2
2019/03/13;1500 UTC;0.0;952.6;953.3;952.6;2923.4;27.5;;27.7;26.4;;;;;;354.0;5.9;3.0
2019/03/13;1600 UTC;0.0;952.1;952.6;952.1;2635.4;27.9;;29.3;27.5;;;;;;317.0;7.0;4.0
2019/03/13;1700 UTC;0.0;950.8;952.1;950.8;721.9;24.7;;27.9;24.4;;;;;;252.0;8.4;2.6
2019/03/13;1800 UTC;0.0;949.9;950.8;949.9;790.5;24.4;;25.1;24.2;;;;;;259.0;5.3;3.2
2019/03/13;1900 UTC;0.0;949.1;949.9;949.1;952.0;26.2;;26.3;24.4;;;;;;155.0;4.9;1.1
2019/03/13;2000 UTC;0.0;949.0;949.3;948.9;964.3;26.3;;27.6;26.2;;;;;;73.0;2.7;1.3
2019/03/13;2100 UTC;0.0;949.2;949.2;948.9;211.2;25.9;;26.8;25.9;;;;;;293.0;2.4;1.2
2019/03/13;2200 UTC;0.0;950.8;950.8;949.2;26.0;23.8;;25.9;23.8;;;;;;252.0;7.3;3.7
2019/03/13;2300 UTC;0.6;951.9;951.9;950.8;;22.7;;23.8;22.6;;;;;;112.0;7.0;1.8
2019/03/14;0000 UTC;0.2;952.0;952.2;951.9;;22.5;;22.7;22.5;;;;;;126.0;2.7;1.7
2019/03/14;0100 UTC;0.0;953.1;953.1;952.0;;22.4;;22.5;22.2;;;;;;103.0;2.9;1.1
2019/03/14;0200 UTC;0.0;953.0;953.2;953.0;;22.3;;22.5;22.3;;;;;;27.0;3.1;0.9
2019/03/14;0300 UTC;0.0;952.5;953.0;952.5;;22.5;;22.5;22.3;;;;;;16.0;1.7;0.7
2019/03/14;0400 UTC;0.0;952.1;952.5;952.1;;22.4;;22.5;22.3;;;;;;341.0;1.6;0.3
2019/03/14;0500 UTC;0.0;951.7;952.1;951.6;;22.2;;22.5;22.2;;;;;;349.0;2.0;0.9
2019/03/14;0600 UTC;0.0;950.9;951.7;950.9;;21.9;;22.2;21.8;;;;;;321.0;1.8;1.3
2019/03/14;0700 UTC;0.0;950.7;950.9;950.7;;21.7;;22.0;21.5;;;;;;11.0;3.4;2.1
2019/03/14;0800 UTC;0.0;951.1;951.1;950.6;;21.8;;21.8;21.5;;;;;;343.0;2.9;1.4
2019/03/14;0900 UTC;0.0;951.5;951.5;951.1;;21.8;;21.9;21.8;;;;;;338.0;3.9;1.8
2019/03/14;1000 UTC;0.0;951.9;951.9;951.5;15.4;21.6;;21.8;21.6;;;;;;21.0;3.2;0.7
2019/03/14;1100 UTC;0.0;952.6;952.6;951.9;268.0;22.1;;22.4;21.6;;;;;;330.0;3.0;1.9
2019/03/14;1200 UTC;0.0;953.5;953.5;952.6;632.8;23.1;;23.2;22.0;;;;;;359.0;3.5;2.3
2019/03/14;1300 UTC;0.2;954.1;954.1;953.5;1557.5;25.1;;25.1;23.1;;;;;;355.0;5.7;2.9
2019/03/14;1400 UTC;0.0;954.4;954.5;954.1;2729.3;26.9;;27.1;25.1;;;;;;321.0;5.4;3.1
2019/03/14;1500 UTC;0.2;954.0;954.4;954.0;3229.7;28.8;;28.8;26.8;;;;;;328.0;7.3;3.3
2019/03/14;1600 UTC;0.0;952.6;954.0;952.6;2802.2;29.3;;29.4;28.1;;;;;;339.0;7.6;4.0
2019/03/14;1700 UTC;0.0;951.4;952.7;951.4;1070.5;27.6;;29.4;27.5;;;;;;313.0;6.9;3.1
2019/03/14;1800 UTC;0.0;950.4;951.4;950.4;642.0;26.2;;27.9;26.2;;;;;;227.0;5.1;2.9
2019/03/14;1900 UTC;0.0;950.1;950.4;950.0;367.9;25.3;;26.1;25.1;;;;;;222.0;5.4;2.1
2019/03/14;2000 UTC;0.0;949.8;950.2;949.8;586.7;26.0;;26.2;25.3;;;;;;191.0;3.8;1.9
2019/03/14;2100 UTC;0.0;950.1;950.2;949.6;235.7;25.2;;26.2;25.2;;;;;;293.0;3.6;1.7
2019/03/14;2200 UTC;0.0;950.8;950.8;950.1;10.2;24.1;;25.2;24.1;;;;;;193.0;3.1;1.3
2019/03/14;2300 UTC;0.4;951.6;951.6;950.8;;23.2;;24.2;23.1;;;;;;25.0;3.6;1.4
2019/03/15;0000 UTC;0.0;951.9;952.0;951.6;;23.3;;23.4;23.1;;;;;;139.0;2.4;0.5
2019/03/15;0100 UTC;0.0;953.0;953.0;951.9;;23.5;;23.5;23.3;;;;;;93.0;2.8;1.8
2019/03/15;0200 UTC;0.2;952.9;953.1;952.9;;24.2;;24.3;23.5;;;;;;104.0;3.5;2.4
2019/03/15;0300 UTC;0.0;951.9;952.9;951.9;;23.0;;24.2;23.0;;;;;;159.0;3.5;1.7
2019/03/15;0400 UTC;0.0;951.7;952.0;951.7;;22.5;;23.0;22.5;;;;;;165.0;2.7;1.0
2019/03/15;0500 UTC;0.0;951.7;951.8;951.6;;22.5;;22.7;22.3;;;;;;8.0;1.7;0.6
2019/03/15;0600 UTC;0.0;951.1;951.7;951.1;;22.4;;22.7;22.3;;;;;;156.0;2.4;1.5
2019/03/15;0700 UTC;0.0;950.9;951.1;950.8;;22.6;;22.6;22.4;;;;;;181.0;2.0;1.2
2019/03/15;0800 UTC;0.0;951.0;951.0;950.7;;22.4;;22.6;22.3;;;;;;214.0;1.9;1.2
2019/03/15;0900 UTC;0.0;951.8;951.8;951.0;;22.4;;22.5;22.3;;;;;;209.0;1.8;1.0
2019/03/15;1000 UTC;0.0;952.4;952.4;951.8;8.0;22.4;;22.5;22.3;;;;;;215.0;1.5;1.1
2019/03/15;1100 UTC;0.0;952.9;952.9;952.4;244.7;23.8;;23.8;22.4;;;;;;252.0;1.3;0.7
2019/03/15;1200 UTC;0.0;954.0;954.0;952.9;835.7;25.0;;25.0;23.8;;;;;;339.0;2.7;1.6
2019/03/15;1300 UTC;0.0;954.3;954.4;954.0;1482.2;26.3;;26.3;24.9;;;;;;320.0;3.7;1.5
2019/03/15;1400 UTC;0.0;954.1;954.3;954.1;2171.0;27.4;;27.7;26.3;;;;;;334.0;4.2;2.4
2019/03/15;1500 UTC;0.0;953.3;954.1;953.3;2237.5;29.0;;29.0;27.4;;;;;;307.0;4.8;2.4
2019/03/15;1600 UTC;0.0;952.7;953.3;952.4;3921.6;29.9;;30.5;28.6;;;;;;313.0;6.0;3.2
2019/03/15;1700 UTC;0.0;952.9;953.4;952.4;524.2;22.5;;29.9;22.3;;;;;;214.0;13.6;6.4
2019/03/15;1800 UTC;1.2;951.8;952.9;951.8;101.5;22.1;;22.5;22.0;;;;;;204.0;10.6;2.2
2019/03/15;1900 UTC;1.0;951.3;951.8;951.3;193.3;22.3;;22.3;22.1;;;;;;229.0;5.1;3.1
2019/03/15;2000 UTC;0.4;950.8;951.3;950.8;153.8;22.4;;22.5;22.3;;;;;;49.0;4.3;0.8
2019/03/15;2100 UTC;0.0;950.2;950.8;950.1;138.5;22.5;;22.5;22.2;;;;;;124.0;2.7;1.1
2019/03/15;2200 UTC;0.2;950.8;950.8;950.2;53.5;22.4;;22.5;22.4;;;;;;110.0;2.5;1.5
2019/03/15;2300 UTC;0.0;951.2;951.2;950.8;;21.9;;22.4;21.9;;;;;;152.0;3.2;2.1
2019/03/16;0000 UTC;0.0;952.3;952.3;951.2;;21.9;;21.9;21.7;;;;;;124.0;4.1;2.4
2019/03/16;0100 UTC;0.0;953.3;953.3;952.3;;21.3;;21.9;21.3;;;;;;126.0;4.6;2.5
2019/03/16;0200 UTC;0.0;953.4;953.4;953.3;;21.3;;21.4;21.2;;;;;;121.0;4.3;1.2
2019/03/16;0300 UTC;0.0;952.8;953.4;952.8;;20.8;;21.3;20.8;;;;;;156.0;4.8;1.3
2019/03/16;0400 UTC;0.0;952.0;952.8;951.9;;20.4;;20.8;20.4;;;;;;97.0;3.2;0.7
2019/03/16;0500 UTC;0.0;951.8;952.2;951.8;;20.6;;20.6;20.3;;;;;;95.0;2.8;1.7
2019/03/16;0600 UTC;0.0;951.3;951.8;951.3;;20.2;;20.6;20.1;;;;;;247.0;2.7;1.0
2019/03/16;0700 UTC;0.0;950.5;951.3;950.5;;19.9;;20.2;19.9;;;;;;173.0;2.1;1.4
2019/03/16;0800 UTC;0.0;950.2;950.5;950.2;;19.8;;19.9;19.7;;;;;;133.0;3.2;1.7
2019/03/16;0900 UTC;0.0;950.5;950.6;950.2;;20.0;;20.1;19.8;;;;;;287.0;2.4;0.2
2019/03/16;1000 UTC;0.0;950.7;950.7;950.4;18.6;19.8;;20.0;19.7;;;;;;153.0;2.5;1.9
2019/03/16;1100 UTC;0.0;951.7;951.7;950.7;350.3;22.3;;22.5;19.8;;;;;;29.0;2.6;1.5
2019/03/16;1200 UTC;0.0;952.5;952.5;951.7;763.8;23.1;;23.2;22.3;;;;;;337.0;2.8;1.9
2019/03/16;1300 UTC;0.2;952.6;952.8;952.5;1133.2;24.1;;24.3;23.1;;;;;;347.0;3.2;1.7
2019/03/16;1400 UTC;0.0;952.5;952.6;952.5;1223.2;25.1;;25.1;24.0;;;;;;301.0;4.3;1.2
2019/03/16;1500 UTC;0.0;952.1;952.5;952.1;1582.2;26.1;;26.1;25.2;;;;;;340.0;3.0;1.8
2019/03/16;1600 UTC;0.0;951.6;952.1;951.6;2546.8;27.8;;28.4;26.1;;;;;;25.0;4.2;1.8
2019/03/16;1700 UTC;0.0;951.0;951.6;951.0;1661.4;28.8;;28.9;27.7;;;;;;286.0;3.4;1.6
2019/03/16;1800 UTC;0.0;950.2;951.0;950.2;1977.0;29.5;;30.3;28.5;;;;;;139.0;3.0;1.1
2019/03/16;1900 UTC;0.0;948.9;950.2;948.9;2578.5;30.8;;31.3;29.4;;;;;;277.0;4.0;2.0
2019/03/16;2000 UTC;0.0;948.5;948.9;948.4;1744.7;30.1;;31.4;30.1;;;;;;193.0;4.0;2.2
2019/03/16;2100 UTC;0.0;948.6;948.6;948.4;927.9;29.6;;30.6;29.6;;;;;;164.0;4.7;2.4
2019/03/16;2200 UTC;0.0;949.3;949.3;948.6;164.4;27.1;;29.6;26.9;;;;;;125.0;4.4;2.0
2019/03/16;2300 UTC;0.0;950.1;950.1;949.3;;25.2;;27.1;25.2;;;;;;184.0;2.6;1.6
2019/03/17;0000 UTC;0.0;951.5;951.5;950.1;;24.3;;25.5;24.3;;;;;;166.0;3.0;2.2
2019/03/17;0100 UTC;0.0;952.3;952.3;951.5;;23.6;;24.3;23.5;;;;;;167.0;3.0;2.4
2019/03/17;0200 UTC;0.0;952.4;952.5;952.3;;23.3;;23.6;23.2;;;;;;142.0;3.7;1.9
2019/03/17;0300 UTC;;;;;;;;;;;;;;;;;
2019/03/17;0400 UTC;0.0;951.4;952.1;951.4;;23.0;;23.7;22.7;;;;;;134.0;2.6;2.0
2019/03/17;0500 UTC;0.0;951.0;951.5;951.0;;22.7;;23.4;22.7;;;;;;155.0;3.9;2.3
2019/03/17;0600 UTC;0.0;950.8;951.1;950.8;;22.3;;22.7;22.1;;;;;;169.0;3.9;2.0
2019/03/17;0700 UTC;0.0;950.4;950.8;950.4;;22.5;;22.5;21.8;;;;;;113.0;3.0;1.6
2019/03/17;0800 UTC;0.0;950.8;950.8;950.4;;23.1;;23.6;22.5;;;;;;338.0;2.9;1.4
2019/03/17;0900 UTC;0.0;950.5;950.8;950.4;;21.9;;23.2;21.9;;;;;;326.0;2.4;1.5
2019/03/17;1000 UTC;0.0;951.3;951.3;950.5;9.7;21.3;;22.2;21.3;;;;;;37.0;3.0;1.9
2019/03/17;1100 UTC;0.0;952.2;952.2;951.3;203.8;22.3;;22.3;21.2;;;;;;19.0;3.7;2.3
2019/03/17;1200 UTC;0.0;952.6;952.6;952.2;628.0;23.8;;23.8;22.3;;;;;;4.0;6.0;4.2
2019/03/17;1300 UTC;0.0;952.7;952.7;952.5;1083.0;24.6;;24.8;23.8;;;;;;317.0;7.1;4.4
2019/03/17;1400 UTC;0.0;952.6;952.8;952.6;1837.6;26.9;;26.9;24.7;;;;;;319.0;6.4;3.5
2019/03/17;1500 UTC;0.0;952.5;952.8;952.5;2628.6;28.7;;28.7;26.6;;;;;;310.0;6.8;3.5
2019/03/17;1600 UTC;0.0;951.6;952.5;951.6;3363.9;29.2;;30.4;27.5;;;;;;349.0;8.3;4.5
2019/03/17;1700 UTC;0.0;950.0;951.6;950.0;3518.0;30.6;;30.7;28.9;;;;;;344.0;9.5;5.9
2019/03/17;1800 UTC;0.0;949.9;950.5;949.9;1609.6;26.0;;30.7;25.9;;;;;;242.0;11.0;3.6
2019/03/17;1900 UTC;0.0;949.2;949.9;949.1;910.2;26.7;;26.7;25.7;;;;;;227.0;6.1;2.8
2019/03/17;2000 UTC;0.0;948.5;949.2;948.5;672.2;27.7;;27.7;26.6;;;;;;169.0;4.7;1.6
2019/03/17;2100 UTC;0.0;948.4;948.7;948.4;578.2;28.4;;28.4;27.7;;;;;;163.0;3.2;1.7
2019/03/17;2200 UTC;0.0;949.4;949.4;948.4;188.9;26.1;;28.4;26.1;;;;;;108.0;3.5;1.5
2019/03/17;2300 UTC;0.0;950.1;950.1;949.4;;24.6;;26.2;24.6;;;;;;151.0;3.0;1.9
2019/03/18;0000 UTC;0.0;950.8;950.8;950.1;;24.4;;24.7;24.3;;;;;;83.0;3.0;1.6
2019/03/18;0100 UTC;0.0;951.1;951.1;950.8;;23.8;;24.4;23.8;;;;;;146.0;3.3;1.0
2019/03/18;0200 UTC;0.0;951.0;951.2;950.9;;23.4;;23.9;23.2;;;;;;187.0;2.1;1.0
2019/03/18;0300 UTC;0.0;951.1;951.2;950.9;;23.2;;23.4;23.0;;;;;;161.0;2.0;1.4
2019/03/18;0400 UTC;0.0;951.1;951.3;951.1;;23.3;;23.4;22.9;;;;;;5.0;2.3;1.2
2019/03/18;0500 UTC;0.0;951.1;951.1;950.9;;22.7;;23.3;22.6;;;;;;74.0;2.1;1.3
2019/03/18;0600 UTC;0.0;950.9;951.2;950.8;;22.9;;23.1;22.4;;;;;;183.0;3.4;0.6
2019/03/18;0700 UTC;0.0;950.6;950.9;950.6;;22.9;;23.0;22.7;;;;;;330.0;1.9;1.1
2019/03/18;0800 UTC;0.0;950.8;950.8;950.6;;22.6;;23.0;22.5;;;;;;56.0;1.9;1.0
2019/03/18;0900 UTC;0.0;951.4;951.4;950.8;;22.7;;22.7;22.4;;;;;;326.0;1.7;0.8
2019/03/18;1000 UTC;0.0;951.5;951.5;951.4;14.5;22.8;;22.8;22.5;;;;;;42.0;1.4;0.5
2019/03/18;1100 UTC;0.0;952.4;952.4;951.5;311.1;25.0;;25.0;22.8;;;;;;349.0;2.8;1.6
2019/03/18;1200 UTC;0.0;953.4;953.4;952.4;1154.2;26.0;;26.4;24.9;;;;;;326.0;3.4;2.2
2019/03/18;1300 UTC;0.0;953.5;953.5;953.3;1887.0;28.0;;28.3;25.7;;;;;;306.0;4.1;2.5
2019/03/18;1400 UTC;0.0;953.4;953.5;953.3;2945.5;29.5;;29.8;27.9;;;;;;320.0;5.3;3.0
2019/03/18;1500 UTC;0.0;952.8;953.4;952.8;3396.9;30.6;;31.0;29.2;;;;;;321.0;7.1;3.1
2019/03/18;1600 UTC;0.0;952.0;952.8;951.6;3204.5;24.0;;32.1;24.0;;;;;;218.0;10.8;6.9
2019/03/18;1700 UTC;1.0;950.8;952.0;950.8;2054.2;25.4;;26.5;24.0;;;;;;235.0;10.8;3.5
2019/03/18;1800 UTC;0.0;950.1;950.8;949.9;1333.5;26.9;;27.3;25.1;;;;;;274.0;6.1;2.3
2019/03/18;1900 UTC;0.0;949.1;950.2;949.0;564.4;26.2;;26.9;25.3;;;;;;34.0;5.5;1.1
2019/03/18;2000 UTC;0.8;949.9;950.1;949.1;373.1;24.6;;26.9;24.6;;;;;;269.0;6.6;2.2
2019/03/18;2100 UTC;0.2;950.0;950.1;949.8;106.0;23.5;;24.6;23.5;;;;;;167.0;9.7;2.4
2019/03/18;2200 UTC;0.0;949.6;950.0;949.3;33.7;23.1;;23.5;23.1;;;;;;18.0;3.4;1.2
2019/03/18;2300 UTC;0.0;949.5;949.7;949.4;;22.9;;23.2;22.9;;;;;;109.0;2.6;0.5
2019/03/19;0000 UTC;0.2;950.0;950.1;949.4;;23.1;;23.3;22.9;;;;;;164.0;3.1;2.2
2019/03/19;0100 UTC;0.0;950.2;950.2;950.0;;22.8;;23.1;22.8;;;;;;165.0;4.6;3.0
2019/03/19;0200 UTC;0.0;950.6;950.6;950.2;;22.6;;22.8;22.5;;;;;;169.0;4.6;2.2
2019/03/19;0300 UTC;0.0;950.4;950.6;950.3;;22.5;;22.9;22.5;;;;;;251.0;3.1;0.9
2019/03/19;0400 UTC;0.0;950.5;950.6;950.3;;22.5;;22.5;22.3;;;;;;310.0;2.8;0.9
2019/03/19;0500 UTC;0.0;950.3;950.6;950.3;;22.6;;22.6;22.3;;;;;;322.0;2.8;1.6
2019/03/19;0600 UTC;0.0;949.9;950.3;949.9;;22.1;;22.6;22.0;;;;;;172.0;2.3;1.2
2019/03/19;0700 UTC;0.0;949.7;949.9;949.5;;22.0;;22.2;22.0;;;;;;169.0;2.3;1.4
2019/03/19;0800 UTC;0.0;950.3;950.3;949.7;;22.0;;22.2;22.0;;;;;;329.0;2.3;1.4
2019/03/19;0900 UTC;0.0;950.3;950.3;950.2;;21.9;;22.1;21.9;;;;;;77.0;2.6;0.8
2019/03/19;1000 UTC;0.0;950.3;950.3;950.1;15.5;21.4;;21.9;21.3;;;;;;170.0;1.4;0.2
2019/03/19;1100 UTC;0.0;951.0;951.0;950.3;379.8;23.2;;23.3;21.4;;;;;;14.0;2.3;1.4
2019/03/19;1200 UTC;0.2;951.6;951.6;951.0;1257.0;24.9;;24.9;23.2;;;;;;348.0;5.1;2.7
2019/03/19;1300 UTC;0.0;951.7;951.7;951.6;2143.1;27.0;;27.1;24.8;;;;;;317.0;4.2;2.0
2019/03/19;1400 UTC;0.0;951.6;951.8;951.6;2896.3;28.6;;28.6;26.6;;;;;;332.0;5.9;2.5
2019/03/19;1500 UTC;0.0;951.4;951.7;951.4;3376.4;30.0;;30.1;28.3;;;;;;323.0;5.3;2.7
2019/03/19;1600 UTC;0.0;950.7;951.4;950.7;3683.4;30.9;;31.0;29.2;;;;;;319.0;6.6;2.7
2019/03/19;1700 UTC;0.0;949.9;950.7;949.9;2929.0;29.5;;32.0;28.2;;;;;;209.0;8.4;3.7
2019/03/19;1800 UTC;0.0;948.4;949.9;948.4;3220.2;31.4;;31.9;29.4;;;;;;223.0;7.2;2.3
2019/03/19;1900 UTC;0.0;947.9;948.4;947.9;2143.6;31.0;;31.6;29.7;;;;;;225.0;6.2;2.8
2019/03/19;2000 UTC;0.0;947.9;948.0;947.8;956.9;29.6;;31.3;29.6;;;;;;313.0;4.1;1.5
2019/03/19;2100 UTC;0.0;948.2;948.7;947.8;80.9;25.1;;29.6;25.1;;;;;;220.0;8.0;4.8
2019/03/19;2200 UTC;0.0;948.7;948.7;948.1;127.7;26.4;;26.4;25.1;;;;;;173.0;8.0;1.9
2019/03/19;2300 UTC;0.0;949.1;949.1;948.7;;24.9;;26.4;24.9;;;;;;173.0;3.1;2.2
2019/03/20;0000 UTC;0.0;949.7;949.7;949.1;;24.4;;24.9;24.2;;;;;;183.0;3.1;1.7
2019/03/20;0100 UTC;;;;;;;;;;;;;;;;;
2019/03/20;0200 UTC;0.0;950.6;950.7;950.1;;23.4;;23.9;23.4;;;;;;175.0;6.1;3.8
2019/03/20;0300 UTC;0.0;950.1;950.6;950.1;;23.0;;23.5;23.0;;;;;;170.0;6.1;2.4
2019/03/20;0400 UTC;0.0;949.9;950.4;949.9;;23.0;;23.1;22.9;;;;;;158.0;5.0;2.8
2019/03/20;0500 UTC;0.0;949.6;949.9;949.5;;22.7;;23.0;22.6;;;;;;141.0;4.5;1.2
2019/03/20;0600 UTC;0.0;948.9;949.6;948.9;;22.3;;22.8;22.3;;;;;;167.0;3.7;1.8
2019/03/20;0700 UTC;0.0;948.5;948.9;948.3;;22.2;;22.4;22.2;;;;;;166.0;4.0;2.3
2019/03/20;0800 UTC;0.0;948.6;948.7;948.4;;22.2;;22.4;22.2;;;;;;153.0;3.7;1.7
2019/03/20;0900 UTC;0.0;949.3;949.3;948.6;;22.2;;22.2;22.0;;;;;;237.0;2.5;0.3
2019/03/20;1000 UTC;0.0;949.4;949.5;949.1;12.0;22.0;;22.2;21.6;;;;;;80.0;1.8;0.3
2019/03/20;1100 UTC;0.0;950.0;950.1;949.4;414.6;24.5;;24.5;22.0;;;;;;335.0;2.0;1.1
2019/03/20;1200 UTC;0.0;950.5;950.5;950.0;1054.7;26.0;;26.1;24.5;;;;;;40.0;2.7;1.4
2019/03/20;1300 UTC;0.0;950.9;950.9;950.5;1563.7;27.1;;27.4;25.9;;;;;;324.0;4.2;2.7
2019/03/20;1400 UTC;0.0;951.3;951.3;950.9;1877.8;28.1;;28.6;27.1;;;;;;321.0;5.0;3.0
2019/03/20;1500 UTC;0.0;950.3;951.3;950.2;2597.4;30.1;;30.3;28.0;;;;;;327.0;6.7;3.9
2019/03/20;1600 UTC;1.2;949.1;950.3;949.1;1001.3;23.9;;31.4;23.3;;;;;;266.0;10.2;2.0
2019/03/20;1700 UTC;0.2;948.9;949.3;948.6;689.5;24.5;;25.3;23.9;;;;;;235.0;7.0;3.4
2019/03/20;1800 UTC;2.2;949.4;949.8;948.9;162.3;22.2;;24.5;21.7;;;;;;208.0;12.5;5.1
2019/03/20;1900 UTC;0.4;949.7;950.0;949.2;211.6;20.2;;22.4;20.2;;;;;;185.0;15.9;8.6
2019/03/20;2000 UTC;0.0;949.1;949.8;949.0;166.1;19.9;;20.3;19.9;;;;;;165.0;15.2;7.0
2019/03/20;2100 UTC;0.0;949.9;949.9;949.1;157.1;20.0;;20.1;19.9;;;;;;144.0;11.4;3.7
2019/03/20;2200 UTC;0.0;950.4;950.4;949.8;28.3;19.8;;20.0;19.7;;;;;;179.0;6.6;0.6
2019/03/20;2300 UTC;0.2;951.5;951.5;950.3;;19.7;;19.9;19.6;;;;;;329.0;5.0;2.5
2019/03/21;0000 UTC;0.0;951.7;951.8;951.3;;19.5;;19.7;19.4;;;;;;187.0;3.9;1.4
2019/03/21;0100 UTC;0.0;951.4;951.8;951.4;;19.5;;19.5;19.4;;;;;;143.0;2.5;1.6
2019/03/21;0200 UTC;0.0;950.9;951.5;950.9;;19.5;;19.6;19.5;;;;;;165.0;3.1;1.6
2019/03/21;0300 UTC;0.0;950.4;950.9;950.2;;19.5;;19.6;19.4;;;;;;182.0;3.1;1.9
2019/03/21;0400 UTC;0.0;950.7;950.7;950.3;;19.5;;19.5;19.4;;;;;;222.0;3.0;1.5
2019/03/21;0500 UTC;0.0;950.6;950.9;950.6;;19.5;;19.9;19.5;;;;;;173.0;4.6;2.6
2019/03/21;0600 UTC;0.0;950.2;950.6;950.2;;18.9;;19.5;18.8;;;;;;170.0;5.2;2.5
2019/03/21;0700 UTC;0.0;950.1;950.2;949.9;;18.5;;18.9;18.5;;;;;;194.0;6.0;1.5
2019/03/21;0800 UTC;0.0;950.3;950.3;950.0;;18.3;;18.6;18.3;;;;;;188.0;2.7;1.8
2019/03/21;0900 UTC;0.0;950.8;950.8;950.3;;18.3;;18.5;18.2;;;;;;197.0;3.4;1.1
2019/03/21;1000 UTC;0.0;951.0;951.0;950.8;14.1;18.4;;18.4;17.9;;;;;;172.0;2.9;1.7
2019/03/21;1100 UTC;0.0;951.5;951.5;951.0;374.2;19.8;;19.8;18.4;;;;;;181.0;4.7;2.5
2019/03/21;1200 UTC;0.0;952.3;952.3;951.5;699.9;20.6;;20.6;19.8;;;;;;181.0;6.9;3.5
2019/03/21;1300 UTC;0.0;952.8;952.8;952.3;909.0;21.2;;22.0;20.5;;;;;;188.0;6.7;3.5
2019/03/21;1400 UTC;0.0;952.9;952.9;952.8;961.5;21.7;;21.7;20.7;;;;;;185.0;6.7;3.6
2019/03/21;1500 UTC;0.0;952.7;952.9;952.7;1635.4;23.4;;23.6;21.7;;;;;;200.0;6.4;3.0
2019/03/21;1600 UTC;0.0;952.0;952.7;952.0;2050.4;24.4;;24.9;23.1;;;;;;172.0;6.4;3.2
2019/03/21;1700 UTC;0.0;951.2;952.0;951.2;2188.2;25.4;;26.0;24.2;;;;;;188.0;6.3;3.0
2019/03/21;1800 UTC;0.0;950.7;951.2;950.7;2403.2;26.0;;27.0;25.0;;;;;;166.0;6.6;3.1
2019/03/21;1900 UTC;0.0;950.6;950.7;950.5;1132.5;25.6;;26.6;25.3;;;;;;198.0;6.7;4.0
2019/03/21;2000 UTC;0.0;950.2;950.6;950.2;1274.2;26.1;;26.2;25.0;;;;;;186.0;7.4;3.9
2019/03/21;2100 UTC;0.0;950.0;950.2;950.0;928.3;24.3;;26.1;24.3;;;;;;197.0;7.9;2.5
2019/03/21;2200 UTC;0.0;949.9;950.0;949.7;134.9;22.7;;24.4;22.7;;;;;;194.0;4.9;2.3
2019/03/21;2300 UTC;0.0;950.3;950.3;949.9;;21.0;;22.6;21.0;;;;;;177.0;4.9;1.9
2019/03/22;0000 UTC;0.0;951.3;951.3;950.3;;20.2;;21.1;20.1;;;;;;175.0;4.0;3.0
2019/03/22;0100 UTC;0.0;952.4;952.4;951.3;;19.7;;20.2;19.7;;;;;;178.0;4.5;2.8
2019/03/22;0200 UTC;0.0;952.3;952.5;952.3;;19.5;;19.7;19.5;;;;;;189.0;4.4;2.4
2019/03/22;0300 UTC;0.0;951.9;952.3;951.9;;19.4;;19.6;19.2;;;;;;183.0;5.6;3.2
2019/03/22;0400 UTC;0.0;951.5;952.0;951.4;;19.0;;19.4;19.0;;;;;;175.0;4.8;2.9
2019/03/22;0500 UTC;0.0;951.2;951.6;951.2;;18.9;;19.0;18.9;;;;;;181.0;4.8;3.1
2019/03/22;0600 UTC;0.0;951.1;951.2;951.1;;19.5;;19.5;18.9;;;;;;168.0;5.4;3.0
2019/03/22;0700 UTC;0.0;950.7;951.1;950.7;;19.3;;19.6;19.3;;;;;;174.0;5.4;2.4
2019/03/22;0800 UTC;0.0;950.8;950.8;950.7;;18.8;;19.3;18.7;;;;;;172.0;4.3;2.7
2019/03/22;0900 UTC;0.0;951.2;951.2;950.7;;19.2;;19.5;18.8;;;;;;161.0;5.5;2.9
2019/03/22;1000 UTC;0.0;951.8;951.8;951.2;13.1;19.0;;19.2;18.9;;;;;;170.0;4.2;2.3
2019/03/22;1100 UTC;0.0;953.1;953.1;951.8;272.5;20.2;;20.2;19.0;;;;;;169.0;5.0;2.8
2019/03/22;1200 UTC;0.0;953.9;953.9;953.1;393.5;20.8;;20.9;20.2;;;;;;162.0;6.9;4.0
2019/03/22;1300 UTC;0.0;954.1;954.1;953.8;1245.7;23.1;20.5;23.3;20.8;20.6;19.9;91.0;83.0;85.0;159.0;6.9;2.7
2019/03/22;1400 UTC;0.0;954.2;954.2;954.1;2134.8;25.3;19.2;25.3;23.0;20.3;18.7;85.0;69.0;69.0;102.0;6.1;3.0
2019/03/22;1500 UTC;0.0;954.0;954.2;954.0;1867.5;25.3;18.9;25.8;24.7;19.6;18.7;71.0;66.0;68.0;119.0;5.7;2.6
2019/03/22;1600 UTC;0.0;953.5;954.0;953.5;1477.4;25.9;19.5;26.0;24.9;20.3;18.7;73.0;66.0;68.0;145.0;7.0;4.0
2019/03/22;1700 UTC;0.0;952.7;953.5;952.7;2170.6;26.2;19.0;27.0;25.5;20.2;18.7;70.0;64.0;65.0;132.0;7.0;2.7
2019/03/22;1800 UTC;0.0;951.9;952.7;951.9;2024.4;26.7;19.2;28.2;26.1;20.1;18.4;66.0;58.0;63.0;102.0;5.3;2.6
2019/03/22;1900 UTC;0.0;951.3;951.9;951.3;2133.5;28.2;18.7;28.3;26.6;19.8;18.4;63.0;56.0;56.0;71.0;5.5;1.8
2019/03/22;2000 UTC;0.0;951.0;951.3;951.0;1347.9;28.0;19.0;28.4;26.4;19.7;18.1;66.0;55.0;58.0;119.0;4.5;2.5
2019/03/22;2100 UTC;0.0;950.9;951.0;950.9;741.7;26.1;19.2;28.1;26.1;19.4;18.3;66.0;57.0;66.0;194.0;4.9;2.3
2019/03/22;2200 UTC;0.0;951.2;951.2;950.9;136.6;24.5;19.3;26.4;24.5;19.5;19.0;73.0;64.0;73.0;188.0;4.1;1.5
2019/03/22;2300 UTC;0.0;951.7;951.7;951.2;;23.1;19.3;24.5;22.2;20.2;19.1;85.0;73.0;79.0;115.0;2.5;1.8
2019/03/23;0000 UTC;0.0;952.2;952.2;951.7;;21.4;19.1;23.2;21.4;19.3;19.0;87.0;79.0;87.0;127.0;2.9;1.8
2019/03/23;0100 UTC;0.0;952.9;952.9;952.2;;20.9;18.9;22.1;20.9;19.6;18.9;89.0;83.0;89.0;171.0;2.8;2.1
2019/03/23;0200 UTC;0.0;953.3;953.3;952.9;;20.4;19.1;20.9;20.4;19.2;18.9;92.0;89.0;92.0;177.0;5.0;2.6
2019/03/23;0300 UTC;0.0;953.4;953.4;953.3;;20.0;19.0;20.4;19.8;19.1;18.8;95.0;92.0;94.0;165.0;4.0;2.7
2019/03/23;0400 UTC;0.0;953.6;953.6;953.4;;19.9;18.9;20.1;19.7;19.0;18.8;95.0;93.0;94.0;154.0;4.2;2.7
2019/03/23;0500 UTC;0.0;953.4;953.6;953.4;;19.6;18.7;19.9;19.4;18.9;18.5;95.0;94.0;95.0;147.0;3.7;2.4
2019/03/23;0600 UTC;0.0;953.0;953.4;953.0;;19.1;18.3;19.8;19.1;18.8;18.3;95.0;94.0;95.0;170.0;2.9;2.3
2019/03/23;0700 UTC;0.0;952.7;953.0;952.7;;18.5;18.0;19.1;18.5;18.4;18.0;97.0;95.0;97.0;176.0;3.3;2.3
2019/03/23;0800 UTC;0.0;952.8;952.8;952.5;;18.6;18.1;18.7;18.5;18.2;18.0;97.0;97.0;97.0;174.0;3.6;2.3
2019/03/23;0900 UTC;0.0;953.1;953.1;952.8;;18.3;17.9;18.6;18.2;18.1;17.8;98.0;97.0;98.0;175.0;3.3;2.5
2019/03/23;1000 UTC;0.0;953.5;953.5;953.1;18.9;18.2;17.8;18.4;17.9;18.0;17.6;98.0;98.0;98.0;170.0;3.6;2.9
2019/03/23;1100 UTC;0.0;953.9;953.9;953.5;527.5;20.5;19.4;20.5;18.2;19.5;17.8;98.0;93.0;93.0;168.0;5.5;3.2
2019/03/23;1200 UTC;0.0;954.4;954.4;953.9;1280.7;23.2;20.8;23.2;20.6;20.8;19.3;94.0;85.0;86.0;157.0;5.5;3.5
2019/03/23;1300 UTC;0.0;954.6;954.7;954.4;2214.6;26.4;20.3;26.6;23.2;21.2;20.0;86.0;68.0;69.0;115.0;7.9;4.3
2019/03/23;1400 UTC;0.0;954.8;954.9;954.6;2788.0;27.8;19.8;27.9;26.4;20.6;19.3;70.0;60.0;62.0;109.0;8.5;4.2
2019/03/23;1500 UTC;0.0;954.2;954.8;954.2;3203.1;28.4;20.1;29.1;27.8;20.5;19.1;63.0;57.0;61.0;101.0;7.9;4.1
2019/03/23;1600 UTC;0.0;953.2;954.2;953.2;3318.1;29.6;;30.4;28.1;;;;;;96.0;7.9;3.6
2019/03/23;1700 UTC;0.0;952.2;953.2;952.2;3209.7;30.1;;30.8;28.8;;;;;;114.0;7.2;3.4
2019/03/23;1800 UTC;0.0;951.4;952.2;951.4;2937.2;31.0;;31.1;29.7;;;;;;95.0;10.3;2.8
2019/03/23;1900 UTC;0.0;950.9;951.4;950.9;2124.9;30.8;;31.5;29.5;;;;;;132.0;6.2;3.1
2019/03/23;2000 UTC;0.0;950.7;950.9;950.7;1658.6;30.3;;31.4;29.7;;;;;;125.0;6.3;3.6
2019/03/23;2100 UTC;0.0;950.8;950.8;950.6;852.0;29.0;;30.4;29.0;;;;;;124.0;6.3;2.7
2019/03/23;2200 UTC;0.0;951.1;951.1;950.7;124.6;25.6;;29.0;25.6;;;;;;110.0;5.5;2.6
2019/03/23;2300 UTC;0.0;951.6;951.6;951.1;;24.5;;25.8;24.4;;;;;;116.0;5.1;3.5
2019/03/24;0000 UTC;0.0;952.2;952.2;951.6;;24.1;;24.5;23.7;;;;;;123.0;5.3;3.2
2019/03/24;0100 UTC;0.0;952.8;952.8;952.2;;22.8;;24.3;22.8;;;;;;107.0;5.1;2.9
2019/03/24;0200 UTC;0.0;953.0;953.0;952.8;;22.7;;23.1;22.7;;;;;;112.0;4.6;3.1
2019/03/24;0300 UTC;0.0;953.2;953.3;953.0;;21.4;;22.7;21.0;;;;;;142.0;5.2;2.5
2019/03/24;0400 UTC;0.0;953.1;953.3;953.0;;20.1;;21.7;20.1;;;;;;174.0;4.0;2.6
2019/03/24;0500 UTC;0.0;952.6;953.1;952.6;;21.8;;21.8;19.6;;;;;;131.0;5.4;3.7
2019/03/24;0600 UTC;0.0;952.3;952.6;952.3;;21.8;;21.8;21.5;;;;;;138.0;5.8;3.9
2019/03/24;0700 UTC;0.0;952.1;952.3;952.1;;21.3;;21.8;20.0;;;;;;127.0;5.8;3.2
2019/03/24;0800 UTC;0.0;952.2;952.2;952.1;;19.3;;21.3;19.3;;;;;;169.0;4.8;2.7
2019/03/24;0900 UTC;0.0;952.4;952.4;952.1;;18.6;;19.4;18.6;;;;;;168.0;4.5;3.0
2019/03/24;1000 UTC;0.0;953.0;953.0;952.4;13.2;18.7;;18.8;18.4;;;;;;166.0;4.8;3.1
2019/03/24;1100 UTC;0.0;953.8;953.8;953.0;499.8;21.2;;21.2;18.7;;;;;;163.0;5.3;3.2
2019/03/24;1200 UTC;0.0;954.3;954.3;953.8;1384.2;26.4;;26.4;21.2;;;;;;125.0;5.5;3.4
2019/03/24;1300 UTC;0.0;954.6;954.6;954.3;2241.7;28.1;;28.5;26.3;;;;;;102.0;7.4;4.1
2019/03/24;1400 UTC;0.0;954.5;954.7;954.5;2927.8;29.8;;29.8;28.1;;;;;;87.0;8.5;3.5
2019/03/24;1500 UTC;0.0;954.1;954.6;954.1;2618.0;30.4;;30.4;28.7;;;;;;64.0;6.9;1.9
2019/03/24;1600 UTC;0.0;953.5;954.1;953.4;3719.0;31.0;;31.5;30.1;;;;;;93.0;6.0;2.3
2019/03/24;1700 UTC;0.0;952.7;953.5;952.7;2823.5;30.3;;32.3;30.0;;;;;;110.0;5.5;1.9
2019/03/24;1800 UTC;0.0;951.9;952.7;951.9;2365.7;32.0;;32.7;30.1;;;;;;176.0;4.5;1.0
2019/03/24;1900 UTC;0.0;951.3;951.9;951.3;1885.3;31.7;;32.8;29.9;;;;;;163.0;3.8;1.3
2019/03/24;2000 UTC;0.0;951.0;951.3;950.9;1457.7;31.1;;32.1;29.3;;;;;;152.0;5.7;3.2
2019/03/24;2100 UTC;0.0;950.9;951.0;950.9;857.6;29.7;;31.2;29.7;;;;;;149.0;6.5;3.9
2019/03/24;2200 UTC;0.0;950.9;950.9;950.8;114.9;26.2;;29.7;26.2;;;;;;170.0;6.1;2.2
2019/03/24;2300 UTC;0.0;951.2;951.2;950.9;;23.4;;26.2;23.4;;;;;;176.0;4.2;2.8
2019/03/25;0000 UTC;0.0;951.7;951.7;951.2;;21.6;;23.4;21.6;;;;;;180.0;4.2;2.9
2019/03/25;0100 UTC;0.0;952.7;952.7;951.7;;20.9;;21.7;20.8;;;;;;175.0;4.6;3.1
2019/03/25;0200 UTC;0.0;953.1;953.1;952.7;;20.6;;21.0;20.4;;;;;;172.0;4.6;3.3
2019/03/25;0300 UTC;0.0;953.2;953.2;953.1;;20.4;;20.9;20.4;;;;;;169.0;5.2;3.2
2019/03/25;0400 UTC;0.0;952.8;953.2;952.8;;19.8;;20.4;19.8;;;;;;165.0;4.4;2.8
2019/03/25;0500 UTC;0.0;952.1;952.8;952.1;;19.1;;19.9;18.8;;;;;;168.0;4.5;3.1
2019/03/25;0600 UTC;0.0;951.5;952.1;951.5;;18.8;;19.2;18.7;;;;;;165.0;4.6;3.3
2019/03/25;0700 UTC;0.0;951.1;951.5;951.1;;18.6;;19.1;18.4;;;;;;156.0;4.6;3.4
2019/03/25;0800 UTC;0.0;951.3;951.3;951.0;;18.0;;18.7;17.9;;;;;;163.0;4.7;3.3
2019/03/25;0900 UTC;0.0;951.4;951.4;951.2;;18.0;;18.3;17.9;;;;;;157.0;4.7;3.1
2019/03/25;1000 UTC;0.0;951.7;951.7;951.3;19.0;18.4;;18.4;17.9;;;;;;166.0;4.8;3.8
2019/03/25;1100 UTC;0.0;952.2;952.2;951.7;413.9;21.0;;21.0;18.3;;;;;;161.0;5.5;3.3
2019/03/25;1200 UTC;0.0;952.5;952.5;952.2;1276.8;26.5;;26.8;20.9;;;;;;124.0;5.6;3.3
2019/03/25;1300 UTC;0.0;952.5;952.7;952.5;2257.5;28.8;;28.9;26.5;;;;;;91.0;7.8;4.7
2019/03/25;1400 UTC;0.0;952.7;952.7;952.5;2964.2;30.5;;30.9;28.8;;;;;;51.0;7.8;3.5
2019/03/25;1500 UTC;0.0;952.1;952.7;952.1;3328.7;31.2;;32.2;30.3;;;;;;47.0;6.7;3.7
2019/03/25;1600 UTC;0.0;951.6;952.1;951.6;3742.0;32.8;;32.8;31.1;;;;;;30.0;6.5;2.1
2019/03/25;1700 UTC;0.0;950.6;951.6;950.6;2643.8;31.1;;33.1;31.0;;;;;;353.0;6.0;2.5
2019/03/25;1800 UTC;0.0;950.0;950.6;950.0;1551.9;32.2;;33.7;31.1;;;;;;292.0;4.4;0.7
2019/03/25;1900 UTC;0.0;949.6;950.0;949.5;2148.4;33.0;;33.8;32.1;;;;;;292.0;4.0;1.1
2019/03/25;2000 UTC;0.0;949.2;949.6;949.2;1326.2;30.3;;33.8;30.3;;;;;;144.0;4.0;2.7
2019/03/25;2100 UTC;0.0;949.1;949.2;949.0;572.8;30.5;;31.5;30.0;;;;;;143.0;4.8;3.3
2019/03/25;2200 UTC;0.0;949.4;949.4;949.1;130.8;27.7;;30.5;27.7;;;;;;164.0;5.1;2.2
2019/03/25;2300 UTC;0.0;950.0;950.0;949.4;;24.7;;27.7;24.7;;;;;;171.0;5.3;2.6
2019/03/26;0000 UTC;0.0;950.9;950.9;950.0;;22.9;;24.9;22.9;;;;;;174.0;5.0;3.0
2019/03/26;0100 UTC;0.0;951.9;951.9;950.9;;22.6;;22.9;22.6;;;;;;174.0;5.1;2.9
2019/03/26;0200 UTC;0.0;952.0;952.1;951.9;;22.1;;22.8;22.1;;;;;;172.0;5.0;3.0
2019/03/26;0300 UTC;0.0;951.7;952.0;951.7;;21.5;;22.1;21.5;;;;;;162.0;4.9;3.5
2019/03/26;0400 UTC;0.0;951.4;951.7;951.3;;20.9;;22.0;20.9;;;;;;165.0;5.4;2.9
2019/03/26;0500 UTC;0.0;951.1;951.4;951.1;;20.7;;21.0;20.5;;;;;;167.0;4.8;3.3
2019/03/26;0600 UTC;0.0;950.7;951.1;950.7;;20.8;;20.9;20.4;;;;;;177.0;5.0;3.1
2019/03/26;0700 UTC;0.0;950.6;950.7;950.6;;20.2;;20.9;20.0;;;;;;172.0;4.6;2.8
2019/03/26;0800 UTC;0.0;950.6;950.6;950.5;;20.0;;20.3;19.7;;;;;;167.0;5.3;3.5
2019/03/26;0900 UTC;0.0;951.0;951.0;950.6;;19.6;;20.0;19.4;;;;;;166.0;5.9;4.0
2019/03/26;1000 UTC;0.0;951.7;951.7;951.0;8.2;19.3;;19.6;19.2;;;;;;168.0;5.9;3.4
2019/03/26;1100 UTC;0.0;952.5;952.5;951.7;365.8;21.3;;21.3;19.3;;;;;;165.0;5.7;3.8
2019/03/26;1200 UTC;0.0;953.1;953.1;952.5;1310.4;25.2;;25.2;21.3;;;;;;156.0;7.0;4.6
2019/03/26;1300 UTC;0.0;953.5;953.5;953.1;2173.8;28.5;;28.5;25.1;;;;;;129.0;8.4;4.8
2019/03/26;1400 UTC;0.0;953.4;953.5;953.3;2662.0;30.1;;30.3;28.3;;;;;;119.0;8.8;4.9
2019/03/26;1500 UTC;0.0;953.2;953.4;953.2;3258.7;31.2;;31.3;30.1;;;;;;85.0;9.0;4.5
2019/03/26;1600 UTC;0.0;952.4;953.2;952.4;3336.7;31.9;;32.4;30.7;;;;;;96.0;8.0;3.4
2019/03/26;1700 UTC;0.0;951.5;952.4;951.5;3463.8;32.4;;33.6;31.8;;;;;;112.0;8.2;2.9
2019/03/26;1800 UTC;0.0;950.7;951.5;950.7;2648.4;31.8;;33.0;31.1;;;;;;110.0;6.9;3.4
2019/03/26;1900 UTC;0.0;950.2;950.7;950.2;2426.0;32.4;;32.8;31.8;;;;;;123.0;7.6;3.3
2019/03/26;2000 UTC;0.0;950.0;950.2;950.0;1594.5;30.6;;32.8;30.6;;;;;;124.0;6.3;2.8
2019/03/26;2100 UTC;0.0;950.1;950.1;949.9;724.4;30.0;;31.6;30.0;;;;;;112.0;5.3;2.4
2019/03/26;2200 UTC;0.0;950.1;950.1;950.0;78.9;27.3;;30.0;27.3;;;;;;122.0;4.6;3.2
2019/03/26;2300 UTC;0.0;951.0;951.0;950.1;;26.6;;27.3;26.6;;;;;;125.0;5.7;3.4
2019/03/27;0000 UTC;0.0;951.8;951.8;951.0;;23.8;;26.6;23.7;;;;;;173.0;4.8;2.7
2019/03/27;0100 UTC;0.0;952.3;952.4;951.8;;22.1;;23.8;22.1;;;;;;174.0;5.8;3.3
2019/03/27;0200 UTC;0.0;952.7;952.7;952.3;;21.5;;22.1;21.5;;;;;;179.0;5.8;3.5
2019/03/27;0300 UTC;0.0;952.9;952.9;952.7;;21.0;;21.6;21.0;;;;;;174.0;5.3;3.5
2019/03/27;0400 UTC;0.0;953.0;953.1;952.9;;20.8;;21.0;20.7;;;;;;175.0;5.5;3.6
2019/03/27;0500 UTC;0.0;952.9;953.0;952.9;;20.5;;20.7;20.3;;;;;;174.0;5.6;3.3
2019/03/27;0600 UTC;0.0;952.4;952.9;952.4;;20.3;;20.5;20.1;;;;;;173.0;5.3;3.1
2019/03/27;0700 UTC;0.0;952.5;952.5;952.3;;20.4;;20.5;19.8;;;;;;170.0;6.0;3.9
2019/03/27;0800 UTC;0.0;952.7;952.7;952.3;;19.8;;20.5;19.7;;;;;;178.0;6.7;4.5
2019/03/27;0900 UTC;0.0;953.0;953.0;952.7;;20.0;;20.3;19.8;;;;;;171.0;7.0;5.0
2019/03/27;1000 UTC;0.0;953.6;953.6;953.0;11.0;19.7;;20.0;19.4;;;;;;176.0;8.0;5.0
2019/03/27;1100 UTC;0.0;954.5;954.5;953.6;461.8;21.6;;21.6;19.6;;;;;;168.0;8.6;5.1
2019/03/27;1200 UTC;0.0;955.1;955.1;954.5;1158.0;24.4;;24.5;21.6;;;;;;156.0;8.5;4.6
2019/03/27;1300 UTC;0.0;955.4;955.4;955.1;2103.4;27.3;;27.6;24.4;;;;;;149.0;7.4;3.7
2019/03/27;1400 UTC;0.0;955.2;955.4;955.1;2461.8;30.0;;30.0;27.3;;;;;;108.0;7.9;4.7
2019/03/27;1500 UTC;0.0;955.0;955.3;954.9;3073.3;31.3;;31.6;29.7;;;;;;90.0;8.5;4.4
2019/03/27;1600 UTC;0.0;954.2;955.0;954.1;2874.6;31.4;;32.1;31.0;;;;;;103.0;8.3;3.7
2019/03/27;1700 UTC;0.0;953.3;954.2;953.3;2126.6;31.0;;32.4;30.4;;;;;;107.0;7.7;4.0
2019/03/27;1800 UTC;0.0;952.4;953.3;952.4;2557.4;32.4;;32.6;30.9;;;;;;121.0;8.4;4.2
2019/03/27;1900 UTC;0.0;951.9;952.4;951.8;2263.5;32.2;;32.8;31.0;;;;;;112.0;8.6;4.7
2019/03/27;2000 UTC;0.0;951.7;951.9;951.6;1348.3;31.8;;32.2;30.6;;;;;;119.0;8.9;4.5
2019/03/27;2100 UTC;0.0;951.9;951.9;951.7;734.6;30.1;;31.9;30.1;;;;;;115.0;7.9;3.4
2019/03/27;2200 UTC;0.0;952.4;952.4;951.9;66.9;27.4;;30.1;27.4;;;;;;123.0;5.7;2.9
2019/03/27;2300 UTC;0.0;953.0;953.0;952.4;;26.8;;27.5;26.8;;;;;;119.0;5.2;3.3
2019/03/28;0000 UTC;0.0;953.5;953.5;953.0;;25.7;;26.8;25.7;;;;;;108.0;5.0;3.2
2019/03/28;0100 UTC;0.0;954.3;954.3;953.5;;25.9;;25.9;25.6;;;;;;109.0;4.5;2.3
2019/03/28;0200 UTC;0.0;954.4;954.4;954.3;;24.7;;26.0;24.7;;;;;;119.0;3.4;2.3
2019/03/28;0300 UTC;0.0;954.5;954.6;954.4;;23.9;;24.8;23.9;;;;;;123.0;3.8;2.3
2019/03/28;0400 UTC;0.0;954.4;954.5;954.4;;23.7;;24.0;23.3;;;;;;108.0;3.3;1.6
2019/03/28;0500 UTC;0.0;954.3;954.5;954.3;;23.4;;23.7;23.2;;;;;;307.0;3.6;2.1
2019/03/28;0600 UTC;0.0;953.8;954.3;953.8;;22.7;;23.4;22.5;;;;;;263.0;3.4;0.6
2019/03/28;0700 UTC;0.0;953.7;953.8;953.7;;21.4;;22.7;21.4;;;;;;251.0;1.8;0.5
2019/03/28;0800 UTC;0.0;953.7;953.7;953.6;;20.7;;21.6;20.7;;;;;;176.0;3.4;2.6
2019/03/28;0900 UTC;0.0;954.0;954.0;953.7;;20.6;;20.7;20.4;;;;;;184.0;3.6;2.3
2019/03/28;1000 UTC;0.0;954.7;954.7;954.0;8.0;20.7;;20.7;20.5;;;;;;177.0;4.1;2.6
2019/03/28;1100 UTC;0.0;955.5;955.5;954.7;287.6;22.4;;22.4;20.7;;;;;;161.0;4.5;1.3
2019/03/28;1200 UTC;0.0;956.2;956.2;955.5;768.1;24.7;;24.8;22.4;;;;;;152.0;5.3;3.2
2019/03/28;1300 UTC;0.0;956.4;956.4;956.2;1986.9;28.4;;28.5;24.5;;;;;;80.0;6.0;2.7
2019/03/28;1400 UTC;0.0;956.5;956.5;956.4;1638.0;28.6;;29.3;27.7;;;;;;53.0;6.4;3.2
2019/03/28;1500 UTC;0.0;956.0;956.5;956.0;2755.8;31.3;;31.3;28.4;;;;;;59.0;7.3;3.3
2019/03/28;1600 UTC;0.0;955.5;956.0;955.4;1249.6;26.5;;31.3;26.5;;;;;;326.0;6.5;3.2
2019/03/28;1700 UTC;1.2;954.9;955.6;954.9;310.7;24.2;;26.4;23.7;;;;;;210.0;7.5;3.1
2019/03/28;1800 UTC;0.0;953.9;954.9;953.8;800.4;26.4;;26.4;24.0;;;;;;264.0;4.8;1.3
2019/03/28;1900 UTC;0.8;954.1;954.3;953.8;490.6;23.6;;26.4;23.6;;;;;;53.0;9.4;3.5
2019/03/28;2000 UTC;2.6;953.4;954.1;953.4;283.7;23.8;;23.8;22.6;;;;;;156.0;6.9;0.7
2019/03/28;2100 UTC;0.0;953.7;953.8;953.4;205.3;24.1;;24.2;23.8;;;;;;179.0;3.7;2.1
2019/03/28;2200 UTC;0.0;953.8;953.8;953.5;62.1;24.2;;24.5;24.0;;;;;;139.0;3.8;3.0
2019/03/28;2300 UTC;0.2;954.3;954.3;953.8;0.0;23.3;;24.8;22.8;;;;;;118.0;12.9;2.5
2019/03/29;0000 UTC;0.0;955.0;955.0;954.3;1.7;22.8;;24.3;22.8;;;;;;156.0;5.4;2.6
2019/03/29;0100 UTC;0.0;955.3;955.3;954.9;;24.1;;24.2;22.8;;;;;;127.0;5.4;2.9
2019/03/29;0200 UTC;0.0;955.8;955.8;955.3;;22.9;;24.2;22.9;;;;;;131.0;4.1;2.4
2019/03/29;0300 UTC;0.0;955.6;955.8;955.5;;23.4;;23.8;22.4;;;;;;114.0;5.4;3.2
2019/03/29;0400 UTC;0.0;955.6;955.7;955.6;;23.1;;23.4;23.0;;;;;;119.0;5.4;2.7
2019/03/29;0500 UTC;0.0;955.0;955.6;955.0;;21.8;;23.1;21.8;;;;;;167.0;4.4;2.9
2019/03/29;0600 UTC;0.0;954.9;955.0;954.9;;21.1;;21.8;21.0;;;;;;181.0;4.3;2.4
2019/03/29;0700 UTC;0.0;954.8;954.9;954.7;;22.7;;22.7;21.1;;;;;;118.0;5.3;3.2
2019/03/29;0800 UTC;0.0;954.8;954.9;954.7;;22.4;;22.7;22.2;;;;;;104.0;5.3;3.1
2019/03/29;0900 UTC;0.0;955.2;955.2;954.7;;22.0;;22.5;21.8;;;;;;122.0;5.4;2.8
2019/03/29;1000 UTC;0.0;955.7;955.7;955.2;12.5;22.6;;22.7;21.8;;;;;;117.0;5.7;3.6
2019/03/29;1100 UTC;0.0;956.1;956.1;955.7;419.7;23.5;;23.5;22.4;;;;;;120.0;8.4;4.4
2019/03/29;1200 UTC;0.0;956.5;956.6;956.1;1264.5;25.1;;25.2;23.5;;;;;;106.0;9.2;5.3
2019/03/29;1300 UTC;0.0;956.4;956.5;956.4;2103.3;26.6;;26.6;25.1;;;;;;110.0;9.7;5.2
2019/03/29;1400 UTC;0.0;956.3;956.5;956.3;2784.3;28.4;;28.5;26.6;;;;;;105.0;9.0;4.8
2019/03/29;1500 UTC;0.2;955.6;956.3;955.6;3174.8;29.6;;30.2;28.4;;;;;;105.0;7.7;4.4
2019/03/29;1600 UTC;0.0;954.7;955.6;954.7;3221.3;31.1;;31.1;29.6;;;;;;67.0;7.8;3.0
2019/03/29;1700 UTC;0.0;953.9;954.7;953.9;2713.0;30.5;;32.0;30.1;;;;;;67.0;7.4;3.2
2019/03/29;1800 UTC;0.0;952.9;953.9;952.9;2569.6;31.8;;32.3;30.4;;;;;;54.0;6.6;2.6
2019/03/29;1900 UTC;0.0;951.8;952.9;951.8;1987.2;31.7;;32.7;30.4;;;;;;110.0;6.5;2.6
2019/03/29;2000 UTC;0.0;951.4;951.8;951.4;1382.9;31.1;;32.0;30.5;;;;;;116.0;7.8;4.5
2019/03/29;2100 UTC;0.0;951.6;951.6;951.4;657.4;29.7;;31.3;29.7;;;;;;113.0;7.6;3.2
2019/03/29;2200 UTC;0.0;952.0;952.0;951.6;73.2;27.1;;29.7;27.1;;;;;;123.0;5.8;3.2
2019/03/29;2300 UTC;0.0;952.8;952.8;952.0;;26.2;;27.1;26.2;;;;;;118.0;5.0;3.1
2019/03/30;0000 UTC;0.0;953.6;953.6;952.8;;25.6;;26.1;25.6;;;;;;124.0;5.7;3.6
2019/03/30;0100 UTC;0.0;954.2;954.2;953.6;;25.2;;25.5;25.1;;;;;;117.0;6.5;3.6
2019/03/30;0200 UTC;0.0;954.5;954.6;954.2;;24.5;;25.2;24.3;;;;;;110.0;5.6;3.3
2019/03/30;0300 UTC;0.0;954.3;954.5;954.3;;24.4;;24.5;24.2;;;;;;115.0;5.5;3.3
2019/03/30;0400 UTC;0.0;954.5;954.5;954.3;;23.2;;24.4;23.2;;;;;;122.0;5.5;2.7
2019/03/30;0500 UTC;0.0;954.4;954.5;954.3;;21.7;;23.2;21.6;;;;;;164.0;4.7;2.8
2019/03/30;0600 UTC;0.0;953.9;954.4;953.9;;22.1;;22.2;21.5;;;;;;144.0;4.8;3.0
2019/03/30;0700 UTC;0.0;953.9;954.0;953.8;;21.1;;22.1;20.7;;;;;;152.0;4.7;3.2
2019/03/30;0800 UTC;0.0;953.9;954.0;953.9;;21.4;;21.5;20.5;;;;;;145.0;5.0;3.3
2019/03/30;0900 UTC;0.0;954.3;954.3;953.9;;21.9;;22.1;21.1;;;;;;138.0;5.8;3.5
2019/03/30;1000 UTC;0.0;954.9;954.9;954.3;11.5;22.6;;22.6;21.6;;;;;;123.0;6.6;3.7
2019/03/30;1100 UTC;0.0;955.8;955.8;954.9;445.6;24.4;;24.4;22.6;;;;;;102.0;8.0;3.9
2019/03/30;1200 UTC;0.0;956.2;956.2;955.8;1298.0;26.4;;26.4;24.4;;;;;;94.0;7.5;4.6
2019/03/30;1300 UTC;0.0;956.4;956.5;956.1;2143.1;28.4;;28.7;26.4;;;;;;73.0;8.0;2.6
2019/03/30;1400 UTC;0.0;956.3;956.5;956.3;2797.8;29.8;;30.1;28.2;;;;;;73.0;7.7;3.0
2019/03/30;1500 UTC;0.0;955.5;956.3;955.5;3202.0;31.1;;31.9;29.3;;;;;;68.0;6.0;2.9
2019/03/30;1600 UTC;0.0;954.3;955.5;954.3;3482.7;32.1;;32.5;30.6;;;;;;59.0;6.0;2.0
2019/03/30;1700 UTC;0.0;953.3;954.3;953.3;3355.6;31.7;;33.3;31.7;;;;;;70.0;5.7;2.7
2019/03/30;1800 UTC;0.0;952.3;953.3;952.3;2871.4;32.5;;33.4;31.1;;;;;;53.0;5.0;2.1
2019/03/30;1900 UTC;0.0;951.7;952.3;951.7;2414.4;33.1;;33.4;32.3;;;;;;42.0;4.6;2.1
2019/03/30;2000 UTC;0.0;951.6;951.7;951.6;1614.5;32.7;;33.8;32.5;;;;;;350.0;4.4;1.2
2019/03/30;2100 UTC;0.0;951.8;951.8;951.6;684.9;32.2;;32.7;31.5;;;;;;334.0;3.6;0.5
2019/03/30;2200 UTC;0.0;951.9;951.9;951.7;74.9;27.4;;32.2;27.4;;;;;;122.0;2.8;1.7
2019/03/30;2300 UTC;0.0;952.3;952.3;951.9;;25.6;;27.4;25.6;;;;;;100.0;4.1;2.8
2019/03/31;0000 UTC;0.0;952.9;952.9;952.3;;25.0;;25.8;24.9;;;;;;103.0;4.7;2.7
2019/03/31;0100 UTC;0.0;953.1;953.1;952.9;;25.2;;25.4;24.9;;;;;;112.0;5.0;3.0
2019/03/31;0200 UTC;0.0;953.5;953.5;953.1;;24.2;;25.3;24.2;;;;;;124.0;5.4;3.4
2019/03/31;0300 UTC;0.0;953.4;953.5;953.4;;21.7;;24.7;21.7;;;;;;161.0;7.5;2.8
2019/03/31;0400 UTC;0.0;953.0;953.4;953.0;;21.4;;23.3;21.0;;;;;;165.0;4.9;3.2
2019/03/31;0500 UTC;0.0;952.7;953.0;952.7;;21.4;;22.3;21.0;;;;;;168.0;4.8;2.7
2019/03/31;0600 UTC;0.0;951.9;952.7;951.9;;21.4;;21.5;20.9;;;;;;152.0;3.6;2.6
2019/03/31;0700 UTC;0.0;951.3;951.9;951.3;;20.7;;21.4;20.5;;;;;;146.0;3.8;2.7
2019/03/31;0800 UTC;0.0;951.4;951.4;951.2;;20.2;;21.0;20.2;;;;;;178.0;3.7;2.4
2019/03/31;0900 UTC;0.0;952.2;952.2;951.4;;20.7;;20.9;20.2;;;;;;157.0;4.7;3.5
2019/03/31;1000 UTC;0.0;953.2;953.2;952.2;13.9;19.9;;20.8;19.6;;;;;;157.0;5.0;3.6
2019/03/31;1100 UTC;0.0;953.6;953.6;953.1;394.4;21.6;;21.6;19.9;;;;;;158.0;5.3;3.5
2019/03/31;1200 UTC;0.0;954.1;954.2;953.6;1250.3;26.8;;26.8;21.6;;;;;;83.0;5.3;2.6
2019/03/31;1300 UTC;0.0;954.3;954.3;954.1;1991.2;27.6;;27.9;26.6;;;;;;67.0;5.7;2.6
2019/03/31;1400 UTC;0.0;954.3;954.5;954.3;2331.1;29.8;;30.0;27.4;;;;;;49.0;5.6;2.7
2019/03/31;1500 UTC;0.0;953.6;954.3;953.6;3062.6;30.5;;30.8;29.6;;;;;;56.0;5.6;2.3
2019/03/31;1600 UTC;0.0;952.3;953.6;952.3;3183.1;31.5;;31.6;30.4;;;;;;2.0;6.1;2.4
2019/03/31;1700 UTC;0.0;951.3;952.3;951.3;3188.2;31.6;;32.6;31.3;;;;;;360.0;6.2;2.6
2019/03/31;1800 UTC;0.0;950.7;951.3;950.7;2657.1;32.5;;32.6;31.2;;;;;;310.0;7.3;3.3
2019/03/31;1900 UTC;0.0;950.6;950.7;950.5;2032.4;32.3;;32.8;31.1;;;;;;279.0;5.7;2.7
2019/03/31;2000 UTC;0.0;950.6;950.7;950.5;1052.6;31.0;;32.3;30.4;;;;;;277.0;5.4;2.0
2019/03/31;2100 UTC;0.0;950.5;950.7;950.4;502.1;29.0;;31.0;29.0;;;;;;277.0;4.1;1.4
2019/03/31;2200 UTC;0.0;950.8;950.8;950.4;52.3;27.1;;29.1;27.1;;;;;;112.0;2.7;1.3
2019/03/31;2300 UTC;0.0;951.8;951.8;950.8;;25.6;;27.2;24.9;;;;;;165.0;3.1;1.6
2019/04/01;0000 UTC;0.0;952.6;952.6;951.8;;25.4;;25.8;24.6;;;;;;111.0;3.9;2.0
2019/04/01;0100 UTC;0.0;952.6;952.7;952.6;;23.3;;25.4;23.3;;;;;;144.0;3.4;2.4
2019/04/01;0200 UTC;0.0;952.4;952.6;952.4;;22.5;;23.5;22.5;;;;;;166.0;3.2;2.7
2019/04/01;0300 UTC;0.0;952.5;952.5;952.3;;21.9;;22.4;21.9;;;;;;167.0;3.7;2.8
2019/04/01;0400 UTC;0.0;951.8;952.5;951.8;;21.5;;21.9;21.5;;;;;;161.0;3.7;2.9
2019/04/01;0500 UTC;0.0;951.2;951.8;951.2;;20.3;;21.5;20.3;;;;;;162.0;3.9;3.1
2019/04/01;0600 UTC;0.0;951.0;951.2;951.0;;19.4;;20.3;19.4;;;;;;157.0;5.5;3.6
2019/04/01;0700 UTC;0.0;950.8;951.1;950.8;;19.3;;19.8;19.1;;;;;;158.0;4.5;3.4
2019/04/01;0800 UTC;0.0;951.0;951.0;950.8;;19.1;;19.4;18.7;;;;;;156.0;4.4;3.4
2019/04/01;0900 UTC;0.0;951.3;951.3;951.0;;19.0;;19.1;18.8;;;;;;155.0;5.4;3.6
2019/04/01;1000 UTC;0.0;951.9;952.0;951.3;12.7;19.0;;19.0;18.6;;;;;;157.0;5.2;3.0
2019/04/01;1100 UTC;0.0;952.2;952.4;951.9;465.8;24.5;;24.5;19.0;;;;;;88.0;5.7;3.0
2019/04/01;1200 UTC;0.0;952.8;952.8;952.2;1136.8;27.2;;27.2;24.5;;;;;;81.0;6.7;2.8
2019/04/01;1300 UTC;0.0;953.2;953.2;952.8;2081.1;29.2;;29.3;27.0;;;;;;43.0;6.9;3.7
2019/04/01;1400 UTC;0.0;953.1;953.2;953.0;2795.6;30.6;;30.6;29.1;;;;;;60.0;6.9;3.0
2019/04/01;1500 UTC;0.0;952.7;953.2;952.6;3237.2;32.1;;32.4;30.5;;;;;;17.0;6.0;3.3
2019/04/01;1600 UTC;0.0;951.7;952.7;951.7;3282.2;31.9;;32.9;31.8;;;;;;2.0;8.2;3.2
2019/04/01;1700 UTC;0.0;950.6;951.7;950.6;3409.6;32.7;;33.7;31.8;;;;;;18.0;8.2;2.9
2019/04/01;1800 UTC;0.0;949.6;950.6;949.6;2963.9;33.0;;33.9;32.5;;;;;;338.0;6.7;2.6
2019/04/01;1900 UTC;0.0;948.7;949.6;948.7;2473.6;33.4;;33.8;32.7;;;;;;60.0;4.7;2.1
2019/04/01;2000 UTC;0.0;948.8;948.8;948.5;1364.7;32.1;;33.4;31.9;;;;;;320.0;4.9;3.1
2019/04/01;2100 UTC;0.0;949.4;949.4;948.8;415.8;30.0;;32.4;30.0;;;;;;289.0;4.9;1.8
2019/04/01;2200 UTC;0.0;949.8;949.8;949.4;33.9;27.5;;30.0;27.5;;;;;;124.0;2.8;0.5
2019/04/01;2300 UTC;0.0;950.2;950.2;949.8;;27.2;;27.8;27.1;;;;;;229.0;2.6;1.6
2019/04/02;0000 UTC;0.0;950.8;950.8;950.1;;25.2;;27.2;25.2;;;;;;172.0;2.3;1.9
2019/04/02;0100 UTC;0.0;950.9;950.9;950.8;;24.3;;25.2;23.8;;;;;;166.0;5.0;2.3
2019/04/02;0200 UTC;0.0;951.3;951.3;950.9;;24.2;;24.5;23.6;;;;;;157.0;3.0;2.0
2019/04/02;0300 UTC;0.0;951.3;951.4;951.3;;24.1;;24.8;23.9;;;;;;150.0;2.9;2.2
2019/04/02;0400 UTC;0.0;951.2;951.4;951.2;;23.4;;24.2;23.2;;;;;;150.0;3.4;2.7
2019/04/02;0500 UTC;0.0;950.8;951.2;950.8;;22.9;;23.6;22.6;;;;;;159.0;4.4;2.9
2019/04/02;0600 UTC;0.0;950.5;950.8;950.5;;23.0;;23.4;22.9;;;;;;176.0;4.5;1.3
2019/04/02;0700 UTC;0.0;950.1;950.6;950.1;;22.9;;23.2;22.7;;;;;;24.0;1.9;0.6
2019/04/02;0800 UTC;0.0;950.0;950.2;949.9;;22.7;;23.4;22.5;;;;;;248.0;2.1;0.7
2019/04/02;0900 UTC;0.0;950.5;950.5;950.0;;22.5;;23.0;22.5;;;;;;166.0;2.1;1.6
2019/04/02;1000 UTC;0.0;951.4;951.4;950.5;8.7;22.5;;22.6;22.3;;;;;;165.0;2.9;2.2
2019/04/02;1100 UTC;0.0;952.2;952.2;951.4;92.4;23.9;;23.9;22.5;;;;;;119.0;3.1;1.5
2019/04/02;1200 UTC;0.0;952.8;952.8;952.2;366.1;25.6;;25.6;23.9;;;;;;55.0;4.3;2.4
2019/04/02;1300 UTC;0.0;953.0;953.0;952.8;554.8;26.1;;26.1;25.6;;;;;;45.0;4.0;1.9
2019/04/02;1400 UTC;0.0;953.4;953.5;953.0;762.5;27.0;;27.0;26.1;;;;;;50.0;3.7;2.3
2019/04/02;1500 UTC;0.0;952.5;953.4;952.5;1586.2;28.1;;28.1;27.0;;;;;;44.0;5.8;3.0
2019/04/02;1600 UTC;0.0;952.2;952.5;952.2;1615.9;28.6;;29.0;28.1;;;;;;8.0;6.2;3.3
2019/04/02;1700 UTC;0.0;951.2;952.2;951.2;1312.5;28.9;;29.1;28.3;;;;;;359.0;5.5;2.6
2019/04/02;1800 UTC;0.0;950.3;951.2;950.3;1680.7;29.7;;30.8;28.9;;;;;;2.0;4.9;2.1
2019/04/02;1900 UTC;0.0;949.4;950.3;949.4;2247.9;31.5;;32.1;29.7;;;;;;350.0;4.3;1.9
2019/04/02;2000 UTC;0.0;949.4;949.4;949.3;379.7;29.2;;31.5;29.2;;;;;;260.0;4.5;1.0
2019/04/02;2100 UTC;0.0;949.7;949.7;949.2;144.6;27.5;;29.2;27.4;;;;;;199.0;1.7;1.0
2019/04/02;2200 UTC;0.0;950.5;950.5;949.7;15.8;25.8;;27.5;25.7;;;;;;113.0;5.3;3.3
2019/04/02;2300 UTC;0.0;950.7;950.7;950.5;;25.6;;26.1;25.5;;;;;;174.0;4.9;1.3
2019/04/03;0000 UTC;0.0;951.3;951.3;950.5;;24.9;;25.8;24.9;;;;;;170.0;4.0;2.0
2019/04/03;0100 UTC;0.0;952.1;952.1;951.3;;24.4;;24.9;24.3;;;;;;168.0;2.8;1.9
2019/04/03;0200 UTC;0.0;952.5;952.5;952.1;;24.5;;24.7;24.0;;;;;;359.0;3.6;0.6
2019/04/03;0300 UTC;0.0;952.8;952.9;952.5;;23.7;;24.5;23.7;;;;;;223.0;2.8;1.9
2019/04/03;0400 UTC;0.0;952.8;952.9;952.6;;23.9;;24.2;23.4;;;;;;240.0;4.8;2.7
2019/04/03;0500 UTC;0.0;951.8;952.8;951.8;;23.2;;23.9;23.2;;;;;;215.0;5.6;2.5
2019/04/03;0600 UTC;0.0;951.2;951.8;951.2;;22.9;;23.2;22.9;;;;;;172.0;3.8;1.9
2019/04/03;0700 UTC;0.0;950.6;951.2;950.4;;22.6;;23.0;22.6;;;;;;186.0;2.8;1.7
2019/04/03;0800 UTC;0.0;950.3;950.6;950.3;;22.3;;22.7;22.3;;;;;;169.0;4.0;2.5
2019/04/03;0900 UTC;0.0;950.5;950.5;950.3;;22.3;;22.5;22.2;;;;;;176.0;4.6;3.0
2019/04/03;1000 UTC;0.0;951.3;951.3;950.5;10.6;21.9;;22.3;21.9;;;;;;177.0;4.9;3.4
2019/04/03;1100 UTC;0.0;951.8;951.8;951.3;284.8;23.1;;23.1;21.9;;;;;;171.0;6.1;3.5
2019/04/03;1200 UTC;0.0;952.3;952.4;951.8;752.2;25.4;;25.6;23.1;;;;;;167.0;5.4;2.4
2019/04/03;1300 UTC;0.0;952.7;952.7;952.3;1162.1;26.8;;26.9;25.4;;;;;;180.0;5.3;2.6
2019/04/03;1400 UTC;0.0;952.5;952.8;952.5;2214.1;29.0;;29.1;26.7;;;;;;142.0;5.4;2.1
2019/04/03;1500 UTC;0.0;951.8;952.5;951.8;2795.9;29.6;;31.2;29.0;;;;;;21.0;4.4;1.8
2019/04/03;1600 UTC;0.0;951.3;951.8;951.1;716.7;25.4;;29.9;25.4;;;;;;306.0;12.8;6.4
2019/04/03;1700 UTC;15.4;951.5;951.6;951.3;185.7;22.6;;25.4;21.9;;;;;;302.0;12.9;2.2
2019/04/03;1800 UTC;0.2;950.2;951.5;950.2;379.5;22.6;;22.9;22.4;;;;;;52.0;4.0;1.6
2019/04/03;1900 UTC;0.0;949.6;950.2;949.6;615.2;23.5;;23.6;22.6;;;;;;33.0;2.9;1.9
2019/04/03;2000 UTC;0.0;949.4;949.6;949.3;769.2;23.8;;24.2;23.3;;;;;;56.0;2.8;1.6
2019/04/03;2100 UTC;0.0;949.3;949.4;949.2;557.5;24.0;;24.5;23.8;;;;;;44.0;3.2;1.3
2019/04/03;2200 UTC;0.0;949.1;949.3;949.1;32.4;23.0;;24.0;23.0;;;;;;38.0;2.0;1.1
2019/04/03;2300 UTC;0.0;949.5;949.5;949.1;;22.5;;23.0;22.5;;;;;;25.0;2.0;1.4
2019/04/04;0000 UTC;0.0;950.1;950.2;949.5;;22.5;;22.5;22.2;;;;;;29.0;2.1;1.3
2019/04/04;0100 UTC;0.0;950.3;950.3;950.1;;22.4;;22.5;22.1;;;;;;18.0;3.3;2.1
2019/04/04;0200 UTC;0.0;950.3;950.4;950.3;;22.3;;22.4;22.1;;;;;;335.0;3.3;1.3
2019/04/04;0300 UTC;0.0;949.8;950.3;949.8;;22.2;;22.3;22.1;;;;;;347.0;2.8;1.7
2019/04/04;0400 UTC;0.0;949.6;949.8;949.6;;22.1;;22.2;22.1;;;;;;21.0;2.9;0.9
2019/04/04;0500 UTC;0.0;949.1;949.6;949.1;;22.0;;22.3;22.0;;;;;;322.0;2.6;1.5
2019/04/04;0600 UTC;0.0;948.5;949.1;948.5;;21.7;;22.0;21.5;;;;;;297.0;2.4;1.1
2019/04/04;0700 UTC;0.0;948.2;948.5;948.2;;21.6;;21.7;21.6;;;;;;344.0;2.4;1.1
2019/04/04;0800 UTC;0.0;948.0;948.2;948.0;;21.6;;21.6;21.5;;;;;;329.0;3.2;1.7
2019/04/04;0900 UTC;0.0;948.1;948.1;947.9;;21.5;;21.6;21.4;;;;;;343.0;3.2;1.1
2019/04/04;1000 UTC;0.0;948.7;948.7;948.1;7.5;21.5;;21.6;21.4;;;;;;346.0;2.3;1.5
2019/04/04;1100 UTC;0.0;949.3;949.3;948.7;154.5;21.8;;21.8;21.5;;;;;;333.0;4.7;2.7
2019/04/04;1200 UTC;0.0;949.7;949.7;949.3;489.5;22.0;;22.2;21.7;;;;;;340.0;4.9;3.5
2019/04/04;1300 UTC;0.0;949.9;949.9;949.7;1269.0;23.6;;23.9;21.9;;;;;;356.0;5.2;3.2
2019/04/04;1400 UTC;0.0;949.9;950.0;949.9;2413.4;26.0;;26.6;23.4;;;;;;330.0;5.6;3.1
2019/04/04;1500 UTC;0.0;949.2;949.9;949.1;3156.5;28.0;;28.2;25.9;;;;;;345.0;6.6;3.3
2019/04/04;1600 UTC;0.0;948.4;949.2;948.4;3284.6;30.0;;30.0;27.7;;;;;;314.0;6.6;2.9
2019/04/04;1700 UTC;0.0;947.9;948.4;947.9;2585.5;29.6;;30.2;28.9;;;;;;306.0;5.8;2.8
2019/04/04;1800 UTC;0.0;947.5;947.9;947.4;2430.8;30.7;;31.4;29.1;;;;;;315.0;6.4;3.9
2019/04/04;1900 UTC;0.0;946.8;947.5;946.8;2250.1;30.4;;31.0;30.3;;;;;;336.0;7.7;3.4
2019/04/04;2000 UTC;0.0;946.7;946.8;946.6;1510.2;30.1;;30.8;30.0;;;;;;345.0;6.2;3.3
2019/04/04;2100 UTC;0.0;946.9;946.9;946.6;675.1;28.9;;30.1;28.9;;;;;;338.0;5.9;3.2
2019/04/04;2200 UTC;0.0;947.4;947.4;946.9;41.7;26.5;;28.9;26.5;;;;;;348.0;5.1;1.5
2019/04/04;2300 UTC;0.0;948.3;948.3;947.4;;25.6;;26.9;25.6;;;;;;346.0;2.5;0.9
2019/04/05;0000 UTC;0.0;949.3;949.3;948.3;;24.4;;25.7;24.4;;;;;;97.0;1.8;0.3
2019/04/05;0100 UTC;0.0;949.9;949.9;949.3;;25.4;;25.5;24.1;;;;;;330.0;2.3;1.5
2019/04/05;0200 UTC;0.0;950.4;950.4;949.9;;24.0;;25.4;24.0;;;;;;80.0;2.0;0.4
2019/04/05;0300 UTC;0.0;950.1;950.4;950.1;;23.0;;24.0;22.8;;;;;;75.0;1.4;0.8
2019/04/05;0400 UTC;0.0;949.5;950.1;949.5;;22.9;;23.5;22.9;;;;;;24.0;1.9;1.1
2019/04/05;0500 UTC;0.0;948.5;949.5;948.5;;23.1;;23.1;22.1;;;;;;342.0;2.6;1.9
2019/04/05;0600 UTC;0.0;947.7;948.5;947.7;;21.8;;23.1;21.8;;;;;;18.0;3.7;2.1
2019/04/05;0700 UTC;0.0;947.7;947.8;947.6;;22.3;;22.5;21.8;;;;;;330.0;3.4;1.9
2019/04/05;0800 UTC;0.0;947.7;947.7;947.6;;22.1;;22.4;21.8;;;;;;323.0;2.8;2.1
2019/04/05;0900 UTC;0.0;948.4;948.4;947.7;;21.9;;22.2;21.8;;;;;;319.0;3.2;2.1
2019/04/05;1000 UTC;0.0;949.7;949.7;948.4;7.3;21.5;;22.0;21.3;;;;;;329.0;3.0;1.4
2019/04/05;1100 UTC;0.0;950.9;950.9;949.7;365.6;23.1;;23.1;21.6;;;;;;38.0;2.7;1.2
2019/04/05;1200 UTC;0.0;951.7;951.7;950.9;937.5;24.5;;24.5;23.1;;;;;;340.0;5.0;3.2
2019/04/05;1300 UTC;0.0;951.8;951.9;951.7;1965.0;26.5;;26.8;24.4;;;;;;357.0;7.7;5.0
2019/04/05;1400 UTC;0.0;951.9;951.9;951.8;2570.0;28.7;;28.7;26.3;;;;;;328.0;10.0;4.9
2019/04/05;1500 UTC;0.0;951.1;951.9;951.1;3017.8;28.7;;29.7;28.2;;;;;;334.0;8.8;5.9
2019/04/05;1600 UTC;0.0;949.5;951.1;949.5;2916.8;29.6;;30.6;28.7;;;;;;330.0;9.2;4.1
2019/04/05;1700 UTC;0.0;948.4;949.5;948.3;2482.6;30.3;;31.3;29.5;;;;;;306.0;8.7;3.0
2019/04/05;1800 UTC;0.2;948.0;948.7;947.9;619.9;26.1;;30.2;24.1;;;;;;48.0;10.5;1.0
2019/04/05;1900 UTC;0.0;947.8;948.0;947.7;1023.9;25.9;;27.0;25.9;;;;;;36.0;4.3;2.4
2019/04/05;2000 UTC;0.0;947.9;947.9;947.6;524.0;25.6;;25.9;25.5;;;;;;4.0;6.6;3.7
2019/04/05;2100 UTC;0.0;949.1;949.1;947.8;155.7;23.8;;25.6;23.8;;;;;;330.0;8.0;3.9
2019/04/05;2200 UTC;1.0;949.5;949.5;949.1;9.2;22.8;;23.8;22.6;;;;;;20.0;7.8;1.5
2019/04/05;2300 UTC;0.4;949.8;949.8;949.3;;23.0;;23.0;22.6;;;;;;1.0;4.7;3.2
2019/04/06;0000 UTC;0.0;950.6;950.6;949.8;;22.6;;23.0;22.6;;;;;;13.0;4.7;0.8
2019/04/06;0100 UTC;0.0;951.8;951.8;950.6;;22.9;;23.0;22.6;;;;;;6.0;2.2;1.0
2019/04/06;0200 UTC;0.0;952.3;952.3;951.8;;22.6;;22.9;22.6;;;;;;57.0;2.4;0.8
2019/04/06;0300 UTC;0.0;952.8;952.8;952.2;;22.6;;22.7;22.5;;;;;;207.0;2.8;1.8
2019/04/06;0400 UTC;0.4;952.1;953.0;952.1;;22.6;;22.7;22.6;;;;;;139.0;2.8;1.4
2019/04/06;0500 UTC;2.0;951.3;952.1;951.3;;22.2;;22.6;22.2;;;;;;129.0;3.8;0.5
2019/04/06;0600 UTC;0.0;951.0;951.3;950.9;;22.5;;22.5;22.2;;;;;;354.0;3.1;0.7
2019/04/06;0700 UTC;0.0;950.6;951.0;950.6;;22.4;;22.5;22.4;;;;;;17.0;2.4;1.3
2019/04/06;0800 UTC;0.0;950.5;950.7;950.5;;22.4;;22.5;22.4;;;;;;330.0;2.9;1.7
2019/04/06;0900 UTC;0.0;950.7;950.7;950.4;;22.4;;22.5;22.4;;;;;;338.0;3.7;2.5
2019/04/06;1000 UTC;0.0;951.4;951.4;950.7;2.9;22.4;;22.5;22.4;;;;;;355.0;5.2;3.1
2019/04/06;1100 UTC;0.0;952.3;952.3;951.4;148.3;22.7;;22.7;22.4;;;;;;335.0;5.9;3.4
2019/04/06;1200 UTC;0.0;953.4;953.4;952.3;309.2;22.5;;22.8;22.4;;;;;;310.0;6.3;2.7
2019/04/06;1300 UTC;0.0;953.8;953.9;953.4;926.2;23.8;;24.2;22.5;;;;;;321.0;4.4;2.1
2019/04/06;1400 UTC;0.0;954.1;954.1;953.9;1257.0;23.9;;25.2;23.8;;;;;;323.0;5.1;2.2
2019/04/06;1500 UTC;0.0;953.7;954.1;953.7;1821.5;25.5;;25.9;23.9;;;;;;328.0;5.5;3.2
2019/04/06;1600 UTC;0.0;953.0;953.7;953.0;2171.2;25.6;;26.9;24.4;;;;;;301.0;7.7;4.1
2019/04/06;1700 UTC;0.2;952.3;953.0;952.3;1192.0;24.1;;27.0;24.1;;;;;;259.0;7.5;2.1
2019/04/06;1800 UTC;0.2;951.3;952.3;951.3;953.2;24.5;;24.7;24.1;;;;;;244.0;6.6;3.2
2019/04/06;1900 UTC;0.0;950.8;951.3;950.8;1083.7;25.3;;25.4;24.2;;;;;;254.0;6.3;3.8
2019/04/06;2000 UTC;0.0;951.5;951.5;950.8;1008.8;24.1;;25.9;24.1;;;;;;243.0;7.0;2.8
2019/04/06;2100 UTC;0.0;951.7;951.8;951.5;323.5;23.9;;24.3;23.9;;;;;;235.0;5.3;2.5
2019/04/06;2200 UTC;0.0;952.4;952.4;951.7;57.9;23.2;;23.9;23.2;;;;;;229.0;4.3;2.1
2019/04/06;2300 UTC;0.0;952.9;952.9;952.4;;22.8;;23.2;22.8;;;;;;226.0;4.5;2.1
2019/04/07;0000 UTC;0.0;953.7;953.7;952.9;;22.0;;22.8;22.0;;;;;;224.0;7.0;3.8
2019/04/07;0100 UTC;0.0;954.5;954.5;953.6;;21.5;;22.0;21.5;;;;;;216.0;6.4;4.0
2019/04/07;0200 UTC;0.0;954.7;954.8;954.5;;21.3;;21.5;21.2;;;;;;199.0;7.3;2.9
2019/04/07;0300 UTC;0.0;954.7;954.8;954.7;;21.2;;21.4;21.2;;;;;;229.0;5.2;1.8
2019/04/07;0400 UTC;0.0;954.1;954.7;954.1;;20.9;;21.2;20.9;;;;;;209.0;5.1;3.0
2019/04/07;0500 UTC;0.0;953.7;954.1;953.7;;20.7;;20.9;20.5;;;;;;207.0;4.8;1.9
2019/04/07;0600 UTC;0.0;953.4;953.7;953.4;;20.9;;21.0;20.7;;;;;;195.0;4.3;2.7
2019/04/07;0700 UTC;0.0;953.3;953.4;953.3;;20.5;;20.9;20.5;;;;;;147.0;5.5;2.5
2019/04/07;0800 UTC;0.0;953.2;953.4;953.2;;20.1;;20.5;20.1;;;;;;146.0;6.2;3.3
2019/04/07;0900 UTC;0.0;953.4;953.4;953.2;;20.0;;20.1;20.0;;;;;;171.0;6.2;2.5
2019/04/07;1000 UTC;0.0;954.1;954.1;953.4;1.5;19.9;;20.0;19.8;;;;;;154.0;5.0;2.3
2019/04/07;1100 UTC;0.0;955.1;955.1;954.1;132.2;20.6;;20.6;19.9;;;;;;146.0;4.1;2.6
2019/04/07;1200 UTC;0.0;955.9;955.9;955.1;281.0;20.7;;20.7;20.3;;;;;;160.0;4.8;2.5
2019/04/07;1300 UTC;0.0;956.1;956.1;955.8;641.9;21.5;;21.5;20.6;;;;;;174.0;5.1;3.3
2019/04/07;1400 UTC;0.0;956.2;956.3;956.1;1085.7;23.1;;23.1;21.3;;;;;;175.0;5.1;2.4
2019/04/07;1500 UTC;0.0;955.8;956.2;955.8;1304.9;23.1;;23.6;22.8;;;;;;170.0;4.5;2.2
2019/04/07;1600 UTC;0.0;954.9;955.8;954.9;1669.8;24.7;;25.1;23.1;;;;;;269.0;3.5;0.8
2019/04/07;1700 UTC;0.0;954.1;954.9;954.1;1284.1;25.5;;25.9;24.4;;;;;;304.0;2.8;1.6
2019/04/07;1800 UTC;0.0;953.3;954.1;953.3;1004.6;25.3;;25.7;25.1;;;;;;304.0;3.6;1.6
2019/04/07;1900 UTC;0.0;952.6;953.3;952.6;1037.3;26.5;;26.5;25.1;;;;;;295.0;2.9;1.1
2019/04/07;2000 UTC;0.0;952.7;952.8;952.6;773.6;23.0;;26.6;23.0;;;;;;218.0;7.5;5.1
2019/04/07;2100 UTC;0.4;953.1;953.1;952.7;157.8;21.8;;23.0;21.8;;;;;;220.0;7.0;3.8
2019/04/07;2200 UTC;0.8;953.4;953.4;953.1;31.7;21.6;;21.8;21.6;;;;;;183.0;5.8;2.4
2019/04/07;2300 UTC;0.0;954.1;954.1;953.5;;21.8;;21.8;21.6;;;;;;202.0;3.9;2.4
2019/04/08;0000 UTC;0.0;954.8;954.8;954.1;;21.6;;21.9;21.6;;;;;;203.0;4.2;2.3
2019/04/08;0100 UTC;0.0;955.0;955.1;954.8;;21.3;;21.6;21.3;;;;;;208.0;5.0;2.8
2019/04/08;0200 UTC;0.0;954.9;955.0;954.9;;21.1;;21.4;21.1;;;;;;191.0;4.4;1.8
2019/04/08;0300 UTC;0.0;954.6;954.9;954.6;;20.7;;21.1;20.7;;;;;;140.0;3.4;0.7
2019/04/08;0400 UTC;0.0;954.1;954.6;954.1;;21.0;;21.0;20.7;;;;;;199.0;3.2;2.1
2019/04/08;0500 UTC;0.0;953.7;954.1;953.7;;20.8;;21.0;20.8;;;;;;153.0;3.1;1.1
2019/04/08;0600 UTC;0.0;953.2;953.7;953.1;;20.6;;20.8;20.6;;;;;;178.0;4.1;2.6
2019/04/08;0700 UTC;0.0;952.8;953.2;952.8;;20.3;;20.6;20.3;;;;;;166.0;6.0;3.3
2019/04/08;0800 UTC;0.0;952.8;952.9;952.8;;19.9;;20.3;19.9;;;;;;144.0;6.2;3.0
2019/04/08;0900 UTC;0.0;953.0;953.0;952.8;;19.5;;19.9;19.5;;;;;;157.0;5.6;3.2
2019/04/08;1000 UTC;0.0;953.6;953.6;953.0;2.7;19.3;;19.5;19.3;;;;;;153.0;5.5;3.4
2019/04/08;1100 UTC;0.0;954.2;954.2;953.6;137.3;19.7;;19.7;19.3;;;;;;151.0;5.5;3.3
2019/04/08;1200 UTC;0.0;955.0;955.0;954.3;508.0;20.9;;20.9;19.7;;;;;;138.0;5.7;2.4
2019/04/08;1300 UTC;0.0;955.4;955.4;955.0;1398.0;22.9;;22.9;20.9;;;;;;104.0;5.1;2.7
2019/04/08;1400 UTC;0.0;955.3;955.5;955.2;1678.4;23.4;;23.5;22.7;;;;;;127.0;5.1;2.1
2019/04/08;1500 UTC;0.0;954.8;955.3;954.8;1778.8;24.3;;24.6;23.3;;;;;;163.0;4.9;2.2
2019/04/08;1600 UTC;0.0;953.9;954.8;953.9;2193.7;25.2;;25.5;24.1;;;;;;216.0;4.5;1.8
2019/04/08;1700 UTC;0.0;953.1;953.9;953.1;1780.6;25.6;;26.1;25.0;;;;;;356.0;4.4;1.4
2019/04/08;1800 UTC;0.0;952.2;953.1;952.2;1601.3;25.5;;26.7;25.4;;;;;;202.0;3.9;2.1
2019/04/08;1900 UTC;0.0;951.8;952.2;951.8;1441.6;26.6;;27.0;25.5;;;;;;255.0;3.7;2.0
2019/04/08;2000 UTC;0.0;951.7;951.8;951.6;768.3;25.8;;26.6;25.8;;;;;;193.0;4.3;2.6
2019/04/08;2100 UTC;0.0;951.8;951.8;951.7;310.7;25.1;;25.9;25.1;;;;;;209.0;5.9;3.4
2019/04/08;2200 UTC;0.0;952.3;952.3;951.8;39.4;23.3;;25.1;23.3;;;;;;212.0;5.9;2.9
2019/04/08;2300 UTC;0.0;952.8;952.8;952.3;;22.6;;23.3;22.1;;;;;;200.0;5.7;3.4
2019/04/09;0000 UTC;0.0;953.2;953.2;952.8;;21.4;;22.7;21.3;;;;;;181.0;6.5;2.2
2019/04/09;0100 UTC;0.0;953.7;953.7;953.2;;21.4;;21.5;20.8;;;;;;193.0;3.6;2.1
2019/04/09;0200 UTC;0.0;953.9;953.9;953.7;;20.8;;21.4;20.5;;;;;;173.0;4.0;2.3
2019/04/09;0300 UTC;0.0;953.8;953.9;953.8;;19.6;;20.8;19.6;;;;;;164.0;5.2;2.9
2019/04/09;0400 UTC;0.0;953.3;953.8;953.3;;19.3;;19.8;19.3;;;;;;169.0;4.9;2.9
2019/04/09;0500 UTC;0.0;952.6;953.3;952.5;;18.8;;19.3;18.7;;;;;;169.0;5.5;3.4
2019/04/09;0600 UTC;0.0;952.5;952.7;952.5;;18.9;;18.9;18.6;;;;;;143.0;6.6;3.5
2019/04/09;0700 UTC;0.0;952.2;952.6;952.2;;17.7;;18.9;17.7;;;;;;164.0;5.4;2.3
2019/04/09;0800 UTC;0.0;952.0;952.2;951.9;;17.4;;17.7;17.4;;;;;;164.0;4.4;2.3
2019/04/09;0900 UTC;0.0;952.5;952.5;952.0;;17.4;;17.5;17.1;;;;;;153.0;3.9;2.2
2019/04/09;1000 UTC;0.0;953.0;953.0;952.5;7.0;17.2;;17.4;17.0;;;;;;159.0;4.2;2.9
2019/04/09;1100 UTC;0.0;953.5;953.5;953.0;451.6;19.5;;19.5;17.2;;;;;;151.0;5.9;3.5
2019/04/09;1200 UTC;0.0;954.1;954.1;953.5;790.7;22.0;;22.0;19.5;;;;;;122.0;6.4;3.4
2019/04/09;1300 UTC;0.0;954.3;954.3;954.1;1659.1;23.8;;24.1;21.8;;;;;;121.0;6.4;3.6
2019/04/09;1400 UTC;0.0;954.2;954.4;954.2;2815.9;26.0;;26.0;23.8;;;;;;100.0;6.7;2.9
2019/04/09;1500 UTC;0.0;953.5;954.2;953.5;3233.6;27.4;;28.0;25.8;;;;;;52.0;5.5;2.0
2019/04/09;1600 UTC;0.0;952.7;953.5;952.7;2806.2;28.1;;28.3;26.8;;;;;;16.0;5.4;1.5
2019/04/09;1700 UTC;0.0;951.8;952.7;951.8;3514.5;29.7;;29.8;27.6;;;;;;281.0;5.2;1.7
2019/04/09;1800 UTC;0.0;950.9;951.8;950.9;2558.5;29.2;;30.3;27.9;;;;;;56.0;4.1;1.1
2019/04/09;1900 UTC;0.0;950.3;950.9;950.3;1792.5;28.9;;29.3;28.0;;;;;;156.0;4.0;2.6
2019/04/09;2000 UTC;0.0;950.0;950.3;950.0;1596.8;27.9;;29.4;27.9;;;;;;174.0;4.5;2.7
2019/04/09;2100 UTC;0.0;950.0;950.0;949.9;475.1;27.3;;28.0;27.3;;;;;;147.0;4.2;2.3
2019/04/09;2200 UTC;0.0;950.4;950.4;950.0;26.3;24.3;;27.3;24.3;;;;;;134.0;3.4;2.1
2019/04/09;2300 UTC;0.0;950.9;950.9;950.4;;23.2;;24.5;23.2;;;;;;171.0;3.2;2.2
2019/04/10;0000 UTC;0.0;951.7;951.7;950.9;;22.8;;23.4;22.8;;;;;;157.0;3.5;2.0
2019/04/10;0100 UTC;0.0;952.0;952.0;951.7;;23.6;;23.6;22.5;;;;;;120.0;4.5;2.5
2019/04/10;0200 UTC;0.0;952.2;952.2;952.0;;23.8;;23.9;23.6;;;;;;114.0;5.1;2.9
2019/04/10;0300 UTC;0.0;952.1;952.3;952.1;;23.6;;23.8;23.5;;;;;;97.0;5.1;2.8
2019/04/10;0400 UTC;0.0;951.9;952.2;951.9;;22.3;;23.6;22.3;;;;;;93.0;4.6;1.7
2019/04/10;0500 UTC;0.0;951.3;951.9;951.3;;21.4;;22.3;21.3;;;;;;127.0;3.6;2.3
2019/04/10;0600 UTC;0.0;951.0;951.3;951.0;;21.7;;22.0;21.4;;;;;;108.0;4.6;2.5
2019/04/10;0700 UTC;0.0;950.9;951.1;950.9;;21.8;;22.0;20.8;;;;;;112.0;6.4;2.6
2019/04/10;0800 UTC;0.0;951.1;951.1;950.9;;20.5;;21.8;20.5;;;;;;144.0;4.6;2.7
2019/04/10;0900 UTC;0.0;951.5;951.5;951.1;;20.2;;20.6;20.0;;;;;;173.0;4.4;2.0
2019/04/10;1000 UTC;0.0;952.3;952.3;951.5;7.1;20.3;;20.4;19.8;;;;;;137.0;5.7;3.2
2019/04/10;1100 UTC;0.0;952.8;952.8;952.3;404.2;22.5;;22.5;20.3;;;;;;98.0;7.7;4.0
2019/04/10;1200 UTC;0.0;953.1;953.1;952.8;1264.2;24.5;;24.5;22.5;;;;;;81.0;8.6;3.8
2019/04/10;1300 UTC;0.0;953.5;953.5;953.1;1993.7;26.2;;26.4;24.3;;;;;;63.0;8.0;4.3
2019/04/10;1400 UTC;0.0;953.3;953.6;953.3;2782.0;28.0;;28.0;26.0;;;;;;78.0;8.2;3.5
2019/04/10;1500 UTC;0.0;952.9;953.4;952.9;3170.8;29.1;;29.3;27.8;;;;;;67.0;6.4;3.0
2019/04/10;1600 UTC;0.0;952.2;952.9;952.2;3242.0;30.4;;31.3;28.9;;;;;;28.0;6.3;3.0
2019/04/10;1700 UTC;0.0;951.1;952.2;951.1;3115.3;31.0;;31.5;29.1;;;;;;39.0;6.3;2.8
2019/04/10;1800 UTC;0.0;950.3;951.1;950.3;3337.1;31.3;;31.9;30.7;;;;;;70.0;5.6;1.9
2019/04/10;1900 UTC;0.0;949.7;950.3;949.7;2030.1;29.6;;32.1;29.6;;;;;;133.0;5.3;3.0
2019/04/10;2000 UTC;0.0;949.7;949.7;949.6;1334.7;29.8;;30.8;29.4;;;;;;116.0;5.9;2.9
2019/04/10;2100 UTC;0.0;950.0;950.0;949.7;309.1;27.8;;29.8;27.8;;;;;;129.0;6.9;3.2
2019/04/10;2200 UTC;0.0;950.6;950.6;950.0;19.1;26.2;;27.8;26.1;;;;;;129.0;5.7;3.9
2019/04/10;2300 UTC;0.0;951.2;951.2;950.6;;25.0;;26.2;25.0;;;;;;124.0;6.2;3.5
2019/04/11;0000 UTC;0.0;952.1;952.1;951.2;;23.6;;25.1;23.6;;;;;;150.0;7.3;3.6
2019/04/11;0100 UTC;0.0;952.7;952.7;952.1;;23.3;;23.9;23.0;;;;;;134.0;6.3;3.4
2019/04/11;0200 UTC;0.0;952.6;952.7;952.6;;22.5;;23.4;21.8;;;;;;136.0;5.4;3.3
2019/04/11;0300 UTC;0.0;952.4;952.6;952.4;;22.4;;23.2;22.4;;;;;;132.0;7.5;4.1
2019/04/11;0400 UTC;0.0;952.8;952.8;952.4;;22.1;;22.6;22.0;;;;;;145.0;6.0;3.7
2019/04/11;0500 UTC;0.0;952.0;952.8;952.0;;22.0;;22.4;21.9;;;;;;134.0;6.6;3.8
2019/04/11;0600 UTC;0.0;952.0;952.1;951.9;;21.9;;22.3;21.8;;;;;;140.0;6.3;3.0
2019/04/11;0700 UTC;0.0;952.0;952.2;952.0;;20.2;;21.9;20.1;;;;;;164.0;5.2;2.7
2019/04/11;0800 UTC;0.0;952.3;952.3;952.0;;20.6;;20.7;20.1;;;;;;149.0;4.7;3.1
2019/04/11;0900 UTC;0.0;953.0;953.0;952.3;;20.4;;20.6;20.0;;;;;;136.0;4.7;2.9
2019/04/11;1000 UTC;0.0;953.5;953.5;953.0;3.8;20.4;;21.0;20.3;;;;;;156.0;4.5;3.0
2019/04/11;1100 UTC;0.0;954.1;954.1;953.5;315.0;21.8;;21.8;20.1;;;;;;151.0;4.8;3.1
2019/04/11;1200 UTC;0.0;954.6;954.7;954.1;683.7;23.3;;23.3;21.7;;;;;;49.0;4.6;1.8
2019/04/11;1300 UTC;0.0;954.6;954.8;954.6;1596.2;25.6;;25.6;23.2;;;;;;21.0;4.5;1.7
2019/04/11;1400 UTC;0.0;954.5;954.7;954.5;2186.8;27.6;;27.6;25.4;;;;;;49.0;6.0;2.1
2019/04/11;1500 UTC;0.0;953.9;954.5;953.9;2532.0;27.3;;28.3;26.9;;;;;;75.0;5.4;1.6
2019/04/11;1600 UTC;0.0;953.2;953.9;953.2;2918.6;28.8;;29.1;27.3;;;;;;336.0;5.1;2.2
2019/04/11;1700 UTC;0.0;952.7;953.2;952.7;1983.8;28.2;;29.4;28.2;;;;;;328.0;5.1;2.6
2019/04/11;1800 UTC;0.0;951.5;952.7;951.5;2264.7;29.3;;29.9;28.2;;;;;;303.0;5.1;2.1
2019/04/11;1900 UTC;0.0;951.0;951.5;951.0;2116.8;30.5;;30.6;29.1;;;;;;318.0;4.7;2.1
2019/04/11;2000 UTC;0.0;951.3;951.3;951.0;1081.5;28.5;;30.5;28.5;;;;;;335.0;4.8;2.8
2019/04/11;2100 UTC;0.0;951.8;951.9;951.3;289.5;24.2;;28.4;24.2;;;;;;76.0;7.3;3.0
2019/04/11;2200 UTC;0.0;951.5;951.9;951.5;12.9;22.4;;24.3;22.4;;;;;;180.0;6.5;3.1
2019/04/11;2300 UTC;0.0;951.7;951.7;951.4;;22.8;;22.9;22.4;;;;;;172.0;5.6;2.2
2019/04/12;0000 UTC;0.0;952.6;952.6;951.7;;23.3;;23.4;22.7;;;;;;228.0;4.2;1.9
2019/04/12;0100 UTC;0.0;952.8;952.9;952.6;;22.7;;23.9;22.7;;;;;;181.0;4.0;1.8
2019/04/12;0200 UTC;0.0;952.9;952.9;952.8;;22.1;;22.7;22.1;;;;;;183.0;4.3;2.4
2019/04/12;0300 UTC;0.0;952.9;953.0;952.9;;21.9;;22.1;21.8;;;;;;175.0;3.6;2.5
2019/04/12;0400 UTC;0.0;952.7;952.9;952.7;;21.7;;22.0;21.7;;;;;;175.0;4.4;2.2
2019/04/12;0500 UTC;0.0;952.3;952.7;952.2;;21.7;;21.8;21.6;;;;;;157.0;4.4;2.4
2019/04/12;0600 UTC;0.0;952.2;952.4;952.2;;21.4;;21.7;21.4;;;;;;166.0;4.3;2.5
2019/04/12;0700 UTC;0.0;951.7;952.2;951.7;;21.4;;21.8;21.2;;;;;;138.0;4.7;2.4
2019/04/12;0800 UTC;0.0;951.5;951.7;951.5;;20.7;;21.4;20.6;;;;;;157.0;3.6;2.6
2019/04/12;0900 UTC;0.0;951.9;951.9;951.5;;20.5;;21.2;20.4;;;;;;139.0;3.2;1.8
2019/04/12;1000 UTC;0.0;952.4;952.4;951.9;9.6;21.7;;21.7;20.1;;;;;;81.0;4.5;3.0
2019/04/12;1100 UTC;0.0;952.9;952.9;952.4;384.0;23.8;;23.8;21.7;;;;;;83.0;5.9;3.0
2019/04/12;1200 UTC;0.0;953.4;953.4;952.9;965.4;24.6;;25.0;23.7;;;;;;44.0;5.9;2.0
2019/04/12;1300 UTC;0.0;953.6;953.6;953.4;1270.5;26.0;;26.8;24.6;;;;;;64.0;5.1;2.6
2019/04/12;1400 UTC;0.0;953.6;953.8;953.6;1391.3;27.1;;27.4;26.0;;;;;;86.0;5.1;3.2
2019/04/12;1500 UTC;0.0;953.0;953.6;953.0;2378.0;28.7;;28.9;27.1;;;;;;80.0;6.0;2.9
2019/04/12;1600 UTC;0.0;952.1;953.0;952.0;3201.6;29.4;;29.9;28.2;;;;;;60.0;6.2;3.1
2019/04/12;1700 UTC;0.0;951.1;952.1;951.1;1520.8;28.5;;30.0;28.0;;;;;;104.0;5.5;1.2
2019/04/12;1800 UTC;0.0;950.1;951.1;950.1;1644.2;28.9;;30.4;28.6;;;;;;43.0;4.5;1.1
2019/04/12;1900 UTC;0.0;949.5;950.1;949.5;1396.6;30.4;;30.5;28.9;;;;;;243.0;3.5;2.1
2019/04/12;2000 UTC;0.0;949.4;949.5;949.2;1849.9;28.2;;31.6;28.1;;;;;;61.0;7.6;4.2
2019/04/12;2100 UTC;0.0;949.6;949.7;949.4;774.2;24.8;;28.3;24.8;;;;;;68.0;7.6;3.1
2019/04/12;2200 UTC;0.0;949.9;949.9;949.6;9.3;24.1;;24.9;24.0;;;;;;95.0;7.4;4.2
2019/04/12;2300 UTC;0.0;950.5;950.5;949.9;;23.6;;24.2;23.5;;;;;;91.0;7.4;1.6
2019/04/13;0000 UTC;0.0;951.3;951.3;950.5;;23.1;;23.6;23.1;;;;;;167.0;4.3;1.9
2019/04/13;0100 UTC;0.0;951.9;951.9;951.3;;23.5;;23.7;23.1;;;;;;225.0;6.1;1.9
2019/04/13;0200 UTC;0.0;952.0;952.1;951.9;;23.3;;23.6;23.3;;;;;;203.0;3.1;1.5
2019/04/13;0300 UTC;0.0;952.0;952.1;951.9;;22.6;;23.4;22.5;;;;;;8.0;2.3;1.2
2019/04/13;0400 UTC;0.0;951.5;952.0;951.5;;22.5;;22.7;22.4;;;;;;92.0;2.1;0.6
2019/04/13;0500 UTC;0.0;951.2;951.6;951.2;;22.5;;22.5;22.4;;;;;;174.0;1.1;0.6
2019/04/13;0600 UTC;0.0;950.7;951.2;950.7;;21.8;;22.5;21.7;;;;;;76.0;2.3;1.5
2019/04/13;0700 UTC;0.0;950.3;950.7;950.3;;22.1;;22.1;21.8;;;;;;202.0;2.7;1.0
2019/04/13;0800 UTC;0.0;950.2;950.3;950.1;;21.9;;22.1;21.9;;;;;;153.0;1.8;1.2
2019/04/13;0900 UTC;0.0;950.2;950.3;950.1;;21.8;;21.9;21.5;;;;;;86.0;2.5;0.8
2019/04/13;1000 UTC;0.0;950.8;950.8;950.2;2.9;21.5;;22.0;21.5;;;;;;74.0;2.2;0.6
2019/04/13;1100 UTC;0.0;951.6;951.6;950.8;148.1;22.5;;22.5;21.5;;;;;;101.0;2.3;0.8
2019/04/13;1200 UTC;0.0;952.2;952.2;951.6;605.6;24.0;;24.0;22.5;;;;;;30.0;3.8;1.9
2019/04/13;1300 UTC;0.0;952.3;952.3;952.1;1050.8;25.2;;25.2;23.9;;;;;;4.0;4.5;2.2
2019/04/13;1400 UTC;0.0;952.3;952.4;952.3;1770.3;26.2;;26.7;25.1;;;;;;321.0;4.9;2.5
2019/04/13;1500 UTC;0.0;951.8;952.3;951.8;3026.6;28.3;;29.0;25.8;;;;;;313.0;6.1;2.4
2019/04/13;1600 UTC;0.0;950.6;951.8;950.6;2617.7;28.2;;29.4;27.7;;;;;;326.0;6.8;3.5
2019/04/13;1700 UTC;0.0;949.7;950.6;949.7;1800.4;28.4;;29.7;28.0;;;;;;322.0;7.9;4.3
2019/04/13;1800 UTC;0.0;948.6;949.7;948.6;1793.3;30.0;;30.0;26.0;;;;;;323.0;9.4;3.3
2019/04/13;1900 UTC;0.0;948.4;948.7;948.4;1534.3;28.2;;30.7;28.2;;;;;;239.0;6.7;2.4
2019/04/13;2000 UTC;0.0;948.7;948.7;948.4;505.2;25.7;;28.4;25.7;;;;;;231.0;5.1;3.4
2019/04/13;2100 UTC;7.2;949.2;949.5;948.5;200.8;23.0;;25.7;23.0;;;;;;38.0;7.7;2.8
2019/04/13;2200 UTC;0.2;949.7;949.9;949.1;71.7;23.4;;23.6;23.0;;;;;;61.0;4.8;1.2
2019/04/13;2300 UTC;0.2;950.6;950.7;949.7;;23.0;;23.6;23.0;;;;;;37.0;3.5;1.4
2019/04/14;0000 UTC;0.0;951.2;951.2;950.6;;22.6;;23.0;22.6;;;;;;64.0;2.5;1.4
2019/04/14;0100 UTC;0.0;951.8;951.8;951.2;;22.8;;22.9;22.4;;;;;;142.0;2.2;1.0
2019/04/14;0200 UTC;0.0;951.5;952.2;951.5;;22.2;;23.0;22.2;;;;;;45.0;9.3;2.2
2019/04/14;0300 UTC;0.0;951.5;951.6;951.3;;21.9;;22.2;21.8;;;;;;205.0;3.8;0.7
2019/04/14;0400 UTC;0.0;951.2;951.5;951.1;;22.2;;22.3;21.9;;;;;;242.0;1.7;0.7
2019/04/14;0500 UTC;0.2;950.7;951.3;950.7;;22.4;;22.5;22.2;;;;;;115.0;1.6;0.4
2019/04/14;0600 UTC;0.0;950.5;950.7;950.5;;22.0;;22.5;21.9;;;;;;56.0;1.8;1.2
2019/04/14;0700 UTC;0.0;950.4;950.5;950.4;;21.9;;22.0;21.8;;;;;;36.0;2.1;0.9
2019/04/14;0800 UTC;0.0;950.5;950.6;950.4;;21.9;;22.1;21.9;;;;;;1.0;2.6;1.4
2019/04/14;0900 UTC;0.0;950.8;950.8;950.5;;22.2;;22.2;21.8;;;;;;325.0;3.1;1.9
2019/04/14;1000 UTC;0.0;951.1;951.1;950.8;2.5;21.8;;22.2;21.7;;;;;;205.0;2.8;1.3
2019/04/14;1100 UTC;0.0;951.9;951.9;951.1;214.0;22.3;;22.3;21.8;;;;;;212.0;2.4;1.5
2019/04/14;1200 UTC;0.0;952.3;952.4;951.9;917.6;24.6;;24.7;22.2;;;;;;297.0;2.7;1.4
2019/04/14;1300 UTC;0.0;952.7;952.7;952.3;1773.1;25.9;;26.1;24.6;;;;;;330.0;3.1;1.9
2019/04/14;1400 UTC;0.0;952.8;952.8;952.6;2331.6;27.1;;27.3;25.9;;;;;;333.0;4.0;2.4
2019/04/14;1500 UTC;0.0;952.5;952.8;952.5;2933.0;28.2;;28.7;27.1;;;;;;345.0;4.4;3.0
2019/04/14;1600 UTC;0.0;951.8;952.5;951.8;2911.5;29.4;;29.5;27.9;;;;;;340.0;5.3;2.9
2019/04/14;1700 UTC;0.0;951.1;951.8;951.1;2972.4;30.4;;30.6;28.5;;;;;;330.0;5.6;3.3
2019/04/14;1800 UTC;0.0;950.5;951.1;950.5;1049.0;26.7;;30.4;26.6;;;;;;167.0;7.0;2.3
2019/04/14;1900 UTC;1.4;950.5;950.6;950.1;483.2;23.5;;27.3;23.5;;;;;;304.0;7.5;4.8
2019/04/14;2000 UTC;0.6;949.9;950.5;949.7;980.4;25.8;;25.8;23.1;;;;;;31.0;7.5;1.3
2019/04/14;2100 UTC;0.0;950.2;950.3;949.9;533.0;24.9;;27.4;24.9;;;;;;244.0;5.4;2.7
2019/04/14;2200 UTC;0.0;950.8;950.8;950.1;9.3;24.5;;24.9;24.2;;;;;;201.0;4.7;1.6
2019/04/14;2300 UTC;0.0;951.4;951.4;950.7;;22.8;;24.7;22.8;;;;;;153.0;5.0;1.9
2019/04/15;0000 UTC;0.0;952.4;952.4;951.4;;22.6;;23.1;22.4;;;;;;146.0;4.5;2.7
2019/04/15;0100 UTC;0.0;952.8;952.8;952.4;;22.1;;22.6;22.0;;;;;;163.0;4.2;2.3
2019/04/15;0200 UTC;0.0;953.0;953.0;952.6;;22.3;;22.5;22.1;;;;;;165.0;5.4;1.5
2019/04/15;0300 UTC;0.0;952.7;953.1;952.7;;22.0;;22.3;22.0;;;;;;169.0;3.7;1.8
2019/04/15;0400 UTC;0.0;952.6;952.7;952.4;;21.6;;22.0;21.4;;;;;;165.0;2.9;1.9
2019/04/15;0500 UTC;0.2;952.1;952.6;952.1;;21.3;;21.7;21.3;;;;;;166.0;4.0;2.6
2019/04/15;0600 UTC;0.0;952.0;952.1;952.0;;21.1;;21.4;21.1;;;;;;162.0;5.2;2.3
2019/04/15;0700 UTC;0.0;952.1;952.1;952.0;;20.9;;21.1;20.9;;;;;;168.0;4.2;2.7
2019/04/15;0800 UTC;0.0;952.1;952.2;952.1;;21.4;;21.4;20.9;;;;;;163.0;4.5;2.3
2019/04/15;0900 UTC;0.0;952.0;952.1;951.8;;21.1;;21.4;21.0;;;;;;168.0;4.0;2.7
2019/04/15;1000 UTC;0.0;952.6;952.6;951.9;8.5;21.2;;21.2;21.0;;;;;;172.0;4.8;3.1
2019/04/15;1100 UTC;0.0;953.2;953.2;952.6;295.9;21.9;;22.0;21.2;;;;;;159.0;5.4;2.0
2019/04/15;1200 UTC;0.0;953.7;953.7;953.2;990.8;24.0;;24.0;21.9;;;;;;166.0;4.2;2.4
2019/04/15;1300 UTC;0.0;954.0;954.0;953.7;1765.7;26.5;;26.5;23.8;;;;;;143.0;5.0;2.4
2019/04/15;1400 UTC;0.0;953.8;954.1;953.8;2516.8;29.0;;29.1;26.4;;;;;;66.0;4.8;2.4
2019/04/15;1500 UTC;0.0;953.5;953.9;953.5;2517.6;29.4;;30.2;28.0;;;;;;130.0;4.8;1.2
2019/04/15;1600 UTC;0.0;952.9;953.5;952.9;2116.5;29.8;;30.0;29.1;;;;;;61.0;4.2;1.8
2019/04/15;1700 UTC;0.0;952.2;952.9;952.2;1680.7;29.5;;30.4;29.2;;;;;;142.0;4.1;1.6
2019/04/15;1800 UTC;0.0;950.9;952.2;950.9;1924.4;30.0;;30.8;29.4;;;;;;70.0;4.3;1.1
2019/04/15;1900 UTC;0.0;950.3;950.9;950.3;1706.6;30.6;;31.0;29.8;;;;;;93.0;4.5;1.9
2019/04/15;2000 UTC;0.0;950.2;950.3;950.2;1059.6;29.6;;30.7;29.6;;;;;;123.0;3.9;2.2
2019/04/15;2100 UTC;0.0;950.7;950.7;950.2;401.5;28.2;;30.1;28.2;;;;;;117.0;3.5;1.4
2019/04/15;2200 UTC;0.0;951.3;951.3;950.7;24.7;25.9;;28.2;25.9;;;;;;108.0;4.2;2.6
2019/04/15;2300 UTC;0.0;951.7;951.8;951.3;;25.4;;25.9;25.3;;;;;;115.0;4.6;2.8
2019/04/16;0000 UTC;0.0;952.9;952.9;951.8;;24.5;;25.4;24.5;;;;;;99.0;4.2;2.6
2019/04/16;0100 UTC;0.0;953.8;953.8;952.9;;24.4;;24.6;24.3;;;;;;104.0;4.2;2.4
2019/04/16;0200 UTC;0.0;953.8;953.9;953.7;;23.4;;24.4;23.4;;;;;;122.0;3.5;1.9
2019/04/16;0300 UTC;0.0;953.3;953.8;953.3;;22.8;;23.5;22.8;;;;;;137.0;3.3;2.7
2019/04/16;0400 UTC;0.0;953.2;953.4;953.2;;22.6;;23.1;22.6;;;;;;155.0;3.5;2.4
2019/04/16;0500 UTC;0.0;952.7;953.2;952.7;;22.1;;22.6;22.0;;;;;;151.0;2.9;1.8
2019/04/16;0600 UTC;0.0;952.3;952.7;952.3;;21.6;;22.2;21.5;;;;;;132.0;3.5;1.6
2019/04/16;0700 UTC;0.0;952.5;952.6;952.3;;21.3;;22.0;21.3;;;;;;164.0;4.1;3.0
2019/04/16;0800 UTC;0.0;953.0;953.0;952.5;;21.2;;21.7;21.2;;;;;;175.0;4.1;2.2
2019/04/16;0900 UTC;0.0;953.3;953.3;953.0;;21.0;;21.3;20.9;;;;;;168.0;4.5;2.8
2019/04/16;1000 UTC;0.0;953.6;953.6;953.2;5.6;21.0;;21.4;21.0;;;;;;172.0;4.5;2.5
2019/04/16;1100 UTC;0.0;953.5;953.7;953.3;252.5;23.3;;23.3;21.0;;;;;;89.0;3.6;0.6
2019/04/16;1200 UTC;0.0;953.6;953.7;953.5;591.4;23.9;;23.9;23.3;;;;;;169.0;2.2;1.6
2019/04/16;1300 UTC;0.0;954.2;954.3;953.6;1613.0;27.5;;27.5;23.9;;;;;;104.0;3.5;1.0
2019/04/16;1400 UTC;0.0;954.0;954.2;954.0;2331.5;28.3;;29.3;27.4;;;;;;21.0;4.6;2.7
2019/04/16;1500 UTC;0.0;953.9;954.1;953.9;2295.5;28.7;;29.8;28.0;;;;;;350.0;5.2;2.0
2019/04/16;1600 UTC;0.0;953.0;953.9;953.0;2579.5;30.6;;30.7;28.7;;;;;;340.0;4.3;1.7
2019/04/16;1700 UTC;0.0;951.9;953.0;951.9;2605.9;30.8;;31.1;29.9;;;;;;282.0;5.1;2.5
2019/04/16;1800 UTC;0.0;950.7;951.9;950.7;1831.7;29.9;;30.8;29.6;;;;;;307.0;5.6;1.8
2019/04/16;1900 UTC;0.0;950.3;950.7;950.3;1363.7;28.6;;30.5;28.3;;;;;;207.0;7.0;3.3
2019/04/16;2000 UTC;0.0;950.1;950.3;949.8;554.7;28.3;;28.6;27.5;;;;;;148.0;5.4;0.5
2019/04/16;2100 UTC;0.0;950.4;950.4;950.0;291.3;26.9;;28.4;26.7;;;;;;210.0;3.4;1.6
2019/04/16;2200 UTC;0.0;950.8;950.8;950.4;16.1;26.0;;27.0;25.8;;;;;;262.0;4.6;2.7
2019/04/16;2300 UTC;0.0;951.5;951.5;950.8;;24.8;;26.0;24.8;;;;;;247.0;4.7;2.8
2019/04/17;0000 UTC;0.0;952.0;952.1;951.5;;23.8;;25.0;23.6;;;;;;162.0;4.9;1.5
2019/04/17;0100 UTC;0.0;952.3;952.4;952.0;;23.1;;23.8;23.1;;;;;;171.0;4.2;1.7
2019/04/17;0200 UTC;0.0;952.4;952.6;952.3;;23.2;;23.2;22.6;;;;;;205.0;2.4;1.2
2019/04/17;0300 UTC;0.0;952.1;952.4;952.1;;22.6;;23.3;22.6;;;;;;135.0;1.8;0.8
2019/04/17;0400 UTC;0.0;951.7;952.1;951.7;;22.1;;22.6;21.7;;;;;;139.0;1.8;1.4
2019/04/17;0500 UTC;0.0;951.2;951.7;951.2;;21.6;;22.1;21.2;;;;;;55.0;1.8;0.6
2019/04/17;0600 UTC;0.0;951.0;951.4;951.0;;21.0;;21.6;21.0;;;;;;169.0;1.8;1.5
2019/04/17;0700 UTC;0.0;950.6;951.0;950.6;;20.4;;21.1;20.4;;;;;;179.0;3.6;2.3
2019/04/17;0800 UTC;0.0;950.5;950.6;950.3;;20.1;;20.4;20.0;;;;;;189.0;2.9;1.6
2019/04/17;0900 UTC;0.0;950.6;950.6;950.3;;19.8;;20.2;19.8;;;;;;179.0;3.3;1.8
2019/04/17;1000 UTC;0.0;951.5;951.5;950.6;6.0;20.0;;20.1;19.7;;;;;;171.0;3.1;0.8
2019/04/17;1100 UTC;0.0;952.0;952.0;951.5;349.6;21.9;;21.9;20.0;;;;;;157.0;2.2;1.5
2019/04/17;1200 UTC;0.0;952.8;952.8;952.0;1202.1;24.9;;25.0;21.9;;;;;;155.0;4.3;2.6
2019/04/17;1300 UTC;0.0;953.3;953.3;952.8;1978.5;27.6;;27.6;24.9;;;;;;125.0;4.6;2.5
2019/04/17;1400 UTC;0.0;953.2;953.3;953.1;2647.5;29.1;;29.2;27.3;;;;;;95.0;5.2;2.7
2019/04/17;1500 UTC;0.0;952.7;953.2;952.7;2982.5;30.3;;30.7;28.6;;;;;;44.0;5.3;2.7
2019/04/17;1600 UTC;0.0;951.9;952.7;951.9;3200.1;31.3;;31.3;29.5;;;;;;101.0;6.4;1.6
2019/04/17;1700 UTC;0.0;951.1;951.9;951.1;2005.9;30.2;;31.7;29.9;;;;;;234.0;4.1;1.5
2019/04/17;1800 UTC;0.0;950.2;951.1;950.2;2347.1;31.7;;32.0;30.2;;;;;;31.0;2.8;1.2
2019/04/17;1900 UTC;0.0;949.5;950.2;949.5;2222.5;31.6;;32.4;31.3;;;;;;18.0;3.0;1.2
2019/04/17;2000 UTC;0.0;949.2;949.5;949.2;1391.0;31.3;;32.4;31.2;;;;;;27.0;3.5;1.3
2019/04/17;2100 UTC;0.0;949.3;949.3;949.2;474.3;30.2;;31.3;30.2;;;;;;280.0;2.7;1.2
2019/04/17;2200 UTC;0.0;949.7;949.7;949.3;16.2;27.4;;30.2;27.4;;;;;;288.0;1.9;1.3
2019/04/17;2300 UTC;0.0;950.4;950.4;949.7;;24.4;;27.4;24.4;;;;;;174.0;2.4;2.0
2019/04/18;0000 UTC;0.0;951.3;951.3;950.4;;24.3;;24.5;23.5;;;;;;148.0;2.6;0.5
2019/04/18;0100 UTC;0.0;951.5;951.5;951.3;;24.0;;24.4;23.5;;;;;;138.0;2.1;0.3
2019/04/18;0200 UTC;0.0;951.6;951.8;951.5;;23.2;;24.1;22.5;;;;;;139.0;3.5;1.4
2019/04/18;0300 UTC;0.0;951.6;951.7;951.5;;22.1;;23.4;22.1;;;;;;174.0;2.2;1.4
2019/04/18;0400 UTC;0.0;951.4;951.6;951.3;;21.8;;22.3;21.6;;;;;;171.0;2.5;1.9
2019/04/18;0500 UTC;0.0;951.0;951.4;951.0;;21.3;;21.8;21.3;;;;;;164.0;3.1;2.3
2019/04/18;0600 UTC;0.0;950.7;951.0;950.7;;21.7;;21.7;21.3;;;;;;182.0;3.0;2.3
2019/04/18;0700 UTC;0.0;950.4;950.7;950.4;;20.9;;21.7;20.6;;;;;;174.0;5.7;3.7
2019/04/18;0800 UTC;;;;;;;;;;;;;;;;;
2019/04/18;0900 UTC;;;;;;;;;;;;;;;;;
2019/04/18;1000 UTC;;;;;;;;;;;;;;;;;
2019/04/18;1100 UTC;;;;;;;;;;;;;;;;;
2019/04/18;1200 UTC;;;;;;;;;;;;;;;;;
2019/04/18;1300 UTC;;;;;;;;;;;;;;;;;
2019/04/18;1400 UTC;;;;;;;;;;;;;;;;;
2019/04/18;1500 UTC;;;;;;;;;;;;;;;;;
2019/04/18;1600 UTC;;;;;;;;;;;;;;;;;
2019/04/18;1700 UTC;;;;;;;;;;;;;;;;;
2019/04/18;1800 UTC;;;;;;;;;;;;;;;;;
2019/04/18;1900 UTC;;;;;;;;;;;;;;;;;
2019/04/18;2000 UTC;;;;;;;;;;;;;;;;;
2019/04/18;2100 UTC;;;;;;;;;;;;;;;;;
2019/04/18;2200 UTC;;;;;;;;;;;;;;;;;
2019/04/18;2300 UTC;;;;;;;;;;;;;;;;;
2019/04/19;0000 UTC;;;;;;;;;;;;;;;;;
2019/04/19;0100 UTC;;;;;;;;;;;;;;;;;
2019/04/19;0200 UTC;;;;;;;;;;;;;;;;;
2019/04/19;0300 UTC;;;;;;;;;;;;;;;;;
2019/04/19;0400 UTC;;;;;;;;;;;;;;;;;
2019/04/19;0500 UTC;;;;;;;;;;;;;;;;;
2019/04/19;0600 UTC;;;;;;;;;;;;;;;;;
2019/04/19;0700 UTC;;;;;;;;;;;;;;;;;
2019/04/19;0800 UTC;;;;;;;;;;;;;;;;;
2019/04/19;0900 UTC;;;;;;;;;;;;;;;;;
2019/04/19;1000 UTC;;;;;;;;;;;;;;;;;
2019/04/19;1100 UTC;;;;;;;;;;;;;;;;;
2019/04/19;1200 UTC;;;;;;;;;;;;;;;;;
2019/04/19;1300 UTC;;;;;;;;;;;;;;;;;
2019/04/19;1400 UTC;;;;;;;;;;;;;;;;;
2019/04/19;1500 UTC;;;;;;;;;;;;;;;;;
2019/04/19;1600 UTC;;;;;;;;;;;;;;;;;
2019/04/19;1700 UTC;;;;;;;;;;;;;;;;;
2019/04/19;1800 UTC;;;;;;;;;;;;;;;;;
2019/04/19;1900 UTC;;;;;;;;;;;;;;;;;
2019/04/19;2000 UTC;;;;;;;;;;;;;;;;;
2019/04/19;2100 UTC;;;;;;;;;;;;;;;;;
2019/04/19;2200 UTC;;;;;;;;;;;;;;;;;
2019/04/19;2300 UTC;;;;;;;;;;;;;;;;;
2019/04/20;0000 UTC;;;;;;;;;;;;;;;;;
2019/04/20;0100 UTC;;;;;;;;;;;;;;;;;
2019/04/20;0200 UTC;;;;;;;;;;;;;;;;;
2019/04/20;0300 UTC;;;;;;;;;;;;;;;;;
2019/04/20;0400 UTC;;;;;;;;;;;;;;;;;
2019/04/20;0500 UTC;;;;;;;;;;;;;;;;;
2019/04/20;0600 UTC;;;;;;;;;;;;;;;;;
2019/04/20;0700 UTC;;;;;;;;;;;;;;;;;
2019/04/20;0800 UTC;;;;;;;;;;;;;;;;;
2019/04/20;0900 UTC;;;;;;;;;;;;;;;;;
2019/04/20;1000 UTC;;;;;;;;;;;;;;;;;
2019/04/20;1100 UTC;;;;;;;;;;;;;;;;;
2019/04/20;1200 UTC;;;;;;;;;;;;;;;;;
2019/04/20;1300 UTC;;;;;;;;;;;;;;;;;
2019/04/20;1400 UTC;;;;;;;;;;;;;;;;;
2019/04/20;1500 UTC;;;;;;;;;;;;;;;;;
2019/04/20;1600 UTC;;;;;;;;;;;;;;;;;
2019/04/20;1700 UTC;;;;;;;;;;;;;;;;;
2019/04/20;1800 UTC;;;;;;;;;;;;;;;;;
2019/04/20;1900 UTC;;;;;;;;;;;;;;;;;
2019/04/20;2000 UTC;;;;;;;;;;;;;;;;;
2019/04/20;2100 UTC;;;;;;;;;;;;;;;;;
2019/04/20;2200 UTC;;;;;;;;;;;;;;;;;
2019/04/20;2300 UTC;;;;;;;;;;;;;;;;;
2019/04/21;0000 UTC;;;;;;;;;;;;;;;;;
2019/04/21;0100 UTC;;;;;;;;;;;;;;;;;
2019/04/21;0200 UTC;;;;;;;;;;;;;;;;;
2019/04/21;0300 UTC;;;;;;;;;;;;;;;;;
2019/04/21;0400 UTC;;;;;;;;;;;;;;;;;
2019/04/21;0500 UTC;;;;;;;;;;;;;;;;;
2019/04/21;0600 UTC;;;;;;;;;;;;;;;;;
2019/04/21;0700 UTC;;;;;;;;;;;;;;;;;
2019/04/21;0800 UTC;;;;;;;;;;;;;;;;;
2019/04/21;0900 UTC;;;;;;;;;;;;;;;;;
2019/04/21;1000 UTC;;;;;;;;;;;;;;;;;
2019/04/21;1100 UTC;;;;;;;;;;;;;;;;;
2019/04/21;1200 UTC;;;;;;;;;;;;;;;;;
2019/04/21;1300 UTC;;;;;;;;;;;;;;;;;
2019/04/21;1400 UTC;;;;;;;;;;;;;;;;;
2019/04/21;1500 UTC;;;;;;;;;;;;;;;;;
2019/04/21;1600 UTC;;;;;;;;;;;;;;;;;
2019/04/21;1700 UTC;;;;;;;;;;;;;;;;;
2019/04/21;1800 UTC;;;;;;;;;;;;;;;;;
2019/04/21;1900 UTC;;;;;;;;;;;;;;;;;
2019/04/21;2000 UTC;;;;;;;;;;;;;;;;;
2019/04/21;2100 UTC;;;;;;;;;;;;;;;;;
2019/04/21;2200 UTC;;;;;;;;;;;;;;;;;
2019/04/21;2300 UTC;;;;;;;;;;;;;;;;;
2019/04/22;0000 UTC;;;;;;;;;;;;;;;;;
2019/04/22;0100 UTC;;;;;;;;;;;;;;;;;
2019/04/22;0200 UTC;;;;;;;;;;;;;;;;;
2019/04/22;0300 UTC;;;;;;;;;;;;;;;;;
2019/04/22;0400 UTC;;;;;;;;;;;;;;;;;
2019/04/22;0500 UTC;;;;;;;;;;;;;;;;;
2019/04/22;0600 UTC;;;;;;;;;;;;;;;;;
2019/04/22;0700 UTC;;;;;;;;;;;;;;;;;
2019/04/22;0800 UTC;;;;;;;;;;;;;;;;;
2019/04/22;0900 UTC;;;;;;;;;;;;;;;;;
2019/04/22;1000 UTC;;;;;;;;;;;;;;;;;
2019/04/22;1100 UTC;;;;;;;;;;;;;;;;;
2019/04/22;1200 UTC;;;;;;;;;;;;;;;;;
2019/04/22;1300 UTC;;;;;;;;;;;;;;;;;
2019/04/22;1400 UTC;;;;;;;;;;;;;;;;;
2019/04/22;1500 UTC;;;;;;;;;;;;;;;;;
2019/04/22;1600 UTC;;;;;;;;;;;;;;;;;
2019/04/22;1700 UTC;;;;;;;;;;;;;;;;;
2019/04/22;1800 UTC;;;;;;;;;;;;;;;;;
2019/04/22;1900 UTC;;;;;;;;;;;;;;;;;
2019/04/22;2000 UTC;;;;;;;;;;;;;;;;;
2019/04/22;2100 UTC;;;;;;;;;;;;;;;;;
2019/04/22;2200 UTC;;;;;;;;;;;;;;;;;
2019/04/22;2300 UTC;;;;;;;;;;;;;;;;;
2019/04/23;0000 UTC;;;;;;;;;;;;;;;;;
2019/04/23;0100 UTC;;;;;;;;;;;;;;;;;
2019/04/23;0200 UTC;;;;;;;;;;;;;;;;;
2019/04/23;0300 UTC;;;;;;;;;;;;;;;;;
2019/04/23;0400 UTC;;;;;;;;;;;;;;;;;
2019/04/23;0500 UTC;;;;;;;;;;;;;;;;;
2019/04/23;0600 UTC;;;;;;;;;;;;;;;;;
2019/04/23;0700 UTC;;;;;;;;;;;;;;;;;
2019/04/23;0800 UTC;;;;;;;;;;;;;;;;;
2019/04/23;0900 UTC;;;;;;;;;;;;;;;;;
2019/04/23;1000 UTC;;;;;;;;;;;;;;;;;
2019/04/23;1100 UTC;;;;;;;;;;;;;;;;;
2019/04/23;1200 UTC;;;;;;;;;;;;;;;;;
2019/04/23;1300 UTC;;;;;;;;;;;;;;;;;
2019/04/23;1400 UTC;;;;;;;;;;;;;;;;;
2019/04/23;1500 UTC;;;;;;;;;;;;;;;;;
2019/04/23;1600 UTC;;;;;;;;;;;;;;;;;
2019/04/23;1700 UTC;;;;;;;;;;;;;;;;;
2019/04/23;1800 UTC;;;;;;;;;;;;;;;;;
2019/04/23;1900 UTC;;;;;;;;;;;;;;;;;
2019/04/23;2000 UTC;;;;;;;;;;;;;;;;;
2019/04/23;2100 UTC;;;;;;;;;;;;;;;;;
2019/04/23;2200 UTC;;;;;;;;;;;;;;;;;
2019/04/23;2300 UTC;;;;;;;;;;;;;;;;;
2019/04/24;0000 UTC;;;;;;;;;;;;;;;;;
2019/04/24;0100 UTC;;;;;;;;;;;;;;;;;
2019/04/24;0200 UTC;;;;;;;;;;;;;;;;;
2019/04/24;0300 UTC;;;;;;;;;;;;;;;;;
2019/04/24;0400 UTC;;;;;;;;;;;;;;;;;
2019/04/24;0500 UTC;;;;;;;;;;;;;;;;;
2019/04/24;0600 UTC;;;;;;;;;;;;;;;;;
2019/04/24;0700 UTC;;;;;;;;;;;;;;;;;
2019/04/24;0800 UTC;;;;;;;;;;;;;;;;;
2019/04/24;0900 UTC;;;;;;;;;;;;;;;;;
2019/04/24;1000 UTC;;;;;;;;;;;;;;;;;
2019/04/24;1100 UTC;;;;;;;;;;;;;;;;;
2019/04/24;1200 UTC;;;;;;;;;;;;;;;;;
2019/04/24;1300 UTC;;;;;;;;;;;;;;;;;
2019/04/24;1400 UTC;;;;;;;;;;;;;;;;;
2019/04/24;1500 UTC;;;;;;;;;;;;;;;;;
2019/04/24;1600 UTC;;;;;;;;;;;;;;;;;
2019/04/24;1700 UTC;;;;;;;;;;;;;;;;;
2019/04/24;1800 UTC;;;;;;;;;;;;;;;;;
2019/04/24;1900 UTC;;;;;;;;;;;;;;;;;
2019/04/24;2000 UTC;;;;;;;;;;;;;;;;;
2019/04/24;2100 UTC;;;;;;;;;;;;;;;;;
2019/04/24;2200 UTC;;;;;;;;;;;;;;;;;
2019/04/24;2300 UTC;;;;;;;;;;;;;;;;;
2019/04/25;0000 UTC;;;;;;;;;;;;;;;;;
2019/04/25;0100 UTC;;;;;;;;;;;;;;;;;
2019/04/25;0200 UTC;;;;;;;;;;;;;;;;;
2019/04/25;0300 UTC;;;;;;;;;;;;;;;;;
2019/04/25;0400 UTC;;;;;;;;;;;;;;;;;
2019/04/25;0500 UTC;;;;;;;;;;;;;;;;;
2019/04/25;0600 UTC;;;;;;;;;;;;;;;;;
2019/04/25;0700 UTC;;;;;;;;;;;;;;;;;
2019/04/25;0800 UTC;;;;;;;;;;;;;;;;;
2019/04/25;0900 UTC;;;;;;;;;;;;;;;;;
2019/04/25;1000 UTC;;;;;;;;;;;;;;;;;
2019/04/25;1100 UTC;;;;;;;;;;;;;;;;;
2019/04/25;1200 UTC;;;;;;;;;;;;;;;;;
2019/04/25;1300 UTC;;;;;;;;;;;;;;;;;
2019/04/25;1400 UTC;;;;;;;;;;;;;;;;;
2019/04/25;1500 UTC;;;;;;;;;;;;;;;;;
2019/04/25;1600 UTC;;;;;;;;;;;;;;;;;
2019/04/25;1700 UTC;;;;;;;;;;;;;;;;;
2019/04/25;1800 UTC;;;;;;;;;;;;;;;;;
2019/04/25;1900 UTC;;;;;;;;;;;;;;;;;
2019/04/25;2000 UTC;;;;;;;;;;;;;;;;;
2019/04/25;2100 UTC;;;;;;;;;;;;;;;;;
2019/04/25;2200 UTC;;;;;;;;;;;;;;;;;
2019/04/25;2300 UTC;;;;;;;;;;;;;;;;;
2019/04/26;0000 UTC;;;;;;;;;;;;;;;;;
2019/04/26;0100 UTC;;;;;;;;;;;;;;;;;
2019/04/26;0200 UTC;;;;;;;;;;;;;;;;;
2019/04/26;0300 UTC;;;;;;;;;;;;;;;;;
2019/04/26;0400 UTC;;;;;;;;;;;;;;;;;
2019/04/26;0500 UTC;;;;;;;;;;;;;;;;;
2019/04/26;0600 UTC;;;;;;;;;;;;;;;;;
2019/04/26;0700 UTC;;;;;;;;;;;;;;;;;
2019/04/26;0800 UTC;;;;;;;;;;;;;;;;;
2019/04/26;0900 UTC;;;;;;;;;;;;;;;;;
2019/04/26;1000 UTC;;;;;;;;;;;;;;;;;
2019/04/26;1100 UTC;;;;;;;;;;;;;;;;;
2019/04/26;1200 UTC;;;;;;;;;;;;;;;;;
2019/04/26;1300 UTC;;;;;;;;;;;;;;;;;
2019/04/26;1400 UTC;;;;;;;;;;;;;;;;;
2019/04/26;1500 UTC;;;;;;;;;;;;;;;;;
2019/04/26;1600 UTC;;;;;;;;;;;;;;;;;
2019/04/26;1700 UTC;;;;;;;;;;;;;;;;;
2019/04/26;1800 UTC;;;;;;;;;;;;;;;;;
2019/04/26;1900 UTC;;;;;;;;;;;;;;;;;
2019/04/26;2000 UTC;;;;;;;;;;;;;;;;;
2019/04/26;2100 UTC;;;;;;;;;;;;;;;;;
2019/04/26;2200 UTC;;;;;;;;;;;;;;;;;
2019/04/26;2300 UTC;;;;;;;;;;;;;;;;;
2019/04/27;0000 UTC;;;;;;;;;;;;;;;;;
2019/04/27;0100 UTC;;;;;;;;;;;;;;;;;
2019/04/27;0200 UTC;;;;;;;;;;;;;;;;;
2019/04/27;0300 UTC;;;;;;;;;;;;;;;;;
2019/04/27;0400 UTC;;;;;;;;;;;;;;;;;
2019/04/27;0500 UTC;;;;;;;;;;;;;;;;;
2019/04/27;0600 UTC;;;;;;;;;;;;;;;;;
2019/04/27;0700 UTC;;;;;;;;;;;;;;;;;
2019/04/27;0800 UTC;;;;;;;;;;;;;;;;;
2019/04/27;0900 UTC;;;;;;;;;;;;;;;;;
2019/04/27;1000 UTC;;;;;;;;;;;;;;;;;
2019/04/27;1100 UTC;;;;;;;;;;;;;;;;;
2019/04/27;1200 UTC;;;;;;;;;;;;;;;;;
2019/04/27;1300 UTC;;;;;;;;;;;;;;;;;
2019/04/27;1400 UTC;;;;;;;;;;;;;;;;;
2019/04/27;1500 UTC;;;;;;;;;;;;;;;;;
2019/04/27;1600 UTC;;;;;;;;;;;;;;;;;
2019/04/27;1700 UTC;;;;;;;;;;;;;;;;;
2019/04/27;1800 UTC;;;;;;;;;;;;;;;;;
2019/04/27;1900 UTC;;;;;;;;;;;;;;;;;
2019/04/27;2000 UTC;;;;;;;;;;;;;;;;;
2019/04/27;2100 UTC;;;;;;;;;;;;;;;;;
2019/04/27;2200 UTC;;;;;;;;;;;;;;;;;
2019/04/27;2300 UTC;;;;;;;;;;;;;;;;;
2019/04/28;0000 UTC;;;;;;;;;;;;;;;;;
2019/04/28;0100 UTC;;;;;;;;;;;;;;;;;
2019/04/28;0200 UTC;;;;;;;;;;;;;;;;;
2019/04/28;0300 UTC;;;;;;;;;;;;;;;;;
2019/04/28;0400 UTC;;;;;;;;;;;;;;;;;
2019/04/28;0500 UTC;;;;;;;;;;;;;;;;;
2019/04/28;0600 UTC;;;;;;;;;;;;;;;;;
2019/04/28;0700 UTC;;;;;;;;;;;;;;;;;
2019/04/28;0800 UTC;;;;;;;;;;;;;;;;;
2019/04/28;0900 UTC;;;;;;;;;;;;;;;;;
2019/04/28;1000 UTC;;;;;;;;;;;;;;;;;
2019/04/28;1100 UTC;;;;;;;;;;;;;;;;;
2019/04/28;1200 UTC;;;;;;;;;;;;;;;;;
2019/04/28;1300 UTC;;;;;;;;;;;;;;;;;
2019/04/28;1400 UTC;;;;;;;;;;;;;;;;;
2019/04/28;1500 UTC;;;;;;;;;;;;;;;;;
2019/04/28;1600 UTC;;;;;;;;;;;;;;;;;
2019/04/28;1700 UTC;;;;;;;;;;;;;;;;;
2019/04/28;1800 UTC;;;;;;;;;;;;;;;;;
2019/04/28;1900 UTC;;;;;;;;;;;;;;;;;
2019/04/28;2000 UTC;;;;;;;;;;;;;;;;;
2019/04/28;2100 UTC;;;;;;;;;;;;;;;;;
2019/04/28;2200 UTC;;;;;;;;;;;;;;;;;
2019/04/28;2300 UTC;;;;;;;;;;;;;;;;;
2019/04/29;0000 UTC;;;;;;;;;;;;;;;;;
2019/04/29;0100 UTC;;;;;;;;;;;;;;;;;
2019/04/29;0200 UTC;;;;;;;;;;;;;;;;;
2019/04/29;0300 UTC;;;;;;;;;;;;;;;;;
2019/04/29;0400 UTC;;;;;;;;;;;;;;;;;
2019/04/29;0500 UTC;;;;;;;;;;;;;;;;;
2019/04/29;0600 UTC;;;;;;;;;;;;;;;;;
2019/04/29;0700 UTC;;;;;;;;;;;;;;;;;
2019/04/29;0800 UTC;;;;;;;;;;;;;;;;;
2019/04/29;0900 UTC;;;;;;;;;;;;;;;;;
2019/04/29;1000 UTC;;;;;;;;;;;;;;;;;
2019/04/29;1100 UTC;;;;;;;;;;;;;;;;;
2019/04/29;1200 UTC;;;;;;;;;;;;;;;;;
2019/04/29;1300 UTC;;;;;;;;;;;;;;;;;
2019/04/29;1400 UTC;;;;;;;;;;;;;;;;;
2019/04/29;1500 UTC;;;;;;;;;;;;;;;;;
2019/04/29;1600 UTC;;;;;;;;;;;;;;;;;
2019/04/29;1700 UTC;;;;;;;;;;;;;;;;;
2019/04/29;1800 UTC;;;;;;;;;;;;;;;;;
2019/04/29;1900 UTC;;;;;;;;;;;;;;;;;
2019/04/29;2000 UTC;;;;;;;;;;;;;;;;;
2019/04/29;2100 UTC;;;;;;;;;;;;;;;;;
2019/04/29;2200 UTC;;;;;;;;;;;;;;;;;
2019/04/29;2300 UTC;;;;;;;;;;;;;;;;;
2019/04/30;0000 UTC;;;;;;;;;;;;;;;;;
2019/04/30;0100 UTC;;;;;;;;;;;;;;;;;
2019/04/30;0200 UTC;;;;;;;;;;;;;;;;;
2019/04/30;0300 UTC;;;;;;;;;;;;;;;;;
2019/04/30;0400 UTC;;;;;;;;;;;;;;;;;
2019/04/30;0500 UTC;;;;;;;;;;;;;;;;;
2019/04/30;0600 UTC;;;;;;;;;;;;;;;;;
2019/04/30;0700 UTC;;;;;;;;;;;;;;;;;
2019/04/30;0800 UTC;;;;;;;;;;;;;;;;;
2019/04/30;0900 UTC;;;;;;;;;;;;;;;;;
2019/04/30;1000 UTC;;;;;;;;;;;;;;;;;
2019/04/30;1100 UTC;;;;;;;;;;;;;;;;;
2019/04/30;1200 UTC;;;;;;;;;;;;;;;;;
2019/04/30;1300 UTC;;;;;;;;;;;;;;;;;
2019/04/30;1400 UTC;;;;;;;;;;;;;;;;;
2019/04/30;1500 UTC;;;;;;;;;;;;;;;;;
2019/04/30;1600 UTC;;;;;;;;;;;;;;;;;
2019/04/30;1700 UTC;;;;;;;;;;;;;;;;;
2019/04/30;1800 UTC;;;;;;;;;;;;;;;;;
2019/04/30;1900 UTC;;;;;;;;;;;;;;;;;
2019/04/30;2000 UTC;;;;;;;;;;;;;;;;;
2019/04/30;2100 UTC;;;;;;;;;;;;;;;;;
2019/04/30;2200 UTC;;;;;;;;;;;;;;;;;
2019/04/30;2300 UTC;;;;;;;;;;;;;;;;;
2019/05/01;0000 UTC;;;;;;;;;;;;;;;;;
2019/05/01;0100 UTC;;;;;;;;;;;;;;;;;
2019/05/01;0200 UTC;;;;;;;;;;;;;;;;;
2019/05/01;0300 UTC;;;;;;;;;;;;;;;;;
2019/05/01;0400 UTC;;;;;;;;;;;;;;;;;
2019/05/01;0500 UTC;;;;;;;;;;;;;;;;;
2019/05/01;0600 UTC;;;;;;;;;;;;;;;;;
2019/05/01;0700 UTC;;;;;;;;;;;;;;;;;
2019/05/01;0800 UTC;;;;;;;;;;;;;;;;;
2019/05/01;0900 UTC;;;;;;;;;;;;;;;;;
2019/05/01;1000 UTC;;;;;;;;;;;;;;;;;
2019/05/01;1100 UTC;;;;;;;;;;;;;;;;;
2019/05/01;1200 UTC;;;;;;;;;;;;;;;;;
2019/05/01;1300 UTC;;;;;;;;;;;;;;;;;
2019/05/01;1400 UTC;;;;;;;;;;;;;;;;;
2019/05/01;1500 UTC;;;;;;;;;;;;;;;;;
2019/05/01;1600 UTC;;;;;;;;;;;;;;;;;
2019/05/01;1700 UTC;;;;;;;;;;;;;;;;;
2019/05/01;1800 UTC;;;;;;;;;;;;;;;;;
2019/05/01;1900 UTC;;;;;;;;;;;;;;;;;
2019/05/01;2000 UTC;;;;;;;;;;;;;;;;;
2019/05/01;2100 UTC;;;;;;;;;;;;;;;;;
2019/05/01;2200 UTC;;;;;;;;;;;;;;;;;
2019/05/01;2300 UTC;;;;;;;;;;;;;;;;;
2019/05/02;0000 UTC;;;;;;;;;;;;;;;;;
2019/05/02;0100 UTC;;;;;;;;;;;;;;;;;
2019/05/02;0200 UTC;;;;;;;;;;;;;;;;;
2019/05/02;0300 UTC;;;;;;;;;;;;;;;;;
2019/05/02;0400 UTC;;;;;;;;;;;;;;;;;
2019/05/02;0500 UTC;;;;;;;;;;;;;;;;;
2019/05/02;0600 UTC;;;;;;;;;;;;;;;;;
2019/05/02;0700 UTC;;;;;;;;;;;;;;;;;
2019/05/02;0800 UTC;;;;;;;;;;;;;;;;;
2019/05/02;0900 UTC;;;;;;;;;;;;;;;;;
2019/05/02;1000 UTC;;;;;;;;;;;;;;;;;
2019/05/02;1100 UTC;;;;;;;;;;;;;;;;;
2019/05/02;1200 UTC;;;;;;;;;;;;;;;;;
2019/05/02;1300 UTC;;;;;;;;;;;;;;;;;
2019/05/02;1400 UTC;;;;;;;;;;;;;;;;;
2019/05/02;1500 UTC;;;;;;;;;;;;;;;;;
2019/05/02;1600 UTC;;;;;;;;;;;;;;;;;
2019/05/02;1700 UTC;;;;;;;;;;;;;;;;;
2019/05/02;1800 UTC;;;;;;;;;;;;;;;;;
2019/05/02;1900 UTC;;;;;;;;;;;;;;;;;
2019/05/02;2000 UTC;;;;;;;;;;;;;;;;;
2019/05/02;2100 UTC;;;;;;;;;;;;;;;;;
2019/05/02;2200 UTC;;;;;;;;;;;;;;;;;
2019/05/02;2300 UTC;;;;;;;;;;;;;;;;;
2019/05/03;0000 UTC;;;;;;;;;;;;;;;;;
2019/05/03;0100 UTC;;;;;;;;;;;;;;;;;
2019/05/03;0200 UTC;;;;;;;;;;;;;;;;;
2019/05/03;0300 UTC;;;;;;;;;;;;;;;;;
2019/05/03;0400 UTC;;;;;;;;;;;;;;;;;
2019/05/03;0500 UTC;;;;;;;;;;;;;;;;;
2019/05/03;0600 UTC;;;;;;;;;;;;;;;;;
2019/05/03;0700 UTC;;;;;;;;;;;;;;;;;
2019/05/03;0800 UTC;;;;;;;;;;;;;;;;;
2019/05/03;0900 UTC;;;;;;;;;;;;;;;;;
2019/05/03;1000 UTC;;;;;;;;;;;;;;;;;
2019/05/03;1100 UTC;;;;;;;;;;;;;;;;;
2019/05/03;1200 UTC;;;;;;;;;;;;;;;;;
2019/05/03;1300 UTC;;;;;;;;;;;;;;;;;
2019/05/03;1400 UTC;;;;;;;;;;;;;;;;;
2019/05/03;1500 UTC;;;;;;;;;;;;;;;;;
2019/05/03;1600 UTC;;;;;;;;;;;;;;;;;
2019/05/03;1700 UTC;;;;;;;;;;;;;;;;;
2019/05/03;1800 UTC;;;;;;;;;;;;;;;;;
2019/05/03;1900 UTC;;;;;;;;;;;;;;;;;
2019/05/03;2000 UTC;;;;;;;;;;;;;;;;;
2019/05/03;2100 UTC;;;;;;;;;;;;;;;;;
2019/05/03;2200 UTC;;;;;;;;;;;;;;;;;
2019/05/03;2300 UTC;;;;;;;;;;;;;;;;;
2019/05/04;0000 UTC;;;;;;;;;;;;;;;;;
2019/05/04;0100 UTC;;;;;;;;;;;;;;;;;
2019/05/04;0200 UTC;;;;;;;;;;;;;;;;;
2019/05/04;0300 UTC;;;;;;;;;;;;;;;;;
2019/05/04;0400 UTC;;;;;;;;;;;;;;;;;
2019/05/04;0500 UTC;;;;;;;;;;;;;;;;;
2019/05/04;0600 UTC;;;;;;;;;;;;;;;;;
2019/05/04;0700 UTC;;;;;;;;;;;;;;;;;
2019/05/04;0800 UTC;;;;;;;;;;;;;;;;;
2019/05/04;0900 UTC;;;;;;;;;;;;;;;;;
2019/05/04;1000 UTC;;;;;;;;;;;;;;;;;
2019/05/04;1100 UTC;;;;;;;;;;;;;;;;;
2019/05/04;1200 UTC;;;;;;;;;;;;;;;;;
2019/05/04;1300 UTC;;;;;;;;;;;;;;;;;
2019/05/04;1400 UTC;;;;;;;;;;;;;;;;;
2019/05/04;1500 UTC;;;;;;;;;;;;;;;;;
2019/05/04;1600 UTC;;;;;;;;;;;;;;;;;
2019/05/04;1700 UTC;;;;;;;;;;;;;;;;;
2019/05/04;1800 UTC;;;;;;;;;;;;;;;;;
2019/05/04;1900 UTC;;;;;;;;;;;;;;;;;
2019/05/04;2000 UTC;;;;;;;;;;;;;;;;;
2019/05/04;2100 UTC;;;;;;;;;;;;;;;;;
2019/05/04;2200 UTC;;;;;;;;;;;;;;;;;
2019/05/04;2300 UTC;;;;;;;;;;;;;;;;;
2019/05/05;0000 UTC;;;;;;;;;;;;;;;;;
2019/05/05;0100 UTC;;;;;;;;;;;;;;;;;
2019/05/05;0200 UTC;;;;;;;;;;;;;;;;;
2019/05/05;0300 UTC;;;;;;;;;;;;;;;;;
2019/05/05;0400 UTC;;;;;;;;;;;;;;;;;
2019/05/05;0500 UTC;;;;;;;;;;;;;;;;;
2019/05/05;0600 UTC;;;;;;;;;;;;;;;;;
2019/05/05;0700 UTC;;;;;;;;;;;;;;;;;
2019/05/05;0800 UTC;;;;;;;;;;;;;;;;;
2019/05/05;0900 UTC;;;;;;;;;;;;;;;;;
2019/05/05;1000 UTC;;;;;;;;;;;;;;;;;
2019/05/05;1100 UTC;;;;;;;;;;;;;;;;;
2019/05/05;1200 UTC;;;;;;;;;;;;;;;;;
2019/05/05;1300 UTC;;;;;;;;;;;;;;;;;
2019/05/05;1400 UTC;;;;;;;;;;;;;;;;;
2019/05/05;1500 UTC;;;;;;;;;;;;;;;;;
2019/05/05;1600 UTC;;;;;;;;;;;;;;;;;
2019/05/05;1700 UTC;;;;;;;;;;;;;;;;;
2019/05/05;1800 UTC;;;;;;;;;;;;;;;;;
2019/05/05;1900 UTC;;;;;;;;;;;;;;;;;
2019/05/05;2000 UTC;;;;;;;;;;;;;;;;;
2019/05/05;2100 UTC;;;;;;;;;;;;;;;;;
2019/05/05;2200 UTC;;;;;;;;;;;;;;;;;
2019/05/05;2300 UTC;;;;;;;;;;;;;;;;;
2019/05/06;0000 UTC;;;;;;;;;;;;;;;;;
2019/05/06;0100 UTC;;;;;;;;;;;;;;;;;
2019/05/06;0200 UTC;;;;;;;;;;;;;;;;;
2019/05/06;0300 UTC;;;;;;;;;;;;;;;;;
2019/05/06;0400 UTC;;;;;;;;;;;;;;;;;
2019/05/06;0500 UTC;;;;;;;;;;;;;;;;;
2019/05/06;0600 UTC;;;;;;;;;;;;;;;;;
2019/05/06;0700 UTC;;;;;;;;;;;;;;;;;
2019/05/06;0800 UTC;;;;;;;;;;;;;;;;;
2019/05/06;0900 UTC;;;;;;;;;;;;;;;;;
2019/05/06;1000 UTC;;;;;;;;;;;;;;;;;
2019/05/06;1100 UTC;;;;;;;;;;;;;;;;;
2019/05/06;1200 UTC;;;;;;;;;;;;;;;;;
2019/05/06;1300 UTC;;;;;;;;;;;;;;;;;
2019/05/06;1400 UTC;;;;;;;;;;;;;;;;;
2019/05/06;1500 UTC;;;;;;;;;;;;;;;;;
2019/05/06;1600 UTC;;;;;;;;;;;;;;;;;
2019/05/06;1700 UTC;;;;;;;;;;;;;;;;;
2019/05/06;1800 UTC;;;;;;;;;;;;;;;;;
2019/05/06;1900 UTC;;;;;;;;;;;;;;;;;
2019/05/06;2000 UTC;;;;;;;;;;;;;;;;;
2019/05/06;2100 UTC;;;;;;;;;;;;;;;;;
2019/05/06;2200 UTC;;;;;;;;;;;;;;;;;
2019/05/06;2300 UTC;;;;;;;;;;;;;;;;;
2019/05/07;0000 UTC;;;;;;;;;;;;;;;;;
2019/05/07;0100 UTC;;;;;;;;;;;;;;;;;
2019/05/07;0200 UTC;;;;;;;;;;;;;;;;;
2019/05/07;0300 UTC;;;;;;;;;;;;;;;;;
2019/05/07;0400 UTC;;;;;;;;;;;;;;;;;
2019/05/07;0500 UTC;;;;;;;;;;;;;;;;;
2019/05/07;0600 UTC;;;;;;;;;;;;;;;;;
2019/05/07;0700 UTC;;;;;;;;;;;;;;;;;
2019/05/07;0800 UTC;;;;;;;;;;;;;;;;;
2019/05/07;0900 UTC;;;;;;;;;;;;;;;;;
2019/05/07;1000 UTC;;;;;;;;;;;;;;;;;
2019/05/07;1100 UTC;;;;;;;;;;;;;;;;;
2019/05/07;1200 UTC;;;;;;;;;;;;;;;;;
2019/05/07;1300 UTC;;;;;;;;;;;;;;;;;
2019/05/07;1400 UTC;;;;;;;;;;;;;;;;;
2019/05/07;1500 UTC;;;;;;;;;;;;;;;;;
2019/05/07;1600 UTC;;;;;;;;;;;;;;;;;
2019/05/07;1700 UTC;;;;;;;;;;;;;;;;;
2019/05/07;1800 UTC;;;;;;;;;;;;;;;;;
2019/05/07;1900 UTC;;;;;;;;;;;;;;;;;
2019/05/07;2000 UTC;;;;;;;;;;;;;;;;;
2019/05/07;2100 UTC;;;;;;;;;;;;;;;;;
2019/05/07;2200 UTC;;;;;;;;;;;;;;;;;
2019/05/07;2300 UTC;;;;;;;;;;;;;;;;;
2019/05/08;0000 UTC;;;;;;;;;;;;;;;;;
2019/05/08;0100 UTC;;;;;;;;;;;;;;;;;
2019/05/08;0200 UTC;;;;;;;;;;;;;;;;;
2019/05/08;0300 UTC;;;;;;;;;;;;;;;;;
2019/05/08;0400 UTC;;;;;;;;;;;;;;;;;
2019/05/08;0500 UTC;;;;;;;;;;;;;;;;;
2019/05/08;0600 UTC;;;;;;;;;;;;;;;;;
2019/05/08;0700 UTC;;;;;;;;;;;;;;;;;
2019/05/08;0800 UTC;;;;;;;;;;;;;;;;;
2019/05/08;0900 UTC;;;;;;;;;;;;;;;;;
2019/05/08;1000 UTC;;;;;;;;;;;;;;;;;
2019/05/08;1100 UTC;;;;;;;;;;;;;;;;;
2019/05/08;1200 UTC;;;;;;;;;;;;;;;;;
2019/05/08;1300 UTC;;;;;;;;;;;;;;;;;
2019/05/08;1400 UTC;;;;;;;;;;;;;;;;;
2019/05/08;1500 UTC;;;;;;;;;;;;;;;;;
2019/05/08;1600 UTC;;;;;;;;;;;;;;;;;
2019/05/08;1700 UTC;;;;;;;;;;;;;;;;;
2019/05/08;1800 UTC;;;;;;;;;;;;;;;;;
2019/05/08;1900 UTC;;;;;;;;;;;;;;;;;
2019/05/08;2000 UTC;;;;;;;;;;;;;;;;;
2019/05/08;2100 UTC;;;;;;;;;;;;;;;;;
2019/05/08;2200 UTC;;;;;;;;;;;;;;;;;
2019/05/08;2300 UTC;;;;;;;;;;;;;;;;;
2019/05/09;0000 UTC;;;;;;;;;;;;;;;;;
2019/05/09;0100 UTC;;;;;;;;;;;;;;;;;
2019/05/09;0200 UTC;;;;;;;;;;;;;;;;;
2019/05/09;0300 UTC;;;;;;;;;;;;;;;;;
2019/05/09;0400 UTC;;;;;;;;;;;;;;;;;
2019/05/09;0500 UTC;;;;;;;;;;;;;;;;;
2019/05/09;0600 UTC;;;;;;;;;;;;;;;;;
2019/05/09;0700 UTC;;;;;;;;;;;;;;;;;
2019/05/09;0800 UTC;;;;;;;;;;;;;;;;;
2019/05/09;0900 UTC;;;;;;;;;;;;;;;;;
2019/05/09;1000 UTC;;;;;;;;;;;;;;;;;
2019/05/09;1100 UTC;;;;;;;;;;;;;;;;;
2019/05/09;1200 UTC;;;;;;;;;;;;;;;;;
2019/05/09;1300 UTC;;;;;;;;;;;;;;;;;
2019/05/09;1400 UTC;;;;;;;;;;;;;;;;;
2019/05/09;1500 UTC;;;;;;;;;;;;;;;;;
2019/05/09;1600 UTC;;;;;;;;;;;;;;;;;
2019/05/09;1700 UTC;;;;;;;;;;;;;;;;;
2019/05/09;1800 UTC;;;;;;;;;;;;;;;;;
2019/05/09;1900 UTC;;;;;;;;;;;;;;;;;
2019/05/09;2000 UTC;;;;;;;;;;;;;;;;;
2019/05/09;2100 UTC;;;;;;;;;;;;;;;;;
2019/05/09;2200 UTC;;;;;;;;;;;;;;;;;
2019/05/09;2300 UTC;;;;;;;;;;;;;;;;;
2019/05/10;0000 UTC;;;;;;;;;;;;;;;;;
2019/05/10;0100 UTC;;;;;;;;;;;;;;;;;
2019/05/10;0200 UTC;;;;;;;;;;;;;;;;;
2019/05/10;0300 UTC;;;;;;;;;;;;;;;;;
2019/05/10;0400 UTC;;;;;;;;;;;;;;;;;
2019/05/10;0500 UTC;;;;;;;;;;;;;;;;;
2019/05/10;0600 UTC;;;;;;;;;;;;;;;;;
2019/05/10;0700 UTC;;;;;;;;;;;;;;;;;
2019/05/10;0800 UTC;;;;;;;;;;;;;;;;;
2019/05/10;0900 UTC;;;;;;;;;;;;;;;;;
2019/05/10;1000 UTC;;;;;;;;;;;;;;;;;
2019/05/10;1100 UTC;;;;;;;;;;;;;;;;;
2019/05/10;1200 UTC;;;;;;;;;;;;;;;;;
2019/05/10;1300 UTC;;;;;;;;;;;;;;;;;
2019/05/10;1400 UTC;;;;;;;;;;;;;;;;;
2019/05/10;1500 UTC;;;;;;;;;;;;;;;;;
2019/05/10;1600 UTC;;;;;;;;;;;;;;;;;
2019/05/10;1700 UTC;;;;;;;;;;;;;;;;;
2019/05/10;1800 UTC;;;;;;;;;;;;;;;;;
2019/05/10;1900 UTC;;;;;;;;;;;;;;;;;
2019/05/10;2000 UTC;;;;;;;;;;;;;;;;;
2019/05/10;2100 UTC;;;;;;;;;;;;;;;;;
2019/05/10;2200 UTC;;;;;;;;;;;;;;;;;
2019/05/10;2300 UTC;;;;;;;;;;;;;;;;;
2019/05/11;0000 UTC;;;;;;;;;;;;;;;;;
2019/05/11;0100 UTC;;;;;;;;;;;;;;;;;
2019/05/11;0200 UTC;;;;;;;;;;;;;;;;;
2019/05/11;0300 UTC;;;;;;;;;;;;;;;;;
2019/05/11;0400 UTC;;;;;;;;;;;;;;;;;
2019/05/11;0500 UTC;;;;;;;;;;;;;;;;;
2019/05/11;0600 UTC;;;;;;;;;;;;;;;;;
2019/05/11;0700 UTC;;;;;;;;;;;;;;;;;
2019/05/11;0800 UTC;;;;;;;;;;;;;;;;;
2019/05/11;0900 UTC;;;;;;;;;;;;;;;;;
2019/05/11;1000 UTC;;;;;;;;;;;;;;;;;
2019/05/11;1100 UTC;;;;;;;;;;;;;;;;;
2019/05/11;1200 UTC;;;;;;;;;;;;;;;;;
2019/05/11;1300 UTC;;;;;;;;;;;;;;;;;
2019/05/11;1400 UTC;;;;;;;;;;;;;;;;;
2019/05/11;1500 UTC;;;;;;;;;;;;;;;;;
2019/05/11;1600 UTC;;;;;;;;;;;;;;;;;
2019/05/11;1700 UTC;;;;;;;;;;;;;;;;;
2019/05/11;1800 UTC;;;;;;;;;;;;;;;;;
2019/05/11;1900 UTC;;;;;;;;;;;;;;;;;
2019/05/11;2000 UTC;;;;;;;;;;;;;;;;;
2019/05/11;2100 UTC;;;;;;;;;;;;;;;;;
2019/05/11;2200 UTC;;;;;;;;;;;;;;;;;
2019/05/11;2300 UTC;;;;;;;;;;;;;;;;;
2019/05/12;0000 UTC;;;;;;;;;;;;;;;;;
2019/05/12;0100 UTC;;;;;;;;;;;;;;;;;
2019/05/12;0200 UTC;;;;;;;;;;;;;;;;;
2019/05/12;0300 UTC;;;;;;;;;;;;;;;;;
2019/05/12;0400 UTC;;;;;;;;;;;;;;;;;
2019/05/12;0500 UTC;;;;;;;;;;;;;;;;;
2019/05/12;0600 UTC;;;;;;;;;;;;;;;;;
2019/05/12;0700 UTC;;;;;;;;;;;;;;;;;
2019/05/12;0800 UTC;;;;;;;;;;;;;;;;;
2019/05/12;0900 UTC;;;;;;;;;;;;;;;;;
2019/05/12;1000 UTC;;;;;;;;;;;;;;;;;
2019/05/12;1100 UTC;;;;;;;;;;;;;;;;;
2019/05/12;1200 UTC;;;;;;;;;;;;;;;;;
2019/05/12;1300 UTC;;;;;;;;;;;;;;;;;
2019/05/12;1400 UTC;;;;;;;;;;;;;;;;;
2019/05/12;1500 UTC;;;;;;;;;;;;;;;;;
2019/05/12;1600 UTC;;;;;;;;;;;;;;;;;
2019/05/12;1700 UTC;;;;;;;;;;;;;;;;;
2019/05/12;1800 UTC;;;;;;;;;;;;;;;;;
2019/05/12;1900 UTC;;;;;;;;;;;;;;;;;
2019/05/12;2000 UTC;;;;;;;;;;;;;;;;;
2019/05/12;2100 UTC;;;;;;;;;;;;;;;;;
2019/05/12;2200 UTC;;;;;;;;;;;;;;;;;
2019/05/12;2300 UTC;;;;;;;;;;;;;;;;;
2019/05/13;0000 UTC;;;;;;;;;;;;;;;;;
2019/05/13;0100 UTC;;;;;;;;;;;;;;;;;
2019/05/13;0200 UTC;;;;;;;;;;;;;;;;;
2019/05/13;0300 UTC;;;;;;;;;;;;;;;;;
2019/05/13;0400 UTC;;;;;;;;;;;;;;;;;
2019/05/13;0500 UTC;;;;;;;;;;;;;;;;;
2019/05/13;0600 UTC;;;;;;;;;;;;;;;;;
2019/05/13;0700 UTC;;;;;;;;;;;;;;;;;
2019/05/13;0800 UTC;;;;;;;;;;;;;;;;;
2019/05/13;0900 UTC;;;;;;;;;;;;;;;;;
2019/05/13;1000 UTC;;;;;;;;;;;;;;;;;
2019/05/13;1100 UTC;;;;;;;;;;;;;;;;;
2019/05/13;1200 UTC;;;;;;;;;;;;;;;;;
2019/05/13;1300 UTC;;;;;;;;;;;;;;;;;
2019/05/13;1400 UTC;;;;;;;;;;;;;;;;;
2019/05/13;1500 UTC;;;;;;;;;;;;;;;;;
2019/05/13;1600 UTC;;;;;;;;;;;;;;;;;
2019/05/13;1700 UTC;;;;;;;;;;;;;;;;;
2019/05/13;1800 UTC;;;;;;;;;;;;;;;;;
2019/05/13;1900 UTC;;;;;;;;;;;;;;;;;
2019/05/13;2000 UTC;;;;;;;;;;;;;;;;;
2019/05/13;2100 UTC;;;;;;;;;;;;;;;;;
2019/05/13;2200 UTC;;;;;;;;;;;;;;;;;
2019/05/13;2300 UTC;;;;;;;;;;;;;;;;;
2019/05/14;0000 UTC;;;;;;;;;;;;;;;;;
2019/05/14;0100 UTC;;;;;;;;;;;;;;;;;
2019/05/14;0200 UTC;;;;;;;;;;;;;;;;;
2019/05/14;0300 UTC;;;;;;;;;;;;;;;;;
2019/05/14;0400 UTC;;;;;;;;;;;;;;;;;
2019/05/14;0500 UTC;;;;;;;;;;;;;;;;;
2019/05/14;0600 UTC;;;;;;;;;;;;;;;;;
2019/05/14;0700 UTC;;;;;;;;;;;;;;;;;
2019/05/14;0800 UTC;;;;;;;;;;;;;;;;;
2019/05/14;0900 UTC;;;;;;;;;;;;;;;;;
2019/05/14;1000 UTC;;;;;;;;;;;;;;;;;
2019/05/14;1100 UTC;;;;;;;;;;;;;;;;;
2019/05/14;1200 UTC;;;;;;;;;;;;;;;;;
2019/05/14;1300 UTC;;;;;;;;;;;;;;;;;
2019/05/14;1400 UTC;;;;;;;;;;;;;;;;;
2019/05/14;1500 UTC;;;;;;;;;;;;;;;;;
2019/05/14;1600 UTC;;;;;;;;;;;;;;;;;
2019/05/14;1700 UTC;;;;;;;;;;;;;;;;;
2019/05/14;1800 UTC;;;;;;;;;;;;;;;;;
2019/05/14;1900 UTC;;;;;;;;;;;;;;;;;
2019/05/14;2000 UTC;;;;;;;;;;;;;;;;;
2019/05/14;2100 UTC;;;;;;;;;;;;;;;;;
2019/05/14;2200 UTC;;;;;;;;;;;;;;;;;
2019/05/14;2300 UTC;;;;;;;;;;;;;;;;;
2019/05/15;0000 UTC;;;;;;;;;;;;;;;;;
2019/05/15;0100 UTC;;;;;;;;;;;;;;;;;
2019/05/15;0200 UTC;;;;;;;;;;;;;;;;;
2019/05/15;0300 UTC;;;;;;;;;;;;;;;;;
2019/05/15;0400 UTC;;;;;;;;;;;;;;;;;
2019/05/15;0500 UTC;;;;;;;;;;;;;;;;;
2019/05/15;0600 UTC;;;;;;;;;;;;;;;;;
2019/05/15;0700 UTC;;;;;;;;;;;;;;;;;
2019/05/15;0800 UTC;;;;;;;;;;;;;;;;;
2019/05/15;0900 UTC;;;;;;;;;;;;;;;;;
2019/05/15;1000 UTC;;;;;;;;;;;;;;;;;
2019/05/15;1100 UTC;;;;;;;;;;;;;;;;;
2019/05/15;1200 UTC;;;;;;;;;;;;;;;;;
2019/05/15;1300 UTC;;;;;;;;;;;;;;;;;
2019/05/15;1400 UTC;;;;;;;;;;;;;;;;;
2019/05/15;1500 UTC;;;;;;;;;;;;;;;;;
2019/05/15;1600 UTC;;;;;;;;;;;;;;;;;
2019/05/15;1700 UTC;;;;;;;;;;;;;;;;;
2019/05/15;1800 UTC;;;;;;;;;;;;;;;;;
2019/05/15;1900 UTC;;;;;;;;;;;;;;;;;
2019/05/15;2000 UTC;;;;;;;;;;;;;;;;;
2019/05/15;2100 UTC;;;;;;;;;;;;;;;;;
2019/05/15;2200 UTC;;;;;;;;;;;;;;;;;
2019/05/15;2300 UTC;;;;;;;;;;;;;;;;;
2019/05/16;0000 UTC;;;;;;;;;;;;;;;;;
2019/05/16;0100 UTC;;;;;;;;;;;;;;;;;
2019/05/16;0200 UTC;;;;;;;;;;;;;;;;;
2019/05/16;0300 UTC;;;;;;;;;;;;;;;;;
2019/05/16;0400 UTC;;;;;;;;;;;;;;;;;
2019/05/16;0500 UTC;;;;;;;;;;;;;;;;;
2019/05/16;0600 UTC;;;;;;;;;;;;;;;;;
2019/05/16;0700 UTC;;;;;;;;;;;;;;;;;
2019/05/16;0800 UTC;;;;;;;;;;;;;;;;;
2019/05/16;0900 UTC;;;;;;;;;;;;;;;;;
2019/05/16;1000 UTC;;;;;;;;;;;;;;;;;
2019/05/16;1100 UTC;;;;;;;;;;;;;;;;;
2019/05/16;1200 UTC;;;;;;;;;;;;;;;;;
2019/05/16;1300 UTC;;;;;;;;;;;;;;;;;
2019/05/16;1400 UTC;;;;;;;;;;;;;;;;;
2019/05/16;1500 UTC;;;;;;;;;;;;;;;;;
2019/05/16;1600 UTC;;;;;;;;;;;;;;;;;
2019/05/16;1700 UTC;;;;;;;;;;;;;;;;;
2019/05/16;1800 UTC;;;;;;;;;;;;;;;;;
2019/05/16;1900 UTC;;;;;;;;;;;;;;;;;
2019/05/16;2000 UTC;;;;;;;;;;;;;;;;;
2019/05/16;2100 UTC;;;;;;;;;;;;;;;;;
2019/05/16;2200 UTC;;;;;;;;;;;;;;;;;
2019/05/16;2300 UTC;;;;;;;;;;;;;;;;;
2019/05/17;0000 UTC;;;;;;;;;;;;;;;;;
2019/05/17;0100 UTC;;;;;;;;;;;;;;;;;
2019/05/17;0200 UTC;;;;;;;;;;;;;;;;;
2019/05/17;0300 UTC;;;;;;;;;;;;;;;;;
2019/05/17;0400 UTC;;;;;;;;;;;;;;;;;
2019/05/17;0500 UTC;;;;;;;;;;;;;;;;;
2019/05/17;0600 UTC;;;;;;;;;;;;;;;;;
2019/05/17;0700 UTC;;;;;;;;;;;;;;;;;
2019/05/17;0800 UTC;;;;;;;;;;;;;;;;;
2019/05/17;0900 UTC;;;;;;;;;;;;;;;;;
2019/05/17;1000 UTC;;;;;;;;;;;;;;;;;
2019/05/17;1100 UTC;;;;;;;;;;;;;;;;;
2019/05/17;1200 UTC;;;;;;;;;;;;;;;;;
2019/05/17;1300 UTC;;;;;;;;;;;;;;;;;
2019/05/17;1400 UTC;;;;;;;;;;;;;;;;;
2019/05/17;1500 UTC;;;;;;;;;;;;;;;;;
2019/05/17;1600 UTC;;;;;;;;;;;;;;;;;
2019/05/17;1700 UTC;;;;;;;;;;;;;;;;;
2019/05/17;1800 UTC;;;;;;;;;;;;;;;;;
2019/05/17;1900 UTC;;;;;;;;;;;;;;;;;
2019/05/17;2000 UTC;;;;;;;;;;;;;;;;;
2019/05/17;2100 UTC;;;;;;;;;;;;;;;;;
2019/05/17;2200 UTC;;;;;;;;;;;;;;;;;
2019/05/17;2300 UTC;;;;;;;;;;;;;;;;;
2019/05/18;0000 UTC;;;;;;;;;;;;;;;;;
2019/05/18;0100 UTC;;;;;;;;;;;;;;;;;
2019/05/18;0200 UTC;;;;;;;;;;;;;;;;;
2019/05/18;0300 UTC;;;;;;;;;;;;;;;;;
2019/05/18;0400 UTC;;;;;;;;;;;;;;;;;
2019/05/18;0500 UTC;;;;;;;;;;;;;;;;;
2019/05/18;0600 UTC;;;;;;;;;;;;;;;;;
2019/05/18;0700 UTC;;;;;;;;;;;;;;;;;
2019/05/18;0800 UTC;;;;;;;;;;;;;;;;;
2019/05/18;0900 UTC;;;;;;;;;;;;;;;;;
2019/05/18;1000 UTC;;;;;;;;;;;;;;;;;
2019/05/18;1100 UTC;;;;;;;;;;;;;;;;;
2019/05/18;1200 UTC;;;;;;;;;;;;;;;;;
2019/05/18;1300 UTC;;;;;;;;;;;;;;;;;
2019/05/18;1400 UTC;;;;;;;;;;;;;;;;;
2019/05/18;1500 UTC;;;;;;;;;;;;;;;;;
2019/05/18;1600 UTC;;;;;;;;;;;;;;;;;
2019/05/18;1700 UTC;;;;;;;;;;;;;;;;;
2019/05/18;1800 UTC;;;;;;;;;;;;;;;;;
2019/05/18;1900 UTC;;;;;;;;;;;;;;;;;
2019/05/18;2000 UTC;;;;;;;;;;;;;;;;;
2019/05/18;2100 UTC;;;;;;;;;;;;;;;;;
2019/05/18;2200 UTC;;;;;;;;;;;;;;;;;
2019/05/18;2300 UTC;;;;;;;;;;;;;;;;;
2019/05/19;0000 UTC;;;;;;;;;;;;;;;;;
2019/05/19;0100 UTC;;;;;;;;;;;;;;;;;
2019/05/19;0200 UTC;;;;;;;;;;;;;;;;;
2019/05/19;0300 UTC;;;;;;;;;;;;;;;;;
2019/05/19;0400 UTC;;;;;;;;;;;;;;;;;
2019/05/19;0500 UTC;;;;;;;;;;;;;;;;;
2019/05/19;0600 UTC;;;;;;;;;;;;;;;;;
2019/05/19;0700 UTC;;;;;;;;;;;;;;;;;
2019/05/19;0800 UTC;;;;;;;;;;;;;;;;;
2019/05/19;0900 UTC;;;;;;;;;;;;;;;;;
2019/05/19;1000 UTC;;;;;;;;;;;;;;;;;
2019/05/19;1100 UTC;;;;;;;;;;;;;;;;;
2019/05/19;1200 UTC;;;;;;;;;;;;;;;;;
2019/05/19;1300 UTC;;;;;;;;;;;;;;;;;
2019/05/19;1400 UTC;;;;;;;;;;;;;;;;;
2019/05/19;1500 UTC;;;;;;;;;;;;;;;;;
2019/05/19;1600 UTC;;;;;;;;;;;;;;;;;
2019/05/19;1700 UTC;;;;;;;;;;;;;;;;;
2019/05/19;1800 UTC;;;;;;;;;;;;;;;;;
2019/05/19;1900 UTC;;;;;;;;;;;;;;;;;
2019/05/19;2000 UTC;;;;;;;;;;;;;;;;;
2019/05/19;2100 UTC;;;;;;;;;;;;;;;;;
2019/05/19;2200 UTC;;;;;;;;;;;;;;;;;
2019/05/19;2300 UTC;;;;;;;;;;;;;;;;;
2019/05/20;0000 UTC;;;;;;;;;;;;;;;;;
2019/05/20;0100 UTC;;;;;;;;;;;;;;;;;
2019/05/20;0200 UTC;;;;;;;;;;;;;;;;;
2019/05/20;0300 UTC;;;;;;;;;;;;;;;;;
2019/05/20;0400 UTC;;;;;;;;;;;;;;;;;
2019/05/20;0500 UTC;;;;;;;;;;;;;;;;;
2019/05/20;0600 UTC;;;;;;;;;;;;;;;;;
2019/05/20;0700 UTC;;;;;;;;;;;;;;;;;
2019/05/20;0800 UTC;;;;;;;;;;;;;;;;;
2019/05/20;0900 UTC;;;;;;;;;;;;;;;;;
2019/05/20;1000 UTC;;;;;;;;;;;;;;;;;
2019/05/20;1100 UTC;;;;;;;;;;;;;;;;;
2019/05/20;1200 UTC;;;;;;;;;;;;;;;;;
2019/05/20;1300 UTC;;;;;;;;;;;;;;;;;
2019/05/20;1400 UTC;;;;;;;;;;;;;;;;;
2019/05/20;1500 UTC;;;;;;;;;;;;;;;;;
2019/05/20;1600 UTC;;;;;;;;;;;;;;;;;
2019/05/20;1700 UTC;;;;;;;;;;;;;;;;;
2019/05/20;1800 UTC;;;;;;;;;;;;;;;;;
2019/05/20;1900 UTC;;;;;;;;;;;;;;;;;
2019/05/20;2000 UTC;;;;;;;;;;;;;;;;;
2019/05/20;2100 UTC;;;;;;;;;;;;;;;;;
2019/05/20;2200 UTC;;;;;;;;;;;;;;;;;
2019/05/20;2300 UTC;;;;;;;;;;;;;;;;;
2019/05/21;0000 UTC;;;;;;;;;;;;;;;;;
2019/05/21;0100 UTC;;;;;;;;;;;;;;;;;
2019/05/21;0200 UTC;;;;;;;;;;;;;;;;;
2019/05/21;0300 UTC;;;;;;;;;;;;;;;;;
2019/05/21;0400 UTC;;;;;;;;;;;;;;;;;
2019/05/21;0500 UTC;;;;;;;;;;;;;;;;;
2019/05/21;0600 UTC;;;;;;;;;;;;;;;;;
2019/05/21;0700 UTC;;;;;;;;;;;;;;;;;
2019/05/21;0800 UTC;;;;;;;;;;;;;;;;;
2019/05/21;0900 UTC;;;;;;;;;;;;;;;;;
2019/05/21;1000 UTC;;;;;;;;;;;;;;;;;
2019/05/21;1100 UTC;;;;;;;;;;;;;;;;;
2019/05/21;1200 UTC;;;;;;;;;;;;;;;;;
2019/05/21;1300 UTC;;;;;;;;;;;;;;;;;
2019/05/21;1400 UTC;;;;;;;;;;;;;;;;;
2019/05/21;1500 UTC;;;;;;;;;;;;;;;;;
2019/05/21;1600 UTC;;;;;;;;;;;;;;;;;
2019/05/21;1700 UTC;;;;;;;;;;;;;;;;;
2019/05/21;1800 UTC;;;;;;;;;;;;;;;;;
2019/05/21;1900 UTC;;;;;;;;;;;;;;;;;
2019/05/21;2000 UTC;;;;;;;;;;;;;;;;;
2019/05/21;2100 UTC;;;;;;;;;;;;;;;;;
2019/05/21;2200 UTC;;;;;;;;;;;;;;;;;
2019/05/21;2300 UTC;;;;;;;;;;;;;;;;;
2019/05/22;0000 UTC;;;;;;;;;;;;;;;;;
2019/05/22;0100 UTC;;;;;;;;;;;;;;;;;
2019/05/22;0200 UTC;;;;;;;;;;;;;;;;;
2019/05/22;0300 UTC;;;;;;;;;;;;;;;;;
2019/05/22;0400 UTC;;;;;;;;;;;;;;;;;
2019/05/22;0500 UTC;;;;;;;;;;;;;;;;;
2019/05/22;0600 UTC;;;;;;;;;;;;;;;;;
2019/05/22;0700 UTC;;;;;;;;;;;;;;;;;
2019/05/22;0800 UTC;;;;;;;;;;;;;;;;;
2019/05/22;0900 UTC;;;;;;;;;;;;;;;;;
2019/05/22;1000 UTC;;;;;;;;;;;;;;;;;
2019/05/22;1100 UTC;;;;;;;;;;;;;;;;;
2019/05/22;1200 UTC;;;;;;;;;;;;;;;;;
2019/05/22;1300 UTC;;;;;;;;;;;;;;;;;
2019/05/22;1400 UTC;;;;;;;;;;;;;;;;;
2019/05/22;1500 UTC;;;;;;;;;;;;;;;;;
2019/05/22;1600 UTC;;;;;;;;;;;;;;;;;
2019/05/22;1700 UTC;;;;;;;;;;;;;;;;;
2019/05/22;1800 UTC;;;;;;;;;;;;;;;;;
2019/05/22;1900 UTC;;;;;;;;;;;;;;;;;
2019/05/22;2000 UTC;;;;;;;;;;;;;;;;;
2019/05/22;2100 UTC;;;;;;;;;;;;;;;;;
2019/05/22;2200 UTC;;;;;;;;;;;;;;;;;
2019/05/22;2300 UTC;;;;;;;;;;;;;;;;;
2019/05/23;0000 UTC;;;;;;;;;;;;;;;;;
2019/05/23;0100 UTC;;;;;;;;;;;;;;;;;
2019/05/23;0200 UTC;;;;;;;;;;;;;;;;;
2019/05/23;0300 UTC;;;;;;;;;;;;;;;;;
2019/05/23;0400 UTC;;;;;;;;;;;;;;;;;
2019/05/23;0500 UTC;;;;;;;;;;;;;;;;;
2019/05/23;0600 UTC;;;;;;;;;;;;;;;;;
2019/05/23;0700 UTC;;;;;;;;;;;;;;;;;
2019/05/23;0800 UTC;;;;;;;;;;;;;;;;;
2019/05/23;0900 UTC;;;;;;;;;;;;;;;;;
2019/05/23;1000 UTC;;;;;;;;;;;;;;;;;
2019/05/23;1100 UTC;;;;;;;;;;;;;;;;;
2019/05/23;1200 UTC;;;;;;;;;;;;;;;;;
2019/05/23;1300 UTC;;;;;;;;;;;;;;;;;
2019/05/23;1400 UTC;;;;;;;;;;;;;;;;;
2019/05/23;1500 UTC;;;;;;;;;;;;;;;;;
2019/05/23;1600 UTC;;;;;;;;;;;;;;;;;
2019/05/23;1700 UTC;;;;;;;;;;;;;;;;;
2019/05/23;1800 UTC;;;;;;;;;;;;;;;;;
2019/05/23;1900 UTC;;;;;;;;;;;;;;;;;
2019/05/23;2000 UTC;;;;;;;;;;;;;;;;;
2019/05/23;2100 UTC;;;;;;;;;;;;;;;;;
2019/05/23;2200 UTC;;;;;;;;;;;;;;;;;
2019/05/23;2300 UTC;;;;;;;;;;;;;;;;;
2019/05/24;0000 UTC;;;;;;;;;;;;;;;;;
2019/05/24;0100 UTC;;;;;;;;;;;;;;;;;
2019/05/24;0200 UTC;;;;;;;;;;;;;;;;;
2019/05/24;0300 UTC;;;;;;;;;;;;;;;;;
2019/05/24;0400 UTC;;;;;;;;;;;;;;;;;
2019/05/24;0500 UTC;;;;;;;;;;;;;;;;;
2019/05/24;0600 UTC;;;;;;;;;;;;;;;;;
2019/05/24;0700 UTC;;;;;;;;;;;;;;;;;
2019/05/24;0800 UTC;;;;;;;;;;;;;;;;;
2019/05/24;0900 UTC;;;;;;;;;;;;;;;;;
2019/05/24;1000 UTC;;;;;;;;;;;;;;;;;
2019/05/24;1100 UTC;;;;;;;;;;;;;;;;;
2019/05/24;1200 UTC;;;;;;;;;;;;;;;;;
2019/05/24;1300 UTC;;;;;;;;;;;;;;;;;
2019/05/24;1400 UTC;;;;;;;;;;;;;;;;;
2019/05/24;1500 UTC;;;;;;;;;;;;;;;;;
2019/05/24;1600 UTC;;;;;;;;;;;;;;;;;
2019/05/24;1700 UTC;;;;;;;;;;;;;;;;;
2019/05/24;1800 UTC;;;;;;;;;;;;;;;;;
2019/05/24;1900 UTC;;;;;;;;;;;;;;;;;
2019/05/24;2000 UTC;;;;;;;;;;;;;;;;;
2019/05/24;2100 UTC;;;;;;;;;;;;;;;;;
2019/05/24;2200 UTC;;;;;;;;;;;;;;;;;
2019/05/24;2300 UTC;;;;;;;;;;;;;;;;;
2019/05/25;0000 UTC;;;;;;;;;;;;;;;;;
2019/05/25;0100 UTC;;;;;;;;;;;;;;;;;
2019/05/25;0200 UTC;;;;;;;;;;;;;;;;;
2019/05/25;0300 UTC;;;;;;;;;;;;;;;;;
2019/05/25;0400 UTC;;;;;;;;;;;;;;;;;
2019/05/25;0500 UTC;;;;;;;;;;;;;;;;;
2019/05/25;0600 UTC;;;;;;;;;;;;;;;;;
2019/05/25;0700 UTC;;;;;;;;;;;;;;;;;
2019/05/25;0800 UTC;;;;;;;;;;;;;;;;;
2019/05/25;0900 UTC;;;;;;;;;;;;;;;;;
2019/05/25;1000 UTC;;;;;;;;;;;;;;;;;
2019/05/25;1100 UTC;;;;;;;;;;;;;;;;;
2019/05/25;1200 UTC;;;;;;;;;;;;;;;;;
2019/05/25;1300 UTC;;;;;;;;;;;;;;;;;
2019/05/25;1400 UTC;;;;;;;;;;;;;;;;;
2019/05/25;1500 UTC;;;;;;;;;;;;;;;;;
2019/05/25;1600 UTC;;;;;;;;;;;;;;;;;
2019/05/25;1700 UTC;;;;;;;;;;;;;;;;;
2019/05/25;1800 UTC;;;;;;;;;;;;;;;;;
2019/05/25;1900 UTC;;;;;;;;;;;;;;;;;
2019/05/25;2000 UTC;;;;;;;;;;;;;;;;;
2019/05/25;2100 UTC;;;;;;;;;;;;;;;;;
2019/05/25;2200 UTC;;;;;;;;;;;;;;;;;
2019/05/25;2300 UTC;;;;;;;;;;;;;;;;;
2019/05/26;0000 UTC;;;;;;;;;;;;;;;;;
2019/05/26;0100 UTC;;;;;;;;;;;;;;;;;
2019/05/26;0200 UTC;;;;;;;;;;;;;;;;;
2019/05/26;0300 UTC;;;;;;;;;;;;;;;;;
2019/05/26;0400 UTC;;;;;;;;;;;;;;;;;
2019/05/26;0500 UTC;;;;;;;;;;;;;;;;;
2019/05/26;0600 UTC;;;;;;;;;;;;;;;;;
2019/05/26;0700 UTC;;;;;;;;;;;;;;;;;
2019/05/26;0800 UTC;;;;;;;;;;;;;;;;;
2019/05/26;0900 UTC;;;;;;;;;;;;;;;;;
2019/05/26;1000 UTC;;;;;;;;;;;;;;;;;
2019/05/26;1100 UTC;;;;;;;;;;;;;;;;;
2019/05/26;1200 UTC;;;;;;;;;;;;;;;;;
2019/05/26;1300 UTC;;;;;;;;;;;;;;;;;
2019/05/26;1400 UTC;;;;;;;;;;;;;;;;;
2019/05/26;1500 UTC;;;;;;;;;;;;;;;;;
2019/05/26;1600 UTC;;;;;;;;;;;;;;;;;
2019/05/26;1700 UTC;;;;;;;;;;;;;;;;;
2019/05/26;1800 UTC;;;;;;;;;;;;;;;;;
2019/05/26;1900 UTC;;;;;;;;;;;;;;;;;
2019/05/26;2000 UTC;;;;;;;;;;;;;;;;;
2019/05/26;2100 UTC;;;;;;;;;;;;;;;;;
2019/05/26;2200 UTC;;;;;;;;;;;;;;;;;
2019/05/26;2300 UTC;;;;;;;;;;;;;;;;;
2019/05/27;0000 UTC;;;;;;;;;;;;;;;;;
2019/05/27;0100 UTC;;;;;;;;;;;;;;;;;
2019/05/27;0200 UTC;;;;;;;;;;;;;;;;;
2019/05/27;0300 UTC;;;;;;;;;;;;;;;;;
2019/05/27;0400 UTC;;;;;;;;;;;;;;;;;
2019/05/27;0500 UTC;;;;;;;;;;;;;;;;;
2019/05/27;0600 UTC;;;;;;;;;;;;;;;;;
2019/05/27;0700 UTC;;;;;;;;;;;;;;;;;
2019/05/27;0800 UTC;;;;;;;;;;;;;;;;;
2019/05/27;0900 UTC;;;;;;;;;;;;;;;;;
2019/05/27;1000 UTC;;;;;;;;;;;;;;;;;
2019/05/27;1100 UTC;;;;;;;;;;;;;;;;;
2019/05/27;1200 UTC;;;;;;;;;;;;;;;;;
2019/05/27;1300 UTC;;;;;;;;;;;;;;;;;
2019/05/27;1400 UTC;;;;;;;;;;;;;;;;;
2019/05/27;1500 UTC;;;;;;;;;;;;;;;;;
2019/05/27;1600 UTC;;;;;;;;;;;;;;;;;
2019/05/27;1700 UTC;;;;;;;;;;;;;;;;;
2019/05/27;1800 UTC;;;;;;;;;;;;;;;;;
2019/05/27;1900 UTC;;;;;;;;;;;;;;;;;
2019/05/27;2000 UTC;;;;;;;;;;;;;;;;;
2019/05/27;2100 UTC;;;;;;;;;;;;;;;;;
2019/05/27;2200 UTC;;;;;;;;;;;;;;;;;
2019/05/27;2300 UTC;;;;;;;;;;;;;;;;;
2019/05/28;0000 UTC;;;;;;;;;;;;;;;;;
2019/05/28;0100 UTC;;;;;;;;;;;;;;;;;
2019/05/28;0200 UTC;;;;;;;;;;;;;;;;;
2019/05/28;0300 UTC;;;;;;;;;;;;;;;;;
2019/05/28;0400 UTC;;;;;;;;;;;;;;;;;
2019/05/28;0500 UTC;;;;;;;;;;;;;;;;;
2019/05/28;0600 UTC;;;;;;;;;;;;;;;;;
2019/05/28;0700 UTC;;;;;;;;;;;;;;;;;
2019/05/28;0800 UTC;;;;;;;;;;;;;;;;;
2019/05/28;0900 UTC;;;;;;;;;;;;;;;;;
2019/05/28;1000 UTC;;;;;;;;;;;;;;;;;
2019/05/28;1100 UTC;;;;;;;;;;;;;;;;;
2019/05/28;1200 UTC;;;;;;;;;;;;;;;;;
2019/05/28;1300 UTC;;;;;;;;;;;;;;;;;
2019/05/28;1400 UTC;;;;;;;;;;;;;;;;;
2019/05/28;1500 UTC;;;;;;;;;;;;;;;;;
2019/05/28;1600 UTC;;;;;;;;;;;;;;;;;
2019/05/28;1700 UTC;;;;;;;;;;;;;;;;;
2019/05/28;1800 UTC;;;;;;;;;;;;;;;;;
2019/05/28;1900 UTC;;;;;;;;;;;;;;;;;
2019/05/28;2000 UTC;;;;;;;;;;;;;;;;;
2019/05/28;2100 UTC;;;;;;;;;;;;;;;;;
2019/05/28;2200 UTC;;;;;;;;;;;;;;;;;
2019/05/28;2300 UTC;;;;;;;;;;;;;;;;;
2019/05/29;0000 UTC;;;;;;;;;;;;;;;;;
2019/05/29;0100 UTC;;;;;;;;;;;;;;;;;
2019/05/29;0200 UTC;;;;;;;;;;;;;;;;;
2019/05/29;0300 UTC;;;;;;;;;;;;;;;;;
2019/05/29;0400 UTC;;;;;;;;;;;;;;;;;
2019/05/29;0500 UTC;;;;;;;;;;;;;;;;;
2019/05/29;0600 UTC;;;;;;;;;;;;;;;;;
2019/05/29;0700 UTC;;;;;;;;;;;;;;;;;
2019/05/29;0800 UTC;;;;;;;;;;;;;;;;;
2019/05/29;0900 UTC;;;;;;;;;;;;;;;;;
2019/05/29;1000 UTC;;;;;;;;;;;;;;;;;
2019/05/29;1100 UTC;;;;;;;;;;;;;;;;;
2019/05/29;1200 UTC;;;;;;;;;;;;;;;;;
2019/05/29;1300 UTC;;;;;;;;;;;;;;;;;
2019/05/29;1400 UTC;;;;;;;;;;;;;;;;;
2019/05/29;1500 UTC;;;;;;;;;;;;;;;;;
2019/05/29;1600 UTC;;;;;;;;;;;;;;;;;
2019/05/29;1700 UTC;;;;;;;;;;;;;;;;;
2019/05/29;1800 UTC;;;;;;;;;;;;;;;;;
2019/05/29;1900 UTC;;;;;;;;;;;;;;;;;
2019/05/29;2000 UTC;;;;;;;;;;;;;;;;;
2019/05/29;2100 UTC;;;;;;;;;;;;;;;;;
2019/05/29;2200 UTC;;;;;;;;;;;;;;;;;
2019/05/29;2300 UTC;;;;;;;;;;;;;;;;;
2019/05/30;0000 UTC;;;;;;;;;;;;;;;;;
2019/05/30;0100 UTC;;;;;;;;;;;;;;;;;
2019/05/30;0200 UTC;;;;;;;;;;;;;;;;;
2019/05/30;0300 UTC;;;;;;;;;;;;;;;;;
2019/05/30;0400 UTC;;;;;;;;;;;;;;;;;
2019/05/30;0500 UTC;;;;;;;;;;;;;;;;;
2019/05/30;0600 UTC;;;;;;;;;;;;;;;;;
2019/05/30;0700 UTC;;;;;;;;;;;;;;;;;
2019/05/30;0800 UTC;;;;;;;;;;;;;;;;;
2019/05/30;0900 UTC;;;;;;;;;;;;;;;;;
2019/05/30;1000 UTC;;;;;;;;;;;;;;;;;
2019/05/30;1100 UTC;;;;;;;;;;;;;;;;;
2019/05/30;1200 UTC;;;;;;;;;;;;;;;;;
2019/05/30;1300 UTC;;;;;;;;;;;;;;;;;
2019/05/30;1400 UTC;;;;;;;;;;;;;;;;;
2019/05/30;1500 UTC;;;;;;;;;;;;;;;;;
2019/05/30;1600 UTC;;;;;;;;;;;;;;;;;
2019/05/30;1700 UTC;;;;;;;;;;;;;;;;;
2019/05/30;1800 UTC;;;;;;;;;;;;;;;;;
2019/05/30;1900 UTC;;;;;;;;;;;;;;;;;
2019/05/30;2000 UTC;;;;;;;;;;;;;;;;;
2019/05/30;2100 UTC;;;;;;;;;;;;;;;;;
2019/05/30;2200 UTC;;;;;;;;;;;;;;;;;
2019/05/30;2300 UTC;;;;;;;;;;;;;;;;;
2019/05/31;0000 UTC;;;;;;;;;;;;;;;;;
2019/05/31;0100 UTC;;;;;;;;;;;;;;;;;
2019/05/31;0200 UTC;;;;;;;;;;;;;;;;;
2019/05/31;0300 UTC;;;;;;;;;;;;;;;;;
2019/05/31;0400 UTC;;;;;;;;;;;;;;;;;
2019/05/31;0500 UTC;;;;;;;;;;;;;;;;;
2019/05/31;0600 UTC;;;;;;;;;;;;;;;;;
2019/05/31;0700 UTC;;;;;;;;;;;;;;;;;
2019/05/31;0800 UTC;;;;;;;;;;;;;;;;;
2019/05/31;0900 UTC;;;;;;;;;;;;;;;;;
2019/05/31;1000 UTC;;;;;;;;;;;;;;;;;
2019/05/31;1100 UTC;;;;;;;;;;;;;;;;;
2019/05/31;1200 UTC;;;;;;;;;;;;;;;;;
2019/05/31;1300 UTC;;;;;;;;;;;;;;;;;
2019/05/31;1400 UTC;;;;;;;;;;;;;;;;;
2019/05/31;1500 UTC;;;;;;;;;;;;;;;;;
2019/05/31;1600 UTC;;;;;;;;;;;;;;;;;
2019/05/31;1700 UTC;;;;;;;;;;;;;;;;;
2019/05/31;1800 UTC;;;;;;;;;;;;;;;;;
2019/05/31;1900 UTC;;;;;;;;;;;;;;;;;
2019/05/31;2000 UTC;;;;;;;;;;;;;;;;;
2019/05/31;2100 UTC;;;;;;;;;;;;;;;;;
2019/05/31;2200 UTC;;;;;;;;;;;;;;;;;
2019/05/31;2300 UTC;;;;;;;;;;;;;;;;;
2019/06/01;0000 UTC;;;;;;;;;;;;;;;;;
2019/06/01;0100 UTC;;;;;;;;;;;;;;;;;
2019/06/01;0200 UTC;;;;;;;;;;;;;;;;;
2019/06/01;0300 UTC;;;;;;;;;;;;;;;;;
2019/06/01;0400 UTC;;;;;;;;;;;;;;;;;
2019/06/01;0500 UTC;;;;;;;;;;;;;;;;;
2019/06/01;0600 UTC;;;;;;;;;;;;;;;;;
2019/06/01;0700 UTC;;;;;;;;;;;;;;;;;
2019/06/01;0800 UTC;;;;;;;;;;;;;;;;;
2019/06/01;0900 UTC;;;;;;;;;;;;;;;;;
2019/06/01;1000 UTC;;;;;;;;;;;;;;;;;
2019/06/01;1100 UTC;;;;;;;;;;;;;;;;;
2019/06/01;1200 UTC;;;;;;;;;;;;;;;;;
2019/06/01;1300 UTC;;;;;;;;;;;;;;;;;
2019/06/01;1400 UTC;;;;;;;;;;;;;;;;;
2019/06/01;1500 UTC;;;;;;;;;;;;;;;;;
2019/06/01;1600 UTC;;;;;;;;;;;;;;;;;
2019/06/01;1700 UTC;;;;;;;;;;;;;;;;;
2019/06/01;1800 UTC;;;;;;;;;;;;;;;;;
2019/06/01;1900 UTC;;;;;;;;;;;;;;;;;
2019/06/01;2000 UTC;;;;;;;;;;;;;;;;;
2019/06/01;2100 UTC;;;;;;;;;;;;;;;;;
2019/06/01;2200 UTC;;;;;;;;;;;;;;;;;
2019/06/01;2300 UTC;;;;;;;;;;;;;;;;;
2019/06/02;0000 UTC;;;;;;;;;;;;;;;;;
2019/06/02;0100 UTC;;;;;;;;;;;;;;;;;
2019/06/02;0200 UTC;;;;;;;;;;;;;;;;;
2019/06/02;0300 UTC;;;;;;;;;;;;;;;;;
2019/06/02;0400 UTC;;;;;;;;;;;;;;;;;
2019/06/02;0500 UTC;;;;;;;;;;;;;;;;;
2019/06/02;0600 UTC;;;;;;;;;;;;;;;;;
2019/06/02;0700 UTC;;;;;;;;;;;;;;;;;
2019/06/02;0800 UTC;;;;;;;;;;;;;;;;;
2019/06/02;0900 UTC;;;;;;;;;;;;;;;;;
2019/06/02;1000 UTC;;;;;;;;;;;;;;;;;
2019/06/02;1100 UTC;;;;;;;;;;;;;;;;;
2019/06/02;1200 UTC;;;;;;;;;;;;;;;;;
2019/06/02;1300 UTC;;;;;;;;;;;;;;;;;
2019/06/02;1400 UTC;;;;;;;;;;;;;;;;;
2019/06/02;1500 UTC;;;;;;;;;;;;;;;;;
2019/06/02;1600 UTC;;;;;;;;;;;;;;;;;
2019/06/02;1700 UTC;;;;;;;;;;;;;;;;;
2019/06/02;1800 UTC;;;;;;;;;;;;;;;;;
2019/06/02;1900 UTC;;;;;;;;;;;;;;;;;
2019/06/02;2000 UTC;;;;;;;;;;;;;;;;;
2019/06/02;2100 UTC;;;;;;;;;;;;;;;;;
2019/06/02;2200 UTC;;;;;;;;;;;;;;;;;
2019/06/02;2300 UTC;;;;;;;;;;;;;;;;;
2019/06/03;0000 UTC;;;;;;;;;;;;;;;;;
2019/06/03;0100 UTC;;;;;;;;;;;;;;;;;
2019/06/03;0200 UTC;;;;;;;;;;;;;;;;;
2019/06/03;0300 UTC;;;;;;;;;;;;;;;;;
2019/06/03;0400 UTC;;;;;;;;;;;;;;;;;
2019/06/03;0500 UTC;;;;;;;;;;;;;;;;;
2019/06/03;0600 UTC;;;;;;;;;;;;;;;;;
2019/06/03;0700 UTC;;;;;;;;;;;;;;;;;
2019/06/03;0800 UTC;;;;;;;;;;;;;;;;;
2019/06/03;0900 UTC;;;;;;;;;;;;;;;;;
2019/06/03;1000 UTC;;;;;;;;;;;;;;;;;
2019/06/03;1100 UTC;;;;;;;;;;;;;;;;;
2019/06/03;1200 UTC;;;;;;;;;;;;;;;;;
2019/06/03;1300 UTC;;;;;;;;;;;;;;;;;
2019/06/03;1400 UTC;;;;;;;;;;;;;;;;;
2019/06/03;1500 UTC;;;;;;;;;;;;;;;;;
2019/06/03;1600 UTC;;;;;;;;;;;;;;;;;
2019/06/03;1700 UTC;;;;;;;;;;;;;;;;;
2019/06/03;1800 UTC;;;;;;;;;;;;;;;;;
2019/06/03;1900 UTC;;;;;;;;;;;;;;;;;
2019/06/03;2000 UTC;;;;;;;;;;;;;;;;;
2019/06/03;2100 UTC;;;;;;;;;;;;;;;;;
2019/06/03;2200 UTC;;;;;;;;;;;;;;;;;
2019/06/03;2300 UTC;;;;;;;;;;;;;;;;;
2019/06/04;0000 UTC;;;;;;;;;;;;;;;;;
2019/06/04;0100 UTC;;;;;;;;;;;;;;;;;
2019/06/04;0200 UTC;;;;;;;;;;;;;;;;;
2019/06/04;0300 UTC;;;;;;;;;;;;;;;;;
2019/06/04;0400 UTC;;;;;;;;;;;;;;;;;
2019/06/04;0500 UTC;;;;;;;;;;;;;;;;;
2019/06/04;0600 UTC;;;;;;;;;;;;;;;;;
2019/06/04;0700 UTC;;;;;;;;;;;;;;;;;
2019/06/04;0800 UTC;;;;;;;;;;;;;;;;;
2019/06/04;0900 UTC;;;;;;;;;;;;;;;;;
2019/06/04;1000 UTC;;;;;;;;;;;;;;;;;
2019/06/04;1100 UTC;;;;;;;;;;;;;;;;;
2019/06/04;1200 UTC;;;;;;;;;;;;;;;;;
2019/06/04;1300 UTC;;;;;;;;;;;;;;;;;
2019/06/04;1400 UTC;;;;;;;;;;;;;;;;;
2019/06/04;1500 UTC;;;;;;;;;;;;;;;;;
2019/06/04;1600 UTC;;;;;;;;;;;;;;;;;
2019/06/04;1700 UTC;;;;;;;;;;;;;;;;;
2019/06/04;1800 UTC;;;;;;;;;;;;;;;;;
2019/06/04;1900 UTC;;;;;;;;;;;;;;;;;
2019/06/04;2000 UTC;;;;;;;;;;;;;;;;;
2019/06/04;2100 UTC;;;;;;;;;;;;;;;;;
2019/06/04;2200 UTC;;;;;;;;;;;;;;;;;
2019/06/04;2300 UTC;;;;;;;;;;;;;;;;;
2019/06/05;0000 UTC;;;;;;;;;;;;;;;;;
2019/06/05;0100 UTC;;;;;;;;;;;;;;;;;
2019/06/05;0200 UTC;;;;;;;;;;;;;;;;;
2019/06/05;0300 UTC;;;;;;;;;;;;;;;;;
2019/06/05;0400 UTC;;;;;;;;;;;;;;;;;
2019/06/05;0500 UTC;;;;;;;;;;;;;;;;;
2019/06/05;0600 UTC;;;;;;;;;;;;;;;;;
2019/06/05;0700 UTC;;;;;;;;;;;;;;;;;
2019/06/05;0800 UTC;;;;;;;;;;;;;;;;;
2019/06/05;0900 UTC;;;;;;;;;;;;;;;;;
2019/06/05;1000 UTC;;;;;;;;;;;;;;;;;
2019/06/05;1100 UTC;;;;;;;;;;;;;;;;;
2019/06/05;1200 UTC;;;;;;;;;;;;;;;;;
2019/06/05;1300 UTC;;;;;;;;;;;;;;;;;
2019/06/05;1400 UTC;;;;;;;;;;;;;;;;;
2019/06/05;1500 UTC;;;;;;;;;;;;;;;;;
2019/06/05;1600 UTC;;;;;;;;;;;;;;;;;
2019/06/05;1700 UTC;;;;;;;;;;;;;;;;;
2019/06/05;1800 UTC;;;;;;;;;;;;;;;;;
2019/06/05;1900 UTC;;;;;;;;;;;;;;;;;
2019/06/05;2000 UTC;;;;;;;;;;;;;;;;;
2019/06/05;2100 UTC;;;;;;;;;;;;;;;;;
2019/06/05;2200 UTC;;;;;;;;;;;;;;;;;
2019/06/05;2300 UTC;;;;;;;;;;;;;;;;;
2019/06/06;0000 UTC;;;;;;;;;;;;;;;;;
2019/06/06;0100 UTC;;;;;;;;;;;;;;;;;
2019/06/06;0200 UTC;;;;;;;;;;;;;;;;;
2019/06/06;0300 UTC;;;;;;;;;;;;;;;;;
2019/06/06;0400 UTC;;;;;;;;;;;;;;;;;
2019/06/06;0500 UTC;;;;;;;;;;;;;;;;;
2019/06/06;0600 UTC;;;;;;;;;;;;;;;;;
2019/06/06;0700 UTC;;;;;;;;;;;;;;;;;
2019/06/06;0800 UTC;;;;;;;;;;;;;;;;;
2019/06/06;0900 UTC;;;;;;;;;;;;;;;;;
2019/06/06;1000 UTC;;;;;;;;;;;;;;;;;
2019/06/06;1100 UTC;;;;;;;;;;;;;;;;;
2019/06/06;1200 UTC;;;;;;;;;;;;;;;;;
2019/06/06;1300 UTC;;;;;;;;;;;;;;;;;
2019/06/06;1400 UTC;;;;;;;;;;;;;;;;;
2019/06/06;1500 UTC;;;;;;;;;;;;;;;;;
2019/06/06;1600 UTC;;;;;;;;;;;;;;;;;
2019/06/06;1700 UTC;;;;;;;;;;;;;;;;;
2019/06/06;1800 UTC;;;;;;;;;;;;;;;;;
2019/06/06;1900 UTC;;;;;;;;;;;;;;;;;
2019/06/06;2000 UTC;;;;;;;;;;;;;;;;;
2019/06/06;2100 UTC;;;;;;;;;;;;;;;;;
2019/06/06;2200 UTC;;;;;;;;;;;;;;;;;
2019/06/06;2300 UTC;;;;;;;;;;;;;;;;;
2019/06/07;0000 UTC;;;;;;;;;;;;;;;;;
2019/06/07;0100 UTC;;;;;;;;;;;;;;;;;
2019/06/07;0200 UTC;;;;;;;;;;;;;;;;;
2019/06/07;0300 UTC;;;;;;;;;;;;;;;;;
2019/06/07;0400 UTC;;;;;;;;;;;;;;;;;
2019/06/07;0500 UTC;;;;;;;;;;;;;;;;;
2019/06/07;0600 UTC;;;;;;;;;;;;;;;;;
2019/06/07;0700 UTC;;;;;;;;;;;;;;;;;
2019/06/07;0800 UTC;;;;;;;;;;;;;;;;;
2019/06/07;0900 UTC;;;;;;;;;;;;;;;;;
2019/06/07;1000 UTC;;;;;;;;;;;;;;;;;
2019/06/07;1100 UTC;;;;;;;;;;;;;;;;;
2019/06/07;1200 UTC;;;;;;;;;;;;;;;;;
2019/06/07;1300 UTC;;;;;;;;;;;;;;;;;
2019/06/07;1400 UTC;;;;;;;;;;;;;;;;;
2019/06/07;1500 UTC;;;;;;;;;;;;;;;;;
2019/06/07;1600 UTC;;;;;;;;;;;;;;;;;
2019/06/07;1700 UTC;;;;;;;;;;;;;;;;;
2019/06/07;1800 UTC;;;;;;;;;;;;;;;;;
2019/06/07;1900 UTC;;;;;;;;;;;;;;;;;
2019/06/07;2000 UTC;;;;;;;;;;;;;;;;;
2019/06/07;2100 UTC;;;;;;;;;;;;;;;;;
2019/06/07;2200 UTC;;;;;;;;;;;;;;;;;
2019/06/07;2300 UTC;;;;;;;;;;;;;;;;;
2019/06/08;0000 UTC;;;;;;;;;;;;;;;;;
2019/06/08;0100 UTC;;;;;;;;;;;;;;;;;
2019/06/08;0200 UTC;;;;;;;;;;;;;;;;;
2019/06/08;0300 UTC;;;;;;;;;;;;;;;;;
2019/06/08;0400 UTC;;;;;;;;;;;;;;;;;
2019/06/08;0500 UTC;;;;;;;;;;;;;;;;;
2019/06/08;0600 UTC;;;;;;;;;;;;;;;;;
2019/06/08;0700 UTC;;;;;;;;;;;;;;;;;
2019/06/08;0800 UTC;;;;;;;;;;;;;;;;;
2019/06/08;0900 UTC;;;;;;;;;;;;;;;;;
2019/06/08;1000 UTC;;;;;;;;;;;;;;;;;
2019/06/08;1100 UTC;;;;;;;;;;;;;;;;;
2019/06/08;1200 UTC;;;;;;;;;;;;;;;;;
2019/06/08;1300 UTC;;;;;;;;;;;;;;;;;
2019/06/08;1400 UTC;;;;;;;;;;;;;;;;;
2019/06/08;1500 UTC;;;;;;;;;;;;;;;;;
2019/06/08;1600 UTC;;;;;;;;;;;;;;;;;
2019/06/08;1700 UTC;;;;;;;;;;;;;;;;;
2019/06/08;1800 UTC;;;;;;;;;;;;;;;;;
2019/06/08;1900 UTC;;;;;;;;;;;;;;;;;
2019/06/08;2000 UTC;;;;;;;;;;;;;;;;;
2019/06/08;2100 UTC;;;;;;;;;;;;;;;;;
2019/06/08;2200 UTC;;;;;;;;;;;;;;;;;
2019/06/08;2300 UTC;;;;;;;;;;;;;;;;;
2019/06/09;0000 UTC;;;;;;;;;;;;;;;;;
2019/06/09;0100 UTC;;;;;;;;;;;;;;;;;
2019/06/09;0200 UTC;;;;;;;;;;;;;;;;;
2019/06/09;0300 UTC;;;;;;;;;;;;;;;;;
2019/06/09;0400 UTC;;;;;;;;;;;;;;;;;
2019/06/09;0500 UTC;;;;;;;;;;;;;;;;;
2019/06/09;0600 UTC;;;;;;;;;;;;;;;;;
2019/06/09;0700 UTC;;;;;;;;;;;;;;;;;
2019/06/09;0800 UTC;;;;;;;;;;;;;;;;;
2019/06/09;0900 UTC;;;;;;;;;;;;;;;;;
2019/06/09;1000 UTC;;;;;;;;;;;;;;;;;
2019/06/09;1100 UTC;;;;;;;;;;;;;;;;;
2019/06/09;1200 UTC;;;;;;;;;;;;;;;;;
2019/06/09;1300 UTC;;;;;;;;;;;;;;;;;
2019/06/09;1400 UTC;;;;;;;;;;;;;;;;;
2019/06/09;1500 UTC;;;;;;;;;;;;;;;;;
2019/06/09;1600 UTC;;;;;;;;;;;;;;;;;
2019/06/09;1700 UTC;;;;;;;;;;;;;;;;;
2019/06/09;1800 UTC;;;;;;;;;;;;;;;;;
2019/06/09;1900 UTC;;;;;;;;;;;;;;;;;
2019/06/09;2000 UTC;;;;;;;;;;;;;;;;;
2019/06/09;2100 UTC;;;;;;;;;;;;;;;;;
2019/06/09;2200 UTC;;;;;;;;;;;;;;;;;
2019/06/09;2300 UTC;;;;;;;;;;;;;;;;;
2019/06/10;0000 UTC;;;;;;;;;;;;;;;;;
2019/06/10;0100 UTC;;;;;;;;;;;;;;;;;
2019/06/10;0200 UTC;;;;;;;;;;;;;;;;;
2019/06/10;0300 UTC;;;;;;;;;;;;;;;;;
2019/06/10;0400 UTC;;;;;;;;;;;;;;;;;
2019/06/10;0500 UTC;;;;;;;;;;;;;;;;;
2019/06/10;0600 UTC;;;;;;;;;;;;;;;;;
2019/06/10;0700 UTC;;;;;;;;;;;;;;;;;
2019/06/10;0800 UTC;;;;;;;;;;;;;;;;;
2019/06/10;0900 UTC;;;;;;;;;;;;;;;;;
2019/06/10;1000 UTC;;;;;;;;;;;;;;;;;
2019/06/10;1100 UTC;;;;;;;;;;;;;;;;;
2019/06/10;1200 UTC;;;;;;;;;;;;;;;;;
2019/06/10;1300 UTC;;;;;;;;;;;;;;;;;
2019/06/10;1400 UTC;;;;;;;;;;;;;;;;;
2019/06/10;1500 UTC;;;;;;;;;;;;;;;;;
2019/06/10;1600 UTC;;;;;;;;;;;;;;;;;
2019/06/10;1700 UTC;;;;;;;;;;;;;;;;;
2019/06/10;1800 UTC;;;;;;;;;;;;;;;;;
2019/06/10;1900 UTC;;;;;;;;;;;;;;;;;
2019/06/10;2000 UTC;;;;;;;;;;;;;;;;;
2019/06/10;2100 UTC;;;;;;;;;;;;;;;;;
2019/06/10;2200 UTC;;;;;;;;;;;;;;;;;
2019/06/10;2300 UTC;;;;;;;;;;;;;;;;;
2019/06/11;0000 UTC;;;;;;;;;;;;;;;;;
2019/06/11;0100 UTC;;;;;;;;;;;;;;;;;
2019/06/11;0200 UTC;;;;;;;;;;;;;;;;;
2019/06/11;0300 UTC;;;;;;;;;;;;;;;;;
2019/06/11;0400 UTC;;;;;;;;;;;;;;;;;
2019/06/11;0500 UTC;;;;;;;;;;;;;;;;;
2019/06/11;0600 UTC;;;;;;;;;;;;;;;;;
2019/06/11;0700 UTC;;;;;;;;;;;;;;;;;
2019/06/11;0800 UTC;;;;;;;;;;;;;;;;;
2019/06/11;0900 UTC;;;;;;;;;;;;;;;;;
2019/06/11;1000 UTC;;;;;;;;;;;;;;;;;
2019/06/11;1100 UTC;;;;;;;;;;;;;;;;;
2019/06/11;1200 UTC;;;;;;;;;;;;;;;;;
2019/06/11;1300 UTC;;;;;;;;;;;;;;;;;
2019/06/11;1400 UTC;;;;;;;;;;;;;;;;;
2019/06/11;1500 UTC;;;;;;;;;;;;;;;;;
2019/06/11;1600 UTC;;;;;;;;;;;;;;;;;
2019/06/11;1700 UTC;;;;;;;;;;;;;;;;;
2019/06/11;1800 UTC;;;;;;;;;;;;;;;;;
2019/06/11;1900 UTC;;;;;;;;;;;;;;;;;
2019/06/11;2000 UTC;;;;;;;;;;;;;;;;;
2019/06/11;2100 UTC;;;;;;;;;;;;;;;;;
2019/06/11;2200 UTC;;;;;;;;;;;;;;;;;
2019/06/11;2300 UTC;;;;;;;;;;;;;;;;;
2019/06/12;0000 UTC;;;;;;;;;;;;;;;;;
2019/06/12;0100 UTC;;;;;;;;;;;;;;;;;
2019/06/12;0200 UTC;;;;;;;;;;;;;;;;;
2019/06/12;0300 UTC;;;;;;;;;;;;;;;;;
2019/06/12;0400 UTC;;;;;;;;;;;;;;;;;
2019/06/12;0500 UTC;;;;;;;;;;;;;;;;;
2019/06/12;0600 UTC;;;;;;;;;;;;;;;;;
2019/06/12;0700 UTC;;;;;;;;;;;;;;;;;
2019/06/12;0800 UTC;;;;;;;;;;;;;;;;;
2019/06/12;0900 UTC;;;;;;;;;;;;;;;;;
2019/06/12;1000 UTC;;;;;;;;;;;;;;;;;
2019/06/12;1100 UTC;;;;;;;;;;;;;;;;;
2019/06/12;1200 UTC;;;;;;;;;;;;;;;;;
2019/06/12;1300 UTC;;;;;;;;;;;;;;;;;
2019/06/12;1400 UTC;;;;;;;;;;;;;;;;;
2019/06/12;1500 UTC;;;;;;;;;;;;;;;;;
2019/06/12;1600 UTC;;;;;;;;;;;;;;;;;
2019/06/12;1700 UTC;;;;;;;;;;;;;;;;;
2019/06/12;1800 UTC;;;;;;;;;;;;;;;;;
2019/06/12;1900 UTC;;;;;;;;;;;;;;;;;
2019/06/12;2000 UTC;;;;;;;;;;;;;;;;;
2019/06/12;2100 UTC;;;;;;;;;;;;;;;;;
2019/06/12;2200 UTC;;;;;;;;;;;;;;;;;
2019/06/12;2300 UTC;;;;;;;;;;;;;;;;;
2019/06/13;0000 UTC;;;;;;;;;;;;;;;;;
2019/06/13;0100 UTC;;;;;;;;;;;;;;;;;
2019/06/13;0200 UTC;;;;;;;;;;;;;;;;;
2019/06/13;0300 UTC;;;;;;;;;;;;;;;;;
2019/06/13;0400 UTC;;;;;;;;;;;;;;;;;
2019/06/13;0500 UTC;;;;;;;;;;;;;;;;;
2019/06/13;0600 UTC;;;;;;;;;;;;;;;;;
2019/06/13;0700 UTC;;;;;;;;;;;;;;;;;
2019/06/13;0800 UTC;;;;;;;;;;;;;;;;;
2019/06/13;0900 UTC;;;;;;;;;;;;;;;;;
2019/06/13;1000 UTC;;;;;;;;;;;;;;;;;
2019/06/13;1100 UTC;;;;;;;;;;;;;;;;;
2019/06/13;1200 UTC;;;;;;;;;;;;;;;;;
2019/06/13;1300 UTC;;;;;;;;;;;;;;;;;
2019/06/13;1400 UTC;;;;;;;;;;;;;;;;;
2019/06/13;1500 UTC;;;;;;;;;;;;;;;;;
2019/06/13;1600 UTC;;;;;;;;;;;;;;;;;
2019/06/13;1700 UTC;;;;;;;;;;;;;;;;;
2019/06/13;1800 UTC;;;;;;;;;;;;;;;;;
2019/06/13;1900 UTC;;;;;;;;;;;;;;;;;
2019/06/13;2000 UTC;;;;;;;;;;;;;;;;;
2019/06/13;2100 UTC;;;;;;;;;;;;;;;;;
2019/06/13;2200 UTC;;;;;;;;;;;;;;;;;
2019/06/13;2300 UTC;;;;;;;;;;;;;;;;;
2019/06/14;0000 UTC;;;;;;;;;;;;;;;;;
2019/06/14;0100 UTC;;;;;;;;;;;;;;;;;
2019/06/14;0200 UTC;;;;;;;;;;;;;;;;;
2019/06/14;0300 UTC;;;;;;;;;;;;;;;;;
2019/06/14;0400 UTC;;;;;;;;;;;;;;;;;
2019/06/14;0500 UTC;;;;;;;;;;;;;;;;;
2019/06/14;0600 UTC;;;;;;;;;;;;;;;;;
2019/06/14;0700 UTC;;;;;;;;;;;;;;;;;
2019/06/14;0800 UTC;;;;;;;;;;;;;;;;;
2019/06/14;0900 UTC;;;;;;;;;;;;;;;;;
2019/06/14;1000 UTC;;;;;;;;;;;;;;;;;
2019/06/14;1100 UTC;;;;;;;;;;;;;;;;;
2019/06/14;1200 UTC;;;;;;;;;;;;;;;;;
2019/06/14;1300 UTC;;;;;;;;;;;;;;;;;
2019/06/14;1400 UTC;;;;;;;;;;;;;;;;;
2019/06/14;1500 UTC;;;;;;;;;;;;;;;;;
2019/06/14;1600 UTC;;;;;;;;;;;;;;;;;
2019/06/14;1700 UTC;;;;;;;;;;;;;;;;;
2019/06/14;1800 UTC;;;;;;;;;;;;;;;;;
2019/06/14;1900 UTC;;;;;;;;;;;;;;;;;
2019/06/14;2000 UTC;;;;;;;;;;;;;;;;;
2019/06/14;2100 UTC;;;;;;;;;;;;;;;;;
2019/06/14;2200 UTC;;;;;;;;;;;;;;;;;
2019/06/14;2300 UTC;;;;;;;;;;;;;;;;;
2019/06/15;0000 UTC;;;;;;;;;;;;;;;;;
2019/06/15;0100 UTC;;;;;;;;;;;;;;;;;
2019/06/15;0200 UTC;;;;;;;;;;;;;;;;;
2019/06/15;0300 UTC;;;;;;;;;;;;;;;;;
2019/06/15;0400 UTC;;;;;;;;;;;;;;;;;
2019/06/15;0500 UTC;;;;;;;;;;;;;;;;;
2019/06/15;0600 UTC;;;;;;;;;;;;;;;;;
2019/06/15;0700 UTC;;;;;;;;;;;;;;;;;
2019/06/15;0800 UTC;;;;;;;;;;;;;;;;;
2019/06/15;0900 UTC;;;;;;;;;;;;;;;;;
2019/06/15;1000 UTC;;;;;;;;;;;;;;;;;
2019/06/15;1100 UTC;;;;;;;;;;;;;;;;;
2019/06/15;1200 UTC;;;;;;;;;;;;;;;;;
2019/06/15;1300 UTC;;;;;;;;;;;;;;;;;
2019/06/15;1400 UTC;;;;;;;;;;;;;;;;;
2019/06/15;1500 UTC;;;;;;;;;;;;;;;;;
2019/06/15;1600 UTC;;;;;;;;;;;;;;;;;
2019/06/15;1700 UTC;;;;;;;;;;;;;;;;;
2019/06/15;1800 UTC;;;;;;;;;;;;;;;;;
2019/06/15;1900 UTC;;;;;;;;;;;;;;;;;
2019/06/15;2000 UTC;;;;;;;;;;;;;;;;;
2019/06/15;2100 UTC;;;;;;;;;;;;;;;;;
2019/06/15;2200 UTC;;;;;;;;;;;;;;;;;
2019/06/15;2300 UTC;;;;;;;;;;;;;;;;;
2019/06/16;0000 UTC;;;;;;;;;;;;;;;;;
2019/06/16;0100 UTC;;;;;;;;;;;;;;;;;
2019/06/16;0200 UTC;;;;;;;;;;;;;;;;;
2019/06/16;0300 UTC;;;;;;;;;;;;;;;;;
2019/06/16;0400 UTC;;;;;;;;;;;;;;;;;
2019/06/16;0500 UTC;;;;;;;;;;;;;;;;;
2019/06/16;0600 UTC;;;;;;;;;;;;;;;;;
2019/06/16;0700 UTC;;;;;;;;;;;;;;;;;
2019/06/16;0800 UTC;;;;;;;;;;;;;;;;;
2019/06/16;0900 UTC;;;;;;;;;;;;;;;;;
2019/06/16;1000 UTC;;;;;;;;;;;;;;;;;
2019/06/16;1100 UTC;;;;;;;;;;;;;;;;;
2019/06/16;1200 UTC;;;;;;;;;;;;;;;;;
2019/06/16;1300 UTC;;;;;;;;;;;;;;;;;
2019/06/16;1400 UTC;;;;;;;;;;;;;;;;;
2019/06/16;1500 UTC;;;;;;;;;;;;;;;;;
2019/06/16;1600 UTC;;;;;;;;;;;;;;;;;
2019/06/16;1700 UTC;;;;;;;;;;;;;;;;;
2019/06/16;1800 UTC;;;;;;;;;;;;;;;;;
2019/06/16;1900 UTC;;;;;;;;;;;;;;;;;
2019/06/16;2000 UTC;;;;;;;;;;;;;;;;;
2019/06/16;2100 UTC;;;;;;;;;;;;;;;;;
2019/06/16;2200 UTC;;;;;;;;;;;;;;;;;
2019/06/16;2300 UTC;;;;;;;;;;;;;;;;;
2019/06/17;0000 UTC;;;;;;;;;;;;;;;;;
2019/06/17;0100 UTC;;;;;;;;;;;;;;;;;
2019/06/17;0200 UTC;;;;;;;;;;;;;;;;;
2019/06/17;0300 UTC;;;;;;;;;;;;;;;;;
2019/06/17;0400 UTC;;;;;;;;;;;;;;;;;
2019/06/17;0500 UTC;;;;;;;;;;;;;;;;;
2019/06/17;0600 UTC;;;;;;;;;;;;;;;;;
2019/06/17;0700 UTC;;;;;;;;;;;;;;;;;
2019/06/17;0800 UTC;;;;;;;;;;;;;;;;;
2019/06/17;0900 UTC;;;;;;;;;;;;;;;;;
2019/06/17;1000 UTC;;;;;;;;;;;;;;;;;
2019/06/17;1100 UTC;;;;;;;;;;;;;;;;;
2019/06/17;1200 UTC;;;;;;;;;;;;;;;;;
2019/06/17;1300 UTC;;;;;;;;;;;;;;;;;
2019/06/17;1400 UTC;;;;;;;;;;;;;;;;;
2019/06/17;1500 UTC;;;;;;;;;;;;;;;;;
2019/06/17;1600 UTC;;;;;;;;;;;;;;;;;
2019/06/17;1700 UTC;;;;;;;;;;;;;;;;;
2019/06/17;1800 UTC;;;;;;;;;;;;;;;;;
2019/06/17;1900 UTC;;;;;;;;;;;;;;;;;
2019/06/17;2000 UTC;;;;;;;;;;;;;;;;;
2019/06/17;2100 UTC;;;;;;;;;;;;;;;;;
2019/06/17;2200 UTC;;;;;;;;;;;;;;;;;
2019/06/17;2300 UTC;;;;;;;;;;;;;;;;;
2019/06/18;0000 UTC;;;;;;;;;;;;;;;;;
2019/06/18;0100 UTC;;;;;;;;;;;;;;;;;
2019/06/18;0200 UTC;;;;;;;;;;;;;;;;;
2019/06/18;0300 UTC;;;;;;;;;;;;;;;;;
2019/06/18;0400 UTC;;;;;;;;;;;;;;;;;
2019/06/18;0500 UTC;;;;;;;;;;;;;;;;;
2019/06/18;0600 UTC;;;;;;;;;;;;;;;;;
2019/06/18;0700 UTC;;;;;;;;;;;;;;;;;
2019/06/18;0800 UTC;;;;;;;;;;;;;;;;;
2019/06/18;0900 UTC;;;;;;;;;;;;;;;;;
2019/06/18;1000 UTC;;;;;;;;;;;;;;;;;
2019/06/18;1100 UTC;;;;;;;;;;;;;;;;;
2019/06/18;1200 UTC;;;;;;;;;;;;;;;;;
2019/06/18;1300 UTC;;;;;;;;;;;;;;;;;
2019/06/18;1400 UTC;;;;;;;;;;;;;;;;;
2019/06/18;1500 UTC;;;;;;;;;;;;;;;;;
2019/06/18;1600 UTC;;;;;;;;;;;;;;;;;
2019/06/18;1700 UTC;;;;;;;;;;;;;;;;;
2019/06/18;1800 UTC;;;;;;;;;;;;;;;;;
2019/06/18;1900 UTC;;;;;;;;;;;;;;;;;
2019/06/18;2000 UTC;;;;;;;;;;;;;;;;;
2019/06/18;2100 UTC;;;;;;;;;;;;;;;;;
2019/06/18;2200 UTC;;;;;;;;;;;;;;;;;
2019/06/18;2300 UTC;;;;;;;;;;;;;;;;;
2019/06/19;0000 UTC;;;;;;;;;;;;;;;;;
2019/06/19;0100 UTC;;;;;;;;;;;;;;;;;
2019/06/19;0200 UTC;;;;;;;;;;;;;;;;;
2019/06/19;0300 UTC;;;;;;;;;;;;;;;;;
2019/06/19;0400 UTC;;;;;;;;;;;;;;;;;
2019/06/19;0500 UTC;;;;;;;;;;;;;;;;;
2019/06/19;0600 UTC;;;;;;;;;;;;;;;;;
2019/06/19;0700 UTC;;;;;;;;;;;;;;;;;
2019/06/19;0800 UTC;;;;;;;;;;;;;;;;;
2019/06/19;0900 UTC;;;;;;;;;;;;;;;;;
2019/06/19;1000 UTC;;;;;;;;;;;;;;;;;
2019/06/19;1100 UTC;;;;;;;;;;;;;;;;;
2019/06/19;1200 UTC;;;;;;;;;;;;;;;;;
2019/06/19;1300 UTC;;;;;;;;;;;;;;;;;
2019/06/19;1400 UTC;;;;;;;;;;;;;;;;;
2019/06/19;1500 UTC;;;;;;;;;;;;;;;;;
2019/06/19;1600 UTC;;;;;;;;;;;;;;;;;
2019/06/19;1700 UTC;;;;;;;;;;;;;;;;;
2019/06/19;1800 UTC;;;;;;;;;;;;;;;;;
2019/06/19;1900 UTC;;;;;;;;;;;;;;;;;
2019/06/19;2000 UTC;;;;;;;;;;;;;;;;;
2019/06/19;2100 UTC;;;;;;;;;;;;;;;;;
2019/06/19;2200 UTC;;;;;;;;;;;;;;;;;
2019/06/19;2300 UTC;;;;;;;;;;;;;;;;;
2019/06/20;0000 UTC;;;;;;;;;;;;;;;;;
2019/06/20;0100 UTC;;;;;;;;;;;;;;;;;
2019/06/20;0200 UTC;;;;;;;;;;;;;;;;;
2019/06/20;0300 UTC;;;;;;;;;;;;;;;;;
2019/06/20;0400 UTC;;;;;;;;;;;;;;;;;
2019/06/20;0500 UTC;;;;;;;;;;;;;;;;;
2019/06/20;0600 UTC;;;;;;;;;;;;;;;;;
2019/06/20;0700 UTC;;;;;;;;;;;;;;;;;
2019/06/20;0800 UTC;;;;;;;;;;;;;;;;;
2019/06/20;0900 UTC;;;;;;;;;;;;;;;;;
2019/06/20;1000 UTC;;;;;;;;;;;;;;;;;
2019/06/20;1100 UTC;;;;;;;;;;;;;;;;;
2019/06/20;1200 UTC;;;;;;;;;;;;;;;;;
2019/06/20;1300 UTC;;;;;;;;;;;;;;;;;
2019/06/20;1400 UTC;;;;;;;;;;;;;;;;;
2019/06/20;1500 UTC;;;;;;;;;;;;;;;;;
2019/06/20;1600 UTC;;;;;;;;;;;;;;;;;
2019/06/20;1700 UTC;;;;;;;;;;;;;;;;;
2019/06/20;1800 UTC;;;;;;;;;;;;;;;;;
2019/06/20;1900 UTC;;;;;;;;;;;;;;;;;
2019/06/20;2000 UTC;;;;;;;;;;;;;;;;;
2019/06/20;2100 UTC;;;;;;;;;;;;;;;;;
2019/06/20;2200 UTC;;;;;;;;;;;;;;;;;
2019/06/20;2300 UTC;;;;;;;;;;;;;;;;;
2019/06/21;0000 UTC;;;;;;;;;;;;;;;;;
2019/06/21;0100 UTC;;;;;;;;;;;;;;;;;
2019/06/21;0200 UTC;;;;;;;;;;;;;;;;;
2019/06/21;0300 UTC;;;;;;;;;;;;;;;;;
2019/06/21;0400 UTC;;;;;;;;;;;;;;;;;
2019/06/21;0500 UTC;;;;;;;;;;;;;;;;;
2019/06/21;0600 UTC;;;;;;;;;;;;;;;;;
2019/06/21;0700 UTC;;;;;;;;;;;;;;;;;
2019/06/21;0800 UTC;;;;;;;;;;;;;;;;;
2019/06/21;0900 UTC;;;;;;;;;;;;;;;;;
2019/06/21;1000 UTC;;;;;;;;;;;;;;;;;
2019/06/21;1100 UTC;;;;;;;;;;;;;;;;;
2019/06/21;1200 UTC;;;;;;;;;;;;;;;;;
2019/06/21;1300 UTC;;;;;;;;;;;;;;;;;
2019/06/21;1400 UTC;;;;;;;;;;;;;;;;;
2019/06/21;1500 UTC;;;;;;;;;;;;;;;;;
2019/06/21;1600 UTC;;;;;;;;;;;;;;;;;
2019/06/21;1700 UTC;;;;;;;;;;;;;;;;;
2019/06/21;1800 UTC;;;;;;;;;;;;;;;;;
2019/06/21;1900 UTC;;;;;;;;;;;;;;;;;
2019/06/21;2000 UTC;;;;;;;;;;;;;;;;;
2019/06/21;2100 UTC;;;;;;;;;;;;;;;;;
2019/06/21;2200 UTC;;;;;;;;;;;;;;;;;
2019/06/21;2300 UTC;;;;;;;;;;;;;;;;;
2019/06/22;0000 UTC;;;;;;;;;;;;;;;;;
2019/06/22;0100 UTC;;;;;;;;;;;;;;;;;
2019/06/22;0200 UTC;;;;;;;;;;;;;;;;;
2019/06/22;0300 UTC;;;;;;;;;;;;;;;;;
2019/06/22;0400 UTC;;;;;;;;;;;;;;;;;
2019/06/22;0500 UTC;;;;;;;;;;;;;;;;;
2019/06/22;0600 UTC;;;;;;;;;;;;;;;;;
2019/06/22;0700 UTC;;;;;;;;;;;;;;;;;
2019/06/22;0800 UTC;;;;;;;;;;;;;;;;;
2019/06/22;0900 UTC;;;;;;;;;;;;;;;;;
2019/06/22;1000 UTC;;;;;;;;;;;;;;;;;
2019/06/22;1100 UTC;;;;;;;;;;;;;;;;;
2019/06/22;1200 UTC;;;;;;;;;;;;;;;;;
2019/06/22;1300 UTC;;;;;;;;;;;;;;;;;
2019/06/22;1400 UTC;;;;;;;;;;;;;;;;;
2019/06/22;1500 UTC;;;;;;;;;;;;;;;;;
2019/06/22;1600 UTC;;;;;;;;;;;;;;;;;
2019/06/22;1700 UTC;;;;;;;;;;;;;;;;;
2019/06/22;1800 UTC;;;;;;;;;;;;;;;;;
2019/06/22;1900 UTC;;;;;;;;;;;;;;;;;
2019/06/22;2000 UTC;;;;;;;;;;;;;;;;;
2019/06/22;2100 UTC;;;;;;;;;;;;;;;;;
2019/06/22;2200 UTC;;;;;;;;;;;;;;;;;
2019/06/22;2300 UTC;;;;;;;;;;;;;;;;;
2019/06/23;0000 UTC;;;;;;;;;;;;;;;;;
2019/06/23;0100 UTC;;;;;;;;;;;;;;;;;
2019/06/23;0200 UTC;;;;;;;;;;;;;;;;;
2019/06/23;0300 UTC;;;;;;;;;;;;;;;;;
2019/06/23;0400 UTC;;;;;;;;;;;;;;;;;
2019/06/23;0500 UTC;;;;;;;;;;;;;;;;;
2019/06/23;0600 UTC;;;;;;;;;;;;;;;;;
2019/06/23;0700 UTC;;;;;;;;;;;;;;;;;
2019/06/23;0800 UTC;;;;;;;;;;;;;;;;;
2019/06/23;0900 UTC;;;;;;;;;;;;;;;;;
2019/06/23;1000 UTC;;;;;;;;;;;;;;;;;
2019/06/23;1100 UTC;;;;;;;;;;;;;;;;;
2019/06/23;1200 UTC;;;;;;;;;;;;;;;;;
2019/06/23;1300 UTC;;;;;;;;;;;;;;;;;
2019/06/23;1400 UTC;;;;;;;;;;;;;;;;;
2019/06/23;1500 UTC;;;;;;;;;;;;;;;;;
2019/06/23;1600 UTC;;;;;;;;;;;;;;;;;
2019/06/23;1700 UTC;;;;;;;;;;;;;;;;;
2019/06/23;1800 UTC;;;;;;;;;;;;;;;;;
2019/06/23;1900 UTC;;;;;;;;;;;;;;;;;
2019/06/23;2000 UTC;;;;;;;;;;;;;;;;;
2019/06/23;2100 UTC;;;;;;;;;;;;;;;;;
2019/06/23;2200 UTC;;;;;;;;;;;;;;;;;
2019/06/23;2300 UTC;;;;;;;;;;;;;;;;;
2019/06/24;0000 UTC;;;;;;;;;;;;;;;;;
2019/06/24;0100 UTC;;;;;;;;;;;;;;;;;
2019/06/24;0200 UTC;;;;;;;;;;;;;;;;;
2019/06/24;0300 UTC;;;;;;;;;;;;;;;;;
2019/06/24;0400 UTC;;;;;;;;;;;;;;;;;
2019/06/24;0500 UTC;;;;;;;;;;;;;;;;;
2019/06/24;0600 UTC;;;;;;;;;;;;;;;;;
2019/06/24;0700 UTC;;;;;;;;;;;;;;;;;
2019/06/24;0800 UTC;;;;;;;;;;;;;;;;;
2019/06/24;0900 UTC;;;;;;;;;;;;;;;;;
2019/06/24;1000 UTC;;;;;;;;;;;;;;;;;
2019/06/24;1100 UTC;;;;;;;;;;;;;;;;;
2019/06/24;1200 UTC;;;;;;;;;;;;;;;;;
2019/06/24;1300 UTC;;;;;;;;;;;;;;;;;
2019/06/24;1400 UTC;;;;;;;;;;;;;;;;;
2019/06/24;1500 UTC;;;;;;;;;;;;;;;;;
2019/06/24;1600 UTC;;;;;;;;;;;;;;;;;
2019/06/24;1700 UTC;;;;;;;;;;;;;;;;;
2019/06/24;1800 UTC;;;;;;;;;;;;;;;;;
2019/06/24;1900 UTC;;;;;;;;;;;;;;;;;
2019/06/24;2000 UTC;;;;;;;;;;;;;;;;;
2019/06/24;2100 UTC;;;;;;;;;;;;;;;;;
2019/06/24;2200 UTC;;;;;;;;;;;;;;;;;
2019/06/24;2300 UTC;;;;;;;;;;;;;;;;;
2019/06/25;0000 UTC;;;;;;;;;;;;;;;;;
2019/06/25;0100 UTC;;;;;;;;;;;;;;;;;
2019/06/25;0200 UTC;;;;;;;;;;;;;;;;;
2019/06/25;0300 UTC;;;;;;;;;;;;;;;;;
2019/06/25;0400 UTC;;;;;;;;;;;;;;;;;
2019/06/25;0500 UTC;;;;;;;;;;;;;;;;;
2019/06/25;0600 UTC;;;;;;;;;;;;;;;;;
2019/06/25;0700 UTC;;;;;;;;;;;;;;;;;
2019/06/25;0800 UTC;;;;;;;;;;;;;;;;;
2019/06/25;0900 UTC;;;;;;;;;;;;;;;;;
2019/06/25;1000 UTC;;;;;;;;;;;;;;;;;
2019/06/25;1100 UTC;;;;;;;;;;;;;;;;;
2019/06/25;1200 UTC;;;;;;;;;;;;;;;;;
2019/06/25;1300 UTC;;;;;;;;;;;;;;;;;
2019/06/25;1400 UTC;;;;;;;;;;;;;;;;;
2019/06/25;1500 UTC;;;;;;;;;;;;;;;;;
2019/06/25;1600 UTC;;;;;;;;;;;;;;;;;
2019/06/25;1700 UTC;;;;;;;;;;;;;;;;;
2019/06/25;1800 UTC;;;;;;;;;;;;;;;;;
2019/06/25;1900 UTC;;;;;;;;;;;;;;;;;
2019/06/25;2000 UTC;;;;;;;;;;;;;;;;;
2019/06/25;2100 UTC;;;;;;;;;;;;;;;;;
2019/06/25;2200 UTC;;;;;;;;;;;;;;;;;
2019/06/25;2300 UTC;;;;;;;;;;;;;;;;;
2019/06/26;0000 UTC;;;;;;;;;;;;;;;;;
2019/06/26;0100 UTC;;;;;;;;;;;;;;;;;
2019/06/26;0200 UTC;;;;;;;;;;;;;;;;;
2019/06/26;0300 UTC;;;;;;;;;;;;;;;;;
2019/06/26;0400 UTC;;;;;;;;;;;;;;;;;
2019/06/26;0500 UTC;;;;;;;;;;;;;;;;;
2019/06/26;0600 UTC;;;;;;;;;;;;;;;;;
2019/06/26;0700 UTC;;;;;;;;;;;;;;;;;
2019/06/26;0800 UTC;;;;;;;;;;;;;;;;;
2019/06/26;0900 UTC;;;;;;;;;;;;;;;;;
2019/06/26;1000 UTC;;;;;;;;;;;;;;;;;
2019/06/26;1100 UTC;;;;;;;;;;;;;;;;;
2019/06/26;1200 UTC;;;;;;;;;;;;;;;;;
2019/06/26;1300 UTC;;;;;;;;;;;;;;;;;
2019/06/26;1400 UTC;;;;;;;;;;;;;;;;;
2019/06/26;1500 UTC;;;;;;;;;;;;;;;;;
2019/06/26;1600 UTC;;;;;;;;;;;;;;;;;
2019/06/26;1700 UTC;;;;;;;;;;;;;;;;;
2019/06/26;1800 UTC;;;;;;;;;;;;;;;;;
2019/06/26;1900 UTC;;;;;;;;;;;;;;;;;
2019/06/26;2000 UTC;;;;;;;;;;;;;;;;;
2019/06/26;2100 UTC;;;;;;;;;;;;;;;;;
2019/06/26;2200 UTC;;;;;;;;;;;;;;;;;
2019/06/26;2300 UTC;;;;;;;;;;;;;;;;;
2019/06/27;0000 UTC;;;;;;;;;;;;;;;;;
2019/06/27;0100 UTC;;;;;;;;;;;;;;;;;
2019/06/27;0200 UTC;;;;;;;;;;;;;;;;;
2019/06/27;0300 UTC;;;;;;;;;;;;;;;;;
2019/06/27;0400 UTC;;;;;;;;;;;;;;;;;
2019/06/27;0500 UTC;;;;;;;;;;;;;;;;;
2019/06/27;0600 UTC;;;;;;;;;;;;;;;;;
2019/06/27;0700 UTC;;;;;;;;;;;;;;;;;
2019/06/27;0800 UTC;;;;;;;;;;;;;;;;;
2019/06/27;0900 UTC;;;;;;;;;;;;;;;;;
2019/06/27;1000 UTC;;;;;;;;;;;;;;;;;
2019/06/27;1100 UTC;;;;;;;;;;;;;;;;;
2019/06/27;1200 UTC;;;;;;;;;;;;;;;;;
2019/06/27;1300 UTC;;;;;;;;;;;;;;;;;
2019/06/27;1400 UTC;;;;;;;;;;;;;;;;;
2019/06/27;1500 UTC;;;;;;;;;;;;;;;;;
2019/06/27;1600 UTC;;;;;;;;;;;;;;;;;
2019/06/27;1700 UTC;;;;;;;;;;;;;;;;;
2019/06/27;1800 UTC;;;;;;;;;;;;;;;;;
2019/06/27;1900 UTC;;;;;;;;;;;;;;;;;
2019/06/27;2000 UTC;;;;;;;;;;;;;;;;;
2019/06/27;2100 UTC;;;;;;;;;;;;;;;;;
2019/06/27;2200 UTC;;;;;;;;;;;;;;;;;
2019/06/27;2300 UTC;;;;;;;;;;;;;;;;;
2019/06/28;0000 UTC;;;;;;;;;;;;;;;;;
2019/06/28;0100 UTC;;;;;;;;;;;;;;;;;
2019/06/28;0200 UTC;;;;;;;;;;;;;;;;;
2019/06/28;0300 UTC;;;;;;;;;;;;;;;;;
2019/06/28;0400 UTC;;;;;;;;;;;;;;;;;
2019/06/28;0500 UTC;;;;;;;;;;;;;;;;;
2019/06/28;0600 UTC;;;;;;;;;;;;;;;;;
2019/06/28;0700 UTC;;;;;;;;;;;;;;;;;
2019/06/28;0800 UTC;;;;;;;;;;;;;;;;;
2019/06/28;0900 UTC;;;;;;;;;;;;;;;;;
2019/06/28;1000 UTC;;;;;;;;;;;;;;;;;
2019/06/28;1100 UTC;;;;;;;;;;;;;;;;;
2019/06/28;1200 UTC;;;;;;;;;;;;;;;;;
2019/06/28;1300 UTC;;;;;;;;;;;;;;;;;
2019/06/28;1400 UTC;;;;;;;;;;;;;;;;;
2019/06/28;1500 UTC;;;;;;;;;;;;;;;;;
2019/06/28;1600 UTC;;;;;;;;;;;;;;;;;
2019/06/28;1700 UTC;;;;;;;;;;;;;;;;;
2019/06/28;1800 UTC;;;;;;;;;;;;;;;;;
2019/06/28;1900 UTC;;;;;;;;;;;;;;;;;
2019/06/28;2000 UTC;;;;;;;;;;;;;;;;;
2019/06/28;2100 UTC;;;;;;;;;;;;;;;;;
2019/06/28;2200 UTC;;;;;;;;;;;;;;;;;
2019/06/28;2300 UTC;;;;;;;;;;;;;;;;;
2019/06/29;0000 UTC;;;;;;;;;;;;;;;;;
2019/06/29;0100 UTC;;;;;;;;;;;;;;;;;
2019/06/29;0200 UTC;;;;;;;;;;;;;;;;;
2019/06/29;0300 UTC;;;;;;;;;;;;;;;;;
2019/06/29;0400 UTC;;;;;;;;;;;;;;;;;
2019/06/29;0500 UTC;;;;;;;;;;;;;;;;;
2019/06/29;0600 UTC;;;;;;;;;;;;;;;;;
2019/06/29;0700 UTC;;;;;;;;;;;;;;;;;
2019/06/29;0800 UTC;;;;;;;;;;;;;;;;;
2019/06/29;0900 UTC;;;;;;;;;;;;;;;;;
2019/06/29;1000 UTC;;;;;;;;;;;;;;;;;
2019/06/29;1100 UTC;;;;;;;;;;;;;;;;;
2019/06/29;1200 UTC;;;;;;;;;;;;;;;;;
2019/06/29;1300 UTC;;;;;;;;;;;;;;;;;
2019/06/29;1400 UTC;;;;;;;;;;;;;;;;;
2019/06/29;1500 UTC;;;;;;;;;;;;;;;;;
2019/06/29;1600 UTC;;;;;;;;;;;;;;;;;
2019/06/29;1700 UTC;;;;;;;;;;;;;;;;;
2019/06/29;1800 UTC;;;;;;;;;;;;;;;;;
2019/06/29;1900 UTC;;;;;;;;;;;;;;;;;
2019/06/29;2000 UTC;;;;;;;;;;;;;;;;;
2019/06/29;2100 UTC;;;;;;;;;;;;;;;;;
2019/06/29;2200 UTC;;;;;;;;;;;;;;;;;
2019/06/29;2300 UTC;;;;;;;;;;;;;;;;;
2019/06/30;0000 UTC;;;;;;;;;;;;;;;;;
2019/06/30;0100 UTC;;;;;;;;;;;;;;;;;
2019/06/30;0200 UTC;;;;;;;;;;;;;;;;;
2019/06/30;0300 UTC;;;;;;;;;;;;;;;;;
2019/06/30;0400 UTC;;;;;;;;;;;;;;;;;
2019/06/30;0500 UTC;;;;;;;;;;;;;;;;;
2019/06/30;0600 UTC;;;;;;;;;;;;;;;;;
2019/06/30;0700 UTC;;;;;;;;;;;;;;;;;
2019/06/30;0800 UTC;;;;;;;;;;;;;;;;;
2019/06/30;0900 UTC;;;;;;;;;;;;;;;;;
2019/06/30;1000 UTC;;;;;;;;;;;;;;;;;
2019/06/30;1100 UTC;;;;;;;;;;;;;;;;;
2019/06/30;1200 UTC;;;;;;;;;;;;;;;;;
2019/06/30;1300 UTC;;;;;;;;;;;;;;;;;
2019/06/30;1400 UTC;;;;;;;;;;;;;;;;;
2019/06/30;1500 UTC;;;;;;;;;;;;;;;;;
2019/06/30;1600 UTC;;;;;;;;;;;;;;;;;
2019/06/30;1700 UTC;;;;;;;;;;;;;;;;;
2019/06/30;1800 UTC;;;;;;;;;;;;;;;;;
2019/06/30;1900 UTC;;;;;;;;;;;;;;;;;
2019/06/30;2000 UTC;;;;;;;;;;;;;;;;;
2019/06/30;2100 UTC;;;;;;;;;;;;;;;;;
2019/06/30;2200 UTC;;;;;;;;;;;;;;;;;
2019/06/30;2300 UTC;;;;;;;;;;;;;;;;;
2019/07/01;0000 UTC;;;;;;;;;;;;;;;;;
2019/07/01;0100 UTC;;;;;;;;;;;;;;;;;
2019/07/01;0200 UTC;;;;;;;;;;;;;;;;;
2019/07/01;0300 UTC;;;;;;;;;;;;;;;;;
2019/07/01;0400 UTC;;;;;;;;;;;;;;;;;
2019/07/01;0500 UTC;;;;;;;;;;;;;;;;;
2019/07/01;0600 UTC;;;;;;;;;;;;;;;;;
2019/07/01;0700 UTC;;;;;;;;;;;;;;;;;
2019/07/01;0800 UTC;;;;;;;;;;;;;;;;;
2019/07/01;0900 UTC;;;;;;;;;;;;;;;;;
2019/07/01;1000 UTC;;;;;;;;;;;;;;;;;
2019/07/01;1100 UTC;;;;;;;;;;;;;;;;;
2019/07/01;1200 UTC;;;;;;;;;;;;;;;;;
2019/07/01;1300 UTC;;;;;;;;;;;;;;;;;
2019/07/01;1400 UTC;;;;;;;;;;;;;;;;;
2019/07/01;1500 UTC;;;;;;;;;;;;;;;;;
2019/07/01;1600 UTC;;;;;;;;;;;;;;;;;
2019/07/01;1700 UTC;;;;;;;;;;;;;;;;;
2019/07/01;1800 UTC;;;;;;;;;;;;;;;;;
2019/07/01;1900 UTC;;;;;;;;;;;;;;;;;
2019/07/01;2000 UTC;;;;;;;;;;;;;;;;;
2019/07/01;2100 UTC;;;;;;;;;;;;;;;;;
2019/07/01;2200 UTC;;;;;;;;;;;;;;;;;
2019/07/01;2300 UTC;;;;;;;;;;;;;;;;;
2019/07/02;0000 UTC;;;;;;;;;;;;;;;;;
2019/07/02;0100 UTC;;;;;;;;;;;;;;;;;
2019/07/02;0200 UTC;;;;;;;;;;;;;;;;;
2019/07/02;0300 UTC;;;;;;;;;;;;;;;;;
2019/07/02;0400 UTC;;;;;;;;;;;;;;;;;
2019/07/02;0500 UTC;;;;;;;;;;;;;;;;;
2019/07/02;0600 UTC;;;;;;;;;;;;;;;;;
2019/07/02;0700 UTC;;;;;;;;;;;;;;;;;
2019/07/02;0800 UTC;;;;;;;;;;;;;;;;;
2019/07/02;0900 UTC;;;;;;;;;;;;;;;;;
2019/07/02;1000 UTC;;;;;;;;;;;;;;;;;
2019/07/02;1100 UTC;;;;;;;;;;;;;;;;;
2019/07/02;1200 UTC;;;;;;;;;;;;;;;;;
2019/07/02;1300 UTC;;;;;;;;;;;;;;;;;
2019/07/02;1400 UTC;;;;;;;;;;;;;;;;;
2019/07/02;1500 UTC;;;;;;;;;;;;;;;;;
2019/07/02;1600 UTC;;;;;;;;;;;;;;;;;
2019/07/02;1700 UTC;;;;;;;;;;;;;;;;;
2019/07/02;1800 UTC;;;;;;;;;;;;;;;;;
2019/07/02;1900 UTC;;;;;;;;;;;;;;;;;
2019/07/02;2000 UTC;;;;;;;;;;;;;;;;;
2019/07/02;2100 UTC;;;;;;;;;;;;;;;;;
2019/07/02;2200 UTC;;;;;;;;;;;;;;;;;
2019/07/02;2300 UTC;;;;;;;;;;;;;;;;;
2019/07/03;0000 UTC;;;;;;;;;;;;;;;;;
2019/07/03;0100 UTC;;;;;;;;;;;;;;;;;
2019/07/03;0200 UTC;;;;;;;;;;;;;;;;;
2019/07/03;0300 UTC;;;;;;;;;;;;;;;;;
2019/07/03;0400 UTC;;;;;;;;;;;;;;;;;
2019/07/03;0500 UTC;;;;;;;;;;;;;;;;;
2019/07/03;0600 UTC;;;;;;;;;;;;;;;;;
2019/07/03;0700 UTC;;;;;;;;;;;;;;;;;
2019/07/03;0800 UTC;;;;;;;;;;;;;;;;;
2019/07/03;0900 UTC;;;;;;;;;;;;;;;;;
2019/07/03;1000 UTC;;;;;;;;;;;;;;;;;
2019/07/03;1100 UTC;;;;;;;;;;;;;;;;;
2019/07/03;1200 UTC;;;;;;;;;;;;;;;;;
2019/07/03;1300 UTC;;;;;;;;;;;;;;;;;
2019/07/03;1400 UTC;;;;;;;;;;;;;;;;;
2019/07/03;1500 UTC;;;;;;;;;;;;;;;;;
2019/07/03;1600 UTC;;;;;;;;;;;;;;;;;
2019/07/03;1700 UTC;;;;;;;;;;;;;;;;;
2019/07/03;1800 UTC;;;;;;;;;;;;;;;;;
2019/07/03;1900 UTC;;;;;;;;;;;;;;;;;
2019/07/03;2000 UTC;;;;;;;;;;;;;;;;;
2019/07/03;2100 UTC;;;;;;;;;;;;;;;;;
2019/07/03;2200 UTC;;;;;;;;;;;;;;;;;
2019/07/03;2300 UTC;;;;;;;;;;;;;;;;;
2019/07/04;0000 UTC;;;;;;;;;;;;;;;;;
2019/07/04;0100 UTC;;;;;;;;;;;;;;;;;
2019/07/04;0200 UTC;;;;;;;;;;;;;;;;;
2019/07/04;0300 UTC;;;;;;;;;;;;;;;;;
2019/07/04;0400 UTC;;;;;;;;;;;;;;;;;
2019/07/04;0500 UTC;;;;;;;;;;;;;;;;;
2019/07/04;0600 UTC;;;;;;;;;;;;;;;;;
2019/07/04;0700 UTC;;;;;;;;;;;;;;;;;
2019/07/04;0800 UTC;;;;;;;;;;;;;;;;;
2019/07/04;0900 UTC;;;;;;;;;;;;;;;;;
2019/07/04;1000 UTC;;;;;;;;;;;;;;;;;
2019/07/04;1100 UTC;;;;;;;;;;;;;;;;;
2019/07/04;1200 UTC;;;;;;;;;;;;;;;;;
2019/07/04;1300 UTC;;;;;;;;;;;;;;;;;
2019/07/04;1400 UTC;;;;;;;;;;;;;;;;;
2019/07/04;1500 UTC;;;;;;;;;;;;;;;;;
2019/07/04;1600 UTC;;;;;;;;;;;;;;;;;
2019/07/04;1700 UTC;;;;;;;;;;;;;;;;;
2019/07/04;1800 UTC;;;;;;;;;;;;;;;;;
2019/07/04;1900 UTC;;;;;;;;;;;;;;;;;
2019/07/04;2000 UTC;;;;;;;;;;;;;;;;;
2019/07/04;2100 UTC;;;;;;;;;;;;;;;;;
2019/07/04;2200 UTC;;;;;;;;;;;;;;;;;
2019/07/04;2300 UTC;;;;;;;;;;;;;;;;;
2019/07/05;0000 UTC;;;;;;;;;;;;;;;;;
2019/07/05;0100 UTC;;;;;;;;;;;;;;;;;
2019/07/05;0200 UTC;;;;;;;;;;;;;;;;;
2019/07/05;0300 UTC;;;;;;;;;;;;;;;;;
2019/07/05;0400 UTC;;;;;;;;;;;;;;;;;
2019/07/05;0500 UTC;;;;;;;;;;;;;;;;;
2019/07/05;0600 UTC;;;;;;;;;;;;;;;;;
2019/07/05;0700 UTC;;;;;;;;;;;;;;;;;
2019/07/05;0800 UTC;;;;;;;;;;;;;;;;;
2019/07/05;0900 UTC;;;;;;;;;;;;;;;;;
2019/07/05;1000 UTC;;;;;;;;;;;;;;;;;
2019/07/05;1100 UTC;;;;;;;;;;;;;;;;;
2019/07/05;1200 UTC;;;;;;;;;;;;;;;;;
2019/07/05;1300 UTC;;;;;;;;;;;;;;;;;
2019/07/05;1400 UTC;;;;;;;;;;;;;;;;;
2019/07/05;1500 UTC;;;;;;;;;;;;;;;;;
2019/07/05;1600 UTC;;;;;;;;;;;;;;;;;
2019/07/05;1700 UTC;;;;;;;;;;;;;;;;;
2019/07/05;1800 UTC;;;;;;;;;;;;;;;;;
2019/07/05;1900 UTC;;;;;;;;;;;;;;;;;
2019/07/05;2000 UTC;;;;;;;;;;;;;;;;;
2019/07/05;2100 UTC;;;;;;;;;;;;;;;;;
2019/07/05;2200 UTC;;;;;;;;;;;;;;;;;
2019/07/05;2300 UTC;;;;;;;;;;;;;;;;;
2019/07/06;0000 UTC;;;;;;;;;;;;;;;;;
2019/07/06;0100 UTC;;;;;;;;;;;;;;;;;
2019/07/06;0200 UTC;;;;;;;;;;;;;;;;;
2019/07/06;0300 UTC;;;;;;;;;;;;;;;;;
2019/07/06;0400 UTC;;;;;;;;;;;;;;;;;
2019/07/06;0500 UTC;;;;;;;;;;;;;;;;;
2019/07/06;0600 UTC;;;;;;;;;;;;;;;;;
2019/07/06;0700 UTC;;;;;;;;;;;;;;;;;
2019/07/06;0800 UTC;;;;;;;;;;;;;;;;;
2019/07/06;0900 UTC;;;;;;;;;;;;;;;;;
2019/07/06;1000 UTC;;;;;;;;;;;;;;;;;
2019/07/06;1100 UTC;;;;;;;;;;;;;;;;;
2019/07/06;1200 UTC;;;;;;;;;;;;;;;;;
2019/07/06;1300 UTC;;;;;;;;;;;;;;;;;
2019/07/06;1400 UTC;;;;;;;;;;;;;;;;;
2019/07/06;1500 UTC;;;;;;;;;;;;;;;;;
2019/07/06;1600 UTC;;;;;;;;;;;;;;;;;
2019/07/06;1700 UTC;;;;;;;;;;;;;;;;;
2019/07/06;1800 UTC;;;;;;;;;;;;;;;;;
2019/07/06;1900 UTC;;;;;;;;;;;;;;;;;
2019/07/06;2000 UTC;;;;;;;;;;;;;;;;;
2019/07/06;2100 UTC;;;;;;;;;;;;;;;;;
2019/07/06;2200 UTC;;;;;;;;;;;;;;;;;
2019/07/06;2300 UTC;;;;;;;;;;;;;;;;;
2019/07/07;0000 UTC;;;;;;;;;;;;;;;;;
2019/07/07;0100 UTC;;;;;;;;;;;;;;;;;
2019/07/07;0200 UTC;;;;;;;;;;;;;;;;;
2019/07/07;0300 UTC;;;;;;;;;;;;;;;;;
2019/07/07;0400 UTC;;;;;;;;;;;;;;;;;
2019/07/07;0500 UTC;;;;;;;;;;;;;;;;;
2019/07/07;0600 UTC;;;;;;;;;;;;;;;;;
2019/07/07;0700 UTC;;;;;;;;;;;;;;;;;
2019/07/07;0800 UTC;;;;;;;;;;;;;;;;;
2019/07/07;0900 UTC;;;;;;;;;;;;;;;;;
2019/07/07;1000 UTC;;;;;;;;;;;;;;;;;
2019/07/07;1100 UTC;;;;;;;;;;;;;;;;;
2019/07/07;1200 UTC;;;;;;;;;;;;;;;;;
2019/07/07;1300 UTC;;;;;;;;;;;;;;;;;
2019/07/07;1400 UTC;;;;;;;;;;;;;;;;;
2019/07/07;1500 UTC;;;;;;;;;;;;;;;;;
2019/07/07;1600 UTC;;;;;;;;;;;;;;;;;
2019/07/07;1700 UTC;;;;;;;;;;;;;;;;;
2019/07/07;1800 UTC;;;;;;;;;;;;;;;;;
2019/07/07;1900 UTC;;;;;;;;;;;;;;;;;
2019/07/07;2000 UTC;;;;;;;;;;;;;;;;;
2019/07/07;2100 UTC;;;;;;;;;;;;;;;;;
2019/07/07;2200 UTC;;;;;;;;;;;;;;;;;
2019/07/07;2300 UTC;;;;;;;;;;;;;;;;;
2019/07/08;0000 UTC;;;;;;;;;;;;;;;;;
2019/07/08;0100 UTC;;;;;;;;;;;;;;;;;
2019/07/08;0200 UTC;;;;;;;;;;;;;;;;;
2019/07/08;0300 UTC;;;;;;;;;;;;;;;;;
2019/07/08;0400 UTC;;;;;;;;;;;;;;;;;
2019/07/08;0500 UTC;;;;;;;;;;;;;;;;;
2019/07/08;0600 UTC;;;;;;;;;;;;;;;;;
2019/07/08;0700 UTC;;;;;;;;;;;;;;;;;
2019/07/08;0800 UTC;;;;;;;;;;;;;;;;;
2019/07/08;0900 UTC;;;;;;;;;;;;;;;;;
2019/07/08;1000 UTC;;;;;;;;;;;;;;;;;
2019/07/08;1100 UTC;;;;;;;;;;;;;;;;;
2019/07/08;1200 UTC;;;;;;;;;;;;;;;;;
2019/07/08;1300 UTC;;;;;;;;;;;;;;;;;
2019/07/08;1400 UTC;;;;;;;;;;;;;;;;;
2019/07/08;1500 UTC;;;;;;;;;;;;;;;;;
2019/07/08;1600 UTC;;;;;;;;;;;;;;;;;
2019/07/08;1700 UTC;;;;;;;;;;;;;;;;;
2019/07/08;1800 UTC;;;;;;;;;;;;;;;;;
2019/07/08;1900 UTC;;;;;;;;;;;;;;;;;
2019/07/08;2000 UTC;;;;;;;;;;;;;;;;;
2019/07/08;2100 UTC;;;;;;;;;;;;;;;;;
2019/07/08;2200 UTC;;;;;;;;;;;;;;;;;
2019/07/08;2300 UTC;;;;;;;;;;;;;;;;;
2019/07/09;0000 UTC;;;;;;;;;;;;;;;;;
2019/07/09;0100 UTC;;;;;;;;;;;;;;;;;
2019/07/09;0200 UTC;;;;;;;;;;;;;;;;;
2019/07/09;0300 UTC;;;;;;;;;;;;;;;;;
2019/07/09;0400 UTC;;;;;;;;;;;;;;;;;
2019/07/09;0500 UTC;;;;;;;;;;;;;;;;;
2019/07/09;0600 UTC;;;;;;;;;;;;;;;;;
2019/07/09;0700 UTC;;;;;;;;;;;;;;;;;
2019/07/09;0800 UTC;;;;;;;;;;;;;;;;;
2019/07/09;0900 UTC;;;;;;;;;;;;;;;;;
2019/07/09;1000 UTC;;;;;;;;;;;;;;;;;
2019/07/09;1100 UTC;;;;;;;;;;;;;;;;;
2019/07/09;1200 UTC;;;;;;;;;;;;;;;;;
2019/07/09;1300 UTC;;;;;;;;;;;;;;;;;
2019/07/09;1400 UTC;;;;;;;;;;;;;;;;;
2019/07/09;1500 UTC;;;;;;;;;;;;;;;;;
2019/07/09;1600 UTC;;;;;;;;;;;;;;;;;
2019/07/09;1700 UTC;;;;;;;;;;;;;;;;;
2019/07/09;1800 UTC;;;;;;;;;;;;;;;;;
2019/07/09;1900 UTC;;;;;;;;;;;;;;;;;
2019/07/09;2000 UTC;;;;;;;;;;;;;;;;;
2019/07/09;2100 UTC;;;;;;;;;;;;;;;;;
2019/07/09;2200 UTC;;;;;;;;;;;;;;;;;
2019/07/09;2300 UTC;;;;;;;;;;;;;;;;;
2019/07/10;0000 UTC;;;;;;;;;;;;;;;;;
2019/07/10;0100 UTC;;;;;;;;;;;;;;;;;
2019/07/10;0200 UTC;;;;;;;;;;;;;;;;;
2019/07/10;0300 UTC;;;;;;;;;;;;;;;;;
2019/07/10;0400 UTC;;;;;;;;;;;;;;;;;
2019/07/10;0500 UTC;;;;;;;;;;;;;;;;;
2019/07/10;0600 UTC;;;;;;;;;;;;;;;;;
2019/07/10;0700 UTC;;;;;;;;;;;;;;;;;
2019/07/10;0800 UTC;;;;;;;;;;;;;;;;;
2019/07/10;0900 UTC;;;;;;;;;;;;;;;;;
2019/07/10;1000 UTC;;;;;;;;;;;;;;;;;
2019/07/10;1100 UTC;;;;;;;;;;;;;;;;;
2019/07/10;1200 UTC;;;;;;;;;;;;;;;;;
2019/07/10;1300 UTC;;;;;;;;;;;;;;;;;
2019/07/10;1400 UTC;;;;;;;;;;;;;;;;;
2019/07/10;1500 UTC;;;;;;;;;;;;;;;;;
2019/07/10;1600 UTC;;;;;;;;;;;;;;;;;
2019/07/10;1700 UTC;;;;;;;;;;;;;;;;;
2019/07/10;1800 UTC;;;;;;;;;;;;;;;;;
2019/07/10;1900 UTC;;;;;;;;;;;;;;;;;
2019/07/10;2000 UTC;;;;;;;;;;;;;;;;;
2019/07/10;2100 UTC;;;;;;;;;;;;;;;;;
2019/07/10;2200 UTC;;;;;;;;;;;;;;;;;
2019/07/10;2300 UTC;;;;;;;;;;;;;;;;;
2019/07/11;0000 UTC;;;;;;;;;;;;;;;;;
2019/07/11;0100 UTC;;;;;;;;;;;;;;;;;
2019/07/11;0200 UTC;;;;;;;;;;;;;;;;;
2019/07/11;0300 UTC;;;;;;;;;;;;;;;;;
2019/07/11;0400 UTC;;;;;;;;;;;;;;;;;
2019/07/11;0500 UTC;;;;;;;;;;;;;;;;;
2019/07/11;0600 UTC;;;;;;;;;;;;;;;;;
2019/07/11;0700 UTC;;;;;;;;;;;;;;;;;
2019/07/11;0800 UTC;;;;;;;;;;;;;;;;;
2019/07/11;0900 UTC;;;;;;;;;;;;;;;;;
2019/07/11;1000 UTC;;;;;;;;;;;;;;;;;
2019/07/11;1100 UTC;;;;;;;;;;;;;;;;;
2019/07/11;1200 UTC;;;;;;;;;;;;;;;;;
2019/07/11;1300 UTC;;;;;;;;;;;;;;;;;
2019/07/11;1400 UTC;;;;;;;;;;;;;;;;;
2019/07/11;1500 UTC;;;;;;;;;;;;;;;;;
2019/07/11;1600 UTC;;;;;;;;;;;;;;;;;
2019/07/11;1700 UTC;;;;;;;;;;;;;;;;;
2019/07/11;1800 UTC;;;;;;;;;;;;;;;;;
2019/07/11;1900 UTC;;;;;;;;;;;;;;;;;
2019/07/11;2000 UTC;;;;;;;;;;;;;;;;;
2019/07/11;2100 UTC;;;;;;;;;;;;;;;;;
2019/07/11;2200 UTC;;;;;;;;;;;;;;;;;
2019/07/11;2300 UTC;;;;;;;;;;;;;;;;;
2019/07/12;0000 UTC;;;;;;;;;;;;;;;;;
2019/07/12;0100 UTC;;;;;;;;;;;;;;;;;
2019/07/12;0200 UTC;;;;;;;;;;;;;;;;;
2019/07/12;0300 UTC;;;;;;;;;;;;;;;;;
2019/07/12;0400 UTC;;;;;;;;;;;;;;;;;
2019/07/12;0500 UTC;;;;;;;;;;;;;;;;;
2019/07/12;0600 UTC;;;;;;;;;;;;;;;;;
2019/07/12;0700 UTC;;;;;;;;;;;;;;;;;
2019/07/12;0800 UTC;;;;;;;;;;;;;;;;;
2019/07/12;0900 UTC;;;;;;;;;;;;;;;;;
2019/07/12;1000 UTC;;;;;;;;;;;;;;;;;
2019/07/12;1100 UTC;;;;;;;;;;;;;;;;;
2019/07/12;1200 UTC;;;;;;;;;;;;;;;;;
2019/07/12;1300 UTC;;;;;;;;;;;;;;;;;
2019/07/12;1400 UTC;;;;;;;;;;;;;;;;;
2019/07/12;1500 UTC;;;;;;;;;;;;;;;;;
2019/07/12;1600 UTC;;;;;;;;;;;;;;;;;
2019/07/12;1700 UTC;;;;;;;;;;;;;;;;;
2019/07/12;1800 UTC;;;;;;;;;;;;;;;;;
2019/07/12;1900 UTC;;;;;;;;;;;;;;;;;
2019/07/12;2000 UTC;;;;;;;;;;;;;;;;;
2019/07/12;2100 UTC;;;;;;;;;;;;;;;;;
2019/07/12;2200 UTC;;;;;;;;;;;;;;;;;
2019/07/12;2300 UTC;;;;;;;;;;;;;;;;;
2019/07/13;0000 UTC;;;;;;;;;;;;;;;;;
2019/07/13;0100 UTC;;;;;;;;;;;;;;;;;
2019/07/13;0200 UTC;;;;;;;;;;;;;;;;;
2019/07/13;0300 UTC;;;;;;;;;;;;;;;;;
2019/07/13;0400 UTC;;;;;;;;;;;;;;;;;
2019/07/13;0500 UTC;;;;;;;;;;;;;;;;;
2019/07/13;0600 UTC;;;;;;;;;;;;;;;;;
2019/07/13;0700 UTC;;;;;;;;;;;;;;;;;
2019/07/13;0800 UTC;;;;;;;;;;;;;;;;;
2019/07/13;0900 UTC;;;;;;;;;;;;;;;;;
2019/07/13;1000 UTC;;;;;;;;;;;;;;;;;
2019/07/13;1100 UTC;;;;;;;;;;;;;;;;;
2019/07/13;1200 UTC;;;;;;;;;;;;;;;;;
2019/07/13;1300 UTC;;;;;;;;;;;;;;;;;
2019/07/13;1400 UTC;;;;;;;;;;;;;;;;;
2019/07/13;1500 UTC;;;;;;;;;;;;;;;;;
2019/07/13;1600 UTC;;;;;;;;;;;;;;;;;
2019/07/13;1700 UTC;;;;;;;;;;;;;;;;;
2019/07/13;1800 UTC;;;;;;;;;;;;;;;;;
2019/07/13;1900 UTC;;;;;;;;;;;;;;;;;
2019/07/13;2000 UTC;;;;;;;;;;;;;;;;;
2019/07/13;2100 UTC;;;;;;;;;;;;;;;;;
2019/07/13;2200 UTC;;;;;;;;;;;;;;;;;
2019/07/13;2300 UTC;;;;;;;;;;;;;;;;;
2019/07/14;0000 UTC;;;;;;;;;;;;;;;;;
2019/07/14;0100 UTC;;;;;;;;;;;;;;;;;
2019/07/14;0200 UTC;;;;;;;;;;;;;;;;;
2019/07/14;0300 UTC;;;;;;;;;;;;;;;;;
2019/07/14;0400 UTC;;;;;;;;;;;;;;;;;
2019/07/14;0500 UTC;;;;;;;;;;;;;;;;;
2019/07/14;0600 UTC;;;;;;;;;;;;;;;;;
2019/07/14;0700 UTC;;;;;;;;;;;;;;;;;
2019/07/14;0800 UTC;;;;;;;;;;;;;;;;;
2019/07/14;0900 UTC;;;;;;;;;;;;;;;;;
2019/07/14;1000 UTC;;;;;;;;;;;;;;;;;
2019/07/14;1100 UTC;;;;;;;;;;;;;;;;;
2019/07/14;1200 UTC;;;;;;;;;;;;;;;;;
2019/07/14;1300 UTC;;;;;;;;;;;;;;;;;
2019/07/14;1400 UTC;;;;;;;;;;;;;;;;;
2019/07/14;1500 UTC;;;;;;;;;;;;;;;;;
2019/07/14;1600 UTC;;;;;;;;;;;;;;;;;
2019/07/14;1700 UTC;;;;;;;;;;;;;;;;;
2019/07/14;1800 UTC;;;;;;;;;;;;;;;;;
2019/07/14;1900 UTC;;;;;;;;;;;;;;;;;
2019/07/14;2000 UTC;;;;;;;;;;;;;;;;;
2019/07/14;2100 UTC;;;;;;;;;;;;;;;;;
2019/07/14;2200 UTC;;;;;;;;;;;;;;;;;
2019/07/14;2300 UTC;;;;;;;;;;;;;;;;;
2019/07/15;0000 UTC;;;;;;;;;;;;;;;;;
2019/07/15;0100 UTC;;;;;;;;;;;;;;;;;
2019/07/15;0200 UTC;;;;;;;;;;;;;;;;;
2019/07/15;0300 UTC;;;;;;;;;;;;;;;;;
2019/07/15;0400 UTC;;;;;;;;;;;;;;;;;
2019/07/15;0500 UTC;;;;;;;;;;;;;;;;;
2019/07/15;0600 UTC;;;;;;;;;;;;;;;;;
2019/07/15;0700 UTC;;;;;;;;;;;;;;;;;
2019/07/15;0800 UTC;;;;;;;;;;;;;;;;;
2019/07/15;0900 UTC;;;;;;;;;;;;;;;;;
2019/07/15;1000 UTC;;;;;;;;;;;;;;;;;
2019/07/15;1100 UTC;;;;;;;;;;;;;;;;;
2019/07/15;1200 UTC;;;;;;;;;;;;;;;;;
2019/07/15;1300 UTC;;;;;;;;;;;;;;;;;
2019/07/15;1400 UTC;;;;;;;;;;;;;;;;;
2019/07/15;1500 UTC;;;;;;;;;;;;;;;;;
2019/07/15;1600 UTC;;;;;;;;;;;;;;;;;
2019/07/15;1700 UTC;;;;;;;;;;;;;;;;;
2019/07/15;1800 UTC;;;;;;;;;;;;;;;;;
2019/07/15;1900 UTC;;;;;;;;;;;;;;;;;
2019/07/15;2000 UTC;;;;;;;;;;;;;;;;;
2019/07/15;2100 UTC;;;;;;;;;;;;;;;;;
2019/07/15;2200 UTC;;;;;;;;;;;;;;;;;
2019/07/15;2300 UTC;;;;;;;;;;;;;;;;;
2019/07/16;0000 UTC;;;;;;;;;;;;;;;;;
2019/07/16;0100 UTC;;;;;;;;;;;;;;;;;
2019/07/16;0200 UTC;;;;;;;;;;;;;;;;;
2019/07/16;0300 UTC;;;;;;;;;;;;;;;;;
2019/07/16;0400 UTC;;;;;;;;;;;;;;;;;
2019/07/16;0500 UTC;;;;;;;;;;;;;;;;;
2019/07/16;0600 UTC;;;;;;;;;;;;;;;;;
2019/07/16;0700 UTC;;;;;;;;;;;;;;;;;
2019/07/16;0800 UTC;;;;;;;;;;;;;;;;;
2019/07/16;0900 UTC;;;;;;;;;;;;;;;;;
2019/07/16;1000 UTC;;;;;;;;;;;;;;;;;
2019/07/16;1100 UTC;;;;;;;;;;;;;;;;;
2019/07/16;1200 UTC;;;;;;;;;;;;;;;;;
2019/07/16;1300 UTC;;;;;;;;;;;;;;;;;
2019/07/16;1400 UTC;;;;;;;;;;;;;;;;;
2019/07/16;1500 UTC;;;;;;;;;;;;;;;;;
2019/07/16;1600 UTC;;;;;;;;;;;;;;;;;
2019/07/16;1700 UTC;;;;;;;;;;;;;;;;;
2019/07/16;1800 UTC;;;;;;;;;;;;;;;;;
2019/07/16;1900 UTC;;;;;;;;;;;;;;;;;
2019/07/16;2000 UTC;;;;;;;;;;;;;;;;;
2019/07/16;2100 UTC;;;;;;;;;;;;;;;;;
2019/07/16;2200 UTC;;;;;;;;;;;;;;;;;
2019/07/16;2300 UTC;;;;;;;;;;;;;;;;;
2019/07/17;0000 UTC;;;;;;;;;;;;;;;;;
2019/07/17;0100 UTC;;;;;;;;;;;;;;;;;
2019/07/17;0200 UTC;;;;;;;;;;;;;;;;;
2019/07/17;0300 UTC;;;;;;;;;;;;;;;;;
2019/07/17;0400 UTC;;;;;;;;;;;;;;;;;
2019/07/17;0500 UTC;;;;;;;;;;;;;;;;;
2019/07/17;0600 UTC;;;;;;;;;;;;;;;;;
2019/07/17;0700 UTC;;;;;;;;;;;;;;;;;
2019/07/17;0800 UTC;;;;;;;;;;;;;;;;;
2019/07/17;0900 UTC;;;;;;;;;;;;;;;;;
2019/07/17;1000 UTC;;;;;;;;;;;;;;;;;
2019/07/17;1100 UTC;;;;;;;;;;;;;;;;;
2019/07/17;1200 UTC;;;;;;;;;;;;;;;;;
2019/07/17;1300 UTC;;;;;;;;;;;;;;;;;
2019/07/17;1400 UTC;;;;;;;;;;;;;;;;;
2019/07/17;1500 UTC;;;;;;;;;;;;;;;;;
2019/07/17;1600 UTC;;;;;;;;;;;;;;;;;
2019/07/17;1700 UTC;;;;;;;;;;;;;;;;;
2019/07/17;1800 UTC;;;;;;;;;;;;;;;;;
2019/07/17;1900 UTC;;;;;;;;;;;;;;;;;
2019/07/17;2000 UTC;;;;;;;;;;;;;;;;;
2019/07/17;2100 UTC;;;;;;;;;;;;;;;;;
2019/07/17;2200 UTC;;;;;;;;;;;;;;;;;
2019/07/17;2300 UTC;;;;;;;;;;;;;;;;;
2019/07/18;0000 UTC;;;;;;;;;;;;;;;;;
2019/07/18;0100 UTC;;;;;;;;;;;;;;;;;
2019/07/18;0200 UTC;;;;;;;;;;;;;;;;;
2019/07/18;0300 UTC;;;;;;;;;;;;;;;;;
2019/07/18;0400 UTC;;;;;;;;;;;;;;;;;
2019/07/18;0500 UTC;;;;;;;;;;;;;;;;;
2019/07/18;0600 UTC;;;;;;;;;;;;;;;;;
2019/07/18;0700 UTC;;;;;;;;;;;;;;;;;
2019/07/18;0800 UTC;;;;;;;;;;;;;;;;;
2019/07/18;0900 UTC;;;;;;;;;;;;;;;;;
2019/07/18;1000 UTC;;;;;;;;;;;;;;;;;
2019/07/18;1100 UTC;;;;;;;;;;;;;;;;;
2019/07/18;1200 UTC;;;;;;;;;;;;;;;;;
2019/07/18;1300 UTC;;;;;;;;;;;;;;;;;
2019/07/18;1400 UTC;;;;;;;;;;;;;;;;;
2019/07/18;1500 UTC;;;;;;;;;;;;;;;;;
2019/07/18;1600 UTC;;;;;;;;;;;;;;;;;
2019/07/18;1700 UTC;;;;;;;;;;;;;;;;;
2019/07/18;1800 UTC;;;;;;;;;;;;;;;;;
2019/07/18;1900 UTC;;;;;;;;;;;;;;;;;
2019/07/18;2000 UTC;;;;;;;;;;;;;;;;;
2019/07/18;2100 UTC;;;;;;;;;;;;;;;;;
2019/07/18;2200 UTC;;;;;;;;;;;;;;;;;
2019/07/18;2300 UTC;;;;;;;;;;;;;;;;;
2019/07/19;0000 UTC;;;;;;;;;;;;;;;;;
2019/07/19;0100 UTC;;;;;;;;;;;;;;;;;
2019/07/19;0200 UTC;;;;;;;;;;;;;;;;;
2019/07/19;0300 UTC;;;;;;;;;;;;;;;;;
2019/07/19;0400 UTC;;;;;;;;;;;;;;;;;
2019/07/19;0500 UTC;;;;;;;;;;;;;;;;;
2019/07/19;0600 UTC;;;;;;;;;;;;;;;;;
2019/07/19;0700 UTC;;;;;;;;;;;;;;;;;
2019/07/19;0800 UTC;;;;;;;;;;;;;;;;;
2019/07/19;0900 UTC;;;;;;;;;;;;;;;;;
2019/07/19;1000 UTC;;;;;;;;;;;;;;;;;
2019/07/19;1100 UTC;;;;;;;;;;;;;;;;;
2019/07/19;1200 UTC;;;;;;;;;;;;;;;;;
2019/07/19;1300 UTC;;;;;;;;;;;;;;;;;
2019/07/19;1400 UTC;;;;;;;;;;;;;;;;;
2019/07/19;1500 UTC;;;;;;;;;;;;;;;;;
2019/07/19;1600 UTC;;;;;;;;;;;;;;;;;
2019/07/19;1700 UTC;;;;;;;;;;;;;;;;;
2019/07/19;1800 UTC;;;;;;;;;;;;;;;;;
2019/07/19;1900 UTC;;;;;;;;;;;;;;;;;
2019/07/19;2000 UTC;;;;;;;;;;;;;;;;;
2019/07/19;2100 UTC;;;;;;;;;;;;;;;;;
2019/07/19;2200 UTC;;;;;;;;;;;;;;;;;
2019/07/19;2300 UTC;;;;;;;;;;;;;;;;;
2019/07/20;0000 UTC;;;;;;;;;;;;;;;;;
2019/07/20;0100 UTC;;;;;;;;;;;;;;;;;
2019/07/20;0200 UTC;;;;;;;;;;;;;;;;;
2019/07/20;0300 UTC;;;;;;;;;;;;;;;;;
2019/07/20;0400 UTC;;;;;;;;;;;;;;;;;
2019/07/20;0500 UTC;;;;;;;;;;;;;;;;;
2019/07/20;0600 UTC;;;;;;;;;;;;;;;;;
2019/07/20;0700 UTC;;;;;;;;;;;;;;;;;
2019/07/20;0800 UTC;;;;;;;;;;;;;;;;;
2019/07/20;0900 UTC;;;;;;;;;;;;;;;;;
2019/07/20;1000 UTC;;;;;;;;;;;;;;;;;
2019/07/20;1100 UTC;;;;;;;;;;;;;;;;;
2019/07/20;1200 UTC;;;;;;;;;;;;;;;;;
2019/07/20;1300 UTC;;;;;;;;;;;;;;;;;
2019/07/20;1400 UTC;;;;;;;;;;;;;;;;;
2019/07/20;1500 UTC;;;;;;;;;;;;;;;;;
2019/07/20;1600 UTC;;;;;;;;;;;;;;;;;
2019/07/20;1700 UTC;;;;;;;;;;;;;;;;;
2019/07/20;1800 UTC;;;;;;;;;;;;;;;;;
2019/07/20;1900 UTC;;;;;;;;;;;;;;;;;
2019/07/20;2000 UTC;;;;;;;;;;;;;;;;;
2019/07/20;2100 UTC;;;;;;;;;;;;;;;;;
2019/07/20;2200 UTC;;;;;;;;;;;;;;;;;
2019/07/20;2300 UTC;;;;;;;;;;;;;;;;;
2019/07/21;0000 UTC;;;;;;;;;;;;;;;;;
2019/07/21;0100 UTC;;;;;;;;;;;;;;;;;
2019/07/21;0200 UTC;;;;;;;;;;;;;;;;;
2019/07/21;0300 UTC;;;;;;;;;;;;;;;;;
2019/07/21;0400 UTC;;;;;;;;;;;;;;;;;
2019/07/21;0500 UTC;;;;;;;;;;;;;;;;;
2019/07/21;0600 UTC;;;;;;;;;;;;;;;;;
2019/07/21;0700 UTC;;;;;;;;;;;;;;;;;
2019/07/21;0800 UTC;;;;;;;;;;;;;;;;;
2019/07/21;0900 UTC;;;;;;;;;;;;;;;;;
2019/07/21;1000 UTC;;;;;;;;;;;;;;;;;
2019/07/21;1100 UTC;;;;;;;;;;;;;;;;;
2019/07/21;1200 UTC;;;;;;;;;;;;;;;;;
2019/07/21;1300 UTC;;;;;;;;;;;;;;;;;
2019/07/21;1400 UTC;;;;;;;;;;;;;;;;;
2019/07/21;1500 UTC;;;;;;;;;;;;;;;;;
2019/07/21;1600 UTC;;;;;;;;;;;;;;;;;
2019/07/21;1700 UTC;;;;;;;;;;;;;;;;;
2019/07/21;1800 UTC;;;;;;;;;;;;;;;;;
2019/07/21;1900 UTC;;;;;;;;;;;;;;;;;
2019/07/21;2000 UTC;;;;;;;;;;;;;;;;;
2019/07/21;2100 UTC;;;;;;;;;;;;;;;;;
2019/07/21;2200 UTC;;;;;;;;;;;;;;;;;
2019/07/21;2300 UTC;;;;;;;;;;;;;;;;;
2019/07/22;0000 UTC;;;;;;;;;;;;;;;;;
2019/07/22;0100 UTC;;;;;;;;;;;;;;;;;
2019/07/22;0200 UTC;;;;;;;;;;;;;;;;;
2019/07/22;0300 UTC;;;;;;;;;;;;;;;;;
2019/07/22;0400 UTC;;;;;;;;;;;;;;;;;
2019/07/22;0500 UTC;;;;;;;;;;;;;;;;;
2019/07/22;0600 UTC;;;;;;;;;;;;;;;;;
2019/07/22;0700 UTC;;;;;;;;;;;;;;;;;
2019/07/22;0800 UTC;;;;;;;;;;;;;;;;;
2019/07/22;0900 UTC;;;;;;;;;;;;;;;;;
2019/07/22;1000 UTC;;;;;;;;;;;;;;;;;
2019/07/22;1100 UTC;;;;;;;;;;;;;;;;;
2019/07/22;1200 UTC;;;;;;;;;;;;;;;;;
2019/07/22;1300 UTC;;;;;;;;;;;;;;;;;
2019/07/22;1400 UTC;;;;;;;;;;;;;;;;;
2019/07/22;1500 UTC;;;;;;;;;;;;;;;;;
2019/07/22;1600 UTC;;;;;;;;;;;;;;;;;
2019/07/22;1700 UTC;;;;;;;;;;;;;;;;;
2019/07/22;1800 UTC;;;;;;;;;;;;;;;;;
2019/07/22;1900 UTC;;;;;;;;;;;;;;;;;
2019/07/22;2000 UTC;;;;;;;;;;;;;;;;;
2019/07/22;2100 UTC;;;;;;;;;;;;;;;;;
2019/07/22;2200 UTC;;;;;;;;;;;;;;;;;
2019/07/22;2300 UTC;;;;;;;;;;;;;;;;;
2019/07/23;0000 UTC;;;;;;;;;;;;;;;;;
2019/07/23;0100 UTC;;;;;;;;;;;;;;;;;
2019/07/23;0200 UTC;;;;;;;;;;;;;;;;;
2019/07/23;0300 UTC;;;;;;;;;;;;;;;;;
2019/07/23;0400 UTC;;;;;;;;;;;;;;;;;
2019/07/23;0500 UTC;;;;;;;;;;;;;;;;;
2019/07/23;0600 UTC;;;;;;;;;;;;;;;;;
2019/07/23;0700 UTC;;;;;;;;;;;;;;;;;
2019/07/23;0800 UTC;;;;;;;;;;;;;;;;;
2019/07/23;0900 UTC;;;;;;;;;;;;;;;;;
2019/07/23;1000 UTC;;;;;;;;;;;;;;;;;
2019/07/23;1100 UTC;;;;;;;;;;;;;;;;;
2019/07/23;1200 UTC;;;;;;;;;;;;;;;;;
2019/07/23;1300 UTC;;;;;;;;;;;;;;;;;
2019/07/23;1400 UTC;;;;;;;;;;;;;;;;;
2019/07/23;1500 UTC;;;;;;;;;;;;;;;;;
2019/07/23;1600 UTC;;;;;;;;;;;;;;;;;
2019/07/23;1700 UTC;;;;;;;;;;;;;;;;;
2019/07/23;1800 UTC;;;;;;;;;;;;;;;;;
2019/07/23;1900 UTC;;;;;;;;;;;;;;;;;
2019/07/23;2000 UTC;;;;;;;;;;;;;;;;;
2019/07/23;2100 UTC;;;;;;;;;;;;;;;;;
2019/07/23;2200 UTC;;;;;;;;;;;;;;;;;
2019/07/23;2300 UTC;;;;;;;;;;;;;;;;;
2019/07/24;0000 UTC;;;;;;;;;;;;;;;;;
2019/07/24;0100 UTC;;;;;;;;;;;;;;;;;
2019/07/24;0200 UTC;;;;;;;;;;;;;;;;;
2019/07/24;0300 UTC;;;;;;;;;;;;;;;;;
2019/07/24;0400 UTC;;;;;;;;;;;;;;;;;
2019/07/24;0500 UTC;;;;;;;;;;;;;;;;;
2019/07/24;0600 UTC;;;;;;;;;;;;;;;;;
2019/07/24;0700 UTC;;;;;;;;;;;;;;;;;
2019/07/24;0800 UTC;;;;;;;;;;;;;;;;;
2019/07/24;0900 UTC;;;;;;;;;;;;;;;;;
2019/07/24;1000 UTC;;;;;;;;;;;;;;;;;
2019/07/24;1100 UTC;;;;;;;;;;;;;;;;;
2019/07/24;1200 UTC;;;;;;;;;;;;;;;;;
2019/07/24;1300 UTC;;;;;;;;;;;;;;;;;
2019/07/24;1400 UTC;;;;;;;;;;;;;;;;;
2019/07/24;1500 UTC;;;;;;;;;;;;;;;;;
2019/07/24;1600 UTC;;;;;;;;;;;;;;;;;
2019/07/24;1700 UTC;;;;;;;;;;;;;;;;;
2019/07/24;1800 UTC;;;;;;;;;;;;;;;;;
2019/07/24;1900 UTC;;;;;;;;;;;;;;;;;
2019/07/24;2000 UTC;;;;;;;;;;;;;;;;;
2019/07/24;2100 UTC;;;;;;;;;;;;;;;;;
2019/07/24;2200 UTC;;;;;;;;;;;;;;;;;
2019/07/24;2300 UTC;;;;;;;;;;;;;;;;;
2019/07/25;0000 UTC;;;;;;;;;;;;;;;;;
2019/07/25;0100 UTC;;;;;;;;;;;;;;;;;
2019/07/25;0200 UTC;;;;;;;;;;;;;;;;;
2019/07/25;0300 UTC;;;;;;;;;;;;;;;;;
2019/07/25;0400 UTC;;;;;;;;;;;;;;;;;
2019/07/25;0500 UTC;;;;;;;;;;;;;;;;;
2019/07/25;0600 UTC;;;;;;;;;;;;;;;;;
2019/07/25;0700 UTC;;;;;;;;;;;;;;;;;
2019/07/25;0800 UTC;;;;;;;;;;;;;;;;;
2019/07/25;0900 UTC;;;;;;;;;;;;;;;;;
2019/07/25;1000 UTC;;;;;;;;;;;;;;;;;
2019/07/25;1100 UTC;;;;;;;;;;;;;;;;;
2019/07/25;1200 UTC;;;;;;;;;;;;;;;;;
2019/07/25;1300 UTC;;;;;;;;;;;;;;;;;
2019/07/25;1400 UTC;;;;;;;;;;;;;;;;;
2019/07/25;1500 UTC;;;;;;;;;;;;;;;;;
2019/07/25;1600 UTC;;;;;;;;;;;;;;;;;
2019/07/25;1700 UTC;;;;;;;;;;;;;;;;;
2019/07/25;1800 UTC;;;;;;;;;;;;;;;;;
2019/07/25;1900 UTC;;;;;;;;;;;;;;;;;
2019/07/25;2000 UTC;;;;;;;;;;;;;;;;;
2019/07/25;2100 UTC;;;;;;;;;;;;;;;;;
2019/07/25;2200 UTC;;;;;;;;;;;;;;;;;
2019/07/25;2300 UTC;;;;;;;;;;;;;;;;;
2019/07/26;0000 UTC;;;;;;;;;;;;;;;;;
2019/07/26;0100 UTC;;;;;;;;;;;;;;;;;
2019/07/26;0200 UTC;;;;;;;;;;;;;;;;;
2019/07/26;0300 UTC;;;;;;;;;;;;;;;;;
2019/07/26;0400 UTC;;;;;;;;;;;;;;;;;
2019/07/26;0500 UTC;;;;;;;;;;;;;;;;;
2019/07/26;0600 UTC;;;;;;;;;;;;;;;;;
2019/07/26;0700 UTC;;;;;;;;;;;;;;;;;
2019/07/26;0800 UTC;;;;;;;;;;;;;;;;;
2019/07/26;0900 UTC;;;;;;;;;;;;;;;;;
2019/07/26;1000 UTC;;;;;;;;;;;;;;;;;
2019/07/26;1100 UTC;;;;;;;;;;;;;;;;;
2019/07/26;1200 UTC;;;;;;;;;;;;;;;;;
2019/07/26;1300 UTC;;;;;;;;;;;;;;;;;
2019/07/26;1400 UTC;;;;;;;;;;;;;;;;;
2019/07/26;1500 UTC;;;;;;;;;;;;;;;;;
2019/07/26;1600 UTC;;;;;;;;;;;;;;;;;
2019/07/26;1700 UTC;;;;;;;;;;;;;;;;;
2019/07/26;1800 UTC;;;;;;;;;;;;;;;;;
2019/07/26;1900 UTC;;;;;;;;;;;;;;;;;
2019/07/26;2000 UTC;;;;;;;;;;;;;;;;;
2019/07/26;2100 UTC;;;;;;;;;;;;;;;;;
2019/07/26;2200 UTC;;;;;;;;;;;;;;;;;
2019/07/26;2300 UTC;;;;;;;;;;;;;;;;;
2019/07/27;0000 UTC;;;;;;;;;;;;;;;;;
2019/07/27;0100 UTC;;;;;;;;;;;;;;;;;
2019/07/27;0200 UTC;;;;;;;;;;;;;;;;;
2019/07/27;0300 UTC;;;;;;;;;;;;;;;;;
2019/07/27;0400 UTC;;;;;;;;;;;;;;;;;
2019/07/27;0500 UTC;;;;;;;;;;;;;;;;;
2019/07/27;0600 UTC;;;;;;;;;;;;;;;;;
2019/07/27;0700 UTC;;;;;;;;;;;;;;;;;
2019/07/27;0800 UTC;;;;;;;;;;;;;;;;;
2019/07/27;0900 UTC;;;;;;;;;;;;;;;;;
2019/07/27;1000 UTC;;;;;;;;;;;;;;;;;
2019/07/27;1100 UTC;;;;;;;;;;;;;;;;;
2019/07/27;1200 UTC;;;;;;;;;;;;;;;;;
2019/07/27;1300 UTC;;;;;;;;;;;;;;;;;
2019/07/27;1400 UTC;;;;;;;;;;;;;;;;;
2019/07/27;1500 UTC;;;;;;;;;;;;;;;;;
2019/07/27;1600 UTC;;;;;;;;;;;;;;;;;
2019/07/27;1700 UTC;;;;;;;;;;;;;;;;;
2019/07/27;1800 UTC;;;;;;;;;;;;;;;;;
2019/07/27;1900 UTC;;;;;;;;;;;;;;;;;
2019/07/27;2000 UTC;;;;;;;;;;;;;;;;;
2019/07/27;2100 UTC;;;;;;;;;;;;;;;;;
2019/07/27;2200 UTC;;;;;;;;;;;;;;;;;
2019/07/27;2300 UTC;;;;;;;;;;;;;;;;;
2019/07/28;0000 UTC;;;;;;;;;;;;;;;;;
2019/07/28;0100 UTC;;;;;;;;;;;;;;;;;
2019/07/28;0200 UTC;;;;;;;;;;;;;;;;;
2019/07/28;0300 UTC;;;;;;;;;;;;;;;;;
2019/07/28;0400 UTC;;;;;;;;;;;;;;;;;
2019/07/28;0500 UTC;;;;;;;;;;;;;;;;;
2019/07/28;0600 UTC;;;;;;;;;;;;;;;;;
2019/07/28;0700 UTC;;;;;;;;;;;;;;;;;
2019/07/28;0800 UTC;;;;;;;;;;;;;;;;;
2019/07/28;0900 UTC;;;;;;;;;;;;;;;;;
2019/07/28;1000 UTC;;;;;;;;;;;;;;;;;
2019/07/28;1100 UTC;;;;;;;;;;;;;;;;;
2019/07/28;1200 UTC;;;;;;;;;;;;;;;;;
2019/07/28;1300 UTC;;;;;;;;;;;;;;;;;
2019/07/28;1400 UTC;;;;;;;;;;;;;;;;;
2019/07/28;1500 UTC;;;;;;;;;;;;;;;;;
2019/07/28;1600 UTC;;;;;;;;;;;;;;;;;
2019/07/28;1700 UTC;;;;;;;;;;;;;;;;;
2019/07/28;1800 UTC;;;;;;;;;;;;;;;;;
2019/07/28;1900 UTC;;;;;;;;;;;;;;;;;
2019/07/28;2000 UTC;;;;;;;;;;;;;;;;;
2019/07/28;2100 UTC;;;;;;;;;;;;;;;;;
2019/07/28;2200 UTC;;;;;;;;;;;;;;;;;
2019/07/28;2300 UTC;;;;;;;;;;;;;;;;;
2019/07/29;0000 UTC;;;;;;;;;;;;;;;;;
2019/07/29;0100 UTC;;;;;;;;;;;;;;;;;
2019/07/29;0200 UTC;;;;;;;;;;;;;;;;;
2019/07/29;0300 UTC;;;;;;;;;;;;;;;;;
2019/07/29;0400 UTC;;;;;;;;;;;;;;;;;
2019/07/29;0500 UTC;;;;;;;;;;;;;;;;;
2019/07/29;0600 UTC;;;;;;;;;;;;;;;;;
2019/07/29;0700 UTC;;;;;;;;;;;;;;;;;
2019/07/29;0800 UTC;;;;;;;;;;;;;;;;;
2019/07/29;0900 UTC;;;;;;;;;;;;;;;;;
2019/07/29;1000 UTC;;;;;;;;;;;;;;;;;
2019/07/29;1100 UTC;;;;;;;;;;;;;;;;;
2019/07/29;1200 UTC;;;;;;;;;;;;;;;;;
2019/07/29;1300 UTC;;;;;;;;;;;;;;;;;
2019/07/29;1400 UTC;;;;;;;;;;;;;;;;;
2019/07/29;1500 UTC;;;;;;;;;;;;;;;;;
2019/07/29;1600 UTC;;;;;;;;;;;;;;;;;
2019/07/29;1700 UTC;;;;;;;;;;;;;;;;;
2019/07/29;1800 UTC;;;;;;;;;;;;;;;;;
2019/07/29;1900 UTC;;;;;;;;;;;;;;;;;
2019/07/29;2000 UTC;;;;;;;;;;;;;;;;;
2019/07/29;2100 UTC;;;;;;;;;;;;;;;;;
2019/07/29;2200 UTC;;;;;;;;;;;;;;;;;
2019/07/29;2300 UTC;;;;;;;;;;;;;;;;;
2019/07/30;0000 UTC;;;;;;;;;;;;;;;;;
2019/07/30;0100 UTC;;;;;;;;;;;;;;;;;
2019/07/30;0200 UTC;;;;;;;;;;;;;;;;;
2019/07/30;0300 UTC;;;;;;;;;;;;;;;;;
2019/07/30;0400 UTC;;;;;;;;;;;;;;;;;
2019/07/30;0500 UTC;;;;;;;;;;;;;;;;;
2019/07/30;0600 UTC;;;;;;;;;;;;;;;;;
2019/07/30;0700 UTC;;;;;;;;;;;;;;;;;
2019/07/30;0800 UTC;;;;;;;;;;;;;;;;;
2019/07/30;0900 UTC;;;;;;;;;;;;;;;;;
2019/07/30;1000 UTC;;;;;;;;;;;;;;;;;
2019/07/30;1100 UTC;;;;;;;;;;;;;;;;;
2019/07/30;1200 UTC;;;;;;;;;;;;;;;;;
2019/07/30;1300 UTC;;;;;;;;;;;;;;;;;
2019/07/30;1400 UTC;;;;;;;;;;;;;;;;;
2019/07/30;1500 UTC;;;;;;;;;;;;;;;;;
2019/07/30;1600 UTC;;;;;;;;;;;;;;;;;
2019/07/30;1700 UTC;;;;;;;;;;;;;;;;;
2019/07/30;1800 UTC;;;;;;;;;;;;;;;;;
2019/07/30;1900 UTC;;;;;;;;;;;;;;;;;
2019/07/30;2000 UTC;;;;;;;;;;;;;;;;;
2019/07/30;2100 UTC;;;;;;;;;;;;;;;;;
2019/07/30;2200 UTC;;;;;;;;;;;;;;;;;
2019/07/30;2300 UTC;;;;;;;;;;;;;;;;;
2019/07/31;0000 UTC;;;;;;;;;;;;;;;;;
2019/07/31;0100 UTC;;;;;;;;;;;;;;;;;
2019/07/31;0200 UTC;;;;;;;;;;;;;;;;;
2019/07/31;0300 UTC;;;;;;;;;;;;;;;;;
2019/07/31;0400 UTC;;;;;;;;;;;;;;;;;
2019/07/31;0500 UTC;;;;;;;;;;;;;;;;;
2019/07/31;0600 UTC;;;;;;;;;;;;;;;;;
2019/07/31;0700 UTC;;;;;;;;;;;;;;;;;
2019/07/31;0800 UTC;;;;;;;;;;;;;;;;;
2019/07/31;0900 UTC;;;;;;;;;;;;;;;;;
2019/07/31;1000 UTC;;;;;;;;;;;;;;;;;
2019/07/31;1100 UTC;;;;;;;;;;;;;;;;;
2019/07/31;1200 UTC;;;;;;;;;;;;;;;;;
2019/07/31;1300 UTC;;;;;;;;;;;;;;;;;
2019/07/31;1400 UTC;;;;;;;;;;;;;;;;;
2019/07/31;1500 UTC;;;;;;;;;;;;;;;;;
2019/07/31;1600 UTC;;;;;;;;;;;;;;;;;
2019/07/31;1700 UTC;;;;;;;;;;;;;;;;;
2019/07/31;1800 UTC;;;;;;;;;;;;;;;;;
2019/07/31;1900 UTC;;;;;;;;;;;;;;;;;
2019/07/31;2000 UTC;;;;;;;;;;;;;;;;;
2019/07/31;2100 UTC;;;;;;;;;;;;;;;;;
2019/07/31;2200 UTC;;;;;;;;;;;;;;;;;
2019/07/31;2300 UTC;;;;;;;;;;;;;;;;;
2019/08/01;0000 UTC;;;;;;;;;;;;;;;;;
2019/08/01;0100 UTC;;;;;;;;;;;;;;;;;
2019/08/01;0200 UTC;;;;;;;;;;;;;;;;;
2019/08/01;0300 UTC;;;;;;;;;;;;;;;;;
2019/08/01;0400 UTC;;;;;;;;;;;;;;;;;
2019/08/01;0500 UTC;;;;;;;;;;;;;;;;;
2019/08/01;0600 UTC;;;;;;;;;;;;;;;;;
2019/08/01;0700 UTC;;;;;;;;;;;;;;;;;
2019/08/01;0800 UTC;;;;;;;;;;;;;;;;;
2019/08/01;0900 UTC;;;;;;;;;;;;;;;;;
2019/08/01;1000 UTC;;;;;;;;;;;;;;;;;
2019/08/01;1100 UTC;;;;;;;;;;;;;;;;;
2019/08/01;1200 UTC;;;;;;;;;;;;;;;;;
2019/08/01;1300 UTC;;;;;;;;;;;;;;;;;
2019/08/01;1400 UTC;;;;;;;;;;;;;;;;;
2019/08/01;1500 UTC;;;;;;;;;;;;;;;;;
2019/08/01;1600 UTC;;;;;;;;;;;;;;;;;
2019/08/01;1700 UTC;;;;;;;;;;;;;;;;;
2019/08/01;1800 UTC;;;;;;;;;;;;;;;;;
2019/08/01;1900 UTC;;;;;;;;;;;;;;;;;
2019/08/01;2000 UTC;;;;;;;;;;;;;;;;;
2019/08/01;2100 UTC;;;;;;;;;;;;;;;;;
2019/08/01;2200 UTC;;;;;;;;;;;;;;;;;
2019/08/01;2300 UTC;;;;;;;;;;;;;;;;;
2019/08/02;0000 UTC;;;;;;;;;;;;;;;;;
2019/08/02;0100 UTC;;;;;;;;;;;;;;;;;
2019/08/02;0200 UTC;;;;;;;;;;;;;;;;;
2019/08/02;0300 UTC;;;;;;;;;;;;;;;;;
2019/08/02;0400 UTC;;;;;;;;;;;;;;;;;
2019/08/02;0500 UTC;;;;;;;;;;;;;;;;;
2019/08/02;0600 UTC;;;;;;;;;;;;;;;;;
2019/08/02;0700 UTC;;;;;;;;;;;;;;;;;
2019/08/02;0800 UTC;;;;;;;;;;;;;;;;;
2019/08/02;0900 UTC;;;;;;;;;;;;;;;;;
2019/08/02;1000 UTC;;;;;;;;;;;;;;;;;
2019/08/02;1100 UTC;;;;;;;;;;;;;;;;;
2019/08/02;1200 UTC;;;;;;;;;;;;;;;;;
2019/08/02;1300 UTC;;;;;;;;;;;;;;;;;
2019/08/02;1400 UTC;;;;;;;;;;;;;;;;;
2019/08/02;1500 UTC;;;;;;;;;;;;;;;;;
2019/08/02;1600 UTC;;;;;;;;;;;;;;;;;
2019/08/02;1700 UTC;;;;;;;;;;;;;;;;;
2019/08/02;1800 UTC;;;;;;;;;;;;;;;;;
2019/08/02;1900 UTC;;;;;;;;;;;;;;;;;
2019/08/02;2000 UTC;;;;;;;;;;;;;;;;;
2019/08/02;2100 UTC;;;;;;;;;;;;;;;;;
2019/08/02;2200 UTC;;;;;;;;;;;;;;;;;
2019/08/02;2300 UTC;;;;;;;;;;;;;;;;;
2019/08/03;0000 UTC;;;;;;;;;;;;;;;;;
2019/08/03;0100 UTC;;;;;;;;;;;;;;;;;
2019/08/03;0200 UTC;;;;;;;;;;;;;;;;;
2019/08/03;0300 UTC;;;;;;;;;;;;;;;;;
2019/08/03;0400 UTC;;;;;;;;;;;;;;;;;
2019/08/03;0500 UTC;;;;;;;;;;;;;;;;;
2019/08/03;0600 UTC;;;;;;;;;;;;;;;;;
2019/08/03;0700 UTC;;;;;;;;;;;;;;;;;
2019/08/03;0800 UTC;;;;;;;;;;;;;;;;;
2019/08/03;0900 UTC;;;;;;;;;;;;;;;;;
2019/08/03;1000 UTC;;;;;;;;;;;;;;;;;
2019/08/03;1100 UTC;;;;;;;;;;;;;;;;;
2019/08/03;1200 UTC;;;;;;;;;;;;;;;;;
2019/08/03;1300 UTC;;;;;;;;;;;;;;;;;
2019/08/03;1400 UTC;;;;;;;;;;;;;;;;;
2019/08/03;1500 UTC;;;;;;;;;;;;;;;;;
2019/08/03;1600 UTC;;;;;;;;;;;;;;;;;
2019/08/03;1700 UTC;;;;;;;;;;;;;;;;;
2019/08/03;1800 UTC;;;;;;;;;;;;;;;;;
2019/08/03;1900 UTC;;;;;;;;;;;;;;;;;
2019/08/03;2000 UTC;;;;;;;;;;;;;;;;;
2019/08/03;2100 UTC;;;;;;;;;;;;;;;;;
2019/08/03;2200 UTC;;;;;;;;;;;;;;;;;
2019/08/03;2300 UTC;;;;;;;;;;;;;;;;;
2019/08/04;0000 UTC;;;;;;;;;;;;;;;;;
2019/08/04;0100 UTC;;;;;;;;;;;;;;;;;
2019/08/04;0200 UTC;;;;;;;;;;;;;;;;;
2019/08/04;0300 UTC;;;;;;;;;;;;;;;;;
2019/08/04;0400 UTC;;;;;;;;;;;;;;;;;
2019/08/04;0500 UTC;;;;;;;;;;;;;;;;;
2019/08/04;0600 UTC;;;;;;;;;;;;;;;;;
2019/08/04;0700 UTC;;;;;;;;;;;;;;;;;
2019/08/04;0800 UTC;;;;;;;;;;;;;;;;;
2019/08/04;0900 UTC;;;;;;;;;;;;;;;;;
2019/08/04;1000 UTC;;;;;;;;;;;;;;;;;
2019/08/04;1100 UTC;;;;;;;;;;;;;;;;;
2019/08/04;1200 UTC;;;;;;;;;;;;;;;;;
2019/08/04;1300 UTC;;;;;;;;;;;;;;;;;
2019/08/04;1400 UTC;;;;;;;;;;;;;;;;;
2019/08/04;1500 UTC;;;;;;;;;;;;;;;;;
2019/08/04;1600 UTC;;;;;;;;;;;;;;;;;
2019/08/04;1700 UTC;;;;;;;;;;;;;;;;;
2019/08/04;1800 UTC;;;;;;;;;;;;;;;;;
2019/08/04;1900 UTC;;;;;;;;;;;;;;;;;
2019/08/04;2000 UTC;;;;;;;;;;;;;;;;;
2019/08/04;2100 UTC;;;;;;;;;;;;;;;;;
2019/08/04;2200 UTC;;;;;;;;;;;;;;;;;
2019/08/04;2300 UTC;;;;;;;;;;;;;;;;;
2019/08/05;0000 UTC;;;;;;;;;;;;;;;;;
2019/08/05;0100 UTC;;;;;;;;;;;;;;;;;
2019/08/05;0200 UTC;;;;;;;;;;;;;;;;;
2019/08/05;0300 UTC;;;;;;;;;;;;;;;;;
2019/08/05;0400 UTC;;;;;;;;;;;;;;;;;
2019/08/05;0500 UTC;;;;;;;;;;;;;;;;;
2019/08/05;0600 UTC;;;;;;;;;;;;;;;;;
2019/08/05;0700 UTC;;;;;;;;;;;;;;;;;
2019/08/05;0800 UTC;;;;;;;;;;;;;;;;;
2019/08/05;0900 UTC;;;;;;;;;;;;;;;;;
2019/08/05;1000 UTC;;;;;;;;;;;;;;;;;
2019/08/05;1100 UTC;;;;;;;;;;;;;;;;;
2019/08/05;1200 UTC;;;;;;;;;;;;;;;;;
2019/08/05;1300 UTC;;;;;;;;;;;;;;;;;
2019/08/05;1400 UTC;;;;;;;;;;;;;;;;;
2019/08/05;1500 UTC;;;;;;;;;;;;;;;;;
2019/08/05;1600 UTC;;;;;;;;;;;;;;;;;
2019/08/05;1700 UTC;;;;;;;;;;;;;;;;;
2019/08/05;1800 UTC;;;;;;;;;;;;;;;;;
2019/08/05;1900 UTC;;;;;;;;;;;;;;;;;
2019/08/05;2000 UTC;;;;;;;;;;;;;;;;;
2019/08/05;2100 UTC;;;;;;;;;;;;;;;;;
2019/08/05;2200 UTC;;;;;;;;;;;;;;;;;
2019/08/05;2300 UTC;;;;;;;;;;;;;;;;;
2019/08/06;0000 UTC;;;;;;;;;;;;;;;;;
2019/08/06;0100 UTC;;;;;;;;;;;;;;;;;
2019/08/06;0200 UTC;;;;;;;;;;;;;;;;;
2019/08/06;0300 UTC;;;;;;;;;;;;;;;;;
2019/08/06;0400 UTC;;;;;;;;;;;;;;;;;
2019/08/06;0500 UTC;;;;;;;;;;;;;;;;;
2019/08/06;0600 UTC;;;;;;;;;;;;;;;;;
2019/08/06;0700 UTC;;;;;;;;;;;;;;;;;
2019/08/06;0800 UTC;;;;;;;;;;;;;;;;;
2019/08/06;0900 UTC;;;;;;;;;;;;;;;;;
2019/08/06;1000 UTC;;;;;;;;;;;;;;;;;
2019/08/06;1100 UTC;;;;;;;;;;;;;;;;;
2019/08/06;1200 UTC;;;;;;;;;;;;;;;;;
2019/08/06;1300 UTC;;;;;;;;;;;;;;;;;
2019/08/06;1400 UTC;;;;;;;;;;;;;;;;;
2019/08/06;1500 UTC;;;;;;;;;;;;;;;;;
2019/08/06;1600 UTC;;;;;;;;;;;;;;;;;
2019/08/06;1700 UTC;;;;;;;;;;;;;;;;;
2019/08/06;1800 UTC;;;;;;;;;;;;;;;;;
2019/08/06;1900 UTC;;;;;;;;;;;;;;;;;
2019/08/06;2000 UTC;;;;;;;;;;;;;;;;;
2019/08/06;2100 UTC;;;;;;;;;;;;;;;;;
2019/08/06;2200 UTC;;;;;;;;;;;;;;;;;
2019/08/06;2300 UTC;;;;;;;;;;;;;;;;;
2019/08/07;0000 UTC;;;;;;;;;;;;;;;;;
2019/08/07;0100 UTC;;;;;;;;;;;;;;;;;
2019/08/07;0200 UTC;;;;;;;;;;;;;;;;;
2019/08/07;0300 UTC;;;;;;;;;;;;;;;;;
2019/08/07;0400 UTC;;;;;;;;;;;;;;;;;
2019/08/07;0500 UTC;;;;;;;;;;;;;;;;;
2019/08/07;0600 UTC;;;;;;;;;;;;;;;;;
2019/08/07;0700 UTC;;;;;;;;;;;;;;;;;
2019/08/07;0800 UTC;;;;;;;;;;;;;;;;;
2019/08/07;0900 UTC;;;;;;;;;;;;;;;;;
2019/08/07;1000 UTC;;;;;;;;;;;;;;;;;
2019/08/07;1100 UTC;;;;;;;;;;;;;;;;;
2019/08/07;1200 UTC;;;;;;;;;;;;;;;;;
2019/08/07;1300 UTC;;;;;;;;;;;;;;;;;
2019/08/07;1400 UTC;;;;;;;;;;;;;;;;;
2019/08/07;1500 UTC;;;;;;;;;;;;;;;;;
2019/08/07;1600 UTC;;;;;;;;;;;;;;;;;
2019/08/07;1700 UTC;;;;;;;;;;;;;;;;;
2019/08/07;1800 UTC;;;;;;;;;;;;;;;;;
2019/08/07;1900 UTC;;;;;;;;;;;;;;;;;
2019/08/07;2000 UTC;;;;;;;;;;;;;;;;;
2019/08/07;2100 UTC;;;;;;;;;;;;;;;;;
2019/08/07;2200 UTC;;;;;;;;;;;;;;;;;
2019/08/07;2300 UTC;;;;;;;;;;;;;;;;;
2019/08/08;0000 UTC;;;;;;;;;;;;;;;;;
2019/08/08;0100 UTC;;;;;;;;;;;;;;;;;
2019/08/08;0200 UTC;;;;;;;;;;;;;;;;;
2019/08/08;0300 UTC;;;;;;;;;;;;;;;;;
2019/08/08;0400 UTC;;;;;;;;;;;;;;;;;
2019/08/08;0500 UTC;;;;;;;;;;;;;;;;;
2019/08/08;0600 UTC;;;;;;;;;;;;;;;;;
2019/08/08;0700 UTC;;;;;;;;;;;;;;;;;
2019/08/08;0800 UTC;;;;;;;;;;;;;;;;;
2019/08/08;0900 UTC;;;;;;;;;;;;;;;;;
2019/08/08;1000 UTC;;;;;;;;;;;;;;;;;
2019/08/08;1100 UTC;;;;;;;;;;;;;;;;;
2019/08/08;1200 UTC;;;;;;;;;;;;;;;;;
2019/08/08;1300 UTC;;;;;;;;;;;;;;;;;
2019/08/08;1400 UTC;;;;;;;;;;;;;;;;;
2019/08/08;1500 UTC;;;;;;;;;;;;;;;;;
2019/08/08;1600 UTC;;;;;;;;;;;;;;;;;
2019/08/08;1700 UTC;;;;;;;;;;;;;;;;;
2019/08/08;1800 UTC;;;;;;;;;;;;;;;;;
2019/08/08;1900 UTC;;;;;;;;;;;;;;;;;
2019/08/08;2000 UTC;;;;;;;;;;;;;;;;;
2019/08/08;2100 UTC;;;;;;;;;;;;;;;;;
2019/08/08;2200 UTC;;;;;;;;;;;;;;;;;
2019/08/08;2300 UTC;;;;;;;;;;;;;;;;;
2019/08/09;0000 UTC;;;;;;;;;;;;;;;;;
2019/08/09;0100 UTC;;;;;;;;;;;;;;;;;
2019/08/09;0200 UTC;;;;;;;;;;;;;;;;;
2019/08/09;0300 UTC;;;;;;;;;;;;;;;;;
2019/08/09;0400 UTC;;;;;;;;;;;;;;;;;
2019/08/09;0500 UTC;;;;;;;;;;;;;;;;;
2019/08/09;0600 UTC;;;;;;;;;;;;;;;;;
2019/08/09;0700 UTC;;;;;;;;;;;;;;;;;
2019/08/09;0800 UTC;;;;;;;;;;;;;;;;;
2019/08/09;0900 UTC;;;;;;;;;;;;;;;;;
2019/08/09;1000 UTC;;;;;;;;;;;;;;;;;
2019/08/09;1100 UTC;;;;;;;;;;;;;;;;;
2019/08/09;1200 UTC;;;;;;;;;;;;;;;;;
2019/08/09;1300 UTC;;;;;;;;;;;;;;;;;
2019/08/09;1400 UTC;;;;;;;;;;;;;;;;;
2019/08/09;1500 UTC;;;;;;;;;;;;;;;;;
2019/08/09;1600 UTC;;;;;;;;;;;;;;;;;
2019/08/09;1700 UTC;;;;;;;;;;;;;;;;;
2019/08/09;1800 UTC;;;;;;;;;;;;;;;;;
2019/08/09;1900 UTC;;;;;;;;;;;;;;;;;
2019/08/09;2000 UTC;;;;;;;;;;;;;;;;;
2019/08/09;2100 UTC;;;;;;;;;;;;;;;;;
2019/08/09;2200 UTC;;;;;;;;;;;;;;;;;
2019/08/09;2300 UTC;;;;;;;;;;;;;;;;;
2019/08/10;0000 UTC;;;;;;;;;;;;;;;;;
2019/08/10;0100 UTC;;;;;;;;;;;;;;;;;
2019/08/10;0200 UTC;;;;;;;;;;;;;;;;;
2019/08/10;0300 UTC;;;;;;;;;;;;;;;;;
2019/08/10;0400 UTC;;;;;;;;;;;;;;;;;
2019/08/10;0500 UTC;;;;;;;;;;;;;;;;;
2019/08/10;0600 UTC;;;;;;;;;;;;;;;;;
2019/08/10;0700 UTC;;;;;;;;;;;;;;;;;
2019/08/10;0800 UTC;;;;;;;;;;;;;;;;;
2019/08/10;0900 UTC;;;;;;;;;;;;;;;;;
2019/08/10;1000 UTC;;;;;;;;;;;;;;;;;
2019/08/10;1100 UTC;;;;;;;;;;;;;;;;;
2019/08/10;1200 UTC;;;;;;;;;;;;;;;;;
2019/08/10;1300 UTC;;;;;;;;;;;;;;;;;
2019/08/10;1400 UTC;;;;;;;;;;;;;;;;;
2019/08/10;1500 UTC;;;;;;;;;;;;;;;;;
2019/08/10;1600 UTC;;;;;;;;;;;;;;;;;
2019/08/10;1700 UTC;;;;;;;;;;;;;;;;;
2019/08/10;1800 UTC;;;;;;;;;;;;;;;;;
2019/08/10;1900 UTC;;;;;;;;;;;;;;;;;
2019/08/10;2000 UTC;;;;;;;;;;;;;;;;;
2019/08/10;2100 UTC;;;;;;;;;;;;;;;;;
2019/08/10;2200 UTC;;;;;;;;;;;;;;;;;
2019/08/10;2300 UTC;;;;;;;;;;;;;;;;;
2019/08/11;0000 UTC;;;;;;;;;;;;;;;;;
2019/08/11;0100 UTC;;;;;;;;;;;;;;;;;
2019/08/11;0200 UTC;;;;;;;;;;;;;;;;;
2019/08/11;0300 UTC;;;;;;;;;;;;;;;;;
2019/08/11;0400 UTC;;;;;;;;;;;;;;;;;
2019/08/11;0500 UTC;;;;;;;;;;;;;;;;;
2019/08/11;0600 UTC;;;;;;;;;;;;;;;;;
2019/08/11;0700 UTC;;;;;;;;;;;;;;;;;
2019/08/11;0800 UTC;;;;;;;;;;;;;;;;;
2019/08/11;0900 UTC;;;;;;;;;;;;;;;;;
2019/08/11;1000 UTC;;;;;;;;;;;;;;;;;
2019/08/11;1100 UTC;;;;;;;;;;;;;;;;;
2019/08/11;1200 UTC;;;;;;;;;;;;;;;;;
2019/08/11;1300 UTC;;;;;;;;;;;;;;;;;
2019/08/11;1400 UTC;;;;;;;;;;;;;;;;;
2019/08/11;1500 UTC;;;;;;;;;;;;;;;;;
2019/08/11;1600 UTC;;;;;;;;;;;;;;;;;
2019/08/11;1700 UTC;;;;;;;;;;;;;;;;;
2019/08/11;1800 UTC;;;;;;;;;;;;;;;;;
2019/08/11;1900 UTC;;;;;;;;;;;;;;;;;
2019/08/11;2000 UTC;;;;;;;;;;;;;;;;;
2019/08/11;2100 UTC;;;;;;;;;;;;;;;;;
2019/08/11;2200 UTC;;;;;;;;;;;;;;;;;
2019/08/11;2300 UTC;;;;;;;;;;;;;;;;;
2019/08/12;0000 UTC;;;;;;;;;;;;;;;;;
2019/08/12;0100 UTC;;;;;;;;;;;;;;;;;
2019/08/12;0200 UTC;;;;;;;;;;;;;;;;;
2019/08/12;0300 UTC;;;;;;;;;;;;;;;;;
2019/08/12;0400 UTC;;;;;;;;;;;;;;;;;
2019/08/12;0500 UTC;;;;;;;;;;;;;;;;;
2019/08/12;0600 UTC;;;;;;;;;;;;;;;;;
2019/08/12;0700 UTC;;;;;;;;;;;;;;;;;
2019/08/12;0800 UTC;;;;;;;;;;;;;;;;;
2019/08/12;0900 UTC;;;;;;;;;;;;;;;;;
2019/08/12;1000 UTC;;;;;;;;;;;;;;;;;
2019/08/12;1100 UTC;;;;;;;;;;;;;;;;;
2019/08/12;1200 UTC;;;;;;;;;;;;;;;;;
2019/08/12;1300 UTC;;;;;;;;;;;;;;;;;
2019/08/12;1400 UTC;;;;;;;;;;;;;;;;;
2019/08/12;1500 UTC;;;;;;;;;;;;;;;;;
2019/08/12;1600 UTC;;;;;;;;;;;;;;;;;
2019/08/12;1700 UTC;;;;;;;;;;;;;;;;;
2019/08/12;1800 UTC;;;;;;;;;;;;;;;;;
2019/08/12;1900 UTC;;;;;;;;;;;;;;;;;
2019/08/12;2000 UTC;;;;;;;;;;;;;;;;;
2019/08/12;2100 UTC;;;;;;;;;;;;;;;;;
2019/08/12;2200 UTC;;;;;;;;;;;;;;;;;
2019/08/12;2300 UTC;;;;;;;;;;;;;;;;;
2019/08/13;0000 UTC;;;;;;;;;;;;;;;;;
2019/08/13;0100 UTC;;;;;;;;;;;;;;;;;
2019/08/13;0200 UTC;;;;;;;;;;;;;;;;;
2019/08/13;0300 UTC;;;;;;;;;;;;;;;;;
2019/08/13;0400 UTC;;;;;;;;;;;;;;;;;
2019/08/13;0500 UTC;;;;;;;;;;;;;;;;;
2019/08/13;0600 UTC;;;;;;;;;;;;;;;;;
2019/08/13;0700 UTC;;;;;;;;;;;;;;;;;
2019/08/13;0800 UTC;;;;;;;;;;;;;;;;;
2019/08/13;0900 UTC;;;;;;;;;;;;;;;;;
2019/08/13;1000 UTC;;;;;;;;;;;;;;;;;
2019/08/13;1100 UTC;;;;;;;;;;;;;;;;;
2019/08/13;1200 UTC;;;;;;;;;;;;;;;;;
2019/08/13;1300 UTC;;;;;;;;;;;;;;;;;
2019/08/13;1400 UTC;;;;;;;;;;;;;;;;;
2019/08/13;1500 UTC;;;;;;;;;;;;;;;;;
2019/08/13;1600 UTC;;;;;;;;;;;;;;;;;
2019/08/13;1700 UTC;;;;;;;;;;;;;;;;;
2019/08/13;1800 UTC;;;;;;;;;;;;;;;;;
2019/08/13;1900 UTC;;;;;;;;;;;;;;;;;
2019/08/13;2000 UTC;;;;;;;;;;;;;;;;;
2019/08/13;2100 UTC;;;;;;;;;;;;;;;;;
2019/08/13;2200 UTC;;;;;;;;;;;;;;;;;
2019/08/13;2300 UTC;;;;;;;;;;;;;;;;;
2019/08/14;0000 UTC;;;;;;;;;;;;;;;;;
2019/08/14;0100 UTC;;;;;;;;;;;;;;;;;
2019/08/14;0200 UTC;;;;;;;;;;;;;;;;;
2019/08/14;0300 UTC;;;;;;;;;;;;;;;;;
2019/08/14;0400 UTC;;;;;;;;;;;;;;;;;
2019/08/14;0500 UTC;;;;;;;;;;;;;;;;;
2019/08/14;0600 UTC;;;;;;;;;;;;;;;;;
2019/08/14;0700 UTC;;;;;;;;;;;;;;;;;
2019/08/14;0800 UTC;;;;;;;;;;;;;;;;;
2019/08/14;0900 UTC;;;;;;;;;;;;;;;;;
2019/08/14;1000 UTC;;;;;;;;;;;;;;;;;
2019/08/14;1100 UTC;;;;;;;;;;;;;;;;;
2019/08/14;1200 UTC;;;;;;;;;;;;;;;;;
2019/08/14;1300 UTC;;;;;;;;;;;;;;;;;
2019/08/14;1400 UTC;;;;;;;;;;;;;;;;;
2019/08/14;1500 UTC;;;;;;;;;;;;;;;;;
2019/08/14;1600 UTC;;;;;;;;;;;;;;;;;
2019/08/14;1700 UTC;;;;;;;;;;;;;;;;;
2019/08/14;1800 UTC;;;;;;;;;;;;;;;;;
2019/08/14;1900 UTC;;;;;;;;;;;;;;;;;
2019/08/14;2000 UTC;;;;;;;;;;;;;;;;;
2019/08/14;2100 UTC;;;;;;;;;;;;;;;;;
2019/08/14;2200 UTC;;;;;;;;;;;;;;;;;
2019/08/14;2300 UTC;;;;;;;;;;;;;;;;;
2019/08/15;0000 UTC;;;;;;;;;;;;;;;;;
2019/08/15;0100 UTC;;;;;;;;;;;;;;;;;
2019/08/15;0200 UTC;;;;;;;;;;;;;;;;;
2019/08/15;0300 UTC;;;;;;;;;;;;;;;;;
2019/08/15;0400 UTC;;;;;;;;;;;;;;;;;
2019/08/15;0500 UTC;;;;;;;;;;;;;;;;;
2019/08/15;0600 UTC;;;;;;;;;;;;;;;;;
2019/08/15;0700 UTC;;;;;;;;;;;;;;;;;
2019/08/15;0800 UTC;;;;;;;;;;;;;;;;;
2019/08/15;0900 UTC;;;;;;;;;;;;;;;;;
2019/08/15;1000 UTC;;;;;;;;;;;;;;;;;
2019/08/15;1100 UTC;;;;;;;;;;;;;;;;;
2019/08/15;1200 UTC;;;;;;;;;;;;;;;;;
2019/08/15;1300 UTC;;;;;;;;;;;;;;;;;
2019/08/15;1400 UTC;;;;;;;;;;;;;;;;;
2019/08/15;1500 UTC;;;;;;;;;;;;;;;;;
2019/08/15;1600 UTC;;;;;;;;;;;;;;;;;
2019/08/15;1700 UTC;;;;;;;;;;;;;;;;;
2019/08/15;1800 UTC;;;;;;;;;;;;;;;;;
2019/08/15;1900 UTC;;;;;;;;;;;;;;;;;
2019/08/15;2000 UTC;;;;;;;;;;;;;;;;;
2019/08/15;2100 UTC;;;;;;;;;;;;;;;;;
2019/08/15;2200 UTC;;;;;;;;;;;;;;;;;
2019/08/15;2300 UTC;;;;;;;;;;;;;;;;;
2019/08/16;0000 UTC;;;;;;;;;;;;;;;;;
2019/08/16;0100 UTC;;;;;;;;;;;;;;;;;
2019/08/16;0200 UTC;;;;;;;;;;;;;;;;;
2019/08/16;0300 UTC;;;;;;;;;;;;;;;;;
2019/08/16;0400 UTC;;;;;;;;;;;;;;;;;
2019/08/16;0500 UTC;;;;;;;;;;;;;;;;;
2019/08/16;0600 UTC;;;;;;;;;;;;;;;;;
2019/08/16;0700 UTC;;;;;;;;;;;;;;;;;
2019/08/16;0800 UTC;;;;;;;;;;;;;;;;;
2019/08/16;0900 UTC;;;;;;;;;;;;;;;;;
2019/08/16;1000 UTC;;;;;;;;;;;;;;;;;
2019/08/16;1100 UTC;;;;;;;;;;;;;;;;;
2019/08/16;1200 UTC;;;;;;;;;;;;;;;;;
2019/08/16;1300 UTC;;;;;;;;;;;;;;;;;
2019/08/16;1400 UTC;;;;;;;;;;;;;;;;;
2019/08/16;1500 UTC;;;;;;;;;;;;;;;;;
2019/08/16;1600 UTC;;;;;;;;;;;;;;;;;
2019/08/16;1700 UTC;;;;;;;;;;;;;;;;;
2019/08/16;1800 UTC;;;;;;;;;;;;;;;;;
2019/08/16;1900 UTC;;;;;;;;;;;;;;;;;
2019/08/16;2000 UTC;;;;;;;;;;;;;;;;;
2019/08/16;2100 UTC;;;;;;;;;;;;;;;;;
2019/08/16;2200 UTC;;;;;;;;;;;;;;;;;
2019/08/16;2300 UTC;;;;;;;;;;;;;;;;;
2019/08/17;0000 UTC;;;;;;;;;;;;;;;;;
2019/08/17;0100 UTC;;;;;;;;;;;;;;;;;
2019/08/17;0200 UTC;;;;;;;;;;;;;;;;;
2019/08/17;0300 UTC;;;;;;;;;;;;;;;;;
2019/08/17;0400 UTC;;;;;;;;;;;;;;;;;
2019/08/17;0500 UTC;;;;;;;;;;;;;;;;;
2019/08/17;0600 UTC;;;;;;;;;;;;;;;;;
2019/08/17;0700 UTC;;;;;;;;;;;;;;;;;
2019/08/17;0800 UTC;;;;;;;;;;;;;;;;;
2019/08/17;0900 UTC;;;;;;;;;;;;;;;;;
2019/08/17;1000 UTC;;;;;;;;;;;;;;;;;
2019/08/17;1100 UTC;;;;;;;;;;;;;;;;;
2019/08/17;1200 UTC;;;;;;;;;;;;;;;;;
2019/08/17;1300 UTC;;;;;;;;;;;;;;;;;
2019/08/17;1400 UTC;;;;;;;;;;;;;;;;;
2019/08/17;1500 UTC;;;;;;;;;;;;;;;;;
2019/08/17;1600 UTC;;;;;;;;;;;;;;;;;
2019/08/17;1700 UTC;;;;;;;;;;;;;;;;;
2019/08/17;1800 UTC;;;;;;;;;;;;;;;;;
2019/08/17;1900 UTC;;;;;;;;;;;;;;;;;
2019/08/17;2000 UTC;;;;;;;;;;;;;;;;;
2019/08/17;2100 UTC;;;;;;;;;;;;;;;;;
2019/08/17;2200 UTC;;;;;;;;;;;;;;;;;
2019/08/17;2300 UTC;;;;;;;;;;;;;;;;;
2019/08/18;0000 UTC;;;;;;;;;;;;;;;;;
2019/08/18;0100 UTC;;;;;;;;;;;;;;;;;
2019/08/18;0200 UTC;;;;;;;;;;;;;;;;;
2019/08/18;0300 UTC;;;;;;;;;;;;;;;;;
2019/08/18;0400 UTC;;;;;;;;;;;;;;;;;
2019/08/18;0500 UTC;;;;;;;;;;;;;;;;;
2019/08/18;0600 UTC;;;;;;;;;;;;;;;;;
2019/08/18;0700 UTC;;;;;;;;;;;;;;;;;
2019/08/18;0800 UTC;;;;;;;;;;;;;;;;;
2019/08/18;0900 UTC;;;;;;;;;;;;;;;;;
2019/08/18;1000 UTC;;;;;;;;;;;;;;;;;
2019/08/18;1100 UTC;;;;;;;;;;;;;;;;;
2019/08/18;1200 UTC;;;;;;;;;;;;;;;;;
2019/08/18;1300 UTC;;;;;;;;;;;;;;;;;
2019/08/18;1400 UTC;;;;;;;;;;;;;;;;;
2019/08/18;1500 UTC;;;;;;;;;;;;;;;;;
2019/08/18;1600 UTC;;;;;;;;;;;;;;;;;
2019/08/18;1700 UTC;;;;;;;;;;;;;;;;;
2019/08/18;1800 UTC;;;;;;;;;;;;;;;;;
2019/08/18;1900 UTC;;;;;;;;;;;;;;;;;
2019/08/18;2000 UTC;;;;;;;;;;;;;;;;;
2019/08/18;2100 UTC;;;;;;;;;;;;;;;;;
2019/08/18;2200 UTC;;;;;;;;;;;;;;;;;
2019/08/18;2300 UTC;;;;;;;;;;;;;;;;;
2019/08/19;0000 UTC;;;;;;;;;;;;;;;;;
2019/08/19;0100 UTC;;;;;;;;;;;;;;;;;
2019/08/19;0200 UTC;;;;;;;;;;;;;;;;;
2019/08/19;0300 UTC;;;;;;;;;;;;;;;;;
2019/08/19;0400 UTC;;;;;;;;;;;;;;;;;
2019/08/19;0500 UTC;;;;;;;;;;;;;;;;;
2019/08/19;0600 UTC;;;;;;;;;;;;;;;;;
2019/08/19;0700 UTC;;;;;;;;;;;;;;;;;
2019/08/19;0800 UTC;;;;;;;;;;;;;;;;;
2019/08/19;0900 UTC;;;;;;;;;;;;;;;;;
2019/08/19;1000 UTC;;;;;;;;;;;;;;;;;
2019/08/19;1100 UTC;;;;;;;;;;;;;;;;;
2019/08/19;1200 UTC;;;;;;;;;;;;;;;;;
2019/08/19;1300 UTC;;;;;;;;;;;;;;;;;
2019/08/19;1400 UTC;;;;;;;;;;;;;;;;;
2019/08/19;1500 UTC;;;;;;;;;;;;;;;;;
2019/08/19;1600 UTC;;;;;;;;;;;;;;;;;
2019/08/19;1700 UTC;;;;;;;;;;;;;;;;;
2019/08/19;1800 UTC;;;;;;;;;;;;;;;;;
2019/08/19;1900 UTC;;;;;;;;;;;;;;;;;
2019/08/19;2000 UTC;;;;;;;;;;;;;;;;;
2019/08/19;2100 UTC;;;;;;;;;;;;;;;;;
2019/08/19;2200 UTC;;;;;;;;;;;;;;;;;
2019/08/19;2300 UTC;;;;;;;;;;;;;;;;;
2019/08/20;0000 UTC;;;;;;;;;;;;;;;;;
2019/08/20;0100 UTC;;;;;;;;;;;;;;;;;
2019/08/20;0200 UTC;;;;;;;;;;;;;;;;;
2019/08/20;0300 UTC;;;;;;;;;;;;;;;;;
2019/08/20;0400 UTC;;;;;;;;;;;;;;;;;
2019/08/20;0500 UTC;;;;;;;;;;;;;;;;;
2019/08/20;0600 UTC;;;;;;;;;;;;;;;;;
2019/08/20;0700 UTC;;;;;;;;;;;;;;;;;
2019/08/20;0800 UTC;;;;;;;;;;;;;;;;;
2019/08/20;0900 UTC;;;;;;;;;;;;;;;;;
2019/08/20;1000 UTC;;;;;;;;;;;;;;;;;
2019/08/20;1100 UTC;;;;;;;;;;;;;;;;;
2019/08/20;1200 UTC;;;;;;;;;;;;;;;;;
2019/08/20;1300 UTC;;;;;;;;;;;;;;;;;
2019/08/20;1400 UTC;;;;;;;;;;;;;;;;;
2019/08/20;1500 UTC;;;;;;;;;;;;;;;;;
2019/08/20;1600 UTC;;;;;;;;;;;;;;;;;
2019/08/20;1700 UTC;;;;;;;;;;;;;;;;;
2019/08/20;1800 UTC;;;;;;;;;;;;;;;;;
2019/08/20;1900 UTC;;;;;;;;;;;;;;;;;
2019/08/20;2000 UTC;;;;;;;;;;;;;;;;;
2019/08/20;2100 UTC;;;;;;;;;;;;;;;;;
2019/08/20;2200 UTC;;;;;;;;;;;;;;;;;
2019/08/20;2300 UTC;;;;;;;;;;;;;;;;;
2019/08/21;0000 UTC;;;;;;;;;;;;;;;;;
2019/08/21;0100 UTC;;;;;;;;;;;;;;;;;
2019/08/21;0200 UTC;;;;;;;;;;;;;;;;;
2019/08/21;0300 UTC;;;;;;;;;;;;;;;;;
2019/08/21;0400 UTC;;;;;;;;;;;;;;;;;
2019/08/21;0500 UTC;;;;;;;;;;;;;;;;;
2019/08/21;0600 UTC;;;;;;;;;;;;;;;;;
2019/08/21;0700 UTC;;;;;;;;;;;;;;;;;
2019/08/21;0800 UTC;;;;;;;;;;;;;;;;;
2019/08/21;0900 UTC;;;;;;;;;;;;;;;;;
2019/08/21;1000 UTC;;;;;;;;;;;;;;;;;
2019/08/21;1100 UTC;;;;;;;;;;;;;;;;;
2019/08/21;1200 UTC;;;;;;;;;;;;;;;;;
2019/08/21;1300 UTC;;;;;;;;;;;;;;;;;
2019/08/21;1400 UTC;;;;;;;;;;;;;;;;;
2019/08/21;1500 UTC;;;;;;;;;;;;;;;;;
2019/08/21;1600 UTC;;;;;;;;;;;;;;;;;
2019/08/21;1700 UTC;;;;;;;;;;;;;;;;;
2019/08/21;1800 UTC;;;;;;;;;;;;;;;;;
2019/08/21;1900 UTC;;;;;;;;;;;;;;;;;
2019/08/21;2000 UTC;;;;;;;;;;;;;;;;;
2019/08/21;2100 UTC;;;;;;;;;;;;;;;;;
2019/08/21;2200 UTC;;;;;;;;;;;;;;;;;
2019/08/21;2300 UTC;;;;;;;;;;;;;;;;;
2019/08/22;0000 UTC;;;;;;;;;;;;;;;;;
2019/08/22;0100 UTC;;;;;;;;;;;;;;;;;
2019/08/22;0200 UTC;;;;;;;;;;;;;;;;;
2019/08/22;0300 UTC;;;;;;;;;;;;;;;;;
2019/08/22;0400 UTC;;;;;;;;;;;;;;;;;
2019/08/22;0500 UTC;;;;;;;;;;;;;;;;;
2019/08/22;0600 UTC;;;;;;;;;;;;;;;;;
2019/08/22;0700 UTC;;;;;;;;;;;;;;;;;
2019/08/22;0800 UTC;;;;;;;;;;;;;;;;;
2019/08/22;0900 UTC;;;;;;;;;;;;;;;;;
2019/08/22;1000 UTC;;;;;;;;;;;;;;;;;
2019/08/22;1100 UTC;;;;;;;;;;;;;;;;;
2019/08/22;1200 UTC;;;;;;;;;;;;;;;;;
2019/08/22;1300 UTC;;;;;;;;;;;;;;;;;
2019/08/22;1400 UTC;;;;;;;;;;;;;;;;;
2019/08/22;1500 UTC;;;;;;;;;;;;;;;;;
2019/08/22;1600 UTC;;;;;;;;;;;;;;;;;
2019/08/22;1700 UTC;;;;;;;;;;;;;;;;;
2019/08/22;1800 UTC;;;;;;;;;;;;;;;;;
2019/08/22;1900 UTC;;;;;;;;;;;;;;;;;
2019/08/22;2000 UTC;;;;;;;;;;;;;;;;;
2019/08/22;2100 UTC;;;;;;;;;;;;;;;;;
2019/08/22;2200 UTC;;;;;;;;;;;;;;;;;
2019/08/22;2300 UTC;;;;;;;;;;;;;;;;;
2019/08/23;0000 UTC;;;;;;;;;;;;;;;;;
2019/08/23;0100 UTC;;;;;;;;;;;;;;;;;
2019/08/23;0200 UTC;;;;;;;;;;;;;;;;;
2019/08/23;0300 UTC;;;;;;;;;;;;;;;;;
2019/08/23;0400 UTC;;;;;;;;;;;;;;;;;
2019/08/23;0500 UTC;;;;;;;;;;;;;;;;;
2019/08/23;0600 UTC;;;;;;;;;;;;;;;;;
2019/08/23;0700 UTC;;;;;;;;;;;;;;;;;
2019/08/23;0800 UTC;;;;;;;;;;;;;;;;;
2019/08/23;0900 UTC;;;;;;;;;;;;;;;;;
2019/08/23;1000 UTC;;;;;;;;;;;;;;;;;
2019/08/23;1100 UTC;;;;;;;;;;;;;;;;;
2019/08/23;1200 UTC;;;;;;;;;;;;;;;;;
2019/08/23;1300 UTC;;;;;;;;;;;;;;;;;
2019/08/23;1400 UTC;;;;;;;;;;;;;;;;;
2019/08/23;1500 UTC;;;;;;;;;;;;;;;;;
2019/08/23;1600 UTC;;;;;;;;;;;;;;;;;
2019/08/23;1700 UTC;;;;;;;;;;;;;;;;;
2019/08/23;1800 UTC;;;;;;;;;;;;;;;;;
2019/08/23;1900 UTC;;;;;;;;;;;;;;;;;
2019/08/23;2000 UTC;;;;;;;;;;;;;;;;;
2019/08/23;2100 UTC;;;;;;;;;;;;;;;;;
2019/08/23;2200 UTC;;;;;;;;;;;;;;;;;
2019/08/23;2300 UTC;;;;;;;;;;;;;;;;;
2019/08/24;0000 UTC;;;;;;;;;;;;;;;;;
2019/08/24;0100 UTC;;;;;;;;;;;;;;;;;
2019/08/24;0200 UTC;;;;;;;;;;;;;;;;;
2019/08/24;0300 UTC;;;;;;;;;;;;;;;;;
2019/08/24;0400 UTC;;;;;;;;;;;;;;;;;
2019/08/24;0500 UTC;;;;;;;;;;;;;;;;;
2019/08/24;0600 UTC;;;;;;;;;;;;;;;;;
2019/08/24;0700 UTC;;;;;;;;;;;;;;;;;
2019/08/24;0800 UTC;;;;;;;;;;;;;;;;;
2019/08/24;0900 UTC;;;;;;;;;;;;;;;;;
2019/08/24;1000 UTC;;;;;;;;;;;;;;;;;
2019/08/24;1100 UTC;;;;;;;;;;;;;;;;;
2019/08/24;1200 UTC;;;;;;;;;;;;;;;;;
2019/08/24;1300 UTC;;;;;;;;;;;;;;;;;
2019/08/24;1400 UTC;;;;;;;;;;;;;;;;;
2019/08/24;1500 UTC;;;;;;;;;;;;;;;;;
2019/08/24;1600 UTC;;;;;;;;;;;;;;;;;
2019/08/24;1700 UTC;;;;;;;;;;;;;;;;;
2019/08/24;1800 UTC;;;;;;;;;;;;;;;;;
2019/08/24;1900 UTC;;;;;;;;;;;;;;;;;
2019/08/24;2000 UTC;;;;;;;;;;;;;;;;;
2019/08/24;2100 UTC;;;;;;;;;;;;;;;;;
2019/08/24;2200 UTC;;;;;;;;;;;;;;;;;
2019/08/24;2300 UTC;;;;;;;;;;;;;;;;;
2019/08/25;0000 UTC;;;;;;;;;;;;;;;;;
2019/08/25;0100 UTC;;;;;;;;;;;;;;;;;
2019/08/25;0200 UTC;;;;;;;;;;;;;;;;;
2019/08/25;0300 UTC;;;;;;;;;;;;;;;;;
2019/08/25;0400 UTC;;;;;;;;;;;;;;;;;
2019/08/25;0500 UTC;;;;;;;;;;;;;;;;;
2019/08/25;0600 UTC;;;;;;;;;;;;;;;;;
2019/08/25;0700 UTC;;;;;;;;;;;;;;;;;
2019/08/25;0800 UTC;;;;;;;;;;;;;;;;;
2019/08/25;0900 UTC;;;;;;;;;;;;;;;;;
2019/08/25;1000 UTC;;;;;;;;;;;;;;;;;
2019/08/25;1100 UTC;;;;;;;;;;;;;;;;;
2019/08/25;1200 UTC;;;;;;;;;;;;;;;;;
2019/08/25;1300 UTC;;;;;;;;;;;;;;;;;
2019/08/25;1400 UTC;;;;;;;;;;;;;;;;;
2019/08/25;1500 UTC;;;;;;;;;;;;;;;;;
2019/08/25;1600 UTC;;;;;;;;;;;;;;;;;
2019/08/25;1700 UTC;;;;;;;;;;;;;;;;;
2019/08/25;1800 UTC;;;;;;;;;;;;;;;;;
2019/08/25;1900 UTC;;;;;;;;;;;;;;;;;
2019/08/25;2000 UTC;;;;;;;;;;;;;;;;;
2019/08/25;2100 UTC;;;;;;;;;;;;;;;;;
2019/08/25;2200 UTC;;;;;;;;;;;;;;;;;
2019/08/25;2300 UTC;;;;;;;;;;;;;;;;;
2019/08/26;0000 UTC;;;;;;;;;;;;;;;;;
2019/08/26;0100 UTC;;;;;;;;;;;;;;;;;
2019/08/26;0200 UTC;;;;;;;;;;;;;;;;;
2019/08/26;0300 UTC;;;;;;;;;;;;;;;;;
2019/08/26;0400 UTC;;;;;;;;;;;;;;;;;
2019/08/26;0500 UTC;;;;;;;;;;;;;;;;;
2019/08/26;0600 UTC;;;;;;;;;;;;;;;;;
2019/08/26;0700 UTC;;;;;;;;;;;;;;;;;
2019/08/26;0800 UTC;;;;;;;;;;;;;;;;;
2019/08/26;0900 UTC;;;;;;;;;;;;;;;;;
2019/08/26;1000 UTC;;;;;;;;;;;;;;;;;
2019/08/26;1100 UTC;;;;;;;;;;;;;;;;;
2019/08/26;1200 UTC;;;;;;;;;;;;;;;;;
2019/08/26;1300 UTC;;;;;;;;;;;;;;;;;
2019/08/26;1400 UTC;;;;;;;;;;;;;;;;;
2019/08/26;1500 UTC;;;;;;;;;;;;;;;;;
2019/08/26;1600 UTC;;;;;;;;;;;;;;;;;
2019/08/26;1700 UTC;;;;;;;;;;;;;;;;;
2019/08/26;1800 UTC;;;;;;;;;;;;;;;;;
2019/08/26;1900 UTC;;;;;;;;;;;;;;;;;
2019/08/26;2000 UTC;;;;;;;;;;;;;;;;;
2019/08/26;2100 UTC;;;;;;;;;;;;;;;;;
2019/08/26;2200 UTC;;;;;;;;;;;;;;;;;
2019/08/26;2300 UTC;;;;;;;;;;;;;;;;;
2019/08/27;0000 UTC;;;;;;;;;;;;;;;;;
2019/08/27;0100 UTC;;;;;;;;;;;;;;;;;
2019/08/27;0200 UTC;;;;;;;;;;;;;;;;;
2019/08/27;0300 UTC;;;;;;;;;;;;;;;;;
2019/08/27;0400 UTC;;;;;;;;;;;;;;;;;
2019/08/27;0500 UTC;;;;;;;;;;;;;;;;;
2019/08/27;0600 UTC;;;;;;;;;;;;;;;;;
2019/08/27;0700 UTC;;;;;;;;;;;;;;;;;
2019/08/27;0800 UTC;;;;;;;;;;;;;;;;;
2019/08/27;0900 UTC;;;;;;;;;;;;;;;;;
2019/08/27;1000 UTC;;;;;;;;;;;;;;;;;
2019/08/27;1100 UTC;;;;;;;;;;;;;;;;;
2019/08/27;1200 UTC;;;;;;;;;;;;;;;;;
2019/08/27;1300 UTC;;;;;;;;;;;;;;;;;
2019/08/27;1400 UTC;;;;;;;;;;;;;;;;;
2019/08/27;1500 UTC;;;;;;;;;;;;;;;;;
2019/08/27;1600 UTC;;;;;;;;;;;;;;;;;
2019/08/27;1700 UTC;;;;;;;;;;;;;;;;;
2019/08/27;1800 UTC;;;;;;;;;;;;;;;;;
2019/08/27;1900 UTC;;;;;;;;;;;;;;;;;
2019/08/27;2000 UTC;;;;;;;;;;;;;;;;;
2019/08/27;2100 UTC;;;;;;;;;;;;;;;;;
2019/08/27;2200 UTC;;;;;;;;;;;;;;;;;
2019/08/27;2300 UTC;;;;;;;;;;;;;;;;;
2019/08/28;0000 UTC;;;;;;;;;;;;;;;;;
2019/08/28;0100 UTC;;;;;;;;;;;;;;;;;
2019/08/28;0200 UTC;;;;;;;;;;;;;;;;;
2019/08/28;0300 UTC;;;;;;;;;;;;;;;;;
2019/08/28;0400 UTC;;;;;;;;;;;;;;;;;
2019/08/28;0500 UTC;;;;;;;;;;;;;;;;;
2019/08/28;0600 UTC;;;;;;;;;;;;;;;;;
2019/08/28;0700 UTC;;;;;;;;;;;;;;;;;
2019/08/28;0800 UTC;;;;;;;;;;;;;;;;;
2019/08/28;0900 UTC;;;;;;;;;;;;;;;;;
2019/08/28;1000 UTC;;;;;;;;;;;;;;;;;
2019/08/28;1100 UTC;;;;;;;;;;;;;;;;;
2019/08/28;1200 UTC;;;;;;;;;;;;;;;;;
2019/08/28;1300 UTC;;;;;;;;;;;;;;;;;
2019/08/28;1400 UTC;;;;;;;;;;;;;;;;;
2019/08/28;1500 UTC;;;;;;;;;;;;;;;;;
2019/08/28;1600 UTC;;;;;;;;;;;;;;;;;
2019/08/28;1700 UTC;;;;;;;;;;;;;;;;;
2019/08/28;1800 UTC;;;;;;;;;;;;;;;;;
2019/08/28;1900 UTC;;;;;;;;;;;;;;;;;
2019/08/28;2000 UTC;;;;;;;;;;;;;;;;;
2019/08/28;2100 UTC;;;;;;;;;;;;;;;;;
2019/08/28;2200 UTC;;;;;;;;;;;;;;;;;
2019/08/28;2300 UTC;;;;;;;;;;;;;;;;;
2019/08/29;0000 UTC;;;;;;;;;;;;;;;;;
2019/08/29;0100 UTC;;;;;;;;;;;;;;;;;
2019/08/29;0200 UTC;;;;;;;;;;;;;;;;;
2019/08/29;0300 UTC;;;;;;;;;;;;;;;;;
2019/08/29;0400 UTC;;;;;;;;;;;;;;;;;
2019/08/29;0500 UTC;;;;;;;;;;;;;;;;;
2019/08/29;0600 UTC;;;;;;;;;;;;;;;;;
2019/08/29;0700 UTC;;;;;;;;;;;;;;;;;
2019/08/29;0800 UTC;;;;;;;;;;;;;;;;;
2019/08/29;0900 UTC;;;;;;;;;;;;;;;;;
2019/08/29;1000 UTC;;;;;;;;;;;;;;;;;
2019/08/29;1100 UTC;;;;;;;;;;;;;;;;;
2019/08/29;1200 UTC;;;;;;;;;;;;;;;;;
2019/08/29;1300 UTC;;;;;;;;;;;;;;;;;
2019/08/29;1400 UTC;;;;;;;;;;;;;;;;;
2019/08/29;1500 UTC;;;;;;;;;;;;;;;;;
2019/08/29;1600 UTC;;;;;;;;;;;;;;;;;
2019/08/29;1700 UTC;;;;;;;;;;;;;;;;;
2019/08/29;1800 UTC;;;;;;;;;;;;;;;;;
2019/08/29;1900 UTC;;;;;;;;;;;;;;;;;
2019/08/29;2000 UTC;;;;;;;;;;;;;;;;;
2019/08/29;2100 UTC;;;;;;;;;;;;;;;;;
2019/08/29;2200 UTC;;;;;;;;;;;;;;;;;
2019/08/29;2300 UTC;;;;;;;;;;;;;;;;;
2019/08/30;0000 UTC;;;;;;;;;;;;;;;;;
2019/08/30;0100 UTC;;;;;;;;;;;;;;;;;
2019/08/30;0200 UTC;;;;;;;;;;;;;;;;;
2019/08/30;0300 UTC;;;;;;;;;;;;;;;;;
2019/08/30;0400 UTC;;;;;;;;;;;;;;;;;
2019/08/30;0500 UTC;;;;;;;;;;;;;;;;;
2019/08/30;0600 UTC;;;;;;;;;;;;;;;;;
2019/08/30;0700 UTC;;;;;;;;;;;;;;;;;
2019/08/30;0800 UTC;;;;;;;;;;;;;;;;;
2019/08/30;0900 UTC;;;;;;;;;;;;;;;;;
2019/08/30;1000 UTC;;;;;;;;;;;;;;;;;
2019/08/30;1100 UTC;;;;;;;;;;;;;;;;;
2019/08/30;1200 UTC;;;;;;;;;;;;;;;;;
2019/08/30;1300 UTC;;;;;;;;;;;;;;;;;
2019/08/30;1400 UTC;;;;;;;;;;;;;;;;;
2019/08/30;1500 UTC;;;;;;;;;;;;;;;;;
2019/08/30;1600 UTC;;;;;;;;;;;;;;;;;
2019/08/30;1700 UTC;;;;;;;;;;;;;;;;;
2019/08/30;1800 UTC;;;;;;;;;;;;;;;;;
2019/08/30;1900 UTC;;;;;;;;;;;;;;;;;
2019/08/30;2000 UTC;;;;;;;;;;;;;;;;;
2019/08/30;2100 UTC;;;;;;;;;;;;;;;;;
2019/08/30;2200 UTC;;;;;;;;;;;;;;;;;
2019/08/30;2300 UTC;;;;;;;;;;;;;;;;;
2019/08/31;0000 UTC;;;;;;;;;;;;;;;;;
2019/08/31;0100 UTC;;;;;;;;;;;;;;;;;
2019/08/31;0200 UTC;;;;;;;;;;;;;;;;;
2019/08/31;0300 UTC;;;;;;;;;;;;;;;;;
2019/08/31;0400 UTC;;;;;;;;;;;;;;;;;
2019/08/31;0500 UTC;;;;;;;;;;;;;;;;;
2019/08/31;0600 UTC;;;;;;;;;;;;;;;;;
2019/08/31;0700 UTC;;;;;;;;;;;;;;;;;
2019/08/31;0800 UTC;;;;;;;;;;;;;;;;;
2019/08/31;0900 UTC;;;;;;;;;;;;;;;;;
2019/08/31;1000 UTC;;;;;;;;;;;;;;;;;
2019/08/31;1100 UTC;;;;;;;;;;;;;;;;;
2019/08/31;1200 UTC;;;;;;;;;;;;;;;;;
2019/08/31;1300 UTC;;;;;;;;;;;;;;;;;
2019/08/31;1400 UTC;;;;;;;;;;;;;;;;;
2019/08/31;1500 UTC;;;;;;;;;;;;;;;;;
2019/08/31;1600 UTC;;;;;;;;;;;;;;;;;
2019/08/31;1700 UTC;;;;;;;;;;;;;;;;;
2019/08/31;1800 UTC;;;;;;;;;;;;;;;;;
2019/08/31;1900 UTC;;;;;;;;;;;;;;;;;
2019/08/31;2000 UTC;;;;;;;;;;;;;;;;;
2019/08/31;2100 UTC;;;;;;;;;;;;;;;;;
2019/08/31;2200 UTC;;;;;;;;;;;;;;;;;
2019/08/31;2300 UTC;;;;;;;;;;;;;;;;;
2019/09/01;0000 UTC;;;;;;;;;;;;;;;;;
2019/09/01;0100 UTC;;;;;;;;;;;;;;;;;
2019/09/01;0200 UTC;;;;;;;;;;;;;;;;;
2019/09/01;0300 UTC;;;;;;;;;;;;;;;;;
2019/09/01;0400 UTC;;;;;;;;;;;;;;;;;
2019/09/01;0500 UTC;;;;;;;;;;;;;;;;;
2019/09/01;0600 UTC;;;;;;;;;;;;;;;;;
2019/09/01;0700 UTC;;;;;;;;;;;;;;;;;
2019/09/01;0800 UTC;;;;;;;;;;;;;;;;;
2019/09/01;0900 UTC;;;;;;;;;;;;;;;;;
2019/09/01;1000 UTC;;;;;;;;;;;;;;;;;
2019/09/01;1100 UTC;;;;;;;;;;;;;;;;;
2019/09/01;1200 UTC;;;;;;;;;;;;;;;;;
2019/09/01;1300 UTC;;;;;;;;;;;;;;;;;
2019/09/01;1400 UTC;;;;;;;;;;;;;;;;;
2019/09/01;1500 UTC;;;;;;;;;;;;;;;;;
2019/09/01;1600 UTC;;;;;;;;;;;;;;;;;
2019/09/01;1700 UTC;;;;;;;;;;;;;;;;;
2019/09/01;1800 UTC;;;;;;;;;;;;;;;;;
2019/09/01;1900 UTC;;;;;;;;;;;;;;;;;
2019/09/01;2000 UTC;;;;;;;;;;;;;;;;;
2019/09/01;2100 UTC;;;;;;;;;;;;;;;;;
2019/09/01;2200 UTC;;;;;;;;;;;;;;;;;
2019/09/01;2300 UTC;;;;;;;;;;;;;;;;;
2019/09/02;0000 UTC;;;;;;;;;;;;;;;;;
2019/09/02;0100 UTC;;;;;;;;;;;;;;;;;
2019/09/02;0200 UTC;;;;;;;;;;;;;;;;;
2019/09/02;0300 UTC;;;;;;;;;;;;;;;;;
2019/09/02;0400 UTC;;;;;;;;;;;;;;;;;
2019/09/02;0500 UTC;;;;;;;;;;;;;;;;;
2019/09/02;0600 UTC;;;;;;;;;;;;;;;;;
2019/09/02;0700 UTC;;;;;;;;;;;;;;;;;
2019/09/02;0800 UTC;;;;;;;;;;;;;;;;;
2019/09/02;0900 UTC;;;;;;;;;;;;;;;;;
2019/09/02;1000 UTC;;;;;;;;;;;;;;;;;
2019/09/02;1100 UTC;;;;;;;;;;;;;;;;;
2019/09/02;1200 UTC;;;;;;;;;;;;;;;;;
2019/09/02;1300 UTC;;;;;;;;;;;;;;;;;
2019/09/02;1400 UTC;;;;;;;;;;;;;;;;;
2019/09/02;1500 UTC;;;;;;;;;;;;;;;;;
2019/09/02;1600 UTC;;;;;;;;;;;;;;;;;
2019/09/02;1700 UTC;;;;;;;;;;;;;;;;;
2019/09/02;1800 UTC;;;;;;;;;;;;;;;;;
2019/09/02;1900 UTC;;;;;;;;;;;;;;;;;
2019/09/02;2000 UTC;;;;;;;;;;;;;;;;;
2019/09/02;2100 UTC;;;;;;;;;;;;;;;;;
2019/09/02;2200 UTC;;;;;;;;;;;;;;;;;
2019/09/02;2300 UTC;;;;;;;;;;;;;;;;;
2019/09/03;0000 UTC;;;;;;;;;;;;;;;;;
2019/09/03;0100 UTC;;;;;;;;;;;;;;;;;
2019/09/03;0200 UTC;;;;;;;;;;;;;;;;;
2019/09/03;0300 UTC;;;;;;;;;;;;;;;;;
2019/09/03;0400 UTC;;;;;;;;;;;;;;;;;
2019/09/03;0500 UTC;;;;;;;;;;;;;;;;;
2019/09/03;0600 UTC;;;;;;;;;;;;;;;;;
2019/09/03;0700 UTC;;;;;;;;;;;;;;;;;
2019/09/03;0800 UTC;;;;;;;;;;;;;;;;;
2019/09/03;0900 UTC;;;;;;;;;;;;;;;;;
2019/09/03;1000 UTC;;;;;;;;;;;;;;;;;
2019/09/03;1100 UTC;;;;;;;;;;;;;;;;;
2019/09/03;1200 UTC;;;;;;;;;;;;;;;;;
2019/09/03;1300 UTC;;;;;;;;;;;;;;;;;
2019/09/03;1400 UTC;;;;;;;;;;;;;;;;;
2019/09/03;1500 UTC;;;;;;;;;;;;;;;;;
2019/09/03;1600 UTC;;;;;;;;;;;;;;;;;
2019/09/03;1700 UTC;;;;;;;;;;;;;;;;;
2019/09/03;1800 UTC;;;;;;;;;;;;;;;;;
2019/09/03;1900 UTC;;;;;;;;;;;;;;;;;
2019/09/03;2000 UTC;;;;;;;;;;;;;;;;;
2019/09/03;2100 UTC;;;;;;;;;;;;;;;;;
2019/09/03;2200 UTC;;;;;;;;;;;;;;;;;
2019/09/03;2300 UTC;;;;;;;;;;;;;;;;;
2019/09/04;0000 UTC;;;;;;;;;;;;;;;;;
2019/09/04;0100 UTC;;;;;;;;;;;;;;;;;
2019/09/04;0200 UTC;;;;;;;;;;;;;;;;;
2019/09/04;0300 UTC;;;;;;;;;;;;;;;;;
2019/09/04;0400 UTC;;;;;;;;;;;;;;;;;
2019/09/04;0500 UTC;;;;;;;;;;;;;;;;;
2019/09/04;0600 UTC;;;;;;;;;;;;;;;;;
2019/09/04;0700 UTC;;;;;;;;;;;;;;;;;
2019/09/04;0800 UTC;;;;;;;;;;;;;;;;;
2019/09/04;0900 UTC;;;;;;;;;;;;;;;;;
2019/09/04;1000 UTC;;;;;;;;;;;;;;;;;
2019/09/04;1100 UTC;;;;;;;;;;;;;;;;;
2019/09/04;1200 UTC;;;;;;;;;;;;;;;;;
2019/09/04;1300 UTC;;;;;;;;;;;;;;;;;
2019/09/04;1400 UTC;;;;;;;;;;;;;;;;;
2019/09/04;1500 UTC;;;;;;;;;;;;;;;;;
2019/09/04;1600 UTC;;;;;;;;;;;;;;;;;
2019/09/04;1700 UTC;;;;;;;;;;;;;;;;;
2019/09/04;1800 UTC;;;;;;;;;;;;;;;;;
2019/09/04;1900 UTC;;;;;;;;;;;;;;;;;
2019/09/04;2000 UTC;;;;;;;;;;;;;;;;;
2019/09/04;2100 UTC;;;;;;;;;;;;;;;;;
2019/09/04;2200 UTC;;;;;;;;;;;;;;;;;
2019/09/04;2300 UTC;;;;;;;;;;;;;;;;;
2019/09/05;0000 UTC;;;;;;;;;;;;;;;;;
2019/09/05;0100 UTC;;;;;;;;;;;;;;;;;
2019/09/05;0200 UTC;;;;;;;;;;;;;;;;;
2019/09/05;0300 UTC;;;;;;;;;;;;;;;;;
2019/09/05;0400 UTC;;;;;;;;;;;;;;;;;
2019/09/05;0500 UTC;;;;;;;;;;;;;;;;;
2019/09/05;0600 UTC;;;;;;;;;;;;;;;;;
2019/09/05;0700 UTC;;;;;;;;;;;;;;;;;
2019/09/05;0800 UTC;;;;;;;;;;;;;;;;;
2019/09/05;0900 UTC;;;;;;;;;;;;;;;;;
2019/09/05;1000 UTC;;;;;;;;;;;;;;;;;
2019/09/05;1100 UTC;;;;;;;;;;;;;;;;;
2019/09/05;1200 UTC;;;;;;;;;;;;;;;;;
2019/09/05;1300 UTC;;;;;;;;;;;;;;;;;
2019/09/05;1400 UTC;;;;;;;;;;;;;;;;;
2019/09/05;1500 UTC;;;;;;;;;;;;;;;;;
2019/09/05;1600 UTC;;;;;;;;;;;;;;;;;
2019/09/05;1700 UTC;;;;;;;;;;;;;;;;;
2019/09/05;1800 UTC;;;;;;;;;;;;;;;;;
2019/09/05;1900 UTC;;;;;;;;;;;;;;;;;
2019/09/05;2000 UTC;;;;;;;;;;;;;;;;;
2019/09/05;2100 UTC;;;;;;;;;;;;;;;;;
2019/09/05;2200 UTC;;;;;;;;;;;;;;;;;
2019/09/05;2300 UTC;;;;;;;;;;;;;;;;;
2019/09/06;0000 UTC;;;;;;;;;;;;;;;;;
2019/09/06;0100 UTC;;;;;;;;;;;;;;;;;
2019/09/06;0200 UTC;;;;;;;;;;;;;;;;;
2019/09/06;0300 UTC;;;;;;;;;;;;;;;;;
2019/09/06;0400 UTC;;;;;;;;;;;;;;;;;
2019/09/06;0500 UTC;;;;;;;;;;;;;;;;;
2019/09/06;0600 UTC;;;;;;;;;;;;;;;;;
2019/09/06;0700 UTC;;;;;;;;;;;;;;;;;
2019/09/06;0800 UTC;;;;;;;;;;;;;;;;;
2019/09/06;0900 UTC;;;;;;;;;;;;;;;;;
2019/09/06;1000 UTC;;;;;;;;;;;;;;;;;
2019/09/06;1100 UTC;;;;;;;;;;;;;;;;;
2019/09/06;1200 UTC;;;;;;;;;;;;;;;;;
2019/09/06;1300 UTC;;;;;;;;;;;;;;;;;
2019/09/06;1400 UTC;;;;;;;;;;;;;;;;;
2019/09/06;1500 UTC;;;;;;;;;;;;;;;;;
2019/09/06;1600 UTC;;;;;;;;;;;;;;;;;
2019/09/06;1700 UTC;;;;;;;;;;;;;;;;;
2019/09/06;1800 UTC;;;;;;;;;;;;;;;;;
2019/09/06;1900 UTC;;;;;;;;;;;;;;;;;
2019/09/06;2000 UTC;;;;;;;;;;;;;;;;;
2019/09/06;2100 UTC;;;;;;;;;;;;;;;;;
2019/09/06;2200 UTC;;;;;;;;;;;;;;;;;
2019/09/06;2300 UTC;;;;;;;;;;;;;;;;;
2019/09/07;0000 UTC;;;;;;;;;;;;;;;;;
2019/09/07;0100 UTC;;;;;;;;;;;;;;;;;
2019/09/07;0200 UTC;;;;;;;;;;;;;;;;;
2019/09/07;0300 UTC;;;;;;;;;;;;;;;;;
2019/09/07;0400 UTC;;;;;;;;;;;;;;;;;
2019/09/07;0500 UTC;;;;;;;;;;;;;;;;;
2019/09/07;0600 UTC;;;;;;;;;;;;;;;;;
2019/09/07;0700 UTC;;;;;;;;;;;;;;;;;
2019/09/07;0800 UTC;;;;;;;;;;;;;;;;;
2019/09/07;0900 UTC;;;;;;;;;;;;;;;;;
2019/09/07;1000 UTC;;;;;;;;;;;;;;;;;
2019/09/07;1100 UTC;;;;;;;;;;;;;;;;;
2019/09/07;1200 UTC;;;;;;;;;;;;;;;;;
2019/09/07;1300 UTC;;;;;;;;;;;;;;;;;
2019/09/07;1400 UTC;;;;;;;;;;;;;;;;;
2019/09/07;1500 UTC;;;;;;;;;;;;;;;;;
2019/09/07;1600 UTC;;;;;;;;;;;;;;;;;
2019/09/07;1700 UTC;;;;;;;;;;;;;;;;;
2019/09/07;1800 UTC;;;;;;;;;;;;;;;;;
2019/09/07;1900 UTC;;;;;;;;;;;;;;;;;
2019/09/07;2000 UTC;;;;;;;;;;;;;;;;;
2019/09/07;2100 UTC;;;;;;;;;;;;;;;;;
2019/09/07;2200 UTC;;;;;;;;;;;;;;;;;
2019/09/07;2300 UTC;;;;;;;;;;;;;;;;;
2019/09/08;0000 UTC;;;;;;;;;;;;;;;;;
2019/09/08;0100 UTC;;;;;;;;;;;;;;;;;
2019/09/08;0200 UTC;;;;;;;;;;;;;;;;;
2019/09/08;0300 UTC;;;;;;;;;;;;;;;;;
2019/09/08;0400 UTC;;;;;;;;;;;;;;;;;
2019/09/08;0500 UTC;;;;;;;;;;;;;;;;;
2019/09/08;0600 UTC;;;;;;;;;;;;;;;;;
2019/09/08;0700 UTC;;;;;;;;;;;;;;;;;
2019/09/08;0800 UTC;;;;;;;;;;;;;;;;;
2019/09/08;0900 UTC;;;;;;;;;;;;;;;;;
2019/09/08;1000 UTC;;;;;;;;;;;;;;;;;
2019/09/08;1100 UTC;;;;;;;;;;;;;;;;;
2019/09/08;1200 UTC;;;;;;;;;;;;;;;;;
2019/09/08;1300 UTC;;;;;;;;;;;;;;;;;
2019/09/08;1400 UTC;;;;;;;;;;;;;;;;;
2019/09/08;1500 UTC;;;;;;;;;;;;;;;;;
2019/09/08;1600 UTC;;;;;;;;;;;;;;;;;
2019/09/08;1700 UTC;;;;;;;;;;;;;;;;;
2019/09/08;1800 UTC;;;;;;;;;;;;;;;;;
2019/09/08;1900 UTC;;;;;;;;;;;;;;;;;
2019/09/08;2000 UTC;;;;;;;;;;;;;;;;;
2019/09/08;2100 UTC;;;;;;;;;;;;;;;;;
2019/09/08;2200 UTC;;;;;;;;;;;;;;;;;
2019/09/08;2300 UTC;;;;;;;;;;;;;;;;;
2019/09/09;0000 UTC;;;;;;;;;;;;;;;;;
2019/09/09;0100 UTC;;;;;;;;;;;;;;;;;
2019/09/09;0200 UTC;;;;;;;;;;;;;;;;;
2019/09/09;0300 UTC;;;;;;;;;;;;;;;;;
2019/09/09;0400 UTC;;;;;;;;;;;;;;;;;
2019/09/09;0500 UTC;;;;;;;;;;;;;;;;;
2019/09/09;0600 UTC;;;;;;;;;;;;;;;;;
2019/09/09;0700 UTC;;;;;;;;;;;;;;;;;
2019/09/09;0800 UTC;;;;;;;;;;;;;;;;;
2019/09/09;0900 UTC;;;;;;;;;;;;;;;;;
2019/09/09;1000 UTC;;;;;;;;;;;;;;;;;
2019/09/09;1100 UTC;;;;;;;;;;;;;;;;;
2019/09/09;1200 UTC;;;;;;;;;;;;;;;;;
2019/09/09;1300 UTC;;;;;;;;;;;;;;;;;
2019/09/09;1400 UTC;;;;;;;;;;;;;;;;;
2019/09/09;1500 UTC;;;;;;;;;;;;;;;;;
2019/09/09;1600 UTC;;;;;;;;;;;;;;;;;
2019/09/09;1700 UTC;;;;;;;;;;;;;;;;;
2019/09/09;1800 UTC;;;;;;;;;;;;;;;;;
2019/09/09;1900 UTC;;;;;;;;;;;;;;;;;
2019/09/09;2000 UTC;;;;;;;;;;;;;;;;;
2019/09/09;2100 UTC;;;;;;;;;;;;;;;;;
2019/09/09;2200 UTC;;;;;;;;;;;;;;;;;
2019/09/09;2300 UTC;;;;;;;;;;;;;;;;;
2019/09/10;0000 UTC;;;;;;;;;;;;;;;;;
2019/09/10;0100 UTC;;;;;;;;;;;;;;;;;
2019/09/10;0200 UTC;;;;;;;;;;;;;;;;;
2019/09/10;0300 UTC;;;;;;;;;;;;;;;;;
2019/09/10;0400 UTC;;;;;;;;;;;;;;;;;
2019/09/10;0500 UTC;;;;;;;;;;;;;;;;;
2019/09/10;0600 UTC;;;;;;;;;;;;;;;;;
2019/09/10;0700 UTC;;;;;;;;;;;;;;;;;
2019/09/10;0800 UTC;;;;;;;;;;;;;;;;;
2019/09/10;0900 UTC;;;;;;;;;;;;;;;;;
2019/09/10;1000 UTC;;;;;;;;;;;;;;;;;
2019/09/10;1100 UTC;;;;;;;;;;;;;;;;;
2019/09/10;1200 UTC;;;;;;;;;;;;;;;;;
2019/09/10;1300 UTC;;;;;;;;;;;;;;;;;
2019/09/10;1400 UTC;;;;;;;;;;;;;;;;;
2019/09/10;1500 UTC;;;;;;;;;;;;;;;;;
2019/09/10;1600 UTC;;;;;;;;;;;;;;;;;
2019/09/10;1700 UTC;;;;;;;;;;;;;;;;;
2019/09/10;1800 UTC;;;;;;;;;;;;;;;;;
2019/09/10;1900 UTC;;;;;;;;;;;;;;;;;
2019/09/10;2000 UTC;;;;;;;;;;;;;;;;;
2019/09/10;2100 UTC;;;;;;;;;;;;;;;;;
2019/09/10;2200 UTC;;;;;;;;;;;;;;;;;
2019/09/10;2300 UTC;;;;;;;;;;;;;;;;;
2019/09/11;0000 UTC;;;;;;;;;;;;;;;;;
2019/09/11;0100 UTC;;;;;;;;;;;;;;;;;
2019/09/11;0200 UTC;;;;;;;;;;;;;;;;;
2019/09/11;0300 UTC;;;;;;;;;;;;;;;;;
2019/09/11;0400 UTC;;;;;;;;;;;;;;;;;
2019/09/11;0500 UTC;;;;;;;;;;;;;;;;;
2019/09/11;0600 UTC;;;;;;;;;;;;;;;;;
2019/09/11;0700 UTC;;;;;;;;;;;;;;;;;
2019/09/11;0800 UTC;;;;;;;;;;;;;;;;;
2019/09/11;0900 UTC;;;;;;;;;;;;;;;;;
2019/09/11;1000 UTC;;;;;;;;;;;;;;;;;
2019/09/11;1100 UTC;;;;;;;;;;;;;;;;;
2019/09/11;1200 UTC;;;;;;;;;;;;;;;;;
2019/09/11;1300 UTC;;;;;;;;;;;;;;;;;
2019/09/11;1400 UTC;;;;;;;;;;;;;;;;;
2019/09/11;1500 UTC;;;;;;;;;;;;;;;;;
2019/09/11;1600 UTC;;;;;;;;;;;;;;;;;
2019/09/11;1700 UTC;;;;;;;;;;;;;;;;;
2019/09/11;1800 UTC;;;;;;;;;;;;;;;;;
2019/09/11;1900 UTC;;;;;;;;;;;;;;;;;
2019/09/11;2000 UTC;;;;;;;;;;;;;;;;;
2019/09/11;2100 UTC;;;;;;;;;;;;;;;;;
2019/09/11;2200 UTC;;;;;;;;;;;;;;;;;
2019/09/11;2300 UTC;;;;;;;;;;;;;;;;;
2019/09/12;0000 UTC;;;;;;;;;;;;;;;;;
2019/09/12;0100 UTC;;;;;;;;;;;;;;;;;
2019/09/12;0200 UTC;;;;;;;;;;;;;;;;;
2019/09/12;0300 UTC;;;;;;;;;;;;;;;;;
2019/09/12;0400 UTC;;;;;;;;;;;;;;;;;
2019/09/12;0500 UTC;;;;;;;;;;;;;;;;;
2019/09/12;0600 UTC;;;;;;;;;;;;;;;;;
2019/09/12;0700 UTC;;;;;;;;;;;;;;;;;
2019/09/12;0800 UTC;;;;;;;;;;;;;;;;;
2019/09/12;0900 UTC;;;;;;;;;;;;;;;;;
2019/09/12;1000 UTC;;;;;;;;;;;;;;;;;
2019/09/12;1100 UTC;;;;;;;;;;;;;;;;;
2019/09/12;1200 UTC;;;;;;;;;;;;;;;;;
2019/09/12;1300 UTC;;;;;;;;;;;;;;;;;
2019/09/12;1400 UTC;;;;;;;;;;;;;;;;;
2019/09/12;1500 UTC;;;;;;;;;;;;;;;;;
2019/09/12;1600 UTC;;;;;;;;;;;;;;;;;
2019/09/12;1700 UTC;;;;;;;;;;;;;;;;;
2019/09/12;1800 UTC;;;;;;;;;;;;;;;;;
2019/09/12;1900 UTC;;;;;;;;;;;;;;;;;
2019/09/12;2000 UTC;;;;;;;;;;;;;;;;;
2019/09/12;2100 UTC;;;;;;;;;;;;;;;;;
2019/09/12;2200 UTC;;;;;;;;;;;;;;;;;
2019/09/12;2300 UTC;;;;;;;;;;;;;;;;;
2019/09/13;0000 UTC;;;;;;;;;;;;;;;;;
2019/09/13;0100 UTC;;;;;;;;;;;;;;;;;
2019/09/13;0200 UTC;;;;;;;;;;;;;;;;;
2019/09/13;0300 UTC;;;;;;;;;;;;;;;;;
2019/09/13;0400 UTC;;;;;;;;;;;;;;;;;
2019/09/13;0500 UTC;;;;;;;;;;;;;;;;;
2019/09/13;0600 UTC;;;;;;;;;;;;;;;;;
2019/09/13;0700 UTC;;;;;;;;;;;;;;;;;
2019/09/13;0800 UTC;;;;;;;;;;;;;;;;;
2019/09/13;0900 UTC;;;;;;;;;;;;;;;;;
2019/09/13;1000 UTC;;;;;;;;;;;;;;;;;
2019/09/13;1100 UTC;;;;;;;;;;;;;;;;;
2019/09/13;1200 UTC;;;;;;;;;;;;;;;;;
2019/09/13;1300 UTC;;;;;;;;;;;;;;;;;
2019/09/13;1400 UTC;;;;;;;;;;;;;;;;;
2019/09/13;1500 UTC;;;;;;;;;;;;;;;;;
2019/09/13;1600 UTC;;;;;;;;;;;;;;;;;
2019/09/13;1700 UTC;;;;;;;;;;;;;;;;;
2019/09/13;1800 UTC;;;;;;;;;;;;;;;;;
2019/09/13;1900 UTC;;;;;;;;;;;;;;;;;
2019/09/13;2000 UTC;;;;;;;;;;;;;;;;;
2019/09/13;2100 UTC;;;;;;;;;;;;;;;;;
2019/09/13;2200 UTC;;;;;;;;;;;;;;;;;
2019/09/13;2300 UTC;;;;;;;;;;;;;;;;;
2019/09/14;0000 UTC;;;;;;;;;;;;;;;;;
2019/09/14;0100 UTC;;;;;;;;;;;;;;;;;
2019/09/14;0200 UTC;;;;;;;;;;;;;;;;;
2019/09/14;0300 UTC;;;;;;;;;;;;;;;;;
2019/09/14;0400 UTC;;;;;;;;;;;;;;;;;
2019/09/14;0500 UTC;;;;;;;;;;;;;;;;;
2019/09/14;0600 UTC;;;;;;;;;;;;;;;;;
2019/09/14;0700 UTC;;;;;;;;;;;;;;;;;
2019/09/14;0800 UTC;;;;;;;;;;;;;;;;;
2019/09/14;0900 UTC;;;;;;;;;;;;;;;;;
2019/09/14;1000 UTC;;;;;;;;;;;;;;;;;
2019/09/14;1100 UTC;;;;;;;;;;;;;;;;;
2019/09/14;1200 UTC;;;;;;;;;;;;;;;;;
2019/09/14;1300 UTC;;;;;;;;;;;;;;;;;
2019/09/14;1400 UTC;;;;;;;;;;;;;;;;;
2019/09/14;1500 UTC;;;;;;;;;;;;;;;;;
2019/09/14;1600 UTC;;;;;;;;;;;;;;;;;
2019/09/14;1700 UTC;;;;;;;;;;;;;;;;;
2019/09/14;1800 UTC;;;;;;;;;;;;;;;;;
2019/09/14;1900 UTC;;;;;;;;;;;;;;;;;
2019/09/14;2000 UTC;;;;;;;;;;;;;;;;;
2019/09/14;2100 UTC;;;;;;;;;;;;;;;;;
2019/09/14;2200 UTC;;;;;;;;;;;;;;;;;
2019/09/14;2300 UTC;;;;;;;;;;;;;;;;;
2019/09/15;0000 UTC;;;;;;;;;;;;;;;;;
2019/09/15;0100 UTC;;;;;;;;;;;;;;;;;
2019/09/15;0200 UTC;;;;;;;;;;;;;;;;;
2019/09/15;0300 UTC;;;;;;;;;;;;;;;;;
2019/09/15;0400 UTC;;;;;;;;;;;;;;;;;
2019/09/15;0500 UTC;;;;;;;;;;;;;;;;;
2019/09/15;0600 UTC;;;;;;;;;;;;;;;;;
2019/09/15;0700 UTC;;;;;;;;;;;;;;;;;
2019/09/15;0800 UTC;;;;;;;;;;;;;;;;;
2019/09/15;0900 UTC;;;;;;;;;;;;;;;;;
2019/09/15;1000 UTC;;;;;;;;;;;;;;;;;
2019/09/15;1100 UTC;;;;;;;;;;;;;;;;;
2019/09/15;1200 UTC;;;;;;;;;;;;;;;;;
2019/09/15;1300 UTC;;;;;;;;;;;;;;;;;
2019/09/15;1400 UTC;;;;;;;;;;;;;;;;;
2019/09/15;1500 UTC;;;;;;;;;;;;;;;;;
2019/09/15;1600 UTC;;;;;;;;;;;;;;;;;
2019/09/15;1700 UTC;;;;;;;;;;;;;;;;;
2019/09/15;1800 UTC;;;;;;;;;;;;;;;;;
2019/09/15;1900 UTC;;;;;;;;;;;;;;;;;
2019/09/15;2000 UTC;;;;;;;;;;;;;;;;;
2019/09/15;2100 UTC;;;;;;;;;;;;;;;;;
2019/09/15;2200 UTC;;;;;;;;;;;;;;;;;
2019/09/15;2300 UTC;;;;;;;;;;;;;;;;;
2019/09/16;0000 UTC;;;;;;;;;;;;;;;;;
2019/09/16;0100 UTC;;;;;;;;;;;;;;;;;
2019/09/16;0200 UTC;;;;;;;;;;;;;;;;;
2019/09/16;0300 UTC;;;;;;;;;;;;;;;;;
2019/09/16;0400 UTC;;;;;;;;;;;;;;;;;
2019/09/16;0500 UTC;;;;;;;;;;;;;;;;;
2019/09/16;0600 UTC;;;;;;;;;;;;;;;;;
2019/09/16;0700 UTC;;;;;;;;;;;;;;;;;
2019/09/16;0800 UTC;;;;;;;;;;;;;;;;;
2019/09/16;0900 UTC;;;;;;;;;;;;;;;;;
2019/09/16;1000 UTC;;;;;;;;;;;;;;;;;
2019/09/16;1100 UTC;;;;;;;;;;;;;;;;;
2019/09/16;1200 UTC;;;;;;;;;;;;;;;;;
2019/09/16;1300 UTC;;;;;;;;;;;;;;;;;
2019/09/16;1400 UTC;;;;;;;;;;;;;;;;;
2019/09/16;1500 UTC;;;;;;;;;;;;;;;;;
2019/09/16;1600 UTC;;;;;;;;;;;;;;;;;
2019/09/16;1700 UTC;;;;;;;;;;;;;;;;;
2019/09/16;1800 UTC;;;;;;;;;;;;;;;;;
2019/09/16;1900 UTC;;;;;;;;;;;;;;;;;
2019/09/16;2000 UTC;;;;;;;;;;;;;;;;;
2019/09/16;2100 UTC;;;;;;;;;;;;;;;;;
2019/09/16;2200 UTC;;;;;;;;;;;;;;;;;
2019/09/16;2300 UTC;;;;;;;;;;;;;;;;;
2019/09/17;0000 UTC;;;;;;;;;;;;;;;;;
2019/09/17;0100 UTC;;;;;;;;;;;;;;;;;
2019/09/17;0200 UTC;;;;;;;;;;;;;;;;;
2019/09/17;0300 UTC;;;;;;;;;;;;;;;;;
2019/09/17;0400 UTC;;;;;;;;;;;;;;;;;
2019/09/17;0500 UTC;;;;;;;;;;;;;;;;;
2019/09/17;0600 UTC;;;;;;;;;;;;;;;;;
2019/09/17;0700 UTC;;;;;;;;;;;;;;;;;
2019/09/17;0800 UTC;;;;;;;;;;;;;;;;;
2019/09/17;0900 UTC;;;;;;;;;;;;;;;;;
2019/09/17;1000 UTC;;;;;;;;;;;;;;;;;
2019/09/17;1100 UTC;;;;;;;;;;;;;;;;;
2019/09/17;1200 UTC;;;;;;;;;;;;;;;;;
2019/09/17;1300 UTC;;;;;;;;;;;;;;;;;
2019/09/17;1400 UTC;;;;;;;;;;;;;;;;;
2019/09/17;1500 UTC;;;;;;;;;;;;;;;;;
2019/09/17;1600 UTC;;;;;;;;;;;;;;;;;
2019/09/17;1700 UTC;;;;;;;;;;;;;;;;;
2019/09/17;1800 UTC;;;;;;;;;;;;;;;;;
2019/09/17;1900 UTC;;;;;;;;;;;;;;;;;
2019/09/17;2000 UTC;;;;;;;;;;;;;;;;;
2019/09/17;2100 UTC;;;;;;;;;;;;;;;;;
2019/09/17;2200 UTC;;;;;;;;;;;;;;;;;
2019/09/17;2300 UTC;;;;;;;;;;;;;;;;;
2019/09/18;0000 UTC;;;;;;;;;;;;;;;;;
2019/09/18;0100 UTC;;;;;;;;;;;;;;;;;
2019/09/18;0200 UTC;;;;;;;;;;;;;;;;;
2019/09/18;0300 UTC;;;;;;;;;;;;;;;;;
2019/09/18;0400 UTC;;;;;;;;;;;;;;;;;
2019/09/18;0500 UTC;;;;;;;;;;;;;;;;;
2019/09/18;0600 UTC;;;;;;;;;;;;;;;;;
2019/09/18;0700 UTC;;;;;;;;;;;;;;;;;
2019/09/18;0800 UTC;;;;;;;;;;;;;;;;;
2019/09/18;0900 UTC;;;;;;;;;;;;;;;;;
2019/09/18;1000 UTC;;;;;;;;;;;;;;;;;
2019/09/18;1100 UTC;;;;;;;;;;;;;;;;;
2019/09/18;1200 UTC;;;;;;;;;;;;;;;;;
2019/09/18;1300 UTC;;;;;;;;;;;;;;;;;
2019/09/18;1400 UTC;;;;;;;;;;;;;;;;;
2019/09/18;1500 UTC;;;;;;;;;;;;;;;;;
2019/09/18;1600 UTC;;;;;;;;;;;;;;;;;
2019/09/18;1700 UTC;;;;;;;;;;;;;;;;;
2019/09/18;1800 UTC;;;;;;;;;;;;;;;;;
2019/09/18;1900 UTC;;;;;;;;;;;;;;;;;
2019/09/18;2000 UTC;;;;;;;;;;;;;;;;;
2019/09/18;2100 UTC;;;;;;;;;;;;;;;;;
2019/09/18;2200 UTC;;;;;;;;;;;;;;;;;
2019/09/18;2300 UTC;;;;;;;;;;;;;;;;;
2019/09/19;0000 UTC;;;;;;;;;;;;;;;;;
2019/09/19;0100 UTC;;;;;;;;;;;;;;;;;
2019/09/19;0200 UTC;;;;;;;;;;;;;;;;;
2019/09/19;0300 UTC;;;;;;;;;;;;;;;;;
2019/09/19;0400 UTC;;;;;;;;;;;;;;;;;
2019/09/19;0500 UTC;;;;;;;;;;;;;;;;;
2019/09/19;0600 UTC;;;;;;;;;;;;;;;;;
2019/09/19;0700 UTC;;;;;;;;;;;;;;;;;
2019/09/19;0800 UTC;;;;;;;;;;;;;;;;;
2019/09/19;0900 UTC;;;;;;;;;;;;;;;;;
2019/09/19;1000 UTC;;;;;;;;;;;;;;;;;
2019/09/19;1100 UTC;;;;;;;;;;;;;;;;;
2019/09/19;1200 UTC;;;;;;;;;;;;;;;;;
2019/09/19;1300 UTC;;;;;;;;;;;;;;;;;
2019/09/19;1400 UTC;;;;;;;;;;;;;;;;;
2019/09/19;1500 UTC;;;;;;;;;;;;;;;;;
2019/09/19;1600 UTC;;;;;;;;;;;;;;;;;
2019/09/19;1700 UTC;;;;;;;;;;;;;;;;;
2019/09/19;1800 UTC;;;;;;;;;;;;;;;;;
2019/09/19;1900 UTC;;;;;;;;;;;;;;;;;
2019/09/19;2000 UTC;;;;;;;;;;;;;;;;;
2019/09/19;2100 UTC;;;;;;;;;;;;;;;;;
2019/09/19;2200 UTC;;;;;;;;;;;;;;;;;
2019/09/19;2300 UTC;;;;;;;;;;;;;;;;;
2019/09/20;0000 UTC;;;;;;;;;;;;;;;;;
2019/09/20;0100 UTC;;;;;;;;;;;;;;;;;
2019/09/20;0200 UTC;;;;;;;;;;;;;;;;;
2019/09/20;0300 UTC;;;;;;;;;;;;;;;;;
2019/09/20;0400 UTC;;;;;;;;;;;;;;;;;
2019/09/20;0500 UTC;;;;;;;;;;;;;;;;;
2019/09/20;0600 UTC;;;;;;;;;;;;;;;;;
2019/09/20;0700 UTC;;;;;;;;;;;;;;;;;
2019/09/20;0800 UTC;;;;;;;;;;;;;;;;;
2019/09/20;0900 UTC;;;;;;;;;;;;;;;;;
2019/09/20;1000 UTC;;;;;;;;;;;;;;;;;
2019/09/20;1100 UTC;;;;;;;;;;;;;;;;;
2019/09/20;1200 UTC;;;;;;;;;;;;;;;;;
2019/09/20;1300 UTC;;;;;;;;;;;;;;;;;
2019/09/20;1400 UTC;;;;;;;;;;;;;;;;;
2019/09/20;1500 UTC;;;;;;;;;;;;;;;;;
2019/09/20;1600 UTC;;;;;;;;;;;;;;;;;
2019/09/20;1700 UTC;;;;;;;;;;;;;;;;;
2019/09/20;1800 UTC;;;;;;;;;;;;;;;;;
2019/09/20;1900 UTC;;;;;;;;;;;;;;;;;
2019/09/20;2000 UTC;;;;;;;;;;;;;;;;;
2019/09/20;2100 UTC;;;;;;;;;;;;;;;;;
2019/09/20;2200 UTC;;;;;;;;;;;;;;;;;
2019/09/20;2300 UTC;;;;;;;;;;;;;;;;;
2019/09/21;0000 UTC;;;;;;;;;;;;;;;;;
2019/09/21;0100 UTC;;;;;;;;;;;;;;;;;
2019/09/21;0200 UTC;;;;;;;;;;;;;;;;;
2019/09/21;0300 UTC;;;;;;;;;;;;;;;;;
2019/09/21;0400 UTC;;;;;;;;;;;;;;;;;
2019/09/21;0500 UTC;;;;;;;;;;;;;;;;;
2019/09/21;0600 UTC;;;;;;;;;;;;;;;;;
2019/09/21;0700 UTC;;;;;;;;;;;;;;;;;
2019/09/21;0800 UTC;;;;;;;;;;;;;;;;;
2019/09/21;0900 UTC;;;;;;;;;;;;;;;;;
2019/09/21;1000 UTC;;;;;;;;;;;;;;;;;
2019/09/21;1100 UTC;;;;;;;;;;;;;;;;;
2019/09/21;1200 UTC;;;;;;;;;;;;;;;;;
2019/09/21;1300 UTC;;;;;;;;;;;;;;;;;
2019/09/21;1400 UTC;;;;;;;;;;;;;;;;;
2019/09/21;1500 UTC;;;;;;;;;;;;;;;;;
2019/09/21;1600 UTC;;;;;;;;;;;;;;;;;
2019/09/21;1700 UTC;;;;;;;;;;;;;;;;;
2019/09/21;1800 UTC;;;;;;;;;;;;;;;;;
2019/09/21;1900 UTC;;;;;;;;;;;;;;;;;
2019/09/21;2000 UTC;;;;;;;;;;;;;;;;;
2019/09/21;2100 UTC;;;;;;;;;;;;;;;;;
2019/09/21;2200 UTC;;;;;;;;;;;;;;;;;
2019/09/21;2300 UTC;;;;;;;;;;;;;;;;;
2019/09/22;0000 UTC;;;;;;;;;;;;;;;;;
2019/09/22;0100 UTC;;;;;;;;;;;;;;;;;
2019/09/22;0200 UTC;;;;;;;;;;;;;;;;;
2019/09/22;0300 UTC;;;;;;;;;;;;;;;;;
2019/09/22;0400 UTC;;;;;;;;;;;;;;;;;
2019/09/22;0500 UTC;;;;;;;;;;;;;;;;;
2019/09/22;0600 UTC;;;;;;;;;;;;;;;;;
2019/09/22;0700 UTC;;;;;;;;;;;;;;;;;
2019/09/22;0800 UTC;;;;;;;;;;;;;;;;;
2019/09/22;0900 UTC;;;;;;;;;;;;;;;;;
2019/09/22;1000 UTC;;;;;;;;;;;;;;;;;
2019/09/22;1100 UTC;;;;;;;;;;;;;;;;;
2019/09/22;1200 UTC;;;;;;;;;;;;;;;;;
2019/09/22;1300 UTC;;;;;;;;;;;;;;;;;
2019/09/22;1400 UTC;;;;;;;;;;;;;;;;;
2019/09/22;1500 UTC;;;;;;;;;;;;;;;;;
2019/09/22;1600 UTC;;;;;;;;;;;;;;;;;
2019/09/22;1700 UTC;;;;;;;;;;;;;;;;;
2019/09/22;1800 UTC;;;;;;;;;;;;;;;;;
2019/09/22;1900 UTC;;;;;;;;;;;;;;;;;
2019/09/22;2000 UTC;;;;;;;;;;;;;;;;;
2019/09/22;2100 UTC;;;;;;;;;;;;;;;;;
2019/09/22;2200 UTC;;;;;;;;;;;;;;;;;
2019/09/22;2300 UTC;;;;;;;;;;;;;;;;;
2019/09/23;0000 UTC;;;;;;;;;;;;;;;;;
2019/09/23;0100 UTC;;;;;;;;;;;;;;;;;
2019/09/23;0200 UTC;;;;;;;;;;;;;;;;;
2019/09/23;0300 UTC;;;;;;;;;;;;;;;;;
2019/09/23;0400 UTC;;;;;;;;;;;;;;;;;
2019/09/23;0500 UTC;;;;;;;;;;;;;;;;;
2019/09/23;0600 UTC;;;;;;;;;;;;;;;;;
2019/09/23;0700 UTC;;;;;;;;;;;;;;;;;
2019/09/23;0800 UTC;;;;;;;;;;;;;;;;;
2019/09/23;0900 UTC;;;;;;;;;;;;;;;;;
2019/09/23;1000 UTC;;;;;;;;;;;;;;;;;
2019/09/23;1100 UTC;;;;;;;;;;;;;;;;;
2019/09/23;1200 UTC;;;;;;;;;;;;;;;;;
2019/09/23;1300 UTC;;;;;;;;;;;;;;;;;
2019/09/23;1400 UTC;;;;;;;;;;;;;;;;;
2019/09/23;1500 UTC;;;;;;;;;;;;;;;;;
2019/09/23;1600 UTC;;;;;;;;;;;;;;;;;
2019/09/23;1700 UTC;;;;;;;;;;;;;;;;;
2019/09/23;1800 UTC;;;;;;;;;;;;;;;;;
2019/09/23;1900 UTC;;;;;;;;;;;;;;;;;
2019/09/23;2000 UTC;;;;;;;;;;;;;;;;;
2019/09/23;2100 UTC;;;;;;;;;;;;;;;;;
2019/09/23;2200 UTC;;;;;;;;;;;;;;;;;
2019/09/23;2300 UTC;;;;;;;;;;;;;;;;;
2019/09/24;0000 UTC;;;;;;;;;;;;;;;;;
2019/09/24;0100 UTC;;;;;;;;;;;;;;;;;
2019/09/24;0200 UTC;;;;;;;;;;;;;;;;;
2019/09/24;0300 UTC;;;;;;;;;;;;;;;;;
2019/09/24;0400 UTC;;;;;;;;;;;;;;;;;
2019/09/24;0500 UTC;;;;;;;;;;;;;;;;;
2019/09/24;0600 UTC;;;;;;;;;;;;;;;;;
2019/09/24;0700 UTC;;;;;;;;;;;;;;;;;
2019/09/24;0800 UTC;;;;;;;;;;;;;;;;;
2019/09/24;0900 UTC;;;;;;;;;;;;;;;;;
2019/09/24;1000 UTC;;;;;;;;;;;;;;;;;
2019/09/24;1100 UTC;;;;;;;;;;;;;;;;;
2019/09/24;1200 UTC;;;;;;;;;;;;;;;;;
2019/09/24;1300 UTC;;;;;;;;;;;;;;;;;
2019/09/24;1400 UTC;;;;;;;;;;;;;;;;;
2019/09/24;1500 UTC;;;;;;;;;;;;;;;;;
2019/09/24;1600 UTC;;;;;;;;;;;;;;;;;
2019/09/24;1700 UTC;;;;;;;;;;;;;;;;;
2019/09/24;1800 UTC;;;;;;;;;;;;;;;;;
2019/09/24;1900 UTC;;;;;;;;;;;;;;;;;
2019/09/24;2000 UTC;;;;;;;;;;;;;;;;;
2019/09/24;2100 UTC;;;;;;;;;;;;;;;;;
2019/09/24;2200 UTC;;;;;;;;;;;;;;;;;
2019/09/24;2300 UTC;;;;;;;;;;;;;;;;;
2019/09/25;0000 UTC;;;;;;;;;;;;;;;;;
2019/09/25;0100 UTC;;;;;;;;;;;;;;;;;
2019/09/25;0200 UTC;;;;;;;;;;;;;;;;;
2019/09/25;0300 UTC;;;;;;;;;;;;;;;;;
2019/09/25;0400 UTC;;;;;;;;;;;;;;;;;
2019/09/25;0500 UTC;;;;;;;;;;;;;;;;;
2019/09/25;0600 UTC;;;;;;;;;;;;;;;;;
2019/09/25;0700 UTC;;;;;;;;;;;;;;;;;
2019/09/25;0800 UTC;;;;;;;;;;;;;;;;;
2019/09/25;0900 UTC;;;;;;;;;;;;;;;;;
2019/09/25;1000 UTC;;;;;;;;;;;;;;;;;
2019/09/25;1100 UTC;;;;;;;;;;;;;;;;;
2019/09/25;1200 UTC;;;;;;;;;;;;;;;;;
2019/09/25;1300 UTC;;;;;;;;;;;;;;;;;
2019/09/25;1400 UTC;;;;;;;;;;;;;;;;;
2019/09/25;1500 UTC;;;;;;;;;;;;;;;;;
2019/09/25;1600 UTC;;;;;;;;;;;;;;;;;
2019/09/25;1700 UTC;;;;;;;;;;;;;;;;;
2019/09/25;1800 UTC;;;;;;;;;;;;;;;;;
2019/09/25;1900 UTC;;;;;;;;;;;;;;;;;
2019/09/25;2000 UTC;;;;;;;;;;;;;;;;;
2019/09/25;2100 UTC;;;;;;;;;;;;;;;;;
2019/09/25;2200 UTC;;;;;;;;;;;;;;;;;
2019/09/25;2300 UTC;;;;;;;;;;;;;;;;;
2019/09/26;0000 UTC;;;;;;;;;;;;;;;;;
2019/09/26;0100 UTC;;;;;;;;;;;;;;;;;
2019/09/26;0200 UTC;;;;;;;;;;;;;;;;;
2019/09/26;0300 UTC;;;;;;;;;;;;;;;;;
2019/09/26;0400 UTC;;;;;;;;;;;;;;;;;
2019/09/26;0500 UTC;;;;;;;;;;;;;;;;;
2019/09/26;0600 UTC;;;;;;;;;;;;;;;;;
2019/09/26;0700 UTC;;;;;;;;;;;;;;;;;
2019/09/26;0800 UTC;;;;;;;;;;;;;;;;;
2019/09/26;0900 UTC;;;;;;;;;;;;;;;;;
2019/09/26;1000 UTC;;;;;;;;;;;;;;;;;
2019/09/26;1100 UTC;;;;;;;;;;;;;;;;;
2019/09/26;1200 UTC;;;;;;;;;;;;;;;;;
2019/09/26;1300 UTC;;;;;;;;;;;;;;;;;
2019/09/26;1400 UTC;;;;;;;;;;;;;;;;;
2019/09/26;1500 UTC;;;;;;;;;;;;;;;;;
2019/09/26;1600 UTC;;;;;;;;;;;;;;;;;
2019/09/26;1700 UTC;;;;;;;;;;;;;;;;;
2019/09/26;1800 UTC;;;;;;;;;;;;;;;;;
2019/09/26;1900 UTC;;;;;;;;;;;;;;;;;
2019/09/26;2000 UTC;;;;;;;;;;;;;;;;;
2019/09/26;2100 UTC;;;;;;;;;;;;;;;;;
2019/09/26;2200 UTC;;;;;;;;;;;;;;;;;
2019/09/26;2300 UTC;;;;;;;;;;;;;;;;;
2019/09/27;0000 UTC;;;;;;;;;;;;;;;;;
2019/09/27;0100 UTC;;;;;;;;;;;;;;;;;
2019/09/27;0200 UTC;;;;;;;;;;;;;;;;;
2019/09/27;0300 UTC;;;;;;;;;;;;;;;;;
2019/09/27;0400 UTC;;;;;;;;;;;;;;;;;
2019/09/27;0500 UTC;;;;;;;;;;;;;;;;;
2019/09/27;0600 UTC;;;;;;;;;;;;;;;;;
2019/09/27;0700 UTC;;;;;;;;;;;;;;;;;
2019/09/27;0800 UTC;;;;;;;;;;;;;;;;;
2019/09/27;0900 UTC;;;;;;;;;;;;;;;;;
2019/09/27;1000 UTC;;;;;;;;;;;;;;;;;
2019/09/27;1100 UTC;;;;;;;;;;;;;;;;;
2019/09/27;1200 UTC;;;;;;;;;;;;;;;;;
2019/09/27;1300 UTC;;;;;;;;;;;;;;;;;
2019/09/27;1400 UTC;;;;;;;;;;;;;;;;;
2019/09/27;1500 UTC;;;;;;;;;;;;;;;;;
2019/09/27;1600 UTC;;;;;;;;;;;;;;;;;
2019/09/27;1700 UTC;;;;;;;;;;;;;;;;;
2019/09/27;1800 UTC;;;;;;;;;;;;;;;;;
2019/09/27;1900 UTC;;;;;;;;;;;;;;;;;
2019/09/27;2000 UTC;;;;;;;;;;;;;;;;;
2019/09/27;2100 UTC;;;;;;;;;;;;;;;;;
2019/09/27;2200 UTC;;;;;;;;;;;;;;;;;
2019/09/27;2300 UTC;;;;;;;;;;;;;;;;;
2019/09/28;0000 UTC;;;;;;;;;;;;;;;;;
2019/09/28;0100 UTC;;;;;;;;;;;;;;;;;
2019/09/28;0200 UTC;;;;;;;;;;;;;;;;;
2019/09/28;0300 UTC;;;;;;;;;;;;;;;;;
2019/09/28;0400 UTC;;;;;;;;;;;;;;;;;
2019/09/28;0500 UTC;;;;;;;;;;;;;;;;;
2019/09/28;0600 UTC;;;;;;;;;;;;;;;;;
2019/09/28;0700 UTC;;;;;;;;;;;;;;;;;
2019/09/28;0800 UTC;;;;;;;;;;;;;;;;;
2019/09/28;0900 UTC;;;;;;;;;;;;;;;;;
2019/09/28;1000 UTC;;;;;;;;;;;;;;;;;
2019/09/28;1100 UTC;;;;;;;;;;;;;;;;;
2019/09/28;1200 UTC;;;;;;;;;;;;;;;;;
2019/09/28;1300 UTC;;;;;;;;;;;;;;;;;
2019/09/28;1400 UTC;;;;;;;;;;;;;;;;;
2019/09/28;1500 UTC;;;;;;;;;;;;;;;;;
2019/09/28;1600 UTC;;;;;;;;;;;;;;;;;
2019/09/28;1700 UTC;;;;;;;;;;;;;;;;;
2019/09/28;1800 UTC;;;;;;;;;;;;;;;;;
2019/09/28;1900 UTC;;;;;;;;;;;;;;;;;
2019/09/28;2000 UTC;;;;;;;;;;;;;;;;;
2019/09/28;2100 UTC;;;;;;;;;;;;;;;;;
2019/09/28;2200 UTC;;;;;;;;;;;;;;;;;
2019/09/28;2300 UTC;;;;;;;;;;;;;;;;;
2019/09/29;0000 UTC;;;;;;;;;;;;;;;;;
2019/09/29;0100 UTC;;;;;;;;;;;;;;;;;
2019/09/29;0200 UTC;;;;;;;;;;;;;;;;;
2019/09/29;0300 UTC;;;;;;;;;;;;;;;;;
2019/09/29;0400 UTC;;;;;;;;;;;;;;;;;
2019/09/29;0500 UTC;;;;;;;;;;;;;;;;;
2019/09/29;0600 UTC;;;;;;;;;;;;;;;;;
2019/09/29;0700 UTC;;;;;;;;;;;;;;;;;
2019/09/29;0800 UTC;;;;;;;;;;;;;;;;;
2019/09/29;0900 UTC;;;;;;;;;;;;;;;;;
2019/09/29;1000 UTC;;;;;;;;;;;;;;;;;
2019/09/29;1100 UTC;;;;;;;;;;;;;;;;;
2019/09/29;1200 UTC;;;;;;;;;;;;;;;;;
2019/09/29;1300 UTC;;;;;;;;;;;;;;;;;
2019/09/29;1400 UTC;;;;;;;;;;;;;;;;;
2019/09/29;1500 UTC;;;;;;;;;;;;;;;;;
2019/09/29;1600 UTC;;;;;;;;;;;;;;;;;
2019/09/29;1700 UTC;;;;;;;;;;;;;;;;;
2019/09/29;1800 UTC;;;;;;;;;;;;;;;;;
2019/09/29;1900 UTC;;;;;;;;;;;;;;;;;
2019/09/29;2000 UTC;;;;;;;;;;;;;;;;;
2019/09/29;2100 UTC;;;;;;;;;;;;;;;;;
2019/09/29;2200 UTC;;;;;;;;;;;;;;;;;
2019/09/29;2300 UTC;;;;;;;;;;;;;;;;;
2019/09/30;0000 UTC;;;;;;;;;;;;;;;;;
2019/09/30;0100 UTC;;;;;;;;;;;;;;;;;
2019/09/30;0200 UTC;;;;;;;;;;;;;;;;;
2019/09/30;0300 UTC;;;;;;;;;;;;;;;;;
2019/09/30;0400 UTC;;;;;;;;;;;;;;;;;
2019/09/30;0500 UTC;;;;;;;;;;;;;;;;;
2019/09/30;0600 UTC;;;;;;;;;;;;;;;;;
2019/09/30;0700 UTC;;;;;;;;;;;;;;;;;
2019/09/30;0800 UTC;;;;;;;;;;;;;;;;;
2019/09/30;0900 UTC;;;;;;;;;;;;;;;;;
2019/09/30;1000 UTC;;;;;;;;;;;;;;;;;
2019/09/30;1100 UTC;;;;;;;;;;;;;;;;;
2019/09/30;1200 UTC;;;;;;;;;;;;;;;;;
2019/09/30;1300 UTC;;;;;;;;;;;;;;;;;
2019/09/30;1400 UTC;;;;;;;;;;;;;;;;;
2019/09/30;1500 UTC;;;;;;;;;;;;;;;;;
2019/09/30;1600 UTC;;;;;;;;;;;;;;;;;
2019/09/30;1700 UTC;;;;;;;;;;;;;;;;;
2019/09/30;1800 UTC;;;;;;;;;;;;;;;;;
2019/09/30;1900 UTC;;;;;;;;;;;;;;;;;
2019/09/30;2000 UTC;;;;;;;;;;;;;;;;;
2019/09/30;2100 UTC;;;;;;;;;;;;;;;;;
2019/09/30;2200 UTC;;;;;;;;;;;;;;;;;
2019/09/30;2300 UTC;;;;;;;;;;;;;;;;;
2019/10/01;0000 UTC;;;;;;;;;;;;;;;;;
2019/10/01;0100 UTC;;;;;;;;;;;;;;;;;
2019/10/01;0200 UTC;;;;;;;;;;;;;;;;;
2019/10/01;0300 UTC;;;;;;;;;;;;;;;;;
2019/10/01;0400 UTC;;;;;;;;;;;;;;;;;
2019/10/01;0500 UTC;;;;;;;;;;;;;;;;;
2019/10/01;0600 UTC;;;;;;;;;;;;;;;;;
2019/10/01;0700 UTC;;;;;;;;;;;;;;;;;
2019/10/01;0800 UTC;;;;;;;;;;;;;;;;;
2019/10/01;0900 UTC;;;;;;;;;;;;;;;;;
2019/10/01;1000 UTC;;;;;;;;;;;;;;;;;
2019/10/01;1100 UTC;;;;;;;;;;;;;;;;;
2019/10/01;1200 UTC;;;;;;;;;;;;;;;;;
2019/10/01;1300 UTC;;;;;;;;;;;;;;;;;
2019/10/01;1400 UTC;;;;;;;;;;;;;;;;;
2019/10/01;1500 UTC;;;;;;;;;;;;;;;;;
2019/10/01;1600 UTC;;;;;;;;;;;;;;;;;
2019/10/01;1700 UTC;;;;;;;;;;;;;;;;;
2019/10/01;1800 UTC;;;;;;;;;;;;;;;;;
2019/10/01;1900 UTC;;;;;;;;;;;;;;;;;
2019/10/01;2000 UTC;;;;;;;;;;;;;;;;;
2019/10/01;2100 UTC;;;;;;;;;;;;;;;;;
2019/10/01;2200 UTC;;;;;;;;;;;;;;;;;
2019/10/01;2300 UTC;;;;;;;;;;;;;;;;;
2019/10/02;0000 UTC;;;;;;;;;;;;;;;;;
2019/10/02;0100 UTC;;;;;;;;;;;;;;;;;
2019/10/02;0200 UTC;;;;;;;;;;;;;;;;;
2019/10/02;0300 UTC;;;;;;;;;;;;;;;;;
2019/10/02;0400 UTC;;;;;;;;;;;;;;;;;
2019/10/02;0500 UTC;;;;;;;;;;;;;;;;;
2019/10/02;0600 UTC;;;;;;;;;;;;;;;;;
2019/10/02;0700 UTC;;;;;;;;;;;;;;;;;
2019/10/02;0800 UTC;;;;;;;;;;;;;;;;;
2019/10/02;0900 UTC;;;;;;;;;;;;;;;;;
2019/10/02;1000 UTC;;;;;;;;;;;;;;;;;
2019/10/02;1100 UTC;;;;;;;;;;;;;;;;;
2019/10/02;1200 UTC;;;;;;;;;;;;;;;;;
2019/10/02;1300 UTC;;;;;;;;;;;;;;;;;
2019/10/02;1400 UTC;;;;;;;;;;;;;;;;;
2019/10/02;1500 UTC;;;;;;;;;;;;;;;;;
2019/10/02;1600 UTC;;;;;;;;;;;;;;;;;
2019/10/02;1700 UTC;;;;;;;;;;;;;;;;;
2019/10/02;1800 UTC;;;;;;;;;;;;;;;;;
2019/10/02;1900 UTC;;;;;;;;;;;;;;;;;
2019/10/02;2000 UTC;;;;;;;;;;;;;;;;;
2019/10/02;2100 UTC;;;;;;;;;;;;;;;;;
2019/10/02;2200 UTC;;;;;;;;;;;;;;;;;
2019/10/02;2300 UTC;;;;;;;;;;;;;;;;;
2019/10/03;0000 UTC;;;;;;;;;;;;;;;;;
2019/10/03;0100 UTC;;;;;;;;;;;;;;;;;
2019/10/03;0200 UTC;;;;;;;;;;;;;;;;;
2019/10/03;0300 UTC;;;;;;;;;;;;;;;;;
2019/10/03;0400 UTC;;;;;;;;;;;;;;;;;
2019/10/03;0500 UTC;;;;;;;;;;;;;;;;;
2019/10/03;0600 UTC;;;;;;;;;;;;;;;;;
2019/10/03;0700 UTC;;;;;;;;;;;;;;;;;
2019/10/03;0800 UTC;;;;;;;;;;;;;;;;;
2019/10/03;0900 UTC;;;;;;;;;;;;;;;;;
2019/10/03;1000 UTC;;;;;;;;;;;;;;;;;
2019/10/03;1100 UTC;;;;;;;;;;;;;;;;;
2019/10/03;1200 UTC;;;;;;;;;;;;;;;;;
2019/10/03;1300 UTC;;;;;;;;;;;;;;;;;
2019/10/03;1400 UTC;;;;;;;;;;;;;;;;;
2019/10/03;1500 UTC;;;;;;;;;;;;;;;;;
2019/10/03;1600 UTC;;;;;;;;;;;;;;;;;
2019/10/03;1700 UTC;;;;;;;;;;;;;;;;;
2019/10/03;1800 UTC;;;;;;;;;;;;;;;;;
2019/10/03;1900 UTC;;;;;;;;;;;;;;;;;
2019/10/03;2000 UTC;;;;;;;;;;;;;;;;;
2019/10/03;2100 UTC;;;;;;;;;;;;;;;;;
2019/10/03;2200 UTC;;;;;;;;;;;;;;;;;
2019/10/03;2300 UTC;;;;;;;;;;;;;;;;;
2019/10/04;0000 UTC;;;;;;;;;;;;;;;;;
2019/10/04;0100 UTC;;;;;;;;;;;;;;;;;
2019/10/04;0200 UTC;;;;;;;;;;;;;;;;;
2019/10/04;0300 UTC;;;;;;;;;;;;;;;;;
2019/10/04;0400 UTC;;;;;;;;;;;;;;;;;
2019/10/04;0500 UTC;;;;;;;;;;;;;;;;;
2019/10/04;0600 UTC;;;;;;;;;;;;;;;;;
2019/10/04;0700 UTC;;;;;;;;;;;;;;;;;
2019/10/04;0800 UTC;;;;;;;;;;;;;;;;;
2019/10/04;0900 UTC;;;;;;;;;;;;;;;;;
2019/10/04;1000 UTC;;;;;;;;;;;;;;;;;
2019/10/04;1100 UTC;;;;;;;;;;;;;;;;;
2019/10/04;1200 UTC;;;;;;;;;;;;;;;;;
2019/10/04;1300 UTC;;;;;;;;;;;;;;;;;
2019/10/04;1400 UTC;;;;;;;;;;;;;;;;;
2019/10/04;1500 UTC;;;;;;;;;;;;;;;;;
2019/10/04;1600 UTC;;;;;;;;;;;;;;;;;
2019/10/04;1700 UTC;;;;;;;;;;;;;;;;;
2019/10/04;1800 UTC;;;;;;;;;;;;;;;;;
2019/10/04;1900 UTC;;;;;;;;;;;;;;;;;
2019/10/04;2000 UTC;;;;;;;;;;;;;;;;;
2019/10/04;2100 UTC;;;;;;;;;;;;;;;;;
2019/10/04;2200 UTC;;;;;;;;;;;;;;;;;
2019/10/04;2300 UTC;;;;;;;;;;;;;;;;;
2019/10/05;0000 UTC;;;;;;;;;;;;;;;;;
2019/10/05;0100 UTC;;;;;;;;;;;;;;;;;
2019/10/05;0200 UTC;;;;;;;;;;;;;;;;;
2019/10/05;0300 UTC;;;;;;;;;;;;;;;;;
2019/10/05;0400 UTC;;;;;;;;;;;;;;;;;
2019/10/05;0500 UTC;;;;;;;;;;;;;;;;;
2019/10/05;0600 UTC;;;;;;;;;;;;;;;;;
2019/10/05;0700 UTC;;;;;;;;;;;;;;;;;
2019/10/05;0800 UTC;;;;;;;;;;;;;;;;;
2019/10/05;0900 UTC;;;;;;;;;;;;;;;;;
2019/10/05;1000 UTC;;;;;;;;;;;;;;;;;
2019/10/05;1100 UTC;;;;;;;;;;;;;;;;;
2019/10/05;1200 UTC;;;;;;;;;;;;;;;;;
2019/10/05;1300 UTC;;;;;;;;;;;;;;;;;
2019/10/05;1400 UTC;;;;;;;;;;;;;;;;;
2019/10/05;1500 UTC;;;;;;;;;;;;;;;;;
2019/10/05;1600 UTC;;;;;;;;;;;;;;;;;
2019/10/05;1700 UTC;;;;;;;;;;;;;;;;;
2019/10/05;1800 UTC;;;;;;;;;;;;;;;;;
2019/10/05;1900 UTC;;;;;;;;;;;;;;;;;
2019/10/05;2000 UTC;;;;;;;;;;;;;;;;;
2019/10/05;2100 UTC;;;;;;;;;;;;;;;;;
2019/10/05;2200 UTC;;;;;;;;;;;;;;;;;
2019/10/05;2300 UTC;;;;;;;;;;;;;;;;;
2019/10/06;0000 UTC;;;;;;;;;;;;;;;;;
2019/10/06;0100 UTC;;;;;;;;;;;;;;;;;
2019/10/06;0200 UTC;;;;;;;;;;;;;;;;;
2019/10/06;0300 UTC;;;;;;;;;;;;;;;;;
2019/10/06;0400 UTC;;;;;;;;;;;;;;;;;
2019/10/06;0500 UTC;;;;;;;;;;;;;;;;;
2019/10/06;0600 UTC;;;;;;;;;;;;;;;;;
2019/10/06;0700 UTC;;;;;;;;;;;;;;;;;
2019/10/06;0800 UTC;;;;;;;;;;;;;;;;;
2019/10/06;0900 UTC;;;;;;;;;;;;;;;;;
2019/10/06;1000 UTC;;;;;;;;;;;;;;;;;
2019/10/06;1100 UTC;;;;;;;;;;;;;;;;;
2019/10/06;1200 UTC;;;;;;;;;;;;;;;;;
2019/10/06;1300 UTC;;;;;;;;;;;;;;;;;
2019/10/06;1400 UTC;;;;;;;;;;;;;;;;;
2019/10/06;1500 UTC;;;;;;;;;;;;;;;;;
2019/10/06;1600 UTC;;;;;;;;;;;;;;;;;
2019/10/06;1700 UTC;;;;;;;;;;;;;;;;;
2019/10/06;1800 UTC;;;;;;;;;;;;;;;;;
2019/10/06;1900 UTC;;;;;;;;;;;;;;;;;
2019/10/06;2000 UTC;;;;;;;;;;;;;;;;;
2019/10/06;2100 UTC;;;;;;;;;;;;;;;;;
2019/10/06;2200 UTC;;;;;;;;;;;;;;;;;
2019/10/06;2300 UTC;;;;;;;;;;;;;;;;;
2019/10/07;0000 UTC;;;;;;;;;;;;;;;;;
2019/10/07;0100 UTC;;;;;;;;;;;;;;;;;
2019/10/07;0200 UTC;;;;;;;;;;;;;;;;;
2019/10/07;0300 UTC;;;;;;;;;;;;;;;;;
2019/10/07;0400 UTC;;;;;;;;;;;;;;;;;
2019/10/07;0500 UTC;;;;;;;;;;;;;;;;;
2019/10/07;0600 UTC;;;;;;;;;;;;;;;;;
2019/10/07;0700 UTC;;;;;;;;;;;;;;;;;
2019/10/07;0800 UTC;;;;;;;;;;;;;;;;;
2019/10/07;0900 UTC;;;;;;;;;;;;;;;;;
2019/10/07;1000 UTC;;;;;;;;;;;;;;;;;
2019/10/07;1100 UTC;;;;;;;;;;;;;;;;;
2019/10/07;1200 UTC;;;;;;;;;;;;;;;;;
2019/10/07;1300 UTC;;;;;;;;;;;;;;;;;
2019/10/07;1400 UTC;;;;;;;;;;;;;;;;;
2019/10/07;1500 UTC;;;;;;;;;;;;;;;;;
2019/10/07;1600 UTC;;;;;;;;;;;;;;;;;
2019/10/07;1700 UTC;;;;;;;;;;;;;;;;;
2019/10/07;1800 UTC;;;;;;;;;;;;;;;;;
2019/10/07;1900 UTC;;;;;;;;;;;;;;;;;
2019/10/07;2000 UTC;;;;;;;;;;;;;;;;;
2019/10/07;2100 UTC;;;;;;;;;;;;;;;;;
2019/10/07;2200 UTC;;;;;;;;;;;;;;;;;
2019/10/07;2300 UTC;;;;;;;;;;;;;;;;;
2019/10/08;0000 UTC;;;;;;;;;;;;;;;;;
2019/10/08;0100 UTC;;;;;;;;;;;;;;;;;
2019/10/08;0200 UTC;;;;;;;;;;;;;;;;;
2019/10/08;0300 UTC;;;;;;;;;;;;;;;;;
2019/10/08;0400 UTC;;;;;;;;;;;;;;;;;
2019/10/08;0500 UTC;;;;;;;;;;;;;;;;;
2019/10/08;0600 UTC;;;;;;;;;;;;;;;;;
2019/10/08;0700 UTC;;;;;;;;;;;;;;;;;
2019/10/08;0800 UTC;;;;;;;;;;;;;;;;;
2019/10/08;0900 UTC;;;;;;;;;;;;;;;;;
2019/10/08;1000 UTC;;;;;;;;;;;;;;;;;
2019/10/08;1100 UTC;;;;;;;;;;;;;;;;;
2019/10/08;1200 UTC;;;;;;;;;;;;;;;;;
2019/10/08;1300 UTC;;;;;;;;;;;;;;;;;
2019/10/08;1400 UTC;;;;;;;;;;;;;;;;;
2019/10/08;1500 UTC;;;;;;;;;;;;;;;;;
2019/10/08;1600 UTC;;;;;;;;;;;;;;;;;
2019/10/08;1700 UTC;;;;;;;;;;;;;;;;;
2019/10/08;1800 UTC;;;;;;;;;;;;;;;;;
2019/10/08;1900 UTC;;;;;;;;;;;;;;;;;
2019/10/08;2000 UTC;;;;;;;;;;;;;;;;;
2019/10/08;2100 UTC;;;;;;;;;;;;;;;;;
2019/10/08;2200 UTC;;;;;;;;;;;;;;;;;
2019/10/08;2300 UTC;;;;;;;;;;;;;;;;;
2019/10/09;0000 UTC;;;;;;;;;;;;;;;;;
2019/10/09;0100 UTC;;;;;;;;;;;;;;;;;
2019/10/09;0200 UTC;;;;;;;;;;;;;;;;;
2019/10/09;0300 UTC;;;;;;;;;;;;;;;;;
2019/10/09;0400 UTC;;;;;;;;;;;;;;;;;
2019/10/09;0500 UTC;;;;;;;;;;;;;;;;;
2019/10/09;0600 UTC;;;;;;;;;;;;;;;;;
2019/10/09;0700 UTC;;;;;;;;;;;;;;;;;
2019/10/09;0800 UTC;;;;;;;;;;;;;;;;;
2019/10/09;0900 UTC;;;;;;;;;;;;;;;;;
2019/10/09;1000 UTC;;;;;;;;;;;;;;;;;
2019/10/09;1100 UTC;;;;;;;;;;;;;;;;;
2019/10/09;1200 UTC;;;;;;;;;;;;;;;;;
2019/10/09;1300 UTC;;;;;;;;;;;;;;;;;
2019/10/09;1400 UTC;;;;;;;;;;;;;;;;;
2019/10/09;1500 UTC;;;;;;;;;;;;;;;;;
2019/10/09;1600 UTC;;;;;;;;;;;;;;;;;
2019/10/09;1700 UTC;;;;;;;;;;;;;;;;;
2019/10/09;1800 UTC;;;;;;;;;;;;;;;;;
2019/10/09;1900 UTC;;;;;;;;;;;;;;;;;
2019/10/09;2000 UTC;;;;;;;;;;;;;;;;;
2019/10/09;2100 UTC;;;;;;;;;;;;;;;;;
2019/10/09;2200 UTC;;;;;;;;;;;;;;;;;
2019/10/09;2300 UTC;;;;;;;;;;;;;;;;;
2019/10/10;0000 UTC;;;;;;;;;;;;;;;;;
2019/10/10;0100 UTC;;;;;;;;;;;;;;;;;
2019/10/10;0200 UTC;;;;;;;;;;;;;;;;;
2019/10/10;0300 UTC;;;;;;;;;;;;;;;;;
2019/10/10;0400 UTC;;;;;;;;;;;;;;;;;
2019/10/10;0500 UTC;;;;;;;;;;;;;;;;;
2019/10/10;0600 UTC;;;;;;;;;;;;;;;;;
2019/10/10;0700 UTC;;;;;;;;;;;;;;;;;
2019/10/10;0800 UTC;;;;;;;;;;;;;;;;;
2019/10/10;0900 UTC;;;;;;;;;;;;;;;;;
2019/10/10;1000 UTC;;;;;;;;;;;;;;;;;
2019/10/10;1100 UTC;;;;;;;;;;;;;;;;;
2019/10/10;1200 UTC;;;;;;;;;;;;;;;;;
2019/10/10;1300 UTC;;;;;;;;;;;;;;;;;
2019/10/10;1400 UTC;;;;;;;;;;;;;;;;;
2019/10/10;1500 UTC;;;;;;;;;;;;;;;;;
2019/10/10;1600 UTC;;;;;;;;;;;;;;;;;
2019/10/10;1700 UTC;;;;;;;;;;;;;;;;;
2019/10/10;1800 UTC;;;;;;;;;;;;;;;;;
2019/10/10;1900 UTC;;;;;;;;;;;;;;;;;
2019/10/10;2000 UTC;;;;;;;;;;;;;;;;;
2019/10/10;2100 UTC;;;;;;;;;;;;;;;;;
2019/10/10;2200 UTC;;;;;;;;;;;;;;;;;
2019/10/10;2300 UTC;;;;;;;;;;;;;;;;;
2019/10/11;0000 UTC;;;;;;;;;;;;;;;;;
2019/10/11;0100 UTC;;;;;;;;;;;;;;;;;
2019/10/11;0200 UTC;;;;;;;;;;;;;;;;;
2019/10/11;0300 UTC;;;;;;;;;;;;;;;;;
2019/10/11;0400 UTC;;;;;;;;;;;;;;;;;
2019/10/11;0500 UTC;;;;;;;;;;;;;;;;;
2019/10/11;0600 UTC;;;;;;;;;;;;;;;;;
2019/10/11;0700 UTC;;;;;;;;;;;;;;;;;
2019/10/11;0800 UTC;;;;;;;;;;;;;;;;;
2019/10/11;0900 UTC;;;;;;;;;;;;;;;;;
2019/10/11;1000 UTC;;;;;;;;;;;;;;;;;
2019/10/11;1100 UTC;;;;;;;;;;;;;;;;;
2019/10/11;1200 UTC;;;;;;;;;;;;;;;;;
2019/10/11;1300 UTC;;;;;;;;;;;;;;;;;
2019/10/11;1400 UTC;;;;;;;;;;;;;;;;;
2019/10/11;1500 UTC;;;;;;;;;;;;;;;;;
2019/10/11;1600 UTC;;;;;;;;;;;;;;;;;
2019/10/11;1700 UTC;;;;;;;;;;;;;;;;;
2019/10/11;1800 UTC;;;;;;;;;;;;;;;;;
2019/10/11;1900 UTC;;;;;;;;;;;;;;;;;
2019/10/11;2000 UTC;;;;;;;;;;;;;;;;;
2019/10/11;2100 UTC;;;;;;;;;;;;;;;;;
2019/10/11;2200 UTC;;;;;;;;;;;;;;;;;
2019/10/11;2300 UTC;;;;;;;;;;;;;;;;;
2019/10/12;0000 UTC;;;;;;;;;;;;;;;;;
2019/10/12;0100 UTC;;;;;;;;;;;;;;;;;
2019/10/12;0200 UTC;;;;;;;;;;;;;;;;;
2019/10/12;0300 UTC;;;;;;;;;;;;;;;;;
2019/10/12;0400 UTC;;;;;;;;;;;;;;;;;
2019/10/12;0500 UTC;;;;;;;;;;;;;;;;;
2019/10/12;0600 UTC;;;;;;;;;;;;;;;;;
2019/10/12;0700 UTC;;;;;;;;;;;;;;;;;
2019/10/12;0800 UTC;;;;;;;;;;;;;;;;;
2019/10/12;0900 UTC;;;;;;;;;;;;;;;;;
2019/10/12;1000 UTC;;;;;;;;;;;;;;;;;
2019/10/12;1100 UTC;;;;;;;;;;;;;;;;;
2019/10/12;1200 UTC;;;;;;;;;;;;;;;;;
2019/10/12;1300 UTC;;;;;;;;;;;;;;;;;
2019/10/12;1400 UTC;;;;;;;;;;;;;;;;;
2019/10/12;1500 UTC;;;;;;;;;;;;;;;;;
2019/10/12;1600 UTC;;;;;;;;;;;;;;;;;
2019/10/12;1700 UTC;;;;;;;;;;;;;;;;;
2019/10/12;1800 UTC;;;;;;;;;;;;;;;;;
2019/10/12;1900 UTC;;;;;;;;;;;;;;;;;
2019/10/12;2000 UTC;;;;;;;;;;;;;;;;;
2019/10/12;2100 UTC;;;;;;;;;;;;;;;;;
2019/10/12;2200 UTC;;;;;;;;;;;;;;;;;
2019/10/12;2300 UTC;;;;;;;;;;;;;;;;;
2019/10/13;0000 UTC;;;;;;;;;;;;;;;;;
2019/10/13;0100 UTC;;;;;;;;;;;;;;;;;
2019/10/13;0200 UTC;;;;;;;;;;;;;;;;;
2019/10/13;0300 UTC;;;;;;;;;;;;;;;;;
2019/10/13;0400 UTC;;;;;;;;;;;;;;;;;
2019/10/13;0500 UTC;;;;;;;;;;;;;;;;;
2019/10/13;0600 UTC;;;;;;;;;;;;;;;;;
2019/10/13;0700 UTC;;;;;;;;;;;;;;;;;
2019/10/13;0800 UTC;;;;;;;;;;;;;;;;;
2019/10/13;0900 UTC;;;;;;;;;;;;;;;;;
2019/10/13;1000 UTC;;;;;;;;;;;;;;;;;
2019/10/13;1100 UTC;;;;;;;;;;;;;;;;;
2019/10/13;1200 UTC;;;;;;;;;;;;;;;;;
2019/10/13;1300 UTC;;;;;;;;;;;;;;;;;
2019/10/13;1400 UTC;;;;;;;;;;;;;;;;;
2019/10/13;1500 UTC;;;;;;;;;;;;;;;;;
2019/10/13;1600 UTC;;;;;;;;;;;;;;;;;
2019/10/13;1700 UTC;;;;;;;;;;;;;;;;;
2019/10/13;1800 UTC;;;;;;;;;;;;;;;;;
2019/10/13;1900 UTC;;;;;;;;;;;;;;;;;
2019/10/13;2000 UTC;;;;;;;;;;;;;;;;;
2019/10/13;2100 UTC;;;;;;;;;;;;;;;;;
2019/10/13;2200 UTC;;;;;;;;;;;;;;;;;
2019/10/13;2300 UTC;;;;;;;;;;;;;;;;;
2019/10/14;0000 UTC;;;;;;;;;;;;;;;;;
2019/10/14;0100 UTC;;;;;;;;;;;;;;;;;
2019/10/14;0200 UTC;;;;;;;;;;;;;;;;;
2019/10/14;0300 UTC;;;;;;;;;;;;;;;;;
2019/10/14;0400 UTC;;;;;;;;;;;;;;;;;
2019/10/14;0500 UTC;;;;;;;;;;;;;;;;;
2019/10/14;0600 UTC;;;;;;;;;;;;;;;;;
2019/10/14;0700 UTC;;;;;;;;;;;;;;;;;
2019/10/14;0800 UTC;;;;;;;;;;;;;;;;;
2019/10/14;0900 UTC;;;;;;;;;;;;;;;;;
2019/10/14;1000 UTC;;;;;;;;;;;;;;;;;
2019/10/14;1100 UTC;;;;;;;;;;;;;;;;;
2019/10/14;1200 UTC;;;;;;;;;;;;;;;;;
2019/10/14;1300 UTC;;;;;;;;;;;;;;;;;
2019/10/14;1400 UTC;;;;;;;;;;;;;;;;;
2019/10/14;1500 UTC;;;;;;;;;;;;;;;;;
2019/10/14;1600 UTC;;;;;;;;;;;;;;;;;
2019/10/14;1700 UTC;;;;;;;;;;;;;;;;;
2019/10/14;1800 UTC;;;;;;;;;;;;;;;;;
2019/10/14;1900 UTC;;;;;;;;;;;;;;;;;
2019/10/14;2000 UTC;;;;;;;;;;;;;;;;;
2019/10/14;2100 UTC;;;;;;;;;;;;;;;;;
2019/10/14;2200 UTC;;;;;;;;;;;;;;;;;
2019/10/14;2300 UTC;;;;;;;;;;;;;;;;;
2019/10/15;0000 UTC;;;;;;;;;;;;;;;;;
2019/10/15;0100 UTC;;;;;;;;;;;;;;;;;
2019/10/15;0200 UTC;;;;;;;;;;;;;;;;;
2019/10/15;0300 UTC;;;;;;;;;;;;;;;;;
2019/10/15;0400 UTC;;;;;;;;;;;;;;;;;
2019/10/15;0500 UTC;;;;;;;;;;;;;;;;;
2019/10/15;0600 UTC;;;;;;;;;;;;;;;;;
2019/10/15;0700 UTC;;;;;;;;;;;;;;;;;
2019/10/15;0800 UTC;;;;;;;;;;;;;;;;;
2019/10/15;0900 UTC;;;;;;;;;;;;;;;;;
2019/10/15;1000 UTC;;;;;;;;;;;;;;;;;
2019/10/15;1100 UTC;;;;;;;;;;;;;;;;;
2019/10/15;1200 UTC;;;;;;;;;;;;;;;;;
2019/10/15;1300 UTC;;;;;;;;;;;;;;;;;
2019/10/15;1400 UTC;;;;;;;;;;;;;;;;;
2019/10/15;1500 UTC;;;;;;;;;;;;;;;;;
2019/10/15;1600 UTC;;;;;;;;;;;;;;;;;
2019/10/15;1700 UTC;;;;;;;;;;;;;;;;;
2019/10/15;1800 UTC;;;;;;;;;;;;;;;;;
2019/10/15;1900 UTC;;;;;;;;;;;;;;;;;
2019/10/15;2000 UTC;;;;;;;;;;;;;;;;;
2019/10/15;2100 UTC;;;;;;;;;;;;;;;;;
2019/10/15;2200 UTC;;;;;;;;;;;;;;;;;
2019/10/15;2300 UTC;;;;;;;;;;;;;;;;;
2019/10/16;0000 UTC;;;;;;;;;;;;;;;;;
2019/10/16;0100 UTC;;;;;;;;;;;;;;;;;
2019/10/16;0200 UTC;;;;;;;;;;;;;;;;;
2019/10/16;0300 UTC;;;;;;;;;;;;;;;;;
2019/10/16;0400 UTC;;;;;;;;;;;;;;;;;
2019/10/16;0500 UTC;;;;;;;;;;;;;;;;;
2019/10/16;0600 UTC;;;;;;;;;;;;;;;;;
2019/10/16;0700 UTC;;;;;;;;;;;;;;;;;
2019/10/16;0800 UTC;;;;;;;;;;;;;;;;;
2019/10/16;0900 UTC;;;;;;;;;;;;;;;;;
2019/10/16;1000 UTC;;;;;;;;;;;;;;;;;
2019/10/16;1100 UTC;;;;;;;;;;;;;;;;;
2019/10/16;1200 UTC;;;;;;;;;;;;;;;;;
2019/10/16;1300 UTC;;;;;;;;;;;;;;;;;
2019/10/16;1400 UTC;;;;;;;;;;;;;;;;;
2019/10/16;1500 UTC;;;;;;;;;;;;;;;;;
2019/10/16;1600 UTC;;;;;;;;;;;;;;;;;
2019/10/16;1700 UTC;;;;;;;;;;;;;;;;;
2019/10/16;1800 UTC;;;;;;;;;;;;;;;;;
2019/10/16;1900 UTC;;;;;;;;;;;;;;;;;
2019/10/16;2000 UTC;;;;;;;;;;;;;;;;;
2019/10/16;2100 UTC;;;;;;;;;;;;;;;;;
2019/10/16;2200 UTC;;;;;;;;;;;;;;;;;
2019/10/16;2300 UTC;;;;;;;;;;;;;;;;;
2019/10/17;0000 UTC;;;;;;;;;;;;;;;;;
2019/10/17;0100 UTC;;;;;;;;;;;;;;;;;
2019/10/17;0200 UTC;;;;;;;;;;;;;;;;;
2019/10/17;0300 UTC;;;;;;;;;;;;;;;;;
2019/10/17;0400 UTC;;;;;;;;;;;;;;;;;
2019/10/17;0500 UTC;;;;;;;;;;;;;;;;;
2019/10/17;0600 UTC;;;;;;;;;;;;;;;;;
2019/10/17;0700 UTC;;;;;;;;;;;;;;;;;
2019/10/17;0800 UTC;;;;;;;;;;;;;;;;;
2019/10/17;0900 UTC;;;;;;;;;;;;;;;;;
2019/10/17;1000 UTC;;;;;;;;;;;;;;;;;
2019/10/17;1100 UTC;;;;;;;;;;;;;;;;;
2019/10/17;1200 UTC;;;;;;;;;;;;;;;;;
2019/10/17;1300 UTC;;;;;;;;;;;;;;;;;
2019/10/17;1400 UTC;;;;;;;;;;;;;;;;;
2019/10/17;1500 UTC;;;;;;;;;;;;;;;;;
2019/10/17;1600 UTC;;;;;;;;;;;;;;;;;
2019/10/17;1700 UTC;;;;;;;;;;;;;;;;;
2019/10/17;1800 UTC;;;;;;;;;;;;;;;;;
2019/10/17;1900 UTC;;;;;;;;;;;;;;;;;
2019/10/17;2000 UTC;;;;;;;;;;;;;;;;;
2019/10/17;2100 UTC;;;;;;;;;;;;;;;;;
2019/10/17;2200 UTC;;;;;;;;;;;;;;;;;
2019/10/17;2300 UTC;;;;;;;;;;;;;;;;;
2019/10/18;0000 UTC;;;;;;;;;;;;;;;;;
2019/10/18;0100 UTC;;;;;;;;;;;;;;;;;
2019/10/18;0200 UTC;;;;;;;;;;;;;;;;;
2019/10/18;0300 UTC;;;;;;;;;;;;;;;;;
2019/10/18;0400 UTC;;;;;;;;;;;;;;;;;
2019/10/18;0500 UTC;;;;;;;;;;;;;;;;;
2019/10/18;0600 UTC;;;;;;;;;;;;;;;;;
2019/10/18;0700 UTC;;;;;;;;;;;;;;;;;
2019/10/18;0800 UTC;;;;;;;;;;;;;;;;;
2019/10/18;0900 UTC;;;;;;;;;;;;;;;;;
2019/10/18;1000 UTC;;;;;;;;;;;;;;;;;
2019/10/18;1100 UTC;;;;;;;;;;;;;;;;;
2019/10/18;1200 UTC;;;;;;;;;;;;;;;;;
2019/10/18;1300 UTC;;;;;;;;;;;;;;;;;
2019/10/18;1400 UTC;;;;;;;;;;;;;;;;;
2019/10/18;1500 UTC;;;;;;;;;;;;;;;;;
2019/10/18;1600 UTC;;;;;;;;;;;;;;;;;
2019/10/18;1700 UTC;;;;;;;;;;;;;;;;;
2019/10/18;1800 UTC;;;;;;;;;;;;;;;;;
2019/10/18;1900 UTC;;;;;;;;;;;;;;;;;
2019/10/18;2000 UTC;;;;;;;;;;;;;;;;;
2019/10/18;2100 UTC;;;;;;;;;;;;;;;;;
2019/10/18;2200 UTC;;;;;;;;;;;;;;;;;
2019/10/18;2300 UTC;;;;;;;;;;;;;;;;;
2019/10/19;0000 UTC;;;;;;;;;;;;;;;;;
2019/10/19;0100 UTC;;;;;;;;;;;;;;;;;
2019/10/19;0200 UTC;;;;;;;;;;;;;;;;;
2019/10/19;0300 UTC;;;;;;;;;;;;;;;;;
2019/10/19;0400 UTC;;;;;;;;;;;;;;;;;
2019/10/19;0500 UTC;;;;;;;;;;;;;;;;;
2019/10/19;0600 UTC;;;;;;;;;;;;;;;;;
2019/10/19;0700 UTC;;;;;;;;;;;;;;;;;
2019/10/19;0800 UTC;;;;;;;;;;;;;;;;;
2019/10/19;0900 UTC;;;;;;;;;;;;;;;;;
2019/10/19;1000 UTC;;;;;;;;;;;;;;;;;
2019/10/19;1100 UTC;;;;;;;;;;;;;;;;;
2019/10/19;1200 UTC;;;;;;;;;;;;;;;;;
2019/10/19;1300 UTC;;;;;;;;;;;;;;;;;
2019/10/19;1400 UTC;;;;;;;;;;;;;;;;;
2019/10/19;1500 UTC;;;;;;;;;;;;;;;;;
2019/10/19;1600 UTC;;;;;;;;;;;;;;;;;
2019/10/19;1700 UTC;;;;;;;;;;;;;;;;;
2019/10/19;1800 UTC;;;;;;;;;;;;;;;;;
2019/10/19;1900 UTC;;;;;;;;;;;;;;;;;
2019/10/19;2000 UTC;;;;;;;;;;;;;;;;;
2019/10/19;2100 UTC;;;;;;;;;;;;;;;;;
2019/10/19;2200 UTC;;;;;;;;;;;;;;;;;
2019/10/19;2300 UTC;;;;;;;;;;;;;;;;;
2019/10/20;0000 UTC;;;;;;;;;;;;;;;;;
2019/10/20;0100 UTC;;;;;;;;;;;;;;;;;
2019/10/20;0200 UTC;;;;;;;;;;;;;;;;;
2019/10/20;0300 UTC;;;;;;;;;;;;;;;;;
2019/10/20;0400 UTC;;;;;;;;;;;;;;;;;
2019/10/20;0500 UTC;;;;;;;;;;;;;;;;;
2019/10/20;0600 UTC;;;;;;;;;;;;;;;;;
2019/10/20;0700 UTC;;;;;;;;;;;;;;;;;
2019/10/20;0800 UTC;;;;;;;;;;;;;;;;;
2019/10/20;0900 UTC;;;;;;;;;;;;;;;;;
2019/10/20;1000 UTC;;;;;;;;;;;;;;;;;
2019/10/20;1100 UTC;;;;;;;;;;;;;;;;;
2019/10/20;1200 UTC;;;;;;;;;;;;;;;;;
2019/10/20;1300 UTC;;;;;;;;;;;;;;;;;
2019/10/20;1400 UTC;;;;;;;;;;;;;;;;;
2019/10/20;1500 UTC;;;;;;;;;;;;;;;;;
2019/10/20;1600 UTC;;;;;;;;;;;;;;;;;
2019/10/20;1700 UTC;;;;;;;;;;;;;;;;;
2019/10/20;1800 UTC;;;;;;;;;;;;;;;;;
2019/10/20;1900 UTC;;;;;;;;;;;;;;;;;
2019/10/20;2000 UTC;;;;;;;;;;;;;;;;;
2019/10/20;2100 UTC;;;;;;;;;;;;;;;;;
2019/10/20;2200 UTC;;;;;;;;;;;;;;;;;
2019/10/20;2300 UTC;;;;;;;;;;;;;;;;;
2019/10/21;0000 UTC;;;;;;;;;;;;;;;;;
2019/10/21;0100 UTC;;;;;;;;;;;;;;;;;
2019/10/21;0200 UTC;;;;;;;;;;;;;;;;;
2019/10/21;0300 UTC;;;;;;;;;;;;;;;;;
2019/10/21;0400 UTC;;;;;;;;;;;;;;;;;
2019/10/21;0500 UTC;;;;;;;;;;;;;;;;;
2019/10/21;0600 UTC;;;;;;;;;;;;;;;;;
2019/10/21;0700 UTC;;;;;;;;;;;;;;;;;
2019/10/21;0800 UTC;;;;;;;;;;;;;;;;;
2019/10/21;0900 UTC;;;;;;;;;;;;;;;;;
2019/10/21;1000 UTC;;;;;;;;;;;;;;;;;
2019/10/21;1100 UTC;;;;;;;;;;;;;;;;;
2019/10/21;1200 UTC;;;;;;;;;;;;;;;;;
2019/10/21;1300 UTC;;;;;;;;;;;;;;;;;
2019/10/21;1400 UTC;;;;;;;;;;;;;;;;;
2019/10/21;1500 UTC;;;;;;;;;;;;;;;;;
2019/10/21;1600 UTC;;;;;;;;;;;;;;;;;
2019/10/21;1700 UTC;;;;;;;;;;;;;;;;;
2019/10/21;1800 UTC;;;;;;;;;;;;;;;;;
2019/10/21;1900 UTC;;;;;;;;;;;;;;;;;
2019/10/21;2000 UTC;;;;;;;;;;;;;;;;;
2019/10/21;2100 UTC;;;;;;;;;;;;;;;;;
2019/10/21;2200 UTC;;;;;;;;;;;;;;;;;
2019/10/21;2300 UTC;;;;;;;;;;;;;;;;;
2019/10/22;0000 UTC;;;;;;;;;;;;;;;;;
2019/10/22;0100 UTC;;;;;;;;;;;;;;;;;
2019/10/22;0200 UTC;;;;;;;;;;;;;;;;;
2019/10/22;0300 UTC;;;;;;;;;;;;;;;;;
2019/10/22;0400 UTC;;;;;;;;;;;;;;;;;
2019/10/22;0500 UTC;;;;;;;;;;;;;;;;;
2019/10/22;0600 UTC;;;;;;;;;;;;;;;;;
2019/10/22;0700 UTC;;;;;;;;;;;;;;;;;
2019/10/22;0800 UTC;;;;;;;;;;;;;;;;;
2019/10/22;0900 UTC;;;;;;;;;;;;;;;;;
2019/10/22;1000 UTC;;;;;;;;;;;;;;;;;
2019/10/22;1100 UTC;;;;;;;;;;;;;;;;;
2019/10/22;1200 UTC;;;;;;;;;;;;;;;;;
2019/10/22;1300 UTC;;;;;;;;;;;;;;;;;
2019/10/22;1400 UTC;;;;;;;;;;;;;;;;;
2019/10/22;1500 UTC;;;;;;;;;;;;;;;;;
2019/10/22;1600 UTC;;;;;;;;;;;;;;;;;
2019/10/22;1700 UTC;;;;;;;;;;;;;;;;;
2019/10/22;1800 UTC;;;;;;;;;;;;;;;;;
2019/10/22;1900 UTC;;;;;;;;;;;;;;;;;
2019/10/22;2000 UTC;;;;;;;;;;;;;;;;;
2019/10/22;2100 UTC;;;;;;;;;;;;;;;;;
2019/10/22;2200 UTC;;;;;;;;;;;;;;;;;
2019/10/22;2300 UTC;;;;;;;;;;;;;;;;;
2019/10/23;0000 UTC;;;;;;;;;;;;;;;;;
2019/10/23;0100 UTC;;;;;;;;;;;;;;;;;
2019/10/23;0200 UTC;;;;;;;;;;;;;;;;;
2019/10/23;0300 UTC;;;;;;;;;;;;;;;;;
2019/10/23;0400 UTC;;;;;;;;;;;;;;;;;
2019/10/23;0500 UTC;;;;;;;;;;;;;;;;;
2019/10/23;0600 UTC;;;;;;;;;;;;;;;;;
2019/10/23;0700 UTC;;;;;;;;;;;;;;;;;
2019/10/23;0800 UTC;;;;;;;;;;;;;;;;;
2019/10/23;0900 UTC;;;;;;;;;;;;;;;;;
2019/10/23;1000 UTC;;;;;;;;;;;;;;;;;
2019/10/23;1100 UTC;;;;;;;;;;;;;;;;;
2019/10/23;1200 UTC;;;;;;;;;;;;;;;;;
2019/10/23;1300 UTC;;;;;;;;;;;;;;;;;
2019/10/23;1400 UTC;;;;;;;;;;;;;;;;;
2019/10/23;1500 UTC;;;;;;;;;;;;;;;;;
2019/10/23;1600 UTC;;;;;;;;;;;;;;;;;
2019/10/23;1700 UTC;;;;;;;;;;;;;;;;;
2019/10/23;1800 UTC;;;;;;;;;;;;;;;;;
2019/10/23;1900 UTC;;;;;;;;;;;;;;;;;
2019/10/23;2000 UTC;;;;;;;;;;;;;;;;;
2019/10/23;2100 UTC;;;;;;;;;;;;;;;;;
2019/10/23;2200 UTC;;;;;;;;;;;;;;;;;
2019/10/23;2300 UTC;;;;;;;;;;;;;;;;;
2019/10/24;0000 UTC;;;;;;;;;;;;;;;;;
2019/10/24;0100 UTC;;;;;;;;;;;;;;;;;
2019/10/24;0200 UTC;;;;;;;;;;;;;;;;;
2019/10/24;0300 UTC;;;;;;;;;;;;;;;;;
2019/10/24;0400 UTC;;;;;;;;;;;;;;;;;
2019/10/24;0500 UTC;;;;;;;;;;;;;;;;;
2019/10/24;0600 UTC;;;;;;;;;;;;;;;;;
2019/10/24;0700 UTC;;;;;;;;;;;;;;;;;
2019/10/24;0800 UTC;;;;;;;;;;;;;;;;;
2019/10/24;0900 UTC;;;;;;;;;;;;;;;;;
2019/10/24;1000 UTC;;;;;;;;;;;;;;;;;
2019/10/24;1100 UTC;;;;;;;;;;;;;;;;;
2019/10/24;1200 UTC;;;;;;;;;;;;;;;;;
2019/10/24;1300 UTC;;;;;;;;;;;;;;;;;
2019/10/24;1400 UTC;;;;;;;;;;;;;;;;;
2019/10/24;1500 UTC;;;;;;;;;;;;;;;;;
2019/10/24;1600 UTC;;;;;;;;;;;;;;;;;
2019/10/24;1700 UTC;;;;;;;;;;;;;;;;;
2019/10/24;1800 UTC;;;;;;;;;;;;;;;;;
2019/10/24;1900 UTC;;;;;;;;;;;;;;;;;
2019/10/24;2000 UTC;;;;;;;;;;;;;;;;;
2019/10/24;2100 UTC;;;;;;;;;;;;;;;;;
2019/10/24;2200 UTC;;;;;;;;;;;;;;;;;
2019/10/24;2300 UTC;;;;;;;;;;;;;;;;;
2019/10/25;0000 UTC;;;;;;;;;;;;;;;;;
2019/10/25;0100 UTC;;;;;;;;;;;;;;;;;
2019/10/25;0200 UTC;;;;;;;;;;;;;;;;;
2019/10/25;0300 UTC;;;;;;;;;;;;;;;;;
2019/10/25;0400 UTC;;;;;;;;;;;;;;;;;
2019/10/25;0500 UTC;;;;;;;;;;;;;;;;;
2019/10/25;0600 UTC;;;;;;;;;;;;;;;;;
2019/10/25;0700 UTC;;;;;;;;;;;;;;;;;
2019/10/25;0800 UTC;;;;;;;;;;;;;;;;;
2019/10/25;0900 UTC;;;;;;;;;;;;;;;;;
2019/10/25;1000 UTC;;;;;;;;;;;;;;;;;
2019/10/25;1100 UTC;;;;;;;;;;;;;;;;;
2019/10/25;1200 UTC;;;;;;;;;;;;;;;;;
2019/10/25;1300 UTC;;;;;;;;;;;;;;;;;
2019/10/25;1400 UTC;;;;;;;;;;;;;;;;;
2019/10/25;1500 UTC;;;;;;;;;;;;;;;;;
2019/10/25;1600 UTC;;;;;;;;;;;;;;;;;
2019/10/25;1700 UTC;;;;;;;;;;;;;;;;;
2019/10/25;1800 UTC;;;;;;;;;;;;;;;;;
2019/10/25;1900 UTC;;;;;;;;;;;;;;;;;
2019/10/25;2000 UTC;;;;;;;;;;;;;;;;;
2019/10/25;2100 UTC;;;;;;;;;;;;;;;;;
2019/10/25;2200 UTC;;;;;;;;;;;;;;;;;
2019/10/25;2300 UTC;;;;;;;;;;;;;;;;;
2019/10/26;0000 UTC;;;;;;;;;;;;;;;;;
2019/10/26;0100 UTC;;;;;;;;;;;;;;;;;
2019/10/26;0200 UTC;;;;;;;;;;;;;;;;;
2019/10/26;0300 UTC;;;;;;;;;;;;;;;;;
2019/10/26;0400 UTC;;;;;;;;;;;;;;;;;
2019/10/26;0500 UTC;;;;;;;;;;;;;;;;;
2019/10/26;0600 UTC;;;;;;;;;;;;;;;;;
2019/10/26;0700 UTC;;;;;;;;;;;;;;;;;
2019/10/26;0800 UTC;;;;;;;;;;;;;;;;;
2019/10/26;0900 UTC;;;;;;;;;;;;;;;;;
2019/10/26;1000 UTC;;;;;;;;;;;;;;;;;
2019/10/26;1100 UTC;;;;;;;;;;;;;;;;;
2019/10/26;1200 UTC;;;;;;;;;;;;;;;;;
2019/10/26;1300 UTC;;;;;;;;;;;;;;;;;
2019/10/26;1400 UTC;;;;;;;;;;;;;;;;;
2019/10/26;1500 UTC;;;;;;;;;;;;;;;;;
2019/10/26;1600 UTC;;;;;;;;;;;;;;;;;
2019/10/26;1700 UTC;;;;;;;;;;;;;;;;;
2019/10/26;1800 UTC;;;;;;;;;;;;;;;;;
2019/10/26;1900 UTC;;;;;;;;;;;;;;;;;
2019/10/26;2000 UTC;;;;;;;;;;;;;;;;;
2019/10/26;2100 UTC;;;;;;;;;;;;;;;;;
2019/10/26;2200 UTC;;;;;;;;;;;;;;;;;
2019/10/26;2300 UTC;;;;;;;;;;;;;;;;;
2019/10/27;0000 UTC;;;;;;;;;;;;;;;;;
2019/10/27;0100 UTC;;;;;;;;;;;;;;;;;
2019/10/27;0200 UTC;;;;;;;;;;;;;;;;;
2019/10/27;0300 UTC;;;;;;;;;;;;;;;;;
2019/10/27;0400 UTC;;;;;;;;;;;;;;;;;
2019/10/27;0500 UTC;;;;;;;;;;;;;;;;;
2019/10/27;0600 UTC;;;;;;;;;;;;;;;;;
2019/10/27;0700 UTC;;;;;;;;;;;;;;;;;
2019/10/27;0800 UTC;;;;;;;;;;;;;;;;;
2019/10/27;0900 UTC;;;;;;;;;;;;;;;;;
2019/10/27;1000 UTC;;;;;;;;;;;;;;;;;
2019/10/27;1100 UTC;;;;;;;;;;;;;;;;;
2019/10/27;1200 UTC;;;;;;;;;;;;;;;;;
2019/10/27;1300 UTC;;;;;;;;;;;;;;;;;
2019/10/27;1400 UTC;;;;;;;;;;;;;;;;;
2019/10/27;1500 UTC;;;;;;;;;;;;;;;;;
2019/10/27;1600 UTC;;;;;;;;;;;;;;;;;
2019/10/27;1700 UTC;;;;;;;;;;;;;;;;;
2019/10/27;1800 UTC;;;;;;;;;;;;;;;;;
2019/10/27;1900 UTC;;;;;;;;;;;;;;;;;
2019/10/27;2000 UTC;;;;;;;;;;;;;;;;;
2019/10/27;2100 UTC;;;;;;;;;;;;;;;;;
2019/10/27;2200 UTC;;;;;;;;;;;;;;;;;
2019/10/27;2300 UTC;;;;;;;;;;;;;;;;;
2019/10/28;0000 UTC;;;;;;;;;;;;;;;;;
2019/10/28;0100 UTC;;;;;;;;;;;;;;;;;
2019/10/28;0200 UTC;;;;;;;;;;;;;;;;;
2019/10/28;0300 UTC;;;;;;;;;;;;;;;;;
2019/10/28;0400 UTC;;;;;;;;;;;;;;;;;
2019/10/28;0500 UTC;;;;;;;;;;;;;;;;;
2019/10/28;0600 UTC;;;;;;;;;;;;;;;;;
2019/10/28;0700 UTC;;;;;;;;;;;;;;;;;
2019/10/28;0800 UTC;;;;;;;;;;;;;;;;;
2019/10/28;0900 UTC;;;;;;;;;;;;;;;;;
2019/10/28;1000 UTC;;;;;;;;;;;;;;;;;
2019/10/28;1100 UTC;;;;;;;;;;;;;;;;;
2019/10/28;1200 UTC;;;;;;;;;;;;;;;;;
2019/10/28;1300 UTC;;;;;;;;;;;;;;;;;
2019/10/28;1400 UTC;;;;;;;;;;;;;;;;;
2019/10/28;1500 UTC;;;;;;;;;;;;;;;;;
2019/10/28;1600 UTC;;;;;;;;;;;;;;;;;
2019/10/28;1700 UTC;;;;;;;;;;;;;;;;;
2019/10/28;1800 UTC;;;;;;;;;;;;;;;;;
2019/10/28;1900 UTC;;;;;;;;;;;;;;;;;
2019/10/28;2000 UTC;;;;;;;;;;;;;;;;;
2019/10/28;2100 UTC;;;;;;;;;;;;;;;;;
2019/10/28;2200 UTC;;;;;;;;;;;;;;;;;
2019/10/28;2300 UTC;;;;;;;;;;;;;;;;;
2019/10/29;0000 UTC;;;;;;;;;;;;;;;;;
2019/10/29;0100 UTC;;;;;;;;;;;;;;;;;
2019/10/29;0200 UTC;;;;;;;;;;;;;;;;;
2019/10/29;0300 UTC;;;;;;;;;;;;;;;;;
2019/10/29;0400 UTC;;;;;;;;;;;;;;;;;
2019/10/29;0500 UTC;;;;;;;;;;;;;;;;;
2019/10/29;0600 UTC;;;;;;;;;;;;;;;;;
2019/10/29;0700 UTC;;;;;;;;;;;;;;;;;
2019/10/29;0800 UTC;;;;;;;;;;;;;;;;;
2019/10/29;0900 UTC;;;;;;;;;;;;;;;;;
2019/10/29;1000 UTC;;;;;;;;;;;;;;;;;
2019/10/29;1100 UTC;;;;;;;;;;;;;;;;;
2019/10/29;1200 UTC;;;;;;;;;;;;;;;;;
2019/10/29;1300 UTC;;;;;;;;;;;;;;;;;
2019/10/29;1400 UTC;;;;;;;;;;;;;;;;;
2019/10/29;1500 UTC;;;;;;;;;;;;;;;;;
2019/10/29;1600 UTC;;;;;;;;;;;;;;;;;
2019/10/29;1700 UTC;;;;;;;;;;;;;;;;;
2019/10/29;1800 UTC;;;;;;;;;;;;;;;;;
2019/10/29;1900 UTC;;;;;;;;;;;;;;;;;
2019/10/29;2000 UTC;;;;;;;;;;;;;;;;;
2019/10/29;2100 UTC;;;;;;;;;;;;;;;;;
2019/10/29;2200 UTC;;;;;;;;;;;;;;;;;
2019/10/29;2300 UTC;;;;;;;;;;;;;;;;;
2019/10/30;0000 UTC;;;;;;;;;;;;;;;;;
2019/10/30;0100 UTC;;;;;;;;;;;;;;;;;
2019/10/30;0200 UTC;;;;;;;;;;;;;;;;;
2019/10/30;0300 UTC;;;;;;;;;;;;;;;;;
2019/10/30;0400 UTC;;;;;;;;;;;;;;;;;
2019/10/30;0500 UTC;;;;;;;;;;;;;;;;;
2019/10/30;0600 UTC;;;;;;;;;;;;;;;;;
2019/10/30;0700 UTC;;;;;;;;;;;;;;;;;
2019/10/30;0800 UTC;;;;;;;;;;;;;;;;;
2019/10/30;0900 UTC;;;;;;;;;;;;;;;;;
2019/10/30;1000 UTC;;;;;;;;;;;;;;;;;
2019/10/30;1100 UTC;;;;;;;;;;;;;;;;;
2019/10/30;1200 UTC;;;;;;;;;;;;;;;;;
2019/10/30;1300 UTC;;;;;;;;;;;;;;;;;
2019/10/30;1400 UTC;;;;;;;;;;;;;;;;;
2019/10/30;1500 UTC;;;;;;;;;;;;;;;;;
2019/10/30;1600 UTC;;;;;;;;;;;;;;;;;
2019/10/30;1700 UTC;;;;;;;;;;;;;;;;;
2019/10/30;1800 UTC;;;;;;;;;;;;;;;;;
2019/10/30;1900 UTC;;;;;;;;;;;;;;;;;
2019/10/30;2000 UTC;;;;;;;;;;;;;;;;;
2019/10/30;2100 UTC;;;;;;;;;;;;;;;;;
2019/10/30;2200 UTC;;;;;;;;;;;;;;;;;
2019/10/30;2300 UTC;;;;;;;;;;;;;;;;;
2019/10/31;0000 UTC;;;;;;;;;;;;;;;;;
2019/10/31;0100 UTC;;;;;;;;;;;;;;;;;
2019/10/31;0200 UTC;;;;;;;;;;;;;;;;;
2019/10/31;0300 UTC;;;;;;;;;;;;;;;;;
2019/10/31;0400 UTC;;;;;;;;;;;;;;;;;
2019/10/31;0500 UTC;;;;;;;;;;;;;;;;;
2019/10/31;0600 UTC;;;;;;;;;;;;;;;;;
2019/10/31;0700 UTC;;;;;;;;;;;;;;;;;
2019/10/31;0800 UTC;;;;;;;;;;;;;;;;;
2019/10/31;0900 UTC;;;;;;;;;;;;;;;;;
2019/10/31;1000 UTC;;;;;;;;;;;;;;;;;
2019/10/31;1100 UTC;;;;;;;;;;;;;;;;;
2019/10/31;1200 UTC;;;;;;;;;;;;;;;;;
2019/10/31;1300 UTC;;;;;;;;;;;;;;;;;
2019/10/31;1400 UTC;;;;;;;;;;;;;;;;;
2019/10/31;1500 UTC;;;;;;;;;;;;;;;;;
2019/10/31;1600 UTC;;;;;;;;;;;;;;;;;
2019/10/31;1700 UTC;;;;;;;;;;;;;;;;;
2019/10/31;1800 UTC;;;;;;;;;;;;;;;;;
2019/10/31;1900 UTC;;;;;;;;;;;;;;;;;
2019/10/31;2000 UTC;;;;;;;;;;;;;;;;;
2019/10/31;2100 UTC;;;;;;;;;;;;;;;;;
2019/10/31;2200 UTC;;;;;;;;;;;;;;;;;
2019/10/31;2300 UTC;;;;;;;;;;;;;;;;;
2019/11/01;0000 UTC;;;;;;;;;;;;;;;;;
2019/11/01;0100 UTC;;;;;;;;;;;;;;;;;
2019/11/01;0200 UTC;;;;;;;;;;;;;;;;;
2019/11/01;0300 UTC;;;;;;;;;;;;;;;;;
2019/11/01;0400 UTC;;;;;;;;;;;;;;;;;
2019/11/01;0500 UTC;;;;;;;;;;;;;;;;;
2019/11/01;0600 UTC;;;;;;;;;;;;;;;;;
2019/11/01;0700 UTC;;;;;;;;;;;;;;;;;
2019/11/01;0800 UTC;;;;;;;;;;;;;;;;;
2019/11/01;0900 UTC;;;;;;;;;;;;;;;;;
2019/11/01;1000 UTC;;;;;;;;;;;;;;;;;
2019/11/01;1100 UTC;;;;;;;;;;;;;;;;;
2019/11/01;1200 UTC;;;;;;;;;;;;;;;;;
2019/11/01;1300 UTC;;;;;;;;;;;;;;;;;
2019/11/01;1400 UTC;;;;;;;;;;;;;;;;;
2019/11/01;1500 UTC;;;;;;;;;;;;;;;;;
2019/11/01;1600 UTC;;;;;;;;;;;;;;;;;
2019/11/01;1700 UTC;;;;;;;;;;;;;;;;;
2019/11/01;1800 UTC;;;;;;;;;;;;;;;;;
2019/11/01;1900 UTC;;;;;;;;;;;;;;;;;
2019/11/01;2000 UTC;;;;;;;;;;;;;;;;;
2019/11/01;2100 UTC;;;;;;;;;;;;;;;;;
2019/11/01;2200 UTC;;;;;;;;;;;;;;;;;
2019/11/01;2300 UTC;;;;;;;;;;;;;;;;;
2019/11/02;0000 UTC;;;;;;;;;;;;;;;;;
2019/11/02;0100 UTC;;;;;;;;;;;;;;;;;
2019/11/02;0200 UTC;;;;;;;;;;;;;;;;;
2019/11/02;0300 UTC;;;;;;;;;;;;;;;;;
2019/11/02;0400 UTC;;;;;;;;;;;;;;;;;
2019/11/02;0500 UTC;;;;;;;;;;;;;;;;;
2019/11/02;0600 UTC;;;;;;;;;;;;;;;;;
2019/11/02;0700 UTC;;;;;;;;;;;;;;;;;
2019/11/02;0800 UTC;;;;;;;;;;;;;;;;;
2019/11/02;0900 UTC;;;;;;;;;;;;;;;;;
2019/11/02;1000 UTC;;;;;;;;;;;;;;;;;
2019/11/02;1100 UTC;;;;;;;;;;;;;;;;;
2019/11/02;1200 UTC;;;;;;;;;;;;;;;;;
2019/11/02;1300 UTC;;;;;;;;;;;;;;;;;
2019/11/02;1400 UTC;;;;;;;;;;;;;;;;;
2019/11/02;1500 UTC;;;;;;;;;;;;;;;;;
2019/11/02;1600 UTC;;;;;;;;;;;;;;;;;
2019/11/02;1700 UTC;;;;;;;;;;;;;;;;;
2019/11/02;1800 UTC;;;;;;;;;;;;;;;;;
2019/11/02;1900 UTC;;;;;;;;;;;;;;;;;
2019/11/02;2000 UTC;;;;;;;;;;;;;;;;;
2019/11/02;2100 UTC;;;;;;;;;;;;;;;;;
2019/11/02;2200 UTC;;;;;;;;;;;;;;;;;
2019/11/02;2300 UTC;;;;;;;;;;;;;;;;;
2019/11/03;0000 UTC;;;;;;;;;;;;;;;;;
2019/11/03;0100 UTC;;;;;;;;;;;;;;;;;
2019/11/03;0200 UTC;;;;;;;;;;;;;;;;;
2019/11/03;0300 UTC;;;;;;;;;;;;;;;;;
2019/11/03;0400 UTC;;;;;;;;;;;;;;;;;
2019/11/03;0500 UTC;;;;;;;;;;;;;;;;;
2019/11/03;0600 UTC;;;;;;;;;;;;;;;;;
2019/11/03;0700 UTC;;;;;;;;;;;;;;;;;
2019/11/03;0800 UTC;;;;;;;;;;;;;;;;;
2019/11/03;0900 UTC;;;;;;;;;;;;;;;;;
2019/11/03;1000 UTC;;;;;;;;;;;;;;;;;
2019/11/03;1100 UTC;;;;;;;;;;;;;;;;;
2019/11/03;1200 UTC;;;;;;;;;;;;;;;;;
2019/11/03;1300 UTC;;;;;;;;;;;;;;;;;
2019/11/03;1400 UTC;;;;;;;;;;;;;;;;;
2019/11/03;1500 UTC;;;;;;;;;;;;;;;;;
2019/11/03;1600 UTC;;;;;;;;;;;;;;;;;
2019/11/03;1700 UTC;;;;;;;;;;;;;;;;;
2019/11/03;1800 UTC;;;;;;;;;;;;;;;;;
2019/11/03;1900 UTC;;;;;;;;;;;;;;;;;
2019/11/03;2000 UTC;;;;;;;;;;;;;;;;;
2019/11/03;2100 UTC;;;;;;;;;;;;;;;;;
2019/11/03;2200 UTC;;;;;;;;;;;;;;;;;
2019/11/03;2300 UTC;;;;;;;;;;;;;;;;;
2019/11/04;0000 UTC;;;;;;;;;;;;;;;;;
2019/11/04;0100 UTC;;;;;;;;;;;;;;;;;
2019/11/04;0200 UTC;;;;;;;;;;;;;;;;;
2019/11/04;0300 UTC;;;;;;;;;;;;;;;;;
2019/11/04;0400 UTC;;;;;;;;;;;;;;;;;
2019/11/04;0500 UTC;;;;;;;;;;;;;;;;;
2019/11/04;0600 UTC;;;;;;;;;;;;;;;;;
2019/11/04;0700 UTC;;;;;;;;;;;;;;;;;
2019/11/04;0800 UTC;;;;;;;;;;;;;;;;;
2019/11/04;0900 UTC;;;;;;;;;;;;;;;;;
2019/11/04;1000 UTC;;;;;;;;;;;;;;;;;
2019/11/04;1100 UTC;;;;;;;;;;;;;;;;;
2019/11/04;1200 UTC;;;;;;;;;;;;;;;;;
2019/11/04;1300 UTC;;;;;;;;;;;;;;;;;
2019/11/04;1400 UTC;;;;;;;;;;;;;;;;;
2019/11/04;1500 UTC;;;;;;;;;;;;;;;;;
2019/11/04;1600 UTC;;;;;;;;;;;;;;;;;
2019/11/04;1700 UTC;;;;;;;;;;;;;;;;;
2019/11/04;1800 UTC;;;;;;;;;;;;;;;;;
2019/11/04;1900 UTC;;;;;;;;;;;;;;;;;
2019/11/04;2000 UTC;;;;;;;;;;;;;;;;;
2019/11/04;2100 UTC;;;;;;;;;;;;;;;;;
2019/11/04;2200 UTC;;;;;;;;;;;;;;;;;
2019/11/04;2300 UTC;;;;;;;;;;;;;;;;;
2019/11/05;0000 UTC;;;;;;;;;;;;;;;;;
2019/11/05;0100 UTC;;;;;;;;;;;;;;;;;
2019/11/05;0200 UTC;;;;;;;;;;;;;;;;;
2019/11/05;0300 UTC;;;;;;;;;;;;;;;;;
2019/11/05;0400 UTC;;;;;;;;;;;;;;;;;
2019/11/05;0500 UTC;;;;;;;;;;;;;;;;;
2019/11/05;0600 UTC;;;;;;;;;;;;;;;;;
2019/11/05;0700 UTC;;;;;;;;;;;;;;;;;
2019/11/05;0800 UTC;;;;;;;;;;;;;;;;;
2019/11/05;0900 UTC;;;;;;;;;;;;;;;;;
2019/11/05;1000 UTC;;;;;;;;;;;;;;;;;
2019/11/05;1100 UTC;;;;;;;;;;;;;;;;;
2019/11/05;1200 UTC;;;;;;;;;;;;;;;;;
2019/11/05;1300 UTC;;;;;;;;;;;;;;;;;
2019/11/05;1400 UTC;;;;;;;;;;;;;;;;;
2019/11/05;1500 UTC;;;;;;;;;;;;;;;;;
2019/11/05;1600 UTC;;;;;;;;;;;;;;;;;
2019/11/05;1700 UTC;;;;;;;;;;;;;;;;;
2019/11/05;1800 UTC;;;;;;;;;;;;;;;;;
2019/11/05;1900 UTC;;;;;;;;;;;;;;;;;
2019/11/05;2000 UTC;;;;;;;;;;;;;;;;;
2019/11/05;2100 UTC;;;;;;;;;;;;;;;;;
2019/11/05;2200 UTC;;;;;;;;;;;;;;;;;
2019/11/05;2300 UTC;;;;;;;;;;;;;;;;;
2019/11/06;0000 UTC;;;;;;;;;;;;;;;;;
2019/11/06;0100 UTC;;;;;;;;;;;;;;;;;
2019/11/06;0200 UTC;;;;;;;;;;;;;;;;;
2019/11/06;0300 UTC;;;;;;;;;;;;;;;;;
2019/11/06;0400 UTC;;;;;;;;;;;;;;;;;
2019/11/06;0500 UTC;;;;;;;;;;;;;;;;;
2019/11/06;0600 UTC;;;;;;;;;;;;;;;;;
2019/11/06;0700 UTC;;;;;;;;;;;;;;;;;
2019/11/06;0800 UTC;;;;;;;;;;;;;;;;;
2019/11/06;0900 UTC;;;;;;;;;;;;;;;;;
2019/11/06;1000 UTC;;;;;;;;;;;;;;;;;
2019/11/06;1100 UTC;;;;;;;;;;;;;;;;;
2019/11/06;1200 UTC;;;;;;;;;;;;;;;;;
2019/11/06;1300 UTC;;;;;;;;;;;;;;;;;
2019/11/06;1400 UTC;;;;;;;;;;;;;;;;;
2019/11/06;1500 UTC;;;;;;;;;;;;;;;;;
2019/11/06;1600 UTC;;;;;;;;;;;;;;;;;
2019/11/06;1700 UTC;;;;;;;;;;;;;;;;;
2019/11/06;1800 UTC;;;;;;;;;;;;;;;;;
2019/11/06;1900 UTC;;;;;;;;;;;;;;;;;
2019/11/06;2000 UTC;;;;;;;;;;;;;;;;;
2019/11/06;2100 UTC;;;;;;;;;;;;;;;;;
2019/11/06;2200 UTC;;;;;;;;;;;;;;;;;
2019/11/06;2300 UTC;;;;;;;;;;;;;;;;;
2019/11/07;0000 UTC;;;;;;;;;;;;;;;;;
2019/11/07;0100 UTC;;;;;;;;;;;;;;;;;
2019/11/07;0200 UTC;;;;;;;;;;;;;;;;;
2019/11/07;0300 UTC;;;;;;;;;;;;;;;;;
2019/11/07;0400 UTC;;;;;;;;;;;;;;;;;
2019/11/07;0500 UTC;;;;;;;;;;;;;;;;;
2019/11/07;0600 UTC;;;;;;;;;;;;;;;;;
2019/11/07;0700 UTC;;;;;;;;;;;;;;;;;
2019/11/07;0800 UTC;;;;;;;;;;;;;;;;;
2019/11/07;0900 UTC;;;;;;;;;;;;;;;;;
2019/11/07;1000 UTC;;;;;;;;;;;;;;;;;
2019/11/07;1100 UTC;;;;;;;;;;;;;;;;;
2019/11/07;1200 UTC;;;;;;;;;;;;;;;;;
2019/11/07;1300 UTC;;;;;;;;;;;;;;;;;
2019/11/07;1400 UTC;;;;;;;;;;;;;;;;;
2019/11/07;1500 UTC;;;;;;;;;;;;;;;;;
2019/11/07;1600 UTC;;;;;;;;;;;;;;;;;
2019/11/07;1700 UTC;;;;;;;;;;;;;;;;;
2019/11/07;1800 UTC;;;;;;;;;;;;;;;;;
2019/11/07;1900 UTC;;;;;;;;;;;;;;;;;
2019/11/07;2000 UTC;;;;;;;;;;;;;;;;;
2019/11/07;2100 UTC;;;;;;;;;;;;;;;;;
2019/11/07;2200 UTC;;;;;;;;;;;;;;;;;
2019/11/07;2300 UTC;;;;;;;;;;;;;;;;;
2019/11/08;0000 UTC;;;;;;;;;;;;;;;;;
2019/11/08;0100 UTC;;;;;;;;;;;;;;;;;
2019/11/08;0200 UTC;;;;;;;;;;;;;;;;;
2019/11/08;0300 UTC;;;;;;;;;;;;;;;;;
2019/11/08;0400 UTC;;;;;;;;;;;;;;;;;
2019/11/08;0500 UTC;;;;;;;;;;;;;;;;;
2019/11/08;0600 UTC;;;;;;;;;;;;;;;;;
2019/11/08;0700 UTC;;;;;;;;;;;;;;;;;
2019/11/08;0800 UTC;;;;;;;;;;;;;;;;;
2019/11/08;0900 UTC;;;;;;;;;;;;;;;;;
2019/11/08;1000 UTC;;;;;;;;;;;;;;;;;
2019/11/08;1100 UTC;;;;;;;;;;;;;;;;;
2019/11/08;1200 UTC;;;;;;;;;;;;;;;;;
2019/11/08;1300 UTC;;;;;;;;;;;;;;;;;
2019/11/08;1400 UTC;;;;;;;;;;;;;;;;;
2019/11/08;1500 UTC;;;;;;;;;;;;;;;;;
2019/11/08;1600 UTC;;;;;;;;;;;;;;;;;
2019/11/08;1700 UTC;;;;;;;;;;;;;;;;;
2019/11/08;1800 UTC;;;;;;;;;;;;;;;;;
2019/11/08;1900 UTC;;;;;;;;;;;;;;;;;
2019/11/08;2000 UTC;;;;;;;;;;;;;;;;;
2019/11/08;2100 UTC;;;;;;;;;;;;;;;;;
2019/11/08;2200 UTC;;;;;;;;;;;;;;;;;
2019/11/08;2300 UTC;;;;;;;;;;;;;;;;;
2019/11/09;0000 UTC;;;;;;;;;;;;;;;;;
2019/11/09;0100 UTC;;;;;;;;;;;;;;;;;
2019/11/09;0200 UTC;;;;;;;;;;;;;;;;;
2019/11/09;0300 UTC;;;;;;;;;;;;;;;;;
2019/11/09;0400 UTC;;;;;;;;;;;;;;;;;
2019/11/09;0500 UTC;;;;;;;;;;;;;;;;;
2019/11/09;0600 UTC;;;;;;;;;;;;;;;;;
2019/11/09;0700 UTC;;;;;;;;;;;;;;;;;
2019/11/09;0800 UTC;;;;;;;;;;;;;;;;;
2019/11/09;0900 UTC;;;;;;;;;;;;;;;;;
2019/11/09;1000 UTC;;;;;;;;;;;;;;;;;
2019/11/09;1100 UTC;;;;;;;;;;;;;;;;;
2019/11/09;1200 UTC;;;;;;;;;;;;;;;;;
2019/11/09;1300 UTC;;;;;;;;;;;;;;;;;
2019/11/09;1400 UTC;;;;;;;;;;;;;;;;;
2019/11/09;1500 UTC;;;;;;;;;;;;;;;;;
2019/11/09;1600 UTC;;;;;;;;;;;;;;;;;
2019/11/09;1700 UTC;;;;;;;;;;;;;;;;;
2019/11/09;1800 UTC;;;;;;;;;;;;;;;;;
2019/11/09;1900 UTC;;;;;;;;;;;;;;;;;
2019/11/09;2000 UTC;;;;;;;;;;;;;;;;;
2019/11/09;2100 UTC;;;;;;;;;;;;;;;;;
2019/11/09;2200 UTC;;;;;;;;;;;;;;;;;
2019/11/09;2300 UTC;;;;;;;;;;;;;;;;;
2019/11/10;0000 UTC;;;;;;;;;;;;;;;;;
2019/11/10;0100 UTC;;;;;;;;;;;;;;;;;
2019/11/10;0200 UTC;;;;;;;;;;;;;;;;;
2019/11/10;0300 UTC;;;;;;;;;;;;;;;;;
2019/11/10;0400 UTC;;;;;;;;;;;;;;;;;
2019/11/10;0500 UTC;;;;;;;;;;;;;;;;;
2019/11/10;0600 UTC;;;;;;;;;;;;;;;;;
2019/11/10;0700 UTC;;;;;;;;;;;;;;;;;
2019/11/10;0800 UTC;;;;;;;;;;;;;;;;;
2019/11/10;0900 UTC;;;;;;;;;;;;;;;;;
2019/11/10;1000 UTC;;;;;;;;;;;;;;;;;
2019/11/10;1100 UTC;;;;;;;;;;;;;;;;;
2019/11/10;1200 UTC;;;;;;;;;;;;;;;;;
2019/11/10;1300 UTC;;;;;;;;;;;;;;;;;
2019/11/10;1400 UTC;;;;;;;;;;;;;;;;;
2019/11/10;1500 UTC;;;;;;;;;;;;;;;;;
2019/11/10;1600 UTC;;;;;;;;;;;;;;;;;
2019/11/10;1700 UTC;;;;;;;;;;;;;;;;;
2019/11/10;1800 UTC;;;;;;;;;;;;;;;;;
2019/11/10;1900 UTC;;;;;;;;;;;;;;;;;
2019/11/10;2000 UTC;;;;;;;;;;;;;;;;;
2019/11/10;2100 UTC;;;;;;;;;;;;;;;;;
2019/11/10;2200 UTC;;;;;;;;;;;;;;;;;
2019/11/10;2300 UTC;;;;;;;;;;;;;;;;;
2019/11/11;0000 UTC;;;;;;;;;;;;;;;;;
2019/11/11;0100 UTC;;;;;;;;;;;;;;;;;
2019/11/11;0200 UTC;;;;;;;;;;;;;;;;;
2019/11/11;0300 UTC;;;;;;;;;;;;;;;;;
2019/11/11;0400 UTC;;;;;;;;;;;;;;;;;
2019/11/11;0500 UTC;;;;;;;;;;;;;;;;;
2019/11/11;0600 UTC;;;;;;;;;;;;;;;;;
2019/11/11;0700 UTC;;;;;;;;;;;;;;;;;
2019/11/11;0800 UTC;;;;;;;;;;;;;;;;;
2019/11/11;0900 UTC;;;;;;;;;;;;;;;;;
2019/11/11;1000 UTC;;;;;;;;;;;;;;;;;
2019/11/11;1100 UTC;;;;;;;;;;;;;;;;;
2019/11/11;1200 UTC;;;;;;;;;;;;;;;;;
2019/11/11;1300 UTC;;;;;;;;;;;;;;;;;
2019/11/11;1400 UTC;;;;;;;;;;;;;;;;;
2019/11/11;1500 UTC;;;;;;;;;;;;;;;;;
2019/11/11;1600 UTC;;;;;;;;;;;;;;;;;
2019/11/11;1700 UTC;;;;;;;;;;;;;;;;;
2019/11/11;1800 UTC;;;;;;;;;;;;;;;;;
2019/11/11;1900 UTC;;;;;;;;;;;;;;;;;
2019/11/11;2000 UTC;;;;;;;;;;;;;;;;;
2019/11/11;2100 UTC;;;;;;;;;;;;;;;;;
2019/11/11;2200 UTC;;;;;;;;;;;;;;;;;
2019/11/11;2300 UTC;;;;;;;;;;;;;;;;;
2019/11/12;0000 UTC;;;;;;;;;;;;;;;;;
2019/11/12;0100 UTC;;;;;;;;;;;;;;;;;
2019/11/12;0200 UTC;;;;;;;;;;;;;;;;;
2019/11/12;0300 UTC;;;;;;;;;;;;;;;;;
2019/11/12;0400 UTC;;;;;;;;;;;;;;;;;
2019/11/12;0500 UTC;;;;;;;;;;;;;;;;;
2019/11/12;0600 UTC;;;;;;;;;;;;;;;;;
2019/11/12;0700 UTC;;;;;;;;;;;;;;;;;
2019/11/12;0800 UTC;;;;;;;;;;;;;;;;;
2019/11/12;0900 UTC;;;;;;;;;;;;;;;;;
2019/11/12;1000 UTC;;;;;;;;;;;;;;;;;
2019/11/12;1100 UTC;;;;;;;;;;;;;;;;;
2019/11/12;1200 UTC;;;;;;;;;;;;;;;;;
2019/11/12;1300 UTC;;;;;;;;;;;;;;;;;
2019/11/12;1400 UTC;;;;;;;;;;;;;;;;;
2019/11/12;1500 UTC;;;;;;;;;;;;;;;;;
2019/11/12;1600 UTC;;;;;;;;;;;;;;;;;
2019/11/12;1700 UTC;;;;;;;;;;;;;;;;;
2019/11/12;1800 UTC;;;;;;;;;;;;;;;;;
2019/11/12;1900 UTC;;;;;;;;;;;;;;;;;
2019/11/12;2000 UTC;;;;;;;;;;;;;;;;;
2019/11/12;2100 UTC;;;;;;;;;;;;;;;;;
2019/11/12;2200 UTC;;;;;;;;;;;;;;;;;
2019/11/12;2300 UTC;;;;;;;;;;;;;;;;;
2019/11/13;0000 UTC;;;;;;;;;;;;;;;;;
2019/11/13;0100 UTC;;;;;;;;;;;;;;;;;
2019/11/13;0200 UTC;;;;;;;;;;;;;;;;;
2019/11/13;0300 UTC;;;;;;;;;;;;;;;;;
2019/11/13;0400 UTC;;;;;;;;;;;;;;;;;
2019/11/13;0500 UTC;;;;;;;;;;;;;;;;;
2019/11/13;0600 UTC;;;;;;;;;;;;;;;;;
2019/11/13;0700 UTC;;;;;;;;;;;;;;;;;
2019/11/13;0800 UTC;;;;;;;;;;;;;;;;;
2019/11/13;0900 UTC;;;;;;;;;;;;;;;;;
2019/11/13;1000 UTC;;;;;;;;;;;;;;;;;
2019/11/13;1100 UTC;;;;;;;;;;;;;;;;;
2019/11/13;1200 UTC;;;;;;;;;;;;;;;;;
2019/11/13;1300 UTC;;;;;;;;;;;;;;;;;
2019/11/13;1400 UTC;;;;;;;;;;;;;;;;;
2019/11/13;1500 UTC;;;;;;;;;;;;;;;;;
2019/11/13;1600 UTC;;;;;;;;;;;;;;;;;
2019/11/13;1700 UTC;;;;;;;;;;;;;;;;;
2019/11/13;1800 UTC;;;;;;;;;;;;;;;;;
2019/11/13;1900 UTC;;;;;;;;;;;;;;;;;
2019/11/13;2000 UTC;;;;;;;;;;;;;;;;;
2019/11/13;2100 UTC;;;;;;;;;;;;;;;;;
2019/11/13;2200 UTC;;;;;;;;;;;;;;;;;
2019/11/13;2300 UTC;;;;;;;;;;;;;;;;;
2019/11/14;0000 UTC;;;;;;;;;;;;;;;;;
2019/11/14;0100 UTC;;;;;;;;;;;;;;;;;
2019/11/14;0200 UTC;;;;;;;;;;;;;;;;;
2019/11/14;0300 UTC;;;;;;;;;;;;;;;;;
2019/11/14;0400 UTC;;;;;;;;;;;;;;;;;
2019/11/14;0500 UTC;;;;;;;;;;;;;;;;;
2019/11/14;0600 UTC;;;;;;;;;;;;;;;;;
2019/11/14;0700 UTC;;;;;;;;;;;;;;;;;
2019/11/14;0800 UTC;;;;;;;;;;;;;;;;;
2019/11/14;0900 UTC;;;;;;;;;;;;;;;;;
2019/11/14;1000 UTC;;;;;;;;;;;;;;;;;
2019/11/14;1100 UTC;;;;;;;;;;;;;;;;;
2019/11/14;1200 UTC;;;;;;;;;;;;;;;;;
2019/11/14;1300 UTC;;;;;;;;;;;;;;;;;
2019/11/14;1400 UTC;;;;;;;;;;;;;;;;;
2019/11/14;1500 UTC;;;;;;;;;;;;;;;;;
2019/11/14;1600 UTC;;;;;;;;;;;;;;;;;
2019/11/14;1700 UTC;;;;;;;;;;;;;;;;;
2019/11/14;1800 UTC;;;;;;;;;;;;;;;;;
2019/11/14;1900 UTC;;;;;;;;;;;;;;;;;
2019/11/14;2000 UTC;;;;;;;;;;;;;;;;;
2019/11/14;2100 UTC;;;;;;;;;;;;;;;;;
2019/11/14;2200 UTC;;;;;;;;;;;;;;;;;
2019/11/14;2300 UTC;;;;;;;;;;;;;;;;;
2019/11/15;0000 UTC;;;;;;;;;;;;;;;;;
2019/11/15;0100 UTC;;;;;;;;;;;;;;;;;
2019/11/15;0200 UTC;;;;;;;;;;;;;;;;;
2019/11/15;0300 UTC;;;;;;;;;;;;;;;;;
2019/11/15;0400 UTC;;;;;;;;;;;;;;;;;
2019/11/15;0500 UTC;;;;;;;;;;;;;;;;;
2019/11/15;0600 UTC;;;;;;;;;;;;;;;;;
2019/11/15;0700 UTC;;;;;;;;;;;;;;;;;
2019/11/15;0800 UTC;;;;;;;;;;;;;;;;;
2019/11/15;0900 UTC;;;;;;;;;;;;;;;;;
2019/11/15;1000 UTC;;;;;;;;;;;;;;;;;
2019/11/15;1100 UTC;;;;;;;;;;;;;;;;;
2019/11/15;1200 UTC;;;;;;;;;;;;;;;;;
2019/11/15;1300 UTC;;;;;;;;;;;;;;;;;
2019/11/15;1400 UTC;;;;;;;;;;;;;;;;;
2019/11/15;1500 UTC;;;;;;;;;;;;;;;;;
2019/11/15;1600 UTC;;;;;;;;;;;;;;;;;
2019/11/15;1700 UTC;;;;;;;;;;;;;;;;;
2019/11/15;1800 UTC;;;;;;;;;;;;;;;;;
2019/11/15;1900 UTC;;;;;;;;;;;;;;;;;
2019/11/15;2000 UTC;;;;;;;;;;;;;;;;;
2019/11/15;2100 UTC;;;;;;;;;;;;;;;;;
2019/11/15;2200 UTC;;;;;;;;;;;;;;;;;
2019/11/15;2300 UTC;;;;;;;;;;;;;;;;;
2019/11/16;0000 UTC;;;;;;;;;;;;;;;;;
2019/11/16;0100 UTC;;;;;;;;;;;;;;;;;
2019/11/16;0200 UTC;;;;;;;;;;;;;;;;;
2019/11/16;0300 UTC;;;;;;;;;;;;;;;;;
2019/11/16;0400 UTC;;;;;;;;;;;;;;;;;
2019/11/16;0500 UTC;;;;;;;;;;;;;;;;;
2019/11/16;0600 UTC;;;;;;;;;;;;;;;;;
2019/11/16;0700 UTC;;;;;;;;;;;;;;;;;
2019/11/16;0800 UTC;;;;;;;;;;;;;;;;;
2019/11/16;0900 UTC;;;;;;;;;;;;;;;;;
2019/11/16;1000 UTC;;;;;;;;;;;;;;;;;
2019/11/16;1100 UTC;;;;;;;;;;;;;;;;;
2019/11/16;1200 UTC;;;;;;;;;;;;;;;;;
2019/11/16;1300 UTC;;;;;;;;;;;;;;;;;
2019/11/16;1400 UTC;;;;;;;;;;;;;;;;;
2019/11/16;1500 UTC;;;;;;;;;;;;;;;;;
2019/11/16;1600 UTC;;;;;;;;;;;;;;;;;
2019/11/16;1700 UTC;;;;;;;;;;;;;;;;;
2019/11/16;1800 UTC;;;;;;;;;;;;;;;;;
2019/11/16;1900 UTC;;;;;;;;;;;;;;;;;
2019/11/16;2000 UTC;;;;;;;;;;;;;;;;;
2019/11/16;2100 UTC;;;;;;;;;;;;;;;;;
2019/11/16;2200 UTC;;;;;;;;;;;;;;;;;
2019/11/16;2300 UTC;;;;;;;;;;;;;;;;;
2019/11/17;0000 UTC;;;;;;;;;;;;;;;;;
2019/11/17;0100 UTC;;;;;;;;;;;;;;;;;
2019/11/17;0200 UTC;;;;;;;;;;;;;;;;;
2019/11/17;0300 UTC;;;;;;;;;;;;;;;;;
2019/11/17;0400 UTC;;;;;;;;;;;;;;;;;
2019/11/17;0500 UTC;;;;;;;;;;;;;;;;;
2019/11/17;0600 UTC;;;;;;;;;;;;;;;;;
2019/11/17;0700 UTC;;;;;;;;;;;;;;;;;
2019/11/17;0800 UTC;;;;;;;;;;;;;;;;;
2019/11/17;0900 UTC;;;;;;;;;;;;;;;;;
2019/11/17;1000 UTC;;;;;;;;;;;;;;;;;
2019/11/17;1100 UTC;;;;;;;;;;;;;;;;;
2019/11/17;1200 UTC;;;;;;;;;;;;;;;;;
2019/11/17;1300 UTC;;;;;;;;;;;;;;;;;
2019/11/17;1400 UTC;;;;;;;;;;;;;;;;;
2019/11/17;1500 UTC;;;;;;;;;;;;;;;;;
2019/11/17;1600 UTC;;;;;;;;;;;;;;;;;
2019/11/17;1700 UTC;;;;;;;;;;;;;;;;;
2019/11/17;1800 UTC;;;;;;;;;;;;;;;;;
2019/11/17;1900 UTC;;;;;;;;;;;;;;;;;
2019/11/17;2000 UTC;;;;;;;;;;;;;;;;;
2019/11/17;2100 UTC;;;;;;;;;;;;;;;;;
2019/11/17;2200 UTC;;;;;;;;;;;;;;;;;
2019/11/17;2300 UTC;;;;;;;;;;;;;;;;;
2019/11/18;0000 UTC;;;;;;;;;;;;;;;;;
2019/11/18;0100 UTC;;;;;;;;;;;;;;;;;
2019/11/18;0200 UTC;;;;;;;;;;;;;;;;;
2019/11/18;0300 UTC;;;;;;;;;;;;;;;;;
2019/11/18;0400 UTC;;;;;;;;;;;;;;;;;
2019/11/18;0500 UTC;;;;;;;;;;;;;;;;;
2019/11/18;0600 UTC;;;;;;;;;;;;;;;;;
2019/11/18;0700 UTC;;;;;;;;;;;;;;;;;
2019/11/18;0800 UTC;;;;;;;;;;;;;;;;;
2019/11/18;0900 UTC;;;;;;;;;;;;;;;;;
2019/11/18;1000 UTC;;;;;;;;;;;;;;;;;
2019/11/18;1100 UTC;;;;;;;;;;;;;;;;;
2019/11/18;1200 UTC;;;;;;;;;;;;;;;;;
2019/11/18;1300 UTC;;;;;;;;;;;;;;;;;
2019/11/18;1400 UTC;;;;;;;;;;;;;;;;;
2019/11/18;1500 UTC;;;;;;;;;;;;;;;;;
2019/11/18;1600 UTC;;;;;;;;;;;;;;;;;
2019/11/18;1700 UTC;;;;;;;;;;;;;;;;;
2019/11/18;1800 UTC;;;;;;;;;;;;;;;;;
2019/11/18;1900 UTC;;;;;;;;;;;;;;;;;
2019/11/18;2000 UTC;;;;;;;;;;;;;;;;;
2019/11/18;2100 UTC;;;;;;;;;;;;;;;;;
2019/11/18;2200 UTC;;;;;;;;;;;;;;;;;
2019/11/18;2300 UTC;;;;;;;;;;;;;;;;;
2019/11/19;0000 UTC;;;;;;;;;;;;;;;;;
2019/11/19;0100 UTC;;;;;;;;;;;;;;;;;
2019/11/19;0200 UTC;;;;;;;;;;;;;;;;;
2019/11/19;0300 UTC;;;;;;;;;;;;;;;;;
2019/11/19;0400 UTC;;;;;;;;;;;;;;;;;
2019/11/19;0500 UTC;;;;;;;;;;;;;;;;;
2019/11/19;0600 UTC;;;;;;;;;;;;;;;;;
2019/11/19;0700 UTC;;;;;;;;;;;;;;;;;
2019/11/19;0800 UTC;;;;;;;;;;;;;;;;;
2019/11/19;0900 UTC;;;;;;;;;;;;;;;;;
2019/11/19;1000 UTC;;;;;;;;;;;;;;;;;
2019/11/19;1100 UTC;;;;;;;;;;;;;;;;;
2019/11/19;1200 UTC;;;;;;;;;;;;;;;;;
2019/11/19;1300 UTC;;;;;;;;;;;;;;;;;
2019/11/19;1400 UTC;;;;;;;;;;;;;;;;;
2019/11/19;1500 UTC;;;;;;;;;;;;;;;;;
2019/11/19;1600 UTC;;;;;;;;;;;;;;;;;
2019/11/19;1700 UTC;;;;;;;;;;;;;;;;;
2019/11/19;1800 UTC;;;;;;;;;;;;;;;;;
2019/11/19;1900 UTC;;;;;;;;;;;;;;;;;
2019/11/19;2000 UTC;;;;;;;;;;;;;;;;;
2019/11/19;2100 UTC;;;;;;;;;;;;;;;;;
2019/11/19;2200 UTC;;;;;;;;;;;;;;;;;
2019/11/19;2300 UTC;;;;;;;;;;;;;;;;;
2019/11/20;0000 UTC;;;;;;;;;;;;;;;;;
2019/11/20;0100 UTC;;;;;;;;;;;;;;;;;
2019/11/20;0200 UTC;;;;;;;;;;;;;;;;;
2019/11/20;0300 UTC;;;;;;;;;;;;;;;;;
2019/11/20;0400 UTC;;;;;;;;;;;;;;;;;
2019/11/20;0500 UTC;;;;;;;;;;;;;;;;;
2019/11/20;0600 UTC;;;;;;;;;;;;;;;;;
2019/11/20;0700 UTC;;;;;;;;;;;;;;;;;
2019/11/20;0800 UTC;;;;;;;;;;;;;;;;;
2019/11/20;0900 UTC;;;;;;;;;;;;;;;;;
2019/11/20;1000 UTC;;;;;;;;;;;;;;;;;
2019/11/20;1100 UTC;;;;;;;;;;;;;;;;;
2019/11/20;1200 UTC;;;;;;;;;;;;;;;;;
2019/11/20;1300 UTC;;;;;;;;;;;;;;;;;
2019/11/20;1400 UTC;;;;;;;;;;;;;;;;;
2019/11/20;1500 UTC;;;;;;;;;;;;;;;;;
2019/11/20;1600 UTC;;;;;;;;;;;;;;;;;
2019/11/20;1700 UTC;;;;;;;;;;;;;;;;;
2019/11/20;1800 UTC;;;;;;;;;;;;;;;;;
2019/11/20;1900 UTC;;;;;;;;;;;;;;;;;
2019/11/20;2000 UTC;;;;;;;;;;;;;;;;;
2019/11/20;2100 UTC;;;;;;;;;;;;;;;;;
2019/11/20;2200 UTC;;;;;;;;;;;;;;;;;
2019/11/20;2300 UTC;;;;;;;;;;;;;;;;;
2019/11/21;0000 UTC;;;;;;;;;;;;;;;;;
2019/11/21;0100 UTC;;;;;;;;;;;;;;;;;
2019/11/21;0200 UTC;;;;;;;;;;;;;;;;;
2019/11/21;0300 UTC;;;;;;;;;;;;;;;;;
2019/11/21;0400 UTC;;;;;;;;;;;;;;;;;
2019/11/21;0500 UTC;;;;;;;;;;;;;;;;;
2019/11/21;0600 UTC;;;;;;;;;;;;;;;;;
2019/11/21;0700 UTC;;;;;;;;;;;;;;;;;
2019/11/21;0800 UTC;;;;;;;;;;;;;;;;;
2019/11/21;0900 UTC;;;;;;;;;;;;;;;;;
2019/11/21;1000 UTC;;;;;;;;;;;;;;;;;
2019/11/21;1100 UTC;;;;;;;;;;;;;;;;;
2019/11/21;1200 UTC;;;;;;;;;;;;;;;;;
2019/11/21;1300 UTC;;;;;;;;;;;;;;;;;
2019/11/21;1400 UTC;;;;;;;;;;;;;;;;;
2019/11/21;1500 UTC;;;;;;;;;;;;;;;;;
2019/11/21;1600 UTC;;;;;;;;;;;;;;;;;
2019/11/21;1700 UTC;;;;;;;;;;;;;;;;;
2019/11/21;1800 UTC;;;;;;;;;;;;;;;;;
2019/11/21;1900 UTC;;;;;;;;;;;;;;;;;
2019/11/21;2000 UTC;;;;;;;;;;;;;;;;;
2019/11/21;2100 UTC;;;;;;;;;;;;;;;;;
2019/11/21;2200 UTC;;;;;;;;;;;;;;;;;
2019/11/21;2300 UTC;;;;;;;;;;;;;;;;;
2019/11/22;0000 UTC;;;;;;;;;;;;;;;;;
2019/11/22;0100 UTC;;;;;;;;;;;;;;;;;
2019/11/22;0200 UTC;;;;;;;;;;;;;;;;;
2019/11/22;0300 UTC;;;;;;;;;;;;;;;;;
2019/11/22;0400 UTC;;;;;;;;;;;;;;;;;
2019/11/22;0500 UTC;;;;;;;;;;;;;;;;;
2019/11/22;0600 UTC;;;;;;;;;;;;;;;;;
2019/11/22;0700 UTC;;;;;;;;;;;;;;;;;
2019/11/22;0800 UTC;;;;;;;;;;;;;;;;;
2019/11/22;0900 UTC;;;;;;;;;;;;;;;;;
2019/11/22;1000 UTC;;;;;;;;;;;;;;;;;
2019/11/22;1100 UTC;;;;;;;;;;;;;;;;;
2019/11/22;1200 UTC;;;;;;;;;;;;;;;;;
2019/11/22;1300 UTC;;;;;;;;;;;;;;;;;
2019/11/22;1400 UTC;;;;;;;;;;;;;;;;;
2019/11/22;1500 UTC;;;;;;;;;;;;;;;;;
2019/11/22;1600 UTC;;;;;;;;;;;;;;;;;
2019/11/22;1700 UTC;;;;;;;;;;;;;;;;;
2019/11/22;1800 UTC;;;;;;;;;;;;;;;;;
2019/11/22;1900 UTC;;;;;;;;;;;;;;;;;
2019/11/22;2000 UTC;;;;;;;;;;;;;;;;;
2019/11/22;2100 UTC;;;;;;;;;;;;;;;;;
2019/11/22;2200 UTC;;;;;;;;;;;;;;;;;
2019/11/22;2300 UTC;;;;;;;;;;;;;;;;;
2019/11/23;0000 UTC;;;;;;;;;;;;;;;;;
2019/11/23;0100 UTC;;;;;;;;;;;;;;;;;
2019/11/23;0200 UTC;;;;;;;;;;;;;;;;;
2019/11/23;0300 UTC;;;;;;;;;;;;;;;;;
2019/11/23;0400 UTC;;;;;;;;;;;;;;;;;
2019/11/23;0500 UTC;;;;;;;;;;;;;;;;;
2019/11/23;0600 UTC;;;;;;;;;;;;;;;;;
2019/11/23;0700 UTC;;;;;;;;;;;;;;;;;
2019/11/23;0800 UTC;;;;;;;;;;;;;;;;;
2019/11/23;0900 UTC;;;;;;;;;;;;;;;;;
2019/11/23;1000 UTC;;;;;;;;;;;;;;;;;
2019/11/23;1100 UTC;;;;;;;;;;;;;;;;;
2019/11/23;1200 UTC;;;;;;;;;;;;;;;;;
2019/11/23;1300 UTC;;;;;;;;;;;;;;;;;
2019/11/23;1400 UTC;;;;;;;;;;;;;;;;;
2019/11/23;1500 UTC;;;;;;;;;;;;;;;;;
2019/11/23;1600 UTC;;;;;;;;;;;;;;;;;
2019/11/23;1700 UTC;;;;;;;;;;;;;;;;;
2019/11/23;1800 UTC;;;;;;;;;;;;;;;;;
2019/11/23;1900 UTC;;;;;;;;;;;;;;;;;
2019/11/23;2000 UTC;;;;;;;;;;;;;;;;;
2019/11/23;2100 UTC;;;;;;;;;;;;;;;;;
2019/11/23;2200 UTC;;;;;;;;;;;;;;;;;
2019/11/23;2300 UTC;;;;;;;;;;;;;;;;;
2019/11/24;0000 UTC;;;;;;;;;;;;;;;;;
2019/11/24;0100 UTC;;;;;;;;;;;;;;;;;
2019/11/24;0200 UTC;;;;;;;;;;;;;;;;;
2019/11/24;0300 UTC;;;;;;;;;;;;;;;;;
2019/11/24;0400 UTC;;;;;;;;;;;;;;;;;
2019/11/24;0500 UTC;;;;;;;;;;;;;;;;;
2019/11/24;0600 UTC;;;;;;;;;;;;;;;;;
2019/11/24;0700 UTC;;;;;;;;;;;;;;;;;
2019/11/24;0800 UTC;;;;;;;;;;;;;;;;;
2019/11/24;0900 UTC;;;;;;;;;;;;;;;;;
2019/11/24;1000 UTC;;;;;;;;;;;;;;;;;
2019/11/24;1100 UTC;;;;;;;;;;;;;;;;;
2019/11/24;1200 UTC;;;;;;;;;;;;;;;;;
2019/11/24;1300 UTC;;;;;;;;;;;;;;;;;
2019/11/24;1400 UTC;;;;;;;;;;;;;;;;;
2019/11/24;1500 UTC;;;;;;;;;;;;;;;;;
2019/11/24;1600 UTC;;;;;;;;;;;;;;;;;
2019/11/24;1700 UTC;;;;;;;;;;;;;;;;;
2019/11/24;1800 UTC;;;;;;;;;;;;;;;;;
2019/11/24;1900 UTC;;;;;;;;;;;;;;;;;
2019/11/24;2000 UTC;;;;;;;;;;;;;;;;;
2019/11/24;2100 UTC;;;;;;;;;;;;;;;;;
2019/11/24;2200 UTC;;;;;;;;;;;;;;;;;
2019/11/24;2300 UTC;;;;;;;;;;;;;;;;;
2019/11/25;0000 UTC;;;;;;;;;;;;;;;;;
2019/11/25;0100 UTC;;;;;;;;;;;;;;;;;
2019/11/25;0200 UTC;;;;;;;;;;;;;;;;;
2019/11/25;0300 UTC;;;;;;;;;;;;;;;;;
2019/11/25;0400 UTC;;;;;;;;;;;;;;;;;
2019/11/25;0500 UTC;;;;;;;;;;;;;;;;;
2019/11/25;0600 UTC;;;;;;;;;;;;;;;;;
2019/11/25;0700 UTC;;;;;;;;;;;;;;;;;
2019/11/25;0800 UTC;;;;;;;;;;;;;;;;;
2019/11/25;0900 UTC;;;;;;;;;;;;;;;;;
2019/11/25;1000 UTC;;;;;;;;;;;;;;;;;
2019/11/25;1100 UTC;;;;;;;;;;;;;;;;;
2019/11/25;1200 UTC;;;;;;;;;;;;;;;;;
2019/11/25;1300 UTC;;;;;;;;;;;;;;;;;
2019/11/25;1400 UTC;;;;;;;;;;;;;;;;;
2019/11/25;1500 UTC;;;;;;;;;;;;;;;;;
2019/11/25;1600 UTC;;;;;;;;;;;;;;;;;
2019/11/25;1700 UTC;;;;;;;;;;;;;;;;;
2019/11/25;1800 UTC;;;;;;;;;;;;;;;;;
2019/11/25;1900 UTC;;;;;;;;;;;;;;;;;
2019/11/25;2000 UTC;;;;;;;;;;;;;;;;;
2019/11/25;2100 UTC;;;;;;;;;;;;;;;;;
2019/11/25;2200 UTC;;;;;;;;;;;;;;;;;
2019/11/25;2300 UTC;;;;;;;;;;;;;;;;;
2019/11/26;0000 UTC;;;;;;;;;;;;;;;;;
2019/11/26;0100 UTC;;;;;;;;;;;;;;;;;
2019/11/26;0200 UTC;;;;;;;;;;;;;;;;;
2019/11/26;0300 UTC;;;;;;;;;;;;;;;;;
2019/11/26;0400 UTC;;;;;;;;;;;;;;;;;
2019/11/26;0500 UTC;;;;;;;;;;;;;;;;;
2019/11/26;0600 UTC;;;;;;;;;;;;;;;;;
2019/11/26;0700 UTC;;;;;;;;;;;;;;;;;
2019/11/26;0800 UTC;;;;;;;;;;;;;;;;;
2019/11/26;0900 UTC;;;;;;;;;;;;;;;;;
2019/11/26;1000 UTC;;;;;;;;;;;;;;;;;
2019/11/26;1100 UTC;;;;;;;;;;;;;;;;;
2019/11/26;1200 UTC;;;;;;;;;;;;;;;;;
2019/11/26;1300 UTC;;;;;;;;;;;;;;;;;
2019/11/26;1400 UTC;;;;;;;;;;;;;;;;;
2019/11/26;1500 UTC;;;;;;;;;;;;;;;;;
2019/11/26;1600 UTC;;;;;;;;;;;;;;;;;
2019/11/26;1700 UTC;;;;;;;;;;;;;;;;;
2019/11/26;1800 UTC;;;;;;;;;;;;;;;;;
2019/11/26;1900 UTC;;;;;;;;;;;;;;;;;
2019/11/26;2000 UTC;;;;;;;;;;;;;;;;;
2019/11/26;2100 UTC;;;;;;;;;;;;;;;;;
2019/11/26;2200 UTC;;;;;;;;;;;;;;;;;
2019/11/26;2300 UTC;;;;;;;;;;;;;;;;;
2019/11/27;0000 UTC;;;;;;;;;;;;;;;;;
2019/11/27;0100 UTC;;;;;;;;;;;;;;;;;
2019/11/27;0200 UTC;;;;;;;;;;;;;;;;;
2019/11/27;0300 UTC;;;;;;;;;;;;;;;;;
2019/11/27;0400 UTC;;;;;;;;;;;;;;;;;
2019/11/27;0500 UTC;;;;;;;;;;;;;;;;;
2019/11/27;0600 UTC;;;;;;;;;;;;;;;;;
2019/11/27;0700 UTC;;;;;;;;;;;;;;;;;
2019/11/27;0800 UTC;;;;;;;;;;;;;;;;;
2019/11/27;0900 UTC;;;;;;;;;;;;;;;;;
2019/11/27;1000 UTC;;;;;;;;;;;;;;;;;
2019/11/27;1100 UTC;;;;;;;;;;;;;;;;;
2019/11/27;1200 UTC;;;;;;;;;;;;;;;;;
2019/11/27;1300 UTC;;;;;;;;;;;;;;;;;
2019/11/27;1400 UTC;;;;;;;;;;;;;;;;;
2019/11/27;1500 UTC;;;;;;;;;;;;;;;;;
2019/11/27;1600 UTC;;;;;;;;;;;;;;;;;
2019/11/27;1700 UTC;;;;;;;;;;;;;;;;;
2019/11/27;1800 UTC;;;;;;;;;;;;;;;;;
2019/11/27;1900 UTC;;;;;;;;;;;;;;;;;
2019/11/27;2000 UTC;;;;;;;;;;;;;;;;;
2019/11/27;2100 UTC;;;;;;;;;;;;;;;;;
2019/11/27;2200 UTC;;;;;;;;;;;;;;;;;
2019/11/27;2300 UTC;;;;;;;;;;;;;;;;;
2019/11/28;0000 UTC;;;;;;;;;;;;;;;;;
2019/11/28;0100 UTC;;;;;;;;;;;;;;;;;
2019/11/28;0200 UTC;;;;;;;;;;;;;;;;;
2019/11/28;0300 UTC;;;;;;;;;;;;;;;;;
2019/11/28;0400 UTC;;;;;;;;;;;;;;;;;
2019/11/28;0500 UTC;;;;;;;;;;;;;;;;;
2019/11/28;0600 UTC;;;;;;;;;;;;;;;;;
2019/11/28;0700 UTC;;;;;;;;;;;;;;;;;
2019/11/28;0800 UTC;;;;;;;;;;;;;;;;;
2019/11/28;0900 UTC;;;;;;;;;;;;;;;;;
2019/11/28;1000 UTC;;;;;;;;;;;;;;;;;
2019/11/28;1100 UTC;;;;;;;;;;;;;;;;;
2019/11/28;1200 UTC;;;;;;;;;;;;;;;;;
2019/11/28;1300 UTC;;;;;;;;;;;;;;;;;
2019/11/28;1400 UTC;;;;;;;;;;;;;;;;;
2019/11/28;1500 UTC;;;;;;;;;;;;;;;;;
2019/11/28;1600 UTC;;;;;;;;;;;;;;;;;
2019/11/28;1700 UTC;;;;;;;;;;;;;;;;;
2019/11/28;1800 UTC;;;;;;;;;;;;;;;;;
2019/11/28;1900 UTC;;;;;;;;;;;;;;;;;
2019/11/28;2000 UTC;;;;;;;;;;;;;;;;;
2019/11/28;2100 UTC;;;;;;;;;;;;;;;;;
2019/11/28;2200 UTC;;;;;;;;;;;;;;;;;
2019/11/28;2300 UTC;;;;;;;;;;;;;;;;;
2019/11/29;0000 UTC;;;;;;;;;;;;;;;;;
2019/11/29;0100 UTC;;;;;;;;;;;;;;;;;
2019/11/29;0200 UTC;;;;;;;;;;;;;;;;;
2019/11/29;0300 UTC;;;;;;;;;;;;;;;;;
2019/11/29;0400 UTC;;;;;;;;;;;;;;;;;
2019/11/29;0500 UTC;;;;;;;;;;;;;;;;;
2019/11/29;0600 UTC;;;;;;;;;;;;;;;;;
2019/11/29;0700 UTC;;;;;;;;;;;;;;;;;
2019/11/29;0800 UTC;;;;;;;;;;;;;;;;;
2019/11/29;0900 UTC;;;;;;;;;;;;;;;;;
2019/11/29;1000 UTC;;;;;;;;;;;;;;;;;
2019/11/29;1100 UTC;;;;;;;;;;;;;;;;;
2019/11/29;1200 UTC;;;;;;;;;;;;;;;;;
2019/11/29;1300 UTC;;;;;;;;;;;;;;;;;
2019/11/29;1400 UTC;;;;;;;;;;;;;;;;;
2019/11/29;1500 UTC;;;;;;;;;;;;;;;;;
2019/11/29;1600 UTC;;;;;;;;;;;;;;;;;
2019/11/29;1700 UTC;;;;;;;;;;;;;;;;;
2019/11/29;1800 UTC;;;;;;;;;;;;;;;;;
2019/11/29;1900 UTC;;;;;;;;;;;;;;;;;
2019/11/29;2000 UTC;;;;;;;;;;;;;;;;;
2019/11/29;2100 UTC;;;;;;;;;;;;;;;;;
2019/11/29;2200 UTC;;;;;;;;;;;;;;;;;
2019/11/29;2300 UTC;;;;;;;;;;;;;;;;;
2019/11/30;0000 UTC;;;;;;;;;;;;;;;;;
2019/11/30;0100 UTC;;;;;;;;;;;;;;;;;
2019/11/30;0200 UTC;;;;;;;;;;;;;;;;;
2019/11/30;0300 UTC;;;;;;;;;;;;;;;;;
2019/11/30;0400 UTC;;;;;;;;;;;;;;;;;
2019/11/30;0500 UTC;;;;;;;;;;;;;;;;;
2019/11/30;0600 UTC;;;;;;;;;;;;;;;;;
2019/11/30;0700 UTC;;;;;;;;;;;;;;;;;
2019/11/30;0800 UTC;;;;;;;;;;;;;;;;;
2019/11/30;0900 UTC;;;;;;;;;;;;;;;;;
2019/11/30;1000 UTC;;;;;;;;;;;;;;;;;
2019/11/30;1100 UTC;;;;;;;;;;;;;;;;;
2019/11/30;1200 UTC;;;;;;;;;;;;;;;;;
2019/11/30;1300 UTC;;;;;;;;;;;;;;;;;
2019/11/30;1400 UTC;;;;;;;;;;;;;;;;;
2019/11/30;1500 UTC;;;;;;;;;;;;;;;;;
2019/11/30;1600 UTC;;;;;;;;;;;;;;;;;
2019/11/30;1700 UTC;;;;;;;;;;;;;;;;;
2019/11/30;1800 UTC;;;;;;;;;;;;;;;;;
2019/11/30;1900 UTC;;;;;;;;;;;;;;;;;
2019/11/30;2000 UTC;;;;;;;;;;;;;;;;;
2019/11/30;2100 UTC;;;;;;;;;;;;;;;;;
2019/11/30;2200 UTC;;;;;;;;;;;;;;;;;
2019/11/30;2300 UTC;;;;;;;;;;;;;;;;;
2019/12/01;0000 UTC;;;;;;;;;;;;;;;;;
2019/12/01;0100 UTC;;;;;;;;;;;;;;;;;
2019/12/01;0200 UTC;;;;;;;;;;;;;;;;;
2019/12/01;0300 UTC;;;;;;;;;;;;;;;;;
2019/12/01;0400 UTC;;;;;;;;;;;;;;;;;
2019/12/01;0500 UTC;;;;;;;;;;;;;;;;;
2019/12/01;0600 UTC;;;;;;;;;;;;;;;;;
2019/12/01;0700 UTC;;;;;;;;;;;;;;;;;
2019/12/01;0800 UTC;;;;;;;;;;;;;;;;;
2019/12/01;0900 UTC;;;;;;;;;;;;;;;;;
2019/12/01;1000 UTC;;;;;;;;;;;;;;;;;
2019/12/01;1100 UTC;;;;;;;;;;;;;;;;;
2019/12/01;1200 UTC;;;;;;;;;;;;;;;;;
2019/12/01;1300 UTC;;;;;;;;;;;;;;;;;
2019/12/01;1400 UTC;;;;;;;;;;;;;;;;;
2019/12/01;1500 UTC;;;;;;;;;;;;;;;;;
2019/12/01;1600 UTC;;;;;;;;;;;;;;;;;
2019/12/01;1700 UTC;;;;;;;;;;;;;;;;;
2019/12/01;1800 UTC;;;;;;;;;;;;;;;;;
2019/12/01;1900 UTC;;;;;;;;;;;;;;;;;
2019/12/01;2000 UTC;;;;;;;;;;;;;;;;;
2019/12/01;2100 UTC;;;;;;;;;;;;;;;;;
2019/12/01;2200 UTC;;;;;;;;;;;;;;;;;
2019/12/01;2300 UTC;;;;;;;;;;;;;;;;;
2019/12/02;0000 UTC;;;;;;;;;;;;;;;;;
2019/12/02;0100 UTC;;;;;;;;;;;;;;;;;
2019/12/02;0200 UTC;;;;;;;;;;;;;;;;;
2019/12/02;0300 UTC;;;;;;;;;;;;;;;;;
2019/12/02;0400 UTC;;;;;;;;;;;;;;;;;
2019/12/02;0500 UTC;;;;;;;;;;;;;;;;;
2019/12/02;0600 UTC;;;;;;;;;;;;;;;;;
2019/12/02;0700 UTC;;;;;;;;;;;;;;;;;
2019/12/02;0800 UTC;;;;;;;;;;;;;;;;;
2019/12/02;0900 UTC;;;;;;;;;;;;;;;;;
2019/12/02;1000 UTC;;;;;;;;;;;;;;;;;
2019/12/02;1100 UTC;;;;;;;;;;;;;;;;;
2019/12/02;1200 UTC;;;;;;;;;;;;;;;;;
2019/12/02;1300 UTC;;;;;;;;;;;;;;;;;
2019/12/02;1400 UTC;;;;;;;;;;;;;;;;;
2019/12/02;1500 UTC;;;;;;;;;;;;;;;;;
2019/12/02;1600 UTC;;;;;;;;;;;;;;;;;
2019/12/02;1700 UTC;;;;;;;;;;;;;;;;;
2019/12/02;1800 UTC;;;;;;;;;;;;;;;;;
2019/12/02;1900 UTC;;;;;;;;;;;;;;;;;
2019/12/02;2000 UTC;;;;;;;;;;;;;;;;;
2019/12/02;2100 UTC;;;;;;;;;;;;;;;;;
2019/12/02;2200 UTC;;;;;;;;;;;;;;;;;
2019/12/02;2300 UTC;;;;;;;;;;;;;;;;;
2019/12/03;0000 UTC;;;;;;;;;;;;;;;;;
2019/12/03;0100 UTC;;;;;;;;;;;;;;;;;
2019/12/03;0200 UTC;;;;;;;;;;;;;;;;;
2019/12/03;0300 UTC;;;;;;;;;;;;;;;;;
2019/12/03;0400 UTC;;;;;;;;;;;;;;;;;
2019/12/03;0500 UTC;;;;;;;;;;;;;;;;;
2019/12/03;0600 UTC;;;;;;;;;;;;;;;;;
2019/12/03;0700 UTC;;;;;;;;;;;;;;;;;
2019/12/03;0800 UTC;;;;;;;;;;;;;;;;;
2019/12/03;0900 UTC;;;;;;;;;;;;;;;;;
2019/12/03;1000 UTC;;;;;;;;;;;;;;;;;
2019/12/03;1100 UTC;;;;;;;;;;;;;;;;;
2019/12/03;1200 UTC;;;;;;;;;;;;;;;;;
2019/12/03;1300 UTC;;;;;;;;;;;;;;;;;
2019/12/03;1400 UTC;;;;;;;;;;;;;;;;;
2019/12/03;1500 UTC;;;;;;;;;;;;;;;;;
2019/12/03;1600 UTC;;;;;;;;;;;;;;;;;
2019/12/03;1700 UTC;;;;;;;;;;;;;;;;;
2019/12/03;1800 UTC;;;;;;;;;;;;;;;;;
2019/12/03;1900 UTC;;;;;;;;;;;;;;;;;
2019/12/03;2000 UTC;;;;;;;;;;;;;;;;;
2019/12/03;2100 UTC;;;;;;;;;;;;;;;;;
2019/12/03;2200 UTC;;;;;;;;;;;;;;;;;
2019/12/03;2300 UTC;;;;;;;;;;;;;;;;;
2019/12/04;0000 UTC;;;;;;;;;;;;;;;;;
2019/12/04;0100 UTC;;;;;;;;;;;;;;;;;
2019/12/04;0200 UTC;;;;;;;;;;;;;;;;;
2019/12/04;0300 UTC;;;;;;;;;;;;;;;;;
2019/12/04;0400 UTC;;;;;;;;;;;;;;;;;
2019/12/04;0500 UTC;;;;;;;;;;;;;;;;;
2019/12/04;0600 UTC;;;;;;;;;;;;;;;;;
2019/12/04;0700 UTC;;;;;;;;;;;;;;;;;
2019/12/04;0800 UTC;;;;;;;;;;;;;;;;;
2019/12/04;0900 UTC;;;;;;;;;;;;;;;;;
2019/12/04;1000 UTC;;;;;;;;;;;;;;;;;
2019/12/04;1100 UTC;;;;;;;;;;;;;;;;;
2019/12/04;1200 UTC;;;;;;;;;;;;;;;;;
2019/12/04;1300 UTC;;;;;;;;;;;;;;;;;
2019/12/04;1400 UTC;;;;;;;;;;;;;;;;;
2019/12/04;1500 UTC;;;;;;;;;;;;;;;;;
2019/12/04;1600 UTC;;;;;;;;;;;;;;;;;
2019/12/04;1700 UTC;;;;;;;;;;;;;;;;;
2019/12/04;1800 UTC;;;;;;;;;;;;;;;;;
2019/12/04;1900 UTC;;;;;;;;;;;;;;;;;
2019/12/04;2000 UTC;;;;;;;;;;;;;;;;;
2019/12/04;2100 UTC;;;;;;;;;;;;;;;;;
2019/12/04;2200 UTC;;;;;;;;;;;;;;;;;
2019/12/04;2300 UTC;;;;;;;;;;;;;;;;;
2019/12/05;0000 UTC;;;;;;;;;;;;;;;;;
2019/12/05;0100 UTC;;;;;;;;;;;;;;;;;
2019/12/05;0200 UTC;;;;;;;;;;;;;;;;;
2019/12/05;0300 UTC;;;;;;;;;;;;;;;;;
2019/12/05;0400 UTC;;;;;;;;;;;;;;;;;
2019/12/05;0500 UTC;;;;;;;;;;;;;;;;;
2019/12/05;0600 UTC;;;;;;;;;;;;;;;;;
2019/12/05;0700 UTC;;;;;;;;;;;;;;;;;
2019/12/05;0800 UTC;;;;;;;;;;;;;;;;;
2019/12/05;0900 UTC;;;;;;;;;;;;;;;;;
2019/12/05;1000 UTC;;;;;;;;;;;;;;;;;
2019/12/05;1100 UTC;;;;;;;;;;;;;;;;;
2019/12/05;1200 UTC;;;;;;;;;;;;;;;;;
2019/12/05;1300 UTC;;;;;;;;;;;;;;;;;
2019/12/05;1400 UTC;;;;;;;;;;;;;;;;;
2019/12/05;1500 UTC;;;;;;;;;;;;;;;;;
2019/12/05;1600 UTC;;;;;;;;;;;;;;;;;
2019/12/05;1700 UTC;;;;;;;;;;;;;;;;;
2019/12/05;1800 UTC;;;;;;;;;;;;;;;;;
2019/12/05;1900 UTC;;;;;;;;;;;;;;;;;
2019/12/05;2000 UTC;;;;;;;;;;;;;;;;;
2019/12/05;2100 UTC;;;;;;;;;;;;;;;;;
2019/12/05;2200 UTC;;;;;;;;;;;;;;;;;
2019/12/05;2300 UTC;;;;;;;;;;;;;;;;;
2019/12/06;0000 UTC;;;;;;;;;;;;;;;;;
2019/12/06;0100 UTC;;;;;;;;;;;;;;;;;
2019/12/06;0200 UTC;;;;;;;;;;;;;;;;;
2019/12/06;0300 UTC;;;;;;;;;;;;;;;;;
2019/12/06;0400 UTC;;;;;;;;;;;;;;;;;
2019/12/06;0500 UTC;;;;;;;;;;;;;;;;;
2019/12/06;0600 UTC;;;;;;;;;;;;;;;;;
2019/12/06;0700 UTC;;;;;;;;;;;;;;;;;
2019/12/06;0800 UTC;;;;;;;;;;;;;;;;;
2019/12/06;0900 UTC;;;;;;;;;;;;;;;;;
2019/12/06;1000 UTC;;;;;;;;;;;;;;;;;
2019/12/06;1100 UTC;;;;;;;;;;;;;;;;;
2019/12/06;1200 UTC;;;;;;;;;;;;;;;;;
2019/12/06;1300 UTC;;;;;;;;;;;;;;;;;
2019/12/06;1400 UTC;;;;;;;;;;;;;;;;;
2019/12/06;1500 UTC;;;;;;;;;;;;;;;;;
2019/12/06;1600 UTC;;;;;;;;;;;;;;;;;
2019/12/06;1700 UTC;;;;;;;;;;;;;;;;;
2019/12/06;1800 UTC;;;;;;;;;;;;;;;;;
2019/12/06;1900 UTC;;;;;;;;;;;;;;;;;
2019/12/06;2000 UTC;;;;;;;;;;;;;;;;;
2019/12/06;2100 UTC;;;;;;;;;;;;;;;;;
2019/12/06;2200 UTC;;;;;;;;;;;;;;;;;
2019/12/06;2300 UTC;;;;;;;;;;;;;;;;;
2019/12/07;0000 UTC;;;;;;;;;;;;;;;;;
2019/12/07;0100 UTC;;;;;;;;;;;;;;;;;
2019/12/07;0200 UTC;;;;;;;;;;;;;;;;;
2019/12/07;0300 UTC;;;;;;;;;;;;;;;;;
2019/12/07;0400 UTC;;;;;;;;;;;;;;;;;
2019/12/07;0500 UTC;;;;;;;;;;;;;;;;;
2019/12/07;0600 UTC;;;;;;;;;;;;;;;;;
2019/12/07;0700 UTC;;;;;;;;;;;;;;;;;
2019/12/07;0800 UTC;;;;;;;;;;;;;;;;;
2019/12/07;0900 UTC;;;;;;;;;;;;;;;;;
2019/12/07;1000 UTC;;;;;;;;;;;;;;;;;
2019/12/07;1100 UTC;;;;;;;;;;;;;;;;;
2019/12/07;1200 UTC;;;;;;;;;;;;;;;;;
2019/12/07;1300 UTC;;;;;;;;;;;;;;;;;
2019/12/07;1400 UTC;;;;;;;;;;;;;;;;;
2019/12/07;1500 UTC;;;;;;;;;;;;;;;;;
2019/12/07;1600 UTC;;;;;;;;;;;;;;;;;
2019/12/07;1700 UTC;;;;;;;;;;;;;;;;;
2019/12/07;1800 UTC;;;;;;;;;;;;;;;;;
2019/12/07;1900 UTC;;;;;;;;;;;;;;;;;
2019/12/07;2000 UTC;;;;;;;;;;;;;;;;;
2019/12/07;2100 UTC;;;;;;;;;;;;;;;;;
2019/12/07;2200 UTC;;;;;;;;;;;;;;;;;
2019/12/07;2300 UTC;;;;;;;;;;;;;;;;;
2019/12/08;0000 UTC;;;;;;;;;;;;;;;;;
2019/12/08;0100 UTC;;;;;;;;;;;;;;;;;
2019/12/08;0200 UTC;;;;;;;;;;;;;;;;;
2019/12/08;0300 UTC;;;;;;;;;;;;;;;;;
2019/12/08;0400 UTC;;;;;;;;;;;;;;;;;
2019/12/08;0500 UTC;;;;;;;;;;;;;;;;;
2019/12/08;0600 UTC;;;;;;;;;;;;;;;;;
2019/12/08;0700 UTC;;;;;;;;;;;;;;;;;
2019/12/08;0800 UTC;;;;;;;;;;;;;;;;;
2019/12/08;0900 UTC;;;;;;;;;;;;;;;;;
2019/12/08;1000 UTC;;;;;;;;;;;;;;;;;
2019/12/08;1100 UTC;;;;;;;;;;;;;;;;;
2019/12/08;1200 UTC;;;;;;;;;;;;;;;;;
2019/12/08;1300 UTC;;;;;;;;;;;;;;;;;
2019/12/08;1400 UTC;;;;;;;;;;;;;;;;;
2019/12/08;1500 UTC;;;;;;;;;;;;;;;;;
2019/12/08;1600 UTC;;;;;;;;;;;;;;;;;
2019/12/08;1700 UTC;;;;;;;;;;;;;;;;;
2019/12/08;1800 UTC;;;;;;;;;;;;;;;;;
2019/12/08;1900 UTC;;;;;;;;;;;;;;;;;
2019/12/08;2000 UTC;;;;;;;;;;;;;;;;;
2019/12/08;2100 UTC;;;;;;;;;;;;;;;;;
2019/12/08;2200 UTC;;;;;;;;;;;;;;;;;
2019/12/08;2300 UTC;;;;;;;;;;;;;;;;;
2019/12/09;0000 UTC;;;;;;;;;;;;;;;;;
2019/12/09;0100 UTC;;;;;;;;;;;;;;;;;
2019/12/09;0200 UTC;;;;;;;;;;;;;;;;;
2019/12/09;0300 UTC;;;;;;;;;;;;;;;;;
2019/12/09;0400 UTC;;;;;;;;;;;;;;;;;
2019/12/09;0500 UTC;;;;;;;;;;;;;;;;;
2019/12/09;0600 UTC;;;;;;;;;;;;;;;;;
2019/12/09;0700 UTC;;;;;;;;;;;;;;;;;
2019/12/09;0800 UTC;;;;;;;;;;;;;;;;;
2019/12/09;0900 UTC;;;;;;;;;;;;;;;;;
2019/12/09;1000 UTC;;;;;;;;;;;;;;;;;
2019/12/09;1100 UTC;;;;;;;;;;;;;;;;;
2019/12/09;1200 UTC;;;;;;;;;;;;;;;;;
2019/12/09;1300 UTC;;;;;;;;;;;;;;;;;
2019/12/09;1400 UTC;;;;;;;;;;;;;;;;;
2019/12/09;1500 UTC;;;;;;;;;;;;;;;;;
2019/12/09;1600 UTC;;;;;;;;;;;;;;;;;
2019/12/09;1700 UTC;;;;;;;;;;;;;;;;;
2019/12/09;1800 UTC;;;;;;;;;;;;;;;;;
2019/12/09;1900 UTC;;;;;;;;;;;;;;;;;
2019/12/09;2000 UTC;;;;;;;;;;;;;;;;;
2019/12/09;2100 UTC;;;;;;;;;;;;;;;;;
2019/12/09;2200 UTC;;;;;;;;;;;;;;;;;
2019/12/09;2300 UTC;;;;;;;;;;;;;;;;;
2019/12/10;0000 UTC;;;;;;;;;;;;;;;;;
2019/12/10;0100 UTC;;;;;;;;;;;;;;;;;
2019/12/10;0200 UTC;;;;;;;;;;;;;;;;;
2019/12/10;0300 UTC;;;;;;;;;;;;;;;;;
2019/12/10;0400 UTC;;;;;;;;;;;;;;;;;
2019/12/10;0500 UTC;;;;;;;;;;;;;;;;;
2019/12/10;0600 UTC;;;;;;;;;;;;;;;;;
2019/12/10;0700 UTC;;;;;;;;;;;;;;;;;
2019/12/10;0800 UTC;;;;;;;;;;;;;;;;;
2019/12/10;0900 UTC;;;;;;;;;;;;;;;;;
2019/12/10;1000 UTC;;;;;;;;;;;;;;;;;
2019/12/10;1100 UTC;;;;;;;;;;;;;;;;;
2019/12/10;1200 UTC;;;;;;;;;;;;;;;;;
2019/12/10;1300 UTC;;;;;;;;;;;;;;;;;
2019/12/10;1400 UTC;;;;;;;;;;;;;;;;;
2019/12/10;1500 UTC;;;;;;;;;;;;;;;;;
2019/12/10;1600 UTC;;;;;;;;;;;;;;;;;
2019/12/10;1700 UTC;;;;;;;;;;;;;;;;;
2019/12/10;1800 UTC;;;;;;;;;;;;;;;;;
2019/12/10;1900 UTC;;;;;;;;;;;;;;;;;
2019/12/10;2000 UTC;;;;;;;;;;;;;;;;;
2019/12/10;2100 UTC;;;;;;;;;;;;;;;;;
2019/12/10;2200 UTC;;;;;;;;;;;;;;;;;
2019/12/10;2300 UTC;;;;;;;;;;;;;;;;;
2019/12/11;0000 UTC;;;;;;;;;;;;;;;;;
2019/12/11;0100 UTC;;;;;;;;;;;;;;;;;
2019/12/11;0200 UTC;;;;;;;;;;;;;;;;;
2019/12/11;0300 UTC;;;;;;;;;;;;;;;;;
2019/12/11;0400 UTC;;;;;;;;;;;;;;;;;
2019/12/11;0500 UTC;;;;;;;;;;;;;;;;;
2019/12/11;0600 UTC;;;;;;;;;;;;;;;;;
2019/12/11;0700 UTC;;;;;;;;;;;;;;;;;
2019/12/11;0800 UTC;;;;;;;;;;;;;;;;;
2019/12/11;0900 UTC;;;;;;;;;;;;;;;;;
2019/12/11;1000 UTC;;;;;;;;;;;;;;;;;
2019/12/11;1100 UTC;;;;;;;;;;;;;;;;;
2019/12/11;1200 UTC;;;;;;;;;;;;;;;;;
2019/12/11;1300 UTC;;;;;;;;;;;;;;;;;
2019/12/11;1400 UTC;;;;;;;;;;;;;;;;;
2019/12/11;1500 UTC;;;;;;;;;;;;;;;;;
2019/12/11;1600 UTC;;;;;;;;;;;;;;;;;
2019/12/11;1700 UTC;;;;;;;;;;;;;;;;;
2019/12/11;1800 UTC;;;;;;;;;;;;;;;;;
2019/12/11;1900 UTC;;;;;;;;;;;;;;;;;
2019/12/11;2000 UTC;;;;;;;;;;;;;;;;;
2019/12/11;2100 UTC;;;;;;;;;;;;;;;;;
2019/12/11;2200 UTC;;;;;;;;;;;;;;;;;
2019/12/11;2300 UTC;;;;;;;;;;;;;;;;;
2019/12/12;0000 UTC;;;;;;;;;;;;;;;;;
2019/12/12;0100 UTC;;;;;;;;;;;;;;;;;
2019/12/12;0200 UTC;;;;;;;;;;;;;;;;;
2019/12/12;0300 UTC;;;;;;;;;;;;;;;;;
2019/12/12;0400 UTC;;;;;;;;;;;;;;;;;
2019/12/12;0500 UTC;;;;;;;;;;;;;;;;;
2019/12/12;0600 UTC;;;;;;;;;;;;;;;;;
2019/12/12;0700 UTC;;;;;;;;;;;;;;;;;
2019/12/12;0800 UTC;;;;;;;;;;;;;;;;;
2019/12/12;0900 UTC;;;;;;;;;;;;;;;;;
2019/12/12;1000 UTC;;;;;;;;;;;;;;;;;
2019/12/12;1100 UTC;;;;;;;;;;;;;;;;;
2019/12/12;1200 UTC;;;;;;;;;;;;;;;;;
2019/12/12;1300 UTC;;;;;;;;;;;;;;;;;
2019/12/12;1400 UTC;;;;;;;;;;;;;;;;;
2019/12/12;1500 UTC;;;;;;;;;;;;;;;;;
2019/12/12;1600 UTC;;;;;;;;;;;;;;;;;
2019/12/12;1700 UTC;;;;;;;;;;;;;;;;;
2019/12/12;1800 UTC;;;;;;;;;;;;;;;;;
2019/12/12;1900 UTC;;;;;;;;;;;;;;;;;
2019/12/12;2000 UTC;;;;;;;;;;;;;;;;;
2019/12/12;2100 UTC;;;;;;;;;;;;;;;;;
2019/12/12;2200 UTC;;;;;;;;;;;;;;;;;
2019/12/12;2300 UTC;;;;;;;;;;;;;;;;;
2019/12/13;0000 UTC;;;;;;;;;;;;;;;;;
2019/12/13;0100 UTC;;;;;;;;;;;;;;;;;
2019/12/13;0200 UTC;;;;;;;;;;;;;;;;;
2019/12/13;0300 UTC;;;;;;;;;;;;;;;;;
2019/12/13;0400 UTC;;;;;;;;;;;;;;;;;
2019/12/13;0500 UTC;;;;;;;;;;;;;;;;;
2019/12/13;0600 UTC;;;;;;;;;;;;;;;;;
2019/12/13;0700 UTC;;;;;;;;;;;;;;;;;
2019/12/13;0800 UTC;;;;;;;;;;;;;;;;;
2019/12/13;0900 UTC;;;;;;;;;;;;;;;;;
2019/12/13;1000 UTC;;;;;;;;;;;;;;;;;
2019/12/13;1100 UTC;;;;;;;;;;;;;;;;;
2019/12/13;1200 UTC;;;;;;;;;;;;;;;;;
2019/12/13;1300 UTC;;;;;;;;;;;;;;;;;
2019/12/13;1400 UTC;;;;;;;;;;;;;;;;;
2019/12/13;1500 UTC;;;;;;;;;;;;;;;;;
2019/12/13;1600 UTC;;;;;;;;;;;;;;;;;
2019/12/13;1700 UTC;;;;;;;;;;;;;;;;;
2019/12/13;1800 UTC;;;;;;;;;;;;;;;;;
2019/12/13;1900 UTC;;;;;;;;;;;;;;;;;
2019/12/13;2000 UTC;;;;;;;;;;;;;;;;;
2019/12/13;2100 UTC;;;;;;;;;;;;;;;;;
2019/12/13;2200 UTC;;;;;;;;;;;;;;;;;
2019/12/13;2300 UTC;;;;;;;;;;;;;;;;;
2019/12/14;0000 UTC;;;;;;;;;;;;;;;;;
2019/12/14;0100 UTC;;;;;;;;;;;;;;;;;
2019/12/14;0200 UTC;;;;;;;;;;;;;;;;;
2019/12/14;0300 UTC;;;;;;;;;;;;;;;;;
2019/12/14;0400 UTC;;;;;;;;;;;;;;;;;
2019/12/14;0500 UTC;;;;;;;;;;;;;;;;;
2019/12/14;0600 UTC;;;;;;;;;;;;;;;;;
2019/12/14;0700 UTC;;;;;;;;;;;;;;;;;
2019/12/14;0800 UTC;;;;;;;;;;;;;;;;;
2019/12/14;0900 UTC;;;;;;;;;;;;;;;;;
2019/12/14;1000 UTC;;;;;;;;;;;;;;;;;
2019/12/14;1100 UTC;;;;;;;;;;;;;;;;;
2019/12/14;1200 UTC;;;;;;;;;;;;;;;;;
2019/12/14;1300 UTC;;;;;;;;;;;;;;;;;
2019/12/14;1400 UTC;;;;;;;;;;;;;;;;;
2019/12/14;1500 UTC;;;;;;;;;;;;;;;;;
2019/12/14;1600 UTC;;;;;;;;;;;;;;;;;
2019/12/14;1700 UTC;;;;;;;;;;;;;;;;;
2019/12/14;1800 UTC;;;;;;;;;;;;;;;;;
2019/12/14;1900 UTC;;;;;;;;;;;;;;;;;
2019/12/14;2000 UTC;;;;;;;;;;;;;;;;;
2019/12/14;2100 UTC;;;;;;;;;;;;;;;;;
2019/12/14;2200 UTC;;;;;;;;;;;;;;;;;
2019/12/14;2300 UTC;;;;;;;;;;;;;;;;;
2019/12/15;0000 UTC;;;;;;;;;;;;;;;;;
2019/12/15;0100 UTC;;;;;;;;;;;;;;;;;
2019/12/15;0200 UTC;;;;;;;;;;;;;;;;;
2019/12/15;0300 UTC;;;;;;;;;;;;;;;;;
2019/12/15;0400 UTC;;;;;;;;;;;;;;;;;
2019/12/15;0500 UTC;;;;;;;;;;;;;;;;;
2019/12/15;0600 UTC;;;;;;;;;;;;;;;;;
2019/12/15;0700 UTC;;;;;;;;;;;;;;;;;
2019/12/15;0800 UTC;;;;;;;;;;;;;;;;;
2019/12/15;0900 UTC;;;;;;;;;;;;;;;;;
2019/12/15;1000 UTC;;;;;;;;;;;;;;;;;
2019/12/15;1100 UTC;;;;;;;;;;;;;;;;;
2019/12/15;1200 UTC;;;;;;;;;;;;;;;;;
2019/12/15;1300 UTC;;;;;;;;;;;;;;;;;
2019/12/15;1400 UTC;;;;;;;;;;;;;;;;;
2019/12/15;1500 UTC;;;;;;;;;;;;;;;;;
2019/12/15;1600 UTC;;;;;;;;;;;;;;;;;
2019/12/15;1700 UTC;;;;;;;;;;;;;;;;;
2019/12/15;1800 UTC;;;;;;;;;;;;;;;;;
2019/12/15;1900 UTC;;;;;;;;;;;;;;;;;
2019/12/15;2000 UTC;;;;;;;;;;;;;;;;;
2019/12/15;2100 UTC;;;;;;;;;;;;;;;;;
2019/12/15;2200 UTC;;;;;;;;;;;;;;;;;
2019/12/15;2300 UTC;;;;;;;;;;;;;;;;;
2019/12/16;0000 UTC;;;;;;;;;;;;;;;;;
2019/12/16;0100 UTC;;;;;;;;;;;;;;;;;
2019/12/16;0200 UTC;;;;;;;;;;;;;;;;;
2019/12/16;0300 UTC;;;;;;;;;;;;;;;;;
2019/12/16;0400 UTC;;;;;;;;;;;;;;;;;
2019/12/16;0500 UTC;;;;;;;;;;;;;;;;;
2019/12/16;0600 UTC;;;;;;;;;;;;;;;;;
2019/12/16;0700 UTC;;;;;;;;;;;;;;;;;
2019/12/16;0800 UTC;;;;;;;;;;;;;;;;;
2019/12/16;0900 UTC;;;;;;;;;;;;;;;;;
2019/12/16;1000 UTC;;;;;;;;;;;;;;;;;
2019/12/16;1100 UTC;;;;;;;;;;;;;;;;;
2019/12/16;1200 UTC;;;;;;;;;;;;;;;;;
2019/12/16;1300 UTC;;;;;;;;;;;;;;;;;
2019/12/16;1400 UTC;;;;;;;;;;;;;;;;;
2019/12/16;1500 UTC;;;;;;;;;;;;;;;;;
2019/12/16;1600 UTC;;;;;;;;;;;;;;;;;
2019/12/16;1700 UTC;;;;;;;;;;;;;;;;;
2019/12/16;1800 UTC;;;;;;;;;;;;;;;;;
2019/12/16;1900 UTC;;;;;;;;;;;;;;;;;
2019/12/16;2000 UTC;;;;;;;;;;;;;;;;;
2019/12/16;2100 UTC;;;;;;;;;;;;;;;;;
2019/12/16;2200 UTC;;;;;;;;;;;;;;;;;
2019/12/16;2300 UTC;;;;;;;;;;;;;;;;;
2019/12/17;0000 UTC;;;;;;;;;;;;;;;;;
2019/12/17;0100 UTC;;;;;;;;;;;;;;;;;
2019/12/17;0200 UTC;;;;;;;;;;;;;;;;;
2019/12/17;0300 UTC;;;;;;;;;;;;;;;;;
2019/12/17;0400 UTC;;;;;;;;;;;;;;;;;
2019/12/17;0500 UTC;;;;;;;;;;;;;;;;;
2019/12/17;0600 UTC;;;;;;;;;;;;;;;;;
2019/12/17;0700 UTC;;;;;;;;;;;;;;;;;
2019/12/17;0800 UTC;;;;;;;;;;;;;;;;;
2019/12/17;0900 UTC;;;;;;;;;;;;;;;;;
2019/12/17;1000 UTC;;;;;;;;;;;;;;;;;
2019/12/17;1100 UTC;;;;;;;;;;;;;;;;;
2019/12/17;1200 UTC;;;;;;;;;;;;;;;;;
2019/12/17;1300 UTC;;;;;;;;;;;;;;;;;
2019/12/17;1400 UTC;;;;;;;;;;;;;;;;;
2019/12/17;1500 UTC;;;;;;;;;;;;;;;;;
2019/12/17;1600 UTC;;;;;;;;;;;;;;;;;
2019/12/17;1700 UTC;;;;;;;;;;;;;;;;;
2019/12/17;1800 UTC;;;;;;;;;;;;;;;;;
2019/12/17;1900 UTC;;;;;;;;;;;;;;;;;
2019/12/17;2000 UTC;;;;;;;;;;;;;;;;;
2019/12/17;2100 UTC;;;;;;;;;;;;;;;;;
2019/12/17;2200 UTC;;;;;;;;;;;;;;;;;
2019/12/17;2300 UTC;;;;;;;;;;;;;;;;;
2019/12/18;0000 UTC;;;;;;;;;;;;;;;;;
2019/12/18;0100 UTC;;;;;;;;;;;;;;;;;
2019/12/18;0200 UTC;;;;;;;;;;;;;;;;;
2019/12/18;0300 UTC;;;;;;;;;;;;;;;;;
2019/12/18;0400 UTC;;;;;;;;;;;;;;;;;
2019/12/18;0500 UTC;;;;;;;;;;;;;;;;;
2019/12/18;0600 UTC;;;;;;;;;;;;;;;;;
2019/12/18;0700 UTC;;;;;;;;;;;;;;;;;
2019/12/18;0800 UTC;;;;;;;;;;;;;;;;;
2019/12/18;0900 UTC;;;;;;;;;;;;;;;;;
2019/12/18;1000 UTC;;;;;;;;;;;;;;;;;
2019/12/18;1100 UTC;;;;;;;;;;;;;;;;;
2019/12/18;1200 UTC;;;;;;;;;;;;;;;;;
2019/12/18;1300 UTC;;;;;;;;;;;;;;;;;
2019/12/18;1400 UTC;;;;;;;;;;;;;;;;;
2019/12/18;1500 UTC;;;;;;;;;;;;;;;;;
2019/12/18;1600 UTC;;;;;;;;;;;;;;;;;
2019/12/18;1700 UTC;;;;;;;;;;;;;;;;;
2019/12/18;1800 UTC;;;;;;;;;;;;;;;;;
2019/12/18;1900 UTC;;;;;;;;;;;;;;;;;
2019/12/18;2000 UTC;;;;;;;;;;;;;;;;;
2019/12/18;2100 UTC;;;;;;;;;;;;;;;;;
2019/12/18;2200 UTC;;;;;;;;;;;;;;;;;
2019/12/18;2300 UTC;;;;;;;;;;;;;;;;;
2019/12/19;0000 UTC;;;;;;;;;;;;;;;;;
2019/12/19;0100 UTC;;;;;;;;;;;;;;;;;
2019/12/19;0200 UTC;;;;;;;;;;;;;;;;;
2019/12/19;0300 UTC;;;;;;;;;;;;;;;;;
2019/12/19;0400 UTC;;;;;;;;;;;;;;;;;
2019/12/19;0500 UTC;;;;;;;;;;;;;;;;;
2019/12/19;0600 UTC;;;;;;;;;;;;;;;;;
2019/12/19;0700 UTC;;;;;;;;;;;;;;;;;
2019/12/19;0800 UTC;;;;;;;;;;;;;;;;;
2019/12/19;0900 UTC;;;;;;;;;;;;;;;;;
2019/12/19;1000 UTC;;;;;;;;;;;;;;;;;
2019/12/19;1100 UTC;;;;;;;;;;;;;;;;;
2019/12/19;1200 UTC;;;;;;;;;;;;;;;;;
2019/12/19;1300 UTC;;;;;;;;;;;;;;;;;
2019/12/19;1400 UTC;;;;;;;;;;;;;;;;;
2019/12/19;1500 UTC;;;;;;;;;;;;;;;;;
2019/12/19;1600 UTC;;;;;;;;;;;;;;;;;
2019/12/19;1700 UTC;;;;;;;;;;;;;;;;;
2019/12/19;1800 UTC;;;;;;;;;;;;;;;;;
2019/12/19;1900 UTC;;;;;;;;;;;;;;;;;
2019/12/19;2000 UTC;;;;;;;;;;;;;;;;;
2019/12/19;2100 UTC;;;;;;;;;;;;;;;;;
2019/12/19;2200 UTC;;;;;;;;;;;;;;;;;
2019/12/19;2300 UTC;;;;;;;;;;;;;;;;;
2019/12/20;0000 UTC;;;;;;;;;;;;;;;;;
2019/12/20;0100 UTC;;;;;;;;;;;;;;;;;
2019/12/20;0200 UTC;;;;;;;;;;;;;;;;;
2019/12/20;0300 UTC;;;;;;;;;;;;;;;;;
2019/12/20;0400 UTC;;;;;;;;;;;;;;;;;
2019/12/20;0500 UTC;;;;;;;;;;;;;;;;;
2019/12/20;0600 UTC;;;;;;;;;;;;;;;;;
2019/12/20;0700 UTC;;;;;;;;;;;;;;;;;
2019/12/20;0800 UTC;;;;;;;;;;;;;;;;;
2019/12/20;0900 UTC;;;;;;;;;;;;;;;;;
2019/12/20;1000 UTC;;;;;;;;;;;;;;;;;
2019/12/20;1100 UTC;;;;;;;;;;;;;;;;;
2019/12/20;1200 UTC;;;;;;;;;;;;;;;;;
2019/12/20;1300 UTC;;;;;;;;;;;;;;;;;
2019/12/20;1400 UTC;;;;;;;;;;;;;;;;;
2019/12/20;1500 UTC;;;;;;;;;;;;;;;;;
2019/12/20;1600 UTC;;;;;;;;;;;;;;;;;
2019/12/20;1700 UTC;;;;;;;;;;;;;;;;;
2019/12/20;1800 UTC;;;;;;;;;;;;;;;;;
2019/12/20;1900 UTC;;;;;;;;;;;;;;;;;
2019/12/20;2000 UTC;;;;;;;;;;;;;;;;;
2019/12/20;2100 UTC;;;;;;;;;;;;;;;;;
2019/12/20;2200 UTC;;;;;;;;;;;;;;;;;
2019/12/20;2300 UTC;;;;;;;;;;;;;;;;;
2019/12/21;0000 UTC;;;;;;;;;;;;;;;;;
2019/12/21;0100 UTC;;;;;;;;;;;;;;;;;
2019/12/21;0200 UTC;;;;;;;;;;;;;;;;;
2019/12/21;0300 UTC;;;;;;;;;;;;;;;;;
2019/12/21;0400 UTC;;;;;;;;;;;;;;;;;
2019/12/21;0500 UTC;;;;;;;;;;;;;;;;;
2019/12/21;0600 UTC;;;;;;;;;;;;;;;;;
2019/12/21;0700 UTC;;;;;;;;;;;;;;;;;
2019/12/21;0800 UTC;;;;;;;;;;;;;;;;;
2019/12/21;0900 UTC;;;;;;;;;;;;;;;;;
2019/12/21;1000 UTC;;;;;;;;;;;;;;;;;
2019/12/21;1100 UTC;;;;;;;;;;;;;;;;;
2019/12/21;1200 UTC;;;;;;;;;;;;;;;;;
2019/12/21;1300 UTC;;;;;;;;;;;;;;;;;
2019/12/21;1400 UTC;;;;;;;;;;;;;;;;;
2019/12/21;1500 UTC;;;;;;;;;;;;;;;;;
2019/12/21;1600 UTC;;;;;;;;;;;;;;;;;
2019/12/21;1700 UTC;;;;;;;;;;;;;;;;;
2019/12/21;1800 UTC;;;;;;;;;;;;;;;;;
2019/12/21;1900 UTC;;;;;;;;;;;;;;;;;
2019/12/21;2000 UTC;;;;;;;;;;;;;;;;;
2019/12/21;2100 UTC;;;;;;;;;;;;;;;;;
2019/12/21;2200 UTC;;;;;;;;;;;;;;;;;
2019/12/21;2300 UTC;;;;;;;;;;;;;;;;;
2019/12/22;0000 UTC;;;;;;;;;;;;;;;;;
2019/12/22;0100 UTC;;;;;;;;;;;;;;;;;
2019/12/22;0200 UTC;;;;;;;;;;;;;;;;;
2019/12/22;0300 UTC;;;;;;;;;;;;;;;;;
2019/12/22;0400 UTC;;;;;;;;;;;;;;;;;
2019/12/22;0500 UTC;;;;;;;;;;;;;;;;;
2019/12/22;0600 UTC;;;;;;;;;;;;;;;;;
2019/12/22;0700 UTC;;;;;;;;;;;;;;;;;
2019/12/22;0800 UTC;;;;;;;;;;;;;;;;;
2019/12/22;0900 UTC;;;;;;;;;;;;;;;;;
2019/12/22;1000 UTC;;;;;;;;;;;;;;;;;
2019/12/22;1100 UTC;;;;;;;;;;;;;;;;;
2019/12/22;1200 UTC;;;;;;;;;;;;;;;;;
2019/12/22;1300 UTC;;;;;;;;;;;;;;;;;
2019/12/22;1400 UTC;;;;;;;;;;;;;;;;;
2019/12/22;1500 UTC;;;;;;;;;;;;;;;;;
2019/12/22;1600 UTC;;;;;;;;;;;;;;;;;
2019/12/22;1700 UTC;;;;;;;;;;;;;;;;;
2019/12/22;1800 UTC;;;;;;;;;;;;;;;;;
2019/12/22;1900 UTC;;;;;;;;;;;;;;;;;
2019/12/22;2000 UTC;;;;;;;;;;;;;;;;;
2019/12/22;2100 UTC;;;;;;;;;;;;;;;;;
2019/12/22;2200 UTC;;;;;;;;;;;;;;;;;
2019/12/22;2300 UTC;;;;;;;;;;;;;;;;;
2019/12/23;0000 UTC;;;;;;;;;;;;;;;;;
2019/12/23;0100 UTC;;;;;;;;;;;;;;;;;
2019/12/23;0200 UTC;;;;;;;;;;;;;;;;;
2019/12/23;0300 UTC;;;;;;;;;;;;;;;;;
2019/12/23;0400 UTC;;;;;;;;;;;;;;;;;
2019/12/23;0500 UTC;;;;;;;;;;;;;;;;;
2019/12/23;0600 UTC;;;;;;;;;;;;;;;;;
2019/12/23;0700 UTC;;;;;;;;;;;;;;;;;
2019/12/23;0800 UTC;;;;;;;;;;;;;;;;;
2019/12/23;0900 UTC;;;;;;;;;;;;;;;;;
2019/12/23;1000 UTC;;;;;;;;;;;;;;;;;
2019/12/23;1100 UTC;;;;;;;;;;;;;;;;;
2019/12/23;1200 UTC;;;;;;;;;;;;;;;;;
2019/12/23;1300 UTC;;;;;;;;;;;;;;;;;
2019/12/23;1400 UTC;;;;;;;;;;;;;;;;;
2019/12/23;1500 UTC;;;;;;;;;;;;;;;;;
2019/12/23;1600 UTC;;;;;;;;;;;;;;;;;
2019/12/23;1700 UTC;;;;;;;;;;;;;;;;;
2019/12/23;1800 UTC;;;;;;;;;;;;;;;;;
2019/12/23;1900 UTC;;;;;;;;;;;;;;;;;
2019/12/23;2000 UTC;;;;;;;;;;;;;;;;;
2019/12/23;2100 UTC;;;;;;;;;;;;;;;;;
2019/12/23;2200 UTC;;;;;;;;;;;;;;;;;
2019/12/23;2300 UTC;;;;;;;;;;;;;;;;;
2019/12/24;0000 UTC;;;;;;;;;;;;;;;;;
2019/12/24;0100 UTC;;;;;;;;;;;;;;;;;
2019/12/24;0200 UTC;;;;;;;;;;;;;;;;;
2019/12/24;0300 UTC;;;;;;;;;;;;;;;;;
2019/12/24;0400 UTC;;;;;;;;;;;;;;;;;
2019/12/24;0500 UTC;;;;;;;;;;;;;;;;;
2019/12/24;0600 UTC;;;;;;;;;;;;;;;;;
2019/12/24;0700 UTC;;;;;;;;;;;;;;;;;
2019/12/24;0800 UTC;;;;;;;;;;;;;;;;;
2019/12/24;0900 UTC;;;;;;;;;;;;;;;;;
2019/12/24;1000 UTC;;;;;;;;;;;;;;;;;
2019/12/24;1100 UTC;;;;;;;;;;;;;;;;;
2019/12/24;1200 UTC;;;;;;;;;;;;;;;;;
2019/12/24;1300 UTC;;;;;;;;;;;;;;;;;
2019/12/24;1400 UTC;;;;;;;;;;;;;;;;;
2019/12/24;1500 UTC;;;;;;;;;;;;;;;;;
2019/12/24;1600 UTC;;;;;;;;;;;;;;;;;
2019/12/24;1700 UTC;;;;;;;;;;;;;;;;;
2019/12/24;1800 UTC;;;;;;;;;;;;;;;;;
2019/12/24;1900 UTC;;;;;;;;;;;;;;;;;
2019/12/24;2000 UTC;;;;;;;;;;;;;;;;;
2019/12/24;2100 UTC;;;;;;;;;;;;;;;;;
2019/12/24;2200 UTC;;;;;;;;;;;;;;;;;
2019/12/24;2300 UTC;;;;;;;;;;;;;;;;;
2019/12/25;0000 UTC;;;;;;;;;;;;;;;;;
2019/12/25;0100 UTC;;;;;;;;;;;;;;;;;
2019/12/25;0200 UTC;;;;;;;;;;;;;;;;;
2019/12/25;0300 UTC;;;;;;;;;;;;;;;;;
2019/12/25;0400 UTC;;;;;;;;;;;;;;;;;
2019/12/25;0500 UTC;;;;;;;;;;;;;;;;;
2019/12/25;0600 UTC;;;;;;;;;;;;;;;;;
2019/12/25;0700 UTC;;;;;;;;;;;;;;;;;
2019/12/25;0800 UTC;;;;;;;;;;;;;;;;;
2019/12/25;0900 UTC;;;;;;;;;;;;;;;;;
2019/12/25;1000 UTC;;;;;;;;;;;;;;;;;
2019/12/25;1100 UTC;;;;;;;;;;;;;;;;;
2019/12/25;1200 UTC;;;;;;;;;;;;;;;;;
2019/12/25;1300 UTC;;;;;;;;;;;;;;;;;
2019/12/25;1400 UTC;;;;;;;;;;;;;;;;;
2019/12/25;1500 UTC;;;;;;;;;;;;;;;;;
2019/12/25;1600 UTC;;;;;;;;;;;;;;;;;
2019/12/25;1700 UTC;;;;;;;;;;;;;;;;;
2019/12/25;1800 UTC;;;;;;;;;;;;;;;;;
2019/12/25;1900 UTC;;;;;;;;;;;;;;;;;
2019/12/25;2000 UTC;;;;;;;;;;;;;;;;;
2019/12/25;2100 UTC;;;;;;;;;;;;;;;;;
2019/12/25;2200 UTC;;;;;;;;;;;;;;;;;
2019/12/25;2300 UTC;;;;;;;;;;;;;;;;;
2019/12/26;0000 UTC;;;;;;;;;;;;;;;;;
2019/12/26;0100 UTC;;;;;;;;;;;;;;;;;
2019/12/26;0200 UTC;;;;;;;;;;;;;;;;;
2019/12/26;0300 UTC;;;;;;;;;;;;;;;;;
2019/12/26;0400 UTC;;;;;;;;;;;;;;;;;
2019/12/26;0500 UTC;;;;;;;;;;;;;;;;;
2019/12/26;0600 UTC;;;;;;;;;;;;;;;;;
2019/12/26;0700 UTC;;;;;;;;;;;;;;;;;
2019/12/26;0800 UTC;;;;;;;;;;;;;;;;;
2019/12/26;0900 UTC;;;;;;;;;;;;;;;;;
2019/12/26;1000 UTC;;;;;;;;;;;;;;;;;
2019/12/26;1100 UTC;;;;;;;;;;;;;;;;;
2019/12/26;1200 UTC;;;;;;;;;;;;;;;;;
2019/12/26;1300 UTC;;;;;;;;;;;;;;;;;
2019/12/26;1400 UTC;;;;;;;;;;;;;;;;;
2019/12/26;1500 UTC;;;;;;;;;;;;;;;;;
2019/12/26;1600 UTC;;;;;;;;;;;;;;;;;
2019/12/26;1700 UTC;;;;;;;;;;;;;;;;;
2019/12/26;1800 UTC;;;;;;;;;;;;;;;;;
2019/12/26;1900 UTC;;;;;;;;;;;;;;;;;
2019/12/26;2000 UTC;;;;;;;;;;;;;;;;;
2019/12/26;2100 UTC;;;;;;;;;;;;;;;;;
2019/12/26;2200 UTC;;;;;;;;;;;;;;;;;
2019/12/26;2300 UTC;;;;;;;;;;;;;;;;;
2019/12/27;0000 UTC;;;;;;;;;;;;;;;;;
2019/12/27;0100 UTC;;;;;;;;;;;;;;;;;
2019/12/27;0200 UTC;;;;;;;;;;;;;;;;;
2019/12/27;0300 UTC;;;;;;;;;;;;;;;;;
2019/12/27;0400 UTC;;;;;;;;;;;;;;;;;
2019/12/27;0500 UTC;;;;;;;;;;;;;;;;;
2019/12/27;0600 UTC;;;;;;;;;;;;;;;;;
2019/12/27;0700 UTC;;;;;;;;;;;;;;;;;
2019/12/27;0800 UTC;;;;;;;;;;;;;;;;;
2019/12/27;0900 UTC;;;;;;;;;;;;;;;;;
2019/12/27;1000 UTC;;;;;;;;;;;;;;;;;
2019/12/27;1100 UTC;;;;;;;;;;;;;;;;;
2019/12/27;1200 UTC;;;;;;;;;;;;;;;;;
2019/12/27;1300 UTC;;;;;;;;;;;;;;;;;
2019/12/27;1400 UTC;;;;;;;;;;;;;;;;;
2019/12/27;1500 UTC;;;;;;;;;;;;;;;;;
2019/12/27;1600 UTC;;;;;;;;;;;;;;;;;
2019/12/27;1700 UTC;;;;;;;;;;;;;;;;;
2019/12/27;1800 UTC;;;;;;;;;;;;;;;;;
2019/12/27;1900 UTC;;;;;;;;;;;;;;;;;
2019/12/27;2000 UTC;;;;;;;;;;;;;;;;;
2019/12/27;2100 UTC;;;;;;;;;;;;;;;;;
2019/12/27;2200 UTC;;;;;;;;;;;;;;;;;
2019/12/27;2300 UTC;;;;;;;;;;;;;;;;;
2019/12/28;0000 UTC;;;;;;;;;;;;;;;;;
2019/12/28;0100 UTC;;;;;;;;;;;;;;;;;
2019/12/28;0200 UTC;;;;;;;;;;;;;;;;;
2019/12/28;0300 UTC;;;;;;;;;;;;;;;;;
2019/12/28;0400 UTC;;;;;;;;;;;;;;;;;
2019/12/28;0500 UTC;;;;;;;;;;;;;;;;;
2019/12/28;0600 UTC;;;;;;;;;;;;;;;;;
2019/12/28;0700 UTC;;;;;;;;;;;;;;;;;
2019/12/28;0800 UTC;;;;;;;;;;;;;;;;;
2019/12/28;0900 UTC;;;;;;;;;;;;;;;;;
2019/12/28;1000 UTC;;;;;;;;;;;;;;;;;
2019/12/28;1100 UTC;;;;;;;;;;;;;;;;;
2019/12/28;1200 UTC;;;;;;;;;;;;;;;;;
2019/12/28;1300 UTC;;;;;;;;;;;;;;;;;
2019/12/28;1400 UTC;;;;;;;;;;;;;;;;;
2019/12/28;1500 UTC;;;;;;;;;;;;;;;;;
2019/12/28;1600 UTC;;;;;;;;;;;;;;;;;
2019/12/28;1700 UTC;;;;;;;;;;;;;;;;;
2019/12/28;1800 UTC;;;;;;;;;;;;;;;;;
2019/12/28;1900 UTC;;;;;;;;;;;;;;;;;
2019/12/28;2000 UTC;;;;;;;;;;;;;;;;;
2019/12/28;2100 UTC;;;;;;;;;;;;;;;;;
2019/12/28;2200 UTC;;;;;;;;;;;;;;;;;
2019/12/28;2300 UTC;;;;;;;;;;;;;;;;;
2019/12/29;0000 UTC;;;;;;;;;;;;;;;;;
2019/12/29;0100 UTC;;;;;;;;;;;;;;;;;
2019/12/29;0200 UTC;;;;;;;;;;;;;;;;;
2019/12/29;0300 UTC;;;;;;;;;;;;;;;;;
2019/12/29;0400 UTC;;;;;;;;;;;;;;;;;
2019/12/29;0500 UTC;;;;;;;;;;;;;;;;;
2019/12/29;0600 UTC;;;;;;;;;;;;;;;;;
2019/12/29;0700 UTC;;;;;;;;;;;;;;;;;
2019/12/29;0800 UTC;;;;;;;;;;;;;;;;;
2019/12/29;0900 UTC;;;;;;;;;;;;;;;;;
2019/12/29;1000 UTC;;;;;;;;;;;;;;;;;
2019/12/29;1100 UTC;;;;;;;;;;;;;;;;;
2019/12/29;1200 UTC;;;;;;;;;;;;;;;;;
2019/12/29;1300 UTC;;;;;;;;;;;;;;;;;
2019/12/29;1400 UTC;;;;;;;;;;;;;;;;;
2019/12/29;1500 UTC;;;;;;;;;;;;;;;;;
2019/12/29;1600 UTC;;;;;;;;;;;;;;;;;
2019/12/29;1700 UTC;;;;;;;;;;;;;;;;;
2019/12/29;1800 UTC;;;;;;;;;;;;;;;;;
2019/12/29;1900 UTC;;;;;;;;;;;;;;;;;
2019/12/29;2000 UTC;;;;;;;;;;;;;;;;;
2019/12/29;2100 UTC;;;;;;;;;;;;;;;;;
2019/12/29;2200 UTC;;;;;;;;;;;;;;;;;
2019/12/29;2300 UTC;;;;;;;;;;;;;;;;;
2019/12/30;0000 UTC;;;;;;;;;;;;;;;;;
2019/12/30;0100 UTC;;;;;;;;;;;;;;;;;
2019/12/30;0200 UTC;;;;;;;;;;;;;;;;;
2019/12/30;0300 UTC;;;;;;;;;;;;;;;;;
2019/12/30;0400 UTC;;;;;;;;;;;;;;;;;
2019/12/30;0500 UTC;;;;;;;;;;;;;;;;;
2019/12/30;0600 UTC;;;;;;;;;;;;;;;;;
2019/12/30;0700 UTC;;;;;;;;;;;;;;;;;
2019/12/30;0800 UTC;;;;;;;;;;;;;;;;;
2019/12/30;0900 UTC;;;;;;;;;;;;;;;;;
2019/12/30;1000 UTC;;;;;;;;;;;;;;;;;
2019/12/30;1100 UTC;;;;;;;;;;;;;;;;;
2019/12/30;1200 UTC;;;;;;;;;;;;;;;;;
2019/12/30;1300 UTC;;;;;;;;;;;;;;;;;
2019/12/30;1400 UTC;;;;;;;;;;;;;;;;;
2019/12/30;1500 UTC;;;;;;;;;;;;;;;;;
2019/12/30;1600 UTC;;;;;;;;;;;;;;;;;
2019/12/30;1700 UTC;;;;;;;;;;;;;;;;;
2019/12/30;1800 UTC;;;;;;;;;;;;;;;;;
2019/12/30;1900 UTC;;;;;;;;;;;;;;;;;
2019/12/30;2000 UTC;;;;;;;;;;;;;;;;;
2019/12/30;2100 UTC;;;;;;;;;;;;;;;;;
2019/12/30;2200 UTC;;;;;;;;;;;;;;;;;
2019/12/30;2300 UTC;;;;;;;;;;;;;;;;;
2019/12/31;0000 UTC;;;;;;;;;;;;;;;;;
2019/12/31;0100 UTC;;;;;;;;;;;;;;;;;
2019/12/31;0200 UTC;;;;;;;;;;;;;;;;;
2019/12/31;0300 UTC;;;;;;;;;;;;;;;;;
2019/12/31;0400 UTC;;;;;;;;;;;;;;;;;
2019/12/31;0500 UTC;;;;;;;;;;;;;;;;;
2019/12/31;0600 UTC;;;;;;;;;;;;;;;;;
2019/12/31;0700 UTC;;;;;;;;;;;;;;;;;
2019/12/31;0800 UTC;;;;;;;;;;;;;;;;;
2019/12/31;0900 UTC;;;;;;;;;;;;;;;;;
2019/12/31;1000 UTC;;;;;;;;;;;;;;;;;
2019/12/31;1100 UTC;;;;;;;;;;;;;;;;;
2019/12/31;1200 UTC;;;;;;;;;;;;;;;;;
2019/12/31;1300 UTC;;;;;;;;;;;;;;;;;
2019/12/31;1400 UTC;;;;;;;;;;;;;;;;;
2019/12/31;1500 UTC;;;;;;;;;;;;;;;;;
2019/12/31;1600 UTC;;;;;;;;;;;;;;;;;
2019/12/31;1700 UTC;;;;;;;;;;;;;;;;;
2019/12/31;1800 UTC;;;;;;;;;;;;;;;;;
2019/12/31;1900 UTC;;;;;;;;;;;;;;;;;
2019/12/31;2000 UTC;;;;;;;;;;;;;;;;;
2019/12/31;2100 UTC;;;;;;;;;;;;;;;;;
2019/12/31;2200 UTC;;;;;;;;;;;;;;;;;
2019/12/31;2300 UTC;;;;;;;;;;;;;;;;;
