Data;Hora UTC;PRECIPITAÇÃO TOTAL, HORÁRIO (mm);PRESSAO ATMOSFERICA AO NIVEL DA ESTACAO, HORARIA (mB);PRESSÃO ATMOSFERICA MAX.NA HORA ANT. (AUT) (mB);PRESSÃO ATMOSFERICA MIN. NA HORA ANT. (AUT) (mB);RADIACAO GLOBAL (Kj/m²);TEMPERATURA DO AR - BULBO SECO, HORARIA (°C);TEMPERATURA DO PONTO DE ORVALHO (°C);TEMPERATURA MÁXIMA NA HORA ANT. (AUT) (°C);TEMPERATURA MÍNIMA NA HORA ANT. (AUT) (°C);TEMPERATURA ORVALHO MAX. NA HORA ANT. (AUT) (°C);TEMPERATURA ORVALHO MIN. NA HORA ANT. (AUT) (°C);UMIDADE REL. MAX. NA HORA ANT. (AUT) (%);UMIDADE REL. MIN. NA HORA ANT. (AUT) (%);UMIDADE RELATIVA DO AR, HORARIA (%);VENTO, DIREÇÃO HORARIA (gr) (° (gr));VENTO, RAJADA MAXIMA (m/s);VENTO, VELOCIDADE HORARIA (m/s)
2020/01/01;0000 UTC;0.0;951.5;951.5;951.0;;23.1;21.1;23.8;23.1;21.4;21.1;88.0;86.0;88.0;195.0;7.6;4.6
2020/01/01;0100 UTC;0.0;952.3;952.4;951.5;;22.8;21.1;23.3;22.7;21.3;21.0;91.0;88.0;90.0;157.0;8.0;3.8
2020/01/01;0200 UTC;0.0;952.0;952.4;952.0;;22.6;21.2;22.9;22.6;21.3;20.9;92.0;90.0;92.0;179.0;6.4;3.9
2020/01/01;0300 UTC;0.0;951.6;952.0;951.6;;22.7;21.2;22.7;22.6;21.3;21.1;92.0;91.0;91.0;182.0;6.3;2.6
2020/01/01;0400 UTC;0.0;950.9;951.6;950.9;;22.3;21.0;22.7;22.3;21.1;20.9;92.0;91.0;92.0;200.0;6.2;3.1
2020/01/01;0500 UTC;0.0;950.5;950.9;950.5;;22.3;21.0;22.5;22.3;21.1;21.0;92.0;92.0;92.0;169.0;5.0;2.0
2020/01/01;0600 UTC;0.0;950.3;950.5;950.2;;22.2;21.0;22.4;22.2;21.0;20.9;93.0;92.0;93.0;175.0;5.3;2.8
2020/01/01;0700 UTC;0.0;950.7;950.7;950.3;;22.3;21.1;22.4;22.2;21.2;21.0;93.0;93.0;93.0;207.0;5.0;2.7
2020/01/01;0800 UTC;0.0;951.2;951.3;950.7;;22.3;21.1;22.4;22.2;21.2;21.1;93.0;93.0;93.0;171.0;4.6;2.2
2020/01/01;0900 UTC;0.0;952.0;952.0;951.2;50.6;22.5;21.2;22.5;22.2;21.3;21.1;93.0;93.0;93.0;177.0;4.3;2.2
2020/01/01;1000 UTC;0.0;952.5;952.5;952.0;219.3;22.8;21.3;22.9;22.4;21.5;21.2;93.0;91.0;91.0;184.0;4.8;2.1
2020/01/01;1100 UTC;0.0;952.2;952.5;952.2;489.6;23.4;21.1;23.6;22.8;21.6;21.1;91.0;87.0;87.0;192.0;5.0;3.0
2020/01/01;1200 UTC;0.0;952.1;952.3;952.1;1081.2;24.8;20.7;25.0;23.4;21.3;20.6;87.0;78.0;78.0;85.0;5.6;2.8
2020/01/01;1300 UTC;0.0;952.2;952.2;952.1;1136.2;25.1;20.1;25.5;24.8;20.9;20.1;78.0;73.0;74.0;206.0;5.6;3.2
2020/01/01;1400 UTC;0.0;951.6;952.2;951.6;1248.4;26.6;20.5;26.6;25.1;20.7;20.2;75.0;69.0;69.0;165.0;5.6;2.1
2020/01/01;1500 UTC;0.0;950.9;951.6;950.9;1481.9;28.0;21.0;28.0;26.3;21.0;20.1;70.0;65.0;66.0;162.0;4.3;2.0
2020/01/01;1600 UTC;0.0;950.4;950.9;950.4;1850.9;27.9;20.0;28.2;26.9;20.8;19.9;67.0;62.0;62.0;180.0;5.8;2.6
2020/01/01;1700 UTC;0.0;949.6;950.4;949.6;1147.7;28.0;20.7;28.1;27.2;20.7;19.7;65.0;62.0;65.0;224.0;5.9;2.7
2020/01/01;1800 UTC;0.0;948.9;949.6;948.9;1441.5;27.3;20.5;28.4;27.1;21.0;20.2;67.0;63.0;67.0;223.0;7.1;3.7
2020/01/01;1900 UTC;0.0;949.1;949.1;948.8;702.2;26.9;20.8;27.9;26.6;21.1;20.2;70.0;65.0;69.0;187.0;7.2;3.2
2020/01/01;2000 UTC;0.0;949.7;949.7;949.1;330.2;25.5;20.8;26.9;25.5;21.1;20.6;75.0;69.0;75.0;350.0;8.4;3.4
2020/01/01;2100 UTC;0.2;950.2;950.3;949.7;27.0;23.8;21.3;25.5;23.8;21.5;20.8;86.0;75.0;86.0;351.0;8.4;2.9
2020/01/01;2200 UTC;0.0;950.3;950.4;950.2;;23.2;21.5;23.8;23.2;21.6;21.3;90.0;86.0;90.0;10.0;7.2;2.6
2020/01/01;2300 UTC;0.0;950.3;950.4;950.2;;22.5;21.4;23.2;22.5;21.6;21.4;94.0;90.0;94.0;134.0;8.6;4.4
2020/01/02;0000 UTC;0.0;951.2;951.2;950.3;;22.5;21.4;22.6;22.5;21.7;21.4;94.0;94.0;94.0;178.0;9.0;4.2
2020/01/02;0100 UTC;0.0;951.9;951.9;951.2;;22.3;21.2;22.5;22.2;21.4;21.1;94.0;93.0;93.0;172.0;8.6;4.1
2020/01/02;0200 UTC;0.0;951.9;952.3;951.9;;22.3;21.1;22.3;22.2;21.2;21.1;93.0;93.0;93.0;165.0;7.6;2.8
2020/01/02;0300 UTC;0.0;951.3;951.9;951.3;;22.1;20.9;22.3;22.1;21.1;20.9;93.0;93.0;93.0;187.0;6.4;3.3
2020/01/02;0400 UTC;0.0;950.6;951.3;950.6;;22.0;21.1;22.1;21.9;21.1;20.9;94.0;93.0;94.0;171.0;7.2;3.8
2020/01/02;0500 UTC;0.0;950.8;950.8;950.6;;22.0;21.0;22.1;22.0;21.1;21.0;95.0;94.0;94.0;188.0;7.5;2.4
2020/01/02;0600 UTC;0.2;950.5;950.8;950.4;;21.7;20.8;22.0;21.7;21.0;20.7;95.0;93.0;95.0;196.0;5.9;2.6
2020/01/02;0700 UTC;0.0;950.4;950.5;950.3;;21.6;20.8;21.8;21.6;20.9;20.7;95.0;94.0;95.0;171.0;5.2;2.7
2020/01/02;0800 UTC;0.0;951.0;951.1;950.3;;21.7;21.0;21.7;21.6;21.0;20.8;96.0;95.0;96.0;186.0;5.6;2.4
2020/01/02;0900 UTC;0.0;951.7;951.7;951.0;66.2;22.0;21.2;22.0;21.7;21.2;20.9;96.0;95.0;95.0;185.0;6.5;2.2
2020/01/02;1000 UTC;0.0;951.9;951.9;951.7;451.4;22.6;21.4;22.6;21.9;21.6;21.1;95.0;93.0;93.0;207.0;6.4;3.9
2020/01/02;1100 UTC;0.0;952.5;952.5;951.8;860.3;23.9;21.0;24.1;22.5;21.7;21.0;93.0;84.0;84.0;172.0;6.2;2.6
2020/01/02;1200 UTC;0.0;952.4;952.5;952.3;1881.7;25.9;20.1;26.0;23.9;21.4;20.0;84.0;70.0;70.0;187.0;6.3;3.6
2020/01/02;1300 UTC;0.0;952.0;952.5;952.0;2044.7;27.1;20.1;27.6;25.2;20.6;19.2;72.0;64.0;66.0;185.0;6.9;3.0
2020/01/02;1400 UTC;0.0;951.9;952.1;951.8;2237.6;28.2;19.3;28.4;27.0;20.6;18.9;66.0;58.0;59.0;186.0;7.0;3.8
2020/01/02;1500 UTC;0.0;951.2;951.9;951.2;2573.2;28.7;18.9;30.5;28.2;19.9;18.0;59.0;49.0;55.0;44.0;7.2;3.4
2020/01/02;1600 UTC;0.0;950.4;951.2;950.4;2786.9;30.1;18.0;31.6;28.7;19.5;17.9;55.0;47.0;48.0;166.0;7.2;2.9
2020/01/02;1700 UTC;0.0;949.5;950.4;949.5;1706.5;30.5;18.5;30.7;29.7;18.9;18.0;51.0;47.0;49.0;191.0;8.1;3.8
2020/01/02;1800 UTC;0.0;949.1;949.5;949.1;1852.4;30.5;18.9;31.3;29.9;19.5;18.3;51.0;48.0;50.0;174.0;7.4;2.9
2020/01/02;1900 UTC;0.0;949.1;949.2;949.0;1315.4;29.8;18.8;30.8;29.6;19.1;18.1;52.0;48.0;52.0;182.0;8.0;4.6
2020/01/02;2000 UTC;0.0;949.6;949.6;949.1;787.7;28.5;19.7;30.0;28.4;19.7;18.8;59.0;52.0;59.0;108.0;8.9;4.8
2020/01/02;2100 UTC;0.0;949.9;949.9;949.5;77.8;26.2;20.2;28.6;26.2;20.3;19.7;70.0;59.0;70.0;173.0;9.7;5.2
2020/01/02;2200 UTC;0.0;950.5;950.5;949.9;;24.9;20.0;26.3;24.9;20.3;20.0;74.0;70.0;74.0;193.0;12.4;5.1
2020/01/02;2300 UTC;0.0;951.3;951.3;950.5;;23.7;20.1;24.9;23.7;20.2;20.0;80.0;74.0;80.0;162.0;9.4;4.7
2020/01/03;0000 UTC;0.0;952.1;952.1;951.3;;22.8;20.2;23.7;22.8;20.3;20.0;85.0;80.0;85.0;177.0;9.3;4.7
2020/01/03;0100 UTC;0.0;952.1;952.2;952.0;;22.5;20.7;22.9;22.4;20.7;20.2;90.0;85.0;90.0;154.0;7.3;4.2
2020/01/03;0200 UTC;0.0;951.7;952.1;951.7;;22.1;20.7;22.5;22.0;20.8;20.7;92.0;90.0;92.0;167.0;7.7;4.0
2020/01/03;0300 UTC;0.0;951.4;951.8;951.4;;22.0;20.8;22.1;22.0;20.8;20.7;93.0;92.0;93.0;160.0;7.2;3.0
2020/01/03;0400 UTC;0.0;951.0;951.4;951.0;;21.8;20.9;22.0;21.8;20.9;20.8;94.0;93.0;94.0;167.0;6.7;2.6
2020/01/03;0500 UTC;0.0;950.7;951.0;950.7;;21.9;21.0;22.0;21.8;21.0;20.9;95.0;94.0;95.0;185.0;6.0;2.6
2020/01/03;0600 UTC;0.0;950.7;950.8;950.5;;21.9;21.0;22.0;21.8;21.1;20.9;95.0;94.0;95.0;196.0;6.5;3.2
2020/01/03;0700 UTC;0.0;950.8;950.8;950.7;;21.6;20.8;21.9;21.6;21.0;20.8;95.0;95.0;95.0;356.0;6.4;2.0
2020/01/03;0800 UTC;0.0;951.3;951.3;950.8;;21.7;20.9;21.8;21.6;20.9;20.7;95.0;95.0;95.0;188.0;5.2;3.1
2020/01/03;0900 UTC;0.0;952.0;952.0;951.3;70.9;21.8;21.0;21.8;21.7;21.0;20.8;95.0;95.0;95.0;183.0;5.8;2.3
2020/01/03;1000 UTC;0.0;952.8;952.8;952.0;665.3;23.2;21.8;23.2;21.8;21.9;21.0;95.0;92.0;92.0;169.0;6.7;2.8
2020/01/03;1100 UTC;0.0;953.2;953.2;952.8;1067.6;24.6;20.7;24.6;23.2;22.2;20.3;92.0;79.0;79.0;175.0;7.5;3.9
2020/01/03;1200 UTC;0.0;953.3;953.3;953.2;1910.6;26.9;19.5;27.5;24.6;20.9;19.5;79.0;64.0;64.0;185.0;7.8;3.6
2020/01/03;1300 UTC;0.0;953.0;953.4;953.0;2152.8;28.0;19.3;28.4;26.4;20.5;19.3;67.0;59.0;59.0;171.0;7.5;2.9
2020/01/03;1400 UTC;0.0;952.4;953.0;952.4;3146.9;30.0;18.1;30.7;27.8;19.5;18.1;60.0;49.0;49.0;181.0;7.5;3.1
2020/01/03;1500 UTC;0.0;951.7;952.5;951.7;3031.4;31.8;17.6;31.9;29.2;18.9;16.9;53.0;43.0;43.0;187.0;8.1;3.3
2020/01/03;1600 UTC;0.0;950.9;951.7;950.9;3240.4;32.3;17.6;32.8;30.8;18.2;16.0;45.0;39.0;42.0;174.0;8.1;2.9
2020/01/03;1700 UTC;0.0;949.9;950.9;949.8;2122.4;32.4;17.1;32.6;30.8;17.5;15.9;44.0;39.0;40.0;314.0;7.7;3.0
2020/01/03;1800 UTC;0.0;949.3;949.9;949.2;1862.4;31.8;16.3;33.5;31.1;16.7;15.4;41.0;35.0;39.0;184.0;7.8;3.9
2020/01/03;1900 UTC;0.0;949.0;949.3;949.0;933.6;30.9;16.3;31.9;30.9;16.5;15.7;42.0;39.0;41.0;180.0;7.8;3.8
2020/01/03;2000 UTC;0.0;949.6;949.6;949.0;393.5;30.0;17.9;31.0;29.9;17.9;16.3;48.0;41.0;48.0;178.0;7.7;3.6
2020/01/03;2100 UTC;0.0;950.3;950.3;949.6;77.0;27.8;19.0;30.0;27.8;19.0;17.8;59.0;48.0;59.0;156.0;8.7;4.8
2020/01/03;2200 UTC;0.0;951.0;951.0;950.3;;25.9;19.8;27.8;25.9;19.9;19.0;69.0;59.0;69.0;185.0;9.9;3.9
2020/01/03;2300 UTC;0.0;951.7;951.7;951.0;;24.3;20.2;25.9;24.3;20.2;19.8;78.0;69.0;78.0;169.0;9.8;4.4
2020/01/04;0000 UTC;0.0;952.1;952.1;951.6;;23.5;20.6;24.3;23.4;20.7;20.2;84.0;78.0;84.0;181.0;10.4;3.9
2020/01/04;0100 UTC;0.0;952.2;952.2;952.0;;23.0;20.7;23.4;23.0;20.8;20.6;87.0;84.0;87.0;172.0;9.0;3.6
2020/01/04;0200 UTC;0.0;951.8;952.2;951.8;;22.5;20.7;23.1;22.5;20.8;20.5;90.0;86.0;90.0;129.0;8.3;4.4
2020/01/04;0300 UTC;0.0;951.3;951.9;951.3;;22.3;20.8;22.6;22.3;20.9;20.7;91.0;90.0;91.0;140.0;8.3;3.3
2020/01/04;0400 UTC;0.0;951.0;951.3;951.0;;21.9;20.6;22.3;21.9;20.8;20.6;92.0;91.0;92.0;47.0;7.1;2.6
2020/01/04;0500 UTC;0.0;950.8;951.0;950.8;;21.9;20.7;22.0;21.8;20.7;20.6;93.0;92.0;93.0;47.0;7.1;3.4
2020/01/04;0600 UTC;0.0;951.0;951.0;950.7;;21.8;20.6;21.9;21.7;20.7;20.5;93.0;93.0;93.0;117.0;7.1;3.0
2020/01/04;0700 UTC;0.0;951.4;951.4;951.0;;21.7;20.5;21.8;21.7;20.6;20.5;93.0;93.0;93.0;358.0;6.3;3.0
2020/01/04;0800 UTC;0.0;952.0;952.0;951.4;;21.6;20.3;21.7;21.5;20.5;20.3;93.0;93.0;93.0;76.0;5.7;3.2
2020/01/04;0900 UTC;0.0;952.3;952.3;952.0;100.2;21.7;20.6;21.8;21.5;20.7;20.3;94.0;93.0;94.0;192.0;5.7;3.5
2020/01/04;1000 UTC;0.0;952.7;952.7;952.3;872.7;23.7;21.1;24.0;21.7;21.5;20.6;94.0;85.0;85.0;187.0;5.7;3.0
2020/01/04;1100 UTC;0.0;953.0;953.0;952.7;1779.1;25.3;19.6;25.7;23.7;21.9;19.5;86.0;70.0;71.0;192.0;6.2;3.3
2020/01/04;1200 UTC;0.0;953.1;953.2;953.0;2025.1;26.2;19.0;26.9;24.8;20.5;19.0;73.0;64.0;65.0;354.0;6.8;2.7
2020/01/04;1300 UTC;0.0;952.6;953.1;952.6;2389.6;27.9;18.7;28.3;25.8;19.9;18.3;66.0;57.0;58.0;61.0;6.5;2.5
2020/01/04;1400 UTC;0.0;952.1;952.6;952.1;3232.7;29.9;17.8;30.6;27.8;19.2;17.7;58.0;47.0;49.0;178.0;6.3;2.3
2020/01/04;1500 UTC;0.0;951.4;952.1;951.4;3878.1;30.5;16.7;32.2;29.6;18.8;16.5;49.0;42.0;44.0;166.0;6.9;2.4
2020/01/04;1600 UTC;0.0;950.4;951.4;950.4;3416.7;31.9;15.8;32.9;30.3;18.1;15.7;46.0;37.0;38.0;177.0;6.9;3.2
2020/01/04;1700 UTC;0.0;949.5;950.4;949.5;3269.0;32.4;15.0;33.6;31.9;16.6;15.0;39.0;35.0;35.0;178.0;8.3;2.2
2020/01/04;1800 UTC;0.0;948.9;949.5;948.9;2496.1;32.8;14.6;33.4;32.0;15.9;14.4;37.0;34.0;34.0;185.0;7.3;3.5
2020/01/04;1900 UTC;0.0;948.8;948.9;948.7;1643.5;32.2;14.5;33.7;32.0;15.4;14.1;36.0;33.0;34.0;180.0;6.5;3.1
2020/01/04;2000 UTC;0.0;949.3;949.3;948.8;550.0;30.5;16.7;32.2;30.5;16.7;14.5;43.0;34.0;43.0;100.0;8.2;4.1
2020/01/04;2100 UTC;0.0;950.1;950.1;949.3;82.1;27.1;19.5;30.5;27.1;19.5;16.7;63.0;43.0;63.0;123.0;10.6;5.5
2020/01/04;2200 UTC;0.0;951.0;951.0;950.1;;25.0;19.7;27.1;25.0;19.9;19.4;73.0;63.0;73.0;181.0;10.7;5.4
2020/01/04;2300 UTC;0.0;951.5;951.5;950.9;;23.8;19.8;25.0;23.8;19.9;19.5;79.0;73.0;79.0;8.0;10.7;4.6
2020/01/05;0000 UTC;0.0;952.3;952.4;951.5;;22.8;19.7;23.9;22.8;20.1;19.6;83.0;79.0;83.0;150.0;10.8;4.5
2020/01/05;0100 UTC;0.0;952.5;952.6;952.3;;22.3;20.0;22.8;22.3;20.0;19.6;87.0;83.0;87.0;1.0;9.0;3.6
2020/01/05;0200 UTC;0.0;952.4;952.7;952.4;;22.1;20.2;22.3;22.0;20.2;20.0;89.0;87.0;89.0;16.0;7.4;2.4
2020/01/05;0300 UTC;0.0;952.2;952.4;952.2;;22.0;20.2;22.1;22.0;20.3;20.1;90.0;89.0;89.0;281.0;5.9;1.6
2020/01/05;0400 UTC;0.0;951.4;952.2;951.4;;22.3;20.2;22.4;22.0;20.3;20.1;89.0;88.0;88.0;16.0;4.4;1.1
2020/01/05;0500 UTC;0.0;951.2;951.5;951.2;;22.2;20.2;22.4;22.2;20.3;20.1;89.0;88.0;88.0;185.0;3.7;2.0
2020/01/05;0600 UTC;0.0;950.9;951.2;950.9;;22.2;20.3;22.3;22.1;20.3;20.1;89.0;88.0;89.0;173.0;5.0;1.6
2020/01/05;0700 UTC;0.0;951.2;951.2;950.9;;22.1;20.1;22.2;22.0;20.3;20.0;89.0;88.0;89.0;358.0;4.8;2.5
2020/01/05;0800 UTC;0.0;951.7;951.7;951.2;;21.6;19.9;22.2;21.6;20.2;19.9;90.0;88.0;90.0;164.0;4.4;2.1
2020/01/05;0900 UTC;0.0;952.3;952.3;951.7;110.5;21.8;20.1;21.9;21.6;20.4;19.9;91.0;90.0;91.0;179.0;4.3;2.1
2020/01/05;1000 UTC;0.0;952.8;952.8;952.3;438.7;22.5;20.5;22.5;21.7;20.8;20.1;91.0;88.0;88.0;170.0;4.8;2.9
2020/01/05;1100 UTC;0.0;953.1;953.1;952.8;1110.0;24.5;20.1;24.7;22.5;20.8;20.1;88.0;76.0;76.0;320.0;4.8;1.4
2020/01/05;1200 UTC;0.0;953.0;953.2;953.0;1690.7;26.1;19.5;26.1;24.2;20.0;18.9;76.0;66.0;67.0;179.0;4.5;1.8
2020/01/05;1300 UTC;0.0;952.5;953.0;952.5;2294.7;27.3;18.6;27.6;25.8;19.7;18.1;67.0;59.0;59.0;178.0;5.2;2.1
2020/01/05;1400 UTC;0.0;952.1;952.5;952.1;2807.3;28.4;18.7;29.0;26.8;19.4;17.7;60.0;54.0;56.0;181.0;4.8;2.1
2020/01/05;1500 UTC;0.0;951.5;952.1;951.5;2753.6;29.4;19.1;29.7;28.3;19.4;18.2;56.0;53.0;54.0;174.0;5.3;2.3
2020/01/05;1600 UTC;0.0;950.6;951.5;950.6;2740.5;29.9;18.2;30.6;29.2;19.1;18.2;54.0;49.0;49.0;182.0;6.2;2.7
2020/01/05;1700 UTC;0.0;950.0;950.6;950.0;1759.2;29.4;18.8;30.7;29.4;19.3;18.3;53.0;50.0;53.0;180.0;6.6;3.0
2020/01/05;1800 UTC;0.0;949.4;950.0;949.3;1492.0;30.1;18.5;30.8;29.4;19.3;18.4;53.0;49.0;50.0;181.0;6.4;2.6
2020/01/05;1900 UTC;0.0;949.3;949.5;949.3;897.5;29.8;18.6;30.3;29.4;18.9;18.1;52.0;49.0;51.0;174.0;6.4;3.0
2020/01/05;2000 UTC;0.0;949.6;949.6;949.3;353.9;28.8;19.2;29.9;28.8;19.2;18.2;56.0;50.0;56.0;180.0;7.0;3.7
2020/01/05;2100 UTC;0.0;950.1;950.1;949.6;41.9;27.0;20.4;28.8;27.0;20.4;19.2;67.0;56.0;67.0;162.0;8.5;4.3
2020/01/05;2200 UTC;0.0;950.8;950.8;950.1;;24.7;20.5;27.0;24.7;20.7;20.3;77.0;67.0;77.0;174.0;9.6;5.6
2020/01/05;2300 UTC;0.0;951.8;951.8;950.8;;24.0;20.9;24.8;24.0;21.0;20.6;83.0;77.0;83.0;184.0;10.2;5.1
2020/01/06;0000 UTC;0.0;952.2;952.2;951.8;;23.4;20.5;23.9;23.4;21.0;20.4;84.0;83.0;84.0;181.0;10.2;4.4
2020/01/06;0100 UTC;0.0;952.1;952.3;952.1;;23.1;20.4;23.4;23.0;20.7;20.3;85.0;84.0;85.0;190.0;9.3;4.9
2020/01/06;0200 UTC;0.0;951.8;952.2;951.8;;22.9;20.5;23.2;22.9;20.6;20.4;86.0;85.0;86.0;167.0;8.5;4.4
2020/01/06;0300 UTC;0.0;951.4;951.8;951.4;;23.0;20.5;23.1;22.9;20.7;20.4;87.0;86.0;86.0;194.0;7.1;3.2
2020/01/06;0400 UTC;0.0;950.9;951.4;950.9;;22.8;20.5;23.0;22.7;20.5;20.3;87.0;85.0;87.0;155.0;7.2;3.7
2020/01/06;0500 UTC;0.0;950.6;950.9;950.6;;22.4;20.4;22.8;22.4;20.5;20.3;89.0;86.0;88.0;164.0;7.2;2.6
2020/01/06;0600 UTC;0.0;950.6;950.7;950.6;;22.1;20.5;22.4;22.1;20.6;20.3;91.0;88.0;91.0;198.0;5.4;2.1
2020/01/06;0700 UTC;0.0;950.9;950.9;950.5;;22.2;20.7;22.3;22.1;20.7;20.5;92.0;91.0;92.0;188.0;5.5;3.0
2020/01/06;0800 UTC;0.0;951.6;951.6;950.9;;22.0;20.7;22.2;21.9;20.8;20.6;93.0;91.0;92.0;190.0;6.1;2.9
2020/01/06;0900 UTC;0.0;952.0;952.0;951.6;58.8;22.1;20.8;22.1;21.8;20.9;20.6;93.0;92.0;92.0;198.0;5.5;3.4
2020/01/06;1000 UTC;0.0;952.3;952.3;952.0;358.4;22.6;20.8;22.8;22.0;21.1;20.6;92.0;89.0;90.0;205.0;5.7;2.5
2020/01/06;1100 UTC;0.0;952.4;952.5;952.3;1443.3;24.6;19.9;24.7;22.6;21.0;19.5;90.0;75.0;75.0;186.0;5.9;3.3
2020/01/06;1200 UTC;0.0;952.2;952.4;952.2;1659.1;25.5;18.9;25.5;24.4;20.1;18.4;76.0;67.0;67.0;181.0;7.3;3.2
2020/01/06;1300 UTC;0.0;951.9;952.3;951.9;2161.6;26.6;18.6;27.5;25.0;19.4;18.3;67.0;60.0;62.0;178.0;7.3;4.6
2020/01/06;1400 UTC;0.0;951.4;951.9;951.4;2683.3;28.4;19.1;28.5;26.6;19.6;18.7;62.0;57.0;57.0;179.0;8.3;2.9
2020/01/06;1500 UTC;0.0;950.8;951.4;950.8;2689.4;29.9;18.5;30.5;27.7;19.2;18.3;58.0;49.0;51.0;173.0;7.5;3.4
2020/01/06;1600 UTC;0.0;950.3;950.8;950.3;3155.4;30.1;18.1;31.2;29.4;18.8;17.8;52.0;46.0;49.0;177.0;7.2;3.3
2020/01/06;1700 UTC;0.0;949.6;950.3;949.6;1738.0;30.4;18.4;31.2;29.9;18.9;17.7;50.0;46.0;49.0;178.0;6.9;2.3
2020/01/06;1800 UTC;0.0;949.1;949.6;949.1;1195.2;30.2;18.9;30.5;29.6;19.0;18.1;52.0;48.0;51.0;166.0;7.0;3.0
2020/01/06;1900 UTC;0.0;949.4;949.4;949.0;1186.9;30.0;19.0;30.5;29.7;19.0;18.6;52.0;50.0;52.0;149.0;7.5;3.6
2020/01/06;2000 UTC;0.0;949.7;949.7;949.4;458.0;28.5;18.8;30.0;28.5;18.9;18.5;56.0;51.0;56.0;193.0;9.5;4.2
2020/01/06;2100 UTC;0.0;950.0;950.0;949.7;74.2;26.5;19.0;28.5;26.5;19.0;18.6;64.0;56.0;64.0;196.0;10.5;6.6
2020/01/06;2200 UTC;0.0;950.8;950.9;949.9;;25.1;19.7;26.5;25.1;19.7;19.0;72.0;64.0;72.0;175.0;11.9;5.5
2020/01/06;2300 UTC;0.0;951.5;951.5;950.8;;23.9;20.3;25.1;23.9;20.3;19.6;80.0;72.0;80.0;192.0;11.2;5.3
2020/01/07;0000 UTC;0.0;952.1;952.2;951.5;;23.3;20.6;23.9;23.2;20.6;20.3;85.0;80.0;85.0;182.0;10.3;4.5
2020/01/07;0100 UTC;0.0;952.4;952.4;952.1;;22.8;20.6;23.3;22.8;20.7;20.5;88.0;85.0;88.0;177.0;9.4;4.5
2020/01/07;0200 UTC;0.0;952.4;952.4;952.3;;22.6;20.8;22.9;22.6;20.9;20.6;89.0;88.0;89.0;197.0;9.4;4.1
2020/01/07;0300 UTC;0.0;952.2;952.4;952.2;;22.5;21.0;22.7;22.4;21.0;20.8;92.0;89.0;92.0;183.0;7.4;3.1
2020/01/07;0400 UTC;0.0;952.0;952.2;952.0;;22.6;21.1;22.7;22.4;21.2;21.0;92.0;91.0;91.0;195.0;6.0;3.3
2020/01/07;0500 UTC;0.0;951.5;952.0;951.4;;22.6;20.9;22.7;22.5;21.1;20.8;91.0;90.0;90.0;170.0;6.4;3.2
2020/01/07;0600 UTC;0.0;951.4;951.5;951.4;;22.6;20.9;22.6;22.5;21.0;20.8;91.0;90.0;90.0;326.0;6.4;2.4
2020/01/07;0700 UTC;0.0;951.4;951.4;951.3;;22.4;20.7;22.7;22.4;20.9;20.7;90.0;89.0;90.0;192.0;4.8;2.9
2020/01/07;0800 UTC;0.0;951.9;951.9;951.4;;22.3;20.8;22.4;22.3;20.9;20.7;91.0;90.0;91.0;10.0;4.4;2.1
2020/01/07;0900 UTC;0.0;952.5;952.5;951.9;92.6;22.6;21.3;22.6;22.2;21.3;20.8;93.0;91.0;92.0;157.0;5.8;2.5
2020/01/07;1000 UTC;0.0;953.0;953.0;952.5;425.0;23.2;21.4;23.2;22.5;21.6;21.1;92.0;90.0;90.0;170.0;5.0;2.3
2020/01/07;1100 UTC;0.0;953.2;953.2;953.0;1245.3;25.9;21.7;25.9;23.0;22.0;20.9;90.0;78.0;78.0;352.0;4.6;2.3
2020/01/07;1200 UTC;0.0;953.0;953.2;952.9;2663.1;27.2;19.8;27.9;25.6;21.6;19.7;78.0;64.0;64.0;190.0;5.6;2.4
2020/01/07;1300 UTC;0.0;952.4;953.1;952.4;2882.2;29.7;19.9;29.7;26.8;20.7;19.2;65.0;56.0;56.0;162.0;5.6;1.6
2020/01/07;1400 UTC;0.0;951.8;952.4;951.8;3103.3;31.2;20.1;31.2;28.5;20.3;18.7;58.0;51.0;52.0;174.0;4.9;2.0
2020/01/07;1500 UTC;0.0;951.2;951.9;951.2;3034.3;31.0;19.5;31.8;29.7;20.1;18.3;53.0;48.0;50.0;6.0;4.8;1.7
2020/01/07;1600 UTC;0.0;950.2;951.2;950.2;3625.8;33.4;18.8;33.4;30.7;19.6;18.1;50.0;42.0;42.0;177.0;5.5;2.3
2020/01/07;1700 UTC;0.0;949.3;950.2;949.2;3064.5;32.5;17.3;34.2;32.4;18.7;16.6;42.0;37.0;40.0;178.0;5.7;2.9
2020/01/07;1800 UTC;0.0;948.3;949.3;948.3;2409.9;33.6;17.1;34.3;32.5;18.4;16.3;41.0;35.0;37.0;175.0;6.7;2.2
2020/01/07;1900 UTC;0.0;948.2;948.4;948.1;1229.1;32.0;19.3;34.4;32.0;19.3;16.1;47.0;35.0;47.0;191.0;8.8;4.3
2020/01/07;2000 UTC;0.0;949.1;949.1;948.2;585.6;27.8;20.9;31.9;27.8;21.1;19.5;66.0;47.0;66.0;176.0;12.4;7.2
2020/01/07;2100 UTC;0.0;949.9;949.9;949.1;98.2;26.4;20.8;27.9;26.4;21.1;20.8;71.0;66.0;71.0;188.0;12.7;6.3
2020/01/07;2200 UTC;0.0;950.9;950.9;949.9;;25.4;20.5;26.5;25.4;20.9;20.5;75.0;71.0;75.0;183.0;12.6;5.5
2020/01/07;2300 UTC;0.0;952.0;952.0;950.9;;24.5;20.3;25.4;24.5;20.6;20.3;77.0;75.0;77.0;184.0;10.5;5.0
2020/01/08;0000 UTC;0.0;952.7;952.7;951.9;;23.8;21.1;24.6;23.5;21.1;20.2;85.0;77.0;85.0;149.0;8.4;3.1
2020/01/08;0100 UTC;0.0;952.8;952.8;952.5;;23.8;20.5;23.9;23.7;21.1;20.5;85.0;82.0;82.0;186.0;6.7;4.1
2020/01/08;0200 UTC;0.0;952.1;952.8;952.1;;23.7;20.7;23.9;23.6;20.7;20.4;83.0;82.0;83.0;183.0;7.4;3.0
2020/01/08;0300 UTC;0.0;951.5;952.1;951.5;;23.6;20.4;23.8;23.5;20.8;20.3;84.0;82.0;82.0;200.0;6.6;2.6
2020/01/08;0400 UTC;0.0;950.8;951.5;950.8;;23.1;20.6;23.6;23.1;20.7;20.4;86.0;82.0;86.0;188.0;5.8;3.5
2020/01/08;0500 UTC;0.0;950.6;950.8;950.6;;22.8;21.0;23.1;22.8;21.0;20.6;89.0;86.0;89.0;31.0;5.8;2.0
2020/01/08;0600 UTC;0.0;950.4;950.6;950.3;;22.6;20.9;22.8;22.5;21.0;20.8;91.0;89.0;91.0;184.0;4.8;2.5
2020/01/08;0700 UTC;0.6;950.9;951.0;950.4;;22.4;21.0;22.8;22.2;21.1;20.5;92.0;90.0;92.0;182.0;4.6;1.7
2020/01/08;0800 UTC;0.0;951.5;951.5;950.9;;22.3;21.3;22.4;22.2;21.4;21.0;94.0;92.0;94.0;206.0;4.9;2.8
2020/01/08;0900 UTC;0.0;952.5;952.5;951.5;75.6;22.4;21.3;22.5;22.3;21.5;21.2;94.0;94.0;94.0;182.0;4.9;1.9
2020/01/08;1000 UTC;0.0;952.7;952.8;952.4;455.7;23.3;21.5;23.5;22.4;22.1;21.4;94.0;89.0;90.0;177.0;4.2;2.3
2020/01/08;1100 UTC;0.0;953.0;953.0;952.7;1359.4;25.1;21.1;25.5;23.2;22.1;21.0;90.0;79.0;79.0;17.0;5.0;2.3
2020/01/08;1200 UTC;0.0;953.0;953.1;953.0;1634.1;25.8;20.9;26.1;24.8;21.6;20.2;79.0;73.0;74.0;198.0;5.3;3.0
2020/01/08;1300 UTC;0.0;952.5;953.0;952.4;2494.7;28.5;21.0;28.6;25.5;21.6;20.1;74.0;64.0;64.0;182.0;6.2;2.4
2020/01/08;1400 UTC;0.0;952.2;952.5;952.1;3166.7;28.5;19.4;30.0;27.6;21.1;19.4;65.0;56.0;58.0;54.0;6.0;2.1
2020/01/08;1500 UTC;0.0;951.6;952.2;951.6;1966.7;28.8;19.6;29.9;28.3;20.3;18.9;60.0;55.0;58.0;160.0;5.5;2.2
2020/01/08;1600 UTC;0.0;950.6;951.6;950.6;2676.6;30.2;19.4;31.3;28.8;20.4;19.2;58.0;52.0;52.0;175.0;6.4;2.5
2020/01/08;1700 UTC;0.0;949.3;950.6;949.3;3207.4;32.0;18.4;33.0;30.3;20.0;18.4;52.0;44.0;44.0;166.0;6.4;2.6
2020/01/08;1800 UTC;0.0;948.6;949.3;948.5;1639.9;31.5;18.3;32.3;30.8;19.3;18.1;48.0;44.0;46.0;182.0;6.8;3.1
2020/01/08;1900 UTC;0.0;948.2;948.6;948.2;1525.5;31.5;18.7;32.2;31.1;19.0;18.1;47.0;44.0;47.0;182.0;5.9;2.9
2020/01/08;2000 UTC;0.0;948.9;949.0;948.2;324.7;27.9;20.7;31.5;27.9;20.9;18.5;65.0;46.0;65.0;200.0;11.7;5.9
2020/01/08;2100 UTC;0.0;950.1;950.1;948.9;86.5;26.4;20.7;28.1;26.4;21.0;20.5;71.0;65.0;71.0;176.0;10.8;5.1
2020/01/08;2200 UTC;0.0;950.6;950.6;950.1;;25.1;20.6;26.5;25.1;20.8;20.5;76.0;71.0;76.0;170.0;11.4;6.7
2020/01/08;2300 UTC;0.0;951.8;951.8;950.6;;24.4;20.7;25.2;24.4;20.9;20.5;80.0;76.0;80.0;179.0;11.4;3.3
2020/01/09;0000 UTC;0.2;952.1;952.3;951.8;;23.3;20.9;24.4;23.0;21.0;20.5;87.0;80.0;86.0;185.0;9.8;4.1
2020/01/09;0100 UTC;0.0;952.4;952.5;952.0;;23.3;20.6;23.4;23.3;21.0;20.5;86.0;84.0;85.0;176.0;8.1;3.5
2020/01/09;0200 UTC;0.0;951.9;952.4;951.9;;23.1;20.7;23.5;22.8;20.8;20.6;88.0;85.0;87.0;143.0;7.1;2.5
2020/01/09;0300 UTC;0.0;951.3;951.9;951.2;;22.8;20.7;23.1;22.7;20.8;20.6;88.0;86.0;88.0;181.0;7.2;2.8
2020/01/09;0400 UTC;0.0;950.7;951.3;950.6;;22.9;20.5;22.9;22.8;20.7;20.5;88.0;86.0;87.0;215.0;5.2;3.3
2020/01/09;0500 UTC;1.8;950.0;950.7;950.0;;22.2;20.9;22.9;22.1;20.9;20.4;92.0;87.0;92.0;190.0;5.9;4.0
2020/01/09;0600 UTC;0.6;950.4;950.4;949.9;;21.2;20.4;22.3;21.0;20.9;20.2;95.0;91.0;95.0;189.0;8.0;3.0
2020/01/09;0700 UTC;0.0;950.7;950.7;950.3;;21.4;20.6;21.5;21.1;20.7;20.3;95.0;95.0;95.0;25.0;6.1;1.5
2020/01/09;0800 UTC;1.2;951.5;951.5;950.7;;21.3;20.6;21.6;21.3;20.9;20.6;96.0;95.0;96.0;7.0;2.8;1.1
2020/01/09;0900 UTC;0.4;952.3;952.3;951.5;53.7;21.6;20.9;21.6;21.2;21.0;20.5;96.0;96.0;96.0;177.0;4.1;1.7
2020/01/09;1000 UTC;0.0;952.9;952.9;952.3;190.2;22.2;21.4;22.2;21.6;21.4;20.9;96.0;95.0;96.0;199.0;3.2;1.9
2020/01/09;1100 UTC;0.0;953.0;953.1;952.9;622.3;23.1;22.0;23.1;22.1;22.0;21.3;96.0;93.0;93.0;189.0;4.9;2.2
2020/01/09;1200 UTC;0.0;952.9;953.1;952.9;1064.1;23.5;21.7;23.7;22.9;22.2;21.4;93.0;89.0;90.0;133.0;5.2;2.5
2020/01/09;1300 UTC;0.0;952.7;952.9;952.7;2851.1;25.8;21.5;25.8;23.4;22.6;20.6;90.0;77.0;77.0;166.0;6.1;2.7
2020/01/09;1400 UTC;0.0;951.9;952.7;951.9;3557.3;27.8;20.8;28.1;25.4;21.2;20.1;77.0;64.0;66.0;167.0;5.8;2.4
2020/01/09;1500 UTC;0.0;951.1;951.9;951.1;2958.6;29.1;20.2;29.8;27.8;21.6;19.5;66.0;57.0;59.0;194.0;5.3;2.6
2020/01/09;1600 UTC;0.0;950.1;951.1;950.1;2540.9;30.5;20.2;30.7;28.7;20.6;19.2;59.0;52.0;54.0;179.0;5.3;2.3
2020/01/09;1700 UTC;0.0;949.3;950.1;949.2;2666.6;30.0;20.6;31.7;29.7;21.2;18.8;57.0;49.0;57.0;356.0;6.5;2.9
2020/01/09;1800 UTC;0.0;949.0;949.3;948.9;1101.1;28.7;20.9;30.0;28.3;21.5;20.4;64.0;57.0;63.0;190.0;9.2;3.8
2020/01/09;1900 UTC;0.0;949.0;949.1;948.9;859.5;27.8;20.7;28.9;27.8;21.4;20.5;66.0;62.0;65.0;353.0;9.0;3.2
2020/01/09;2000 UTC;0.0;949.7;949.7;949.0;409.6;26.7;20.7;27.9;26.7;21.1;20.6;70.0;65.0;70.0;6.0;9.4;3.3
2020/01/09;2100 UTC;0.0;950.5;950.5;949.7;61.4;25.9;20.9;26.8;25.9;20.9;20.6;74.0;70.0;74.0;357.0;8.7;3.2
2020/01/09;2200 UTC;0.0;950.9;950.9;950.3;;24.6;21.0;25.9;24.6;21.1;20.6;80.0;74.0;80.0;15.0;9.7;4.5
2020/01/09;2300 UTC;0.4;951.9;952.0;950.9;;23.1;21.1;24.6;23.0;21.1;20.8;89.0;80.0;89.0;25.0;9.1;3.5
2020/01/10;0000 UTC;0.0;952.4;952.4;951.9;;22.8;21.4;23.1;22.7;21.4;21.1;92.0;89.0;92.0;6.0;7.9;2.5
2020/01/10;0100 UTC;0.0;952.7;952.7;952.2;;22.8;21.1;22.8;22.6;21.3;21.1;92.0;90.0;90.0;48.0;7.2;3.0
2020/01/10;0200 UTC;0.0;952.4;952.8;952.3;;22.8;21.1;23.0;22.7;21.3;21.0;90.0;90.0;90.0;349.0;6.4;2.9
2020/01/10;0300 UTC;0.0;952.0;952.4;952.0;;22.5;21.1;22.8;22.4;21.2;20.9;92.0;90.0;92.0;198.0;5.4;3.1
2020/01/10;0400 UTC;0.0;951.3;952.0;951.3;;22.5;21.1;22.6;22.4;21.3;21.1;92.0;92.0;92.0;187.0;6.6;3.3
2020/01/10;0500 UTC;0.0;951.2;951.3;951.2;;22.4;21.2;22.5;22.3;21.2;21.0;93.0;92.0;93.0;198.0;6.2;2.9
2020/01/10;0600 UTC;0.0;951.4;951.4;951.1;;22.4;21.1;22.4;22.3;21.3;21.0;93.0;92.0;93.0;173.0;6.0;3.1
2020/01/10;0700 UTC;0.0;951.7;951.7;951.4;;22.3;21.1;22.4;22.3;21.2;21.1;93.0;92.0;93.0;168.0;6.7;2.7
2020/01/10;0800 UTC;0.0;952.1;952.1;951.7;;22.2;21.0;22.4;22.1;21.2;21.0;93.0;92.0;93.0;177.0;5.3;3.0
2020/01/10;0900 UTC;0.0;952.6;952.6;952.1;88.9;22.3;21.2;22.4;22.2;21.3;21.0;94.0;93.0;94.0;189.0;6.1;3.7
2020/01/10;1000 UTC;0.0;953.2;953.2;952.6;361.7;22.9;20.5;23.1;22.3;21.5;20.5;94.0;86.0;86.0;184.0;6.7;4.0
2020/01/10;1100 UTC;0.0;953.5;953.5;953.2;289.6;22.9;20.3;23.0;22.6;20.6;20.2;87.0;85.0;85.0;186.0;6.7;3.5
2020/01/10;1200 UTC;0.0;953.5;953.5;953.4;1205.1;25.5;20.3;25.6;22.8;21.0;20.1;86.0;73.0;73.0;183.0;7.2;3.2
2020/01/10;1300 UTC;0.0;953.3;953.5;953.3;2135.2;26.6;20.0;26.9;25.3;20.4;19.3;73.0;65.0;67.0;182.0;7.4;2.9
2020/01/10;1400 UTC;0.0;952.8;953.3;952.8;2072.3;27.2;19.3;27.8;26.1;20.3;19.1;68.0;61.0;62.0;183.0;8.1;4.2
2020/01/10;1500 UTC;0.0;952.1;952.8;952.1;2365.0;28.0;18.7;28.6;27.1;19.9;18.7;62.0;56.0;57.0;186.0;8.6;3.1
2020/01/10;1600 UTC;0.0;951.2;952.1;951.2;2369.3;29.5;18.7;29.8;28.0;19.6;18.2;58.0;52.0;52.0;178.0;6.9;2.3
2020/01/10;1700 UTC;0.0;950.6;951.3;950.6;1388.4;29.4;18.9;30.2;28.6;19.4;18.1;55.0;51.0;53.0;99.0;6.5;1.7
2020/01/10;1800 UTC;0.0;950.2;950.6;950.2;1086.3;29.5;18.7;30.0;28.9;19.1;18.3;54.0;50.0;53.0;189.0;6.7;3.4
2020/01/10;1900 UTC;0.0;949.9;950.2;949.9;872.3;29.4;18.4;29.7;29.0;18.9;18.3;53.0;51.0;52.0;60.0;7.3;3.8
2020/01/10;2000 UTC;0.0;950.1;950.1;949.9;896.6;29.1;18.3;29.8;29.0;18.7;18.2;53.0;50.0;52.0;162.0;8.6;4.0
2020/01/10;2100 UTC;0.0;950.6;950.6;950.0;96.0;27.1;17.7;29.1;27.1;18.4;17.7;56.0;52.0;56.0;182.0;9.8;5.4
2020/01/10;2200 UTC;0.0;951.4;951.4;950.6;;25.3;18.5;27.1;25.3;18.5;17.7;66.0;56.0;66.0;193.0;10.6;4.2
2020/01/10;2300 UTC;0.0;952.3;952.3;951.4;;23.8;18.9;25.3;23.8;18.9;18.4;74.0;66.0;74.0;174.0;10.4;5.1
2020/01/11;0000 UTC;0.0;952.7;952.8;952.3;;23.0;19.3;23.8;23.0;19.3;18.8;80.0;74.0;80.0;188.0;8.5;4.3
2020/01/11;0100 UTC;0.0;952.9;953.0;952.6;;22.5;20.4;23.0;22.5;20.4;19.3;88.0;80.0;88.0;190.0;9.2;5.0
2020/01/11;0200 UTC;0.0;952.5;953.0;952.5;;22.4;20.7;22.6;22.4;20.7;20.4;90.0;88.0;90.0;190.0;9.0;4.4
2020/01/11;0300 UTC;0.0;952.1;952.5;952.1;;22.1;20.7;22.4;22.1;20.8;20.6;92.0;90.0;92.0;195.0;7.6;3.3
2020/01/11;0400 UTC;0.0;951.4;952.1;951.3;;22.1;20.9;22.2;22.0;20.9;20.7;93.0;92.0;93.0;192.0;7.4;4.1
2020/01/11;0500 UTC;0.0;951.1;951.4;951.1;;22.1;20.9;22.2;22.1;21.0;20.9;93.0;93.0;93.0;189.0;7.6;4.4
2020/01/11;0600 UTC;0.0;950.8;951.1;950.8;;22.0;21.0;22.1;21.9;21.0;20.9;94.0;93.0;94.0;193.0;9.7;4.6
2020/01/11;0700 UTC;0.0;950.9;951.0;950.7;;22.0;20.8;22.1;21.9;21.0;20.8;94.0;93.0;93.0;189.0;9.6;5.0
2020/01/11;0800 UTC;0.0;951.3;951.3;950.8;;21.8;20.7;22.0;21.8;20.9;20.7;94.0;93.0;94.0;201.0;9.3;5.6
2020/01/11;0900 UTC;0.0;952.0;952.0;951.3;44.7;21.9;20.9;21.9;21.8;20.9;20.7;94.0;93.0;94.0;196.0;9.3;4.4
2020/01/11;1000 UTC;0.0;952.3;952.4;952.0;264.0;22.3;21.0;22.4;21.9;21.2;20.9;94.0;92.0;92.0;188.0;8.8;4.1
2020/01/11;1100 UTC;0.0;952.5;952.5;952.3;1556.5;25.1;20.8;25.1;22.3;21.7;20.2;93.0;77.0;77.0;184.0;8.8;3.4
2020/01/11;1200 UTC;0.0;952.8;952.8;952.5;2002.7;26.2;19.7;26.4;24.9;21.0;19.0;77.0;66.0;67.0;175.0;8.2;2.8
2020/01/11;1300 UTC;0.0;952.7;952.8;952.6;2217.5;27.5;17.8;28.8;25.9;20.2;17.8;68.0;55.0;55.0;161.0;7.5;2.7
2020/01/11;1400 UTC;0.0;951.9;952.7;951.9;3147.4;30.2;17.7;30.5;27.5;18.8;17.1;57.0;46.0;47.0;90.0;7.5;2.9
2020/01/11;1500 UTC;0.0;951.3;951.9;951.3;2438.2;31.4;15.9;31.6;28.9;17.8;15.9;49.0;39.0;39.0;168.0;7.2;3.0
2020/01/11;1600 UTC;0.0;950.4;951.3;950.3;3044.1;31.0;16.3;32.0;30.3;17.0;15.6;43.0;38.0;41.0;174.0;7.8;3.1
2020/01/11;1700 UTC;0.0;949.6;950.4;949.5;3194.5;32.3;15.3;33.0;30.8;16.7;14.3;42.0;33.0;36.0;193.0;9.7;4.6
2020/01/11;1800 UTC;0.0;948.8;949.6;948.8;2817.3;32.4;15.0;33.4;32.1;15.4;13.8;36.0;32.0;35.0;187.0;9.7;4.1
2020/01/11;1900 UTC;0.0;949.1;949.1;948.8;1317.9;31.0;16.1;32.4;30.8;16.1;14.1;41.0;34.0;41.0;197.0;11.1;4.8
2020/01/11;2000 UTC;0.0;949.6;949.6;949.1;843.1;29.2;17.9;31.1;29.2;17.9;15.8;51.0;40.0;51.0;194.0;11.6;6.4
2020/01/11;2100 UTC;0.0;950.4;950.4;949.6;113.3;26.9;18.5;29.3;26.9;18.6;17.9;60.0;51.0;60.0;193.0;11.6;5.7
2020/01/11;2200 UTC;0.0;951.4;951.4;950.4;;25.2;18.1;26.8;25.2;18.5;17.6;65.0;60.0;65.0;198.0;11.0;5.8
2020/01/11;2300 UTC;0.0;952.1;952.2;951.4;;23.9;19.1;25.2;23.9;19.1;18.2;75.0;65.0;75.0;198.0;10.5;4.4
2020/01/12;0000 UTC;0.0;952.4;952.4;952.1;;22.9;19.6;23.9;22.9;19.7;19.1;82.0;75.0;82.0;190.0;10.7;5.1
2020/01/12;0100 UTC;0.0;952.8;952.8;952.4;;22.3;19.8;22.9;22.3;19.8;19.6;86.0;82.0;86.0;185.0;8.4;3.3
2020/01/12;0200 UTC;0.0;952.6;952.8;952.6;;21.9;19.9;22.3;21.9;20.0;19.8;89.0;86.0;89.0;188.0;7.0;2.3
2020/01/12;0300 UTC;0.0;951.9;952.6;951.9;;21.5;20.0;21.9;21.5;20.0;19.9;91.0;89.0;91.0;158.0;5.2;2.8
2020/01/12;0400 UTC;0.0;951.5;951.9;951.5;;21.3;20.0;21.5;21.2;20.0;19.9;93.0;91.0;93.0;201.0;4.9;3.0
2020/01/12;0500 UTC;0.0;951.6;951.6;951.5;;21.5;20.2;21.5;21.2;20.2;20.0;93.0;92.0;92.0;192.0;5.7;2.8
2020/01/12;0600 UTC;0.0;951.6;951.7;951.6;;21.4;20.1;21.5;21.4;20.2;20.0;93.0;92.0;92.0;172.0;5.3;2.8
2020/01/12;0700 UTC;0.0;951.5;951.6;951.3;;21.1;19.9;21.4;21.1;20.1;19.9;93.0;92.0;93.0;183.0;5.3;1.9
2020/01/12;0800 UTC;0.0;951.8;951.8;951.5;;21.3;20.1;21.4;21.1;20.1;19.9;93.0;92.0;93.0;177.0;3.8;1.8
2020/01/12;0900 UTC;0.0;952.4;952.4;951.8;130.8;21.7;20.1;21.9;21.3;20.5;20.0;93.0;91.0;91.0;184.0;5.3;2.4
2020/01/12;1000 UTC;0.0;952.8;952.9;952.3;480.6;22.5;20.5;22.5;21.6;20.6;20.1;91.0;88.0;88.0;183.0;6.2;3.3
2020/01/12;1100 UTC;0.0;953.0;953.1;952.8;1597.8;24.5;19.4;24.9;22.6;20.6;19.4;88.0;73.0;73.0;179.0;8.2;4.7
2020/01/12;1200 UTC;0.0;953.0;953.2;953.0;2394.0;26.5;18.5;26.5;24.3;19.9;18.0;74.0;61.0;62.0;191.0;9.0;5.2
2020/01/12;1300 UTC;0.0;952.9;953.3;952.9;2864.9;28.6;17.9;28.7;26.3;18.6;17.3;62.0;52.0;52.0;181.0;10.0;3.9
2020/01/12;1400 UTC;0.0;952.6;953.0;952.6;3166.6;29.7;16.0;30.2;27.6;17.8;14.7;54.0;41.0;44.0;178.0;8.6;4.5
2020/01/12;1500 UTC;0.0;951.8;952.6;951.8;3331.7;30.2;16.0;31.1;29.1;16.6;15.0;45.0;39.0;42.0;164.0;9.9;4.0
2020/01/12;1600 UTC;0.0;951.1;951.8;951.1;3301.5;31.3;15.8;31.7;30.3;16.3;14.7;42.0;37.0;39.0;191.0;10.2;3.7
2020/01/12;1700 UTC;0.0;950.6;951.1;950.6;2506.4;31.1;14.8;31.9;30.8;16.2;14.6;40.0;37.0;37.0;170.0;8.5;4.2
2020/01/12;1800 UTC;0.0;950.1;950.6;950.0;1997.5;30.9;15.5;31.9;30.5;16.0;14.6;41.0;36.0;40.0;180.0;10.9;4.7
2020/01/12;1900 UTC;0.0;950.1;950.2;950.0;1352.0;30.2;16.9;31.7;30.0;16.9;15.5;45.0;39.0;45.0;168.0;9.2;4.3
2020/01/12;2000 UTC;0.0;950.9;950.9;950.1;928.0;28.9;16.7;30.2;28.9;17.0;16.5;48.0;45.0;48.0;203.0;9.9;5.9
2020/01/12;2100 UTC;0.0;951.3;951.3;950.8;96.3;27.2;16.6;28.9;27.2;16.7;16.4;52.0;48.0;52.0;195.0;9.7;5.5
2020/01/12;2200 UTC;0.0;951.9;952.0;951.3;;26.1;17.3;27.3;26.0;17.3;16.7;58.0;52.0;58.0;193.0;9.5;4.1
2020/01/12;2300 UTC;0.0;952.4;952.4;951.9;;24.8;18.5;26.1;24.8;18.5;17.0;68.0;58.0;68.0;190.0;9.2;4.2
2020/01/13;0000 UTC;0.0;952.7;952.7;952.4;;23.9;18.9;24.8;23.9;18.9;18.5;74.0;68.0;74.0;176.0;8.8;4.5
2020/01/13;0100 UTC;0.0;952.9;953.0;952.6;;23.0;19.3;24.0;23.0;19.3;19.0;80.0;74.0;80.0;172.0;8.1;4.4
2020/01/13;0200 UTC;0.0;952.6;953.0;952.6;;22.3;19.8;23.0;22.3;19.8;19.3;86.0;80.0;86.0;165.0;7.3;3.3
2020/01/13;0300 UTC;0.0;952.1;952.6;952.1;;22.3;20.4;22.5;22.3;20.5;19.8;89.0;86.0;89.0;200.0;7.2;4.5
2020/01/13;0400 UTC;0.0;951.5;952.1;951.5;;22.1;20.6;22.4;22.1;20.6;20.4;91.0;89.0;91.0;203.0;7.9;3.8
2020/01/13;0500 UTC;0.0;951.4;951.5;951.3;;21.9;20.6;22.1;21.9;20.6;20.4;92.0;91.0;92.0;182.0;6.3;3.1
2020/01/13;0600 UTC;0.0;951.0;951.4;951.0;;21.9;20.5;22.0;21.8;20.7;20.5;93.0;92.0;92.0;186.0;5.4;2.7
2020/01/13;0700 UTC;0.0;950.7;951.1;950.6;;21.5;20.2;21.9;21.5;20.5;20.2;93.0;92.0;92.0;170.0;4.4;2.1
2020/01/13;0800 UTC;0.0;951.4;951.4;950.6;;21.4;20.2;21.5;21.4;20.3;20.2;93.0;92.0;93.0;179.0;4.2;1.9
2020/01/13;0900 UTC;0.0;951.7;951.7;951.4;124.7;21.8;20.5;21.9;21.3;20.6;20.2;93.0;92.0;92.0;181.0;4.2;2.5
2020/01/13;1000 UTC;0.0;952.4;952.4;951.7;588.6;22.9;20.7;22.9;21.7;21.0;20.4;92.0;87.0;87.0;195.0;5.6;3.1
2020/01/13;1100 UTC;0.0;952.8;952.8;952.4;1139.5;24.0;19.9;24.4;22.9;20.9;19.5;87.0;77.0;78.0;192.0;6.7;3.8
2020/01/13;1200 UTC;0.0;952.2;952.8;952.2;1732.7;26.6;19.9;26.6;23.9;20.3;19.4;78.0;66.0;67.0;183.0;7.8;4.7
2020/01/13;1300 UTC;0.0;952.0;952.2;951.9;2940.0;27.4;18.9;28.8;26.0;20.1;18.9;67.0;58.0;60.0;180.0;10.6;4.2
2020/01/13;1400 UTC;0.0;951.4;952.0;951.4;3066.4;29.8;18.5;30.2;27.1;20.2;18.5;62.0;51.0;51.0;179.0;8.9;3.2
2020/01/13;1500 UTC;0.0;950.6;951.4;950.6;3286.9;31.0;18.2;31.3;29.5;19.2;17.6;52.0;46.0;47.0;180.0;9.2;3.9
2020/01/13;1600 UTC;0.0;949.8;950.7;949.8;3675.2;31.7;17.2;32.3;30.6;18.2;16.9;47.0;41.0;42.0;183.0;8.0;3.8
2020/01/13;1700 UTC;0.0;949.1;949.8;949.0;2760.7;31.9;18.0;33.8;31.4;18.3;17.0;44.0;38.0;44.0;184.0;8.3;3.4
2020/01/13;1800 UTC;0.0;948.8;949.1;948.8;2569.5;32.3;17.7;33.6;31.4;18.2;17.4;45.0;39.0;42.0;187.0;8.2;2.9
2020/01/13;1900 UTC;0.0;948.6;948.9;948.5;1755.4;32.0;18.3;32.9;31.6;18.4;17.0;44.0;40.0;44.0;177.0;7.6;4.1
2020/01/13;2000 UTC;0.0;949.1;949.1;948.5;845.4;30.5;19.5;32.1;30.5;19.5;18.0;52.0;44.0;52.0;181.0;8.4;4.1
2020/01/13;2100 UTC;0.0;949.5;949.5;949.0;111.5;27.8;20.5;30.6;27.8;20.5;19.4;64.0;52.0;64.0;193.0;11.0;6.4
2020/01/13;2200 UTC;0.0;950.2;950.2;949.4;;25.6;20.5;27.8;25.6;20.7;20.5;73.0;64.0;73.0;184.0;11.0;6.4
2020/01/13;2300 UTC;0.0;951.0;951.0;950.2;;24.3;20.4;25.6;24.3;20.5;20.3;79.0;73.0;79.0;156.0;11.2;5.6
2020/01/14;0000 UTC;0.0;951.7;951.7;951.0;;23.6;20.1;24.3;23.6;20.4;19.9;81.0;79.0;81.0;171.0;10.1;4.1
2020/01/14;0100 UTC;0.0;951.9;952.0;951.7;;23.1;20.4;23.6;23.1;20.4;20.1;85.0;81.0;85.0;190.0;9.1;4.5
2020/01/14;0200 UTC;0.0;951.8;951.9;951.7;;23.0;20.8;23.2;23.0;20.8;20.4;87.0;85.0;87.0;197.0;8.6;4.5
2020/01/14;0300 UTC;0.0;951.7;951.8;951.7;;22.9;20.9;23.1;22.9;21.0;20.8;89.0;87.0;89.0;193.0;8.2;4.2
2020/01/14;0400 UTC;0.0;951.5;951.7;951.4;;22.8;20.9;23.1;22.8;21.1;20.9;89.0;89.0;89.0;188.0;6.9;3.2
2020/01/14;0500 UTC;0.0;951.3;951.5;951.3;;22.7;20.9;22.9;22.7;21.1;20.8;90.0;89.0;89.0;193.0;7.8;4.1
2020/01/14;0600 UTC;0.0;951.1;951.4;951.1;;22.6;20.8;22.8;22.6;21.0;20.8;90.0;89.0;90.0;183.0;6.7;3.2
2020/01/14;0700 UTC;0.0;951.0;951.2;951.0;;22.6;20.9;22.7;22.5;21.0;20.8;91.0;90.0;90.0;177.0;5.4;2.6
2020/01/14;0800 UTC;0.0;951.1;951.1;950.9;;22.3;20.7;22.7;22.3;21.0;20.7;91.0;90.0;91.0;191.0;5.0;2.7
2020/01/14;0900 UTC;0.0;951.5;951.5;951.1;81.8;22.2;20.6;22.4;22.1;20.8;20.5;91.0;91.0;91.0;188.0;5.3;2.5
2020/01/14;1000 UTC;0.0;951.8;951.8;951.5;626.0;24.3;20.8;24.4;22.2;21.3;20.5;91.0;81.0;81.0;174.0;4.6;2.4
2020/01/14;1100 UTC;0.0;952.0;952.0;951.8;1327.3;25.8;19.9;25.8;23.6;20.8;19.0;81.0;70.0;70.0;176.0;5.6;3.2
2020/01/14;1200 UTC;0.0;952.0;952.2;952.0;2133.7;27.1;19.1;27.3;24.9;19.8;18.8;71.0;62.0;62.0;182.0;6.2;3.2
2020/01/14;1300 UTC;0.0;951.8;952.1;951.7;2839.9;27.8;18.1;28.2;26.2;19.2;17.7;64.0;54.0;56.0;193.0;7.6;4.0
2020/01/14;1400 UTC;0.0;951.0;951.8;951.0;3600.1;29.5;18.2;30.3;27.9;18.8;17.3;56.0;48.0;51.0;185.0;7.1;2.7
2020/01/14;1500 UTC;0.0;950.0;951.0;950.0;3749.6;31.3;16.8;32.1;29.5;18.7;16.7;51.0;42.0;42.0;186.0;6.6;2.7
2020/01/14;1600 UTC;0.0;949.1;950.0;949.0;3602.1;32.6;15.8;33.4;30.9;17.2;15.3;42.0;36.0;37.0;175.0;7.6;3.3
2020/01/14;1700 UTC;0.0;948.5;949.1;948.4;3235.8;32.6;14.2;33.5;31.4;16.2;13.8;39.0;31.0;33.0;190.0;7.4;2.7
2020/01/14;1800 UTC;0.0;947.8;948.5;947.8;2665.6;32.7;15.1;33.6;32.3;15.2;14.0;35.0;32.0;35.0;99.0;7.5;2.3
2020/01/14;1900 UTC;0.0;947.9;948.0;947.7;1616.0;32.2;16.4;33.5;31.7;16.4;15.4;39.0;34.0;39.0;176.0;7.4;3.7
2020/01/14;2000 UTC;0.0;948.5;948.5;947.9;951.7;30.1;17.9;32.4;30.1;18.0;16.3;48.0;38.0;48.0;186.0;9.5;5.3
2020/01/14;2100 UTC;0.0;949.1;949.2;948.5;109.6;27.6;19.1;30.2;27.6;19.1;18.0;60.0;48.0;60.0;191.0;10.9;5.8
2020/01/14;2200 UTC;0.0;949.9;949.9;949.2;;25.7;19.5;27.7;25.7;19.5;19.1;69.0;60.0;69.0;192.0;10.9;5.7
2020/01/14;2300 UTC;0.0;950.6;950.6;949.9;;24.2;19.5;25.8;24.2;19.6;19.4;75.0;69.0;75.0;177.0;12.8;5.7
2020/01/15;0000 UTC;0.0;951.4;951.4;950.6;;23.5;19.9;24.3;23.5;19.9;19.5;80.0;75.0;80.0;184.0;11.8;5.8
2020/01/15;0100 UTC;0.0;951.9;951.9;951.4;;22.9;19.8;23.5;22.9;20.0;19.7;83.0;80.0;83.0;190.0;10.3;5.1
2020/01/15;0200 UTC;0.0;952.0;952.1;951.9;;22.8;19.9;23.1;22.7;20.0;19.8;84.0;82.0;84.0;189.0;9.7;3.6
2020/01/15;0300 UTC;0.0;951.4;952.0;951.4;;22.3;19.9;22.9;22.3;20.1;19.8;87.0;83.0;87.0;185.0;7.8;4.6
2020/01/15;0400 UTC;0.0;951.2;951.5;951.2;;21.9;19.9;22.3;21.9;20.1;19.8;88.0;87.0;88.0;182.0;7.8;2.8
2020/01/15;0500 UTC;0.0;951.3;951.3;951.2;;21.7;19.6;21.9;21.6;19.9;19.6;89.0;88.0;88.0;171.0;5.3;1.8
2020/01/15;0600 UTC;0.0;950.9;951.3;950.9;;21.4;19.5;21.7;21.4;19.6;19.4;89.0;88.0;89.0;179.0;4.8;2.7
2020/01/15;0700 UTC;0.0;951.0;951.0;950.7;;21.3;19.4;21.4;21.2;19.5;19.4;89.0;89.0;89.0;177.0;4.8;2.6
2020/01/15;0800 UTC;0.0;951.2;951.2;950.9;;21.1;19.4;21.3;21.1;19.4;19.4;90.0;89.0;90.0;192.0;4.7;2.4
2020/01/15;0900 UTC;0.0;951.6;951.6;951.2;138.7;21.8;19.8;21.8;21.0;20.0;19.4;90.0;88.0;88.0;182.0;4.2;1.7
2020/01/15;1000 UTC;0.0;952.0;952.0;951.6;924.1;23.2;19.3;23.3;21.8;20.1;19.2;88.0;79.0;79.0;178.0;6.1;3.3
2020/01/15;1100 UTC;0.0;952.4;952.4;952.0;1410.7;25.0;18.7;25.0;22.9;19.5;18.2;79.0;68.0;68.0;184.0;7.1;3.1
2020/01/15;1200 UTC;0.0;952.4;952.5;952.3;2107.6;26.4;17.0;26.8;24.3;18.5;16.8;68.0;56.0;56.0;187.0;6.5;2.9
2020/01/15;1300 UTC;0.0;952.1;952.5;952.1;3287.1;28.2;14.7;28.8;26.3;17.3;14.7;56.0;43.0;44.0;173.0;7.6;2.2
2020/01/15;1400 UTC;0.0;951.7;952.2;951.7;3666.2;30.2;15.3;30.5;28.2;15.9;13.1;46.0;37.0;41.0;179.0;7.1;3.2
2020/01/15;1500 UTC;0.0;951.0;951.7;950.9;3759.7;31.3;13.1;32.3;29.6;15.5;12.8;41.0;33.0;33.0;193.0;7.1;3.2
2020/01/15;1600 UTC;0.0;950.2;951.0;950.2;3587.9;31.9;13.2;32.5;30.2;14.7;12.4;36.0;31.0;32.0;171.0;8.3;3.0
2020/01/15;1700 UTC;0.0;949.5;950.3;949.5;3294.3;32.7;12.8;33.2;31.6;13.8;12.0;33.0;28.0;30.0;184.0;8.3;2.8
2020/01/15;1800 UTC;0.0;949.1;949.5;949.1;2466.9;32.3;11.9;33.7;32.0;13.0;11.5;30.0;27.0;29.0;177.0;6.6;2.0
2020/01/15;1900 UTC;0.0;948.7;949.1;948.7;1681.0;32.5;12.7;33.1;32.0;12.9;11.9;31.0;28.0;30.0;90.0;7.3;2.2
2020/01/15;2000 UTC;0.0;949.2;949.2;948.7;903.4;30.5;16.2;32.6;30.5;16.2;12.3;42.0;30.0;42.0;193.0;9.5;4.9
2020/01/15;2100 UTC;0.0;950.1;950.1;949.2;104.0;27.6;18.6;30.6;27.6;18.7;16.3;58.0;42.0;58.0;172.0;11.2;6.3
2020/01/15;2200 UTC;0.0;951.1;951.1;950.1;;25.6;18.8;27.6;25.6;19.0;18.7;66.0;58.0;66.0;195.0;11.2;5.7
2020/01/15;2300 UTC;0.0;951.9;951.9;951.1;;24.2;19.0;25.6;24.2;19.1;18.8;73.0;66.0;73.0;210.0;11.8;6.6
2020/01/16;0000 UTC;0.0;952.3;952.3;951.9;;23.2;19.5;24.3;23.2;19.6;19.0;79.0;73.0;79.0;174.0;11.2;5.1
2020/01/16;0100 UTC;0.0;952.5;952.5;952.2;;22.7;19.8;23.2;22.6;19.8;19.4;84.0;80.0;84.0;228.0;9.4;4.1
2020/01/16;0200 UTC;0.0;952.2;952.5;952.2;;22.6;20.1;22.7;22.5;20.1;19.8;86.0;84.0;86.0;192.0;7.6;4.3
2020/01/16;0300 UTC;0.0;951.7;952.2;951.7;;22.3;20.2;22.7;22.3;20.3;20.0;88.0;85.0;88.0;178.0;8.4;3.8
2020/01/16;0400 UTC;0.0;951.4;951.7;951.3;;22.1;20.2;22.4;22.1;20.3;20.1;89.0;88.0;89.0;192.0;8.0;3.6
2020/01/16;0500 UTC;0.0;951.4;951.4;951.2;;22.1;20.2;22.2;22.0;20.3;20.1;89.0;89.0;89.0;177.0;5.9;2.2
2020/01/16;0600 UTC;0.0;951.6;951.7;951.4;;21.9;19.9;22.2;21.8;20.2;19.9;89.0;89.0;89.0;173.0;5.8;2.9
2020/01/16;0700 UTC;0.0;951.6;951.6;951.5;;21.5;19.8;21.9;21.5;20.0;19.8;90.0;89.0;90.0;168.0;5.9;2.6
2020/01/16;0800 UTC;0.0;952.3;952.3;951.6;;21.5;19.9;21.5;21.3;19.9;19.8;91.0;90.0;91.0;175.0;4.4;1.9
2020/01/16;0900 UTC;0.0;953.0;953.0;952.3;73.4;21.8;20.0;21.8;21.4;20.1;19.8;91.0;90.0;90.0;184.0;4.6;2.6
2020/01/16;1000 UTC;0.0;953.7;953.7;953.0;551.8;22.7;20.1;23.2;21.8;20.9;20.0;90.0;85.0;85.0;179.0;5.8;2.5
2020/01/16;1100 UTC;0.0;954.1;954.1;953.7;1499.8;24.4;19.4;25.0;22.8;20.9;19.1;86.0;73.0;73.0;177.0;5.9;3.2
2020/01/16;1200 UTC;0.0;954.3;954.3;954.1;1713.1;26.6;19.0;26.6;24.4;20.4;18.6;75.0;63.0;63.0;176.0;8.1;3.5
2020/01/16;1300 UTC;0.0;954.0;954.3;953.9;2767.2;27.6;17.6;28.3;26.4;19.2;17.4;63.0;54.0;54.0;179.0;7.8;3.5
2020/01/16;1400 UTC;0.0;953.4;954.0;953.4;3080.8;28.8;16.5;30.1;27.5;18.2;16.5;55.0;46.0;47.0;177.0;7.7;3.3
2020/01/16;1500 UTC;0.0;952.7;953.4;952.7;3713.4;30.4;15.8;31.7;28.8;17.7;15.7;48.0;40.0;41.0;180.0;7.6;2.5
2020/01/16;1600 UTC;0.0;951.9;952.7;951.9;2802.5;31.5;16.0;32.0;30.2;16.9;15.6;43.0;39.0;39.0;181.0;8.6;3.4
2020/01/16;1700 UTC;0.0;951.3;951.9;951.2;2718.6;32.0;14.7;33.4;30.7;16.1;14.4;40.0;33.0;35.0;174.0;8.6;3.7
2020/01/16;1800 UTC;0.0;950.7;951.3;950.6;2144.5;31.9;15.1;33.6;31.2;15.4;13.6;37.0;31.0;36.0;198.0;7.7;3.0
2020/01/16;1900 UTC;0.0;950.9;950.9;950.6;1549.3;31.6;16.2;32.9;31.1;16.2;14.5;40.0;34.0;40.0;195.0;8.8;4.8
2020/01/16;2000 UTC;0.0;951.5;951.5;950.9;298.8;29.7;17.9;31.6;29.7;17.9;15.9;49.0;39.0;49.0;188.0;8.6;5.2
2020/01/16;2100 UTC;0.0;952.1;952.1;951.5;57.6;27.4;19.0;29.7;27.3;19.0;18.0;60.0;49.0;60.0;188.0;11.0;5.5
2020/01/16;2200 UTC;0.0;952.9;952.9;952.1;;25.6;19.4;27.4;25.6;19.4;18.9;68.0;60.0;68.0;182.0;10.2;4.9
2020/01/16;2300 UTC;0.0;953.6;953.6;952.9;;24.3;20.0;25.6;24.3;20.0;19.4;77.0;68.0;77.0;192.0;10.2;6.1
2020/01/17;0000 UTC;0.0;954.0;954.0;953.6;;23.7;20.0;24.3;23.7;20.4;20.0;81.0;77.0;80.0;172.0;10.5;4.6
2020/01/17;0100 UTC;0.0;954.0;954.2;954.0;;23.1;20.2;23.6;23.1;20.3;19.8;84.0;80.0;84.0;183.0;9.5;4.7
2020/01/17;0200 UTC;0.0;952.7;954.0;952.7;;22.8;20.4;23.2;22.7;20.4;20.2;87.0;84.0;87.0;185.0;8.6;4.8
2020/01/17;0300 UTC;0.0;952.1;952.7;952.1;;22.8;20.8;22.9;22.7;20.8;20.4;89.0;87.0;89.0;192.0;7.6;4.2
2020/01/17;0400 UTC;0.0;951.6;952.1;951.5;;22.6;20.9;22.8;22.6;21.1;20.8;90.0;89.0;90.0;176.0;7.2;3.5
2020/01/17;0500 UTC;0.0;951.2;951.6;951.1;;22.7;20.8;22.8;22.6;21.0;20.8;90.0;89.0;89.0;180.0;6.3;2.9
2020/01/17;0600 UTC;0.0;951.4;951.5;951.1;;22.4;20.7;22.7;22.4;20.7;20.5;90.0;88.0;90.0;179.0;6.7;3.4
2020/01/17;0700 UTC;0.0;951.6;951.6;951.3;;22.1;20.5;22.6;22.0;20.8;20.4;91.0;89.0;91.0;184.0;6.1;3.5
2020/01/17;0800 UTC;0.0;952.1;952.1;951.6;;21.9;20.0;22.2;21.9;20.5;20.0;91.0;89.0;89.0;190.0;6.6;3.3
2020/01/17;0900 UTC;0.0;952.9;952.9;952.1;67.7;22.3;20.5;22.3;21.9;20.5;20.0;90.0;89.0;89.0;173.0;6.2;2.8
2020/01/17;1000 UTC;0.0;953.5;953.5;952.9;527.8;23.3;20.6;23.4;22.2;21.0;20.4;90.0;85.0;85.0;184.0;6.9;3.4
2020/01/17;1100 UTC;0.0;953.9;954.0;953.4;1687.5;25.3;19.8;25.3;23.3;20.7;19.4;85.0;71.0;72.0;188.0;7.7;3.9
2020/01/17;1200 UTC;0.0;953.7;953.9;953.7;2252.6;27.7;19.5;27.7;25.0;20.2;18.8;72.0;61.0;61.0;166.0;8.3;3.1
2020/01/17;1300 UTC;0.0;953.4;953.8;953.4;3133.3;29.2;19.1;29.7;27.1;20.0;18.6;61.0;54.0;54.0;174.0;8.2;2.7
2020/01/17;1400 UTC;0.0;953.0;953.4;953.0;3093.3;30.1;18.9;30.8;28.8;19.8;18.0;55.0;49.0;51.0;190.0;8.4;3.9
2020/01/17;1500 UTC;0.0;952.4;953.1;952.4;2881.9;31.4;17.8;32.3;29.7;19.2;17.8;52.0;44.0;44.0;173.0;8.4;3.7
2020/01/17;1600 UTC;0.0;951.4;952.4;951.4;2515.4;31.5;18.9;32.3;30.7;18.9;17.9;48.0;44.0;47.0;188.0;9.1;3.7
2020/01/17;1700 UTC;0.0;950.7;951.4;950.7;1357.1;31.4;18.5;31.7;30.5;19.0;18.1;48.0;46.0;46.0;177.0;8.3;3.7
2020/01/17;1800 UTC;0.0;950.2;950.7;950.2;748.2;30.4;19.0;31.4;29.9;19.3;18.4;53.0;46.0;51.0;186.0;9.0;3.6
2020/01/17;1900 UTC;0.0;950.5;950.6;950.2;774.4;30.4;19.3;30.7;30.1;19.5;18.8;52.0;50.0;52.0;180.0;9.5;4.4
2020/01/17;2000 UTC;0.0;951.5;951.5;950.4;575.9;28.8;20.3;30.7;28.8;20.4;19.1;60.0;51.0;60.0;178.0;10.0;5.5
2020/01/17;2100 UTC;0.0;952.4;952.4;951.5;125.7;26.9;20.2;28.8;26.8;20.7;20.0;69.0;60.0;67.0;198.0;11.8;5.8
2020/01/17;2200 UTC;0.0;953.2;953.2;952.4;;25.5;19.7;27.0;25.5;20.2;19.6;70.0;66.0;70.0;145.0;11.8;5.6
2020/01/17;2300 UTC;0.0;953.9;953.9;953.2;;24.9;19.8;25.5;24.8;19.9;19.7;74.0;70.0;74.0;198.0;10.4;4.8
2020/01/18;0000 UTC;0.0;954.6;954.6;953.9;;24.4;19.3;24.9;24.4;19.8;19.0;74.0;71.0;73.0;142.0;8.7;3.8
2020/01/18;0100 UTC;0.0;954.5;954.7;954.5;;24.0;19.5;24.5;24.0;19.5;19.3;76.0;73.0;76.0;185.0;6.4;3.4
2020/01/18;0200 UTC;0.0;953.8;954.5;953.8;;23.6;19.8;24.0;23.6;20.2;19.6;81.0;76.0;79.0;190.0;5.9;3.2
2020/01/18;0300 UTC;0.0;953.4;953.8;953.4;;23.3;20.1;23.6;23.3;20.1;19.8;82.0;79.0;82.0;180.0;5.6;2.9
2020/01/18;0400 UTC;0.0;952.8;953.4;952.7;;23.1;20.2;23.3;23.1;20.2;20.1;84.0;82.0;84.0;191.0;5.4;3.0
2020/01/18;0500 UTC;0.0;952.5;952.9;952.5;;23.0;20.3;23.2;23.0;20.4;20.2;85.0;84.0;85.0;172.0;5.5;3.0
2020/01/18;0600 UTC;0.0;952.4;952.5;952.3;;23.0;20.4;23.0;22.9;20.4;20.2;85.0;85.0;85.0;182.0;6.2;3.1
2020/01/18;0700 UTC;0.0;952.3;952.4;952.3;;22.6;20.5;23.0;22.5;20.5;20.3;88.0;85.0;88.0;174.0;6.2;2.1
2020/01/18;0800 UTC;0.0;952.4;952.5;952.3;;22.6;20.6;22.7;22.5;20.7;20.5;89.0;88.0;89.0;180.0;4.8;2.2
2020/01/18;0900 UTC;0.0;953.1;953.1;952.3;46.4;22.7;20.6;22.7;22.5;20.7;20.5;89.0;88.0;88.0;180.0;5.0;2.2
2020/01/18;1000 UTC;0.0;953.4;953.5;953.1;269.8;23.3;20.6;23.3;22.7;20.7;20.5;88.0;84.0;84.0;178.0;5.9;2.5
2020/01/18;1100 UTC;0.0;954.0;954.0;953.4;644.1;24.4;20.6;24.4;23.3;20.7;20.3;84.0;79.0;79.0;181.0;6.2;3.2
2020/01/18;1200 UTC;0.0;953.9;954.1;953.8;1652.0;26.1;20.4;26.5;24.4;21.0;20.1;79.0;70.0;71.0;180.0;7.7;3.2
2020/01/18;1300 UTC;0.0;953.8;953.9;953.7;1511.1;27.3;20.3;27.8;25.9;21.1;19.9;72.0;64.0;66.0;176.0;6.4;3.1
2020/01/18;1400 UTC;0.0;953.0;953.8;953.0;2356.6;28.6;19.9;29.0;27.4;21.3;19.7;66.0;59.0;59.0;181.0;7.1;3.1
2020/01/18;1500 UTC;0.0;952.2;953.0;952.2;3217.9;30.6;18.8;31.3;28.6;20.3;18.4;59.0;47.0;49.0;175.0;9.3;4.6
2020/01/18;1600 UTC;0.0;951.6;952.2;951.6;2626.3;31.7;18.0;31.9;30.3;19.6;18.0;50.0;44.0;44.0;188.0;9.5;4.6
2020/01/18;1700 UTC;0.0;950.8;951.6;950.8;2363.0;31.0;17.6;32.6;30.9;18.3;17.4;46.0;42.0;45.0;177.0;9.0;4.8
2020/01/18;1800 UTC;0.0;950.5;950.8;950.3;2129.7;30.9;18.2;33.0;30.9;18.4;17.0;47.0;41.0;47.0;180.0;9.3;5.0
2020/01/18;1900 UTC;0.0;950.6;950.7;950.4;1530.3;30.5;18.7;31.7;30.4;18.8;18.0;49.0;45.0;49.0;190.0;9.8;5.8
2020/01/18;2000 UTC;0.0;950.9;951.0;950.6;762.6;29.3;18.4;30.7;29.3;18.8;18.3;52.0;49.0;52.0;196.0;10.9;6.2
2020/01/18;2100 UTC;0.0;951.7;951.7;950.9;123.0;27.3;19.1;29.3;27.3;19.1;18.3;61.0;52.0;61.0;200.0;11.7;7.4
2020/01/18;2200 UTC;0.0;952.2;952.2;951.7;;25.6;19.9;27.3;25.6;19.9;19.1;71.0;61.0;71.0;197.0;11.7;6.5
2020/01/18;2300 UTC;0.0;953.0;953.0;952.1;;24.6;20.0;25.6;24.6;20.1;19.8;75.0;71.0;75.0;195.0;10.8;6.0
2020/01/19;0000 UTC;0.0;953.4;953.5;953.0;;23.6;20.4;24.6;23.6;20.4;20.0;82.0;75.0;82.0;193.0;10.6;5.0
2020/01/19;0100 UTC;0.0;953.5;953.7;953.4;;23.2;20.6;23.6;23.2;20.6;20.3;85.0;82.0;85.0;202.0;9.9;4.9
2020/01/19;0200 UTC;0.0;953.2;953.6;953.2;;23.2;20.9;23.4;23.1;21.0;20.5;87.0;85.0;87.0;190.0;8.9;5.1
2020/01/19;0300 UTC;0.0;952.6;953.2;952.6;;22.7;20.6;23.2;22.7;20.9;20.6;88.0;87.0;88.0;192.0;9.3;5.0
2020/01/19;0400 UTC;0.0;952.0;952.6;952.0;;22.4;20.7;22.7;22.4;20.7;20.6;90.0;88.0;90.0;193.0;8.3;4.2
2020/01/19;0500 UTC;0.0;951.6;952.0;951.6;;22.4;20.9;22.5;22.3;20.9;20.6;91.0;90.0;91.0;185.0;7.3;3.8
2020/01/19;0600 UTC;0.0;951.3;951.6;951.3;;22.4;20.8;22.5;22.3;20.9;20.6;91.0;90.0;91.0;176.0;8.2;3.5
2020/01/19;0700 UTC;0.0;951.0;951.4;951.0;;22.5;21.0;22.5;22.3;21.0;20.8;92.0;91.0;92.0;188.0;7.5;3.0
2020/01/19;0800 UTC;0.0;951.1;951.2;951.0;;22.3;20.9;22.5;22.3;21.0;20.9;92.0;91.0;92.0;191.0;7.0;4.2
2020/01/19;0900 UTC;0.0;951.7;951.7;951.1;41.3;22.5;20.9;22.5;22.3;21.0;20.9;92.0;91.0;91.0;195.0;8.1;4.0
2020/01/19;1000 UTC;0.0;952.4;952.5;951.7;354.0;23.0;20.9;23.0;22.5;21.1;20.8;91.0;88.0;88.0;178.0;6.9;3.5
2020/01/19;1100 UTC;0.0;953.1;953.1;952.4;676.3;23.8;20.8;24.0;23.0;21.5;20.8;88.0;83.0;83.0;189.0;7.0;3.9
2020/01/19;1200 UTC;0.0;953.0;953.4;953.0;1035.0;25.7;21.2;25.7;23.8;21.7;20.8;84.0;76.0;76.0;192.0;7.1;3.9
2020/01/19;1300 UTC;0.0;952.7;953.1;952.7;1684.8;26.8;20.5;27.2;25.1;21.4;20.0;77.0;67.0;68.0;192.0;8.0;4.6
2020/01/19;1400 UTC;0.0;951.8;952.7;951.8;2760.3;29.7;18.7;29.9;26.8;21.0;17.6;68.0;52.0;52.0;179.0;8.6;4.8
2020/01/19;1500 UTC;0.0;950.9;951.9;950.9;3177.7;30.0;16.8;31.3;29.0;18.7;16.8;52.0;43.0;45.0;183.0;10.4;3.8
2020/01/19;1600 UTC;0.0;949.9;950.9;949.9;3030.1;31.1;15.9;31.7;30.0;17.0;15.6;45.0;39.0;40.0;174.0;8.7;4.2
2020/01/19;1700 UTC;0.0;949.1;949.9;949.1;2782.3;31.1;15.3;32.5;30.5;16.7;15.0;41.0;36.0;38.0;193.0;10.1;4.3
2020/01/19;1800 UTC;0.0;948.8;949.1;948.7;1596.5;31.7;15.5;32.1;30.4;16.4;15.1;42.0;37.0;38.0;181.0;9.1;2.7
2020/01/19;1900 UTC;0.0;949.0;949.0;948.7;1825.3;30.9;16.4;32.3;30.7;16.6;15.6;42.0;38.0;42.0;174.0;8.2;4.1
2020/01/19;2000 UTC;0.0;949.4;949.4;948.9;778.4;29.7;16.1;31.1;29.6;16.4;16.0;44.0;41.0;44.0;190.0;10.1;4.8
2020/01/19;2100 UTC;0.0;950.2;950.2;949.4;100.7;27.8;16.8;29.7;27.8;16.8;15.9;51.0;44.0;51.0;195.0;10.8;5.6
2020/01/19;2200 UTC;0.0;950.9;950.9;950.2;;25.8;18.6;27.8;25.8;18.6;16.7;64.0;51.0;64.0;197.0;10.8;6.5
2020/01/19;2300 UTC;0.0;951.9;951.9;950.9;;24.8;19.3;25.9;24.8;19.4;18.6;72.0;64.0;72.0;184.0;10.6;4.9
2020/01/20;0000 UTC;0.0;952.2;952.3;951.9;;23.8;20.1;24.8;23.8;20.1;19.4;80.0;72.0;80.0;193.0;9.5;5.1
2020/01/20;0100 UTC;0.0;952.5;952.5;952.2;;23.3;20.3;23.9;23.3;20.3;20.1;83.0;80.0;83.0;194.0;9.5;4.5
2020/01/20;0200 UTC;0.0;951.9;952.6;951.9;;22.6;20.1;23.3;22.6;20.4;20.1;86.0;83.0;86.0;198.0;8.4;5.2
2020/01/20;0300 UTC;0.0;951.4;952.0;951.4;;22.4;20.4;22.7;22.4;20.4;20.2;89.0;86.0;89.0;194.0;7.8;3.9
2020/01/20;0400 UTC;0.0;950.6;951.5;950.6;;22.3;20.4;22.5;22.2;20.5;20.3;89.0;89.0;89.0;188.0;6.3;2.0
2020/01/20;0500 UTC;0.0;949.9;950.6;949.9;;22.0;20.3;22.3;22.0;20.4;20.2;90.0;89.0;90.0;190.0;4.4;2.4
2020/01/20;0600 UTC;0.0;949.9;950.0;949.9;;21.8;20.0;22.1;21.8;20.3;20.0;90.0;89.0;89.0;198.0;4.9;2.3
2020/01/20;0700 UTC;0.0;950.5;950.5;949.9;;21.7;19.9;21.8;21.7;20.0;19.9;90.0;89.0;90.0;186.0;3.6;1.5
2020/01/20;0800 UTC;0.0;950.7;950.7;950.3;;21.6;20.0;21.7;21.6;20.0;19.9;91.0;90.0;91.0;194.0;3.3;2.0
2020/01/20;0900 UTC;0.0;951.3;951.3;950.7;101.5;21.9;20.4;21.9;21.5;20.4;20.0;91.0;91.0;91.0;203.0;3.0;2.0
2020/01/20;1000 UTC;0.0;951.7;951.8;951.3;705.0;23.2;20.4;23.2;21.9;20.8;20.1;91.0;85.0;85.0;173.0;4.4;2.0
2020/01/20;1100 UTC;0.0;951.7;951.8;951.6;1213.1;24.4;19.5;24.8;23.1;20.5;19.5;85.0;74.0;74.0;181.0;6.8;2.8
2020/01/20;1200 UTC;0.0;951.7;951.7;951.5;1794.8;26.6;19.2;26.8;24.1;20.2;18.8;75.0;64.0;64.0;184.0;7.3;3.1
2020/01/20;1300 UTC;0.0;951.0;951.7;951.0;3054.8;28.6;17.0;29.6;26.4;19.4;17.0;64.0;49.0;49.0;184.0;7.3;2.6
2020/01/20;1400 UTC;0.0;950.3;951.0;950.3;3608.2;29.3;16.8;30.4;27.9;18.4;16.8;53.0;46.0;47.0;185.0;10.4;3.5
2020/01/20;1500 UTC;0.0;949.7;950.3;949.7;2966.7;30.9;17.1;31.4;29.2;18.2;16.5;49.0;42.0;44.0;178.0;8.1;2.6
2020/01/20;1600 UTC;0.0;948.9;949.7;948.9;3912.4;32.1;16.1;32.8;30.8;17.6;16.1;44.0;38.0;38.0;230.0;7.0;1.6
2020/01/20;1700 UTC;0.0;947.7;948.9;947.7;3118.2;33.1;15.1;33.4;31.5;16.7;15.1;39.0;34.0;34.0;182.0;7.0;2.7
2020/01/20;1800 UTC;0.0;947.0;947.7;946.9;2356.7;32.3;14.8;33.7;32.1;15.6;14.6;36.0;32.0;35.0;192.0;8.1;2.7
2020/01/20;1900 UTC;0.0;947.3;947.3;946.9;1056.2;30.9;18.5;32.7;30.8;18.5;14.3;48.0;34.0;48.0;182.0;10.0;5.2
2020/01/20;2000 UTC;0.0;947.8;947.8;947.3;554.7;29.1;19.1;30.9;29.1;19.2;18.5;55.0;48.0;55.0;194.0;11.1;5.7
2020/01/20;2100 UTC;0.0;948.4;948.4;947.8;99.0;26.9;19.0;29.2;26.9;19.2;18.8;62.0;55.0;62.0;226.0;10.7;5.7
2020/01/20;2200 UTC;0.0;949.4;949.4;948.4;;25.4;18.9;27.0;25.4;19.2;18.9;68.0;62.0;67.0;192.0;10.6;5.3
2020/01/20;2300 UTC;0.0;950.0;950.0;949.4;;24.4;19.0;25.4;24.4;19.2;18.9;72.0;67.0;72.0;129.0;9.6;4.3
2020/01/21;0000 UTC;0.0;950.7;950.7;950.0;;23.8;18.5;24.4;23.8;19.0;18.5;73.0;72.0;72.0;155.0;10.1;3.2
2020/01/21;0100 UTC;0.0;951.0;951.1;950.7;;23.0;19.5;23.8;23.0;19.5;18.6;80.0;73.0;80.0;185.0;8.5;4.7
2020/01/21;0200 UTC;0.0;950.4;951.0;950.4;;22.6;20.2;23.1;22.6;20.2;19.5;86.0;80.0;86.0;188.0;8.4;4.2
2020/01/21;0300 UTC;0.0;949.8;950.4;949.8;;22.8;20.5;22.8;22.6;20.5;20.2;87.0;86.0;87.0;173.0;6.5;2.9
2020/01/21;0400 UTC;0.0;949.2;949.8;949.2;;22.6;20.5;22.9;22.6;20.6;20.4;88.0;86.0;88.0;203.0;6.8;4.0
2020/01/21;0500 UTC;0.0;949.0;949.4;949.0;;22.4;20.7;22.7;22.4;20.7;20.5;90.0;88.0;90.0;200.0;6.4;3.0
2020/01/21;0600 UTC;0.0;948.8;949.2;948.8;;22.3;20.7;22.6;22.3;20.9;20.7;91.0;90.0;91.0;179.0;5.8;3.1
2020/01/21;0700 UTC;0.0;949.2;949.2;948.7;;22.2;20.9;22.4;22.1;20.9;20.7;92.0;91.0;92.0;179.0;5.8;2.0
2020/01/21;0800 UTC;0.0;949.7;949.7;949.2;;22.2;20.9;22.3;22.1;21.0;20.9;93.0;92.0;93.0;172.0;5.7;2.9
2020/01/21;0900 UTC;0.0;950.1;950.1;949.7;74.5;22.4;21.0;22.4;22.0;21.0;20.8;93.0;92.0;92.0;22.0;5.4;2.4
2020/01/21;1000 UTC;0.0;950.9;950.9;950.1;617.6;23.6;21.3;23.8;22.4;21.7;20.9;92.0;87.0;87.0;112.0;4.9;2.1
2020/01/21;1100 UTC;0.0;951.1;951.1;950.9;1208.0;24.6;20.1;25.4;23.5;22.2;20.0;87.0;76.0;76.0;68.0;6.7;3.7
2020/01/21;1200 UTC;0.0;951.4;951.4;951.1;2682.0;27.6;19.8;28.3;24.6;20.9;19.8;76.0;62.0;62.0;184.0;6.9;3.6
2020/01/21;1300 UTC;0.0;951.0;951.5;951.0;3137.6;29.2;19.8;30.0;27.3;20.6;19.4;64.0;56.0;57.0;182.0;6.9;2.7
2020/01/21;1400 UTC;0.0;950.3;951.0;950.3;3719.2;31.2;19.9;31.7;29.0;20.3;19.0;57.0;49.0;51.0;177.0;7.4;3.5
2020/01/21;1500 UTC;0.0;949.4;950.3;949.4;3523.9;32.5;19.7;32.5;29.9;19.9;18.4;52.0;46.0;47.0;69.0;7.4;3.1
2020/01/21;1600 UTC;0.0;948.4;949.4;948.4;2452.6;31.4;18.5;33.3;30.7;20.0;18.2;49.0;45.0;46.0;160.0;8.8;2.6
2020/01/21;1700 UTC;0.0;947.2;948.4;947.2;1543.5;31.9;18.6;32.7;30.7;18.9;17.8;48.0;42.0;45.0;359.0;6.9;3.5
2020/01/21;1800 UTC;7.4;948.4;948.4;947.0;225.1;22.4;19.3;31.9;22.4;21.0;18.2;83.0;45.0;83.0;6.0;10.9;4.8
2020/01/21;1900 UTC;29.8;948.2;948.5;947.6;188.3;23.2;22.4;23.2;20.5;22.4;18.4;97.0;83.0;95.0;171.0;12.4;3.3
2020/01/21;2000 UTC;0.2;948.7;948.7;948.0;220.1;23.1;22.0;23.2;22.8;22.3;21.7;95.0;94.0;94.0;61.0;9.1;4.2
2020/01/21;2100 UTC;0.0;948.6;948.8;948.4;207.4;23.8;22.5;23.8;23.1;22.5;22.0;94.0;93.0;93.0;355.0;8.4;2.0
2020/01/21;2200 UTC;0.0;949.3;949.3;948.6;;23.8;22.1;23.9;23.8;22.6;22.1;93.0;91.0;91.0;4.0;7.3;3.0
2020/01/21;2300 UTC;0.0;950.5;950.5;949.3;;23.4;22.1;23.8;23.3;22.2;22.0;93.0;91.0;93.0;184.0;5.9;3.2
2020/01/22;0000 UTC;0.0;951.6;951.6;950.5;;23.5;22.4;23.6;23.4;22.4;22.2;94.0;93.0;93.0;349.0;6.6;2.8
2020/01/22;0100 UTC;0.0;951.8;951.9;951.5;;23.3;22.2;23.5;23.3;22.4;22.2;94.0;93.0;93.0;5.0;6.5;2.3
2020/01/22;0200 UTC;0.0;951.5;951.9;951.3;;23.0;21.8;23.3;23.0;22.2;21.8;93.0;93.0;93.0;53.0;4.6;1.6
2020/01/22;0300 UTC;0.0;951.2;951.6;951.2;;22.8;21.7;23.1;22.7;21.9;21.5;93.0;93.0;93.0;1.0;3.8;1.6
2020/01/22;0400 UTC;0.0;950.2;951.2;950.2;;22.6;21.5;22.9;22.5;21.8;21.5;94.0;93.0;94.0;349.0;4.6;1.7
2020/01/22;0500 UTC;0.0;949.5;950.2;949.5;;22.3;21.2;22.6;22.3;21.5;21.2;94.0;94.0;94.0;358.0;4.7;1.9
2020/01/22;0600 UTC;0.0;949.3;949.5;949.1;;22.0;21.0;22.3;22.0;21.3;21.0;94.0;94.0;94.0;353.0;4.8;1.2
2020/01/22;0700 UTC;0.0;949.6;949.7;949.3;;21.8;20.8;22.1;21.7;21.0;20.7;94.0;94.0;94.0;358.0;3.9;0.8
2020/01/22;0800 UTC;0.0;950.0;950.0;949.5;;21.6;20.6;21.8;21.4;20.7;20.5;94.0;94.0;94.0;354.0;2.8;1.7
2020/01/22;0900 UTC;0.0;950.0;950.2;949.9;103.3;22.1;21.0;22.1;21.4;21.1;20.5;94.0;93.0;94.0;4.0;4.8;1.7
2020/01/22;1000 UTC;0.0;950.6;950.6;950.0;836.8;23.9;21.9;24.0;22.1;22.0;20.9;94.0;88.0;88.0;356.0;3.9;1.3
2020/01/22;1100 UTC;0.0;951.3;951.3;950.6;1785.5;25.5;21.1;25.7;23.7;22.3;21.0;88.0;77.0;77.0;359.0;5.5;2.8
2020/01/22;1200 UTC;0.0;951.2;951.3;951.1;2005.1;26.4;20.2;27.4;25.2;21.3;20.2;77.0;67.0;69.0;2.0;6.0;2.4
2020/01/22;1300 UTC;0.0;951.0;951.3;951.0;1742.9;27.9;20.3;28.2;26.4;21.0;20.0;70.0;64.0;64.0;169.0;5.3;2.7
2020/01/22;1400 UTC;0.0;950.7;951.1;950.7;3150.9;28.8;20.1;29.7;27.9;21.6;19.8;65.0;58.0;60.0;12.0;7.8;2.5
2020/01/22;1500 UTC;0.0;950.0;950.7;950.0;2862.2;30.1;19.1;30.5;28.8;20.8;18.5;60.0;51.0;52.0;41.0;7.6;2.8
2020/01/22;1600 UTC;0.0;949.0;950.0;949.0;3067.7;31.9;19.1;32.2;29.7;19.7;18.1;54.0;45.0;47.0;7.0;7.4;1.9
2020/01/22;1700 UTC;0.0;948.4;949.0;948.3;1217.8;28.1;21.1;31.9;28.0;21.1;17.5;66.0;44.0;66.0;176.0;12.2;6.1
2020/01/22;1800 UTC;0.0;948.4;948.7;948.4;1001.4;26.3;22.0;28.1;25.0;22.1;20.9;80.0;66.0;77.0;191.0;13.6;5.1
2020/01/22;1900 UTC;0.0;948.1;948.5;948.1;1345.5;27.1;20.9;27.7;26.3;22.3;20.9;77.0;69.0;69.0;172.0;9.2;5.0
2020/01/22;2000 UTC;0.0;948.3;948.3;947.9;834.6;26.4;21.4;27.4;26.4;22.0;21.1;75.0;69.0;74.0;162.0;9.2;4.6
2020/01/22;2100 UTC;0.0;949.1;949.1;948.3;90.4;25.9;21.2;26.4;25.8;21.4;21.0;76.0;73.0;75.0;183.0;9.3;4.2
2020/01/22;2200 UTC;0.0;949.8;949.8;949.1;;24.9;21.3;25.9;24.9;21.5;21.0;81.0;75.0;81.0;125.0;10.0;3.6
2020/01/22;2300 UTC;0.0;950.7;950.7;949.8;;24.3;21.6;24.9;24.2;21.6;21.2;85.0;81.0;85.0;194.0;7.6;3.5
2020/01/23;0000 UTC;0.0;951.6;951.6;950.7;;23.7;21.5;24.3;23.7;21.6;21.4;87.0;85.0;87.0;123.0;7.9;3.0
2020/01/23;0100 UTC;0.0;952.0;952.0;951.6;;23.5;21.6;23.8;23.5;21.7;21.5;89.0;87.0;89.0;174.0;8.1;3.0
2020/01/23;0200 UTC;0.0;951.5;952.0;951.5;;23.4;21.5;23.6;23.4;21.7;21.3;89.0;88.0;89.0;196.0;6.6;3.0
2020/01/23;0300 UTC;0.0;950.9;951.5;950.9;;23.3;21.8;23.4;23.2;21.8;21.4;91.0;89.0;91.0;175.0;6.6;3.3
2020/01/23;0400 UTC;0.0;950.2;950.9;950.2;;23.3;22.0;23.4;23.3;22.0;21.7;92.0;91.0;92.0;160.0;6.6;2.9
2020/01/23;0500 UTC;0.0;949.9;950.2;949.9;;23.2;22.1;23.3;23.2;22.1;21.9;93.0;92.0;93.0;163.0;6.3;2.9
2020/01/23;0600 UTC;0.0;949.6;949.9;949.5;;23.1;22.1;23.2;23.1;22.2;22.0;94.0;93.0;94.0;276.0;6.3;2.2
2020/01/23;0700 UTC;0.0;949.4;949.7;949.4;;23.2;22.2;23.3;23.1;22.2;22.1;94.0;93.0;94.0;168.0;5.6;2.9
2020/01/23;0800 UTC;0.0;949.7;949.7;949.3;;23.1;22.2;23.3;23.1;22.3;22.1;95.0;94.0;95.0;189.0;5.9;2.9
2020/01/23;0900 UTC;0.4;950.3;950.3;949.6;26.1;23.0;22.2;23.2;23.0;22.3;22.1;95.0;94.0;95.0;180.0;6.9;2.6
2020/01/23;1000 UTC;0.0;950.6;951.0;950.3;370.1;23.8;22.7;23.9;23.0;22.9;22.2;96.0;93.0;93.0;165.0;8.2;3.6
2020/01/23;1100 UTC;0.0;951.0;951.1;950.5;1007.2;25.2;22.8;25.2;23.8;23.2;22.3;94.0;87.0;87.0;161.0;7.8;4.1
2020/01/23;1200 UTC;0.0;951.6;951.7;951.0;957.9;24.9;22.9;25.3;24.3;23.0;21.9;90.0;85.0;89.0;176.0;8.4;4.3
2020/01/23;1300 UTC;0.0;951.4;951.7;951.4;3294.5;29.2;21.0;29.7;24.9;23.6;21.0;89.0;61.0;61.0;177.0;8.8;4.2
2020/01/23;1400 UTC;0.2;951.5;951.6;951.2;1754.3;25.1;20.0;29.2;25.1;22.1;19.7;73.0;61.0;73.0;143.0;13.8;5.8
2020/01/23;1500 UTC;0.0;950.8;951.6;950.8;1876.2;27.5;21.7;27.6;24.6;22.2;20.0;80.0;71.0;71.0;196.0;10.1;3.7
2020/01/23;1600 UTC;0.0;950.1;950.9;950.1;2183.8;28.1;22.0;28.3;24.4;22.2;20.5;82.0;69.0;69.0;353.0;9.0;3.7
2020/01/23;1700 UTC;0.0;949.0;950.2;949.0;2317.6;28.8;21.1;29.5;27.9;22.4;21.1;71.0;62.0;63.0;195.0;9.6;4.3
2020/01/23;1800 UTC;0.0;948.5;949.0;948.4;2461.8;29.1;19.9;30.4;28.4;21.9;19.9;64.0;58.0;58.0;191.0;11.1;6.1
2020/01/23;1900 UTC;0.2;948.4;948.5;948.2;1061.1;27.7;20.8;29.3;27.6;21.2;19.7;67.0;58.0;66.0;186.0;12.2;5.8
2020/01/23;2000 UTC;0.0;948.6;948.6;948.3;410.7;26.8;20.6;27.7;26.8;21.0;20.1;69.0;65.0;69.0;191.0;11.6;6.7
2020/01/23;2100 UTC;0.0;949.5;949.5;948.6;105.5;25.6;20.8;26.9;25.6;20.9;20.5;75.0;69.0;75.0;184.0;11.6;5.1
2020/01/23;2200 UTC;0.0;950.5;950.5;949.5;;24.7;21.0;25.6;24.7;21.1;20.8;80.0;75.0;80.0;196.0;11.0;4.0
2020/01/23;2300 UTC;0.0;951.3;951.3;950.5;;24.1;21.2;24.7;24.1;21.2;20.9;84.0;80.0;84.0;177.0;8.7;3.5
2020/01/24;0000 UTC;0.0;951.9;951.9;951.3;;23.6;21.5;24.2;23.6;21.5;21.2;88.0;84.0;88.0;182.0;6.7;3.9
2020/01/24;0100 UTC;0.0;952.1;952.1;951.9;;23.4;21.7;23.6;23.3;21.7;21.5;91.0;88.0;91.0;178.0;6.8;3.1
2020/01/24;0200 UTC;0.0;952.2;952.3;952.1;;23.1;21.7;23.4;23.1;21.8;21.6;92.0;90.0;92.0;176.0;6.4;2.9
2020/01/24;0300 UTC;0.0;951.7;952.2;951.7;;23.1;21.8;23.3;23.1;21.9;21.7;92.0;92.0;92.0;203.0;5.4;3.3
2020/01/24;0400 UTC;0.0;951.0;951.7;951.0;;23.1;21.8;23.1;23.0;21.9;21.7;93.0;92.0;93.0;183.0;5.4;1.9
2020/01/24;0500 UTC;0.0;950.6;951.0;950.6;;23.0;21.9;23.2;22.9;22.0;21.8;94.0;93.0;94.0;187.0;6.0;2.5
2020/01/24;0600 UTC;0.0;950.6;950.8;950.6;;22.9;21.9;23.0;22.9;22.0;21.9;95.0;94.0;95.0;185.0;5.1;2.5
2020/01/24;0700 UTC;0.0;950.5;950.7;950.5;;22.9;21.9;22.9;22.7;22.0;21.8;95.0;94.0;94.0;181.0;4.5;2.2
2020/01/24;0800 UTC;0.0;951.0;951.0;950.4;;22.9;21.9;23.0;22.7;22.0;21.8;95.0;94.0;94.0;193.0;6.3;2.6
2020/01/24;0900 UTC;0.0;951.4;951.4;951.0;12.6;22.8;21.9;22.9;22.8;22.0;21.8;95.0;94.0;95.0;195.0;6.6;2.9
2020/01/24;1000 UTC;0.0;951.6;951.6;951.4;178.4;23.1;21.9;23.1;22.8;22.0;21.8;95.0;93.0;93.0;193.0;7.9;5.0
2020/01/24;1100 UTC;0.0;952.2;952.2;951.6;388.2;23.6;22.1;23.6;23.1;22.1;21.9;93.0;91.0;91.0;199.0;8.4;4.0
2020/01/24;1200 UTC;0.0;952.1;952.2;952.1;500.3;24.1;21.7;24.1;23.5;22.1;21.6;91.0;86.0;86.0;191.0;7.5;4.4
2020/01/24;1300 UTC;0.0;952.0;952.2;952.0;1158.4;25.4;20.8;25.5;24.2;21.9;20.8;87.0;76.0;76.0;181.0;8.3;4.4
2020/01/24;1400 UTC;0.0;951.8;952.0;951.8;1436.2;27.1;20.5;27.2;25.3;21.0;20.3;76.0;67.0;67.0;192.0;9.7;4.4
2020/01/24;1500 UTC;0.0;951.4;951.8;951.4;1533.7;27.4;19.2;27.6;27.0;20.9;19.2;68.0;61.0;61.0;177.0;8.5;4.2
2020/01/24;1600 UTC;0.0;950.9;951.4;950.9;1775.4;28.3;19.7;28.5;27.4;20.5;18.9;63.0;59.0;60.0;351.0;8.5;3.3
2020/01/24;1700 UTC;0.0;950.2;950.9;950.2;1801.7;29.2;19.3;29.4;28.0;20.0;19.0;61.0;55.0;55.0;195.0;7.9;3.7
2020/01/24;1800 UTC;0.0;949.9;950.3;949.9;1927.1;29.0;18.1;29.9;28.6;19.4;17.6;56.0;49.0;52.0;183.0;8.3;4.5
2020/01/24;1900 UTC;0.0;950.0;950.1;949.8;949.3;28.4;18.1;29.0;28.2;18.8;17.7;56.0;51.0;54.0;1.0;7.8;3.1
2020/01/24;2000 UTC;0.0;950.7;950.7;950.0;462.1;27.7;18.2;28.4;27.7;18.5;17.7;56.0;53.0;56.0;357.0;6.5;2.7
2020/01/24;2100 UTC;0.0;951.3;951.3;950.7;109.8;26.7;18.6;27.7;26.7;18.9;18.2;62.0;56.0;61.0;180.0;6.7;3.2
2020/01/24;2200 UTC;0.0;951.8;951.8;951.3;;25.4;20.5;26.7;25.4;20.5;18.6;74.0;61.0;74.0;190.0;6.4;3.0
2020/01/24;2300 UTC;0.0;952.6;952.6;951.8;;24.6;21.1;25.4;24.6;21.1;20.5;81.0;74.0;81.0;182.0;6.1;2.8
2020/01/25;0000 UTC;0.0;953.3;953.3;952.6;;24.1;21.3;24.6;24.1;21.3;21.0;84.0;81.0;84.0;198.0;6.0;2.7
2020/01/25;0100 UTC;0.0;953.3;953.3;953.2;;23.7;21.6;24.1;23.6;21.7;21.3;88.0;84.0;88.0;192.0;6.1;3.3
2020/01/25;0200 UTC;0.0;952.7;953.3;952.7;;23.2;21.5;23.7;23.2;21.7;21.5;90.0;88.0;90.0;172.0;6.2;3.6
2020/01/25;0300 UTC;0.0;952.2;952.7;952.2;;22.9;21.5;23.2;22.9;21.6;21.4;92.0;90.0;92.0;188.0;5.8;3.3
2020/01/25;0400 UTC;0.0;951.4;952.2;951.4;;22.8;21.5;22.9;22.7;21.6;21.5;93.0;92.0;93.0;193.0;5.2;2.4
2020/01/25;0500 UTC;0.0;951.0;951.4;951.0;;22.8;21.5;22.8;22.7;21.6;21.5;93.0;92.0;93.0;177.0;6.0;2.6
2020/01/25;0600 UTC;0.0;950.9;951.1;950.9;;22.6;21.5;22.8;22.6;21.6;21.4;94.0;92.0;94.0;183.0;6.3;2.9
2020/01/25;0700 UTC;0.0;951.1;951.1;950.9;;22.4;21.4;22.6;22.4;21.6;21.4;94.0;93.0;94.0;165.0;5.9;3.4
2020/01/25;0800 UTC;0.0;951.3;951.3;950.9;;22.3;21.4;22.5;22.3;21.4;21.3;95.0;94.0;95.0;183.0;5.1;2.5
2020/01/25;0900 UTC;0.0;951.6;951.6;951.3;48.8;22.6;21.6;22.6;22.3;21.6;21.4;95.0;94.0;94.0;172.0;6.3;3.4
2020/01/25;1000 UTC;0.0;952.0;952.0;951.5;432.3;23.5;22.1;23.5;22.5;22.2;21.6;94.0;92.0;92.0;180.0;7.3;3.5
2020/01/25;1100 UTC;0.0;952.5;952.5;952.0;925.8;24.5;21.4;24.5;23.4;22.3;21.4;92.0;83.0;83.0;191.0;7.3;3.7
2020/01/25;1200 UTC;0.0;952.7;952.7;952.5;1196.6;25.2;20.8;25.8;24.5;21.8;20.6;83.0;76.0;77.0;196.0;7.6;3.9
2020/01/25;1300 UTC;0.0;952.8;952.8;952.6;993.2;25.5;21.1;26.2;25.2;21.4;20.9;77.0;74.0;76.0;184.0;6.2;3.3
2020/01/25;1400 UTC;0.0;952.0;952.8;952.0;1561.9;27.4;21.5;27.4;25.5;22.2;21.1;77.0;70.0;70.0;188.0;6.1;3.4
2020/01/25;1500 UTC;0.0;951.4;952.1;951.4;2568.4;28.6;21.3;29.5;27.4;22.2;21.1;70.0;64.0;65.0;123.0;7.2;3.2
2020/01/25;1600 UTC;0.0;950.5;951.4;950.5;2299.1;30.5;21.4;30.5;28.4;21.9;20.8;66.0;58.0;58.0;175.0;6.5;3.3
2020/01/25;1700 UTC;0.0;949.6;950.5;949.6;2445.4;31.2;21.3;31.3;30.2;21.8;20.7;58.0;55.0;56.0;167.0;7.1;3.8
2020/01/25;1800 UTC;0.0;948.9;949.6;948.9;1735.7;30.8;21.2;31.7;30.6;21.2;20.2;57.0;52.0;57.0;183.0;9.7;4.5
2020/01/25;1900 UTC;0.0;949.1;949.1;948.9;883.5;29.5;21.6;30.9;29.5;21.9;20.6;63.0;55.0;63.0;171.0;9.3;4.4
2020/01/25;2000 UTC;0.0;949.8;949.8;949.1;306.4;28.2;21.7;29.6;28.2;22.0;21.6;68.0;63.0;68.0;183.0;9.0;4.6
2020/01/25;2100 UTC;0.0;950.4;950.4;949.8;58.2;27.1;21.8;28.2;27.1;21.8;21.6;73.0;68.0;73.0;178.0;9.0;4.3
2020/01/25;2200 UTC;0.0;951.4;951.4;950.4;;25.9;22.0;27.1;25.9;22.0;21.7;79.0;73.0;79.0;182.0;9.5;4.4
2020/01/25;2300 UTC;0.0;952.3;952.3;951.3;;25.2;22.4;26.0;25.2;22.4;22.0;84.0;79.0;84.0;184.0;7.9;3.7
2020/01/26;0000 UTC;0.0;952.6;952.7;952.3;;24.5;22.1;25.2;24.5;22.4;22.1;87.0;84.0;87.0;164.0;8.8;4.2
2020/01/26;0100 UTC;0.0;953.0;953.0;952.6;;24.2;22.2;24.5;24.2;22.3;22.1;89.0;87.0;89.0;193.0;8.2;4.2
2020/01/26;0200 UTC;0.0;952.7;953.0;952.7;;24.1;22.4;24.2;24.0;22.4;22.2;90.0;89.0;90.0;194.0;7.3;3.2
2020/01/26;0300 UTC;0.0;952.0;952.7;952.0;;23.9;22.4;24.1;23.8;22.4;22.2;91.0;90.0;91.0;162.0;6.3;1.8
2020/01/26;0400 UTC;0.0;951.6;952.0;951.6;;23.6;22.3;23.9;23.6;22.4;22.2;92.0;91.0;92.0;171.0;6.6;3.0
2020/01/26;0500 UTC;0.2;951.3;951.6;951.3;;23.2;22.1;23.6;23.2;22.4;22.1;94.0;92.0;94.0;351.0;6.7;3.0
2020/01/26;0600 UTC;0.0;951.0;951.3;951.0;;23.2;22.1;23.2;23.2;22.2;22.1;94.0;94.0;94.0;179.0;5.9;2.7
2020/01/26;0700 UTC;0.0;950.8;951.0;950.8;;23.1;22.1;23.2;23.1;22.2;22.1;94.0;94.0;94.0;206.0;4.5;2.5
2020/01/26;0800 UTC;0.0;950.9;950.9;950.7;;23.1;22.1;23.2;23.1;22.2;22.0;94.0;94.0;94.0;155.0;5.3;2.7
2020/01/26;0900 UTC;0.0;951.5;951.5;950.9;48.1;23.2;22.2;23.2;23.1;22.3;22.1;95.0;94.0;94.0;196.0;6.4;2.2
2020/01/26;1000 UTC;0.0;951.9;951.9;951.5;287.7;23.6;22.5;23.7;23.2;22.6;22.2;95.0;93.0;93.0;193.0;6.3;3.5
2020/01/26;1100 UTC;0.0;952.5;952.5;951.9;720.8;25.0;22.4;25.0;23.6;23.2;22.4;93.0;85.0;85.0;208.0;6.4;3.4
2020/01/26;1200 UTC;0.0;952.9;952.9;952.5;1226.4;26.5;21.2;27.1;25.0;22.6;21.1;85.0;72.0;73.0;190.0;6.0;3.2
2020/01/26;1300 UTC;0.0;952.7;952.9;952.7;1875.1;28.2;21.3;28.5;26.5;21.9;20.7;73.0;66.0;66.0;173.0;6.3;2.3
2020/01/26;1400 UTC;0.0;952.0;952.7;952.0;3077.8;30.1;20.7;30.3;27.7;22.0;20.3;67.0;56.0;57.0;175.0;7.5;3.3
2020/01/26;1500 UTC;0.0;951.3;952.0;951.3;3460.2;31.2;20.0;31.9;29.4;20.6;18.7;57.0;48.0;51.0;189.0;8.4;3.5
2020/01/26;1600 UTC;0.0;950.6;951.4;950.6;2437.3;31.3;19.4;31.9;30.6;20.6;19.1;53.0;48.0;49.0;2.0;8.0;3.7
2020/01/26;1700 UTC;0.0;949.7;950.6;949.7;3112.0;32.3;19.5;33.0;31.3;20.0;18.8;50.0;45.0;47.0;177.0;7.8;4.2
2020/01/26;1800 UTC;0.0;948.8;949.7;948.7;2435.8;32.5;18.6;33.4;32.0;19.8;17.8;48.0;42.0;44.0;134.0;8.7;4.8
2020/01/26;1900 UTC;0.0;948.5;948.8;948.5;1678.6;31.7;19.1;33.1;31.4;19.2;18.1;48.0;43.0;47.0;266.0;9.7;4.1
2020/01/26;2000 UTC;0.0;948.7;948.7;948.5;884.0;30.0;19.9;31.8;30.0;20.3;19.0;56.0;47.0;55.0;182.0;9.5;5.2
2020/01/26;2100 UTC;0.0;949.8;949.8;948.7;114.0;28.1;21.2;30.1;28.1;21.2;20.0;66.0;55.0;66.0;173.0;8.8;4.2
2020/01/26;2200 UTC;0.0;951.1;951.1;949.8;;26.4;21.6;28.1;26.4;21.8;21.2;75.0;66.0;75.0;150.0;9.6;4.8
2020/01/26;2300 UTC;0.0;952.2;952.2;951.1;;25.3;21.8;26.5;25.3;22.0;21.7;81.0;75.0;81.0;135.0;8.9;4.1
2020/01/27;0000 UTC;0.0;953.1;953.1;952.1;;24.6;21.9;25.3;24.5;21.9;21.7;85.0;81.0;85.0;163.0;8.3;3.6
2020/01/27;0100 UTC;0.0;953.4;953.4;953.1;;24.1;22.0;24.6;24.1;22.1;21.8;88.0;85.0;88.0;173.0;7.1;4.1
2020/01/27;0200 UTC;0.0;953.4;953.6;953.4;;23.6;21.8;24.2;23.6;22.1;21.7;90.0;88.0;90.0;113.0;7.0;2.7
2020/01/27;0300 UTC;0.0;952.8;953.4;952.8;;23.4;22.0;23.7;23.4;22.0;21.7;91.0;89.0;91.0;176.0;7.1;2.9
2020/01/27;0400 UTC;0.0;952.6;952.8;952.6;;23.2;22.0;23.5;23.2;22.1;21.9;93.0;91.0;93.0;150.0;5.7;3.5
2020/01/27;0500 UTC;0.0;951.9;952.6;951.9;;23.0;21.9;23.3;23.0;22.1;21.9;94.0;93.0;94.0;165.0;5.8;2.5
2020/01/27;0600 UTC;0.0;951.7;951.9;951.6;;22.9;21.8;23.0;22.9;21.9;21.8;94.0;93.0;94.0;162.0;5.5;2.8
2020/01/27;0700 UTC;0.0;951.8;951.8;951.6;;22.8;21.9;22.9;22.7;22.0;21.8;95.0;94.0;95.0;169.0;6.7;3.2
2020/01/27;0800 UTC;0.0;951.8;951.8;951.6;;22.6;21.9;22.8;22.6;22.0;21.8;95.0;95.0;95.0;192.0;6.5;2.9
2020/01/27;0900 UTC;0.0;952.1;952.1;951.7;66.9;22.8;21.9;22.9;22.5;22.1;21.8;96.0;95.0;95.0;189.0;5.7;2.4
2020/01/27;1000 UTC;0.0;952.5;952.5;952.1;569.1;23.7;22.3;23.8;22.7;22.6;21.9;95.0;91.0;92.0;193.0;4.9;2.4
2020/01/27;1100 UTC;0.0;952.7;952.7;952.4;1036.0;25.3;21.7;25.5;23.7;22.5;21.5;92.0;80.0;80.0;176.0;6.1;3.0
2020/01/27;1200 UTC;0.0;952.9;952.9;952.7;1916.5;26.3;20.6;27.0;25.3;22.0;20.6;81.0;71.0;71.0;198.0;6.2;2.8
2020/01/27;1300 UTC;0.0;952.4;952.9;952.4;3079.7;28.6;19.8;29.6;26.2;21.6;19.6;72.0;56.0;59.0;186.0;6.9;3.8
2020/01/27;1400 UTC;0.0;951.9;952.4;951.9;3407.4;30.5;19.9;30.7;28.4;20.8;19.0;60.0;52.0;53.0;182.0;7.5;3.2
2020/01/27;1500 UTC;0.0;951.1;952.0;951.1;3716.4;32.0;18.3;32.7;30.3;19.8;17.6;53.0;43.0;44.0;182.0;8.1;3.0
2020/01/27;1600 UTC;0.0;950.3;951.2;950.3;3608.8;32.7;17.8;33.1;31.4;18.4;17.0;44.0;39.0;41.0;184.0;8.9;4.1
2020/01/27;1700 UTC;0.0;949.5;950.3;949.5;3377.7;32.9;16.8;33.7;32.2;18.1;16.5;42.0;37.0;38.0;171.0;8.9;3.9
2020/01/27;1800 UTC;0.0;949.1;949.5;948.9;2442.3;32.6;17.4;33.5;31.9;18.1;15.9;42.0;36.0;40.0;182.0;9.2;4.9
2020/01/27;1900 UTC;0.0;949.3;949.3;949.0;1731.3;31.8;18.0;33.2;31.6;18.5;16.9;45.0;39.0;44.0;183.0;9.2;4.3
2020/01/27;2000 UTC;0.0;949.6;949.6;949.3;917.6;30.5;19.5;32.1;30.5;19.5;18.0;52.0;44.0;52.0;185.0;8.7;5.4
2020/01/27;2100 UTC;0.0;949.9;949.9;949.6;124.5;29.0;20.1;30.6;29.0;20.1;19.5;59.0;52.0;59.0;196.0;8.6;4.8
2020/01/27;2200 UTC;0.0;950.7;950.7;949.8;;27.1;20.9;29.0;27.1;20.9;20.1;69.0;59.0;69.0;188.0;9.5;5.6
2020/01/27;2300 UTC;0.0;951.4;951.4;950.6;;25.8;21.0;27.1;25.8;21.1;20.9;75.0;69.0;75.0;190.0;9.6;4.7
2020/01/28;0000 UTC;0.0;952.1;952.1;951.4;;24.7;22.0;25.8;24.7;22.2;21.0;85.0;75.0;85.0;182.0;10.1;4.8
2020/01/28;0100 UTC;0.0;953.2;953.2;952.2;;24.1;21.6;24.8;24.1;22.1;21.5;86.0;84.0;86.0;178.0;9.7;4.8
2020/01/28;0200 UTC;0.0;953.5;953.5;953.2;;23.6;21.7;24.1;23.4;21.7;21.3;89.0;85.0;89.0;182.0;8.4;3.8
2020/01/28;0300 UTC;0.0;953.0;953.5;953.0;;23.4;21.8;23.6;23.3;21.8;21.6;91.0;89.0;91.0;199.0;8.5;4.8
2020/01/28;0400 UTC;0.0;952.3;953.0;952.3;;23.0;21.6;23.4;23.0;21.9;21.5;91.0;91.0;91.0;189.0;8.5;4.4
2020/01/28;0500 UTC;0.0;952.2;952.3;952.0;;23.0;21.6;23.2;22.9;21.7;21.5;92.0;91.0;92.0;194.0;8.6;3.4
2020/01/28;0600 UTC;0.0;952.5;952.5;952.0;;22.8;21.4;23.0;22.7;21.6;21.3;92.0;92.0;92.0;190.0;7.9;3.3
2020/01/28;0700 UTC;0.0;952.2;952.5;952.2;;22.8;21.6;22.9;22.7;21.6;21.4;93.0;92.0;93.0;197.0;6.6;3.1
2020/01/28;0800 UTC;0.0;952.5;952.5;952.1;;22.8;21.5;22.8;22.6;21.6;21.4;93.0;92.0;93.0;186.0;6.6;3.3
2020/01/28;0900 UTC;0.0;952.8;952.9;952.5;40.6;22.9;21.6;23.0;22.7;21.7;21.5;93.0;92.0;92.0;180.0;5.9;2.7
2020/01/28;1000 UTC;0.0;953.4;953.4;952.8;416.4;23.4;21.6;23.5;22.9;21.8;21.4;92.0;89.0;90.0;195.0;6.3;3.8
2020/01/28;1100 UTC;0.0;953.9;953.9;953.4;1130.2;25.5;21.1;25.6;23.4;22.2;20.8;90.0;76.0;76.0;184.0;6.7;2.5
2020/01/28;1200 UTC;0.0;954.2;954.2;953.9;2570.8;27.1;19.8;27.8;25.5;21.1;19.6;76.0;64.0;65.0;184.0;6.3;2.9
2020/01/28;1300 UTC;0.0;953.8;954.2;953.8;1904.4;28.1;19.0;28.5;26.2;20.2;18.8;68.0;58.0;58.0;178.0;6.4;2.9
2020/01/28;1400 UTC;0.0;953.2;953.8;953.2;3202.0;30.8;18.1;31.0;28.0;19.4;17.7;59.0;46.0;47.0;178.0;6.4;2.3
2020/01/28;1500 UTC;0.0;952.3;953.2;952.3;3832.3;31.4;17.3;32.0;30.0;18.0;16.3;47.0;41.0;43.0;154.0;6.9;1.5
2020/01/28;1600 UTC;0.0;951.3;952.3;951.3;3166.9;32.8;16.9;33.1;31.2;18.3;16.9;44.0;38.0;39.0;176.0;5.6;1.9
2020/01/28;1700 UTC;0.0;950.4;951.3;950.4;3063.0;33.1;15.9;33.9;31.8;17.4;15.0;40.0;34.0;36.0;35.0;4.4;2.1
2020/01/28;1800 UTC;0.0;949.6;950.4;949.6;2745.7;32.7;15.8;34.2;32.7;16.5;15.3;37.0;34.0;36.0;188.0;5.6;2.7
2020/01/28;1900 UTC;0.0;949.2;949.6;949.2;1657.9;32.9;15.9;33.4;32.5;16.4;15.0;37.0;34.0;36.0;181.0;5.9;2.0
2020/01/28;2000 UTC;0.0;949.2;949.3;949.2;790.6;32.1;15.6;33.2;32.1;15.9;14.8;37.0;34.0;37.0;152.0;6.4;2.3
2020/01/28;2100 UTC;0.0;949.9;949.9;949.2;109.3;27.5;21.2;32.2;27.5;21.3;15.8;68.0;37.0;68.0;356.0;10.2;5.4
2020/01/28;2200 UTC;0.0;950.4;950.4;949.9;;26.5;21.2;27.5;26.5;21.3;21.1;73.0;68.0;73.0;170.0;10.2;4.1
2020/01/28;2300 UTC;0.0;950.9;950.9;950.4;;25.4;21.1;26.5;25.4;21.2;21.0;77.0;73.0;77.0;185.0;10.1;5.5
2020/01/29;0000 UTC;0.0;951.8;951.8;950.9;;24.2;21.2;25.5;24.2;21.3;20.9;83.0;77.0;83.0;185.0;10.2;4.5
2020/01/29;0100 UTC;0.0;952.2;952.3;951.8;;23.6;21.2;24.3;23.6;21.3;21.1;86.0;83.0;86.0;134.0;8.1;4.1
2020/01/29;0200 UTC;0.0;952.1;952.2;952.1;;23.2;21.3;23.6;23.2;21.3;21.1;89.0;86.0;89.0;176.0;6.9;3.3
2020/01/29;0300 UTC;0.0;951.8;952.2;951.8;;23.4;21.6;23.4;23.2;21.6;21.3;90.0;89.0;90.0;184.0;6.5;3.2
2020/01/29;0400 UTC;0.0;951.3;951.8;951.3;;23.4;21.5;23.5;23.2;21.7;21.5;90.0;89.0;89.0;196.0;5.8;3.3
2020/01/29;0500 UTC;0.0;951.1;951.3;951.1;;23.4;21.6;23.4;23.3;21.6;21.5;90.0;89.0;89.0;193.0;5.9;2.8
2020/01/29;0600 UTC;0.0;951.0;951.1;950.9;;23.2;21.7;23.4;23.2;21.7;21.5;91.0;89.0;91.0;191.0;6.3;3.5
2020/01/29;0700 UTC;0.0;951.1;951.2;950.9;;22.9;21.5;23.2;22.9;21.7;21.5;92.0;91.0;92.0;192.0;6.7;3.7
2020/01/29;0800 UTC;0.0;951.8;951.8;951.1;;23.0;21.7;23.0;22.8;21.7;21.5;93.0;92.0;92.0;182.0;6.4;2.8
2020/01/29;0900 UTC;0.0;952.4;952.4;951.8;25.8;22.8;21.5;23.0;22.8;21.7;21.4;93.0;92.0;93.0;192.0;6.0;3.6
2020/01/29;1000 UTC;0.0;953.0;953.0;952.4;487.7;24.1;21.9;24.1;22.8;22.0;21.6;93.0;88.0;88.0;180.0;7.3;3.2
2020/01/29;1100 UTC;0.0;953.6;953.6;952.9;898.9;24.3;21.3;24.6;23.9;22.1;21.1;88.0;83.0;83.0;184.0;7.0;3.1
2020/01/29;1200 UTC;0.0;953.4;953.7;953.4;2066.1;27.1;20.7;27.7;24.3;22.6;20.6;84.0;68.0;68.0;173.0;5.6;3.3
2020/01/29;1300 UTC;0.0;953.2;953.4;953.2;2995.0;28.5;19.9;28.8;26.8;21.3;19.4;70.0;59.0;60.0;180.0;7.4;2.5
2020/01/29;1400 UTC;0.0;952.7;953.2;952.7;3199.5;30.6;19.1;30.8;27.9;21.0;18.7;61.0;50.0;50.0;176.0;6.0;2.2
2020/01/29;1500 UTC;0.0;951.8;952.7;951.8;2996.5;31.8;18.7;32.0;29.7;19.4;17.5;51.0;46.0;46.0;177.0;5.7;2.7
2020/01/29;1600 UTC;0.0;951.3;951.9;951.3;3163.0;31.5;16.7;33.1;30.9;18.6;16.0;46.0;39.0;41.0;181.0;5.9;2.3
2020/01/29;1700 UTC;0.0;950.7;951.3;950.7;1736.9;31.9;16.5;32.7;30.9;17.8;16.4;44.0;39.0;40.0;177.0;5.8;2.0
2020/01/29;1800 UTC;0.0;950.0;950.7;950.0;2327.2;32.5;15.8;33.5;31.4;16.7;15.5;40.0;35.0;37.0;177.0;5.4;2.5
2020/01/29;1900 UTC;0.0;949.9;950.0;949.8;897.4;31.7;18.4;32.6;31.2;18.4;15.5;46.0;37.0;45.0;183.0;7.0;3.1
2020/01/29;2000 UTC;0.0;950.3;950.3;949.8;581.4;29.9;19.6;31.9;29.8;19.8;18.4;55.0;45.0;54.0;194.0;9.2;4.6
2020/01/29;2100 UTC;0.0;950.9;950.9;950.2;94.7;27.2;19.7;29.9;27.2;20.0;19.5;64.0;54.0;64.0;198.0;10.7;5.7
2020/01/29;2200 UTC;0.0;951.6;951.6;950.9;;25.7;19.7;27.2;25.7;19.8;19.6;70.0;64.0;70.0;197.0;10.4;6.3
2020/01/29;2300 UTC;0.0;952.5;952.5;951.6;;24.7;19.6;25.7;24.7;19.7;19.5;73.0;70.0;73.0;187.0;9.6;4.7
2020/01/30;0000 UTC;0.0;953.1;953.1;952.5;;24.0;19.7;24.7;24.0;19.7;19.5;77.0;73.0;77.0;201.0;8.5;4.0
2020/01/30;0100 UTC;0.0;953.8;953.8;953.1;;23.5;20.2;24.1;23.4;20.2;19.7;82.0;77.0;82.0;202.0;7.5;4.1
2020/01/30;0200 UTC;0.0;952.9;953.8;952.9;;23.3;20.1;23.5;23.3;20.4;20.1;83.0;82.0;82.0;181.0;6.4;2.5
2020/01/30;0300 UTC;0.0;952.3;952.9;952.3;;22.9;19.8;23.4;22.9;20.1;19.8;83.0;81.0;83.0;176.0;7.5;2.7
2020/01/30;0400 UTC;0.0;951.8;952.4;951.8;;22.7;19.8;22.9;22.6;19.9;19.7;84.0;83.0;84.0;175.0;5.7;1.6
2020/01/30;0500 UTC;0.0;951.4;951.8;951.3;;22.5;19.8;22.7;22.4;20.0;19.8;85.0;84.0;85.0;175.0;4.4;1.7
2020/01/30;0600 UTC;0.0;951.2;951.4;951.1;;22.3;19.8;22.5;22.2;19.9;19.7;86.0;85.0;86.0;176.0;4.6;2.0
2020/01/30;0700 UTC;0.0;951.4;951.4;951.0;;21.9;19.7;22.3;21.9;19.7;19.6;87.0;86.0;87.0;170.0;5.1;2.2
2020/01/30;0800 UTC;0.0;951.8;951.8;951.4;;22.0;19.8;22.0;21.9;19.8;19.6;88.0;87.0;87.0;174.0;4.9;2.8
2020/01/30;0900 UTC;0.0;952.5;952.5;951.8;92.1;22.4;20.2;22.4;21.9;20.2;19.7;88.0;87.0;87.0;178.0;4.7;1.6
2020/01/30;1000 UTC;0.0;953.2;953.2;952.5;656.9;23.2;20.1;23.5;22.4;20.6;19.9;87.0;82.0;83.0;177.0;4.3;2.3
2020/01/30;1100 UTC;0.0;953.6;953.6;953.2;1139.1;24.5;19.4;24.7;23.0;20.8;19.3;83.0;73.0;73.0;174.0;7.6;4.4
2020/01/30;1200 UTC;0.0;953.6;953.7;953.6;1789.3;26.0;18.6;26.4;24.5;19.9;18.5;73.0;63.0;64.0;192.0;8.0;4.2
2020/01/30;1300 UTC;0.0;953.2;953.6;953.2;2649.2;28.3;18.9;28.3;26.0;19.4;18.2;64.0;56.0;57.0;176.0;7.9;3.7
2020/01/30;1400 UTC;0.0;952.8;953.2;952.8;3313.3;28.8;17.8;29.4;28.1;19.0;17.8;57.0;50.0;52.0;183.0;8.3;4.5
2020/01/30;1500 UTC;0.0;952.2;952.8;952.2;2996.1;29.4;16.8;30.2;28.8;18.5;16.8;52.0;46.0;47.0;172.0;8.2;3.0
2020/01/30;1600 UTC;0.0;951.6;952.2;951.6;2537.0;30.7;17.1;31.3;29.4;17.9;16.7;48.0;44.0;44.0;175.0;7.1;3.4
2020/01/30;1700 UTC;0.0;950.6;951.6;950.6;2454.7;31.5;16.9;32.1;30.2;17.5;16.0;45.0;40.0;42.0;176.0;7.1;2.1
2020/01/30;1800 UTC;0.0;950.1;950.6;950.1;2264.0;30.8;17.6;32.6;30.8;17.9;15.6;45.0;38.0;45.0;189.0;7.8;4.5
2020/01/30;1900 UTC;0.0;950.1;950.2;950.0;1588.9;31.0;18.0;31.8;30.4;18.4;17.3;47.0;43.0;46.0;180.0;7.9;3.1
2020/01/30;2000 UTC;0.0;950.5;950.5;950.1;673.4;28.4;19.3;31.5;28.3;19.3;18.2;58.0;46.0;58.0;187.0;10.2;5.7
2020/01/30;2100 UTC;0.0;951.4;951.4;950.5;68.0;26.6;19.9;28.4;26.6;19.9;19.2;67.0;58.0;67.0;186.0;10.2;5.8
2020/01/30;2200 UTC;0.0;952.2;952.2;951.4;;25.5;19.9;26.6;25.4;20.2;19.8;72.0;67.0;71.0;189.0;11.0;4.9
2020/01/30;2300 UTC;0.0;953.0;953.0;952.2;;24.5;20.5;25.5;24.5;20.5;19.8;78.0;71.0;78.0;187.0;10.5;5.2
2020/01/31;0000 UTC;0.0;953.5;953.6;952.9;;24.1;20.7;24.5;24.0;20.7;20.4;81.0;78.0;81.0;190.0;9.5;4.4
2020/01/31;0100 UTC;0.0;953.8;953.9;953.5;;23.8;20.7;24.1;23.7;20.7;20.5;83.0;81.0;83.0;184.0;8.8;4.1
2020/01/31;0200 UTC;0.0;953.4;953.8;953.4;;23.3;20.8;23.8;23.2;20.8;20.5;86.0;83.0;86.0;185.0;8.2;3.8
2020/01/31;0300 UTC;0.0;952.9;953.6;952.9;;23.3;20.8;23.4;23.2;20.9;20.7;87.0;86.0;86.0;194.0;7.0;4.1
2020/01/31;0400 UTC;0.0;952.4;953.0;952.4;;23.0;20.5;23.3;23.0;20.9;20.4;86.0;85.0;85.0;201.0;7.7;3.5
2020/01/31;0500 UTC;0.0;952.2;952.4;952.2;;22.6;20.5;23.1;22.6;20.6;20.4;88.0;85.0;88.0;185.0;6.4;3.8
2020/01/31;0600 UTC;0.0;952.0;952.2;952.0;;22.3;20.5;22.6;22.3;20.6;20.5;90.0;88.0;90.0;201.0;6.8;3.0
2020/01/31;0700 UTC;0.0;952.3;952.3;951.8;;22.1;20.5;22.3;22.1;20.6;20.4;91.0;90.0;90.0;194.0;4.4;2.0
2020/01/31;0800 UTC;0.0;952.2;952.3;952.1;;22.2;20.4;22.3;22.1;20.6;20.4;90.0;89.0;89.0;174.0;3.7;1.9
2020/01/31;0900 UTC;0.0;952.6;952.6;952.2;81.7;22.5;20.6;22.5;22.2;20.6;20.4;90.0;89.0;89.0;183.0;4.1;2.0
2020/01/31;1000 UTC;0.0;953.1;953.1;952.6;399.7;23.1;21.0;23.1;22.4;21.1;20.6;89.0;88.0;88.0;179.0;5.9;3.0
2020/01/31;1100 UTC;0.0;953.3;953.3;953.1;1158.1;24.6;20.6;24.9;23.1;21.5;20.6;88.0;79.0;79.0;179.0;6.8;3.2
2020/01/31;1200 UTC;0.0;953.5;953.5;953.3;1637.6;26.7;21.2;26.7;24.4;21.5;20.2;79.0;72.0;72.0;176.0;7.5;3.2
2020/01/31;1300 UTC;0.0;953.3;953.6;953.2;1927.5;26.5;19.5;26.8;25.0;21.0;19.0;74.0;65.0;65.0;179.0;8.8;4.3
2020/01/31;1400 UTC;0.0;952.9;953.4;952.9;3232.0;28.0;20.0;28.8;26.4;20.8;19.6;66.0;60.0;62.0;188.0;8.1;4.1
2020/01/31;1500 UTC;0.0;952.3;952.9;952.3;2704.6;28.6;19.8;29.0;27.7;20.4;19.4;63.0;58.0;59.0;96.0;7.7;3.1
2020/01/31;1600 UTC;0.0;951.5;952.3;951.5;2828.2;30.2;19.7;30.6;28.5;20.5;19.1;60.0;52.0;53.0;183.0;6.9;3.0
2020/01/31;1700 UTC;0.0;950.9;951.5;950.9;2709.4;30.7;19.4;31.1;30.0;20.2;18.8;54.0;50.0;51.0;277.0;7.2;2.9
2020/01/31;1800 UTC;0.0;950.4;950.9;950.3;1874.2;30.6;19.9;31.1;30.1;19.9;18.9;53.0;50.0;53.0;175.0;7.4;3.1
2020/01/31;1900 UTC;0.0;950.5;950.6;950.3;1319.3;29.2;20.1;30.6;29.1;20.4;19.6;58.0;53.0;58.0;129.0;9.5;5.2
2020/01/31;2000 UTC;0.0;951.0;951.0;950.3;402.8;27.4;20.3;29.5;27.4;20.4;19.8;65.0;57.0;65.0;5.0;11.2;4.2
2020/01/31;2100 UTC;0.0;951.9;951.9;951.0;16.2;26.8;20.3;27.4;26.8;20.5;20.2;68.0;65.0;68.0;38.0;8.4;3.5
2020/01/31;2200 UTC;0.0;952.5;952.6;951.8;;26.1;20.3;26.8;26.1;20.4;20.2;70.0;68.0;70.0;4.0;9.2;4.7
2020/01/31;2300 UTC;0.0;953.4;953.4;952.5;;24.9;21.0;26.1;24.9;21.0;20.2;79.0;70.0;79.0;357.0;9.2;4.2
2020/02/01;0000 UTC;0.0;953.8;953.9;953.4;;24.3;20.8;24.9;24.3;21.2;20.8;81.0;79.0;81.0;110.0;7.7;3.6
2020/02/01;0100 UTC;0.0;953.8;953.9;953.6;;23.7;21.1;24.4;23.7;21.1;20.7;85.0;81.0;85.0;349.0;7.1;3.1
2020/02/01;0200 UTC;0.0;953.8;954.1;953.8;;23.5;21.2;23.7;23.5;21.3;21.0;87.0;85.0;87.0;82.0;6.3;2.5
2020/02/01;0300 UTC;0.0;953.5;953.9;953.5;;23.1;21.4;23.6;23.0;21.4;21.2;90.0;87.0;90.0;203.0;5.8;1.6
2020/02/01;0400 UTC;0.6;952.8;953.5;952.8;;22.6;21.2;23.1;22.1;21.6;20.5;92.0;90.0;92.0;352.0;7.3;2.1
2020/02/01;0500 UTC;0.0;952.6;952.8;952.5;;22.7;21.6;22.8;22.5;21.7;21.2;94.0;92.0;94.0;10.0;4.0;1.7
2020/02/01;0600 UTC;0.0;953.0;953.0;952.6;;22.8;21.8;22.8;22.7;21.8;21.6;94.0;93.0;94.0;349.0;3.5;1.3
2020/02/01;0700 UTC;0.0;953.1;953.2;953.0;;22.8;21.8;22.8;22.7;21.8;21.7;94.0;94.0;94.0;66.0;2.5;0.1
2020/02/01;0800 UTC;0.0;953.3;953.3;953.0;;22.7;21.6;23.0;22.7;21.9;21.6;94.0;93.0;94.0;170.0;1.6;0.9
2020/02/01;0900 UTC;0.0;954.0;954.0;953.3;21.9;22.1;20.8;22.9;22.1;21.7;20.8;94.0;92.0;92.0;105.0;5.7;2.2
2020/02/01;1000 UTC;0.0;954.4;954.5;954.0;400.3;23.1;21.5;23.1;22.0;21.5;20.7;93.0;91.0;91.0;12.0;5.7;1.6
2020/02/01;1100 UTC;0.0;954.8;954.8;954.4;1309.1;24.7;21.4;24.7;23.1;22.0;21.2;91.0;82.0;82.0;161.0;4.1;0.9
2020/02/01;1200 UTC;0.0;954.6;955.1;954.6;1871.6;26.7;21.1;26.7;24.6;21.9;19.8;82.0;70.0;72.0;65.0;2.6;0.8
2020/02/01;1300 UTC;0.0;954.0;954.6;954.0;2716.4;27.3;19.7;28.8;26.1;21.4;19.5;72.0;62.0;63.0;306.0;4.9;2.1
2020/02/01;1400 UTC;0.0;953.4;954.0;953.4;3021.4;30.2;20.7;30.2;27.3;20.7;19.5;64.0;56.0;57.0;144.0;5.8;1.6
2020/02/01;1500 UTC;0.0;952.2;953.4;952.2;3151.9;31.0;20.3;31.3;29.3;20.9;19.4;57.0;53.0;53.0;178.0;5.6;2.1
2020/02/01;1600 UTC;0.0;951.5;952.3;951.5;2674.0;29.9;21.2;32.0;29.9;21.3;19.3;60.0;50.0;60.0;189.0;8.4;5.4
2020/02/01;1700 UTC;0.0;950.6;951.5;950.6;1801.6;29.4;21.6;30.3;27.4;23.2;21.0;73.0;59.0;63.0;174.0;10.5;4.6
2020/02/01;1800 UTC;0.0;950.1;950.6;950.0;550.8;28.9;20.7;29.5;28.9;21.6;20.7;63.0;60.0;61.0;168.0;8.0;4.2
2020/02/01;1900 UTC;0.0;950.1;950.3;949.8;154.4;28.3;20.1;28.9;28.3;20.8;20.1;62.0;61.0;61.0;175.0;8.5;3.5
2020/02/01;2000 UTC;0.0;950.8;950.8;950.1;35.2;26.9;20.9;28.3;26.9;21.0;19.9;70.0;60.0;70.0;7.0;8.0;3.4
2020/02/01;2100 UTC;0.0;951.5;951.5;950.8;3.3;25.2;20.9;26.9;25.2;21.1;20.9;77.0;70.0;77.0;348.0;7.6;3.3
2020/02/01;2200 UTC;0.0;952.3;952.4;951.5;;24.3;21.6;25.2;24.3;21.6;21.0;85.0;77.0;85.0;357.0;7.6;2.8
2020/02/01;2300 UTC;0.2;952.7;952.7;952.2;;23.5;21.7;24.4;23.5;21.7;21.5;90.0;85.0;90.0;3.0;7.8;3.3
2020/02/02;0000 UTC;0.2;953.6;953.6;952.8;;23.3;21.4;23.5;23.2;21.8;21.4;90.0;89.0;89.0;180.0;7.0;2.6
2020/02/02;0100 UTC;0.0;953.5;954.0;953.5;;23.1;21.4;23.3;23.0;21.5;21.3;91.0;89.0;91.0;357.0;5.2;2.1
2020/02/02;0200 UTC;0.0;953.2;953.6;953.2;;22.8;21.5;23.1;22.8;21.5;21.3;92.0;90.0;92.0;1.0;6.5;1.6
2020/02/02;0300 UTC;0.0;952.9;953.3;952.7;;22.7;21.3;22.9;22.7;21.5;21.3;92.0;92.0;92.0;355.0;4.0;1.1
2020/02/02;0400 UTC;0.0;952.1;952.9;952.1;;22.7;21.3;22.7;22.6;21.4;21.2;92.0;92.0;92.0;20.0;2.7;0.8
2020/02/02;0500 UTC;0.0;951.9;952.1;951.9;;22.8;21.4;22.9;22.7;21.5;21.3;92.0;92.0;92.0;172.0;3.0;0.7
2020/02/02;0600 UTC;0.0;951.4;951.9;951.3;;22.7;21.4;22.9;22.7;21.5;21.4;92.0;92.0;92.0;56.0;3.6;2.0
2020/02/02;0700 UTC;0.0;951.5;951.5;951.2;;22.4;21.4;22.7;22.3;21.4;21.3;94.0;92.0;94.0;151.0;5.0;2.3
2020/02/02;0800 UTC;0.0;952.2;952.2;951.5;;22.4;21.4;22.5;22.4;21.5;21.4;94.0;94.0;94.0;357.0;4.2;1.2
2020/02/02;0900 UTC;0.0;952.9;952.9;952.2;47.7;22.5;21.5;22.5;22.2;21.5;21.3;95.0;94.0;94.0;14.0;3.1;1.1
2020/02/02;1000 UTC;0.0;954.1;954.1;952.9;305.9;23.4;22.1;23.4;22.5;22.1;21.5;94.0;93.0;93.0;174.0;2.9;0.9
2020/02/02;1100 UTC;0.0;954.2;954.4;954.1;614.9;24.2;22.4;24.2;23.3;22.4;21.9;93.0;89.0;90.0;178.0;3.5;1.7
2020/02/02;1200 UTC;0.0;954.2;954.2;954.1;1568.9;25.8;21.7;25.8;24.2;23.2;21.6;90.0;78.0;78.0;240.0;4.5;2.1
2020/02/02;1300 UTC;0.0;953.8;954.2;953.8;2546.5;28.3;20.9;28.6;25.8;22.4;20.7;78.0;64.0;64.0;174.0;5.2;2.4
2020/02/02;1400 UTC;0.0;953.3;953.8;953.3;2011.9;27.9;22.9;29.3;25.6;22.9;20.3;78.0;61.0;74.0;355.0;7.1;2.7
2020/02/02;1500 UTC;0.0;952.6;953.3;952.6;3054.8;27.7;20.8;29.4;27.7;23.0;20.7;74.0;63.0;66.0;6.0;6.4;3.2
2020/02/02;1600 UTC;0.0;951.7;952.6;951.7;2085.6;29.7;20.9;30.7;27.6;21.8;20.2;67.0;56.0;59.0;144.0;7.1;3.9
2020/02/02;1700 UTC;0.0;951.3;951.7;951.2;2227.8;28.3;20.6;30.2;28.3;21.3;20.0;63.0;56.0;63.0;4.0;9.3;4.5
2020/02/02;1800 UTC;0.0;951.2;951.4;950.9;1227.7;26.7;21.1;28.6;26.6;21.6;20.6;72.0;63.0;72.0;173.0;9.9;4.0
2020/02/02;1900 UTC;0.0;951.1;951.4;951.0;414.0;26.1;20.9;26.8;26.0;21.4;20.7;74.0;72.0;73.0;191.0;8.1;3.9
2020/02/02;2000 UTC;0.0;951.4;951.4;950.7;297.8;25.8;21.0;26.1;25.8;21.4;20.8;76.0;73.0;75.0;176.0;8.1;3.9
2020/02/02;2100 UTC;0.0;951.8;951.8;951.3;45.2;25.2;21.6;25.8;25.2;21.7;21.1;80.0;75.0;80.0;349.0;7.1;2.7
2020/02/02;2200 UTC;0.0;952.3;952.3;951.7;;24.9;21.8;25.2;24.9;22.1;21.6;83.0;80.0;83.0;173.0;7.0;3.5
2020/02/02;2300 UTC;0.0;953.0;953.1;952.2;;23.9;21.6;25.0;23.9;21.9;21.1;87.0;83.0;87.0;2.0;8.5;3.3
2020/02/03;0000 UTC;0.0;953.4;953.4;952.9;;23.8;22.0;24.0;23.8;22.2;21.6;90.0;87.0;90.0;359.0;7.4;3.4
2020/02/03;0100 UTC;0.0;953.5;953.5;953.3;;23.6;22.0;23.8;23.5;22.1;21.9;91.0;90.0;91.0;171.0;6.7;2.8
2020/02/03;0200 UTC;0.0;953.0;953.5;953.0;;23.3;21.9;23.6;23.3;22.1;21.8;92.0;91.0;92.0;122.0;6.4;2.7
2020/02/03;0300 UTC;0.0;952.7;953.0;952.6;;23.2;21.9;23.3;23.2;22.0;21.8;93.0;92.0;93.0;169.0;6.0;2.5
2020/02/03;0400 UTC;0.0;952.3;952.7;952.3;;23.2;21.9;23.3;23.2;22.0;21.8;93.0;92.0;92.0;51.0;4.5;2.0
2020/02/03;0500 UTC;0.0;951.8;952.3;951.8;;23.1;21.8;23.3;23.0;21.9;21.7;93.0;92.0;93.0;10.0;4.5;0.9
2020/02/03;0600 UTC;0.0;951.7;951.8;951.7;;22.8;21.6;23.2;22.8;22.0;21.6;93.0;93.0;93.0;358.0;5.4;1.6
2020/02/03;0700 UTC;0.0;951.9;951.9;951.6;;22.7;21.7;22.8;22.6;21.7;21.5;94.0;93.0;94.0;356.0;4.9;1.0
2020/02/03;0800 UTC;0.0;952.5;952.5;951.9;;22.6;21.5;22.9;22.6;21.8;21.5;94.0;93.0;93.0;41.0;4.1;1.2
2020/02/03;0900 UTC;0.0;953.1;953.1;952.5;36.6;22.8;21.7;22.8;22.6;21.7;21.4;94.0;93.0;94.0;355.0;3.8;1.5
2020/02/03;1000 UTC;0.0;953.4;953.4;953.1;605.3;24.5;22.3;24.6;22.8;23.0;21.7;94.0;88.0;88.0;173.0;5.3;2.6
2020/02/03;1100 UTC;0.0;953.7;953.7;953.3;1829.1;26.3;21.4;26.9;23.9;22.7;21.4;89.0;74.0;74.0;188.0;7.4;3.9
2020/02/03;1200 UTC;0.0;953.8;954.0;953.7;2476.4;27.2;20.8;28.2;26.0;21.8;20.7;75.0;66.0;68.0;173.0;7.8;3.6
2020/02/03;1300 UTC;0.0;953.5;953.8;953.4;2598.0;28.4;21.2;29.2;27.1;22.1;20.3;70.0;62.0;65.0;353.0;8.5;3.1
2020/02/03;1400 UTC;0.0;953.3;953.5;953.2;3132.7;29.7;20.8;30.8;28.4;21.9;20.2;66.0;56.0;59.0;357.0;6.9;3.0
2020/02/03;1500 UTC;0.0;952.7;953.4;952.7;3188.3;30.9;19.8;31.4;29.2;21.6;19.7;61.0;51.0;52.0;358.0;8.2;3.5
2020/02/03;1600 UTC;0.0;951.9;952.7;951.9;2833.9;30.7;19.0;31.7;30.1;21.0;19.0;55.0;48.0;50.0;7.0;8.7;2.9
2020/02/03;1700 UTC;0.0;951.0;951.9;951.0;2664.0;31.5;18.8;32.2;30.7;19.7;17.7;51.0;43.0;47.0;231.0;7.5;3.8
2020/02/03;1800 UTC;0.0;951.0;951.0;950.7;2096.7;30.5;20.3;32.2;29.7;20.8;18.2;58.0;44.0;55.0;359.0;10.9;4.3
2020/02/03;1900 UTC;0.0;951.2;951.2;950.8;1238.2;29.1;20.7;31.2;29.1;20.7;19.0;61.0;48.0;61.0;355.0;9.0;3.4
2020/02/03;2000 UTC;0.0;951.0;951.2;950.9;234.5;28.0;21.0;29.1;27.8;21.3;20.5;66.0;61.0;66.0;36.0;8.1;3.6
2020/02/03;2100 UTC;0.0;951.8;951.9;950.9;59.9;27.2;20.7;28.1;27.2;21.1;20.7;68.0;66.0;68.0;148.0;8.0;3.8
2020/02/03;2200 UTC;0.0;952.5;952.5;951.8;;25.6;21.3;27.2;25.6;21.4;20.7;77.0;68.0;77.0;252.0;8.8;4.0
2020/02/03;2300 UTC;0.0;953.3;953.3;952.5;;24.9;21.8;25.6;24.8;21.8;21.4;83.0;77.0;83.0;124.0;8.2;4.0
2020/02/04;0000 UTC;0.0;953.8;953.8;953.3;;24.1;21.9;25.0;24.1;22.0;21.6;87.0;83.0;87.0;61.0;8.2;3.7
2020/02/04;0100 UTC;0.0;953.9;954.0;953.6;;23.7;21.8;24.2;23.7;22.0;21.8;89.0;87.0;89.0;152.0;7.8;4.5
2020/02/04;0200 UTC;0.0;953.5;953.9;953.5;;23.6;22.0;23.8;23.6;22.1;21.8;91.0;89.0;91.0;165.0;7.5;3.4
2020/02/04;0300 UTC;0.0;953.0;953.5;953.0;;23.6;22.1;23.7;23.5;22.2;22.0;92.0;91.0;91.0;205.0;6.5;3.2
2020/02/04;0400 UTC;0.0;952.2;953.0;952.1;;23.4;22.1;23.6;23.3;22.1;21.9;92.0;91.0;92.0;134.0;6.3;2.8
2020/02/04;0500 UTC;0.0;951.9;952.2;951.9;;23.4;22.2;23.5;23.3;22.2;22.1;93.0;92.0;93.0;180.0;5.9;2.4
2020/02/04;0600 UTC;0.0;951.8;952.0;951.8;;23.2;21.9;23.4;23.2;22.2;21.9;93.0;92.0;92.0;173.0;6.5;2.8
2020/02/04;0700 UTC;0.0;951.8;951.8;951.6;;22.8;21.6;23.3;22.8;22.0;21.6;93.0;92.0;93.0;160.0;6.3;2.3
2020/02/04;0800 UTC;0.0;952.1;952.1;951.8;;22.8;21.8;22.8;22.7;21.8;21.6;94.0;93.0;94.0;168.0;4.8;2.4
2020/02/04;0900 UTC;0.0;952.8;952.8;952.1;47.7;23.0;21.9;23.0;22.8;21.9;21.7;94.0;93.0;94.0;56.0;4.8;1.8
2020/02/04;1000 UTC;0.0;953.3;953.3;952.7;358.3;23.6;22.3;23.7;23.0;22.5;21.9;94.0;92.0;92.0;185.0;4.8;2.8
2020/02/04;1100 UTC;0.0;953.5;953.5;953.3;1504.9;25.9;21.6;26.4;23.6;23.2;21.4;92.0;76.0;77.0;144.0;7.4;3.2
2020/02/04;1200 UTC;0.0;953.7;953.8;953.5;1546.6;27.1;21.6;27.2;25.4;22.0;21.0;78.0;72.0;72.0;176.0;6.2;2.5
2020/02/04;1300 UTC;0.0;953.5;953.8;953.5;3007.2;28.7;20.4;29.1;27.1;21.8;19.5;72.0;59.0;61.0;294.0;8.1;3.8
2020/02/04;1400 UTC;0.0;952.8;953.5;952.8;2557.8;30.4;19.2;30.8;27.7;21.2;18.2;65.0;49.0;51.0;186.0;7.9;3.8
2020/02/04;1500 UTC;0.0;952.1;952.8;952.1;2736.9;29.9;20.2;31.3;29.4;20.6;18.7;56.0;47.0;56.0;178.0;9.3;4.6
2020/02/04;1600 UTC;0.0;951.5;952.2;951.5;3361.4;30.5;20.6;31.4;29.3;21.5;20.1;61.0;53.0;56.0;189.0;10.3;4.8
2020/02/04;1700 UTC;0.0;950.9;951.4;950.9;2838.6;29.4;20.1;31.3;29.2;21.1;19.3;59.0;50.0;57.0;183.0;11.5;6.6
2020/02/04;1800 UTC;0.0;950.3;950.9;950.3;2233.2;27.0;20.3;29.9;26.8;21.4;19.7;68.0;57.0;67.0;351.0;13.4;4.2
2020/02/04;1900 UTC;0.0;950.1;950.3;950.0;917.9;28.2;20.4;28.6;26.8;20.6;19.7;68.0;61.0;63.0;129.0;10.3;4.2
2020/02/04;2000 UTC;0.0;950.1;950.2;949.9;759.1;28.0;20.1;28.8;27.9;20.9;19.8;63.0;61.0;62.0;181.0;10.7;5.2
2020/02/04;2100 UTC;0.0;950.8;950.8;950.1;80.0;26.4;19.8;28.0;26.4;20.2;19.8;67.0;62.0;67.0;179.0;11.0;5.6
2020/02/04;2200 UTC;0.0;951.8;951.8;950.8;;25.4;20.1;26.4;25.3;20.2;19.7;73.0;67.0;73.0;180.0;8.9;4.1
2020/02/04;2300 UTC;0.0;952.2;952.5;951.8;;24.6;20.5;25.4;24.6;20.5;20.1;78.0;73.0;78.0;184.0;7.8;4.4
2020/02/05;0000 UTC;0.0;953.0;953.0;952.2;;24.0;21.1;24.6;24.0;21.1;20.5;84.0;78.0;84.0;188.0;7.7;3.3
2020/02/05;0100 UTC;0.0;953.1;953.2;952.9;;23.4;21.4;24.0;23.3;21.4;20.9;88.0;84.0;88.0;182.0;7.7;3.6
2020/02/05;0200 UTC;0.0;952.7;953.2;952.7;;23.1;21.6;23.4;23.1;21.7;21.3;91.0;88.0;91.0;180.0;8.0;3.5
2020/02/05;0300 UTC;0.0;952.2;952.7;952.2;;23.2;21.8;23.3;23.0;21.9;21.6;92.0;91.0;92.0;179.0;6.2;2.7
2020/02/05;0400 UTC;0.0;951.7;952.3;951.7;;22.9;21.7;23.2;22.9;21.8;21.7;93.0;92.0;93.0;199.0;7.0;4.0
2020/02/05;0500 UTC;0.0;951.2;951.7;951.2;;22.7;21.7;22.9;22.6;21.7;21.6;94.0;93.0;94.0;191.0;6.5;3.3
2020/02/05;0600 UTC;0.0;951.2;951.3;951.2;;22.4;21.6;22.7;22.4;21.7;21.5;95.0;94.0;95.0;186.0;6.1;3.0
2020/02/05;0700 UTC;0.0;951.3;951.3;951.1;;22.3;21.6;22.4;22.3;21.7;21.5;96.0;95.0;96.0;197.0;7.1;3.6
2020/02/05;0800 UTC;0.0;951.6;951.6;951.3;;22.5;21.7;22.6;22.3;21.8;21.6;96.0;95.0;95.0;192.0;7.1;3.5
2020/02/05;0900 UTC;0.0;952.2;952.3;951.6;51.5;22.6;21.6;22.7;22.4;21.8;21.6;95.0;94.0;94.0;180.0;7.1;3.6
2020/02/05;1000 UTC;0.0;952.8;952.8;952.2;371.0;23.6;22.0;23.7;22.6;22.4;21.7;95.0;91.0;91.0;178.0;7.5;3.9
2020/02/05;1100 UTC;0.0;953.1;953.1;952.8;1186.7;25.0;21.7;25.0;23.2;22.6;21.3;92.0;82.0;82.0;186.0;7.5;3.5
2020/02/05;1200 UTC;0.0;953.0;953.2;952.9;2072.2;26.8;21.4;26.8;25.0;22.1;20.3;82.0;72.0;72.0;202.0;8.0;3.7
2020/02/05;1300 UTC;0.0;952.8;953.0;952.8;2872.8;28.1;19.6;28.1;26.4;21.5;19.2;72.0;60.0;60.0;185.0;8.1;3.5
2020/02/05;1400 UTC;0.0;952.3;952.9;952.3;2793.4;29.1;19.0;29.7;27.5;20.0;18.6;61.0;54.0;54.0;15.0;8.3;4.1
2020/02/05;1500 UTC;0.0;951.3;952.3;951.3;3347.4;30.2;18.0;31.0;29.1;19.3;17.2;54.0;46.0;48.0;177.0;8.0;3.5
2020/02/05;1600 UTC;0.0;950.7;951.3;950.7;2667.6;30.9;18.6;31.4;30.0;18.9;17.7;50.0;45.0;48.0;145.0;8.9;4.0
2020/02/05;1700 UTC;0.0;950.0;950.7;950.0;2291.5;31.6;16.3;32.2;30.4;18.6;16.0;49.0;40.0;40.0;186.0;7.5;3.4
2020/02/05;1800 UTC;0.0;949.5;950.0;949.5;1780.2;30.4;19.0;31.8;30.2;19.1;16.1;51.0;40.0;51.0;172.0;9.4;4.6
2020/02/05;1900 UTC;0.0;949.3;949.6;949.3;1645.6;29.7;18.7;31.0;29.7;19.7;18.5;52.0;49.0;52.0;357.0;9.8;4.2
2020/02/05;2000 UTC;0.0;949.6;949.6;949.3;819.0;28.5;18.8;29.9;28.5;19.2;18.6;56.0;52.0;56.0;105.0;10.1;4.3
2020/02/05;2100 UTC;0.0;950.3;950.3;949.6;88.0;26.9;18.9;28.6;26.9;19.0;18.8;61.0;56.0;61.0;121.0;11.2;4.4
2020/02/05;2200 UTC;0.0;951.2;951.2;950.2;;25.6;19.0;27.0;25.6;19.2;18.9;67.0;61.0;67.0;327.0;9.2;4.1
2020/02/05;2300 UTC;0.0;952.0;952.0;951.2;;24.5;19.9;25.6;24.5;19.9;19.0;76.0;67.0;76.0;107.0;9.7;3.2
2020/02/06;0000 UTC;0.0;952.6;952.7;952.0;;23.6;20.7;24.5;23.6;20.7;19.9;84.0;76.0;84.0;157.0;9.0;4.1
2020/02/06;0100 UTC;0.0;952.7;952.7;952.6;;23.3;21.3;23.6;23.3;21.3;20.8;89.0;84.0;89.0;104.0;9.3;3.7
2020/02/06;0200 UTC;0.0;952.6;952.8;952.6;;23.2;21.6;23.3;23.1;21.6;21.3;91.0;89.0;91.0;146.0;8.5;3.6
2020/02/06;0300 UTC;0.0;952.3;952.6;952.2;;23.1;21.6;23.2;23.0;21.7;21.5;92.0;91.0;92.0;10.0;5.9;2.1
2020/02/06;0400 UTC;0.2;951.5;952.3;951.5;;22.8;21.7;23.1;22.8;21.8;21.6;93.0;92.0;93.0;177.0;4.8;2.5
2020/02/06;0500 UTC;0.0;951.1;951.6;951.1;;22.6;21.6;22.9;22.6;21.8;21.6;94.0;93.0;94.0;180.0;5.1;2.6
2020/02/06;0600 UTC;0.0;951.2;951.2;951.1;;22.7;21.6;22.7;22.5;21.7;21.5;94.0;94.0;94.0;190.0;4.9;2.6
2020/02/06;0700 UTC;0.0;951.2;951.2;951.0;;22.5;21.6;22.6;22.4;21.6;21.4;95.0;94.0;95.0;182.0;5.9;2.6
2020/02/06;0800 UTC;0.0;951.6;951.6;951.1;;22.5;21.6;22.6;22.3;21.7;21.4;95.0;94.0;95.0;204.0;6.3;2.0
2020/02/06;0900 UTC;0.0;952.1;952.1;951.6;61.8;22.5;21.5;22.5;22.4;21.7;21.4;95.0;94.0;94.0;155.0;4.6;2.1
2020/02/06;1000 UTC;0.0;952.7;952.7;952.0;517.4;23.1;21.8;23.3;22.4;22.1;21.4;94.0;92.0;92.0;188.0;5.4;3.4
2020/02/06;1100 UTC;0.0;953.2;953.2;952.7;1242.1;25.0;21.2;25.0;23.1;22.2;21.0;92.0;79.0;79.0;202.0;6.3;2.7
2020/02/06;1200 UTC;0.0;953.4;953.4;953.2;2391.1;26.7;20.4;26.7;24.5;21.1;19.7;79.0;68.0;68.0;168.0;5.9;3.1
2020/02/06;1300 UTC;0.0;953.3;953.5;953.3;2555.2;28.3;19.5;28.6;26.4;20.5;18.9;68.0;57.0;59.0;184.0;6.0;2.3
2020/02/06;1400 UTC;0.0;952.8;953.4;952.8;2909.0;29.6;19.2;29.8;27.6;19.9;18.6;60.0;52.0;53.0;190.0;5.9;2.5
2020/02/06;1500 UTC;0.0;951.6;952.8;951.6;3496.6;31.0;17.6;31.3;29.1;19.2;16.5;53.0;44.0;45.0;188.0;7.1;3.2
2020/02/06;1600 UTC;0.0;950.9;951.7;950.8;3687.9;31.8;17.5;32.2;30.6;17.6;16.2;45.0;40.0;43.0;186.0;7.1;3.1
2020/02/06;1700 UTC;0.0;950.0;950.9;950.0;3631.6;32.7;16.6;33.0;31.3;18.0;16.4;44.0;38.0;38.0;238.0;7.0;2.9
2020/02/06;1800 UTC;0.0;949.3;950.1;949.3;2242.3;32.6;16.5;32.9;31.3;17.1;16.2;41.0;37.0;38.0;17.0;9.3;2.4
2020/02/06;1900 UTC;0.0;949.2;949.3;949.1;1427.3;31.5;15.6;32.8;31.3;16.5;15.3;40.0;37.0;38.0;342.0;6.8;2.7
2020/02/06;2000 UTC;0.0;949.5;949.5;949.1;552.0;30.4;17.7;31.8;30.3;17.7;15.1;47.0;38.0;47.0;184.0;8.8;5.0
2020/02/06;2100 UTC;0.0;950.2;950.2;949.5;61.3;27.7;18.6;30.4;27.7;19.1;17.6;58.0;47.0;58.0;65.0;10.3;5.0
2020/02/06;2200 UTC;0.0;951.1;951.1;950.2;;26.2;18.9;27.7;26.1;19.0;18.6;65.0;58.0;64.0;166.0;12.0;6.5
2020/02/06;2300 UTC;0.0;951.9;951.9;951.1;;24.7;20.4;26.2;24.7;20.4;19.0;77.0;64.0;77.0;174.0;12.3;5.1
2020/02/07;0000 UTC;1.2;952.6;952.6;951.9;;23.8;21.1;24.8;23.8;21.4;20.5;85.0;77.0;85.0;184.0;8.5;3.5
2020/02/07;0100 UTC;1.8;952.8;952.9;952.6;;23.3;21.9;23.8;23.2;22.0;20.8;92.0;85.0;92.0;183.0;7.8;3.4
2020/02/07;0200 UTC;0.0;952.3;952.8;952.3;;22.9;21.8;23.3;22.9;21.9;21.7;94.0;92.0;93.0;176.0;6.8;3.4
2020/02/07;0300 UTC;0.0;951.7;952.3;951.7;;22.9;21.9;23.0;22.8;21.9;21.7;94.0;93.0;94.0;194.0;7.0;3.3
2020/02/07;0400 UTC;0.0;950.8;951.7;950.8;;22.6;21.7;22.9;22.6;22.0;21.7;95.0;94.0;95.0;149.0;7.9;4.1
2020/02/07;0500 UTC;0.0;950.5;950.8;950.5;;22.7;21.8;22.7;22.5;21.8;21.6;95.0;94.0;95.0;175.0;7.5;2.7
2020/02/07;0600 UTC;0.0;950.3;950.5;950.2;;22.5;21.5;22.7;22.5;21.7;21.5;95.0;94.0;94.0;184.0;7.8;2.8
2020/02/07;0700 UTC;0.0;950.2;950.4;950.2;;22.3;21.3;22.5;22.2;21.6;21.2;95.0;94.0;94.0;133.0;6.6;2.8
2020/02/07;0800 UTC;0.0;950.3;950.4;950.2;;22.1;21.2;22.3;22.1;21.3;21.1;95.0;94.0;95.0;173.0;5.2;2.6
2020/02/07;0900 UTC;0.0;950.4;950.5;950.3;69.5;22.3;21.4;22.3;22.1;21.4;21.2;95.0;94.0;95.0;187.0;5.9;3.2
2020/02/07;1000 UTC;0.0;951.1;951.1;950.4;452.3;23.1;21.6;23.2;22.2;21.7;21.3;95.0;91.0;91.0;81.0;6.2;2.6
2020/02/07;1100 UTC;0.0;951.5;951.5;951.1;1568.0;25.1;20.5;25.2;23.1;22.0;20.1;91.0;75.0;76.0;190.0;6.2;3.4
2020/02/07;1200 UTC;0.0;951.7;951.7;951.5;2422.8;26.9;19.2;27.1;24.9;20.7;19.2;76.0;63.0;63.0;172.0;7.1;3.5
2020/02/07;1300 UTC;0.0;951.5;951.7;951.5;3292.8;28.8;19.8;28.8;26.9;19.9;18.9;64.0;58.0;58.0;179.0;7.6;3.6
2020/02/07;1400 UTC;0.0;951.0;951.5;951.0;3053.6;29.5;18.7;30.1;27.9;19.8;18.4;58.0;51.0;52.0;171.0;7.9;3.2
2020/02/07;1500 UTC;0.0;950.3;951.0;950.3;2975.5;31.4;18.9;31.6;29.0;19.6;17.7;54.0;47.0;47.0;178.0;7.6;3.3
2020/02/07;1600 UTC;0.0;949.6;950.3;949.5;3084.0;32.0;17.7;32.3;29.8;18.7;17.1;50.0;42.0;43.0;204.0;7.6;3.1
2020/02/07;1700 UTC;0.0;948.9;949.6;948.9;3551.9;32.7;16.7;33.0;31.8;17.8;16.4;43.0;38.0;38.0;189.0;7.4;3.6
2020/02/07;1800 UTC;0.0;948.3;948.9;948.3;2767.4;32.7;17.3;33.3;31.8;17.6;16.0;41.0;38.0;40.0;173.0;7.9;4.2
2020/02/07;1900 UTC;0.0;947.9;948.3;947.9;1961.2;31.2;17.9;33.2;31.2;18.0;16.2;45.0;37.0;45.0;185.0;9.7;5.5
2020/02/07;2000 UTC;0.0;948.5;948.5;947.9;830.9;29.0;19.5;31.4;29.0;19.6;17.7;57.0;45.0;57.0;184.0;11.5;6.2
2020/02/07;2100 UTC;0.0;949.0;949.1;948.5;40.8;27.2;19.8;29.0;27.2;19.8;19.4;64.0;56.0;64.0;38.0;10.9;4.5
2020/02/07;2200 UTC;0.0;949.9;949.9;949.0;;25.6;20.0;27.2;25.6;20.0;19.7;71.0;64.0;71.0;167.0;11.7;6.7
2020/02/07;2300 UTC;0.0;951.3;951.3;949.9;;24.9;20.7;25.8;24.9;20.7;20.1;78.0;71.0;78.0;170.0;11.0;4.7
2020/02/08;0000 UTC;0.0;951.8;951.9;951.2;;23.9;20.6;24.9;23.9;20.8;20.3;82.0;78.0;82.0;172.0;11.3;4.8
2020/02/08;0100 UTC;0.0;952.3;952.3;951.8;;23.7;21.2;23.9;23.6;21.2;20.6;86.0;82.0;86.0;130.0;9.4;3.4
2020/02/08;0200 UTC;0.0;952.2;952.3;952.2;;23.4;21.2;23.8;23.4;21.3;21.1;88.0;86.0;88.0;181.0;8.0;3.7
2020/02/08;0300 UTC;0.0;951.8;952.2;951.8;;23.2;21.3;23.5;23.2;21.4;21.1;89.0;88.0;89.0;183.0;7.3;3.9
2020/02/08;0400 UTC;0.0;951.3;951.8;951.3;;22.9;21.1;23.2;22.9;21.4;21.1;90.0;89.0;90.0;198.0;7.3;3.1
2020/02/08;0500 UTC;0.0;951.0;951.3;951.0;;22.7;21.2;22.9;22.6;21.3;21.1;92.0;90.0;92.0;192.0;5.6;1.9
2020/02/08;0600 UTC;0.0;950.6;951.0;950.6;;22.5;21.2;22.7;22.5;21.4;21.1;93.0;91.0;93.0;188.0;5.6;3.2
2020/02/08;0700 UTC;0.0;950.4;950.6;950.4;;22.2;21.2;22.5;22.2;21.3;21.2;94.0;93.0;94.0;192.0;5.9;3.5
2020/02/08;0800 UTC;0.0;950.6;950.7;950.3;;22.0;21.1;22.3;22.0;21.3;21.1;95.0;94.0;95.0;191.0;6.4;2.8
2020/02/08;0900 UTC;0.0;951.1;951.1;950.6;30.9;22.1;21.3;22.1;21.9;21.3;21.0;95.0;95.0;95.0;195.0;5.9;2.7
2020/02/08;1000 UTC;0.0;951.6;951.6;951.1;504.7;22.8;21.4;23.0;22.1;21.9;21.2;95.0;91.0;92.0;189.0;6.3;3.9
2020/02/08;1100 UTC;0.0;952.2;952.2;951.6;1010.9;24.7;20.9;24.7;22.8;21.7;20.6;92.0;79.0;79.0;187.0;6.9;3.2
2020/02/08;1200 UTC;0.0;952.2;952.4;952.2;1910.9;26.5;19.7;26.6;24.7;21.1;19.5;79.0;66.0;66.0;181.0;9.0;3.9
2020/02/08;1300 UTC;0.0;952.2;952.3;952.1;2333.3;28.3;18.7;28.4;26.0;20.0;18.2;67.0;56.0;56.0;178.0;8.3;4.0
2020/02/08;1400 UTC;0.0;952.0;952.2;952.0;3050.7;29.8;18.1;29.8;27.9;19.1;17.4;57.0;49.0;49.0;183.0;8.2;3.9
2020/02/08;1500 UTC;0.0;951.1;952.0;951.1;3554.8;29.9;17.2;31.2;29.4;18.2;17.0;49.0;44.0;47.0;180.0;9.3;3.8
2020/02/08;1600 UTC;0.0;950.6;951.1;950.6;3590.7;32.0;17.0;32.2;29.9;18.2;16.1;48.0;39.0;41.0;181.0;9.6;3.6
2020/02/08;1700 UTC;0.0;949.7;950.6;949.7;2805.7;32.7;16.4;32.7;31.0;17.1;15.8;41.0;38.0;38.0;175.0;9.6;3.5
2020/02/08;1800 UTC;0.0;949.3;949.7;949.3;2262.4;32.4;18.1;33.2;31.0;18.2;16.1;43.0;37.0;43.0;173.0;9.1;4.2
2020/02/08;1900 UTC;0.0;949.2;949.4;949.1;1541.3;30.9;18.1;32.5;30.8;18.1;17.2;46.0;42.0;46.0;199.0;10.0;4.7
2020/02/08;2000 UTC;0.0;949.6;949.6;949.1;749.3;29.5;19.0;31.5;29.5;19.2;18.0;53.0;46.0;53.0;190.0;10.0;4.9
2020/02/08;2100 UTC;0.0;950.6;950.6;949.6;102.4;27.6;20.2;29.6;27.6;20.2;19.0;64.0;53.0;64.0;185.0;11.0;5.5
2020/02/08;2200 UTC;0.0;951.4;951.4;950.6;;26.0;20.3;27.6;26.0;20.4;20.2;71.0;64.0;71.0;194.0;11.0;6.7
2020/02/08;2300 UTC;0.0;952.5;952.5;951.4;;25.1;20.4;26.1;25.1;20.5;20.3;76.0;71.0;76.0;90.0;10.3;3.8
2020/02/09;0000 UTC;0.0;952.9;952.9;952.4;;24.2;20.8;25.1;24.2;20.8;20.3;81.0;76.0;81.0;201.0;9.2;5.9
2020/02/09;0100 UTC;0.0;953.2;953.2;952.8;;23.7;21.2;24.2;23.7;21.2;20.8;86.0;81.0;86.0;189.0;9.2;3.7
2020/02/09;0200 UTC;0.0;952.9;953.3;952.9;;23.1;21.2;23.7;23.1;21.2;21.1;89.0;86.0;89.0;204.0;7.0;3.7
2020/02/09;0300 UTC;0.0;952.4;952.9;952.4;;22.8;21.3;23.1;22.8;21.3;21.2;91.0;89.0;91.0;185.0;6.4;2.6
2020/02/09;0400 UTC;0.0;951.9;952.4;951.9;;22.6;21.2;22.8;22.6;21.4;21.2;92.0;91.0;92.0;192.0;5.1;2.2
2020/02/09;0500 UTC;0.0;951.4;951.9;951.3;;22.8;21.2;22.9;22.5;21.4;21.2;93.0;91.0;91.0;184.0;4.1;2.5
2020/02/09;0600 UTC;0.0;951.6;951.6;951.3;;22.6;21.1;22.9;22.6;21.3;21.1;91.0;91.0;91.0;197.0;4.1;2.0
2020/02/09;0700 UTC;0.0;951.7;951.7;951.5;;22.4;21.3;22.7;22.4;21.4;21.2;94.0;91.0;94.0;201.0;4.9;2.6
2020/02/09;0800 UTC;0.0;951.8;951.8;951.6;;22.3;21.3;22.5;22.3;21.4;21.3;94.0;93.0;94.0;190.0;4.6;2.4
2020/02/09;0900 UTC;0.0;952.6;952.6;951.8;89.3;23.0;21.9;23.0;22.3;21.9;21.3;94.0;93.0;93.0;182.0;4.4;2.0
2020/02/09;1000 UTC;0.0;953.4;953.4;952.6;555.0;23.8;22.0;23.8;23.0;22.2;21.7;93.0;90.0;90.0;183.0;4.8;2.1
2020/02/09;1100 UTC;0.0;953.9;954.0;953.4;1134.1;25.3;21.5;25.3;23.8;22.1;21.2;90.0;79.0;79.0;185.0;5.9;3.5
2020/02/09;1200 UTC;0.0;954.1;954.2;953.9;1944.9;27.0;20.8;27.4;25.1;21.7;19.8;79.0;67.0;69.0;178.0;6.3;3.2
2020/02/09;1300 UTC;0.0;954.1;954.2;954.0;2583.1;27.8;19.1;28.9;27.0;21.1;19.0;69.0;58.0;59.0;185.0;8.3;4.1
2020/02/09;1400 UTC;0.0;953.8;954.1;953.8;2975.4;30.8;19.3;30.8;27.8;19.7;18.5;59.0;50.0;50.0;184.0;8.1;3.4
2020/02/09;1500 UTC;0.0;953.1;953.8;952.9;3248.3;30.7;18.6;31.8;29.3;19.3;17.7;52.0;45.0;49.0;176.0;9.3;4.5
2020/02/09;1600 UTC;0.0;952.3;953.1;952.3;3168.8;31.5;18.1;32.8;30.2;19.5;17.7;50.0;44.0;45.0;160.0;9.4;4.2
2020/02/09;1700 UTC;0.0;951.8;952.3;951.8;2610.9;31.8;17.3;33.0;31.0;18.9;17.1;47.0;41.0;42.0;178.0;11.1;5.1
2020/02/09;1800 UTC;0.0;951.2;951.8;951.1;2816.4;31.9;17.2;33.1;31.5;17.9;16.9;44.0;39.0;41.0;176.0;10.2;5.2
2020/02/09;1900 UTC;0.0;951.1;951.2;951.1;1572.1;31.8;19.2;32.6;30.6;19.3;17.4;49.0;41.0;47.0;178.0;11.4;5.0
2020/02/09;2000 UTC;0.0;951.3;951.3;951.1;1033.4;29.9;19.0;31.8;29.9;19.0;18.2;52.0;46.0;52.0;190.0;10.2;6.2
2020/02/09;2100 UTC;0.0;952.2;952.2;951.3;111.8;27.9;20.1;30.0;27.9;20.1;19.0;63.0;52.0;63.0;202.0;11.7;7.4
2020/02/09;2200 UTC;0.0;953.1;953.1;952.2;;26.2;20.7;27.9;26.2;21.0;20.2;72.0;63.0;72.0;181.0;11.7;6.0
2020/02/09;2300 UTC;0.0;953.6;953.6;953.1;;25.3;21.2;26.3;25.3;21.3;20.8;79.0;72.0;78.0;190.0;10.5;4.9
2020/02/10;0000 UTC;0.0;953.7;953.7;953.3;;24.4;21.8;25.3;24.3;21.9;21.0;86.0;78.0;86.0;192.0;9.8;4.5
2020/02/10;0100 UTC;0.0;954.5;954.6;953.7;;24.3;22.0;24.4;24.1;22.1;21.8;88.0;86.0;87.0;187.0;8.1;4.4
2020/02/10;0200 UTC;0.0;954.5;954.7;954.4;;23.8;21.7;24.4;23.8;22.1;21.4;88.0;85.0;88.0;192.0;7.6;4.1
2020/02/10;0300 UTC;0.0;954.1;954.5;954.1;;23.7;21.8;23.9;23.6;21.8;21.6;89.0;88.0;89.0;181.0;8.3;2.7
2020/02/10;0400 UTC;0.0;953.4;954.2;953.4;;23.4;21.8;23.7;23.4;21.9;21.7;91.0;89.0;91.0;175.0;5.2;2.2
2020/02/10;0500 UTC;0.0;953.1;953.4;953.1;;23.4;21.6;23.6;23.3;22.0;21.6;91.0;90.0;90.0;176.0;4.2;1.7
2020/02/10;0600 UTC;0.0;952.9;953.1;952.7;;23.0;21.4;23.5;23.0;21.7;21.4;91.0;89.0;91.0;187.0;3.7;1.9
2020/02/10;0700 UTC;0.0;952.8;952.9;952.7;;22.9;21.2;23.0;22.8;21.4;21.2;91.0;90.0;90.0;176.0;3.2;1.1
2020/02/10;0800 UTC;0.0;953.1;953.1;952.8;;22.8;21.1;22.9;22.8;21.2;21.1;90.0;90.0;90.0;174.0;2.8;1.4
2020/02/10;0900 UTC;0.0;953.4;953.5;953.1;95.0;23.6;21.8;23.6;22.8;21.8;21.1;91.0;90.0;90.0;185.0;2.5;1.5
2020/02/10;1000 UTC;0.0;953.9;954.0;953.4;838.3;24.4;21.5;24.8;23.6;22.2;21.4;90.0;83.0;84.0;192.0;5.5;3.4
2020/02/10;1100 UTC;0.0;954.4;954.4;953.9;1457.0;26.0;21.1;26.4;24.4;22.2;20.8;84.0;74.0;75.0;172.0;6.0;3.5
2020/02/10;1200 UTC;0.0;954.3;954.5;954.2;2054.9;27.9;20.8;28.3;25.8;21.6;20.6;75.0;65.0;65.0;180.0;7.8;4.1
2020/02/10;1300 UTC;0.0;954.2;954.3;954.0;2728.6;28.1;20.2;29.7;27.2;22.1;20.2;67.0;60.0;62.0;181.0;7.5;3.6
2020/02/10;1400 UTC;0.0;953.7;954.2;953.7;3255.4;29.6;20.7;30.9;28.1;21.7;19.8;64.0;56.0;59.0;187.0;8.6;4.1
2020/02/10;1500 UTC;0.0;952.9;953.7;952.8;3223.2;31.9;19.7;32.1;29.3;21.3;19.3;60.0;48.0;48.0;179.0;8.6;3.5
2020/02/10;1600 UTC;0.0;952.2;952.9;952.2;1823.4;30.9;19.5;32.3;30.4;20.1;19.0;53.0;47.0;50.0;182.0;9.2;4.5
2020/02/10;1700 UTC;0.0;951.5;952.3;951.5;3422.8;32.8;18.6;33.4;31.0;19.7;17.5;50.0;42.0;43.0;187.0;9.7;4.3
2020/02/10;1800 UTC;0.0;951.0;951.5;951.0;2265.2;32.5;19.2;32.9;31.3;19.6;18.2;47.0;43.0;45.0;166.0;10.6;5.1
2020/02/10;1900 UTC;0.0;950.9;951.0;950.7;1414.9;31.1;18.8;32.5;30.9;19.3;18.4;48.0;45.0;48.0;186.0;9.7;5.2
2020/02/10;2000 UTC;0.0;951.1;951.1;950.8;614.5;29.5;19.4;31.7;29.5;19.5;18.5;55.0;47.0;55.0;195.0;10.9;6.3
2020/02/10;2100 UTC;0.0;951.7;951.7;951.1;94.7;27.9;20.8;29.6;27.9;20.8;19.5;66.0;55.0;66.0;203.0;12.2;5.1
2020/02/10;2200 UTC;0.0;952.7;952.7;951.7;;26.4;21.0;27.9;26.4;21.1;20.8;72.0;66.0;72.0;195.0;12.2;5.1
2020/02/10;2300 UTC;0.0;953.7;953.8;952.6;;25.2;21.3;26.4;25.2;21.3;20.8;79.0;72.0;79.0;186.0;10.3;5.2
2020/02/11;0000 UTC;0.0;954.2;954.3;953.7;;24.5;21.7;25.2;24.5;21.8;21.2;85.0;79.0;85.0;201.0;9.2;4.0
2020/02/11;0100 UTC;0.0;954.1;954.3;954.1;;24.1;21.9;24.5;24.0;22.0;21.7;88.0;85.0;88.0;186.0;8.7;3.4
2020/02/11;0200 UTC;0.0;954.0;954.3;953.9;;23.9;21.9;24.3;23.9;22.1;21.8;88.0;87.0;88.0;201.0;6.4;3.2
2020/02/11;0300 UTC;0.0;953.1;954.0;953.1;;23.8;21.7;24.0;23.8;22.0;21.7;89.0;88.0;88.0;186.0;6.2;3.6
2020/02/11;0400 UTC;0.0;952.4;953.1;952.4;;23.6;21.7;23.8;23.5;21.8;21.6;90.0;88.0;89.0;180.0;5.9;2.5
2020/02/11;0500 UTC;0.0;952.3;952.5;952.2;;23.3;21.5;23.7;23.3;21.7;21.5;90.0;89.0;90.0;203.0;4.8;2.6
2020/02/11;0600 UTC;0.0;952.3;952.3;952.1;;23.1;21.5;23.4;23.1;21.6;21.5;91.0;90.0;91.0;190.0;5.4;3.3
2020/02/11;0700 UTC;0.0;952.3;952.3;952.2;;22.9;21.6;23.1;22.8;21.7;21.5;93.0;91.0;93.0;208.0;8.0;3.6
2020/02/11;0800 UTC;0.0;952.3;952.3;952.3;;22.7;21.6;22.9;22.7;21.6;21.5;93.0;92.0;93.0;181.0;5.5;2.9
2020/02/11;0900 UTC;0.0;952.5;952.5;952.3;47.3;22.9;21.5;22.9;22.7;21.6;21.4;93.0;92.0;92.0;181.0;5.5;2.1
2020/02/11;1000 UTC;0.0;952.9;952.9;952.5;392.4;23.8;21.4;23.8;22.9;21.8;21.2;92.0;86.0;86.0;186.0;7.8;3.4
2020/02/11;1100 UTC;0.0;953.1;953.1;952.9;1101.3;25.4;20.6;25.4;23.8;21.6;19.9;86.0;74.0;75.0;174.0;7.7;3.7
2020/02/11;1200 UTC;0.0;953.1;953.1;952.9;2015.0;26.7;19.1;27.6;25.5;20.7;18.7;75.0;61.0;63.0;174.0;8.5;3.3
2020/02/11;1300 UTC;0.0;952.9;953.1;952.8;3090.3;29.3;16.8;29.7;26.5;19.3;16.5;63.0;46.0;47.0;178.0;10.4;4.2
2020/02/11;1400 UTC;0.0;952.4;952.9;952.4;3522.2;30.4;15.6;30.8;29.1;17.5;15.2;47.0;40.0;41.0;162.0;9.8;5.0
2020/02/11;1500 UTC;0.0;951.5;952.4;951.5;3796.4;31.1;14.4;32.1;30.0;15.7;14.0;41.0;35.0;36.0;173.0;12.1;4.5
2020/02/11;1600 UTC;0.0;950.7;951.5;950.7;3356.7;31.5;15.4;32.6;30.6;15.4;13.8;38.0;33.0;38.0;183.0;10.5;4.8
2020/02/11;1700 UTC;0.0;950.0;950.7;949.9;2584.0;31.7;16.0;32.1;30.7;16.2;14.8;40.0;37.0;39.0;172.0;11.1;4.7
2020/02/11;1800 UTC;0.0;949.4;950.0;949.3;1725.5;30.8;16.5;31.8;30.3;16.8;15.6;43.0;38.0;42.0;184.0;11.1;4.6
2020/02/11;1900 UTC;0.0;949.2;949.4;949.0;1698.0;30.1;18.1;32.0;30.0;18.2;16.5;49.0;40.0;49.0;188.0;10.8;4.9
2020/02/11;2000 UTC;0.0;949.8;949.8;949.2;555.1;28.7;18.8;30.6;28.6;19.1;18.2;55.0;49.0;55.0;176.0;10.3;4.2
2020/02/11;2100 UTC;0.0;950.2;950.2;949.8;118.5;27.6;18.5;28.8;27.6;18.8;18.3;58.0;55.0;58.0;178.0;9.0;4.6
2020/02/11;2200 UTC;0.0;950.7;950.7;950.1;;26.6;18.3;27.7;26.6;18.7;18.2;60.0;58.0;60.0;202.0;8.9;4.6
2020/02/11;2300 UTC;0.0;951.4;951.4;950.7;;25.2;20.0;26.6;25.2;20.0;18.3;73.0;60.0;73.0;151.0;9.8;4.4
2020/02/12;0000 UTC;0.0;951.7;951.7;951.4;;24.2;20.4;25.2;24.2;20.5;20.0;79.0;73.0;79.0;184.0;8.7;4.5
2020/02/12;0100 UTC;0.0;952.0;952.0;951.6;;23.6;20.6;24.2;23.6;20.6;20.3;83.0;79.0;83.0;195.0;9.8;5.2
2020/02/12;0200 UTC;0.0;952.0;952.2;952.0;;23.3;20.8;23.6;23.3;20.9;20.6;86.0;83.0;86.0;192.0;8.1;4.7
2020/02/12;0300 UTC;0.0;951.4;952.0;951.4;;23.1;20.6;23.3;23.1;20.8;20.6;87.0;85.0;85.0;203.0;10.3;6.3
2020/02/12;0400 UTC;0.0;951.0;951.5;951.0;;22.3;20.4;23.1;22.2;21.0;20.3;90.0;85.0;89.0;187.0;10.5;3.4
2020/02/12;0500 UTC;0.0;950.4;951.0;950.4;;22.1;20.3;22.4;22.0;20.3;20.1;90.0;88.0;90.0;187.0;6.4;2.1
2020/02/12;0600 UTC;0.0;950.6;950.7;950.3;;22.0;20.6;22.1;22.0;20.6;20.3;92.0;90.0;92.0;190.0;4.2;1.7
2020/02/12;0700 UTC;0.0;950.8;950.8;950.6;;22.2;20.9;22.3;22.0;20.9;20.6;92.0;92.0;92.0;181.0;4.0;2.1
2020/02/12;0800 UTC;0.0;951.0;951.0;950.8;;21.9;20.8;22.2;21.9;20.9;20.7;93.0;92.0;93.0;178.0;4.5;2.4
2020/02/12;0900 UTC;0.0;951.3;951.3;951.0;34.2;22.2;21.0;22.2;21.9;21.1;20.8;94.0;93.0;93.0;180.0;4.5;2.0
2020/02/12;1000 UTC;0.0;951.9;951.9;951.3;590.5;23.6;21.4;23.7;22.2;21.8;20.9;94.0;87.0;87.0;176.0;5.5;2.1
2020/02/12;1100 UTC;0.0;952.3;952.3;951.9;1567.2;25.2;20.2;25.5;23.6;21.6;20.2;87.0;74.0;74.0;174.0;5.8;3.1
2020/02/12;1200 UTC;0.0;952.3;952.3;952.2;1371.3;26.3;19.7;26.3;24.8;20.4;19.5;74.0;67.0;67.0;184.0;7.5;4.0
2020/02/12;1300 UTC;0.0;952.4;952.5;952.3;2166.4;26.8;19.3;28.3;25.7;20.3;18.9;69.0;60.0;64.0;190.0;7.5;3.2
2020/02/12;1400 UTC;0.0;951.6;952.4;951.6;3732.6;30.0;17.8;30.3;26.8;20.2;17.8;64.0;48.0;48.0;185.0;7.5;4.4
2020/02/12;1500 UTC;0.0;950.7;951.6;950.7;3197.8;31.1;16.4;32.0;29.8;18.0;16.3;48.0;41.0;41.0;254.0;8.4;3.0
2020/02/12;1600 UTC;0.0;949.7;950.7;949.7;3216.9;33.0;16.0;33.0;30.8;17.4;15.1;43.0;36.0;36.0;61.0;8.5;2.8
2020/02/12;1700 UTC;0.0;949.1;949.7;949.0;3266.0;33.6;16.9;33.6;31.9;16.9;15.3;39.0;35.0;37.0;257.0;6.8;3.3
2020/02/12;1800 UTC;0.0;948.7;949.1;948.6;2447.5;31.7;19.2;33.7;31.4;19.2;15.8;48.0;35.0;48.0;72.0;9.0;5.1
2020/02/12;1900 UTC;0.0;949.2;949.2;948.7;1640.6;29.1;19.8;32.0;29.1;20.1;18.9;57.0;47.0;57.0;196.0;10.6;6.5
2020/02/12;2000 UTC;0.0;949.5;949.6;949.2;300.3;28.3;19.5;29.4;28.1;20.1;19.4;59.0;57.0;59.0;179.0;11.3;5.0
2020/02/12;2100 UTC;0.0;949.9;949.9;949.4;137.6;27.3;19.5;28.3;27.2;19.7;19.3;62.0;59.0;62.0;181.0;11.3;5.7
2020/02/12;2200 UTC;0.0;950.5;950.5;949.9;;26.0;19.9;27.5;26.0;19.9;19.0;69.0;62.0;69.0;167.0;11.3;5.4
2020/02/12;2300 UTC;0.0;951.0;951.0;950.4;;25.0;19.7;26.0;24.9;20.2;19.5;73.0;69.0;72.0;208.0;11.0;5.2
2020/02/13;0000 UTC;0.0;951.3;951.3;951.0;;24.2;20.6;25.0;24.2;20.6;19.6;80.0;72.0;80.0;197.0;9.1;4.2
2020/02/13;0100 UTC;0.0;951.9;951.9;951.3;;24.2;21.5;24.2;24.0;21.5;20.6;85.0;80.0;85.0;190.0;7.7;3.8
2020/02/13;0200 UTC;0.0;951.7;951.9;951.7;;23.6;21.4;24.3;23.6;21.5;21.3;87.0;84.0;87.0;179.0;7.1;4.3
2020/02/13;0300 UTC;0.0;951.0;951.7;951.0;;23.5;21.7;23.7;23.4;21.7;21.4;90.0;87.0;90.0;180.0;7.6;3.2
2020/02/13;0400 UTC;0.0;950.3;951.0;950.3;;23.3;21.9;23.5;23.3;21.9;21.6;92.0;90.0;92.0;184.0;5.9;3.1
2020/02/13;0500 UTC;0.0;950.3;950.3;950.1;;23.2;21.9;23.4;23.1;22.1;21.8;93.0;92.0;92.0;172.0;6.2;2.8
2020/02/13;0600 UTC;0.0;950.3;950.4;950.2;;23.2;21.9;23.4;23.2;22.0;21.9;92.0;92.0;92.0;193.0;5.4;1.8
2020/02/13;0700 UTC;0.0;950.1;950.3;950.1;;23.3;21.9;23.4;23.2;22.0;21.8;92.0;92.0;92.0;179.0;4.0;2.2
2020/02/13;0800 UTC;0.0;950.5;950.6;950.1;;23.3;21.9;23.4;23.2;22.0;21.8;92.0;92.0;92.0;174.0;4.0;1.6
2020/02/13;0900 UTC;0.0;950.9;950.9;950.3;8.9;23.4;22.0;23.4;23.2;22.0;21.8;92.0;92.0;92.0;174.0;2.8;1.1
2020/02/13;1000 UTC;0.0;951.4;951.4;950.8;84.4;23.7;21.9;23.7;23.3;22.0;21.9;92.0;90.0;90.0;171.0;3.7;2.2
2020/02/13;1100 UTC;1.0;952.1;952.2;951.4;380.1;22.5;21.5;23.8;22.4;21.9;21.1;94.0;89.0;94.0;196.0;6.4;4.0
2020/02/13;1200 UTC;0.0;952.4;952.5;952.0;1342.1;23.7;22.1;24.5;22.5;23.2;21.6;95.0;91.0;91.0;185.0;6.5;2.7
2020/02/13;1300 UTC;0.0;952.9;953.1;952.4;571.8;23.8;22.0;24.0;23.5;22.4;21.8;92.0;89.0;89.0;201.0;7.4;3.7
2020/02/13;1400 UTC;0.6;952.3;952.9;952.3;749.2;23.4;21.7;23.8;22.7;21.9;20.9;92.0;88.0;90.0;188.0;8.7;1.9
2020/02/13;1500 UTC;0.2;951.3;952.3;951.3;473.4;23.5;21.8;23.6;23.3;21.9;21.5;90.0;89.0;90.0;156.0;3.3;1.5
2020/02/13;1600 UTC;0.0;950.8;951.3;950.8;724.8;24.3;22.2;24.3;23.5;22.4;21.7;90.0;88.0;88.0;178.0;3.7;1.8
2020/02/13;1700 UTC;0.0;950.2;950.8;950.1;910.8;25.2;22.1;25.2;24.3;22.4;21.7;89.0;82.0;83.0;167.0;3.7;1.9
2020/02/13;1800 UTC;0.0;949.6;950.2;949.6;1130.9;25.6;21.9;25.7;25.0;22.1;21.6;82.0;79.0;80.0;172.0;5.5;2.4
2020/02/13;1900 UTC;0.0;949.9;949.9;949.4;659.4;25.3;22.1;25.8;25.2;22.1;21.5;83.0;78.0;83.0;191.0;5.2;3.0
2020/02/13;2000 UTC;0.0;950.4;950.4;949.8;254.1;24.5;22.0;25.4;24.5;22.5;21.9;86.0;83.0;86.0;346.0;5.4;2.3
2020/02/13;2100 UTC;0.0;951.1;951.1;950.4;34.7;24.1;21.9;24.5;24.1;22.1;21.8;88.0;86.0;88.0;172.0;4.5;2.5
2020/02/13;2200 UTC;0.0;951.5;951.5;951.1;;23.9;22.2;24.1;23.9;22.2;21.9;90.0;88.0;90.0;169.0;4.3;2.3
2020/02/13;2300 UTC;0.0;952.4;952.4;951.5;;23.9;22.5;23.9;23.8;22.5;22.1;92.0;90.0;92.0;183.0;5.6;3.0
2020/02/14;0000 UTC;0.0;952.8;952.8;952.3;;23.7;22.2;23.9;23.7;22.5;22.1;92.0;91.0;91.0;202.0;7.5;3.9
2020/02/14;0100 UTC;0.0;952.7;952.8;952.7;;23.6;22.1;23.7;23.5;22.2;22.0;92.0;91.0;92.0;188.0;6.8;2.7
2020/02/14;0200 UTC;0.0;952.5;952.8;952.5;;23.4;22.1;23.6;23.4;22.2;22.1;93.0;92.0;93.0;173.0;4.8;2.5
2020/02/14;0300 UTC;0.0;951.9;952.5;951.9;;23.2;22.2;23.4;23.2;22.3;22.1;94.0;93.0;94.0;186.0;4.6;2.0
2020/02/14;0400 UTC;0.0;951.3;951.9;951.2;;23.0;22.1;23.2;23.0;22.2;22.0;95.0;94.0;95.0;188.0;4.4;1.7
2020/02/14;0500 UTC;0.0;951.1;951.3;951.1;;23.1;22.1;23.2;22.9;22.2;22.0;95.0;94.0;94.0;184.0;4.8;2.7
2020/02/14;0600 UTC;0.0;951.0;951.2;951.0;;23.0;22.0;23.1;22.9;22.1;21.9;94.0;94.0;94.0;178.0;6.2;2.2
2020/02/14;0700 UTC;0.0;951.0;951.0;950.9;;22.7;21.8;23.0;22.6;22.0;21.7;95.0;94.0;95.0;177.0;4.4;1.7
2020/02/14;0800 UTC;0.0;951.4;951.4;951.0;;22.5;21.7;22.7;22.5;21.8;21.7;95.0;95.0;95.0;172.0;3.8;1.7
2020/02/14;0900 UTC;0.0;951.9;951.9;951.4;65.8;22.7;21.9;22.8;22.5;21.9;21.7;95.0;95.0;95.0;190.0;3.6;1.8
2020/02/14;1000 UTC;0.0;952.4;952.4;951.9;590.9;24.0;22.4;24.2;22.7;22.6;21.9;95.0;90.0;90.0;176.0;5.6;2.4
2020/02/14;1100 UTC;0.0;952.9;953.0;952.4;1425.2;25.3;20.1;25.7;23.7;22.5;20.0;90.0;73.0;73.0;174.0;6.3;3.0
2020/02/14;1200 UTC;0.0;953.0;953.1;952.9;2173.3;27.3;19.5;27.4;25.3;20.4;18.9;73.0;61.0;62.0;179.0;7.1;3.1
2020/02/14;1300 UTC;0.0;952.2;953.0;952.2;2787.9;28.8;19.0;29.0;27.2;19.8;18.7;62.0;56.0;56.0;176.0;8.6;3.8
2020/02/14;1400 UTC;0.0;951.8;952.2;951.8;3336.4;29.8;18.1;30.5;28.6;19.2;18.0;56.0;49.0;49.0;179.0;11.3;5.1
2020/02/14;1500 UTC;0.0;950.6;951.7;950.6;3204.5;30.6;17.8;31.6;29.3;18.9;17.4;52.0;45.0;47.0;176.0;10.3;3.7
2020/02/14;1600 UTC;0.0;950.0;950.6;950.0;3187.7;30.8;19.1;31.9;30.0;20.0;18.0;51.0;47.0;50.0;184.0;10.0;4.7
2020/02/14;1700 UTC;0.0;949.3;950.0;949.3;2509.7;30.8;19.4;31.9;30.3;20.1;18.9;52.0;48.0;51.0;189.0;9.0;4.6
2020/02/14;1800 UTC;0.0;948.5;949.4;948.5;2066.1;31.2;19.3;32.2;30.4;20.0;18.9;53.0;48.0;49.0;179.0;9.1;5.1
2020/02/14;1900 UTC;0.0;948.6;948.7;948.4;1575.7;30.3;20.1;31.4;30.0;20.2;19.2;54.0;49.0;54.0;190.0;10.0;5.1
2020/02/14;2000 UTC;0.0;948.9;948.9;948.6;892.8;28.8;20.9;30.4;28.6;20.9;20.0;63.0;54.0;63.0;191.0;11.3;5.7
2020/02/14;2100 UTC;0.0;949.7;949.7;948.9;117.1;27.1;21.0;28.8;27.0;21.1;20.4;70.0;61.0;70.0;190.0;10.0;5.0
2020/02/14;2200 UTC;0.0;950.3;950.3;949.7;;25.9;21.3;27.1;25.9;21.3;21.0;76.0;70.0;76.0;193.0;9.5;4.7
2020/02/14;2300 UTC;0.0;951.1;951.1;950.3;;24.9;21.7;25.9;24.9;21.7;21.2;82.0;76.0;82.0;193.0;9.8;5.2
2020/02/15;0000 UTC;0.0;951.6;951.6;951.1;;24.4;21.9;25.0;24.4;22.0;21.7;86.0;82.0;86.0;197.0;8.1;5.4
2020/02/15;0100 UTC;0.0;952.0;952.1;951.6;;23.9;21.8;24.5;23.8;22.1;21.8;88.0;86.0;88.0;192.0;9.2;5.5
2020/02/15;0200 UTC;0.0;951.6;952.1;951.5;;23.4;21.7;23.9;23.4;21.9;21.6;90.0;88.0;90.0;189.0;9.2;4.5
2020/02/15;0300 UTC;0.0;951.2;951.6;951.2;;23.1;21.7;23.4;23.1;21.8;21.6;92.0;90.0;92.0;194.0;8.6;4.5
2020/02/15;0400 UTC;0.0;950.8;951.2;950.7;;22.8;21.4;23.1;22.8;21.7;21.4;92.0;92.0;92.0;190.0;7.1;3.9
2020/02/15;0500 UTC;0.0;950.4;950.8;950.3;;22.6;21.2;22.8;22.6;21.4;21.2;92.0;92.0;92.0;186.0;7.1;3.0
2020/02/15;0600 UTC;0.0;950.4;950.5;950.3;;22.2;21.1;22.6;22.1;21.2;21.0;93.0;92.0;93.0;171.0;5.4;2.0
2020/02/15;0700 UTC;0.0;951.0;951.0;950.4;;22.0;20.9;22.2;21.9;21.1;20.9;94.0;93.0;94.0;170.0;4.1;1.0
2020/02/15;0800 UTC;0.0;951.1;951.1;950.9;;21.9;20.7;22.0;21.9;20.9;20.7;94.0;93.0;93.0;172.0;3.8;1.5
2020/02/15;0900 UTC;0.0;951.6;951.7;951.1;49.5;21.7;20.6;21.9;21.6;20.7;20.5;94.0;93.0;94.0;182.0;2.9;1.6
2020/02/15;1000 UTC;0.0;952.1;952.1;951.6;763.8;23.1;21.0;23.5;21.7;21.7;20.7;94.0;88.0;88.0;179.0;5.1;2.3
2020/02/15;1100 UTC;0.0;952.2;952.3;952.1;1134.0;24.0;19.5;24.9;22.9;21.4;19.5;88.0;76.0;76.0;174.0;7.1;3.7
2020/02/15;1200 UTC;0.0;952.5;952.5;952.2;2483.6;26.9;18.8;27.1;24.0;20.3;18.5;77.0;61.0;61.0;182.0;8.5;3.7
2020/02/15;1300 UTC;0.0;951.9;952.5;951.9;3234.5;28.5;17.6;28.9;26.7;19.4;17.6;63.0;52.0;52.0;174.0;8.5;3.6
2020/02/15;1400 UTC;0.0;951.5;951.9;951.5;3713.2;29.9;16.2;30.4;28.1;17.8;16.1;52.0;44.0;44.0;177.0;7.6;4.2
2020/02/15;1500 UTC;0.0;950.4;951.5;950.4;3846.3;31.2;16.2;31.3;29.6;17.1;14.4;46.0;37.0;41.0;182.0;7.4;2.5
2020/02/15;1600 UTC;0.0;949.5;950.4;949.4;3576.6;32.4;14.3;32.7;31.0;16.2;14.3;41.0;33.0;33.0;216.0;8.2;3.3
2020/02/15;1700 UTC;0.0;948.9;949.5;948.9;3218.4;32.8;15.0;32.9;31.5;15.3;13.3;36.0;32.0;34.0;76.0;7.4;2.9
2020/02/15;1800 UTC;0.0;948.5;949.0;948.4;2668.5;33.1;13.3;33.7;32.1;15.3;13.0;35.0;30.0;30.0;178.0;9.4;2.1
2020/02/15;1900 UTC;0.0;948.7;948.7;948.5;1609.1;31.6;16.3;33.1;31.4;16.3;13.8;40.0;30.0;40.0;173.0;7.3;4.0
2020/02/15;2000 UTC;0.0;949.2;949.2;948.7;570.6;29.7;18.7;32.0;29.6;18.7;16.0;52.0;39.0;52.0;179.0;8.9;5.1
2020/02/15;2100 UTC;0.0;949.9;949.9;949.2;100.6;27.6;18.7;29.7;27.6;19.0;18.6;58.0;52.0;58.0;183.0;10.2;6.1
2020/02/15;2200 UTC;0.0;950.7;950.7;949.9;;26.1;18.8;27.5;26.0;18.9;18.6;64.0;58.0;64.0;191.0;10.2;5.6
2020/02/15;2300 UTC;0.0;951.5;951.5;950.6;;24.7;19.0;26.1;24.7;19.0;18.5;71.0;64.0;71.0;179.0;9.6;4.7
2020/02/16;0000 UTC;0.0;952.0;952.1;951.5;;23.9;20.0;24.7;23.9;20.0;18.9;79.0;71.0;79.0;189.0;9.0;3.7
2020/02/16;0100 UTC;0.0;952.0;952.1;951.9;;23.3;20.8;23.9;23.2;20.8;20.0;86.0;79.0;86.0;185.0;7.7;3.4
2020/02/16;0200 UTC;0.0;951.6;952.3;951.5;;23.1;21.0;23.4;23.0;21.1;20.7;88.0;86.0;88.0;197.0;6.6;2.7
2020/02/16;0300 UTC;0.0;951.3;951.6;951.3;;22.8;21.0;23.1;22.8;21.2;20.9;90.0;88.0;90.0;5.0;6.2;1.6
2020/02/16;0400 UTC;0.0;950.9;951.3;950.9;;22.7;21.1;22.8;22.6;21.1;20.9;91.0;90.0;90.0;172.0;3.9;1.0
2020/02/16;0500 UTC;0.0;950.5;950.9;950.5;;22.7;21.0;22.8;22.7;21.1;20.9;90.0;90.0;90.0;182.0;2.9;0.9
2020/02/16;0600 UTC;0.0;950.3;950.5;950.3;;22.8;20.9;23.0;22.7;21.2;20.8;90.0;89.0;89.0;176.0;3.5;1.6
2020/02/16;0700 UTC;0.0;950.4;950.4;950.2;;22.8;20.6;23.0;22.8;21.0;20.6;89.0;87.0;87.0;178.0;3.1;1.3
2020/02/16;0800 UTC;0.0;950.7;950.7;950.4;;22.4;20.5;22.9;22.4;20.6;20.4;89.0;87.0;89.0;180.0;4.9;2.9
2020/02/16;0900 UTC;0.0;951.3;951.3;950.6;37.0;22.4;20.9;22.4;22.2;20.9;20.5;91.0;89.0;91.0;172.0;5.2;2.1
2020/02/16;1000 UTC;0.0;952.1;952.1;951.2;401.2;23.8;21.8;23.8;22.4;21.8;20.8;91.0;88.0;89.0;179.0;4.5;1.8
2020/02/16;1100 UTC;0.0;952.7;952.7;952.1;1193.6;25.6;20.8;25.6;23.8;22.0;20.2;89.0;75.0;75.0;181.0;5.7;2.1
2020/02/16;1200 UTC;0.0;952.6;952.7;952.6;2216.4;27.8;19.5;27.8;25.6;20.9;18.8;75.0;61.0;61.0;177.0;5.4;2.6
2020/02/16;1300 UTC;0.0;952.1;952.6;952.1;2787.4;28.6;18.8;29.0;27.0;19.8;18.4;61.0;55.0;56.0;182.0;6.4;2.8
2020/02/16;1400 UTC;0.0;951.3;952.1;951.3;3122.7;29.5;18.1;30.6;28.5;19.5;17.8;56.0;49.0;50.0;175.0;6.3;3.0
2020/02/16;1500 UTC;0.0;950.6;951.3;950.6;1732.4;30.2;17.2;31.0;28.6;18.4;16.8;53.0;45.0;46.0;184.0;6.7;2.7
2020/02/16;1600 UTC;0.0;949.9;950.6;949.8;3127.5;31.4;16.5;32.9;29.9;18.6;16.2;47.0;39.0;41.0;176.0;6.5;3.0
2020/02/16;1700 UTC;0.0;949.2;949.9;949.2;3094.2;31.5;16.4;33.4;31.0;17.3;15.7;42.0;36.0;40.0;179.0;6.6;2.7
2020/02/16;1800 UTC;0.0;948.8;949.2;948.7;1424.8;31.7;16.4;33.0;31.3;17.0;15.6;41.0;37.0;40.0;178.0;5.8;2.5
2020/02/16;1900 UTC;0.0;948.8;948.8;948.7;706.2;31.1;18.2;32.2;31.0;18.2;16.1;46.0;39.0;46.0;167.0;7.1;3.6
2020/02/16;2000 UTC;0.0;949.3;949.3;948.8;434.7;29.3;20.4;31.2;29.3;20.4;18.1;59.0;46.0;59.0;186.0;8.8;5.1
2020/02/16;2100 UTC;0.0;949.9;949.9;949.3;53.4;27.7;20.9;29.4;27.6;20.9;20.3;67.0;59.0;67.0;201.0;9.5;5.9
2020/02/16;2200 UTC;0.0;950.8;950.8;949.9;;26.2;20.6;27.7;26.2;20.9;20.5;71.0;67.0;71.0;191.0;11.0;5.7
2020/02/16;2300 UTC;0.0;951.4;951.4;950.8;;25.0;20.4;26.2;25.0;20.6;20.3;76.0;71.0;76.0;188.0;10.4;5.2
2020/02/17;0000 UTC;0.0;952.3;952.4;951.4;;24.1;21.1;25.0;24.1;21.1;20.4;83.0;76.0;83.0;205.0;11.0;6.5
2020/02/17;0100 UTC;0.0;952.8;952.8;952.3;;24.0;21.1;24.3;23.9;21.4;21.0;84.0;83.0;84.0;200.0;9.9;5.0
2020/02/17;0200 UTC;0.0;952.3;952.8;952.3;;23.4;20.7;24.0;23.4;21.1;20.7;85.0;83.0;85.0;201.0;9.1;4.3
2020/02/17;0300 UTC;0.0;951.5;952.3;951.5;;22.9;20.8;23.5;22.9;21.0;20.7;88.0;85.0;88.0;196.0;7.7;4.3
2020/02/17;0400 UTC;0.0;951.3;951.5;951.2;;22.8;20.8;23.0;22.8;20.9;20.8;88.0;88.0;88.0;197.0;7.3;3.0
2020/02/17;0500 UTC;0.0;950.8;951.3;950.7;;22.7;20.8;22.8;22.6;20.8;20.7;89.0;88.0;89.0;186.0;5.3;1.9
2020/02/17;0600 UTC;0.0;950.8;950.9;950.7;;22.5;20.8;22.7;22.5;20.9;20.7;90.0;89.0;90.0;179.0;3.3;1.8
2020/02/17;0700 UTC;0.0;950.5;950.8;950.5;;22.4;20.8;22.5;22.4;20.9;20.8;91.0;90.0;91.0;192.0;3.2;2.1
2020/02/17;0800 UTC;0.0;950.8;950.8;950.5;;22.5;20.8;22.5;22.4;20.8;20.8;91.0;90.0;90.0;192.0;3.3;1.4
2020/02/17;0900 UTC;0.0;951.5;951.5;950.8;72.6;23.1;21.3;23.1;22.5;21.3;20.8;90.0;89.0;89.0;189.0;4.1;2.4
2020/02/17;1000 UTC;0.0;952.0;952.0;951.5;763.1;24.3;21.5;24.4;23.1;21.7;21.2;89.0;84.0;84.0;187.0;5.0;3.2
2020/02/17;1100 UTC;0.0;952.5;952.6;952.0;1195.6;25.4;21.0;25.4;24.2;21.6;20.7;84.0;77.0;77.0;190.0;6.6;3.5
2020/02/17;1200 UTC;0.0;952.2;952.5;952.2;2581.9;27.6;20.9;28.2;25.4;21.2;20.4;77.0;65.0;67.0;191.0;8.0;4.0
2020/02/17;1300 UTC;0.0;952.0;952.4;952.0;2767.4;28.9;20.6;29.1;26.6;21.7;19.9;71.0;60.0;61.0;176.0;8.4;3.7
2020/02/17;1400 UTC;0.0;951.3;952.0;951.3;3682.8;30.2;20.2;30.6;28.2;21.2;19.5;61.0;54.0;55.0;176.0;8.2;4.2
2020/02/17;1500 UTC;0.0;950.2;951.3;950.2;3603.8;30.9;19.4;31.7;29.4;20.9;19.4;57.0;50.0;50.0;182.0;8.8;4.2
2020/02/17;1600 UTC;0.0;949.2;950.2;949.2;3561.6;32.7;19.2;33.1;30.8;20.1;18.7;51.0;45.0;45.0;179.0;7.5;2.7
2020/02/17;1700 UTC;0.0;948.6;949.2;948.6;2177.0;31.1;19.3;33.2;31.0;19.8;18.6;50.0;44.0;49.0;171.0;9.4;4.1
2020/02/17;1800 UTC;0.0;948.3;948.6;948.3;2166.7;31.2;19.8;33.2;31.0;20.1;18.9;51.0;45.0;51.0;178.0;9.1;4.8
2020/02/17;1900 UTC;0.0;948.5;948.5;948.2;742.3;29.7;20.9;31.6;29.7;21.0;19.8;60.0;50.0;60.0;172.0;9.1;5.0
2020/02/17;2000 UTC;0.0;949.0;949.0;948.5;680.9;27.8;21.4;29.7;27.8;21.8;20.9;68.0;60.0;68.0;178.0;10.4;5.2
2020/02/17;2100 UTC;0.0;949.8;949.8;949.0;118.8;26.9;21.2;27.8;26.9;21.8;21.2;72.0;68.0;71.0;192.0;10.8;6.4
2020/02/17;2200 UTC;0.0;950.9;950.9;949.8;;26.0;21.0;26.9;26.0;21.4;21.0;74.0;71.0;74.0;192.0;10.8;5.6
2020/02/17;2300 UTC;0.0;951.5;951.5;950.9;;25.3;21.2;26.0;25.3;21.3;20.9;78.0;74.0;78.0;172.0;10.3;5.1
2020/02/18;0000 UTC;0.0;951.9;952.0;951.5;;24.7;21.7;25.3;24.7;21.7;21.2;83.0;78.0;83.0;188.0;9.9;4.6
2020/02/18;0100 UTC;5.6;952.5;952.5;951.9;;22.5;21.8;24.7;22.0;21.9;20.9;96.0;84.0;95.0;203.0;13.0;3.7
2020/02/18;0200 UTC;0.8;951.9;952.5;951.9;;22.9;22.2;23.1;22.5;22.5;21.8;96.0;95.0;96.0;191.0;8.2;4.4
2020/02/18;0300 UTC;0.2;952.0;952.1;951.9;;23.2;22.5;23.2;22.9;22.5;22.2;96.0;95.0;96.0;188.0;9.6;4.8
2020/02/18;0400 UTC;0.0;950.8;952.0;950.8;;23.0;22.3;23.2;23.0;22.5;22.3;96.0;95.0;96.0;186.0;11.4;4.9
2020/02/18;0500 UTC;0.0;950.4;950.8;950.3;0.0;23.0;22.3;23.0;22.9;22.3;22.2;96.0;95.0;96.0;202.0;9.0;4.9
2020/02/18;0600 UTC;0.0;950.4;950.4;950.2;;22.8;22.1;23.0;22.8;22.3;22.0;96.0;95.0;96.0;185.0;7.9;4.1
2020/02/18;0700 UTC;0.0;950.4;950.6;950.4;;22.6;21.9;22.8;22.6;22.1;21.9;96.0;95.0;96.0;173.0;6.9;2.9
2020/02/18;0800 UTC;0.0;950.8;950.8;950.3;;22.7;22.0;22.8;22.5;22.0;21.8;96.0;96.0;96.0;189.0;7.5;3.8
2020/02/18;0900 UTC;0.0;951.3;951.3;950.8;20.9;22.9;22.2;22.9;22.7;22.2;22.0;96.0;96.0;96.0;186.0;8.0;4.1
2020/02/18;1000 UTC;0.0;951.8;951.8;951.3;353.1;23.4;22.3;23.4;22.9;22.5;22.1;96.0;94.0;94.0;193.0;9.0;4.2
2020/02/18;1100 UTC;0.0;952.3;952.3;951.8;619.8;23.5;22.1;24.3;23.3;22.9;22.0;94.0;91.0;92.0;184.0;7.5;4.0
2020/02/18;1200 UTC;0.0;952.6;952.7;952.3;1583.4;25.0;21.4;25.2;23.5;22.6;21.4;92.0;80.0;80.0;191.0;9.7;4.5
2020/02/18;1300 UTC;0.0;952.5;952.6;952.5;2184.4;26.6;21.6;26.8;24.9;22.1;20.9;81.0;73.0;74.0;127.0;7.8;3.2
2020/02/18;1400 UTC;0.0;952.0;952.5;952.0;2666.4;27.8;21.3;28.2;26.3;22.2;20.9;74.0;67.0;68.0;163.0;6.8;3.1
2020/02/18;1500 UTC;0.0;951.0;952.0;951.0;3151.7;29.4;21.8;29.5;27.2;23.1;20.6;71.0;61.0;64.0;226.0;7.3;2.8
2020/02/18;1600 UTC;0.0;950.3;951.0;950.3;2462.0;29.9;20.1;31.1;29.2;22.3;19.9;64.0;55.0;56.0;181.0;7.0;2.8
2020/02/18;1700 UTC;0.0;949.5;950.3;949.5;2477.3;30.8;20.1;31.4;29.9;20.8;19.1;56.0;51.0;53.0;186.0;6.9;3.3
2020/02/18;1800 UTC;0.0;948.7;949.5;948.7;2050.7;30.9;19.5;31.4;30.4;20.3;19.1;53.0;50.0;51.0;186.0;7.2;4.2
2020/02/18;1900 UTC;0.0;948.3;948.7;948.2;1938.3;30.0;19.6;31.5;30.0;19.9;18.9;54.0;48.0;54.0;185.0;10.6;6.1
2020/02/18;2000 UTC;0.0;948.9;948.9;948.2;743.0;29.0;20.8;30.2;28.8;20.8;19.6;61.0;53.0;61.0;193.0;10.6;5.2
2020/02/18;2100 UTC;0.0;949.5;949.5;948.9;100.3;26.9;21.0;29.0;26.9;21.0;20.6;70.0;61.0;70.0;185.0;10.3;4.7
2020/02/18;2200 UTC;0.0;950.3;950.3;949.5;;25.8;21.0;26.9;25.7;21.2;20.9;75.0;70.0;75.0;184.0;8.9;4.4
2020/02/18;2300 UTC;0.0;951.1;951.1;950.3;;24.9;21.1;25.8;24.9;21.2;20.9;80.0;75.0;80.0;191.0;9.0;5.2
2020/02/19;0000 UTC;0.0;951.9;951.9;951.1;;24.3;21.4;24.9;24.3;21.5;21.1;84.0;80.0;84.0;197.0;8.6;4.2
2020/02/19;0100 UTC;0.0;951.6;952.0;951.6;;23.6;21.3;24.3;23.6;21.4;21.2;87.0;84.0;87.0;186.0;7.6;4.4
2020/02/19;0200 UTC;0.0;951.3;951.9;951.3;;23.1;21.1;23.6;23.1;21.3;21.1;88.0;87.0;88.0;188.0;8.0;4.8
2020/02/19;0300 UTC;0.0;950.7;951.4;950.7;;22.8;21.1;23.2;22.7;21.1;21.0;90.0;88.0;90.0;200.0;8.0;2.8
2020/02/19;0400 UTC;0.0;950.1;950.7;950.1;;22.6;21.0;22.8;22.6;21.1;21.0;91.0;90.0;90.0;200.0;4.9;2.0
2020/02/19;0500 UTC;0.0;949.5;950.1;949.5;;22.3;20.8;22.6;22.3;21.0;20.8;91.0;90.0;91.0;184.0;3.2;1.8
2020/02/19;0600 UTC;0.0;949.4;949.5;949.3;;22.3;20.8;22.4;22.2;20.8;20.7;91.0;91.0;91.0;176.0;3.0;1.2
2020/02/19;0700 UTC;0.0;949.4;949.6;949.3;;22.1;20.5;22.4;22.1;20.8;20.5;91.0;90.0;90.0;178.0;2.8;0.7
2020/02/19;0800 UTC;0.0;949.6;949.6;949.3;;22.3;20.7;22.4;22.0;20.8;20.4;91.0;90.0;91.0;178.0;3.1;1.0
2020/02/19;0900 UTC;0.0;950.2;950.2;949.6;27.2;22.4;20.9;22.4;22.1;20.9;20.7;92.0;91.0;92.0;178.0;3.9;1.4
2020/02/19;1000 UTC;0.0;950.5;950.5;950.1;238.9;22.6;21.1;22.6;22.1;21.2;20.6;92.0;91.0;91.0;177.0;4.0;1.3
2020/02/19;1100 UTC;0.0;950.9;950.9;950.4;1300.1;24.6;21.0;24.8;22.6;22.0;20.9;91.0;81.0;81.0;187.0;6.5;4.0
2020/02/19;1200 UTC;0.0;951.0;951.0;950.8;2250.0;26.1;20.2;26.3;24.4;21.2;20.1;81.0;70.0;70.0;200.0;7.7;3.6
2020/02/19;1300 UTC;0.0;950.8;951.1;950.8;2601.7;28.3;20.6;28.4;25.8;20.9;19.9;71.0;63.0;63.0;180.0;7.2;3.0
2020/02/19;1400 UTC;0.0;950.5;950.8;950.5;3477.6;29.9;19.6;30.1;27.6;20.4;18.7;64.0;53.0;54.0;182.0;6.7;3.4
2020/02/19;1500 UTC;0.0;949.7;950.5;949.7;3305.3;29.9;19.1;31.0;28.9;19.8;18.4;56.0;49.0;52.0;181.0;8.2;3.8
2020/02/19;1600 UTC;0.0;948.9;949.7;948.9;3555.1;31.1;17.9;31.7;29.9;19.2;17.5;53.0;45.0;46.0;180.0;8.6;3.8
2020/02/19;1700 UTC;0.0;948.1;948.9;948.1;2976.2;32.0;17.4;32.3;30.9;18.4;16.8;46.0;41.0;42.0;180.0;7.7;3.6
2020/02/19;1800 UTC;0.0;947.6;948.2;947.5;2282.7;31.2;15.7;32.5;31.2;17.3;15.3;42.0;38.0;39.0;192.0;8.1;4.3
2020/02/19;1900 UTC;0.0;947.4;947.6;947.2;1638.6;30.7;17.8;32.1;30.7;18.1;15.4;46.0;37.0;46.0;180.0;8.8;4.8
2020/02/19;2000 UTC;0.0;947.8;947.8;947.4;967.4;29.2;19.1;30.7;29.2;19.1;17.8;54.0;46.0;54.0;193.0;10.7;5.7
2020/02/19;2100 UTC;0.0;948.2;948.2;947.7;153.7;27.3;19.3;29.3;27.3;19.4;19.0;61.0;54.0;61.0;185.0;11.3;6.1
2020/02/19;2200 UTC;0.0;948.9;948.9;948.2;;26.3;19.2;27.4;26.3;19.3;19.0;65.0;61.0;65.0;183.0;10.1;4.1
2020/02/19;2300 UTC;0.0;950.1;950.1;948.9;;25.1;19.5;26.3;25.1;19.5;19.1;71.0;65.0;71.0;189.0;8.7;4.7
2020/02/20;0000 UTC;0.0;950.8;950.8;950.1;;24.2;20.3;25.1;24.2;20.5;19.5;79.0;71.0;79.0;199.0;9.7;5.1
2020/02/20;0100 UTC;0.0;951.2;951.3;950.8;;23.7;21.0;24.2;23.7;21.1;20.3;85.0;79.0;85.0;199.0;9.2;4.1
2020/02/20;0200 UTC;0.0;950.9;951.2;950.9;;23.6;21.5;23.9;23.5;21.6;21.0;88.0;85.0;88.0;199.0;7.6;4.7
2020/02/20;0300 UTC;0.0;950.2;951.0;950.2;;23.5;21.8;23.7;23.5;21.8;21.5;90.0;88.0;90.0;188.0;7.6;3.5
2020/02/20;0400 UTC;1.8;950.3;950.4;950.2;;21.6;20.6;23.7;21.4;22.0;20.1;94.0;89.0;94.0;197.0;14.4;7.8
2020/02/20;0500 UTC;0.6;949.4;950.3;949.4;;21.5;20.9;21.8;21.4;21.0;20.7;96.0;94.0;96.0;174.0;14.4;2.5
2020/02/20;0600 UTC;0.0;949.2;949.4;949.0;;21.5;20.9;21.7;21.4;21.0;20.8;96.0;96.0;96.0;183.0;5.7;2.6
2020/02/20;0700 UTC;0.2;948.7;949.2;948.7;;21.5;20.9;21.6;21.4;21.0;20.8;96.0;96.0;96.0;197.0;5.7;1.3
2020/02/20;0800 UTC;0.0;949.0;949.1;948.7;;21.6;21.0;21.6;21.5;21.0;20.8;96.0;96.0;96.0;171.0;2.6;0.0
2020/02/20;0900 UTC;0.0;949.6;949.6;948.9;30.8;21.8;21.2;21.8;21.6;21.2;20.9;96.0;96.0;96.0;4.0;1.7;1.0
2020/02/20;1000 UTC;0.0;950.3;950.3;949.6;362.0;22.6;21.9;22.6;21.8;21.9;21.2;96.0;95.0;95.0;355.0;2.1;0.8
2020/02/20;1100 UTC;0.0;950.9;950.9;950.3;754.0;23.2;21.4;23.8;22.6;22.6;21.4;95.0;89.0;89.0;188.0;4.7;2.8
2020/02/20;1200 UTC;0.0;951.3;951.5;950.8;1383.1;24.2;21.2;24.4;23.2;22.1;20.8;90.0;83.0;83.0;178.0;7.1;3.5
2020/02/20;1300 UTC;0.0;951.2;951.4;951.2;1735.9;25.1;20.5;25.8;24.2;21.5;20.5;83.0;75.0;76.0;166.0;7.2;3.6
2020/02/20;1400 UTC;0.0;951.3;951.4;951.2;1635.2;25.6;20.7;26.2;25.0;21.3;20.4;77.0;72.0;74.0;181.0;7.5;4.4
2020/02/20;1500 UTC;0.0;950.7;951.3;950.7;2554.2;27.2;20.7;27.4;25.6;21.3;20.2;75.0;68.0;68.0;178.0;8.2;4.6
2020/02/20;1600 UTC;0.0;949.8;950.7;949.8;1840.7;27.2;20.1;28.0;26.6;21.3;20.1;70.0;65.0;65.0;172.0;9.2;3.6
2020/02/20;1700 UTC;0.0;949.3;949.8;949.1;1530.0;24.8;20.3;27.8;24.7;21.1;19.7;76.0;65.0;76.0;353.0;13.8;5.9
2020/02/20;1800 UTC;0.0;949.3;949.4;949.2;1058.8;23.8;19.9;24.9;22.8;20.7;19.1;83.0;75.0;79.0;187.0;14.3;5.5
2020/02/20;1900 UTC;0.0;949.1;949.3;948.7;837.8;22.9;20.0;24.3;22.7;20.3;19.4;84.0;77.0;84.0;186.0;9.7;5.0
2020/02/20;2000 UTC;0.0;949.0;949.1;948.9;164.2;22.4;19.5;23.2;22.4;20.1;19.4;84.0;81.0;84.0;197.0;8.5;3.2
2020/02/20;2100 UTC;0.0;950.0;950.0;948.9;17.0;22.7;19.7;22.8;22.4;19.9;19.5;84.0;83.0;83.0;178.0;4.6;1.7
2020/02/20;2200 UTC;0.0;950.7;950.8;950.0;;22.3;19.9;22.7;22.3;20.0;19.6;86.0;83.0;86.0;193.0;5.9;3.5
2020/02/20;2300 UTC;0.0;951.8;951.8;950.7;;22.2;20.4;22.3;22.1;20.4;19.9;90.0;86.0;90.0;184.0;6.5;2.3
2020/02/21;0000 UTC;0.0;952.1;952.1;951.8;;21.9;20.3;22.2;21.9;20.5;20.3;91.0;90.0;91.0;194.0;4.5;3.0
2020/02/21;0100 UTC;0.0;952.7;952.8;952.1;;21.9;20.3;22.2;21.9;20.5;20.3;91.0;90.0;90.0;176.0;4.5;1.2
2020/02/21;0200 UTC;0.0;952.2;952.7;952.2;;22.0;20.2;22.2;21.9;20.5;20.2;91.0;90.0;90.0;175.0;3.5;1.7
2020/02/21;0300 UTC;0.0;951.1;952.2;951.1;;21.9;20.3;22.2;21.9;20.5;20.2;91.0;89.0;91.0;179.0;3.5;1.5
2020/02/21;0400 UTC;0.0;950.4;951.1;950.4;;21.7;20.4;22.0;21.7;20.5;20.3;92.0;91.0;92.0;174.0;2.9;1.4
2020/02/21;0500 UTC;0.0;949.8;950.4;949.8;;21.7;20.6;21.8;21.6;20.6;20.4;94.0;92.0;94.0;177.0;2.6;1.1
2020/02/21;0600 UTC;0.0;949.2;949.8;949.2;;21.7;20.7;21.7;21.6;20.7;20.5;94.0;93.0;94.0;179.0;2.2;0.7
2020/02/21;0700 UTC;0.0;949.3;949.3;949.2;;21.7;20.7;21.8;21.6;20.8;20.6;94.0;94.0;94.0;170.0;2.7;0.6
2020/02/21;0800 UTC;0.0;949.5;949.5;949.2;;21.9;20.8;22.0;21.7;20.8;20.7;94.0;93.0;93.0;179.0;2.1;1.2
2020/02/21;0900 UTC;0.0;950.1;950.1;949.5;31.8;22.0;20.8;22.0;21.8;20.8;20.6;93.0;93.0;93.0;171.0;2.3;0.8
2020/02/21;1000 UTC;0.0;950.6;950.6;950.1;466.2;23.5;21.6;23.6;22.0;21.8;20.8;93.0;89.0;89.0;182.0;4.7;2.4
2020/02/21;1100 UTC;0.0;951.4;951.4;950.6;1170.5;24.5;21.6;24.7;23.5;22.0;21.3;89.0;83.0;84.0;185.0;6.7;3.8
2020/02/21;1200 UTC;0.0;951.4;951.5;951.3;1585.1;26.6;21.7;26.7;24.3;22.6;21.4;84.0;75.0;75.0;179.0;6.7;3.8
2020/02/21;1300 UTC;0.0;951.2;951.4;951.2;2539.6;28.0;21.6;28.0;26.3;21.9;21.2;75.0;68.0;68.0;183.0;8.0;4.6
2020/02/21;1400 UTC;0.0;950.8;951.3;950.8;2815.0;28.9;21.3;29.5;27.2;22.2;21.1;70.0;63.0;64.0;184.0;8.0;4.2
2020/02/21;1500 UTC;0.0;950.0;950.8;950.0;3278.5;29.6;20.7;30.5;28.8;21.8;20.4;64.0;57.0;59.0;195.0;9.0;5.0
2020/02/21;1600 UTC;0.0;949.3;950.0;949.3;2391.7;29.8;21.0;30.4;29.2;21.6;20.4;61.0;57.0;59.0;184.0;9.0;4.1
2020/02/21;1700 UTC;0.0;948.9;949.4;948.9;2018.6;29.7;21.4;30.5;29.4;21.9;20.9;62.0;59.0;61.0;166.0;8.2;3.5
2020/02/21;1800 UTC;0.0;948.4;948.9;948.4;1299.5;29.6;21.2;30.4;29.4;21.8;20.9;62.0;59.0;61.0;188.0;7.9;4.5
2020/02/21;1900 UTC;0.0;948.5;948.5;948.4;829.3;28.8;21.2;29.8;28.8;21.5;21.0;64.0;60.0;64.0;186.0;8.7;4.9
2020/02/21;2000 UTC;0.0;948.9;948.9;948.5;629.0;27.4;21.9;29.1;27.4;22.1;21.2;72.0;63.0;72.0;185.0;9.8;6.0
2020/02/21;2100 UTC;0.0;949.6;949.6;948.7;48.6;26.2;22.3;27.4;26.2;22.4;22.0;79.0;72.0;79.0;193.0;9.8;5.4
2020/02/21;2200 UTC;0.0;950.9;950.9;949.6;;25.4;22.6;26.3;25.4;22.6;22.2;84.0;79.0;84.0;160.0;8.6;4.7
2020/02/21;2300 UTC;0.0;951.3;951.3;950.9;;24.7;22.4;25.4;24.6;22.7;22.3;87.0;84.0;87.0;183.0;8.1;3.9
2020/02/22;0000 UTC;0.0;952.4;952.4;951.3;;24.2;21.9;24.7;24.2;22.5;21.8;88.0;87.0;87.0;190.0;9.5;4.6
2020/02/22;0100 UTC;0.0;952.6;952.6;952.4;;23.8;21.7;24.2;23.8;21.9;21.6;88.0;87.0;88.0;193.0;8.4;4.8
2020/02/22;0200 UTC;0.0;952.4;952.7;952.4;;23.6;22.0;23.9;23.6;22.1;21.8;91.0;88.0;91.0;179.0;7.9;3.7
2020/02/22;0300 UTC;0.0;951.8;952.4;951.8;;23.4;22.1;23.7;23.4;22.3;22.0;93.0;91.0;93.0;183.0;7.0;3.6
2020/02/22;0400 UTC;0.0;951.3;951.8;951.3;;23.3;22.3;23.5;23.3;22.3;22.1;94.0;93.0;94.0;184.0;6.9;3.0
2020/02/22;0500 UTC;0.0;951.0;951.3;951.0;;23.4;22.4;23.4;23.3;22.4;22.3;94.0;94.0;94.0;191.0;5.7;3.4
2020/02/22;0600 UTC;0.0;950.8;951.0;950.8;;23.3;22.3;23.4;23.2;22.4;22.3;94.0;94.0;94.0;208.0;5.5;2.8
2020/02/22;0700 UTC;0.0;950.9;950.9;950.7;;23.3;22.3;23.4;23.2;22.4;22.2;94.0;94.0;94.0;179.0;5.4;2.8
2020/02/22;0800 UTC;0.0;951.4;951.4;950.9;;23.3;22.3;23.4;23.2;22.4;22.2;95.0;94.0;94.0;182.0;4.7;2.2
2020/02/22;0900 UTC;0.0;951.8;951.8;951.4;34.9;23.2;22.3;23.3;23.1;22.4;22.2;95.0;94.0;95.0;183.0;4.8;2.1
2020/02/22;1000 UTC;0.0;952.4;952.4;951.8;315.4;23.9;22.9;23.9;23.2;22.9;22.3;95.0;94.0;94.0;355.0;4.2;1.6
2020/02/22;1100 UTC;0.0;953.0;953.0;952.4;776.5;24.9;22.6;25.0;23.7;23.0;22.5;94.0;87.0;87.0;186.0;5.7;2.9
2020/02/22;1200 UTC;0.0;952.5;953.0;952.5;2479.9;27.1;21.7;27.1;24.9;22.8;21.3;87.0;72.0;72.0;179.0;6.7;3.4
2020/02/22;1300 UTC;0.0;951.7;952.5;951.6;3142.9;27.8;20.3;29.4;26.7;21.6;20.3;72.0;61.0;64.0;181.0;7.4;4.4
2020/02/22;1400 UTC;0.0;951.6;951.8;951.6;1404.4;27.7;20.8;28.2;27.3;21.4;20.4;67.0;64.0;66.0;75.0;7.7;2.9
2020/02/22;1500 UTC;0.0;951.4;951.7;951.4;1097.6;28.0;20.5;28.2;27.7;21.2;20.1;66.0;63.0;64.0;128.0;6.3;2.6
2020/02/22;1600 UTC;0.0;951.1;951.4;951.1;1372.4;29.1;20.8;29.1;28.0;21.5;20.2;65.0;60.0;61.0;187.0;5.1;1.9
2020/02/22;1700 UTC;0.0;950.5;951.1;950.5;1495.2;30.3;20.1;30.3;28.7;20.9;19.8;62.0;54.0;54.0;176.0;4.8;1.8
2020/02/22;1800 UTC;0.0;949.7;950.5;949.7;1412.6;30.7;20.5;30.7;29.7;20.6;19.6;56.0;54.0;54.0;176.0;5.0;2.6
2020/02/22;1900 UTC;0.0;949.5;949.7;949.3;1487.1;30.5;20.6;31.1;30.1;21.0;20.0;57.0;54.0;56.0;154.0;6.9;2.9
2020/02/22;2000 UTC;0.0;949.9;949.9;949.4;372.5;27.9;21.6;30.5;27.9;21.8;20.2;69.0;55.0;69.0;185.0;9.2;5.2
2020/02/22;2100 UTC;0.0;950.5;950.5;949.9;27.4;26.7;21.6;27.9;26.7;21.8;21.6;73.0;69.0;73.0;176.0;9.2;4.0
2020/02/22;2200 UTC;0.0;951.0;951.0;950.5;;25.8;22.3;26.7;25.7;22.3;21.6;81.0;73.0;81.0;186.0;9.8;5.8
2020/02/22;2300 UTC;0.0;952.4;952.4;951.0;;25.2;22.6;25.8;25.2;22.8;22.2;86.0;81.0;86.0;128.0;9.8;4.0
2020/02/23;0000 UTC;0.0;952.9;952.9;952.4;;24.5;22.3;25.2;24.5;22.7;22.2;88.0;85.0;88.0;183.0;7.7;3.7
2020/02/23;0100 UTC;0.0;953.2;953.2;952.9;;24.2;22.5;24.5;24.2;22.6;22.3;90.0;88.0;90.0;359.0;7.4;3.3
2020/02/23;0200 UTC;0.0;953.1;953.3;953.0;;23.9;22.6;24.2;23.8;22.6;22.5;92.0;90.0;92.0;186.0;7.9;4.1
2020/02/23;0300 UTC;0.0;952.5;953.1;952.4;;23.8;22.7;23.9;23.7;22.7;22.5;94.0;92.0;94.0;190.0;8.0;3.6
2020/02/23;0400 UTC;0.0;952.2;952.5;952.2;;23.7;22.5;23.9;23.7;22.7;22.5;94.0;93.0;93.0;194.0;7.3;3.9
2020/02/23;0500 UTC;0.0;952.0;952.2;951.8;;23.4;22.4;23.7;23.4;22.6;22.4;94.0;93.0;94.0;175.0;7.2;3.5
2020/02/23;0600 UTC;0.0;952.0;952.0;951.9;;23.4;22.4;23.6;23.4;22.6;22.4;94.0;94.0;94.0;161.0;6.5;2.8
2020/02/23;0700 UTC;0.0;952.4;952.5;952.0;;23.4;22.3;23.5;23.3;22.5;22.3;94.0;94.0;94.0;195.0;5.5;2.8
2020/02/23;0800 UTC;0.0;952.4;952.5;952.3;;23.1;22.0;23.4;23.1;22.4;22.0;94.0;94.0;94.0;168.0;4.9;2.2
2020/02/23;0900 UTC;0.0;952.9;952.9;952.4;41.9;23.1;22.0;23.2;23.0;22.1;21.9;94.0;94.0;94.0;8.0;4.2;1.5
2020/02/23;1000 UTC;0.0;953.6;953.6;952.9;432.1;24.1;22.5;24.1;23.1;22.6;22.0;94.0;91.0;91.0;38.0;3.7;1.6
2020/02/23;1100 UTC;0.0;954.0;954.0;953.6;1300.3;26.4;22.6;26.4;23.9;23.0;21.9;91.0;80.0;80.0;178.0;3.9;2.3
2020/02/23;1200 UTC;0.0;953.8;954.1;953.8;2316.0;27.9;21.5;27.9;25.3;22.3;20.8;79.0;68.0;68.0;213.0;6.0;2.9
2020/02/23;1300 UTC;0.0;953.7;953.8;953.7;3139.0;29.4;19.9;29.8;27.6;21.7;19.9;68.0;56.0;57.0;177.0;6.0;2.6
2020/02/23;1400 UTC;0.0;952.9;953.7;952.9;3478.9;30.5;19.5;30.9;28.9;20.6;18.5;59.0;49.0;52.0;172.0;6.4;3.2
2020/02/23;1500 UTC;0.0;951.9;952.9;951.9;3742.4;31.6;17.9;32.2;30.2;20.1;17.8;53.0;44.0;44.0;353.0;5.8;2.3
2020/02/23;1600 UTC;0.0;950.8;951.9;950.8;3555.1;32.7;16.3;33.2;31.2;19.0;15.3;45.0;34.0;37.0;358.0;6.1;1.9
2020/02/23;1700 UTC;0.0;949.8;950.8;949.8;3164.3;33.4;15.1;34.4;32.7;17.3;14.5;38.0;33.0;33.0;173.0;6.5;1.9
2020/02/23;1800 UTC;0.0;949.2;949.8;949.2;2674.0;34.2;15.7;34.2;33.1;16.7;15.2;36.0;33.0;33.0;234.0;6.5;2.0
2020/02/23;1900 UTC;0.0;948.9;949.2;948.8;1725.7;33.2;15.7;34.4;32.9;15.9;14.9;35.0;33.0;35.0;165.0;7.4;3.8
2020/02/23;2000 UTC;0.0;949.1;949.1;948.8;571.6;31.9;18.2;33.3;31.9;18.2;15.6;44.0;35.0;44.0;184.0;8.3;4.1
2020/02/23;2100 UTC;0.0;950.0;950.0;949.1;66.8;28.7;21.1;31.9;28.7;21.2;18.4;64.0;44.0;64.0;138.0;10.4;5.6
2020/02/23;2200 UTC;0.0;950.8;950.8;950.0;;26.7;20.8;28.7;26.7;21.3;20.8;70.0;64.0;70.0;178.0;10.9;5.0
2020/02/23;2300 UTC;0.0;951.6;951.6;950.8;;25.2;20.9;26.8;25.2;21.0;20.5;77.0;70.0;77.0;185.0;10.0;5.5
2020/02/24;0000 UTC;0.0;952.6;952.7;951.6;;24.4;21.5;25.2;24.3;21.6;20.9;84.0;77.0;84.0;186.0;11.4;5.3
2020/02/24;0100 UTC;0.0;953.2;953.2;952.7;;24.3;21.9;24.5;24.3;21.9;21.6;87.0;84.0;87.0;193.0;8.3;3.9
2020/02/24;0200 UTC;0.0;953.2;953.2;953.0;;24.0;21.8;24.3;24.0;21.9;21.7;88.0;86.0;88.0;188.0;8.4;3.2
2020/02/24;0300 UTC;0.0;952.5;953.2;952.5;;23.8;22.4;24.0;23.7;22.5;21.9;92.0;88.0;92.0;193.0;7.0;3.7
2020/02/24;0400 UTC;0.0;951.8;952.5;951.8;;23.6;22.4;23.8;23.6;22.5;22.3;93.0;92.0;93.0;97.0;7.0;3.5
2020/02/24;0500 UTC;0.0;951.5;951.9;951.4;;23.5;22.3;23.7;23.4;22.5;22.3;94.0;93.0;93.0;182.0;6.8;3.0
2020/02/24;0600 UTC;0.4;951.2;951.5;951.2;;23.3;22.4;23.6;23.2;22.5;22.2;95.0;93.0;95.0;182.0;7.0;2.5
2020/02/24;0700 UTC;1.6;951.1;951.2;951.0;;22.9;22.3;23.4;22.8;22.5;22.0;96.0;95.0;96.0;200.0;8.1;3.9
2020/02/24;0800 UTC;0.2;951.4;951.4;951.0;;22.9;22.4;23.1;22.9;22.5;22.2;97.0;96.0;96.0;169.0;8.1;3.1
2020/02/24;0900 UTC;0.2;951.9;951.9;951.4;16.6;22.9;22.2;23.1;22.8;22.5;22.2;97.0;96.0;96.0;183.0;6.6;3.9
2020/02/24;1000 UTC;0.2;952.6;952.6;951.9;201.2;23.0;22.5;23.1;22.8;22.5;22.1;97.0;96.0;97.0;194.0;7.8;3.8
2020/02/24;1100 UTC;0.2;952.9;952.9;952.6;879.3;24.0;23.1;24.0;23.0;23.1;22.4;97.0;94.0;95.0;202.0;8.6;4.3
2020/02/24;1200 UTC;0.0;953.0;953.1;952.9;1292.8;25.5;22.9;25.6;24.0;24.0;22.6;95.0;86.0;86.0;196.0;7.6;4.2
2020/02/24;1300 UTC;0.0;952.8;953.0;952.8;2165.9;27.6;22.1;27.6;25.2;23.1;21.8;86.0;72.0;72.0;191.0;8.1;4.2
2020/02/24;1400 UTC;0.0;952.2;952.9;952.2;3685.4;29.7;21.7;29.7;27.4;22.1;20.7;72.0;60.0;62.0;245.0;8.1;3.8
2020/02/24;1500 UTC;0.0;951.2;952.3;951.2;3271.9;30.5;20.1;30.7;28.7;21.9;20.0;63.0;54.0;54.0;176.0;7.4;3.6
2020/02/24;1600 UTC;0.0;950.2;951.2;950.2;3543.1;30.7;20.0;31.8;30.0;21.4;20.0;58.0;52.0;53.0;207.0;8.4;3.9
2020/02/24;1700 UTC;0.0;949.2;950.2;949.2;3337.4;32.3;20.5;32.5;30.6;21.5;18.9;55.0;47.0;50.0;187.0;7.9;3.5
2020/02/24;1800 UTC;0.0;949.0;949.2;949.0;2673.6;31.6;20.4;32.5;31.2;21.0;19.4;53.0;48.0;52.0;185.0;8.1;4.5
2020/02/24;1900 UTC;0.0;948.7;949.0;948.7;1642.3;30.4;20.5;32.0;30.3;20.9;19.3;56.0;49.0;56.0;188.0;10.1;5.7
2020/02/24;2000 UTC;0.0;949.1;949.1;948.7;904.4;28.7;21.0;30.8;28.7;21.2;20.4;63.0;55.0;63.0;182.0;11.6;5.8
2020/02/24;2100 UTC;0.0;949.6;949.6;949.1;74.2;26.8;21.1;28.7;26.8;21.2;20.9;71.0;63.0;71.0;191.0;11.6;6.4
2020/02/24;2200 UTC;0.0;950.3;950.3;949.6;;25.8;21.0;26.8;25.8;21.2;20.9;75.0;71.0;75.0;190.0;10.4;4.9
2020/02/24;2300 UTC;0.0;950.9;951.0;950.3;;24.8;21.3;25.9;24.8;21.4;20.9;81.0;75.0;81.0;188.0;9.6;4.7
2020/02/25;0000 UTC;0.0;951.9;951.9;950.9;;24.1;21.3;24.8;24.0;21.3;21.1;84.0;81.0;84.0;190.0;9.9;4.5
2020/02/25;0100 UTC;0.0;952.0;952.1;951.8;;23.7;21.5;24.1;23.6;21.6;21.2;88.0;84.0;87.0;203.0;9.2;3.0
2020/02/25;0200 UTC;0.0;951.6;952.0;951.5;;23.7;21.7;23.8;23.6;21.8;21.5;89.0;88.0;88.0;192.0;10.9;4.9
2020/02/25;0300 UTC;0.0;951.4;951.7;951.4;;23.6;21.8;23.7;23.5;21.8;21.6;90.0;88.0;90.0;197.0;10.9;4.1
2020/02/25;0400 UTC;0.0;950.7;951.4;950.7;;23.4;21.7;23.7;23.4;21.8;21.6;90.0;89.0;90.0;193.0;7.7;4.0
2020/02/25;0500 UTC;0.0;950.2;950.7;950.2;;23.3;21.6;23.4;23.3;21.8;21.6;91.0;90.0;90.0;183.0;8.6;4.2
2020/02/25;0600 UTC;0.0;950.4;950.4;950.1;;23.2;21.6;23.3;23.1;21.6;21.4;91.0;89.0;91.0;177.0;8.3;3.0
2020/02/25;0700 UTC;0.0;950.7;950.7;950.4;;23.1;21.5;23.3;23.1;21.8;21.5;91.0;91.0;91.0;179.0;5.7;2.4
2020/02/25;0800 UTC;0.0;951.1;951.1;950.7;;23.0;21.5;23.2;23.0;21.6;21.4;91.0;91.0;91.0;168.0;4.8;2.5
2020/02/25;0900 UTC;0.0;951.5;951.5;951.1;59.6;23.1;21.6;23.1;22.9;21.6;21.4;92.0;91.0;91.0;171.0;4.8;1.6
2020/02/25;1000 UTC;0.0;952.3;952.3;951.5;440.6;23.8;21.5;24.1;23.0;22.2;21.4;91.0;87.0;87.0;170.0;4.6;2.4
2020/02/25;1100 UTC;0.0;952.7;952.8;952.3;840.6;24.9;21.2;25.2;23.6;22.1;21.0;87.0;80.0;80.0;178.0;6.2;3.5
2020/02/25;1200 UTC;0.0;952.5;952.8;952.5;1942.2;26.7;20.2;27.2;24.9;21.7;20.2;80.0;67.0;68.0;178.0;7.4;3.0
2020/02/25;1300 UTC;0.0;952.2;952.6;952.2;2760.0;28.9;19.1;29.2;26.7;21.0;19.0;69.0;55.0;55.0;182.0;8.1;3.8
2020/02/25;1400 UTC;0.0;951.7;952.2;951.7;2261.3;28.7;19.0;29.8;28.3;20.1;18.2;58.0;51.0;56.0;176.0;8.8;2.6
2020/02/25;1500 UTC;0.0;950.9;951.7;950.9;2651.6;31.3;19.0;31.7;28.7;19.7;18.3;57.0;48.0;48.0;177.0;7.3;3.0
2020/02/25;1600 UTC;0.0;949.6;950.9;949.6;3332.8;32.3;19.0;32.6;30.1;19.4;18.1;52.0;43.0;46.0;167.0;7.2;3.1
2020/02/25;1700 UTC;0.0;948.8;949.6;948.8;2870.7;32.0;18.8;33.4;30.8;19.9;18.1;50.0;43.0;46.0;176.0;8.1;4.1
2020/02/25;1800 UTC;0.0;948.4;948.9;948.4;2036.0;31.6;18.9;32.8;31.3;19.6;18.1;47.0;44.0;47.0;189.0;8.8;3.5
2020/02/25;1900 UTC;0.0;948.2;948.4;948.2;1658.4;31.7;19.2;32.3;31.2;19.6;18.8;49.0;45.0;48.0;186.0;8.7;3.8
2020/02/25;2000 UTC;0.0;948.4;948.4;948.2;746.6;29.9;19.6;31.9;29.9;19.9;18.9;54.0;47.0;54.0;197.0;9.5;4.7
2020/02/25;2100 UTC;0.0;949.0;949.0;948.4;89.8;27.5;20.9;29.9;27.5;20.9;19.6;67.0;54.0;67.0;193.0;9.9;5.9
2020/02/25;2200 UTC;0.0;949.7;949.7;949.0;;26.1;21.1;27.5;26.1;21.2;20.9;74.0;67.0;74.0;181.0;9.8;5.5
2020/02/25;2300 UTC;0.0;950.2;950.2;949.7;;25.1;21.5;26.1;25.1;21.6;21.2;81.0;74.0;81.0;195.0;9.8;5.0
2020/02/26;0000 UTC;0.0;950.8;950.8;950.2;;24.3;21.8;25.1;24.3;21.9;21.4;86.0;81.0;86.0;176.0;8.3;4.5
2020/02/26;0100 UTC;0.0;951.1;951.2;950.8;;23.9;21.9;24.4;23.9;22.0;21.8;89.0;86.0;89.0;188.0;7.5;3.5
2020/02/26;0200 UTC;0.0;950.7;951.1;950.7;;23.8;22.2;23.9;23.7;22.2;21.8;91.0;89.0;91.0;181.0;6.8;2.8
2020/02/26;0300 UTC;0.0;950.4;950.8;950.3;;23.8;22.2;23.9;23.7;22.3;22.1;91.0;91.0;91.0;194.0;7.9;4.8
2020/02/26;0400 UTC;0.0;950.0;950.4;950.0;;23.3;21.6;23.8;23.3;22.2;21.6;91.0;90.0;90.0;189.0;8.6;4.3
2020/02/26;0500 UTC;0.0;949.5;950.1;949.5;;22.8;21.6;23.4;22.8;21.6;21.4;93.0;90.0;93.0;170.0;8.2;2.2
2020/02/26;0600 UTC;0.0;949.4;949.5;949.4;;22.9;21.8;22.9;22.7;21.8;21.5;94.0;93.0;93.0;174.0;4.7;1.9
2020/02/26;0700 UTC;0.0;949.7;949.7;949.4;;22.7;21.8;22.9;22.6;21.9;21.6;95.0;93.0;95.0;173.0;3.6;1.8
2020/02/26;0800 UTC;0.2;950.0;950.0;949.7;;22.6;21.9;22.7;22.6;22.0;21.7;96.0;95.0;95.0;178.0;3.8;1.7
2020/02/26;0900 UTC;0.0;950.2;950.2;949.9;40.3;22.8;22.0;22.8;22.6;22.1;21.8;96.0;95.0;95.0;175.0;5.1;1.9
2020/02/26;1000 UTC;0.0;950.9;950.9;950.2;328.6;23.3;22.1;23.5;22.8;22.4;21.9;95.0;93.0;93.0;172.0;5.1;2.0
2020/02/26;1100 UTC;0.0;951.5;951.5;950.9;1456.5;25.4;22.3;25.7;23.3;23.2;22.2;94.0;83.0;83.0;181.0;5.2;2.6
2020/02/26;1200 UTC;0.0;951.7;951.7;951.5;1470.9;26.4;21.0;26.8;25.0;22.3;20.9;83.0;72.0;72.0;175.0;5.2;2.6
2020/02/26;1300 UTC;0.0;951.4;951.7;951.4;2071.3;27.6;20.8;28.6;26.4;22.0;20.5;74.0;64.0;67.0;183.0;7.0;3.2
2020/02/26;1400 UTC;0.0;950.9;951.4;950.9;2403.7;28.3;20.5;29.1;27.1;21.7;20.3;69.0;62.0;63.0;179.0;7.8;3.1
2020/02/26;1500 UTC;0.0;950.0;950.9;950.0;3409.1;31.3;20.2;31.3;28.3;21.3;19.5;64.0;52.0;52.0;179.0;7.0;2.2
2020/02/26;1600 UTC;0.0;949.0;950.0;949.0;3069.7;32.6;19.8;32.6;30.3;20.8;18.6;52.0;45.0;47.0;182.0;7.3;2.9
2020/02/26;1700 UTC;0.0;948.1;949.0;948.1;2422.4;33.5;18.4;33.5;31.4;19.7;17.4;47.0;40.0;41.0;188.0;6.9;2.4
2020/02/26;1800 UTC;0.0;947.6;948.1;947.6;2536.0;32.6;18.0;33.8;31.9;19.0;16.8;45.0;37.0;42.0;176.0;8.5;4.5
2020/02/26;1900 UTC;0.0;947.7;947.7;947.4;1700.4;31.0;20.8;32.9;30.9;20.8;17.9;55.0;42.0;55.0;180.0;9.0;4.7
2020/02/26;2000 UTC;0.0;948.2;948.2;947.7;776.0;29.8;20.5;31.0;29.8;20.8;20.4;58.0;54.0;57.0;186.0;9.1;5.1
2020/02/26;2100 UTC;0.0;948.6;948.6;948.2;71.4;28.1;20.8;29.8;28.1;20.9;20.4;65.0;57.0;65.0;190.0;9.7;4.8
2020/02/26;2200 UTC;0.0;949.3;949.3;948.6;;26.3;21.1;28.1;26.3;21.3;20.8;73.0;65.0;73.0;192.0;9.9;4.4
2020/02/26;2300 UTC;0.0;950.1;950.1;949.3;;25.2;21.5;26.3;25.2;21.5;21.2;80.0;73.0;80.0;179.0;9.5;4.9
2020/02/27;0000 UTC;0.0;950.9;951.0;950.1;;24.3;21.4;25.3;24.3;21.5;21.2;84.0;79.0;84.0;197.0;8.6;4.4
2020/02/27;0100 UTC;0.0;951.3;951.4;950.9;;23.9;21.8;24.2;23.8;21.9;21.4;88.0;84.0;88.0;186.0;8.2;3.6
2020/02/27;0200 UTC;0.0;951.2;951.5;951.2;;23.8;21.7;24.0;23.8;21.9;21.7;88.0;88.0;88.0;194.0;7.2;3.6
2020/02/27;0300 UTC;0.0;951.0;951.3;951.0;;23.6;21.9;23.9;23.6;22.0;21.7;90.0;88.0;90.0;184.0;7.2;2.7
2020/02/27;0400 UTC;0.0;950.7;951.0;950.7;;23.5;21.9;23.7;23.4;22.1;21.8;91.0;90.0;91.0;181.0;7.4;2.6
2020/02/27;0500 UTC;0.0;950.4;950.7;950.4;;23.5;22.0;23.6;23.4;22.1;21.9;92.0;91.0;91.0;176.0;5.9;2.4
2020/02/27;0600 UTC;0.8;950.5;950.5;950.3;;23.1;22.1;23.6;23.0;22.2;21.9;94.0;91.0;94.0;181.0;5.2;2.5
2020/02/27;0700 UTC;0.0;951.0;951.0;950.4;;22.9;22.0;23.2;22.9;22.3;22.0;95.0;94.0;95.0;192.0;4.2;1.7
2020/02/27;0800 UTC;0.0;951.3;951.3;951.0;;22.8;21.9;23.1;22.8;22.2;21.9;95.0;95.0;95.0;171.0;3.9;2.2
2020/02/27;0900 UTC;0.0;951.9;951.9;951.3;86.7;23.2;22.1;23.2;22.6;22.3;21.8;95.0;94.0;94.0;155.0;4.1;2.3
2020/02/27;1000 UTC;0.0;952.5;952.5;951.8;631.9;24.1;21.9;24.1;23.2;22.6;21.6;94.0;87.0;88.0;189.0;6.5;3.6
2020/02/27;1100 UTC;0.0;953.1;953.1;952.5;1654.2;25.9;21.2;26.1;24.1;22.1;21.2;88.0;75.0;75.0;184.0;6.9;2.8
2020/02/27;1200 UTC;0.0;953.0;953.1;952.9;2141.0;27.5;20.9;27.8;25.5;21.7;20.4;76.0;66.0;68.0;181.0;7.0;3.8
2020/02/27;1300 UTC;0.0;952.9;953.1;952.9;2901.9;28.4;19.7;29.8;27.4;21.2;19.7;68.0;57.0;59.0;183.0;7.0;3.2
2020/02/27;1400 UTC;0.0;952.5;952.9;952.5;3018.4;30.4;20.5;30.7;28.3;20.9;19.5;62.0;52.0;55.0;174.0;7.4;3.1
2020/02/27;1500 UTC;0.0;951.5;952.5;951.5;3850.3;31.1;19.6;32.1;30.1;20.9;19.2;55.0;49.0;50.0;360.0;6.3;2.5
2020/02/27;1600 UTC;0.0;950.3;951.5;950.3;3159.9;32.1;19.0;33.2;31.0;20.4;18.7;51.0;45.0;46.0;179.0;6.6;2.3
2020/02/27;1700 UTC;0.0;949.4;950.3;949.4;2943.3;33.0;19.0;34.0;31.4;20.1;18.7;49.0;42.0;44.0;359.0;6.9;2.3
2020/02/27;1800 UTC;0.0;948.7;949.4;948.6;2722.1;32.6;19.5;34.4;32.6;19.5;17.9;46.0;39.0;46.0;191.0;10.3;5.8
2020/02/27;1900 UTC;0.0;948.3;948.7;948.3;1698.9;31.4;20.3;32.8;31.3;20.6;19.3;52.0;46.0;52.0;177.0;10.5;4.8
2020/02/27;2000 UTC;0.0;948.8;948.8;948.3;810.4;30.1;21.2;31.7;30.0;21.4;20.2;59.0;51.0;59.0;181.0;10.4;4.7
2020/02/27;2100 UTC;0.0;949.9;949.9;948.8;79.3;28.4;21.4;30.1;28.4;21.4;21.0;66.0;59.0;66.0;76.0;9.3;4.8
2020/02/27;2200 UTC;0.0;950.6;950.6;949.9;;26.4;21.6;28.4;26.4;21.7;21.3;75.0;66.0;75.0;357.0;10.5;5.0
2020/02/27;2300 UTC;0.0;951.7;951.7;950.6;;25.5;22.1;26.4;25.5;22.2;21.7;81.0;75.0;81.0;351.0;11.0;4.5
2020/02/28;0000 UTC;0.0;952.6;952.6;951.7;;24.8;21.7;25.5;24.8;22.1;21.7;83.0;81.0;83.0;354.0;9.2;2.8
2020/02/28;0100 UTC;0.0;952.7;952.8;952.6;;24.2;21.6;24.8;24.2;21.8;21.4;85.0;83.0;85.0;356.0;6.6;2.4
2020/02/28;0200 UTC;0.0;952.6;952.8;952.6;;24.0;21.8;24.2;23.9;21.8;21.6;88.0;85.0;88.0;347.0;5.9;2.2
2020/02/28;0300 UTC;0.0;952.1;952.6;952.1;;23.9;21.9;24.1;23.9;22.0;21.8;89.0;88.0;89.0;354.0;5.6;1.7
2020/02/28;0400 UTC;0.0;951.9;952.1;951.8;;23.8;22.0;24.0;23.7;22.0;21.8;90.0;89.0;90.0;50.0;3.9;1.4
2020/02/28;0500 UTC;0.0;951.6;951.9;951.6;;23.5;21.9;23.9;23.5;22.2;21.8;90.0;90.0;90.0;349.0;3.9;1.1
2020/02/28;0600 UTC;0.0;951.3;951.6;951.3;;23.3;21.7;23.6;23.3;21.9;21.7;91.0;90.0;91.0;354.0;4.4;2.0
2020/02/28;0700 UTC;0.0;952.0;952.0;951.3;;23.0;21.5;23.3;23.0;21.7;21.5;92.0;91.0;92.0;227.0;4.4;1.0
2020/02/28;0800 UTC;0.0;952.5;952.5;952.0;;23.0;21.8;23.1;22.9;21.9;21.5;93.0;92.0;93.0;359.0;3.1;1.4
2020/02/28;0900 UTC;0.0;952.8;952.9;952.5;74.0;23.8;22.3;23.8;23.0;22.4;21.8;93.0;92.0;92.0;358.0;3.5;1.6
2020/02/28;1000 UTC;0.0;953.4;953.4;952.8;430.8;24.5;22.8;24.5;23.6;22.8;22.1;92.0;90.0;90.0;46.0;4.7;1.9
2020/02/28;1100 UTC;0.0;954.0;954.0;953.4;999.2;26.7;23.0;26.7;24.5;23.2;22.3;90.0;80.0;80.0;304.0;6.0;2.8
2020/02/28;1200 UTC;0.0;954.1;954.2;954.0;1958.7;28.0;22.1;28.3;25.8;23.2;21.6;80.0;70.0;70.0;166.0;8.0;2.9
2020/02/28;1300 UTC;0.0;953.6;954.1;953.6;2917.4;29.1;21.7;29.3;27.8;22.2;21.2;70.0;63.0;64.0;186.0;7.4;3.4
2020/02/28;1400 UTC;0.0;952.9;953.6;952.9;3344.0;30.4;20.7;31.8;29.1;22.0;20.6;65.0;54.0;56.0;180.0;6.9;2.8
2020/02/28;1500 UTC;0.0;951.9;953.0;951.9;3731.2;31.4;20.6;32.6;30.2;21.7;20.3;59.0;51.0;53.0;119.0;7.7;2.9
2020/02/28;1600 UTC;0.0;950.8;951.9;950.8;3182.8;33.1;20.0;33.2;31.4;21.3;19.5;53.0;46.0;46.0;186.0;7.6;4.0
2020/02/28;1700 UTC;0.0;949.8;950.8;949.8;3151.8;33.9;18.7;34.1;32.1;20.1;18.3;47.0;40.0;41.0;180.0;7.6;3.4
2020/02/28;1800 UTC;0.0;949.2;949.8;949.2;2206.5;33.3;19.3;34.1;32.3;20.1;18.4;45.0;41.0;44.0;178.0;9.1;4.1
2020/02/28;1900 UTC;0.0;949.3;949.3;949.1;1614.8;31.8;21.0;33.4;31.8;21.1;19.5;53.0;44.0;53.0;183.0;10.4;5.9
2020/02/28;2000 UTC;0.0;949.8;949.9;949.2;839.8;29.2;21.5;31.8;29.2;21.7;20.7;63.0;53.0;63.0;194.0;11.3;6.3
2020/02/28;2100 UTC;0.0;950.3;950.3;949.7;89.4;27.8;21.5;29.4;27.8;21.9;21.4;69.0;63.0;68.0;184.0;11.2;5.9
2020/02/28;2200 UTC;0.0;951.3;951.3;950.2;;26.7;21.1;27.9;26.7;21.5;20.9;71.0;68.0;71.0;169.0;10.4;4.6
2020/02/28;2300 UTC;0.0;952.4;952.4;951.3;;25.5;21.9;26.7;25.5;21.9;21.1;80.0;71.0;80.0;189.0;10.8;4.3
2020/02/29;0000 UTC;0.0;953.0;953.0;952.4;;24.9;22.1;25.6;24.9;22.1;21.9;85.0;80.0;85.0;182.0;7.3;4.3
2020/02/29;0100 UTC;0.0;953.4;953.7;953.0;;24.4;22.1;24.9;24.4;22.3;22.0;87.0;85.0;87.0;184.0;7.3;2.9
2020/02/29;0200 UTC;0.0;953.3;953.5;953.3;;24.0;22.1;24.4;24.0;22.1;22.0;89.0;87.0;89.0;195.0;5.9;2.8
2020/02/29;0300 UTC;0.0;952.6;953.3;952.6;;24.0;22.3;24.1;23.9;22.4;22.1;90.0;89.0;90.0;180.0;4.1;2.1
2020/02/29;0400 UTC;0.0;952.3;952.7;952.3;;23.7;22.2;24.0;23.5;22.3;22.1;92.0;90.0;91.0;179.0;5.2;1.5
2020/02/29;0500 UTC;0.0;952.0;952.3;951.9;;23.5;22.0;23.7;23.5;22.2;22.0;91.0;91.0;91.0;193.0;3.3;1.9
2020/02/29;0600 UTC;0.0;952.0;952.1;951.9;;23.5;22.1;23.6;23.5;22.2;22.0;92.0;91.0;92.0;189.0;3.3;1.7
2020/02/29;0700 UTC;0.0;952.2;952.3;952.0;;23.4;22.0;23.7;23.4;22.2;22.0;92.0;92.0;92.0;181.0;3.0;1.5
2020/02/29;0800 UTC;0.0;952.8;952.8;952.2;;23.2;21.8;23.5;23.2;22.1;21.8;92.0;92.0;92.0;180.0;2.6;1.0
2020/02/29;0900 UTC;0.0;953.1;953.1;952.7;37.0;23.4;22.1;23.4;23.1;22.1;21.8;92.0;92.0;92.0;177.0;2.8;1.0
2020/02/29;1000 UTC;0.0;953.2;953.3;953.0;625.1;24.6;22.3;24.8;23.4;22.8;22.0;93.0;87.0;87.0;179.0;3.7;1.9
2020/02/29;1100 UTC;0.0;953.6;953.6;953.1;1055.2;25.3;21.3;25.7;24.5;22.7;21.3;88.0;79.0;79.0;173.0;4.4;2.3
2020/02/29;1200 UTC;0.0;953.7;953.9;953.6;2271.4;27.4;20.7;28.3;25.2;22.4;20.7;80.0;66.0;67.0;180.0;6.6;3.4
2020/02/29;1300 UTC;0.0;953.2;953.7;953.1;2661.4;28.5;20.3;30.0;27.4;21.5;20.0;68.0;57.0;61.0;190.0;8.3;4.0
2020/02/29;1400 UTC;0.0;952.4;953.2;952.4;1958.1;30.9;20.2;31.1;28.3;21.5;20.1;63.0;53.0;53.0;178.0;7.8;3.6
2020/02/29;1500 UTC;0.0;951.2;952.4;951.2;3429.2;31.7;18.9;32.6;30.3;20.7;18.8;54.0;46.0;47.0;180.0;8.5;3.1
2020/02/29;1600 UTC;0.0;950.2;951.2;950.2;3057.7;33.1;18.5;33.6;31.3;19.8;18.4;49.0;41.0;42.0;152.0;8.0;3.5
2020/02/29;1700 UTC;0.0;949.6;950.2;949.5;2813.5;33.2;19.4;33.5;31.5;19.8;18.2;48.0;42.0;44.0;174.0;9.2;3.5
2020/02/29;1800 UTC;0.0;949.1;949.6;949.1;2288.3;32.1;21.6;33.7;31.3;21.6;18.7;55.0;43.0;54.0;193.0;10.0;5.9
2020/02/29;1900 UTC;0.0;949.2;949.2;949.0;1814.5;30.5;20.7;32.5;30.3;21.7;20.7;58.0;52.0;56.0;186.0;10.2;4.7
2020/02/29;2000 UTC;0.0;949.4;949.5;949.1;923.5;28.9;21.5;30.8;28.9;21.7;20.8;64.0;56.0;64.0;177.0;11.2;6.3
2020/02/29;2100 UTC;0.0;950.2;950.3;949.3;68.6;26.6;21.9;28.9;26.6;22.2;21.5;76.0;64.0;76.0;173.0;11.5;5.6
2020/02/29;2200 UTC;0.0;951.3;951.3;950.2;;25.8;21.7;26.6;25.8;22.1;21.5;78.0;76.0;78.0;163.0;11.7;5.6
2020/02/29;2300 UTC;0.0;952.0;952.0;951.3;;25.2;21.5;25.9;25.2;21.8;21.4;80.0;78.0;80.0;174.0;10.8;5.6
2020/03/01;0000 UTC;0.0;953.0;953.0;952.0;;25.0;21.4;25.4;24.9;21.7;21.4;81.0;80.0;80.0;197.0;9.8;3.9
2020/03/01;0100 UTC;0.0;953.1;953.5;953.0;;24.6;21.4;25.1;24.5;21.4;21.1;83.0;80.0;82.0;188.0;8.9;4.1
2020/03/01;0200 UTC;0.0;953.1;953.1;953.0;;24.2;21.6;24.6;24.1;21.6;21.2;85.0;82.0;85.0;184.0;8.2;2.5
2020/03/01;0300 UTC;0.0;952.6;953.1;952.6;;24.1;21.7;24.3;24.0;21.8;21.5;87.0;85.0;87.0;175.0;5.1;2.0
2020/03/01;0400 UTC;0.0;952.5;952.8;952.4;;22.5;20.5;24.1;22.4;21.8;20.3;89.0;86.0;89.0;171.0;5.5;2.6
2020/03/01;0500 UTC;0.8;952.5;952.5;952.4;;21.8;20.7;22.5;21.8;21.0;20.4;94.0;89.0;93.0;176.0;5.5;1.7
2020/03/01;0600 UTC;15.6;951.5;952.6;951.5;;21.2;20.6;22.0;20.8;21.0;20.2;97.0;93.0;97.0;176.0;4.0;2.0
2020/03/01;0700 UTC;0.0;951.8;951.8;951.4;;21.5;20.9;21.5;21.0;20.9;20.4;97.0;96.0;96.0;168.0;3.8;0.5
2020/03/01;0800 UTC;0.0;952.2;952.3;951.8;;21.7;21.0;21.7;21.4;21.1;20.8;97.0;96.0;96.0;48.0;2.4;1.5
2020/03/01;0900 UTC;0.0;952.6;952.6;952.2;29.1;21.8;21.1;21.9;21.7;21.2;20.9;96.0;95.0;96.0;44.0;2.7;0.9
2020/03/01;1000 UTC;0.0;953.0;953.0;952.6;382.8;22.9;21.8;22.9;21.8;21.9;21.1;96.0;93.0;93.0;357.0;2.3;0.8
2020/03/01;1100 UTC;0.0;953.7;953.7;953.0;991.5;24.2;21.8;24.3;22.9;22.6;21.7;94.0;86.0;86.0;179.0;2.4;1.2
2020/03/01;1200 UTC;0.0;953.7;953.8;953.6;2296.6;25.5;21.2;26.2;24.2;22.4;20.9;87.0;76.0;77.0;176.0;3.9;1.3
2020/03/01;1300 UTC;0.0;953.1;953.7;953.1;2809.2;28.0;21.9;28.0;25.5;21.9;20.3;78.0;69.0;70.0;184.0;4.1;1.7
2020/03/01;1400 UTC;0.0;952.4;953.1;952.4;3208.6;29.0;21.1;29.1;26.9;22.1;20.1;70.0;61.0;63.0;175.0;5.5;2.1
2020/03/01;1500 UTC;0.0;951.4;952.4;951.4;3499.0;30.0;20.5;30.6;28.6;21.4;19.5;63.0;54.0;57.0;178.0;5.5;2.5
2020/03/01;1600 UTC;0.0;950.1;951.4;950.1;3217.9;31.4;20.4;31.8;29.6;20.9;18.3;57.0;48.0;52.0;221.0;6.0;1.2
2020/03/01;1700 UTC;0.0;949.2;950.1;949.2;1272.4;30.7;19.3;32.0;30.4;19.9;18.5;52.0;47.0;51.0;172.0;6.3;1.2
2020/03/01;1800 UTC;0.0;949.1;949.4;948.9;1230.9;26.5;22.0;30.7;26.4;22.2;19.8;77.0;51.0;76.0;179.0;11.0;5.1
2020/03/01;1900 UTC;1.0;950.4;950.4;949.0;424.8;22.7;19.6;26.6;22.7;21.9;19.3;83.0;73.0;83.0;185.0;9.8;3.8
2020/03/01;2000 UTC;19.4;950.0;950.6;949.9;75.7;22.1;21.3;22.7;21.5;21.3;19.7;96.0;83.0;96.0;181.0;8.4;2.8
2020/03/01;2100 UTC;2.2;952.1;952.1;950.0;8.2;21.2;20.5;22.2;21.2;21.4;20.4;96.0;94.0;96.0;359.0;7.2;2.7
2020/03/01;2200 UTC;10.8;952.2;952.3;951.8;;20.6;20.1;21.4;20.6;20.8;20.1;97.0;96.0;97.0;128.0;6.3;2.8
2020/03/01;2300 UTC;6.2;952.8;952.8;952.1;;21.1;20.7;21.1;20.6;20.7;20.2;98.0;97.0;97.0;181.0;4.9;1.6
2020/03/02;0000 UTC;3.4;953.2;953.4;952.8;;21.6;21.2;21.6;21.0;21.3;20.5;98.0;97.0;98.0;197.0;5.1;2.5
2020/03/02;0100 UTC;0.6;953.3;953.4;953.1;;21.6;21.2;21.7;21.5;21.3;21.1;98.0;97.0;98.0;354.0;5.5;1.5
2020/03/02;0200 UTC;0.0;952.5;953.3;952.5;;21.7;21.2;21.8;21.4;21.3;21.0;98.0;97.0;97.0;351.0;3.2;1.2
2020/03/02;0300 UTC;0.0;952.3;952.7;952.3;;21.8;21.2;21.8;21.5;21.2;21.0;97.0;96.0;96.0;346.0;2.7;0.9
2020/03/02;0400 UTC;0.0;952.1;952.3;952.0;;21.8;21.3;21.8;21.6;21.3;21.0;97.0;96.0;97.0;188.0;2.9;0.3
2020/03/02;0500 UTC;0.0;951.5;952.1;951.5;;21.5;21.0;21.9;21.5;21.3;21.0;97.0;97.0;97.0;353.0;1.5;0.6
2020/03/02;0600 UTC;0.0;951.0;951.6;951.0;;21.7;21.1;21.7;21.5;21.2;20.9;97.0;97.0;97.0;122.0;1.5;0.0
2020/03/02;0700 UTC;0.0;951.0;951.1;950.9;;21.8;21.3;21.8;21.7;21.3;21.1;97.0;97.0;97.0;179.0;0.7;0.0
2020/03/02;0800 UTC;0.0;951.3;951.3;951.0;;21.6;21.1;21.8;21.6;21.3;21.0;97.0;97.0;97.0;353.0;1.5;0.4
2020/03/02;0900 UTC;0.0;951.5;951.5;951.2;70.2;22.0;21.5;22.0;21.4;21.5;20.9;97.0;97.0;97.0;317.0;1.4;0.0
2020/03/02;1000 UTC;0.0;951.9;951.9;951.5;803.6;24.2;23.3;24.2;22.0;23.3;21.5;97.0;94.0;95.0;200.0;1.4;0.6
2020/03/02;1100 UTC;0.0;952.6;952.6;951.9;1681.4;25.2;21.9;25.2;23.9;23.3;21.5;95.0;82.0;82.0;182.0;4.4;2.0
2020/03/02;1200 UTC;0.0;952.8;952.8;952.6;2434.5;26.2;21.1;26.3;25.2;21.9;20.6;82.0;73.0;74.0;175.0;4.6;2.3
2020/03/02;1300 UTC;0.0;952.4;952.8;952.4;3193.8;27.1;20.7;27.6;26.2;21.6;20.2;74.0;67.0;68.0;187.0;6.3;2.6
2020/03/02;1400 UTC;0.0;951.9;952.4;951.9;2831.5;28.8;21.1;28.8;27.0;21.5;20.0;69.0;63.0;64.0;171.0;6.3;2.5
2020/03/02;1500 UTC;0.0;951.1;952.0;951.1;4036.3;29.8;21.2;29.8;28.2;21.9;19.8;64.0;58.0;60.0;186.0;6.9;2.8
2020/03/02;1600 UTC;0.0;950.1;951.1;950.1;2890.8;29.9;20.5;30.4;28.5;21.2;19.7;62.0;56.0;57.0;184.0;6.0;2.8
2020/03/02;1700 UTC;0.0;949.2;950.1;949.2;3274.9;31.0;20.1;31.1;29.7;21.2;19.5;59.0;52.0;52.0;162.0;6.0;1.9
2020/03/02;1800 UTC;0.0;948.7;949.2;948.7;2313.9;30.9;20.6;31.6;29.9;20.7;19.1;55.0;51.0;54.0;128.0;5.3;2.8
2020/03/02;1900 UTC;0.0;948.6;948.8;948.5;831.6;29.7;19.7;31.2;29.6;20.6;19.5;56.0;52.0;55.0;181.0;6.0;2.6
2020/03/02;2000 UTC;0.0;949.1;949.1;948.6;118.8;27.9;21.5;29.7;27.8;21.5;19.6;68.0;55.0;68.0;177.0;9.4;4.7
2020/03/02;2100 UTC;0.4;950.4;950.4;949.1;37.5;23.4;21.0;27.9;23.3;21.6;20.1;86.0;68.0;86.0;358.0;8.8;3.3
2020/03/02;2200 UTC;0.2;950.6;950.7;950.3;;24.3;21.8;24.5;23.3;22.1;20.6;88.0;84.0;86.0;351.0;8.3;3.7
2020/03/02;2300 UTC;0.0;951.5;951.5;950.6;;24.1;21.5;24.4;24.1;21.8;21.5;86.0;85.0;85.0;5.0;8.3;3.0
2020/03/03;0000 UTC;0.0;952.3;952.3;951.5;;23.9;21.5;24.1;23.8;21.6;21.4;87.0;85.0;87.0;123.0;8.1;3.0
2020/03/03;0100 UTC;0.0;952.3;952.4;952.3;;23.6;21.3;23.9;23.6;21.6;21.3;87.0;86.0;87.0;360.0;5.8;2.7
2020/03/03;0200 UTC;0.0;952.5;952.5;952.2;;23.5;21.5;23.6;23.5;21.5;21.2;89.0;87.0;89.0;40.0;6.4;2.4
2020/03/03;0300 UTC;0.0;951.9;952.5;951.9;;23.2;21.5;23.5;23.2;21.6;21.4;90.0;89.0;90.0;174.0;6.0;1.6
2020/03/03;0400 UTC;0.0;951.2;951.9;951.2;;23.2;21.6;23.3;23.2;21.7;21.5;91.0;90.0;91.0;181.0;3.8;1.2
2020/03/03;0500 UTC;0.0;950.9;951.2;950.9;;23.1;21.7;23.2;23.1;21.8;21.6;92.0;91.0;92.0;186.0;3.5;1.7
2020/03/03;0600 UTC;0.0;950.7;951.0;950.7;;23.0;21.8;23.1;22.9;21.8;21.6;93.0;92.0;93.0;175.0;4.2;1.8
2020/03/03;0700 UTC;0.0;950.8;950.9;950.5;;23.1;21.9;23.2;23.0;21.9;21.7;93.0;93.0;93.0;360.0;4.2;1.3
2020/03/03;0800 UTC;0.0;951.3;951.3;950.8;;23.1;22.0;23.2;23.1;22.0;21.9;93.0;93.0;93.0;188.0;3.5;1.7
2020/03/03;0900 UTC;0.0;951.6;951.6;951.3;25.9;23.2;22.0;23.2;23.1;22.0;21.9;93.0;93.0;93.0;194.0;4.0;2.1
2020/03/03;1000 UTC;0.0;952.0;952.0;951.6;294.7;23.7;22.2;23.7;23.1;22.3;22.0;93.0;91.0;92.0;176.0;4.0;1.9
2020/03/03;1100 UTC;0.0;952.8;952.8;952.0;869.9;24.3;22.2;24.5;23.6;22.6;22.0;92.0;88.0;88.0;187.0;5.0;2.6
2020/03/03;1200 UTC;0.0;952.9;953.0;952.8;1163.0;25.3;21.8;25.3;24.3;22.5;21.7;88.0;81.0;81.0;195.0;6.2;3.5
2020/03/03;1300 UTC;0.0;952.8;952.9;952.8;1950.0;26.0;21.3;26.5;25.3;22.6;21.2;82.0;74.0;75.0;200.0;6.1;2.7
2020/03/03;1400 UTC;0.0;952.5;952.8;952.5;2211.8;27.6;21.7;27.6;26.0;22.3;21.0;77.0;70.0;70.0;181.0;6.2;3.2
2020/03/03;1500 UTC;0.0;951.6;952.5;951.6;2698.0;29.1;21.8;29.3;27.2;22.2;21.0;70.0;64.0;65.0;173.0;5.3;1.9
2020/03/03;1600 UTC;0.0;950.4;951.6;950.4;3477.0;30.1;21.4;30.1;28.3;22.3;20.6;66.0;58.0;60.0;357.0;5.7;2.0
2020/03/03;1700 UTC;0.0;949.6;950.4;949.5;3141.4;30.7;20.6;31.3;29.8;21.7;20.3;60.0;55.0;55.0;173.0;5.9;3.2
2020/03/03;1800 UTC;0.0;949.2;949.6;949.2;2647.9;30.2;21.6;31.0;29.7;21.8;20.0;60.0;53.0;60.0;178.0;8.9;4.1
2020/03/03;1900 UTC;0.0;949.1;949.2;949.0;1911.2;29.4;21.3;30.8;29.4;21.9;21.0;62.0;57.0;62.0;186.0;8.9;4.5
2020/03/03;2000 UTC;0.0;949.7;949.7;949.0;572.1;28.6;21.3;29.6;28.6;21.8;21.1;65.0;62.0;65.0;190.0;7.8;3.8
2020/03/03;2100 UTC;0.0;950.5;950.5;949.7;45.9;27.4;21.6;28.7;27.4;21.7;21.3;71.0;65.0;71.0;177.0;8.1;3.9
2020/03/03;2200 UTC;0.0;951.2;951.2;950.5;;26.1;22.1;27.4;26.1;22.1;21.6;78.0;71.0;78.0;157.0;7.8;4.3
2020/03/03;2300 UTC;0.0;951.9;951.9;951.2;;25.4;22.6;26.2;25.4;22.7;22.1;84.0;78.0;84.0;163.0;8.5;3.9
2020/03/04;0000 UTC;0.0;952.7;952.7;951.9;;24.7;22.2;25.4;24.6;22.6;22.1;86.0;84.0;86.0;170.0;9.0;4.8
2020/03/04;0100 UTC;0.0;953.0;953.1;952.7;;24.4;22.3;24.7;24.4;22.3;22.1;88.0;86.0;88.0;121.0;7.3;3.3
2020/03/04;0200 UTC;0.0;952.7;953.0;952.7;;24.3;22.4;24.5;24.2;22.4;22.2;89.0;88.0;89.0;2.0;6.8;1.4
2020/03/04;0300 UTC;1.2;952.1;952.7;952.1;;23.6;22.4;24.3;23.4;22.7;22.2;94.0;89.0;93.0;193.0;6.9;3.9
2020/03/04;0400 UTC;1.2;951.6;952.1;951.6;;22.7;21.8;23.6;22.7;22.7;21.7;95.0;93.0;95.0;198.0;7.7;5.2
2020/03/04;0500 UTC;0.0;951.3;951.6;951.2;;22.8;22.1;22.8;22.6;22.1;21.8;96.0;95.0;96.0;140.0;7.5;2.0
2020/03/04;0600 UTC;0.0;951.3;951.3;951.1;;23.1;22.5;23.1;22.8;22.5;22.1;97.0;96.0;97.0;127.0;5.8;2.5
2020/03/04;0700 UTC;0.0;951.5;951.5;951.2;;23.2;22.6;23.3;23.1;22.7;22.5;97.0;96.0;96.0;196.0;5.7;3.4
2020/03/04;0800 UTC;0.0;951.9;952.0;951.5;;23.0;22.4;23.3;23.0;22.6;22.4;96.0;96.0;96.0;176.0;6.4;3.2
2020/03/04;0900 UTC;0.0;952.6;952.6;951.9;72.2;23.2;22.5;23.2;23.0;22.5;22.3;96.0;96.0;96.0;157.0;5.9;3.3
2020/03/04;1000 UTC;0.0;953.4;953.4;952.6;482.7;23.8;22.8;23.9;23.2;23.0;22.5;96.0;94.0;94.0;190.0;5.8;3.3
2020/03/04;1100 UTC;0.0;953.8;953.8;953.3;1246.1;25.4;22.5;25.5;23.8;23.2;22.4;94.0;84.0;84.0;183.0;7.2;3.6
2020/03/04;1200 UTC;0.0;954.0;954.0;953.8;1898.8;26.2;21.5;26.9;25.2;22.8;20.9;84.0;74.0;75.0;171.0;7.9;4.4
2020/03/04;1300 UTC;0.0;953.8;954.0;953.8;2573.8;27.5;21.9;28.3;26.0;22.3;21.0;76.0;69.0;71.0;194.0;8.1;4.4
2020/03/04;1400 UTC;0.0;953.3;953.8;953.3;3532.4;28.5;20.8;29.6;27.3;22.1;20.8;71.0;62.0;63.0;157.0;8.4;3.8
2020/03/04;1500 UTC;0.0;952.5;953.3;952.5;3135.1;29.4;20.6;30.3;28.4;22.1;20.5;66.0;58.0;59.0;180.0;8.4;3.6
2020/03/04;1600 UTC;0.0;951.3;952.5;951.3;3693.0;30.5;20.5;30.8;29.4;21.6;19.6;60.0;52.0;55.0;186.0;8.9;3.4
2020/03/04;1700 UTC;0.0;950.3;951.3;950.3;3292.6;30.6;20.6;31.4;30.3;21.1;19.7;57.0;53.0;55.0;191.0;8.3;3.1
2020/03/04;1800 UTC;;;;;;;;;;;;;;;;;
2020/03/04;1900 UTC;0.0;949.9;950.0;949.9;1386.9;29.8;21.8;30.8;28.5;22.1;20.7;65.0;56.0;62.0;272.0;10.1;3.6
2020/03/04;2000 UTC;0.0;950.3;950.3;949.9;391.7;28.4;21.8;29.8;28.2;21.8;21.1;68.0;61.0;67.0;188.0;9.6;5.0
2020/03/04;2100 UTC;0.0;951.1;951.1;950.3;39.3;27.0;21.5;28.4;27.0;21.8;21.5;72.0;67.0;72.0;159.0;9.1;4.6
2020/03/04;2200 UTC;0.0;952.3;952.4;951.1;;26.1;21.8;27.1;26.1;22.1;21.6;77.0;72.0;77.0;123.0;9.2;3.7
2020/03/04;2300 UTC;0.0;953.1;953.1;952.3;;25.1;22.1;26.2;25.0;22.1;21.6;84.0;77.0;84.0;169.0;9.1;4.3
2020/03/05;0000 UTC;0.0;953.6;953.6;953.1;;24.3;22.1;25.1;24.3;22.4;22.1;88.0;84.0;88.0;358.0;7.6;3.1
2020/03/05;0100 UTC;0.0;954.1;954.1;953.6;;24.1;22.3;24.3;24.0;22.4;22.1;90.0;88.0;90.0;42.0;6.5;2.1
2020/03/05;0200 UTC;0.0;954.0;954.3;954.0;;23.9;22.3;24.1;23.9;22.4;22.3;91.0;90.0;91.0;159.0;5.3;2.7
2020/03/05;0300 UTC;0.0;953.3;954.0;953.3;;23.7;22.4;23.9;23.6;22.4;22.2;92.0;91.0;92.0;113.0;5.3;2.4
2020/03/05;0400 UTC;0.0;952.9;953.3;952.9;;23.3;22.1;23.8;23.3;22.5;22.1;93.0;92.0;93.0;174.0;5.4;2.9
2020/03/05;0500 UTC;0.0;952.2;952.9;952.2;;23.1;22.0;23.4;23.1;22.2;22.0;94.0;93.0;94.0;41.0;5.0;1.8
2020/03/05;0600 UTC;0.0;952.0;952.2;951.9;;22.9;21.8;23.1;22.9;22.0;21.8;94.0;93.0;93.0;358.0;4.1;1.7
2020/03/05;0700 UTC;0.0;952.0;952.1;952.0;;22.8;21.7;22.9;22.7;21.8;21.7;94.0;93.0;94.0;347.0;3.8;1.9
2020/03/05;0800 UTC;0.0;952.7;952.7;952.0;;22.6;21.6;22.8;22.6;21.7;21.5;94.0;94.0;94.0;350.0;3.8;0.7
2020/03/05;0900 UTC;0.0;953.6;953.6;952.7;38.8;23.1;22.0;23.1;22.6;22.0;21.5;94.0;93.0;93.0;188.0;2.6;1.1
2020/03/05;1000 UTC;0.0;954.1;954.1;953.6;360.8;24.0;22.5;24.0;23.1;22.5;21.9;94.0;91.0;91.0;173.0;3.5;1.9
2020/03/05;1100 UTC;0.0;954.6;954.6;954.1;1384.2;25.1;21.2;26.0;24.0;22.9;21.2;91.0;79.0;79.0;193.0;4.8;2.0
2020/03/05;1200 UTC;0.0;954.7;954.8;954.6;1716.0;26.3;21.1;27.0;24.8;22.4;20.7;81.0;72.0;73.0;354.0;3.9;1.9
2020/03/05;1300 UTC;0.0;954.4;954.8;954.3;2560.0;28.7;21.4;29.1;26.3;22.2;20.7;74.0;63.0;65.0;66.0;6.0;2.4
2020/03/05;1400 UTC;0.0;953.5;954.4;953.5;3610.0;29.6;21.2;30.7;27.9;22.2;20.0;65.0;58.0;61.0;130.0;6.9;3.0
2020/03/05;1500 UTC;0.0;952.7;953.6;952.7;3738.1;30.3;19.6;31.1;29.2;21.1;19.1;61.0;50.0;53.0;243.0;7.2;3.0
2020/03/05;1600 UTC;0.0;951.6;952.7;951.6;3571.4;31.1;19.8;31.9;30.2;21.0;18.6;54.0;49.0;51.0;352.0;7.7;2.2
2020/03/05;1700 UTC;0.0;950.7;951.6;950.7;2186.0;30.9;20.2;31.6;30.2;20.6;19.4;54.0;50.0;53.0;33.0;6.4;1.7
2020/03/05;1800 UTC;0.0;950.2;950.7;950.2;2317.5;31.0;19.2;31.9;30.6;20.6;18.9;54.0;47.0;50.0;339.0;5.2;2.7
2020/03/05;1900 UTC;0.0;950.2;950.2;950.1;926.5;30.7;20.5;31.4;30.2;20.7;19.4;56.0;49.0;55.0;53.0;6.3;2.2
2020/03/05;2000 UTC;0.0;950.7;950.7;950.2;555.9;29.5;21.0;30.7;29.5;21.0;20.0;60.0;54.0;60.0;176.0;8.2;4.0
2020/03/05;2100 UTC;0.0;951.3;951.3;950.7;69.4;27.8;21.6;29.6;27.8;21.7;21.1;69.0;61.0;69.0;184.0;9.3;4.7
2020/03/05;2200 UTC;0.0;951.9;951.9;951.3;;26.3;21.3;27.9;26.3;21.7;21.1;74.0;68.0;74.0;8.0;8.5;3.2
2020/03/05;2300 UTC;0.0;952.7;952.7;951.9;;25.2;22.0;26.3;25.1;22.0;21.2;82.0;74.0;82.0;78.0;7.7;3.4
2020/03/06;0000 UTC;0.0;953.4;953.5;952.7;;24.3;22.2;25.2;24.3;22.3;21.9;88.0;82.0;88.0;359.0;6.9;3.0
2020/03/06;0100 UTC;0.0;953.8;953.8;953.3;;24.0;22.3;24.3;24.0;22.4;22.2;90.0;88.0;90.0;5.0;7.6;3.3
2020/03/06;0200 UTC;0.0;953.6;953.8;953.6;;23.8;22.4;24.0;23.8;22.5;22.3;92.0;90.0;92.0;351.0;6.2;2.4
2020/03/06;0300 UTC;0.0;952.9;953.7;952.9;;23.6;22.0;23.9;23.6;22.4;22.0;92.0;91.0;91.0;4.0;6.3;2.5
2020/03/06;0400 UTC;0.0;952.4;952.9;952.4;;23.4;22.2;23.6;23.4;22.2;22.0;93.0;91.0;93.0;66.0;6.4;2.8
2020/03/06;0500 UTC;0.0;952.1;952.4;952.1;;23.2;22.1;23.4;23.2;22.2;22.1;94.0;93.0;94.0;3.0;6.2;1.5
2020/03/06;0600 UTC;0.0;951.9;952.1;951.8;;23.3;22.1;23.4;23.2;22.2;22.1;94.0;93.0;93.0;354.0;3.3;1.0
2020/03/06;0700 UTC;0.0;952.0;952.1;951.9;;23.4;22.1;23.4;23.2;22.2;22.0;93.0;92.0;92.0;359.0;2.2;1.3
2020/03/06;0800 UTC;0.0;951.9;952.1;951.9;;23.0;21.7;23.5;23.0;22.2;21.7;93.0;92.0;92.0;342.0;2.4;0.4
2020/03/06;0900 UTC;0.0;951.8;951.9;951.6;65.7;23.4;22.3;23.4;22.7;22.3;21.5;94.0;92.0;94.0;269.0;2.7;0.1
2020/03/06;1000 UTC;0.0;952.0;952.0;951.7;783.5;25.3;22.7;25.6;23.5;23.6;22.1;94.0;85.0;86.0;182.0;2.7;0.8
2020/03/06;1100 UTC;0.0;952.6;952.6;952.0;1568.8;26.6;21.7;27.0;25.3;22.9;21.4;86.0;75.0;75.0;209.0;4.4;2.3
2020/03/06;1200 UTC;0.0;952.8;952.8;952.6;1927.2;26.5;21.0;27.6;26.0;22.5;20.8;77.0;69.0;72.0;261.0;4.9;2.6
2020/03/06;1300 UTC;0.0;952.3;952.8;952.3;3048.1;27.9;20.8;29.0;26.5;21.9;20.3;72.0;62.0;65.0;173.0;5.8;2.6
2020/03/06;1400 UTC;0.0;951.7;952.3;951.7;3357.7;30.2;20.9;30.3;28.0;21.8;19.9;66.0;57.0;58.0;180.0;6.6;2.6
2020/03/06;1500 UTC;0.0;950.6;951.7;950.6;3441.9;30.4;19.7;30.9;29.1;21.1;19.4;61.0;52.0;53.0;185.0;6.4;2.4
2020/03/06;1600 UTC;0.0;949.5;950.6;949.5;3674.6;31.2;19.6;31.5;30.1;20.6;17.8;56.0;45.0;50.0;345.0;5.9;2.2
2020/03/06;1700 UTC;;;;;;;;;;;;;;;;;
2020/03/06;1800 UTC;;;;;;;;;;;;;;;;;
2020/03/06;1900 UTC;0.0;947.8;948.1;947.7;1606.3;32.1;19.2;32.6;31.7;19.9;18.6;48.0;44.0;47.0;178.0;6.6;3.3
2020/03/06;2000 UTC;0.0;948.8;948.8;947.7;977.5;25.8;20.3;32.2;25.8;21.8;19.0;72.0;46.0;72.0;2.0;11.8;6.3
2020/03/06;2100 UTC;0.0;949.9;949.9;948.6;194.5;25.6;22.5;26.0;25.0;22.6;20.1;83.0;72.0;83.0;353.0;11.9;3.6
2020/03/06;2200 UTC;0.0;950.4;950.4;949.9;;25.4;22.6;25.7;25.3;22.7;22.4;85.0;83.0;85.0;360.0;8.9;4.0
2020/03/06;2300 UTC;0.0;951.3;951.3;950.4;;24.7;22.6;25.4;24.7;22.7;22.4;88.0;85.0;88.0;17.0;9.2;4.2
2020/03/07;0000 UTC;0.0;952.0;952.0;951.3;;24.6;22.8;24.7;24.6;22.8;22.5;90.0;88.0;90.0;360.0;9.9;2.7
2020/03/07;0100 UTC;0.0;952.3;952.4;952.1;;24.5;23.0;24.7;24.3;23.0;22.8;92.0;90.0;92.0;158.0;6.5;3.3
2020/03/07;0200 UTC;0.0;952.1;952.3;952.0;;24.3;22.9;24.5;24.2;23.0;22.8;92.0;91.0;92.0;48.0;7.6;2.2
2020/03/07;0300 UTC;0.0;951.5;952.2;951.5;;24.3;22.9;24.3;24.1;23.0;22.8;93.0;92.0;92.0;176.0;6.8;3.0
2020/03/07;0400 UTC;0.0;951.0;951.5;951.0;;24.1;22.9;24.3;24.0;23.0;22.8;93.0;92.0;93.0;205.0;5.8;3.5
2020/03/07;0500 UTC;0.0;950.1;951.0;950.1;;24.0;22.8;24.3;24.0;23.0;22.7;93.0;92.0;93.0;188.0;5.0;2.5
2020/03/07;0600 UTC;0.0;949.5;950.1;949.5;;23.8;22.7;24.0;23.7;22.8;22.6;94.0;93.0;94.0;186.0;5.4;2.7
2020/03/07;0700 UTC;0.0;949.7;949.8;949.4;;23.7;22.6;23.8;23.7;22.7;22.6;94.0;94.0;94.0;191.0;5.1;2.2
2020/03/07;0800 UTC;0.0;950.2;950.2;949.7;;23.8;22.6;23.8;23.6;22.8;22.6;94.0;93.0;94.0;185.0;4.4;2.0
2020/03/07;0900 UTC;0.0;950.8;950.8;950.2;29.2;23.7;22.5;23.8;23.7;22.7;22.5;94.0;93.0;93.0;192.0;4.9;3.0
2020/03/07;1000 UTC;0.0;951.5;951.5;950.8;357.2;24.3;22.7;24.6;23.7;23.2;22.5;93.0;91.0;91.0;196.0;4.9;2.0
2020/03/07;1100 UTC;0.0;952.4;952.4;951.5;1071.7;25.9;22.4;26.2;24.3;23.3;22.4;92.0;81.0;81.0;179.0;5.8;2.3
2020/03/07;1200 UTC;0.0;952.6;952.7;952.4;2136.2;26.9;21.9;27.7;25.7;23.2;21.3;82.0;71.0;74.0;179.0;6.5;3.3
2020/03/07;1300 UTC;0.0;952.3;952.7;952.3;2992.9;27.9;21.3;28.8;26.9;22.4;20.9;75.0;65.0;67.0;164.0;6.5;2.9
2020/03/07;1400 UTC;0.0;951.6;952.3;951.6;3173.8;29.3;20.0;30.4;27.9;21.7;19.8;68.0;55.0;57.0;185.0;6.3;2.7
2020/03/07;1500 UTC;0.0;950.2;951.6;950.2;2961.8;30.2;19.9;30.8;29.1;21.2;19.2;60.0;51.0;54.0;189.0;6.2;3.1
2020/03/07;1600 UTC;0.0;949.3;950.2;949.3;3192.9;31.5;19.8;31.9;29.7;21.3;18.8;56.0;48.0;50.0;181.0;7.2;3.0
2020/03/07;1700 UTC;0.0;948.3;949.3;948.3;3151.7;31.2;20.8;32.5;30.7;21.2;19.7;55.0;49.0;54.0;350.0;7.4;3.7
2020/03/07;1800 UTC;0.0;948.0;948.3;947.9;2130.1;30.8;21.0;32.0;30.5;21.8;19.8;56.0;49.0;56.0;140.0;10.5;4.7
2020/03/07;1900 UTC;0.0;948.2;948.3;948.0;1548.9;27.6;22.4;30.8;27.3;22.8;20.9;74.0;56.0;74.0;350.0;10.6;4.3
2020/03/07;2000 UTC;0.0;948.6;948.7;948.1;761.3;27.7;21.5;28.2;27.6;22.8;21.5;74.0;69.0;69.0;9.0;8.9;2.6
2020/03/07;2100 UTC;0.0;949.3;949.3;948.6;30.8;26.5;22.0;27.8;26.5;22.0;21.5;76.0;69.0;76.0;6.0;8.2;2.3
2020/03/07;2200 UTC;0.0;949.9;949.9;949.2;;25.9;22.3;26.5;25.9;22.3;21.9;81.0;76.0;81.0;180.0;6.0;3.2
2020/03/07;2300 UTC;0.0;950.9;950.9;949.9;;25.5;22.2;25.9;25.4;22.5;22.1;82.0;81.0;82.0;176.0;8.0;4.2
2020/03/08;0000 UTC;0.0;951.5;951.5;950.9;;25.0;22.3;25.5;25.0;22.4;22.1;85.0;82.0;85.0;190.0;7.5;3.6
2020/03/08;0100 UTC;0.0;951.9;951.9;951.5;;24.6;22.6;24.9;24.5;22.6;22.2;89.0;85.0;89.0;173.0;7.2;3.0
2020/03/08;0200 UTC;0.0;951.7;951.9;951.7;;24.3;22.3;24.6;24.2;22.6;22.3;89.0;89.0;89.0;126.0;6.6;3.1
2020/03/08;0300 UTC;0.0;951.1;951.7;951.1;;24.1;22.4;24.4;24.1;22.5;22.3;90.0;89.0;90.0;185.0;6.2;2.6
2020/03/08;0400 UTC;0.0;950.3;951.1;950.3;;23.8;22.3;24.2;23.7;22.5;22.3;92.0;90.0;92.0;193.0;5.2;2.9
2020/03/08;0500 UTC;0.0;949.9;950.3;949.9;;23.7;22.3;23.8;23.6;22.5;22.2;92.0;92.0;92.0;189.0;5.4;3.0
2020/03/08;0600 UTC;0.0;949.7;949.9;949.6;;23.4;22.0;23.7;23.3;22.3;22.0;92.0;92.0;92.0;193.0;5.4;2.5
2020/03/08;0700 UTC;0.0;949.7;949.7;949.6;;23.2;21.8;23.4;23.2;22.0;21.8;92.0;92.0;92.0;160.0;4.3;2.3
2020/03/08;0800 UTC;0.0;949.6;949.7;949.6;;23.2;21.9;23.3;23.2;22.0;21.8;92.0;92.0;92.0;171.0;4.1;2.5
2020/03/08;0900 UTC;0.0;950.5;950.5;949.6;50.5;23.2;21.9;23.2;23.0;21.9;21.7;93.0;92.0;93.0;197.0;4.5;2.4
2020/03/08;1000 UTC;0.0;951.3;951.3;950.5;318.3;23.7;22.0;23.8;23.1;22.3;21.8;93.0;90.0;90.0;196.0;4.6;2.8
2020/03/08;1100 UTC;0.0;952.0;952.0;951.3;1023.9;25.2;21.8;25.2;23.7;22.5;21.3;91.0;81.0;81.0;198.0;4.7;2.8
2020/03/08;1200 UTC;0.0;952.4;952.4;952.0;2661.7;27.4;21.4;27.4;25.2;22.2;20.6;81.0;69.0;70.0;176.0;5.7;2.9
2020/03/08;1300 UTC;0.0;951.9;952.4;951.9;3251.2;28.8;19.1;28.9;27.2;21.8;19.1;70.0;56.0;56.0;181.0;6.6;3.2
2020/03/08;1400 UTC;0.0;951.4;952.0;951.4;3277.8;29.5;19.2;29.8;28.2;19.9;18.4;59.0;53.0;54.0;176.0;6.6;2.6
2020/03/08;1500 UTC;0.0;950.4;951.4;950.4;3657.7;30.9;18.4;31.1;29.4;19.9;18.3;55.0;47.0;47.0;179.0;7.8;2.9
2020/03/08;1600 UTC;0.0;949.6;950.4;949.6;3731.5;31.5;17.9;31.6;30.2;19.2;16.9;50.0;44.0;44.0;172.0;7.8;3.3
2020/03/08;1700 UTC;0.0;948.8;949.6;948.8;3082.7;32.0;17.4;32.7;31.1;18.3;16.0;45.0;38.0;42.0;178.0;6.7;2.2
2020/03/08;1800 UTC;0.0;948.2;948.8;948.1;2323.1;32.0;17.6;32.8;31.2;18.2;16.2;43.0;39.0;42.0;296.0;7.2;2.5
2020/03/08;1900 UTC;0.0;948.0;948.2;947.9;1483.3;31.3;18.1;32.3;31.1;18.3;17.2;46.0;41.0;45.0;192.0;6.5;3.7
2020/03/08;2000 UTC;0.0;948.3;948.3;948.0;731.3;29.9;19.5;31.6;29.9;19.6;18.1;54.0;45.0;54.0;185.0;8.4;4.6
2020/03/08;2100 UTC;0.0;949.3;949.3;948.3;38.3;27.7;20.0;29.9;27.7;20.2;19.6;63.0;54.0;63.0;162.0;9.6;5.4
2020/03/08;2200 UTC;0.0;950.5;950.5;949.3;;26.4;20.4;27.7;26.4;20.5;20.0;70.0;63.0;70.0;205.0;9.6;5.2
2020/03/08;2300 UTC;0.0;951.5;951.5;950.4;;25.4;20.5;26.5;25.4;20.5;20.3;74.0;70.0;74.0;177.0;7.7;3.8
2020/03/09;0000 UTC;0.0;952.0;952.0;951.5;;24.5;21.4;25.4;24.5;21.4;20.5;83.0;74.0;83.0;196.0;7.9;3.6
2020/03/09;0100 UTC;0.0;952.4;952.4;952.0;;23.8;21.6;24.4;23.8;21.7;21.3;88.0;83.0;88.0;186.0;7.2;4.0
2020/03/09;0200 UTC;0.0;951.6;952.4;951.6;;23.5;21.8;23.9;23.5;21.9;21.6;90.0;88.0;90.0;208.0;7.9;3.9
2020/03/09;0300 UTC;0.0;951.3;951.7;951.3;;23.4;22.0;23.6;23.4;22.0;21.8;92.0;90.0;92.0;199.0;7.9;3.5
2020/03/09;0400 UTC;0.0;950.9;951.3;950.9;;23.1;21.8;23.4;23.1;22.1;21.8;92.0;92.0;92.0;177.0;5.9;2.1
2020/03/09;0500 UTC;0.0;950.4;950.9;950.4;;23.0;21.7;23.1;22.9;21.8;21.7;93.0;92.0;92.0;172.0;3.8;2.0
2020/03/09;0600 UTC;0.0;950.1;950.4;950.0;;22.7;21.4;23.1;22.6;21.8;21.4;93.0;92.0;93.0;172.0;4.4;2.2
2020/03/09;0700 UTC;0.0;950.4;950.4;950.0;;22.8;21.5;22.9;22.6;21.6;21.4;93.0;92.0;92.0;185.0;3.9;1.3
2020/03/09;0800 UTC;0.0;951.0;951.0;950.3;;23.1;21.4;23.1;22.8;21.5;21.4;92.0;90.0;90.0;180.0;2.7;0.8
2020/03/09;0900 UTC;0.0;951.3;951.3;951.0;52.1;23.6;21.4;23.7;23.1;21.5;21.0;90.0;87.0;87.0;174.0;2.9;1.0
2020/03/09;1000 UTC;0.0;952.0;952.0;951.3;611.8;24.5;21.4;24.6;23.4;21.5;20.7;87.0;83.0;83.0;179.0;4.6;2.3
2020/03/09;1100 UTC;0.0;952.6;952.7;952.0;1607.3;25.4;20.8;25.6;24.2;21.6;20.1;83.0;74.0;76.0;180.0;7.0;3.7
2020/03/09;1200 UTC;0.0;952.6;952.7;952.5;2412.9;27.4;20.1;27.6;25.4;21.3;20.0;76.0;64.0;64.0;194.0;7.4;4.4
2020/03/09;1300 UTC;0.0;952.4;952.6;952.4;2841.2;28.3;19.3;28.6;27.2;20.8;19.0;66.0;57.0;58.0;179.0;8.2;3.6
2020/03/09;1400 UTC;0.0;951.9;952.4;951.9;3586.3;29.3;18.7;29.9;28.2;20.2;18.5;59.0;51.0;53.0;185.0;8.2;4.3
2020/03/09;1500 UTC;0.0;951.0;951.9;951.0;3773.9;30.6;17.8;31.5;29.2;19.7;16.9;54.0;42.0;47.0;178.0;8.5;3.2
2020/03/09;1600 UTC;0.0;949.9;951.0;949.9;3725.3;31.7;16.7;32.5;30.5;19.1;15.3;48.0;38.0;41.0;187.0;11.1;3.4
2020/03/09;1700 UTC;0.0;949.1;950.0;949.1;3240.8;32.4;16.1;32.8;31.5;17.3;15.0;41.0;36.0;37.0;185.0;7.4;2.5
2020/03/09;1800 UTC;0.0;948.7;949.1;948.6;2289.5;32.3;15.9;33.0;31.6;16.7;14.9;39.0;36.0;37.0;187.0;7.6;3.6
2020/03/09;1900 UTC;0.0;948.2;948.7;948.2;1445.8;31.7;17.7;32.6;31.4;17.7;15.6;44.0;37.0;43.0;188.0;7.8;3.4
2020/03/09;2000 UTC;0.0;948.5;948.5;948.2;716.4;30.2;17.8;31.7;30.2;17.9;17.2;47.0;43.0;47.0;183.0;8.5;4.2
2020/03/09;2100 UTC;0.0;949.4;949.4;948.5;52.4;28.2;19.0;30.2;28.2;19.1;17.7;58.0;47.0;58.0;167.0;10.4;4.3
2020/03/09;2200 UTC;0.0;950.4;950.4;949.4;;26.3;19.6;28.2;26.3;19.6;19.0;67.0;58.0;67.0;129.0;10.4;5.0
2020/03/09;2300 UTC;0.0;951.6;951.6;950.4;;25.1;20.0;26.3;25.1;20.0;19.6;74.0;67.0;74.0;180.0;9.3;4.4
2020/03/10;0000 UTC;0.0;952.4;952.4;951.6;;24.0;20.7;25.1;24.0;20.7;20.0;82.0;74.0;82.0;179.0;8.7;4.2
2020/03/10;0100 UTC;0.0;953.1;953.1;952.4;;23.4;21.3;24.1;23.3;21.3;20.7;88.0;82.0;88.0;201.0;8.5;4.1
2020/03/10;0200 UTC;0.0;953.0;953.3;953.0;;23.1;21.3;23.5;23.1;21.3;21.2;89.0;88.0;89.0;173.0;6.2;2.7
2020/03/10;0300 UTC;0.0;952.5;953.0;952.5;;22.9;21.2;23.1;22.8;21.3;21.2;91.0;89.0;90.0;165.0;5.2;2.1
2020/03/10;0400 UTC;0.0;951.9;952.5;951.9;;22.7;20.8;22.9;22.7;21.2;20.8;90.0;89.0;89.0;184.0;4.1;1.0
2020/03/10;0500 UTC;0.0;951.0;952.0;951.0;;22.6;20.6;22.7;22.6;20.8;20.6;89.0;88.0;88.0;182.0;2.9;1.4
2020/03/10;0600 UTC;0.0;950.6;951.0;950.6;;22.3;20.3;22.6;22.3;20.6;20.3;89.0;88.0;89.0;175.0;3.7;1.6
2020/03/10;0700 UTC;0.0;950.6;950.6;950.4;;22.0;20.3;22.3;21.9;20.3;20.2;90.0;89.0;90.0;184.0;3.7;1.5
2020/03/10;0800 UTC;0.0;951.0;951.0;950.6;;21.8;20.3;22.0;21.8;20.4;20.2;91.0;90.0;91.0;184.0;3.0;1.4
2020/03/10;0900 UTC;0.0;951.4;951.4;951.0;63.4;22.4;20.7;22.4;21.8;20.7;20.2;91.0;90.0;90.0;179.0;2.2;1.2
2020/03/10;1000 UTC;0.0;951.9;951.9;951.4;734.8;23.7;20.5;23.8;22.4;20.9;20.3;90.0;82.0;82.0;177.0;2.5;0.9
2020/03/10;1100 UTC;0.0;952.4;952.4;951.9;1693.9;25.4;19.5;25.7;23.7;20.8;19.0;82.0;70.0;70.0;182.0;2.8;1.3
2020/03/10;1200 UTC;0.0;952.4;952.5;952.4;2553.3;27.1;18.1;27.8;25.4;20.1;18.1;70.0;58.0;58.0;177.0;3.6;2.0
2020/03/10;1300 UTC;0.0;952.2;952.5;952.2;3192.8;28.3;19.9;28.4;26.9;19.9;18.1;62.0;56.0;60.0;120.0;5.6;1.9
2020/03/10;1400 UTC;0.0;951.9;952.3;951.9;3272.4;28.8;19.3;30.0;28.1;20.6;19.0;60.0;54.0;57.0;280.0;6.6;2.4
2020/03/10;1500 UTC;0.0;951.0;951.9;951.0;3864.2;30.6;19.4;31.0;28.7;20.6;18.6;58.0;51.0;51.0;177.0;6.3;2.5
2020/03/10;1600 UTC;0.0;950.1;951.0;950.1;2962.9;30.4;18.1;31.8;29.9;19.5;17.7;52.0;45.0;48.0;177.0;5.9;2.6
2020/03/10;1700 UTC;0.0;949.4;950.1;949.4;3199.7;31.4;15.9;32.0;30.4;18.8;15.9;48.0;39.0;39.0;172.0;6.6;2.1
2020/03/10;1800 UTC;;;;;;;;;;;;;;;;;
2020/03/10;1900 UTC;;;;;;;;;;;;;;;;;
2020/03/10;2000 UTC;0.0;948.8;948.8;948.6;686.3;29.7;19.0;32.0;29.6;19.0;15.9;53.0;38.0;53.0;359.0;9.1;4.7
2020/03/10;2100 UTC;0.0;949.7;949.7;948.7;43.3;28.1;19.3;29.7;28.1;19.4;18.8;59.0;53.0;59.0;166.0;11.1;3.4
2020/03/10;2200 UTC;0.0;950.3;950.3;949.7;;26.2;20.1;28.1;26.1;20.1;19.3;69.0;59.0;69.0;183.0;10.3;4.8
2020/03/10;2300 UTC;0.0;951.3;951.3;950.3;;25.2;20.3;26.2;25.2;20.5;20.0;75.0;69.0;75.0;6.0;10.8;4.1
2020/03/11;0000 UTC;0.0;952.0;952.0;951.3;;24.3;20.7;25.2;24.3;20.7;20.3;80.0;75.0;80.0;200.0;8.8;3.1
2020/03/11;0100 UTC;0.0;952.5;952.5;952.0;;23.7;21.1;24.3;23.7;21.2;20.7;85.0;81.0;85.0;21.0;7.1;2.5
2020/03/11;0200 UTC;0.0;952.0;952.6;952.0;;23.5;21.2;23.7;23.5;21.3;21.1;87.0;85.0;87.0;347.0;5.4;2.2
2020/03/11;0300 UTC;0.0;951.4;952.0;951.4;;23.5;21.6;23.6;23.5;21.6;21.2;89.0;87.0;89.0;2.0;5.1;2.6
2020/03/11;0400 UTC;0.0;950.8;951.4;950.8;;23.5;21.7;23.6;23.3;21.8;21.5;90.0;89.0;90.0;71.0;4.8;2.5
2020/03/11;0500 UTC;0.0;950.2;950.8;950.2;;23.3;21.7;23.5;23.3;21.9;21.6;91.0;90.0;91.0;54.0;4.5;2.0
2020/03/11;0600 UTC;0.0;949.7;950.2;949.6;;23.2;21.7;23.4;23.2;21.8;21.7;91.0;91.0;91.0;340.0;4.2;1.0
2020/03/11;0700 UTC;0.0;949.7;949.8;949.7;;23.1;21.7;23.3;23.1;21.8;21.6;92.0;91.0;92.0;188.0;3.9;1.9
2020/03/11;0800 UTC;0.0;949.9;949.9;949.7;;23.1;21.8;23.2;23.0;21.8;21.6;92.0;92.0;92.0;176.0;3.4;1.3
2020/03/11;0900 UTC;0.0;950.5;950.5;949.9;56.3;23.3;21.9;23.4;23.1;22.0;21.7;92.0;92.0;92.0;359.0;3.0;1.3
2020/03/11;1000 UTC;0.0;951.0;951.0;950.4;458.2;24.2;22.2;24.2;23.3;22.3;21.8;92.0;89.0;89.0;108.0;4.1;1.8
2020/03/11;1100 UTC;0.0;951.6;951.6;950.9;1412.2;25.4;21.1;25.8;24.3;22.5;21.0;89.0;76.0;77.0;195.0;5.1;2.2
2020/03/11;1200 UTC;0.0;951.9;951.9;951.5;2354.1;26.6;20.2;28.3;25.4;21.9;20.2;77.0;66.0;68.0;193.0;4.5;2.4
2020/03/11;1300 UTC;0.0;951.5;951.9;951.5;2976.2;28.3;20.1;28.8;26.5;21.7;20.1;71.0;61.0;61.0;183.0;6.3;2.5
2020/03/11;1400 UTC;0.0;950.8;951.5;950.8;3181.5;30.2;19.9;30.9;27.6;21.4;19.6;64.0;54.0;54.0;176.0;5.9;2.4
2020/03/11;1500 UTC;0.0;949.9;950.8;949.9;3218.3;31.0;18.4;31.2;29.6;20.1;18.4;55.0;47.0;47.0;172.0;5.8;2.4
2020/03/11;1600 UTC;0.0;948.9;949.9;948.8;3653.9;31.9;18.1;32.9;30.4;19.2;17.4;49.0;41.0;44.0;175.0;5.2;2.4
2020/03/11;1700 UTC;0.0;948.0;948.9;948.0;3095.5;32.0;19.1;33.1;31.4;19.6;17.8;48.0;43.0;46.0;166.0;7.6;2.3
2020/03/11;1800 UTC;;;;;;;;;;;;;;;;;
2020/03/11;1900 UTC;0.0;947.7;947.7;947.4;1141.0;29.6;21.9;31.7;29.0;22.2;19.9;65.0;48.0;63.0;182.0;10.1;4.9
2020/03/11;2000 UTC;0.0;947.9;948.0;947.7;701.8;27.8;21.3;29.8;27.6;21.8;21.0;68.0;62.0;68.0;190.0;12.1;6.0
2020/03/11;2100 UTC;0.0;948.6;948.6;947.9;56.3;25.6;20.8;27.8;25.5;21.4;20.5;75.0;68.0;75.0;166.0;12.1;5.8
2020/03/11;2200 UTC;0.0;949.5;949.5;948.6;;25.0;21.0;25.6;25.0;21.1;20.7;79.0;75.0;79.0;182.0;9.6;4.2
2020/03/11;2300 UTC;0.0;950.8;950.8;949.5;;24.8;21.6;25.2;24.7;21.6;21.0;83.0;79.0;83.0;184.0;9.7;4.1
2020/03/12;0000 UTC;0.0;951.5;951.5;950.7;;24.4;21.7;24.8;24.3;21.8;21.4;85.0;82.0;85.0;190.0;8.2;4.0
2020/03/12;0100 UTC;0.0;952.0;952.2;951.5;;24.1;21.6;24.4;24.1;21.9;21.4;86.0;85.0;86.0;176.0;8.0;3.2
2020/03/12;0200 UTC;0.0;951.7;952.1;951.7;;23.3;21.8;24.2;23.3;21.9;21.4;92.0;86.0;91.0;165.0;6.8;2.4
2020/03/12;0300 UTC;0.0;951.2;951.7;951.2;;23.5;22.1;23.6;23.2;22.2;21.7;92.0;91.0;92.0;199.0;4.9;2.6
2020/03/12;0400 UTC;0.0;950.5;951.2;950.5;;23.5;22.1;23.6;23.4;22.2;22.0;92.0;91.0;92.0;181.0;5.7;2.6
2020/03/12;0500 UTC;0.0;949.8;950.5;949.8;;23.2;21.8;23.6;23.2;22.1;21.7;92.0;91.0;92.0;173.0;4.7;1.7
2020/03/12;0600 UTC;0.0;949.5;949.8;949.3;;23.3;21.8;23.3;23.1;21.9;21.7;92.0;91.0;91.0;179.0;4.4;1.8
2020/03/12;0700 UTC;0.0;949.6;949.7;949.4;;23.3;21.8;23.4;23.2;22.0;21.7;92.0;91.0;92.0;183.0;4.2;2.3
2020/03/12;0800 UTC;0.0;949.8;949.8;949.6;;23.0;21.6;23.3;23.0;21.9;21.6;92.0;92.0;92.0;167.0;4.7;2.4
2020/03/12;0900 UTC;0.0;950.0;950.0;949.7;35.5;23.0;21.7;23.0;22.9;21.7;21.6;92.0;92.0;92.0;178.0;4.7;1.9
2020/03/12;1000 UTC;0.0;950.7;950.7;950.0;399.7;23.9;22.2;23.9;23.0;22.3;21.7;92.0;90.0;90.0;191.0;5.2;3.4
2020/03/12;1100 UTC;0.0;951.4;951.4;950.7;1011.7;24.9;22.3;25.0;23.7;22.6;21.8;90.0;85.0;85.0;176.0;6.1;3.0
2020/03/12;1200 UTC;0.0;951.6;951.6;951.4;1628.9;26.2;21.6;26.4;24.6;22.8;21.2;86.0;76.0;76.0;183.0;6.2;3.0
2020/03/12;1300 UTC;0.0;951.5;951.6;951.5;1737.8;26.5;21.6;27.4;25.7;22.4;21.1;78.0;73.0;74.0;180.0;7.2;4.1
2020/03/12;1400 UTC;0.0;950.7;951.5;950.7;3269.1;28.7;20.8;29.5;26.3;22.1;20.8;75.0;62.0;62.0;174.0;7.3;4.0
2020/03/12;1500 UTC;0.0;949.9;950.7;949.9;3358.1;29.4;22.7;30.3;27.6;22.8;20.6;70.0;60.0;67.0;89.0;8.2;3.5
2020/03/12;1600 UTC;0.0;949.1;949.9;949.0;2846.5;27.5;21.6;30.2;27.4;23.0;21.4;71.0;65.0;70.0;179.0;10.4;5.4
2020/03/12;1700 UTC;0.0;948.9;949.2;948.9;3493.6;26.8;21.3;28.5;26.6;23.4;21.2;76.0;71.0;72.0;179.0;10.8;5.9
2020/03/12;1800 UTC;0.0;948.4;948.9;948.4;2955.5;25.7;21.4;27.4;25.7;22.5;20.9;78.0;71.0;77.0;175.0;12.4;6.3
2020/03/12;1900 UTC;0.0;948.8;949.0;948.4;1673.3;24.6;21.6;26.7;24.4;22.4;21.1;83.0;75.0;83.0;190.0;11.7;5.0
2020/03/12;2000 UTC;0.0;949.3;949.4;948.9;227.6;24.2;21.4;24.6;23.9;21.8;21.1;86.0;83.0;85.0;177.0;10.0;4.0
2020/03/12;2100 UTC;0.0;949.6;949.9;949.3;20.4;23.5;20.9;24.2;23.3;21.3;20.6;86.0;83.0;86.0;180.0;8.0;4.0
2020/03/12;2200 UTC;0.0;950.5;950.5;949.6;;23.0;21.4;23.7;23.0;21.5;20.9;91.0;86.0;91.0;192.0;7.8;4.3
2020/03/12;2300 UTC;0.0;951.4;951.4;950.4;;22.8;21.7;23.1;22.8;21.7;21.3;93.0;91.0;93.0;187.0;7.8;3.2
2020/03/13;0000 UTC;1.0;951.6;951.7;951.3;;22.8;22.0;22.9;22.7;22.1;21.7;96.0;93.0;95.0;186.0;6.4;3.5
2020/03/13;0100 UTC;0.0;952.4;952.4;951.6;;22.8;22.0;22.9;22.6;22.2;21.9;96.0;95.0;96.0;193.0;6.4;3.1
2020/03/13;0200 UTC;1.2;952.3;952.5;952.3;;21.6;21.0;22.8;21.5;22.1;21.0;97.0;95.0;97.0;177.0;8.6;3.6
2020/03/13;0300 UTC;1.6;951.8;952.3;951.7;;21.3;20.8;21.6;21.1;21.0;20.7;97.0;97.0;97.0;197.0;7.9;3.8
2020/03/13;0400 UTC;0.2;951.0;951.8;951.0;;21.4;21.0;21.4;21.3;21.0;20.8;97.0;97.0;97.0;184.0;6.7;3.5
2020/03/13;0500 UTC;0.0;950.5;951.0;950.4;;21.5;21.0;21.6;21.3;21.1;20.8;97.0;97.0;97.0;166.0;6.6;1.8
2020/03/13;0600 UTC;0.0;950.4;950.5;950.3;;21.5;21.0;21.5;21.4;21.0;20.9;97.0;97.0;97.0;174.0;3.8;1.1
2020/03/13;0700 UTC;0.0;950.7;950.7;950.3;;21.6;21.1;21.6;21.4;21.1;21.0;97.0;97.0;97.0;188.0;4.4;2.0
2020/03/13;0800 UTC;0.0;950.7;950.8;950.6;;21.6;21.1;21.6;21.5;21.1;21.0;97.0;97.0;97.0;199.0;3.6;2.0
2020/03/13;0900 UTC;0.0;951.3;951.3;950.7;15.2;21.7;21.2;21.8;21.5;21.4;21.0;97.0;97.0;97.0;191.0;4.5;2.1
2020/03/13;1000 UTC;0.0;952.1;952.1;951.3;196.9;22.2;21.7;22.2;21.7;21.8;21.2;97.0;97.0;97.0;121.0;4.8;2.0
2020/03/13;1100 UTC;0.0;952.8;952.8;952.1;662.9;23.2;22.5;23.2;22.1;22.5;21.5;97.0;95.0;96.0;168.0;4.3;1.9
2020/03/13;1200 UTC;0.0;952.9;952.9;952.8;1486.6;23.9;22.0;24.4;23.2;23.1;22.0;96.0;89.0;89.0;185.0;4.1;2.3
2020/03/13;1300 UTC;0.0;952.9;953.0;952.9;1452.2;25.1;22.6;25.1;23.4;22.6;21.7;92.0;86.0;86.0;13.0;5.8;2.3
2020/03/13;1400 UTC;0.0;952.6;952.9;952.6;2565.2;26.6;21.0;27.0;25.1;22.6;20.6;86.0;71.0;71.0;187.0;6.7;3.1
2020/03/13;1500 UTC;0.0;951.5;952.6;951.5;3248.9;26.8;20.9;27.8;26.3;21.7;20.0;72.0;65.0;70.0;166.0;6.9;2.6
2020/03/13;1600 UTC;0.0;950.7;951.5;950.7;1746.5;26.4;20.9;27.2;26.0;21.5;20.5;74.0;69.0;72.0;184.0;5.4;3.2
2020/03/13;1700 UTC;0.0;950.1;950.7;950.1;2065.5;28.0;21.4;28.0;26.2;21.7;20.7;74.0;67.0;67.0;184.0;5.8;1.5
2020/03/13;1800 UTC;0.0;949.6;950.1;949.6;1403.4;27.9;20.8;28.1;27.1;21.1;20.0;68.0;63.0;65.0;181.0;4.9;2.4
2020/03/13;1900 UTC;0.0;949.6;949.7;949.6;914.4;26.9;20.5;27.9;26.9;21.0;20.0;69.0;65.0;68.0;357.0;5.8;2.5
2020/03/13;2000 UTC;0.0;950.2;950.2;949.6;381.3;26.3;20.8;27.0;26.3;21.1;20.1;72.0;67.0;72.0;184.0;6.0;3.4
2020/03/13;2100 UTC;0.0;950.6;950.6;950.2;25.2;24.3;21.5;26.2;24.3;21.5;20.8;84.0;72.0;84.0;181.0;8.0;4.2
2020/03/13;2200 UTC;0.2;951.4;951.4;950.6;;23.4;22.1;24.3;23.2;22.2;21.5;93.0;85.0;93.0;179.0;7.9;3.0
2020/03/13;2300 UTC;0.0;952.1;952.1;951.4;;23.3;22.3;23.4;23.2;22.3;21.9;94.0;92.0;94.0;208.0;7.1;3.5
2020/03/14;0000 UTC;0.0;952.7;952.7;952.1;;23.3;22.1;23.5;23.3;22.4;22.1;94.0;93.0;93.0;190.0;7.4;4.2
2020/03/14;0100 UTC;0.0;953.2;953.2;952.7;;23.0;21.3;23.3;23.0;22.1;21.3;93.0;90.0;90.0;172.0;7.0;2.8
2020/03/14;0200 UTC;0.0;953.0;953.2;953.0;;23.1;20.2;23.1;22.7;21.3;20.2;90.0;84.0;84.0;176.0;5.5;1.8
2020/03/14;0300 UTC;0.0;952.2;953.0;952.2;;23.0;20.2;23.1;23.0;20.3;19.8;85.0;82.0;85.0;184.0;4.4;2.3
2020/03/14;0400 UTC;0.0;951.8;952.2;951.8;;22.9;20.5;23.0;22.9;20.5;20.2;86.0;85.0;86.0;173.0;4.6;1.2
2020/03/14;0500 UTC;0.0;951.5;951.8;951.5;;22.7;20.5;22.9;22.7;20.5;20.5;87.0;86.0;87.0;170.0;2.9;1.3
2020/03/14;0600 UTC;0.0;951.1;951.5;951.0;;22.7;20.5;22.8;22.7;20.6;20.5;88.0;87.0;88.0;164.0;3.0;1.4
2020/03/14;0700 UTC;0.0;951.4;951.4;950.9;;22.5;20.4;22.7;22.5;20.6;20.4;88.0;88.0;88.0;178.0;3.5;1.9
2020/03/14;0800 UTC;0.0;951.5;951.5;951.4;;22.2;20.4;22.5;22.2;20.4;20.3;89.0;88.0;89.0;195.0;3.5;1.1
2020/03/14;0900 UTC;0.0;951.9;951.9;951.5;21.3;22.3;20.5;22.3;22.1;20.5;20.3;90.0;89.0;89.0;186.0;4.1;2.7
2020/03/14;1000 UTC;0.0;952.8;952.8;951.9;259.7;22.7;20.8;22.7;22.3;20.8;20.5;90.0;89.0;89.0;182.0;5.3;2.5
2020/03/14;1100 UTC;0.0;953.4;953.4;952.8;944.9;23.3;21.3;23.4;22.6;21.5;20.7;90.0;88.0;89.0;180.0;5.6;3.2
2020/03/14;1200 UTC;0.0;953.4;953.6;953.4;1323.1;24.5;21.2;24.5;23.2;21.7;20.8;89.0;82.0;82.0;185.0;7.2;2.9
2020/03/14;1300 UTC;0.0;953.4;953.5;953.3;1922.6;26.0;21.0;26.2;24.0;21.5;20.5;82.0;73.0;74.0;182.0;7.8;3.8
2020/03/14;1400 UTC;0.0;952.8;953.4;952.7;2440.0;26.6;19.3;27.1;25.1;21.3;19.3;75.0;64.0;64.0;188.0;9.7;4.5
2020/03/14;1500 UTC;0.0;952.0;952.8;952.0;3498.5;28.0;20.1;28.2;26.4;20.5;19.3;66.0;62.0;62.0;178.0;9.7;3.7
2020/03/14;1600 UTC;0.0;951.0;952.0;951.0;3698.8;28.7;20.8;29.2;27.5;21.3;19.4;64.0;58.0;62.0;183.0;8.1;3.3
2020/03/14;1700 UTC;0.0;950.2;951.0;950.2;2267.7;28.6;20.8;28.9;27.6;21.0;19.7;65.0;61.0;63.0;173.0;7.2;2.9
2020/03/14;1800 UTC;0.0;949.8;950.2;949.8;1600.8;27.7;20.0;29.1;27.4;21.2;20.0;66.0;62.0;63.0;193.0;8.1;3.2
2020/03/14;1900 UTC;0.0;949.7;949.8;949.7;980.0;27.7;20.1;28.2;27.5;20.4;19.7;64.0;61.0;63.0;191.0;7.3;4.4
2020/03/14;2000 UTC;0.0;950.0;950.0;949.6;470.2;26.5;21.0;27.8;26.4;21.2;20.1;72.0;63.0;72.0;199.0;9.1;4.2
2020/03/14;2100 UTC;0.0;950.5;950.5;950.0;58.6;25.7;20.7;26.5;25.7;20.9;20.6;74.0;71.0;74.0;182.0;8.5;3.6
2020/03/14;2200 UTC;0.0;951.4;951.4;950.5;;24.7;21.1;25.7;24.7;21.1;20.6;81.0;74.0;81.0;177.0;9.8;4.2
2020/03/14;2300 UTC;0.0;952.2;952.2;951.4;;24.1;21.1;24.7;24.1;21.3;21.1;84.0;81.0;84.0;193.0;7.7;4.1
2020/03/15;0000 UTC;0.0;952.5;952.5;952.2;;23.7;20.9;24.2;23.6;21.3;20.9;85.0;84.0;85.0;188.0;7.5;4.2
2020/03/15;0100 UTC;0.0;952.8;952.8;952.5;;23.3;21.5;23.7;23.3;21.5;20.9;90.0;85.0;90.0;182.0;7.5;3.4
2020/03/15;0200 UTC;0.0;952.3;952.8;952.3;;23.3;21.9;23.4;23.3;22.0;21.5;92.0;90.0;92.0;198.0;8.0;4.3
2020/03/15;0300 UTC;0.0;951.8;952.3;951.8;;23.0;21.8;23.3;23.0;22.0;21.8;93.0;92.0;93.0;194.0;7.3;3.9
2020/03/15;0400 UTC;0.0;951.1;951.8;951.1;;22.9;21.9;23.1;22.9;22.0;21.8;94.0;93.0;94.0;190.0;6.3;3.0
2020/03/15;0500 UTC;0.0;950.8;951.1;950.6;;22.8;21.7;23.0;22.8;22.0;21.6;94.0;93.0;93.0;190.0;4.6;2.2
2020/03/15;0600 UTC;0.0;950.5;950.9;950.5;;22.6;21.4;22.8;22.6;21.7;21.4;93.0;93.0;93.0;113.0;3.8;1.9
2020/03/15;0700 UTC;0.0;950.6;950.6;950.4;;22.4;21.4;22.6;22.4;21.4;21.4;94.0;93.0;94.0;178.0;4.0;1.8
2020/03/15;0800 UTC;0.0;950.8;950.8;950.6;;22.5;21.5;22.6;22.4;21.6;21.4;94.0;94.0;94.0;172.0;3.0;0.8
2020/03/15;0900 UTC;0.0;951.2;951.2;950.8;18.9;22.6;21.5;22.6;22.4;21.6;21.5;94.0;94.0;94.0;179.0;2.5;1.2
2020/03/15;1000 UTC;0.0;951.6;951.6;951.2;239.8;23.2;21.9;23.2;22.5;22.1;21.5;94.0;93.0;93.0;174.0;3.8;1.8
2020/03/15;1100 UTC;0.0;952.1;952.1;951.6;754.9;23.5;21.8;23.6;23.2;22.3;21.7;93.0;90.0;90.0;177.0;6.0;2.4
2020/03/15;1200 UTC;0.0;952.1;952.3;952.0;1676.5;25.8;22.2;25.9;23.4;22.6;21.7;91.0;81.0;81.0;178.0;4.4;1.7
2020/03/15;1300 UTC;0.0;952.2;952.2;952.1;1720.4;26.0;21.4;26.6;25.6;22.5;21.0;81.0;75.0;76.0;189.0;6.4;3.5
2020/03/15;1400 UTC;0.0;951.4;952.2;951.4;2325.6;28.3;21.7;29.2;26.0;22.7;20.9;77.0;65.0;68.0;167.0;6.6;3.1
2020/03/15;1500 UTC;0.0;950.3;951.5;950.3;3325.5;29.8;21.9;29.8;27.9;22.0;21.0;68.0;62.0;63.0;67.0;5.9;2.4
2020/03/15;1600 UTC;0.0;949.6;950.3;949.5;2293.6;28.8;21.8;30.9;28.4;22.5;20.7;69.0;58.0;66.0;181.0;7.8;3.7
2020/03/15;1700 UTC;0.0;949.3;949.7;949.3;1817.4;25.0;21.6;28.8;24.9;22.2;20.8;82.0;65.0;81.0;172.0;10.6;5.4
2020/03/15;1800 UTC;0.0;949.4;949.4;949.2;565.3;24.3;21.9;25.4;24.3;22.5;21.5;87.0;81.0;86.0;178.0;9.6;4.0
2020/03/15;1900 UTC;0.0;949.4;949.4;949.3;222.5;24.1;21.5;24.6;24.0;22.1;21.2;87.0;84.0;86.0;190.0;8.1;3.6
2020/03/15;2000 UTC;0.0;949.9;950.0;949.4;218.1;24.1;21.9;24.3;24.0;21.9;21.4;88.0;85.0;88.0;180.0;8.0;4.6
2020/03/15;2100 UTC;0.0;950.2;950.2;949.8;27.3;23.4;21.8;24.1;23.4;22.4;21.8;91.0;88.0;91.0;1.0;9.3;2.5
2020/03/15;2200 UTC;0.0;951.0;951.0;950.2;;23.4;22.0;23.4;23.1;22.1;21.6;92.0;91.0;92.0;180.0;6.1;2.5
2020/03/15;2300 UTC;0.0;951.3;951.3;951.0;;23.0;21.6;23.4;23.0;22.1;21.6;92.0;91.0;92.0;146.0;6.7;2.3
2020/03/16;0000 UTC;0.0;952.1;952.1;951.3;;23.1;21.7;23.2;22.9;21.8;21.5;92.0;92.0;92.0;179.0;4.8;2.7
2020/03/16;0100 UTC;0.0;952.3;952.3;952.1;;23.2;22.1;23.2;22.9;22.2;21.7;94.0;92.0;94.0;185.0;6.8;2.7
2020/03/16;0200 UTC;0.0;951.7;952.3;951.7;;23.0;22.0;23.2;23.0;22.2;22.0;94.0;94.0;94.0;191.0;5.1;3.1
2020/03/16;0300 UTC;0.0;950.8;951.7;950.8;;22.9;22.0;23.2;22.8;22.1;21.8;94.0;94.0;94.0;197.0;5.1;1.8
2020/03/16;0400 UTC;0.0;950.6;950.9;950.6;;22.9;21.9;23.0;22.9;22.0;21.9;94.0;94.0;94.0;191.0;3.7;1.0
2020/03/16;0500 UTC;0.0;950.4;950.6;950.4;;23.0;22.0;23.1;22.9;22.0;21.9;94.0;94.0;94.0;176.0;2.0;1.0
2020/03/16;0600 UTC;0.0;950.1;950.4;950.1;;22.8;21.7;23.1;22.8;22.0;21.7;94.0;93.0;94.0;182.0;2.3;0.9
2020/03/16;0700 UTC;0.0;950.5;950.6;950.1;;22.9;21.8;22.9;22.8;21.9;21.7;94.0;94.0;94.0;172.0;2.2;0.7
2020/03/16;0800 UTC;0.4;950.8;950.9;950.5;;21.3;20.1;22.9;21.3;21.8;20.1;94.0;92.0;93.0;196.0;5.8;2.9
2020/03/16;0900 UTC;0.0;951.5;951.5;950.8;45.1;21.1;20.3;21.3;20.8;20.3;20.0;95.0;93.0;95.0;173.0;4.9;0.5
2020/03/16;1000 UTC;0.0;952.5;952.5;951.5;389.6;23.0;21.6;23.0;21.1;21.6;20.3;95.0;92.0;92.0;183.0;2.8;1.2
2020/03/16;1100 UTC;0.0;952.8;952.8;952.5;766.8;24.2;19.5;24.2;23.0;21.7;19.5;92.0;75.0;75.0;202.0;4.0;2.4
2020/03/16;1200 UTC;0.0;953.1;953.2;952.8;1205.3;25.2;20.9;25.4;24.1;21.1;19.1;78.0;73.0;77.0;161.0;5.5;1.9
2020/03/16;1300 UTC;0.0;952.9;953.1;952.9;1612.8;26.6;22.1;26.6;25.0;22.1;20.8;79.0;75.0;76.0;119.0;5.7;2.6
2020/03/16;1400 UTC;0.0;952.3;952.9;952.3;1736.5;26.8;22.0;27.3;26.2;22.3;21.3;76.0;72.0;75.0;183.0;6.0;2.7
2020/03/16;1500 UTC;0.0;951.4;952.3;951.4;2388.8;27.7;21.3;28.2;26.7;22.5;20.9;75.0;67.0;68.0;179.0;6.3;3.5
2020/03/16;1600 UTC;0.0;950.3;951.4;950.3;2787.1;29.6;20.3;29.7;27.7;21.9;19.4;69.0;56.0;58.0;172.0;7.2;3.3
2020/03/16;1700 UTC;0.0;949.5;950.3;949.4;3129.0;30.9;21.2;30.9;28.9;21.2;18.2;58.0;48.0;56.0;167.0;7.9;3.6
2020/03/16;1800 UTC;0.0;949.1;949.5;949.1;2187.6;29.5;21.5;30.9;28.7;21.5;20.1;63.0;56.0;62.0;183.0;8.6;4.2
2020/03/16;1900 UTC;0.0;949.5;949.5;948.9;1335.5;26.1;21.4;29.5;26.0;21.5;20.3;76.0;60.0;76.0;349.0;10.4;4.9
2020/03/16;2000 UTC;0.0;950.5;950.5;949.5;529.4;25.1;21.3;27.3;25.1;22.4;20.9;79.0;72.0;79.0;4.0;9.8;3.5
2020/03/16;2100 UTC;0.0;951.5;951.5;950.5;18.5;24.5;20.8;25.1;24.5;21.5;20.8;81.0;79.0;80.0;352.0;7.5;3.0
2020/03/16;2200 UTC;0.0;952.1;952.1;951.5;;24.3;21.2;24.5;24.3;21.3;20.8;83.0;80.0;83.0;356.0;6.7;2.1
2020/03/16;2300 UTC;0.0;952.7;952.7;952.1;;24.3;21.4;24.4;24.2;21.7;21.2;85.0;83.0;84.0;6.0;5.8;3.0
2020/03/17;0000 UTC;0.0;953.2;953.2;952.7;;24.0;21.0;24.4;24.0;21.4;20.9;84.0;82.0;83.0;162.0;6.4;2.6
2020/03/17;0100 UTC;0.0;953.6;953.6;953.2;;24.0;21.2;24.0;23.8;21.2;21.0;84.0;83.0;84.0;13.0;4.7;1.5
2020/03/17;0200 UTC;0.0;953.4;953.7;953.4;;23.7;21.5;24.0;23.7;21.5;21.1;87.0;84.0;87.0;6.0;3.8;1.3
2020/03/17;0300 UTC;0.0;952.8;953.4;952.8;;23.8;21.7;23.9;23.7;21.8;21.5;88.0;87.0;88.0;177.0;2.4;0.4
2020/03/17;0400 UTC;0.0;952.2;952.8;952.2;;23.8;21.7;23.8;23.7;21.8;21.7;88.0;88.0;88.0;192.0;1.4;0.4
2020/03/17;0500 UTC;0.0;951.8;952.2;951.8;;23.4;21.7;23.8;23.4;21.8;21.7;90.0;88.0;90.0;16.0;2.4;1.1
2020/03/17;0600 UTC;0.0;951.6;951.8;951.5;;22.9;21.6;23.4;22.8;21.8;21.5;92.0;90.0;92.0;176.0;3.0;1.3
2020/03/17;0700 UTC;0.0;951.7;951.7;951.5;;22.5;21.4;22.9;22.5;21.6;21.4;93.0;92.0;93.0;131.0;3.1;1.4
2020/03/17;0800 UTC;0.0;952.1;952.1;951.6;;22.4;21.4;22.5;22.3;21.4;21.3;94.0;93.0;94.0;128.0;3.6;1.6
2020/03/17;0900 UTC;0.0;952.4;952.4;952.1;50.2;22.6;21.6;22.6;22.3;21.6;21.4;94.0;94.0;94.0;7.0;3.4;1.4
2020/03/17;1000 UTC;0.0;952.9;952.9;952.4;673.6;23.9;22.3;24.1;22.6;22.7;21.6;94.0;91.0;91.0;113.0;4.3;2.1
2020/03/17;1100 UTC;0.0;953.4;953.4;952.9;1126.1;24.8;22.1;24.8;23.5;22.6;21.7;91.0;85.0;85.0;177.0;4.3;1.7
2020/03/17;1200 UTC;0.0;953.3;953.4;953.3;1627.3;25.7;21.2;26.0;24.7;22.7;21.0;86.0;76.0;76.0;181.0;3.9;1.3
2020/03/17;1300 UTC;0.0;953.0;953.3;953.0;2193.9;28.3;21.0;28.6;25.7;21.8;20.3;76.0;65.0;65.0;176.0;3.3;1.4
2020/03/17;1400 UTC;0.0;952.4;953.1;952.4;2544.4;28.8;19.6;29.8;28.1;21.8;19.4;66.0;56.0;58.0;181.0;5.1;2.1
2020/03/17;1500 UTC;;;;;;;;;;;;;;;;;
2020/03/17;1600 UTC;;;;;;;;;;;;;;;;;
2020/03/17;1700 UTC;;;;;;;;;;;;;;;;;
2020/03/17;1800 UTC;;;;;;;;;;;;;;;;;
2020/03/17;1900 UTC;0.0;949.7;949.8;949.6;416.6;27.7;20.5;28.7;27.6;21.0;20.3;65.0;62.0;65.0;358.0;4.9;2.2
2020/03/17;2000 UTC;0.0;950.2;950.2;949.6;175.4;26.9;22.2;28.5;26.8;22.2;19.9;75.0;60.0;75.0;194.0;7.3;3.8
2020/03/17;2100 UTC;0.0;950.9;951.1;950.1;22.3;25.2;21.1;27.0;25.2;22.2;21.1;79.0;75.0;78.0;143.0;7.8;4.5
2020/03/17;2200 UTC;0.0;951.3;951.5;950.7;;23.6;21.1;25.3;23.6;21.2;20.2;86.0;77.0;86.0;354.0;8.6;3.7
2020/03/17;2300 UTC;0.4;952.4;952.4;951.2;;23.0;21.4;23.7;23.0;21.4;20.7;91.0;86.0;91.0;351.0;8.6;3.5
2020/03/18;0000 UTC;0.2;953.0;953.0;952.4;;23.5;22.4;23.6;23.0;22.4;21.5;94.0;91.0;94.0;58.0;8.1;3.3
2020/03/18;0100 UTC;0.0;953.4;953.5;953.0;;23.5;22.6;23.6;23.4;22.6;22.3;95.0;94.0;95.0;338.0;7.1;3.0
2020/03/18;0200 UTC;0.0;953.2;953.5;953.2;;23.4;22.5;23.5;23.3;22.6;22.4;95.0;94.0;95.0;121.0;5.9;2.3
2020/03/18;0300 UTC;0.0;952.5;953.2;952.5;;23.3;22.3;23.4;23.3;22.5;22.3;95.0;94.0;94.0;52.0;5.7;2.6
2020/03/18;0400 UTC;0.0;951.6;952.6;951.6;;23.0;22.1;23.4;23.0;22.4;22.1;95.0;94.0;95.0;169.0;5.0;2.9
2020/03/18;0500 UTC;0.0;951.4;951.7;951.4;;23.0;22.1;23.1;23.0;22.2;22.1;95.0;95.0;95.0;350.0;5.0;1.7
2020/03/18;0600 UTC;0.0;951.6;951.6;951.4;;22.9;22.1;23.0;22.9;22.2;22.0;95.0;95.0;95.0;176.0;4.2;2.0
2020/03/18;0700 UTC;0.0;951.7;951.7;951.4;;23.0;22.1;23.0;22.9;22.2;22.0;95.0;95.0;95.0;12.0;4.3;1.6
2020/03/18;0800 UTC;0.0;951.8;951.8;951.7;;22.8;22.0;23.1;22.8;22.2;22.0;95.0;95.0;95.0;177.0;4.8;1.9
2020/03/18;0900 UTC;0.0;952.2;952.2;951.8;47.3;23.0;22.2;23.0;22.7;22.2;21.9;95.0;95.0;95.0;3.0;4.7;2.4
2020/03/18;1000 UTC;0.0;952.9;952.9;952.2;671.2;24.0;22.4;24.6;22.9;23.2;22.1;95.0;91.0;91.0;116.0;5.4;2.3
2020/03/18;1100 UTC;0.0;952.9;953.0;952.8;1508.8;25.7;22.3;25.8;23.9;23.3;21.8;92.0;80.0;81.0;352.0;5.3;2.7
2020/03/18;1200 UTC;0.0;953.1;953.2;952.9;2510.0;27.0;20.8;27.9;25.7;22.3;20.0;82.0;66.0;69.0;343.0;5.4;2.3
2020/03/18;1300 UTC;0.0;952.7;953.1;952.7;3192.6;28.5;19.5;29.2;26.9;21.1;18.5;69.0;56.0;58.0;249.0;7.8;2.6
2020/03/18;1400 UTC;0.0;952.0;952.7;952.0;3689.6;30.0;19.5;30.0;28.3;20.3;18.6;59.0;53.0;54.0;356.0;7.3;2.5
2020/03/18;1500 UTC;0.0;951.0;952.0;951.0;3517.9;30.3;19.3;31.5;29.0;20.3;18.0;56.0;46.0;52.0;177.0;6.3;2.5
2020/03/18;1600 UTC;0.0;950.0;951.0;950.0;2534.2;30.0;20.0;31.6;29.3;20.6;19.2;56.0;50.0;55.0;179.0;6.8;3.5
2020/03/18;1700 UTC;0.0;949.0;950.0;949.0;2230.2;30.8;20.7;31.1;29.4;20.9;19.8;57.0;53.0;55.0;183.0;8.0;3.8
2020/03/18;1800 UTC;0.0;948.4;949.0;948.4;1645.3;30.4;20.3;31.1;29.8;21.0;20.1;57.0;54.0;55.0;294.0;7.5;2.9
2020/03/18;1900 UTC;0.0;948.4;948.6;948.3;950.2;29.9;19.9;30.8;29.5;20.7;19.9;57.0;54.0;55.0;157.0;6.8;3.3
2020/03/18;2000 UTC;0.0;949.0;949.0;948.3;414.4;29.0;20.2;30.2;29.0;20.5;19.7;59.0;55.0;59.0;358.0;6.4;2.9
2020/03/18;2100 UTC;0.0;949.7;949.8;949.0;12.9;26.9;22.1;29.1;26.9;22.1;20.2;75.0;59.0;75.0;191.0;9.2;4.7
2020/03/18;2200 UTC;0.0;950.8;950.8;949.7;;25.5;22.2;26.9;25.4;22.5;22.1;82.0;75.0;82.0;179.0;10.7;5.8
2020/03/18;2300 UTC;0.0;951.4;951.5;950.8;;24.8;22.3;25.6;24.8;22.3;22.0;86.0;82.0;86.0;194.0;9.3;4.3
2020/03/19;0000 UTC;0.0;952.2;952.2;951.4;;24.4;22.1;24.9;24.2;22.4;22.0;88.0;85.0;87.0;176.0;7.6;3.8
2020/03/19;0100 UTC;0.0;952.7;952.9;952.2;;23.8;22.1;24.4;23.8;22.2;21.9;90.0;87.0;90.0;185.0;6.9;3.2
2020/03/19;0200 UTC;0.0;952.3;952.7;952.2;;23.6;22.1;24.0;23.6;22.3;22.1;91.0;90.0;91.0;184.0;6.2;2.8
2020/03/19;0300 UTC;0.0;951.7;952.3;951.7;;23.4;21.9;23.7;23.4;22.1;21.8;91.0;91.0;91.0;357.0;6.2;1.5
2020/03/19;0400 UTC;0.0;950.9;951.7;950.9;;23.2;21.5;23.4;23.2;21.9;21.5;91.0;90.0;90.0;1.0;3.1;1.6
2020/03/19;0500 UTC;0.0;950.1;950.9;950.1;;22.8;21.3;23.2;22.8;21.5;21.3;92.0;90.0;92.0;359.0;3.6;1.6
2020/03/19;0600 UTC;0.0;949.9;950.1;949.9;;22.8;21.5;22.8;22.7;21.5;21.3;92.0;92.0;92.0;2.0;4.1;1.7
2020/03/19;0700 UTC;0.0;949.5;949.9;949.5;;22.7;21.3;22.9;22.7;21.5;21.3;92.0;92.0;92.0;9.0;4.8;2.1
2020/03/19;0800 UTC;0.0;949.7;949.7;949.5;;22.6;21.5;22.8;22.5;21.5;21.3;93.0;92.0;93.0;177.0;5.5;2.1
2020/03/19;0900 UTC;0.0;950.6;950.6;949.7;31.9;22.8;21.7;22.9;22.6;21.8;21.5;94.0;93.0;93.0;11.0;4.6;1.8
2020/03/19;1000 UTC;0.0;951.4;951.4;950.6;322.1;23.5;22.2;23.5;22.7;22.3;21.6;94.0;92.0;93.0;281.0;6.1;2.6
2020/03/19;1100 UTC;0.0;952.2;952.2;951.4;1008.2;25.3;22.7;25.3;23.5;23.1;22.1;93.0;86.0;86.0;152.0;6.9;2.2
2020/03/19;1200 UTC;0.0;952.6;952.6;952.1;1149.4;25.8;21.7;26.1;24.7;22.7;21.6;85.0;78.0;78.0;226.0;4.7;2.0
2020/03/19;1300 UTC;0.0;952.2;952.6;952.2;2506.8;27.5;20.7;28.7;25.8;22.4;20.3;79.0;64.0;66.0;218.0;6.0;3.0
2020/03/19;1400 UTC;0.0;951.6;952.2;951.6;3360.4;29.5;20.3;29.5;27.6;21.4;19.4;67.0;56.0;58.0;187.0;6.9;2.6
2020/03/19;1500 UTC;0.0;950.3;951.6;950.3;3777.8;30.2;19.3;30.8;29.2;20.6;17.8;58.0;47.0;52.0;173.0;6.8;2.9
2020/03/19;1600 UTC;0.0;949.3;950.3;949.3;3217.5;31.0;18.9;31.8;29.6;19.5;18.2;53.0;46.0;48.0;181.0;7.1;2.6
2020/03/19;1700 UTC;0.0;948.4;949.3;948.4;2879.9;31.1;20.0;31.5;30.2;20.1;18.2;53.0;46.0;52.0;181.0;7.8;4.0
2020/03/19;1800 UTC;0.0;948.0;948.4;947.9;1682.6;30.0;20.2;31.2;29.7;20.5;19.5;56.0;51.0;56.0;192.0;8.0;4.1
2020/03/19;1900 UTC;0.0;947.7;948.0;947.7;1305.4;29.9;20.8;30.7;29.5;21.0;19.8;58.0;54.0;58.0;100.0;8.3;3.7
2020/03/19;2000 UTC;0.0;948.4;948.4;947.7;551.4;28.3;20.4;30.0;28.3;20.9;20.1;62.0;58.0;62.0;182.0;8.6;4.7
2020/03/19;2100 UTC;0.0;949.2;949.2;948.4;31.2;26.5;20.5;28.4;26.5;20.9;20.4;70.0;62.0;70.0;176.0;8.9;4.4
2020/03/19;2200 UTC;0.0;949.6;949.6;949.2;;25.3;19.7;26.5;25.3;20.5;19.7;72.0;70.0;71.0;33.0;8.7;2.7
2020/03/19;2300 UTC;0.0;950.1;950.1;949.5;;24.2;19.5;25.3;24.2;19.7;19.4;75.0;71.0;75.0;357.0;9.6;2.9
2020/03/20;0000 UTC;0.0;950.8;950.8;950.1;;23.4;20.4;24.2;23.4;20.4;19.5;83.0;75.0;83.0;358.0;8.3;3.7
2020/03/20;0100 UTC;0.0;951.2;951.3;950.8;;23.0;20.9;23.4;23.0;20.9;20.4;88.0;83.0;88.0;350.0;8.6;3.5
2020/03/20;0200 UTC;0.0;950.9;951.2;950.9;;23.0;21.2;23.0;23.0;21.2;20.9;90.0;88.0;90.0;3.0;7.4;1.5
2020/03/20;0300 UTC;0.0;950.0;950.9;950.0;;22.8;21.2;23.0;22.8;21.3;21.2;91.0;90.0;91.0;5.0;5.9;2.1
2020/03/20;0400 UTC;0.0;949.4;950.0;949.3;;22.5;21.1;22.8;22.5;21.2;21.1;92.0;91.0;92.0;353.0;5.7;1.9
2020/03/20;0500 UTC;0.0;949.1;949.4;949.0;;22.2;21.0;22.5;22.2;21.2;20.9;93.0;92.0;93.0;1.0;5.4;1.7
2020/03/20;0600 UTC;0.0;949.1;949.1;949.0;;21.7;20.5;22.2;21.7;21.0;20.5;93.0;93.0;93.0;345.0;3.7;0.7
2020/03/20;0700 UTC;0.0;949.5;949.5;949.0;;21.3;20.2;21.7;21.3;20.6;20.2;94.0;93.0;94.0;357.0;2.1;0.4
2020/03/20;0800 UTC;0.0;949.8;949.8;949.5;;21.0;20.0;21.3;21.0;20.3;20.0;94.0;94.0;94.0;349.0;1.3;0.0
2020/03/20;0900 UTC;0.0;950.4;950.4;949.8;74.3;21.8;21.0;21.8;21.0;21.0;20.0;95.0;94.0;95.0;346.0;1.4;0.3
2020/03/20;1000 UTC;0.0;951.3;951.3;950.4;492.7;23.4;22.2;23.5;21.8;22.3;21.0;95.0;92.0;93.0;348.0;2.7;1.1
2020/03/20;1100 UTC;0.0;951.9;951.9;951.3;1447.0;25.8;21.5;26.0;23.4;23.0;21.5;93.0;77.0;77.0;358.0;4.6;2.1
2020/03/20;1200 UTC;0.0;952.1;952.1;951.8;2441.9;27.5;20.3;27.9;25.7;21.8;20.2;77.0;65.0;65.0;284.0;5.5;2.8
2020/03/20;1300 UTC;0.0;951.8;952.1;951.8;2900.5;29.1;20.4;29.1;27.3;21.1;19.8;66.0;59.0;60.0;359.0;5.5;1.7
2020/03/20;1400 UTC;0.0;951.3;951.8;951.3;3217.9;29.6;20.1;30.2;28.4;20.7;18.6;60.0;54.0;57.0;187.0;6.4;3.3
2020/03/20;1500 UTC;0.0;950.6;951.3;950.6;3174.6;29.3;19.8;31.5;29.2;20.9;19.4;57.0;52.0;57.0;216.0;7.6;3.6
2020/03/20;1600 UTC;0.0;949.7;950.6;949.7;1515.4;30.7;19.6;30.8;29.2;20.3;19.2;57.0;52.0;52.0;344.0;6.3;2.5
2020/03/20;1700 UTC;0.0;948.8;949.7;948.8;2649.5;30.8;19.3;32.1;30.2;20.2;18.8;52.0;47.0;50.0;178.0;7.6;3.1
2020/03/20;1800 UTC;0.0;948.0;948.8;948.0;1982.4;31.4;18.9;31.8;30.3;19.9;18.7;52.0;47.0;47.0;165.0;7.1;2.0
2020/03/20;1900 UTC;0.0;948.2;948.2;947.9;742.9;30.1;19.5;31.9;30.1;19.5;18.5;53.0;46.0;53.0;240.0;7.1;3.3
2020/03/20;2000 UTC;0.0;948.7;948.7;948.1;310.8;26.9;21.7;30.0;26.9;22.1;19.5;74.0;53.0;73.0;168.0;8.4;4.2
2020/03/20;2100 UTC;0.0;949.2;949.2;948.7;31.3;25.4;20.3;26.9;25.4;21.7;20.3;75.0;72.0;73.0;172.0;9.3;4.1
2020/03/20;2200 UTC;0.0;950.0;950.0;949.2;;24.4;21.1;25.5;24.4;21.1;20.1;82.0;73.0;82.0;360.0;8.6;3.8
2020/03/20;2300 UTC;0.0;951.0;951.0;950.0;;24.0;21.5;24.4;24.0;21.5;21.1;86.0;82.0;86.0;18.0;7.0;2.6
2020/03/21;0000 UTC;0.0;951.7;951.7;951.0;;23.8;21.6;24.0;23.8;21.6;21.4;87.0;86.0;87.0;358.0;6.2;1.9
2020/03/21;0100 UTC;0.0;952.1;952.1;951.6;;23.5;21.5;23.8;23.5;21.6;21.5;89.0;87.0;88.0;353.0;4.7;2.3
2020/03/21;0200 UTC;0.0;952.1;952.2;952.1;;23.4;21.6;23.6;23.4;21.6;21.5;90.0;88.0;90.0;5.0;4.7;1.8
2020/03/21;0300 UTC;0.0;951.5;952.1;951.5;;23.0;21.5;23.4;23.0;21.6;21.4;91.0;90.0;91.0;351.0;3.6;1.2
2020/03/21;0400 UTC;0.0;950.9;951.5;950.9;;22.8;21.4;23.0;22.8;21.5;21.4;92.0;91.0;92.0;360.0;3.4;1.6
2020/03/21;0500 UTC;0.0;950.3;950.9;950.3;;22.6;21.3;22.8;22.6;21.4;21.3;92.0;92.0;92.0;356.0;4.7;1.3
2020/03/21;0600 UTC;0.0;950.3;950.4;950.1;;22.1;21.0;22.6;22.1;21.3;21.0;93.0;92.0;93.0;357.0;3.3;0.7
2020/03/21;0700 UTC;0.0;950.3;950.4;950.1;;21.7;20.7;22.1;21.7;21.0;20.6;94.0;93.0;94.0;345.0;1.5;0.3
2020/03/21;0800 UTC;0.0;950.6;950.6;950.3;;21.8;20.9;21.9;21.7;21.0;20.7;94.0;94.0;94.0;357.0;1.8;1.1
2020/03/21;0900 UTC;0.0;951.1;951.1;950.6;82.0;22.1;21.0;22.1;21.7;21.1;20.7;94.0;94.0;94.0;356.0;1.9;1.0
2020/03/21;1000 UTC;0.0;951.4;951.4;951.1;741.0;24.0;21.9;24.0;22.1;22.3;21.1;94.0;88.0;88.0;357.0;2.1;0.9
2020/03/21;1100 UTC;0.0;952.0;952.0;951.4;1671.9;25.9;20.0;26.2;24.0;22.4;20.0;88.0;70.0;70.0;156.0;3.4;1.9
2020/03/21;1200 UTC;0.0;952.3;952.3;952.0;2490.6;27.6;20.5;27.9;25.9;21.4;20.0;73.0;64.0;65.0;289.0;3.9;1.0
2020/03/21;1300 UTC;0.0;952.1;952.4;952.1;2677.9;29.1;19.6;29.3;27.6;21.0;19.3;65.0;57.0;57.0;186.0;3.8;1.3
2020/03/21;1400 UTC;0.0;951.7;952.1;951.7;2002.8;30.3;20.2;30.5;28.5;20.8;19.1;60.0;54.0;55.0;178.0;4.1;1.8
2020/03/21;1500 UTC;0.0;950.8;951.7;950.8;2701.2;32.8;19.6;33.0;29.1;20.4;18.9;56.0;46.0;46.0;177.0;4.3;1.9
2020/03/21;1600 UTC;0.0;949.8;950.8;949.8;2787.1;33.3;18.8;33.3;30.8;19.9;17.9;49.0;42.0;42.0;175.0;4.9;1.2
2020/03/21;1700 UTC;0.0;948.6;949.8;948.6;2211.4;33.1;19.0;33.3;31.2;19.1;17.2;46.0;40.0;43.0;166.0;4.7;2.5
2020/03/21;1800 UTC;0.0;948.2;948.6;948.2;1496.7;31.2;19.5;33.2;31.2;19.8;18.8;50.0;43.0;50.0;179.0;6.1;3.2
2020/03/21;1900 UTC;0.0;948.4;948.4;948.2;1318.6;31.4;20.0;32.1;31.0;20.3;19.6;51.0;49.0;51.0;282.0;7.0;3.6
2020/03/21;2000 UTC;0.0;949.6;949.6;948.3;271.5;29.4;19.8;31.8;29.4;20.2;19.6;56.0;50.0;56.0;360.0;7.7;3.4
2020/03/21;2100 UTC;0.0;950.7;950.7;949.6;13.8;28.2;20.9;29.4;28.2;20.9;19.3;64.0;56.0;64.0;353.0;6.4;2.5
2020/03/21;2200 UTC;0.0;951.5;951.5;950.7;;26.1;21.8;28.2;26.1;21.9;21.0;77.0;65.0;77.0;351.0;8.8;4.2
2020/03/21;2300 UTC;0.0;952.6;952.6;951.5;;25.0;21.5;26.1;25.0;21.9;21.5;81.0;77.0;81.0;35.0;9.3;2.9
2020/03/22;0000 UTC;0.0;953.1;953.2;952.5;;24.6;21.3;25.0;24.6;21.5;21.2;82.0;81.0;82.0;4.0;5.4;1.5
2020/03/22;0100 UTC;0.0;953.7;953.7;953.1;;24.3;21.2;24.6;24.3;21.3;21.1;83.0;82.0;83.0;133.0;4.6;1.0
2020/03/22;0200 UTC;0.0;953.3;953.7;953.3;;23.8;21.2;24.3;23.8;21.2;21.0;85.0;83.0;85.0;4.0;2.7;1.5
2020/03/22;0300 UTC;0.0;952.5;953.3;952.5;;23.5;21.1;23.9;23.5;21.3;21.1;87.0;85.0;87.0;352.0;3.0;1.0
2020/03/22;0400 UTC;0.0;952.2;952.5;952.2;;23.3;21.1;23.5;23.2;21.2;20.9;88.0;87.0;88.0;355.0;2.8;1.1
2020/03/22;0500 UTC;0.0;951.6;952.2;951.6;;23.0;21.2;23.3;22.9;21.3;21.1;90.0;88.0;90.0;27.0;3.3;1.5
2020/03/22;0600 UTC;0.0;951.7;951.8;951.6;;22.9;21.2;23.1;22.9;21.3;21.2;90.0;90.0;90.0;353.0;3.2;1.3
2020/03/22;0700 UTC;0.0;951.7;951.8;951.7;;22.5;20.9;23.0;22.5;21.3;20.9;91.0;90.0;91.0;358.0;3.2;1.3
2020/03/22;0800 UTC;0.0;951.6;951.8;951.6;;22.4;21.0;22.5;22.4;21.0;20.9;92.0;91.0;92.0;355.0;2.8;1.1
2020/03/22;0900 UTC;0.0;952.4;952.5;951.6;45.3;22.3;20.9;22.5;22.2;21.1;20.8;92.0;91.0;92.0;135.0;2.9;0.7
2020/03/22;1000 UTC;0.0;953.1;953.1;952.5;670.4;24.4;21.7;24.4;22.3;22.1;20.9;92.0;85.0;85.0;357.0;3.8;1.0
2020/03/22;1100 UTC;0.0;953.6;953.6;953.1;1015.9;25.8;20.3;25.9;24.1;21.7;20.3;85.0;71.0;71.0;352.0;4.0;1.4
2020/03/22;1200 UTC;0.0;953.6;953.8;953.6;2076.2;27.5;20.4;27.9;25.7;21.0;19.8;71.0;64.0;65.0;178.0;3.5;1.2
2020/03/22;1300 UTC;0.0;953.1;953.6;953.1;2864.0;29.9;21.0;30.7;27.5;21.4;19.6;65.0;56.0;59.0;169.0;4.1;1.8
2020/03/22;1400 UTC;0.0;952.5;953.1;952.5;2428.9;30.1;19.9;30.9;28.5;21.2;19.7;61.0;54.0;54.0;157.0;4.6;1.3
2020/03/22;1500 UTC;0.0;951.4;952.5;951.4;2518.0;30.9;20.4;31.4;29.4;21.5;19.8;59.0;53.0;54.0;168.0;4.6;1.6
2020/03/22;1600 UTC;0.0;950.2;951.4;950.2;3131.7;32.8;19.7;33.2;30.9;21.2;19.5;54.0;46.0;46.0;359.0;4.6;2.1
2020/03/22;1700 UTC;0.0;949.7;950.2;949.6;1296.7;29.6;21.2;32.8;29.3;21.2;18.8;61.0;46.0;61.0;1.0;7.4;3.0
2020/03/22;1800 UTC;0.0;949.7;950.0;949.7;744.0;27.3;21.3;29.6;26.2;21.5;20.2;72.0;61.0;70.0;359.0;7.6;2.5
2020/03/22;1900 UTC;0.0;949.8;949.8;949.6;601.6;28.5;20.8;28.6;27.2;21.6;20.8;70.0;63.0;63.0;355.0;6.0;2.0
2020/03/22;2000 UTC;0.0;950.0;950.1;949.8;217.4;28.8;20.7;29.0;28.4;21.3;20.7;64.0;61.0;61.0;182.0;4.6;1.8
2020/03/22;2100 UTC;0.0;950.9;950.9;950.0;22.3;28.1;20.7;28.8;27.9;20.9;20.6;66.0;61.0;64.0;1.0;3.4;0.9
2020/03/22;2200 UTC;0.0;951.7;951.7;950.9;;26.6;21.5;28.2;26.6;21.5;20.2;74.0;62.0;74.0;360.0;7.8;3.6
2020/03/22;2300 UTC;0.0;952.4;952.4;951.6;;25.4;22.3;26.6;25.4;22.3;21.6;83.0;74.0;83.0;10.0;8.0;3.8
2020/03/23;0000 UTC;0.0;953.4;953.4;952.4;;24.7;22.4;25.4;24.7;22.4;22.3;87.0;83.0;87.0;7.0;7.0;1.4
2020/03/23;0100 UTC;0.0;953.2;953.5;953.2;;24.5;22.4;24.7;24.5;22.5;22.4;88.0;87.0;88.0;10.0;4.2;1.8
2020/03/23;0200 UTC;0.0;953.2;953.4;953.2;;24.1;21.9;24.5;24.1;22.4;21.9;89.0;88.0;88.0;9.0;4.2;2.0
2020/03/23;0300 UTC;0.0;952.8;953.2;952.8;;23.5;21.4;24.1;23.5;21.9;21.4;88.0;87.0;88.0;1.0;4.3;1.0
2020/03/23;0400 UTC;0.0;952.0;952.8;952.0;;23.5;21.4;23.6;23.5;21.5;21.4;88.0;88.0;88.0;91.0;4.5;0.5
2020/03/23;0500 UTC;0.0;951.7;952.0;951.7;;23.2;21.4;23.5;23.1;21.5;21.2;89.0;88.0;89.0;358.0;3.5;1.2
2020/03/23;0600 UTC;0.0;951.3;951.7;951.3;;22.9;21.2;23.2;22.9;21.4;21.2;90.0;89.0;90.0;349.0;3.7;0.9
2020/03/23;0700 UTC;0.0;951.3;951.3;950.9;;23.0;20.7;23.0;22.9;21.3;20.7;90.0;87.0;87.0;357.0;4.1;1.5
2020/03/23;0800 UTC;0.0;951.9;951.9;951.3;;22.9;20.3;23.0;22.7;20.7;20.3;87.0;85.0;86.0;360.0;3.8;1.3
2020/03/23;0900 UTC;0.0;952.8;952.8;951.9;74.7;22.8;20.8;22.9;22.4;20.8;20.2;89.0;86.0;88.0;356.0;2.9;0.8
2020/03/23;1000 UTC;0.0;953.6;953.6;952.8;480.5;24.6;21.9;24.6;22.8;21.9;20.9;89.0;85.0;85.0;357.0;3.4;1.3
2020/03/23;1100 UTC;0.0;953.7;953.7;953.5;1471.2;26.5;21.2;26.9;24.2;22.0;21.0;85.0;72.0;73.0;355.0;3.8;1.5
2020/03/23;1200 UTC;0.0;954.1;954.2;953.7;2591.4;28.6;21.4;28.9;26.5;22.1;20.7;73.0;64.0;65.0;176.0;4.0;1.5
2020/03/23;1300 UTC;0.0;953.6;954.1;953.6;2675.9;29.1;20.9;30.8;28.6;21.8;20.4;65.0;56.0;61.0;177.0;4.4;1.9
2020/03/23;1400 UTC;0.0;952.8;953.6;952.8;2698.6;31.2;20.0;32.5;29.1;21.7;19.4;62.0;50.0;52.0;7.0;5.3;1.5
2020/03/23;1500 UTC;0.0;952.0;952.8;952.0;2049.3;30.8;20.1;32.5;30.8;20.9;19.6;54.0;48.0;53.0;141.0;5.0;2.1
2020/03/23;1600 UTC;0.0;950.5;951.9;950.5;2676.5;33.1;18.6;33.5;30.8;20.6;18.1;53.0;42.0;42.0;177.0;5.7;2.5
2020/03/23;1700 UTC;0.0;949.9;950.5;949.7;2106.6;32.3;18.9;34.1;32.2;19.7;18.4;46.0;42.0;45.0;167.0;5.4;1.2
2020/03/23;1800 UTC;28.8;950.4;951.5;949.6;173.9;22.4;21.0;32.4;21.5;21.0;18.7;93.0;45.0;92.0;356.0;9.1;4.9
2020/03/23;1900 UTC;0.2;950.4;950.6;950.1;246.1;23.8;19.1;24.2;22.4;21.0;18.8;92.0;73.0;75.0;353.0;9.2;1.9
2020/03/23;2000 UTC;0.0;951.3;951.3;950.3;94.4;24.6;20.8;24.6;23.5;20.8;19.1;81.0;75.0;80.0;360.0;4.2;0.5
2020/03/23;2100 UTC;0.0;951.5;951.5;951.0;12.9;24.6;20.9;24.9;24.4;21.3;20.8;81.0;79.0;80.0;16.0;6.4;3.3
2020/03/23;2200 UTC;0.0;952.4;952.4;951.5;;24.1;21.1;24.6;24.1;21.1;20.9;83.0;80.0;83.0;207.0;6.4;3.2
2020/03/23;2300 UTC;0.0;952.7;952.7;952.4;;23.8;21.2;24.1;23.8;21.2;21.0;85.0;83.0;85.0;36.0;5.0;1.5
2020/03/24;0000 UTC;0.0;952.8;952.8;952.5;;23.2;20.8;23.9;23.2;21.3;20.8;87.0;85.0;86.0;178.0;5.5;2.7
2020/03/24;0100 UTC;0.0;953.0;953.2;952.8;;23.0;20.8;23.2;22.8;20.9;20.7;88.0;86.0;88.0;347.0;5.5;1.4
2020/03/24;0200 UTC;0.0;952.9;953.1;952.9;;23.0;20.9;23.3;22.9;21.2;20.9;88.0;87.0;88.0;43.0;4.2;0.5
2020/03/24;0300 UTC;0.0;952.4;952.9;952.4;;22.8;21.2;23.1;22.8;21.2;20.9;90.0;88.0;90.0;181.0;2.7;0.2
2020/03/24;0400 UTC;0.0;951.8;952.4;951.8;;22.6;21.2;22.9;22.5;21.3;21.1;92.0;90.0;92.0;15.0;1.4;0.6
2020/03/24;0500 UTC;0.0;951.3;951.8;951.3;;22.4;21.3;22.6;22.2;21.3;21.0;94.0;92.0;94.0;351.0;1.6;0.5
2020/03/24;0600 UTC;0.0;951.1;951.3;951.1;;22.9;21.8;22.9;22.4;21.8;21.3;94.0;93.0;93.0;188.0;1.7;0.2
2020/03/24;0700 UTC;0.0;951.4;951.4;951.0;;22.9;21.7;23.1;22.8;21.9;21.7;93.0;93.0;93.0;6.0;1.4;0.5
2020/03/24;0800 UTC;0.0;951.6;951.7;951.4;;22.9;21.9;22.9;22.8;21.9;21.7;94.0;93.0;94.0;30.0;1.5;0.1
2020/03/24;0900 UTC;0.0;952.1;952.1;951.6;60.1;23.0;22.1;23.0;22.8;22.1;21.8;95.0;94.0;94.0;164.0;1.7;0.8
2020/03/24;1000 UTC;0.0;952.6;952.6;952.1;670.8;24.4;23.0;24.4;22.9;23.1;21.9;95.0;92.0;92.0;8.0;2.1;0.4
2020/03/24;1100 UTC;0.0;952.8;952.8;952.4;1478.3;26.2;22.5;26.8;24.2;24.0;22.5;92.0;80.0;80.0;357.0;3.4;1.3
2020/03/24;1200 UTC;0.0;952.9;953.0;952.8;1956.5;27.9;22.3;28.0;25.8;23.0;22.0;82.0;72.0;72.0;286.0;4.0;2.0
2020/03/24;1300 UTC;0.0;952.4;952.9;952.4;3242.8;29.7;22.2;29.7;27.8;22.5;21.5;72.0;64.0;64.0;181.0;4.0;1.4
2020/03/24;1400 UTC;0.0;951.8;952.4;951.8;2832.8;29.3;21.7;30.0;28.4;22.7;20.9;66.0;62.0;63.0;166.0;4.8;2.3
2020/03/24;1500 UTC;0.0;950.7;951.8;950.7;2829.9;30.2;20.7;30.5;28.9;22.2;20.4;63.0;56.0;57.0;179.0;4.8;2.0
2020/03/24;1600 UTC;0.0;949.6;950.7;949.6;3464.2;30.0;20.9;32.0;30.0;21.9;19.7;58.0;52.0;58.0;358.0;6.5;3.4
2020/03/24;1700 UTC;0.0;948.8;949.6;948.8;2126.0;31.0;20.6;31.4;29.8;21.9;20.2;60.0;53.0;54.0;196.0;6.5;3.0
2020/03/24;1800 UTC;0.0;948.1;948.8;948.1;2440.1;31.7;18.4;32.0;31.0;20.7;17.8;54.0;43.0;45.0;179.0;6.0;2.9
2020/03/24;1900 UTC;0.0;948.4;948.4;948.1;1109.9;31.2;18.5;32.1;31.1;19.4;17.7;48.0;44.0;47.0;179.0;5.6;2.4
2020/03/24;2000 UTC;0.0;948.8;948.8;948.4;201.4;28.5;22.0;31.1;28.5;22.0;18.2;68.0;47.0;68.0;358.0;8.3;3.6
2020/03/24;2100 UTC;0.0;949.5;949.5;948.8;22.3;26.3;22.3;28.4;26.3;22.5;22.0;78.0;68.0;78.0;328.0;9.8;3.6
2020/03/24;2200 UTC;0.0;950.2;950.2;949.5;;25.9;22.3;26.4;25.9;22.4;22.2;81.0;78.0;81.0;103.0;7.9;3.2
2020/03/24;2300 UTC;0.0;950.9;950.9;950.2;;25.1;21.6;25.9;25.1;22.4;21.6;82.0;81.0;81.0;351.0;8.2;3.9
2020/03/25;0000 UTC;0.0;951.4;951.4;950.9;;24.3;21.6;25.0;24.3;21.6;21.4;85.0;81.0;85.0;69.0;8.3;3.7
2020/03/25;0100 UTC;0.0;952.1;952.2;951.5;;23.8;21.8;24.3;23.8;21.9;21.6;88.0;85.0;88.0;174.0;6.3;2.1
2020/03/25;0200 UTC;0.0;951.6;952.2;951.6;;23.7;22.0;23.9;23.7;22.1;21.8;91.0;88.0;90.0;51.0;5.1;1.9
2020/03/25;0300 UTC;0.0;950.9;951.6;950.9;;23.4;22.0;23.7;23.4;22.1;22.0;92.0;90.0;92.0;3.0;4.3;1.5
2020/03/25;0400 UTC;0.0;950.6;950.9;950.6;;23.4;22.1;23.5;23.4;22.2;22.0;93.0;92.0;92.0;19.0;3.7;1.9
2020/03/25;0500 UTC;0.0;950.5;950.8;950.4;;23.4;22.2;23.6;23.4;22.3;22.1;93.0;92.0;93.0;172.0;3.5;1.5
2020/03/25;0600 UTC;0.0;950.1;950.6;950.1;;23.4;22.1;23.5;23.3;22.3;22.1;93.0;93.0;93.0;353.0;2.8;1.0
2020/03/25;0700 UTC;0.0;950.0;950.1;949.9;;23.1;22.0;23.4;23.0;22.1;21.9;93.0;93.0;93.0;169.0;2.7;0.3
2020/03/25;0800 UTC;0.0;950.4;950.4;950.0;;22.6;21.5;23.1;22.6;22.0;21.5;94.0;93.0;94.0;1.0;1.1;0.6
2020/03/25;0900 UTC;0.0;951.5;951.5;950.4;48.9;22.8;22.0;22.8;22.3;22.0;21.4;95.0;94.0;95.0;126.0;2.0;1.3
2020/03/25;1000 UTC;0.0;951.6;951.6;951.5;777.9;24.4;23.2;24.4;22.8;23.2;22.0;95.0;92.0;93.0;179.0;2.1;1.0
2020/03/25;1100 UTC;0.0;952.2;952.2;951.5;1552.4;25.6;21.5;26.7;24.4;24.1;21.4;93.0;77.0;78.0;169.0;3.4;1.7
2020/03/25;1200 UTC;0.0;952.3;952.4;952.2;2139.2;27.7;21.2;28.2;25.6;22.6;20.8;79.0;67.0;68.0;175.0;3.8;1.9
2020/03/25;1300 UTC;0.0;952.1;952.4;952.1;2803.6;29.1;20.7;29.6;27.1;22.2;20.7;71.0;61.0;61.0;192.0;5.6;2.7
2020/03/25;1400 UTC;0.0;951.4;952.1;951.4;2804.0;28.9;20.7;30.1;28.7;21.8;20.4;63.0;59.0;61.0;180.0;5.6;2.4
2020/03/25;1500 UTC;0.0;950.3;951.4;950.3;3543.0;29.8;22.0;30.5;28.3;22.5;20.8;67.0;59.0;63.0;188.0;7.6;3.9
2020/03/25;1600 UTC;0.2;949.4;950.3;949.4;3365.9;30.0;20.7;30.1;27.7;23.9;20.5;75.0;57.0;57.0;182.0;8.2;4.2
2020/03/25;1700 UTC;0.0;948.9;949.4;948.8;2454.6;28.7;22.1;30.6;28.1;22.4;19.9;69.0;55.0;68.0;183.0;9.7;3.8
2020/03/25;1800 UTC;0.0;948.6;949.1;948.6;177.7;25.3;22.1;28.7;25.2;22.1;19.3;82.0;65.0;82.0;73.0;9.4;3.8
2020/03/25;1900 UTC;5.0;950.2;950.2;948.7;141.9;21.6;20.2;25.4;21.6;22.7;20.2;92.0;82.0;92.0;177.0;9.4;2.2
2020/03/25;2000 UTC;13.8;950.4;950.6;950.2;14.4;21.6;21.0;21.7;20.5;21.0;19.6;97.0;92.0;96.0;10.0;5.6;0.6
2020/03/25;2100 UTC;0.0;950.6;950.8;950.2;;21.8;21.0;22.1;21.6;21.4;20.8;96.0;95.0;95.0;239.0;4.9;1.8
2020/03/25;2200 UTC;0.4;950.7;950.7;950.4;;22.1;21.2;22.1;21.7;21.3;20.8;95.0;95.0;95.0;355.0;3.9;0.4
2020/03/25;2300 UTC;0.0;951.5;951.5;950.7;;22.4;21.4;22.4;22.0;21.5;21.2;95.0;94.0;94.0;174.0;2.7;1.3
2020/03/26;0000 UTC;0.0;952.2;952.3;951.5;1.3;22.0;21.0;22.4;22.0;21.5;21.0;94.0;93.0;94.0;178.0;5.0;1.1
2020/03/26;0100 UTC;0.0;952.3;952.3;952.0;;22.1;21.2;22.3;22.0;21.3;21.0;94.0;94.0;94.0;213.0;2.7;0.3
2020/03/26;0200 UTC;0.0;951.9;952.3;951.9;;22.1;21.3;22.3;22.1;21.5;21.2;95.0;94.0;95.0;348.0;2.1;0.3
2020/03/26;0300 UTC;0.0;951.2;951.9;951.2;;22.0;21.3;22.2;22.0;21.4;21.2;96.0;95.0;96.0;327.0;1.2;0.6
2020/03/26;0400 UTC;0.0;950.8;951.2;950.8;;21.5;20.9;22.0;21.5;21.3;20.9;96.0;96.0;96.0;151.0;2.4;0.9
2020/03/26;0500 UTC;0.0;950.5;950.9;950.5;;21.3;20.7;21.5;21.3;20.9;20.7;97.0;96.0;97.0;4.0;2.1;1.0
2020/03/26;0600 UTC;0.0;950.1;950.5;950.0;;21.1;20.6;21.3;21.1;20.8;20.6;97.0;97.0;97.0;3.0;2.1;0.5
2020/03/26;0700 UTC;0.0;950.3;950.3;950.1;;21.2;20.7;21.2;21.0;20.7;20.5;97.0;97.0;97.0;347.0;1.2;0.2
2020/03/26;0800 UTC;0.0;950.5;950.5;950.2;;20.9;20.5;21.2;20.9;20.7;20.4;97.0;97.0;97.0;2.0;1.5;0.8
2020/03/26;0900 UTC;0.0;951.0;951.1;950.5;65.9;21.2;20.7;21.2;20.9;20.7;20.4;97.0;97.0;97.0;356.0;1.5;0.4
2020/03/26;1000 UTC;0.0;951.9;951.9;951.0;856.1;22.9;21.9;23.0;21.2;22.1;20.8;97.0;94.0;94.0;8.0;2.1;0.8
2020/03/26;1100 UTC;0.0;952.2;952.2;951.9;1764.0;25.3;23.0;25.5;22.9;23.4;22.1;96.0;87.0;87.0;191.0;2.1;0.3
2020/03/26;1200 UTC;0.0;952.2;952.2;952.2;2596.3;26.8;20.9;27.0;25.3;23.2;20.2;87.0;68.0;70.0;318.0;4.1;2.2
2020/03/26;1300 UTC;0.0;951.7;952.2;951.7;3048.2;28.0;20.7;28.0;26.5;21.2;20.0;70.0;63.0;65.0;189.0;5.4;2.6
2020/03/26;1400 UTC;0.0;951.1;951.7;951.1;3651.9;29.0;19.5;29.0;27.6;21.0;19.0;65.0;57.0;57.0;171.0;5.8;2.1
2020/03/26;1500 UTC;0.0;950.3;951.1;950.3;3652.3;29.5;18.4;30.0;28.7;20.1;17.9;59.0;50.0;52.0;172.0;6.0;3.0
2020/03/26;1600 UTC;0.0;949.5;950.3;949.5;3462.1;29.7;19.3;30.6;29.4;19.8;17.7;55.0;48.0;54.0;173.0;6.0;2.4
2020/03/26;1700 UTC;0.0;948.8;949.5;948.8;3134.1;30.6;18.5;30.6;29.5;20.0;17.8;55.0;48.0;48.0;47.0;6.0;2.3
2020/03/26;1800 UTC;0.0;948.4;948.8;948.4;2113.5;30.9;18.4;31.4;29.8;18.6;16.4;49.0;43.0;47.0;164.0;5.2;1.7
2020/03/26;1900 UTC;0.0;948.0;948.4;947.8;1361.1;29.9;17.9;31.0;29.9;18.8;17.1;50.0;45.0;49.0;183.0;7.1;3.4
2020/03/26;2000 UTC;0.0;947.8;948.0;947.7;619.4;29.2;17.6;30.1;29.1;18.4;16.5;52.0;44.0;50.0;190.0;7.6;3.4
2020/03/26;2100 UTC;0.0;948.7;948.7;947.8;15.0;27.8;18.7;29.1;27.8;18.7;17.6;58.0;50.0;58.0;176.0;6.8;2.6
2020/03/26;2200 UTC;0.0;949.3;949.3;948.7;;26.0;20.8;27.8;26.0;20.8;18.7;73.0;58.0;73.0;89.0;6.8;3.4
2020/03/26;2300 UTC;0.0;950.3;950.3;949.3;;24.9;21.5;26.0;24.9;21.6;20.9;81.0;73.0;81.0;196.0;7.1;3.2
2020/03/27;0000 UTC;0.0;950.9;950.9;950.3;;24.2;21.7;25.0;24.2;21.9;21.5;86.0;82.0;86.0;159.0;8.0;3.8
2020/03/27;0100 UTC;0.0;951.3;951.3;950.9;;23.7;21.7;24.2;23.7;21.9;21.7;89.0;86.0;89.0;359.0;6.4;2.4
2020/03/27;0200 UTC;0.0;951.0;951.3;951.0;;23.3;21.6;23.7;23.3;21.8;21.6;90.0;89.0;90.0;356.0;6.1;2.7
2020/03/27;0300 UTC;0.0;950.4;951.0;950.4;;23.0;21.7;23.3;23.0;21.8;21.6;92.0;90.0;92.0;14.0;6.0;2.0
2020/03/27;0400 UTC;0.0;950.2;950.4;950.2;;22.9;21.9;23.1;22.9;21.9;21.7;94.0;92.0;94.0;132.0;5.2;1.6
2020/03/27;0500 UTC;0.0;949.9;950.2;949.8;;22.9;22.0;23.0;22.9;22.1;21.9;95.0;94.0;95.0;187.0;3.8;1.6
2020/03/27;0600 UTC;0.0;949.5;949.9;949.5;;23.0;22.1;23.1;22.9;22.2;22.0;95.0;94.0;94.0;193.0;3.6;1.5
2020/03/27;0700 UTC;0.0;949.2;949.5;949.2;;22.8;21.9;23.0;22.8;22.1;21.9;95.0;94.0;95.0;181.0;2.6;0.3
2020/03/27;0800 UTC;0.0;949.5;949.5;949.2;;22.5;21.7;22.8;22.4;21.9;21.6;96.0;95.0;96.0;179.0;1.2;0.4
2020/03/27;0900 UTC;0.0;950.1;950.1;949.5;52.4;22.7;22.0;22.7;22.4;22.0;21.7;96.0;95.0;96.0;173.0;1.4;0.5
2020/03/27;1000 UTC;0.0;950.6;950.6;950.1;757.1;24.2;23.1;24.2;22.6;23.1;21.9;96.0;93.0;93.0;179.0;2.5;1.5
2020/03/27;1100 UTC;0.0;950.9;951.0;950.6;1404.0;25.7;22.0;25.7;24.0;23.2;21.4;93.0;80.0;80.0;177.0;4.5;1.8
2020/03/27;1200 UTC;0.0;951.6;951.6;950.9;2598.3;27.5;21.6;27.5;25.7;22.1;21.0;80.0;70.0;70.0;182.0;6.0;3.0
2020/03/27;1300 UTC;0.0;951.5;951.8;951.5;2339.6;26.7;20.5;27.5;26.4;21.6;20.0;71.0;66.0;69.0;172.0;7.2;3.6
2020/03/27;1400 UTC;0.0;950.7;951.5;950.7;2808.7;28.3;20.8;28.3;26.7;21.2;20.3;69.0;64.0;64.0;179.0;6.8;3.7
2020/03/27;1500 UTC;0.0;950.0;950.7;949.9;3177.9;28.6;20.7;29.3;27.6;21.7;20.2;66.0;60.0;62.0;178.0;6.8;3.2
2020/03/27;1600 UTC;0.0;949.4;950.0;949.2;2298.1;25.9;20.8;29.2;25.9;21.3;19.9;73.0;59.0;73.0;180.0;12.3;5.9
2020/03/27;1700 UTC;0.2;949.2;949.5;949.2;992.1;26.1;22.6;26.1;23.7;22.8;20.4;87.0;73.0;81.0;184.0;12.3;1.9
2020/03/27;1800 UTC;0.0;948.5;949.2;948.5;1470.0;26.8;20.1;27.0;26.0;22.5;19.8;81.0;66.0;67.0;178.0;4.5;2.6
2020/03/27;1900 UTC;0.0;948.6;948.7;948.5;1012.3;26.4;21.4;26.9;26.4;21.5;20.0;74.0;66.0;74.0;180.0;6.0;2.6
2020/03/27;2000 UTC;0.2;949.7;949.7;948.6;396.8;24.4;22.3;26.8;24.1;22.3;21.3;89.0;74.0;88.0;174.0;8.8;3.7
2020/03/27;2100 UTC;0.0;949.7;949.7;949.5;29.1;24.0;21.6;24.3;24.0;22.2;21.5;88.0;86.0;86.0;179.0;7.1;2.5
2020/03/27;2200 UTC;0.0;950.1;950.1;949.6;;23.9;21.3;24.1;23.9;21.5;21.2;86.0;85.0;85.0;177.0;5.0;2.2
2020/03/27;2300 UTC;0.0;950.7;950.7;950.1;;23.3;21.1;23.9;23.3;21.3;21.1;88.0;85.0;88.0;172.0;5.6;2.1
2020/03/28;0000 UTC;0.0;951.4;951.4;950.7;;22.9;21.2;23.3;22.9;21.3;21.1;90.0;88.0;90.0;170.0;5.6;3.1
2020/03/28;0100 UTC;0.0;952.0;952.0;951.4;;22.6;21.2;22.9;22.6;21.3;21.2;91.0;90.0;91.0;177.0;5.6;1.2
2020/03/28;0200 UTC;0.0;951.5;952.0;951.5;;22.6;21.2;22.6;22.5;21.2;21.1;92.0;91.0;92.0;208.0;3.0;1.5
2020/03/28;0300 UTC;0.0;950.8;951.5;950.8;;22.6;21.2;22.7;22.6;21.3;21.1;92.0;91.0;91.0;170.0;3.1;1.5
2020/03/28;0400 UTC;0.0;950.4;950.8;950.4;;22.2;20.9;22.7;22.2;21.2;20.9;92.0;91.0;92.0;179.0;2.7;1.3
2020/03/28;0500 UTC;0.0;949.9;950.4;949.9;;22.2;21.1;22.2;22.1;21.1;20.9;93.0;92.0;93.0;179.0;2.8;0.8
2020/03/28;0600 UTC;1.0;949.7;949.9;949.7;;21.9;21.0;22.4;21.9;21.4;21.0;95.0;93.0;95.0;184.0;3.4;1.8
2020/03/28;0700 UTC;0.4;949.8;949.8;949.6;;21.8;21.1;21.9;21.6;21.1;20.8;96.0;95.0;96.0;174.0;3.4;1.2
2020/03/28;0800 UTC;0.0;950.1;950.1;949.8;;21.9;21.3;22.0;21.8;21.4;21.1;96.0;96.0;96.0;179.0;3.3;1.0
2020/03/28;0900 UTC;0.0;950.6;950.6;950.1;44.7;21.8;21.3;21.9;21.7;21.3;21.2;97.0;96.0;97.0;177.0;2.2;0.7
2020/03/28;1000 UTC;0.0;951.2;951.2;950.6;396.1;22.7;22.0;22.7;21.8;22.2;21.3;97.0;96.0;96.0;180.0;2.6;1.3
2020/03/28;1100 UTC;0.0;951.6;951.6;951.1;1384.5;24.3;22.8;24.7;22.7;23.7;22.0;97.0;90.0;91.0;180.0;4.9;2.3
2020/03/28;1200 UTC;0.0;951.9;952.0;951.6;1488.9;25.7;22.5;25.7;24.2;23.1;21.7;91.0;83.0;83.0;181.0;7.0;3.8
2020/03/28;1300 UTC;0.0;952.1;952.2;951.8;2188.5;26.4;21.2;26.7;24.8;22.8;20.8;85.0;72.0;73.0;192.0;7.1;4.4
2020/03/28;1400 UTC;0.0;951.5;952.1;951.5;3744.6;28.7;21.2;28.7;26.4;21.6;20.2;73.0;63.0;64.0;168.0;8.2;3.3
2020/03/28;1500 UTC;0.2;951.0;951.6;951.0;1897.8;27.2;20.4;28.8;27.0;21.2;19.5;67.0;62.0;67.0;139.0;9.1;4.9
2020/03/28;1600 UTC;0.0;950.2;951.0;950.2;2770.2;28.3;19.9;29.2;26.9;21.2;19.7;69.0;58.0;60.0;193.0;8.9;4.2
2020/03/28;1700 UTC;0.0;949.6;950.3;949.6;2381.1;28.9;20.5;29.3;27.5;21.2;19.6;65.0;59.0;61.0;172.0;8.7;3.7
2020/03/28;1800 UTC;0.0;949.2;949.6;949.1;2465.6;29.2;20.5;29.5;28.6;20.6;19.2;61.0;56.0;59.0;184.0;9.2;5.1
2020/03/28;1900 UTC;0.0;949.5;949.5;949.2;1587.9;28.7;18.9;29.6;28.5;21.0;18.5;62.0;54.0;56.0;170.0;9.0;4.2
2020/03/28;2000 UTC;0.0;950.0;950.0;949.4;559.6;27.3;19.7;28.8;27.3;19.7;18.0;63.0;53.0;63.0;196.0;8.5;5.3
2020/03/28;2100 UTC;0.0;950.5;950.5;949.9;11.9;26.3;19.7;27.3;26.3;19.8;19.5;67.0;63.0;67.0;203.0;8.4;3.8
2020/03/28;2200 UTC;0.0;951.2;951.2;950.5;;25.6;20.0;26.3;25.6;20.0;19.6;71.0;67.0;71.0;188.0;6.6;3.5
2020/03/28;2300 UTC;0.0;951.8;951.8;951.1;;24.6;20.5;25.6;24.6;20.5;19.9;78.0;71.0;78.0;205.0;5.8;3.6
2020/03/29;0000 UTC;0.0;952.2;952.2;951.8;;24.0;21.3;24.6;24.0;21.3;20.5;85.0;78.0;85.0;189.0;6.0;3.4
2020/03/29;0100 UTC;0.0;952.4;952.4;952.1;;23.4;21.6;24.0;23.4;21.6;21.3;90.0;85.0;90.0;185.0;6.6;3.1
2020/03/29;0200 UTC;0.0;952.3;952.5;952.3;;23.0;21.6;23.4;23.0;21.7;21.6;92.0;90.0;92.0;192.0;5.6;1.6
2020/03/29;0300 UTC;0.0;951.6;952.3;951.6;;22.7;21.6;23.0;22.7;21.6;21.6;93.0;92.0;93.0;143.0;2.9;0.8
2020/03/29;0400 UTC;0.0;951.0;951.6;951.0;;22.8;21.6;22.9;22.7;21.7;21.6;93.0;93.0;93.0;184.0;2.4;0.9
2020/03/29;0500 UTC;0.0;950.4;951.0;950.4;;22.8;21.7;22.8;22.8;21.7;21.6;93.0;93.0;93.0;174.0;2.4;1.0
2020/03/29;0600 UTC;0.0;950.7;950.7;950.1;;22.8;21.7;22.9;22.7;21.7;21.5;93.0;93.0;93.0;199.0;2.1;1.2
2020/03/29;0700 UTC;0.0;950.5;950.7;950.4;;22.3;21.2;22.9;22.2;21.7;21.2;94.0;93.0;94.0;180.0;1.9;0.1
2020/03/29;0800 UTC;0.0;950.7;950.7;950.5;;22.5;21.5;22.6;22.2;21.6;21.2;94.0;94.0;94.0;172.0;1.3;0.2
2020/03/29;0900 UTC;0.0;951.3;951.3;950.7;53.0;22.6;21.7;22.7;22.3;21.7;21.4;95.0;94.0;94.0;158.0;1.3;0.2
2020/03/29;1000 UTC;0.0;951.9;951.9;951.3;355.2;23.5;22.4;23.5;22.6;22.4;21.7;95.0;93.0;93.0;177.0;3.1;1.1
2020/03/29;1100 UTC;0.0;952.3;952.3;951.9;777.7;24.5;22.5;24.6;23.5;22.8;22.3;93.0;89.0;89.0;176.0;4.2;2.1
2020/03/29;1200 UTC;0.0;952.5;952.6;952.2;1912.2;26.4;21.5;26.8;24.4;23.0;21.3;89.0;75.0;75.0;181.0;5.7;2.8
2020/03/29;1300 UTC;0.0;952.3;952.5;952.3;2457.2;27.7;21.5;28.0;26.2;22.0;20.9;76.0;68.0;69.0;184.0;6.3;2.5
2020/03/29;1400 UTC;0.0;951.6;952.3;951.6;3185.1;28.8;21.2;29.6;27.2;22.4;20.9;71.0;62.0;64.0;181.0;5.5;2.2
2020/03/29;1500 UTC;0.0;950.9;951.6;950.8;2522.5;29.7;20.6;29.9;28.6;21.8;19.8;65.0;57.0;58.0;179.0;6.2;2.7
2020/03/29;1600 UTC;0.0;949.6;950.9;949.6;2619.2;30.4;20.8;31.0;29.5;21.5;19.9;60.0;55.0;56.0;183.0;5.9;2.1
2020/03/29;1700 UTC;0.0;949.1;949.6;949.0;1840.4;28.9;22.9;31.1;28.6;22.9;19.8;70.0;53.0;70.0;179.0;8.3;3.2
2020/03/29;1800 UTC;0.0;949.9;949.9;948.8;632.1;26.1;21.6;29.9;26.1;23.3;21.3;76.0;67.0;76.0;5.0;9.0;2.9
2020/03/29;1900 UTC;2.6;949.6;949.9;949.5;239.3;24.0;22.5;26.2;23.7;22.6;20.8;92.0;75.0;91.0;348.0;8.3;3.0
2020/03/29;2000 UTC;6.0;950.0;950.1;949.7;105.3;23.1;22.3;24.3;22.2;22.9;21.4;96.0;91.0;95.0;197.0;10.3;3.6
2020/03/29;2100 UTC;0.0;950.4;950.4;949.9;11.0;23.7;22.7;23.7;23.1;22.8;22.3;96.0;94.0;95.0;202.0;6.4;2.1
2020/03/29;2200 UTC;0.0;951.2;951.2;950.4;;23.8;23.0;23.9;23.7;23.0;22.7;95.0;95.0;95.0;179.0;5.5;3.1
2020/03/29;2300 UTC;1.2;951.9;951.9;951.2;1.0;23.4;22.7;23.9;23.3;23.0;22.6;96.0;95.0;96.0;199.0;6.8;4.4
2020/03/30;0000 UTC;0.2;952.5;952.6;951.9;;23.4;22.7;23.5;23.3;22.9;22.6;96.0;96.0;96.0;193.0;6.4;2.7
2020/03/30;0100 UTC;0.0;952.5;952.5;952.3;;23.2;22.6;23.4;23.1;22.7;22.5;96.0;96.0;96.0;192.0;5.4;1.9
2020/03/30;0200 UTC;0.0;952.3;952.6;952.3;;23.0;22.4;23.2;22.9;22.6;22.4;97.0;96.0;97.0;192.0;3.8;1.6
2020/03/30;0300 UTC;1.8;951.5;952.3;951.5;;22.7;22.2;23.1;22.7;22.6;22.2;97.0;97.0;97.0;172.0;4.1;1.2
2020/03/30;0400 UTC;0.0;950.8;951.5;950.8;;22.7;22.3;22.9;22.7;22.4;22.2;97.0;97.0;97.0;180.0;2.9;0.6
2020/03/30;0500 UTC;0.0;949.8;950.8;949.8;;22.6;22.1;22.8;22.6;22.3;22.1;97.0;97.0;97.0;180.0;2.6;1.2
2020/03/30;0600 UTC;0.0;949.9;950.0;949.8;;22.3;21.8;22.7;22.3;22.2;21.8;98.0;97.0;97.0;176.0;5.1;2.3
2020/03/30;0700 UTC;1.6;950.0;950.1;949.9;;22.0;21.7;22.4;21.9;21.9;21.6;98.0;97.0;98.0;178.0;5.9;2.7
2020/03/30;0800 UTC;0.0;950.3;950.3;950.0;;22.3;21.9;22.3;22.0;21.9;21.6;98.0;98.0;98.0;174.0;5.9;1.8
2020/03/30;0900 UTC;0.0;950.6;950.6;950.2;56.5;22.2;21.8;22.3;22.1;22.0;21.7;98.0;98.0;98.0;179.0;4.4;2.3
2020/03/30;1000 UTC;0.0;951.3;951.3;950.6;270.8;22.5;22.0;22.5;22.2;22.0;21.8;98.0;97.0;97.0;187.0;5.8;2.7
2020/03/30;1100 UTC;0.0;952.2;952.2;951.3;482.9;23.0;22.3;23.0;22.5;22.4;21.9;97.0;96.0;96.0;191.0;7.2;4.5
2020/03/30;1200 UTC;0.0;951.9;952.4;951.8;662.6;23.3;21.9;23.4;23.0;22.5;21.9;96.0;92.0;92.0;180.0;7.2;2.1
2020/03/30;1300 UTC;0.0;951.6;951.9;951.6;499.5;23.4;21.6;23.5;23.3;22.1;21.5;93.0;89.0;90.0;165.0;4.5;1.9
2020/03/30;1400 UTC;0.0;951.1;951.7;951.1;629.5;23.7;21.3;23.8;23.3;21.7;21.3;90.0;86.0;86.0;189.0;5.3;3.2
2020/03/30;1500 UTC;0.0;949.8;951.1;949.8;1015.7;24.3;21.6;24.5;23.7;22.0;21.3;87.0;84.0;85.0;174.0;5.9;2.0
2020/03/30;1600 UTC;0.0;947.8;949.8;947.8;992.3;25.1;21.8;25.1;24.2;22.0;21.4;85.0;82.0;82.0;184.0;4.1;1.6
2020/03/30;1700 UTC;0.0;948.5;948.6;947.8;619.5;24.2;21.9;25.2;24.2;22.0;21.4;87.0;81.0;87.0;192.0;7.5;3.2
2020/03/30;1800 UTC;0.2;948.4;948.5;948.2;400.4;24.0;22.2;24.2;23.4;22.3;21.4;91.0;87.0;90.0;187.0;8.9;3.0
2020/03/30;1900 UTC;0.0;948.6;948.6;948.2;642.6;24.3;22.0;24.4;23.9;22.4;21.9;90.0;87.0;87.0;176.0;7.0;2.4
2020/03/30;2000 UTC;0.0;949.2;949.2;948.6;210.1;23.8;21.7;24.3;23.8;22.0;21.7;88.0;87.0;88.0;179.0;5.1;2.0
2020/03/30;2100 UTC;0.0;949.6;949.6;949.2;8.1;23.7;21.6;23.8;23.7;21.7;21.5;88.0;88.0;88.0;195.0;3.4;2.0
2020/03/30;2200 UTC;0.0;950.2;950.2;949.6;;23.7;21.4;23.9;23.7;21.9;21.4;89.0;87.0;87.0;185.0;5.0;2.7
2020/03/30;2300 UTC;0.0;950.9;950.9;950.2;;23.3;21.2;23.7;23.3;21.4;21.2;88.0;87.0;88.0;173.0;4.4;1.8
2020/03/31;0000 UTC;0.0;951.1;951.2;950.9;;23.2;21.3;23.3;23.1;21.3;21.2;89.0;88.0;89.0;184.0;4.8;1.5
2020/03/31;0100 UTC;0.0;951.3;951.3;951.1;;23.0;21.3;23.2;23.0;21.4;21.3;91.0;89.0;91.0;169.0;2.7;1.4
2020/03/31;0200 UTC;0.0;950.9;951.3;950.8;;22.9;21.5;23.0;22.9;21.5;21.3;92.0;91.0;92.0;177.0;2.6;0.4
2020/03/31;0300 UTC;0.0;950.2;950.9;950.2;;22.6;21.4;23.0;22.6;21.5;21.4;93.0;92.0;93.0;164.0;1.5;0.7
2020/03/31;0400 UTC;0.0;949.8;950.2;949.8;;22.6;21.6;22.7;22.5;21.6;21.4;94.0;93.0;94.0;170.0;1.5;0.5
2020/03/31;0500 UTC;0.0;949.2;949.8;949.2;;22.4;21.6;22.6;22.4;21.6;21.5;95.0;94.0;95.0;174.0;1.8;0.6
2020/03/31;0600 UTC;0.0;949.0;949.3;948.9;;22.5;21.7;22.5;22.2;21.7;21.5;96.0;95.0;96.0;172.0;2.1;0.5
2020/03/31;0700 UTC;0.0;949.2;949.6;948.9;;22.5;21.8;22.6;22.4;21.9;21.7;96.0;96.0;96.0;175.0;3.5;1.6
2020/03/31;0800 UTC;0.0;949.6;949.6;948.7;;22.4;21.7;22.5;22.3;21.8;21.6;96.0;96.0;96.0;182.0;3.5;1.2
2020/03/31;0900 UTC;0.0;950.3;950.3;949.6;33.1;22.5;21.8;22.5;22.4;21.9;21.7;96.0;96.0;96.0;179.0;3.2;1.5
2020/03/31;1000 UTC;0.0;951.1;951.1;950.3;270.4;22.9;22.2;23.0;22.4;22.3;21.8;96.0;96.0;96.0;174.0;4.5;2.0
2020/03/31;1100 UTC;0.0;951.5;951.5;951.1;830.8;24.5;23.1;24.5;22.9;23.3;22.2;96.0;92.0;92.0;175.0;4.5;1.9
2020/03/31;1200 UTC;0.0;951.5;951.8;951.5;1269.8;25.3;22.4;25.3;24.3;23.2;22.2;92.0;84.0;84.0;180.0;6.6;3.7
2020/03/31;1300 UTC;0.0;951.3;951.6;951.2;1647.7;26.2;21.7;26.3;25.0;22.4;21.5;84.0;76.0;76.0;182.0;8.9;4.3
2020/03/31;1400 UTC;0.0;950.6;951.3;950.6;1720.2;26.0;21.6;26.5;25.6;22.3;21.5;79.0;76.0;77.0;173.0;7.6;3.8
2020/03/31;1500 UTC;0.4;949.9;950.6;949.9;1907.1;25.7;22.9;27.5;25.1;22.9;21.4;85.0;72.0;85.0;193.0;8.1;2.9
2020/03/31;1600 UTC;1.4;949.0;949.9;949.0;1691.7;26.8;23.0;26.8;24.7;23.8;22.1;88.0;79.0;80.0;180.0;9.6;3.3
2020/03/31;1700 UTC;0.0;948.8;949.0;948.7;1295.5;25.8;21.4;27.1;25.8;23.2;21.4;80.0;76.0;77.0;198.0;9.2;5.4
2020/03/31;1800 UTC;0.0;948.3;948.9;948.2;586.4;25.9;22.1;26.1;25.0;22.5;21.1;81.0;77.0;79.0;190.0;9.2;3.6
2020/03/31;1900 UTC;0.6;948.3;948.3;948.2;201.8;24.9;23.1;25.9;24.5;23.1;21.9;90.0;79.0;89.0;187.0;6.0;2.5
2020/03/31;2000 UTC;0.0;948.5;948.5;948.2;269.0;25.2;22.1;25.3;24.9;23.2;22.1;90.0;83.0;83.0;200.0;6.7;4.1
2020/03/31;2100 UTC;0.0;949.1;949.1;948.5;11.3;24.6;21.8;25.2;24.6;22.1;21.8;85.0;83.0;85.0;194.0;6.7;3.3
2020/03/31;2200 UTC;0.0;949.6;949.6;949.1;;23.8;21.5;24.6;23.7;21.8;21.4;87.0;85.0;87.0;167.0;5.5;2.2
2020/03/31;2300 UTC;0.0;950.4;950.4;949.6;;23.5;21.0;23.8;23.4;21.5;21.0;87.0;86.0;86.0;189.0;5.1;3.0
2020/04/01;0000 UTC;0.0;951.0;951.1;950.4;;23.1;20.7;23.6;23.1;21.0;20.7;87.0;85.0;87.0;194.0;6.3;2.4
2020/04/01;0100 UTC;0.0;951.3;951.4;951.0;;22.7;20.5;23.2;22.7;20.8;20.5;87.0;86.0;87.0;185.0;4.6;2.7
2020/04/01;0200 UTC;0.0;951.3;951.5;951.3;;22.4;20.6;22.7;22.3;20.6;20.4;90.0;87.0;90.0;182.0;4.2;1.7
2020/04/01;0300 UTC;0.0;950.8;951.3;950.8;;22.1;20.7;22.4;22.0;20.7;20.5;92.0;90.0;92.0;177.0;2.8;1.2
2020/04/01;0400 UTC;0.0;950.1;950.8;950.1;;22.3;21.1;22.3;22.0;21.1;20.6;93.0;92.0;93.0;169.0;2.9;1.1
2020/04/01;0500 UTC;0.0;949.8;950.1;949.8;;22.2;21.2;22.3;22.2;21.2;21.1;94.0;93.0;94.0;177.0;2.1;0.9
2020/04/01;0600 UTC;0.0;949.4;949.8;949.4;;22.1;21.3;22.3;22.1;21.4;21.2;95.0;94.0;95.0;180.0;2.2;0.9
2020/04/01;0700 UTC;0.0;949.6;949.7;949.4;;22.1;21.4;22.2;22.1;21.4;21.2;96.0;95.0;96.0;176.0;2.6;0.9
2020/04/01;0800 UTC;0.0;949.9;949.9;949.6;;22.2;21.5;22.2;22.1;21.5;21.4;96.0;95.0;96.0;178.0;3.6;1.7
2020/04/01;0900 UTC;0.4;950.7;950.7;949.9;28.0;22.1;21.6;22.2;22.1;21.7;21.4;97.0;96.0;97.0;177.0;4.4;2.3
2020/04/01;1000 UTC;0.0;951.1;951.1;950.6;390.5;22.7;22.3;22.7;22.1;22.3;21.6;97.0;97.0;97.0;183.0;5.8;2.8
2020/04/01;1100 UTC;0.2;951.5;951.5;951.1;828.4;23.8;23.0;23.9;22.7;23.2;22.2;97.0;95.0;95.0;175.0;8.0;3.1
2020/04/01;1200 UTC;0.0;951.6;951.6;951.4;1576.2;25.2;23.2;25.2;23.5;23.7;22.6;96.0;88.0;88.0;175.0;8.0;3.0
2020/04/01;1300 UTC;0.0;951.5;951.7;951.5;2027.6;26.4;22.3;26.5;25.1;23.5;21.9;88.0;78.0;78.0;189.0;8.4;4.7
2020/04/01;1400 UTC;0.0;950.9;951.5;950.9;3300.8;27.8;21.9;28.1;26.4;23.0;21.4;78.0;69.0;70.0;190.0;8.7;5.3
2020/04/01;1500 UTC;0.0;950.2;950.9;950.2;3688.2;28.1;21.3;28.8;27.5;22.5;20.9;72.0;64.0;66.0;187.0;9.4;5.2
2020/04/01;1600 UTC;0.0;949.7;950.2;949.6;3480.3;27.7;22.0;29.9;27.6;22.8;21.2;71.0;63.0;71.0;152.0;10.0;5.3
2020/04/01;1700 UTC;0.0;949.5;949.7;949.5;2515.5;27.3;22.0;28.5;27.1;23.0;21.7;73.0;70.0;73.0;191.0;11.5;5.5
2020/04/01;1800 UTC;0.0;949.6;949.6;949.4;1806.0;26.9;22.0;27.6;26.9;22.7;21.7;75.0;73.0;75.0;5.0;11.5;3.6
2020/04/01;1900 UTC;0.0;949.8;949.8;949.5;983.6;26.8;22.3;27.2;26.7;22.8;21.9;77.0;75.0;76.0;184.0;8.5;3.7
2020/04/01;2000 UTC;0.0;950.6;950.6;949.8;241.2;26.1;22.1;26.9;26.1;22.6;22.1;79.0;76.0;78.0;197.0;8.4;4.9
2020/04/01;2100 UTC;0.0;951.5;951.5;950.6;19.0;24.9;21.8;26.2;24.9;22.1;21.6;83.0;78.0;83.0;193.0;8.8;3.3
2020/04/01;2200 UTC;0.0;952.3;952.3;951.4;;24.3;22.2;25.1;24.3;22.2;21.8;88.0;83.0;88.0;183.0;6.9;3.5
2020/04/01;2300 UTC;0.0;952.7;952.8;952.3;;23.6;22.1;24.3;23.6;22.3;22.1;91.0;88.0;91.0;203.0;5.9;3.0
2020/04/02;0000 UTC;0.0;952.9;953.0;952.6;;23.3;22.0;23.6;23.3;22.1;22.0;92.0;91.0;92.0;193.0;5.8;2.4
2020/04/02;0100 UTC;0.0;953.1;953.2;952.8;;23.0;21.8;23.4;23.0;22.0;21.8;93.0;92.0;93.0;185.0;3.8;1.2
2020/04/02;0200 UTC;0.0;953.1;953.2;953.0;;22.7;21.6;23.0;22.7;21.8;21.5;93.0;93.0;93.0;166.0;2.6;0.7
2020/04/02;0300 UTC;0.0;952.6;953.1;952.6;;22.9;21.6;22.9;22.6;21.7;21.4;93.0;93.0;93.0;171.0;2.9;1.3
2020/04/02;0400 UTC;0.0;951.8;952.6;951.8;;22.7;21.4;22.9;22.6;21.6;21.3;93.0;92.0;93.0;175.0;3.1;1.0
2020/04/02;0500 UTC;0.0;951.8;951.9;951.6;;22.7;21.5;22.8;22.6;21.5;21.4;93.0;93.0;93.0;177.0;2.9;1.4
2020/04/02;0600 UTC;0.0;951.8;951.8;951.6;;22.5;21.4;22.7;22.4;21.6;21.3;94.0;93.0;94.0;177.0;3.4;1.2
2020/04/02;0700 UTC;0.0;952.0;952.3;951.8;;22.6;21.5;22.6;22.4;21.5;21.4;94.0;94.0;94.0;172.0;2.9;0.8
2020/04/02;0800 UTC;0.0;951.6;952.0;951.1;;21.8;20.9;22.6;21.7;21.5;20.8;95.0;94.0;95.0;160.0;2.1;0.0
2020/04/02;0900 UTC;0.0;952.3;952.3;951.6;67.7;22.4;21.6;22.4;21.7;21.6;20.9;95.0;95.0;95.0;178.0;2.0;1.2
2020/04/02;1000 UTC;0.0;952.8;952.8;952.3;713.9;24.0;22.3;24.0;22.4;22.5;21.6;95.0;90.0;90.0;177.0;2.9;1.3
2020/04/02;1100 UTC;0.0;953.6;953.7;952.8;1086.9;24.5;21.8;24.6;24.0;22.6;21.6;91.0;85.0;85.0;176.0;4.4;2.4
2020/04/02;1200 UTC;0.0;954.0;954.0;953.6;2023.5;25.8;21.3;26.4;24.4;22.6;21.1;86.0;75.0;76.0;175.0;6.9;4.0
2020/04/02;1300 UTC;0.0;953.6;954.0;953.6;2304.3;26.3;21.2;27.2;25.8;21.9;20.8;76.0;71.0;74.0;173.0;7.4;3.5
2020/04/02;1400 UTC;0.0;953.0;953.6;953.0;2191.3;26.8;22.2;27.4;25.5;23.0;21.1;80.0;73.0;76.0;177.0;6.9;2.2
2020/04/02;1500 UTC;0.0;952.1;953.0;952.1;1771.0;27.4;22.4;28.0;26.5;22.8;21.5;77.0;71.0;74.0;186.0;7.2;3.5
2020/04/02;1600 UTC;0.0;950.8;952.1;950.8;3552.3;28.6;21.9;29.0;27.2;22.7;21.2;74.0;65.0;67.0;180.0;7.0;3.7
2020/04/02;1700 UTC;0.0;950.0;950.8;950.0;3197.5;29.9;22.0;29.9;28.6;22.6;21.0;68.0;61.0;63.0;179.0;7.3;3.1
2020/04/02;1800 UTC;0.0;950.4;950.5;949.9;1651.0;27.0;22.4;29.8;27.0;22.9;21.2;76.0;62.0;76.0;179.0;9.1;4.7
2020/04/02;1900 UTC;0.2;950.5;950.6;950.3;773.6;27.1;22.0;27.3;26.4;22.7;22.0;80.0;74.0;74.0;187.0;8.9;3.4
2020/04/02;2000 UTC;0.0;950.8;950.8;950.4;402.9;26.4;22.3;27.2;26.4;22.6;22.0;78.0;74.0;78.0;182.0;7.8;4.7
2020/04/02;2100 UTC;0.0;951.2;951.2;950.7;16.8;25.4;22.3;26.4;25.4;22.4;22.1;83.0;78.0;83.0;194.0;8.1;4.1
2020/04/02;2200 UTC;0.0;951.9;951.9;951.2;;24.4;22.5;25.4;24.4;22.7;22.3;89.0;83.0;89.0;182.0;8.2;4.5
2020/04/02;2300 UTC;0.0;952.5;952.6;951.9;;23.8;22.2;24.5;23.8;22.5;22.1;91.0;89.0;91.0;185.0;7.6;2.8
2020/04/03;0000 UTC;0.0;953.1;953.1;952.5;;23.7;22.2;23.9;23.6;22.3;22.1;92.0;90.0;91.0;184.0;5.3;2.5
2020/04/03;0100 UTC;0.0;952.8;953.2;952.8;;23.7;22.2;23.8;23.7;22.4;22.2;92.0;91.0;91.0;181.0;4.7;2.1
2020/04/03;0200 UTC;0.0;952.5;952.8;952.4;;23.5;22.2;23.7;23.5;22.3;22.1;92.0;91.0;92.0;190.0;4.2;1.6
2020/04/03;0300 UTC;0.0;951.9;952.5;951.9;;23.3;22.1;23.6;23.3;22.3;22.0;93.0;92.0;93.0;180.0;3.4;1.5
2020/04/03;0400 UTC;0.0;951.3;951.9;951.3;;23.1;21.9;23.3;23.1;22.0;21.9;93.0;93.0;93.0;178.0;3.7;1.2
2020/04/03;0500 UTC;0.0;950.5;951.3;950.5;;23.0;21.7;23.2;23.0;21.9;21.7;93.0;92.0;92.0;174.0;3.2;1.0
2020/04/03;0600 UTC;0.0;950.8;950.9;950.5;;23.0;21.6;23.0;22.9;21.7;21.5;92.0;92.0;92.0;179.0;2.6;1.3
2020/04/03;0700 UTC;0.0;951.0;951.3;950.8;;22.7;21.2;23.1;22.7;21.6;21.2;92.0;91.0;91.0;178.0;2.7;0.5
2020/04/03;0800 UTC;0.0;951.3;951.3;951.0;;22.7;21.2;22.7;22.5;21.2;21.0;92.0;91.0;92.0;176.0;2.8;1.5
2020/04/03;0900 UTC;0.0;951.8;951.8;951.2;57.7;23.0;21.6;23.0;22.4;21.6;21.0;92.0;92.0;92.0;179.0;2.8;0.9
2020/04/03;1000 UTC;0.0;952.1;952.2;951.8;822.6;24.1;21.8;24.3;23.0;22.3;21.6;92.0;87.0;87.0;178.0;3.2;1.6
2020/04/03;1100 UTC;0.0;952.9;952.9;952.1;1102.2;24.8;21.6;25.0;24.1;22.5;21.6;87.0;83.0;83.0;179.0;3.5;1.8
2020/04/03;1200 UTC;0.0;953.2;953.2;952.9;2143.6;26.3;21.2;27.0;24.7;22.8;21.2;84.0;73.0;74.0;181.0;5.7;3.3
2020/04/03;1300 UTC;0.0;952.6;953.2;952.6;2904.9;27.7;21.7;27.9;26.0;22.4;20.9;77.0;69.0;70.0;178.0;5.9;2.8
2020/04/03;1400 UTC;0.0;951.5;952.6;951.5;2730.9;28.6;21.7;28.8;27.2;22.4;21.1;71.0;66.0;66.0;185.0;5.9;3.4
2020/04/03;1500 UTC;0.0;950.7;951.5;950.7;2644.7;28.5;21.3;29.9;28.0;22.4;21.0;69.0;63.0;65.0;186.0;6.0;2.5
2020/04/03;1600 UTC;0.0;949.8;950.7;949.8;2296.5;29.3;22.1;29.7;28.1;22.6;21.1;69.0;63.0;65.0;117.0;7.4;2.8
2020/04/03;1700 UTC;0.0;948.9;949.8;948.9;2435.1;29.6;21.5;30.8;28.7;22.9;21.2;65.0;60.0;62.0;189.0;7.6;3.6
2020/04/03;1800 UTC;0.0;948.5;949.0;948.4;1587.4;29.8;21.1;30.5;28.7;22.4;20.3;65.0;57.0;60.0;198.0;7.2;3.5
2020/04/03;1900 UTC;0.0;948.7;948.8;948.5;1262.7;28.5;22.0;30.0;28.5;22.3;20.8;68.0;59.0;68.0;184.0;9.5;5.2
2020/04/03;2000 UTC;0.0;948.8;948.9;948.6;311.6;27.5;21.9;28.5;27.5;22.3;21.8;71.0;68.0;71.0;193.0;9.5;4.1
2020/04/03;2100 UTC;0.0;949.7;949.7;948.7;14.4;26.6;22.1;27.5;26.6;22.1;21.7;76.0;71.0;76.0;184.0;6.8;3.5
2020/04/03;2200 UTC;0.0;950.8;950.8;949.7;;25.9;22.3;26.6;25.9;22.3;22.1;81.0;76.0;81.0;172.0;7.3;3.7
2020/04/03;2300 UTC;0.0;951.2;951.4;950.7;;24.9;22.5;25.9;24.9;22.5;22.2;86.0;81.0;86.0;125.0;7.4;3.4
2020/04/04;0000 UTC;0.0;951.7;951.7;951.2;;24.2;22.4;24.9;24.2;22.6;22.4;90.0;86.0;90.0;340.0;6.2;2.6
2020/04/04;0100 UTC;0.0;951.3;951.7;951.3;;24.0;22.6;24.2;23.9;22.6;22.4;92.0;90.0;92.0;178.0;6.6;2.8
2020/04/04;0200 UTC;0.0;950.9;951.3;950.9;;23.7;22.6;24.0;23.7;22.6;22.5;93.0;92.0;93.0;180.0;5.7;3.0
2020/04/04;0300 UTC;0.0;950.5;951.1;950.5;;23.7;22.6;23.9;23.7;22.7;22.5;94.0;93.0;93.0;172.0;5.8;2.5
2020/04/04;0400 UTC;0.0;950.0;950.5;950.0;;23.6;22.6;23.7;23.6;22.6;22.5;94.0;93.0;94.0;196.0;4.7;1.1
2020/04/04;0500 UTC;0.0;949.8;950.0;949.8;;23.5;22.6;23.7;23.5;22.7;22.6;95.0;94.0;95.0;173.0;4.8;2.6
2020/04/04;0600 UTC;0.0;949.4;949.8;949.4;;23.4;22.5;23.6;23.4;22.7;22.5;95.0;94.0;95.0;181.0;4.4;2.1
2020/04/04;0700 UTC;0.0;949.5;949.5;949.3;;23.1;22.3;23.4;23.1;22.5;22.3;95.0;95.0;95.0;36.0;4.0;1.3
2020/04/04;0800 UTC;0.0;949.8;949.8;949.5;;23.4;22.5;23.4;23.1;22.5;22.3;95.0;95.0;95.0;122.0;3.7;1.4
2020/04/04;0900 UTC;0.0;950.5;950.5;949.8;76.5;23.6;22.7;23.6;23.3;22.7;22.4;95.0;95.0;95.0;183.0;4.0;2.0
2020/04/04;1000 UTC;0.0;951.1;951.1;950.5;607.7;24.3;22.9;24.4;23.5;23.3;22.6;95.0;92.0;92.0;187.0;4.9;2.8
2020/04/04;1100 UTC;0.0;951.8;951.8;951.1;776.8;25.0;23.0;25.1;24.3;23.3;22.7;92.0;88.0;89.0;184.0;5.6;2.7
2020/04/04;1200 UTC;0.0;952.2;952.2;951.7;1671.9;26.8;22.8;26.8;25.0;23.9;22.3;89.0;78.0;79.0;175.0;6.5;2.6
2020/04/04;1300 UTC;0.0;952.0;952.2;952.0;1891.1;28.0;22.9;28.0;26.6;23.1;22.2;79.0;74.0;74.0;176.0;7.0;3.5
2020/04/04;1400 UTC;0.0;951.4;952.0;951.4;2167.1;28.3;22.2;28.3;27.5;22.7;22.1;74.0;69.0;69.0;269.0;7.0;2.4
2020/04/04;1500 UTC;0.0;950.6;951.4;950.6;2352.3;28.8;22.1;29.4;28.2;23.2;21.9;71.0;66.0;67.0;181.0;5.7;3.0
2020/04/04;1600 UTC;0.2;949.5;950.6;949.5;1433.4;27.8;22.8;29.3;27.4;22.9;22.0;75.0;66.0;74.0;11.0;5.4;2.0
2020/04/04;1700 UTC;0.0;949.0;949.5;948.8;2614.7;28.1;22.6;29.9;27.9;23.8;22.2;75.0;65.0;72.0;172.0;13.1;5.4
2020/04/04;1800 UTC;0.2;948.9;949.0;948.7;1205.4;25.6;22.4;28.1;25.6;23.3;21.8;83.0;72.0;83.0;105.0;13.1;4.5
2020/04/04;1900 UTC;0.0;949.8;949.8;948.9;595.0;25.5;22.7;26.3;25.3;22.9;22.3;85.0;81.0;85.0;352.0;8.6;3.8
2020/04/04;2000 UTC;0.0;950.3;950.3;949.6;174.8;25.1;22.9;25.5;25.1;23.0;22.5;88.0;84.0;88.0;76.0;7.9;2.8
2020/04/04;2100 UTC;0.0;950.8;951.0;950.2;10.3;24.7;23.1;25.1;24.6;23.1;22.9;91.0;88.0;91.0;61.0;6.3;2.8
2020/04/04;2200 UTC;0.0;951.7;951.7;950.8;;24.7;23.2;24.7;24.5;23.2;23.0;92.0;90.0;92.0;176.0;6.3;3.0
2020/04/04;2300 UTC;0.0;952.4;952.4;951.7;;24.3;23.2;24.7;24.3;23.2;23.1;93.0;92.0;93.0;54.0;6.2;2.4
2020/04/05;0000 UTC;0.0;953.0;953.0;952.4;;24.2;23.2;24.3;24.1;23.3;23.1;94.0;93.0;94.0;121.0;6.3;2.4
2020/04/05;0100 UTC;0.0;953.0;953.2;953.0;;24.1;23.2;24.2;24.1;23.3;23.1;95.0;94.0;95.0;91.0;5.5;2.4
2020/04/05;0200 UTC;0.0;952.8;953.1;952.7;;24.0;23.1;24.1;23.9;23.2;23.1;95.0;94.0;95.0;175.0;6.0;1.6
2020/04/05;0300 UTC;0.0;952.2;952.8;952.2;;23.9;23.1;24.1;23.9;23.2;23.0;95.0;95.0;95.0;159.0;3.9;2.0
2020/04/05;0400 UTC;0.0;951.3;952.2;951.3;;23.9;23.0;24.0;23.9;23.2;23.0;95.0;95.0;95.0;179.0;4.7;2.3
2020/04/05;0500 UTC;0.0;951.1;951.3;951.0;;23.7;22.9;23.9;23.6;23.1;22.9;96.0;95.0;96.0;192.0;6.3;2.9
2020/04/05;0600 UTC;0.0;950.8;951.1;950.8;;23.7;22.9;23.8;23.6;23.1;22.9;96.0;95.0;95.0;189.0;4.9;2.7
2020/04/05;0700 UTC;0.0;950.9;951.1;950.8;;23.5;22.8;23.8;23.5;23.0;22.8;96.0;95.0;96.0;203.0;5.7;2.9
2020/04/05;0800 UTC;0.0;951.2;951.2;950.9;;23.4;22.8;23.6;23.4;22.9;22.8;96.0;96.0;96.0;188.0;5.0;2.1
2020/04/05;0900 UTC;0.0;951.2;951.3;951.2;58.9;23.5;22.7;23.5;23.4;22.8;22.7;96.0;96.0;96.0;191.0;5.1;3.0
2020/04/05;1000 UTC;0.0;952.0;952.0;951.2;485.9;24.3;23.1;24.3;23.5;23.2;22.8;96.0;93.0;93.0;191.0;5.1;2.4
2020/04/05;1100 UTC;0.0;952.4;952.4;952.0;1245.8;25.6;22.5;26.2;24.2;23.7;22.5;94.0;83.0;83.0;169.0;5.4;2.5
2020/04/05;1200 UTC;0.0;952.7;952.7;952.3;2452.5;27.4;21.7;27.7;25.4;23.2;21.5;84.0;71.0;71.0;184.0;6.0;3.8
2020/04/05;1300 UTC;0.0;952.6;952.8;952.6;2693.3;28.4;22.2;28.5;26.9;22.8;21.6;74.0;69.0;69.0;150.0;6.1;2.6
2020/04/05;1400 UTC;0.0;952.1;952.6;952.0;2827.3;28.7;21.0;29.8;28.3;22.6;21.0;69.0;63.0;63.0;174.0;6.6;2.9
2020/04/05;1500 UTC;0.0;951.3;952.1;951.2;2825.9;30.2;21.3;30.7;28.7;22.6;20.9;65.0;58.0;59.0;178.0;6.3;2.9
2020/04/05;1600 UTC;0.0;950.3;951.3;950.3;2688.6;31.1;21.6;31.1;29.5;22.0;20.4;61.0;54.0;57.0;65.0;7.2;2.9
2020/04/05;1700 UTC;0.0;949.5;950.3;949.5;2050.1;30.8;21.2;31.5;30.3;21.9;20.2;58.0;54.0;57.0;188.0;7.1;3.5
2020/04/05;1800 UTC;2.2;949.3;949.6;949.3;908.6;28.6;22.6;30.8;25.3;25.1;20.5;81.0;57.0;70.0;182.0;12.2;3.7
2020/04/05;1900 UTC;0.0;949.7;949.7;949.3;1372.6;28.9;22.0;29.8;28.6;23.0;21.7;70.0;64.0;66.0;190.0;8.9;4.5
2020/04/05;2000 UTC;0.0;950.3;950.4;949.7;459.6;28.1;22.1;29.5;28.1;22.5;21.8;70.0;65.0;70.0;104.0;10.1;4.4
2020/04/05;2100 UTC;0.0;951.3;951.3;950.3;17.8;26.8;22.5;28.1;26.8;22.5;22.1;77.0;70.0;77.0;195.0;9.5;4.2
2020/04/05;2200 UTC;0.0;952.1;952.1;951.3;;25.9;22.7;26.8;25.9;22.8;22.5;83.0;77.0;83.0;183.0;8.1;3.3
2020/04/05;2300 UTC;0.0;952.9;952.9;952.1;;25.0;22.6;25.9;25.0;22.9;22.6;87.0;83.0;87.0;179.0;8.7;3.8
2020/04/06;0000 UTC;0.0;953.6;953.6;952.9;;24.3;22.6;25.0;24.3;22.7;22.4;90.0;86.0;90.0;204.0;7.6;4.0
2020/04/06;0100 UTC;0.0;953.8;953.9;953.7;;24.1;22.8;24.3;24.0;22.8;22.6;93.0;91.0;93.0;186.0;7.2;2.7
2020/04/06;0200 UTC;0.0;953.6;953.8;953.5;;23.9;22.9;24.1;23.9;23.0;22.8;95.0;93.0;94.0;196.0;5.6;3.1
2020/04/06;0300 UTC;0.0;952.7;953.6;952.7;;23.6;22.8;24.0;23.6;23.0;22.8;95.0;94.0;95.0;193.0;6.9;2.9
2020/04/06;0400 UTC;0.0;952.0;952.7;952.0;;23.4;22.7;23.8;23.4;22.9;22.6;96.0;95.0;96.0;184.0;6.4;2.3
2020/04/06;0500 UTC;0.0;951.7;952.0;951.7;;23.6;22.7;23.6;23.3;22.8;22.6;96.0;95.0;95.0;194.0;5.8;3.5
2020/04/06;0600 UTC;0.0;951.6;951.7;951.5;;23.3;22.6;23.6;23.2;22.7;22.5;96.0;95.0;96.0;188.0;7.1;3.9
2020/04/06;0700 UTC;0.0;951.9;952.0;951.6;;23.2;22.4;23.3;23.2;22.6;22.4;96.0;95.0;95.0;188.0;7.1;3.3
2020/04/06;0800 UTC;0.0;952.2;952.2;951.8;;23.1;22.4;23.2;23.0;22.4;22.4;96.0;95.0;96.0;189.0;6.6;2.7
2020/04/06;0900 UTC;0.0;952.6;952.6;952.2;33.8;23.3;22.6;23.3;23.1;22.6;22.4;96.0;96.0;96.0;183.0;5.8;2.7
2020/04/06;1000 UTC;0.0;953.3;953.4;952.6;644.4;24.4;22.8;24.5;23.2;23.4;22.5;96.0;91.0;91.0;190.0;6.2;3.8
2020/04/06;1100 UTC;0.0;953.8;953.8;953.3;1776.9;26.1;22.6;26.1;24.2;23.6;22.2;92.0;81.0;81.0;189.0;6.4;3.7
2020/04/06;1200 UTC;0.0;954.2;954.3;953.8;2115.9;26.6;22.1;27.6;25.9;23.3;21.5;81.0;74.0;76.0;179.0;6.2;2.4
2020/04/06;1300 UTC;0.0;954.1;954.3;954.1;3037.9;28.4;21.4;28.6;26.6;22.9;20.8;77.0;64.0;66.0;186.0;7.0;3.6
2020/04/06;1400 UTC;0.0;953.3;954.2;953.3;2735.7;29.4;22.3;29.6;28.1;22.5;20.9;67.0;63.0;66.0;178.0;6.4;2.8
2020/04/06;1500 UTC;0.0;952.5;953.3;952.5;2710.0;30.0;20.8;30.3;28.5;22.4;20.4;66.0;57.0;58.0;182.0;5.7;3.2
2020/04/06;1600 UTC;0.0;951.6;952.5;951.6;3007.6;31.0;20.2;31.4;29.5;21.5;19.7;58.0;53.0;53.0;180.0;6.7;3.0
2020/04/06;1700 UTC;0.0;951.0;951.6;951.0;1957.5;29.9;21.7;31.4;29.5;22.1;20.0;63.0;52.0;62.0;176.0;9.4;4.0
2020/04/06;1800 UTC;0.0;950.6;951.0;950.6;2041.4;30.2;20.8;30.9;29.5;22.4;20.8;63.0;57.0;57.0;182.0;7.0;3.9
2020/04/06;1900 UTC;0.0;950.5;950.6;950.4;1294.3;29.1;21.1;30.6;29.1;21.7;20.3;62.0;55.0;62.0;192.0;9.1;4.8
2020/04/06;2000 UTC;0.0;950.9;950.9;950.5;315.3;28.2;21.4;29.3;28.2;21.4;20.9;67.0;61.0;67.0;195.0;9.1;4.1
2020/04/06;2100 UTC;0.0;951.5;951.5;950.9;8.3;26.9;22.0;28.2;26.9;22.0;21.4;75.0;67.0;75.0;197.0;8.0;5.2
2020/04/06;2200 UTC;0.0;952.2;952.2;951.5;;25.7;22.4;26.9;25.7;22.5;22.0;82.0;75.0;82.0;198.0;8.5;4.7
2020/04/06;2300 UTC;0.0;952.9;952.9;952.2;;24.8;22.4;25.7;24.8;22.6;22.3;86.0;82.0;86.0;169.0;8.7;4.2
2020/04/07;0000 UTC;0.0;953.4;953.4;952.8;;24.4;22.6;24.9;24.4;22.6;22.3;90.0;86.0;90.0;194.0;8.2;3.9
2020/04/07;0100 UTC;0.0;953.6;953.9;953.4;;23.9;22.4;24.5;23.9;22.6;22.3;91.0;89.0;91.0;194.0;7.1;3.4
2020/04/07;0200 UTC;0.0;953.0;953.6;953.0;;23.8;22.4;24.0;23.7;22.5;22.3;92.0;91.0;92.0;183.0;7.1;3.0
2020/04/07;0300 UTC;0.0;952.4;953.0;952.4;;23.5;22.2;23.8;23.4;22.5;22.1;93.0;92.0;92.0;188.0;7.3;3.2
2020/04/07;0400 UTC;0.0;951.8;952.4;951.8;;23.0;21.9;23.5;23.0;22.2;21.9;94.0;92.0;94.0;175.0;6.3;2.8
2020/04/07;0500 UTC;0.0;951.4;951.8;951.4;;22.7;21.7;23.0;22.7;22.0;21.7;94.0;94.0;94.0;176.0;5.6;2.4
2020/04/07;0600 UTC;0.0;951.2;951.5;951.1;;22.5;21.4;22.8;22.5;21.7;21.4;94.0;94.0;94.0;172.0;4.4;2.5
2020/04/07;0700 UTC;0.0;951.0;951.2;951.0;;22.4;21.3;22.5;22.4;21.4;21.3;94.0;93.0;93.0;174.0;4.9;2.3
2020/04/07;0800 UTC;0.0;951.2;951.2;950.9;;22.1;21.2;22.4;22.1;21.3;21.1;94.0;93.0;94.0;172.0;3.9;1.8
2020/04/07;0900 UTC;0.0;951.9;952.0;951.2;73.0;22.7;21.7;22.7;22.1;21.7;21.1;95.0;94.0;95.0;176.0;3.2;1.5
2020/04/07;1000 UTC;0.0;952.5;952.5;951.9;675.0;23.7;22.1;23.8;22.6;22.3;21.7;95.0;91.0;91.0;180.0;5.2;2.9
2020/04/07;1100 UTC;0.0;953.2;953.2;952.5;1439.3;25.9;22.2;25.9;23.6;22.5;21.7;91.0;80.0;80.0;181.0;6.3;3.2
2020/04/07;1200 UTC;0.0;953.9;953.9;953.2;2237.7;26.1;20.5;27.1;25.5;22.5;20.3;80.0;71.0;71.0;178.0;7.4;3.0
2020/04/07;1300 UTC;0.0;953.5;953.9;953.5;2383.0;27.5;20.8;28.4;25.8;21.7;20.2;74.0;65.0;67.0;180.0;6.6;3.2
2020/04/07;1400 UTC;0.0;952.8;953.5;952.8;2679.9;29.1;21.5;29.1;27.2;21.9;20.6;70.0;64.0;64.0;180.0;5.7;2.6
2020/04/07;1500 UTC;0.0;951.9;952.8;951.9;2535.8;29.5;20.6;30.0;28.1;21.8;20.2;64.0;59.0;59.0;175.0;6.9;2.7
2020/04/07;1600 UTC;0.0;951.2;951.9;951.2;2439.5;29.1;21.1;30.7;28.9;21.6;20.1;62.0;55.0;62.0;180.0;6.9;3.4
2020/04/07;1700 UTC;0.0;950.5;951.2;950.5;1883.4;29.9;20.7;30.1;29.1;21.7;20.5;63.0;58.0;58.0;181.0;6.6;2.2
2020/04/07;1800 UTC;0.0;950.3;950.5;950.2;960.1;28.8;20.8;30.0;28.5;22.1;20.7;66.0;58.0;62.0;177.0;7.9;4.1
2020/04/07;1900 UTC;0.0;950.4;950.4;950.2;932.4;29.1;21.4;29.8;28.4;22.1;20.3;66.0;61.0;63.0;201.0;7.9;3.2
2020/04/07;2000 UTC;0.0;950.9;951.0;950.4;426.3;27.8;21.6;29.1;27.8;21.6;21.2;69.0;63.0;69.0;197.0;8.2;4.7
2020/04/07;2100 UTC;0.0;951.5;951.5;950.9;11.5;26.4;21.4;27.9;26.4;21.6;21.4;74.0;69.0;74.0;197.0;9.3;4.8
2020/04/07;2200 UTC;0.0;952.2;952.2;951.5;;25.3;21.6;26.4;25.3;21.7;21.4;80.0;74.0;80.0;186.0;8.3;4.0
2020/04/07;2300 UTC;0.0;952.7;952.7;952.2;;24.5;21.6;25.3;24.5;21.7;21.5;84.0;80.0;84.0;186.0;8.4;3.8
2020/04/08;0000 UTC;0.0;952.9;952.9;952.7;;24.1;21.7;24.6;24.1;21.8;21.5;87.0;84.0;87.0;186.0;7.2;3.7
2020/04/08;0100 UTC;0.0;952.6;952.9;952.6;;23.7;21.9;24.1;23.7;21.9;21.7;90.0;87.0;90.0;193.0;7.5;3.6
2020/04/08;0200 UTC;0.0;952.2;952.7;952.1;;23.2;21.7;23.7;23.2;21.9;21.6;92.0;90.0;92.0;205.0;5.8;3.3
2020/04/08;0300 UTC;0.0;951.9;952.2;951.8;;23.0;21.8;23.2;23.0;21.8;21.7;93.0;92.0;93.0;188.0;5.8;2.8
2020/04/08;0400 UTC;0.0;951.7;952.0;951.7;;22.9;21.7;23.0;22.8;21.8;21.6;93.0;93.0;93.0;201.0;5.6;3.0
2020/04/08;0500 UTC;0.0;951.3;951.8;951.3;;22.6;21.5;22.9;22.6;21.7;21.5;93.0;93.0;93.0;173.0;5.0;1.8
2020/04/08;0600 UTC;0.0;951.3;951.3;951.1;;22.4;21.3;22.6;22.4;21.5;21.3;94.0;93.0;94.0;170.0;3.6;1.5
2020/04/08;0700 UTC;0.0;951.1;951.3;951.1;;22.3;21.1;22.4;22.2;21.3;21.1;94.0;93.0;93.0;176.0;3.4;0.9
2020/04/08;0800 UTC;0.0;951.2;951.2;950.9;;22.0;20.9;22.3;21.9;21.1;20.9;94.0;93.0;94.0;175.0;2.0;1.0
2020/04/08;0900 UTC;0.0;951.6;951.6;951.2;72.5;22.5;21.5;22.5;21.6;21.5;20.7;95.0;94.0;94.0;178.0;2.0;0.9
2020/04/08;1000 UTC;0.0;951.7;951.7;951.5;808.4;23.9;22.1;24.0;22.5;22.3;21.5;94.0;89.0;90.0;181.0;3.6;2.0
2020/04/08;1100 UTC;0.0;951.8;951.9;951.6;1843.3;25.4;21.5;25.5;23.9;22.5;21.1;90.0;79.0;79.0;175.0;5.7;2.6
2020/04/08;1200 UTC;0.0;951.9;952.0;951.7;2433.2;27.0;21.6;27.4;25.2;22.2;21.1;80.0;71.0;72.0;179.0;5.7;2.5
2020/04/08;1300 UTC;0.0;951.6;952.1;951.6;3151.5;28.0;20.6;28.5;26.9;22.1;19.8;72.0;62.0;64.0;188.0;6.2;3.0
2020/04/08;1400 UTC;0.0;950.9;951.6;950.9;3483.1;29.1;20.0;29.8;28.0;21.4;19.8;65.0;57.0;58.0;176.0;6.5;2.7
2020/04/08;1500 UTC;0.0;949.9;950.9;949.9;3663.0;30.7;19.9;31.1;28.8;20.5;18.8;59.0;52.0;53.0;181.0;7.5;2.9
2020/04/08;1600 UTC;0.0;949.2;949.9;949.1;3476.6;31.4;20.2;31.8;30.1;20.8;19.6;55.0;50.0;52.0;178.0;7.1;3.0
2020/04/08;1700 UTC;0.0;948.5;949.2;948.5;2330.0;30.7;19.5;31.7;30.6;20.9;19.3;54.0;49.0;51.0;177.0;6.4;2.6
2020/04/08;1800 UTC;0.0;948.2;948.5;948.0;2130.7;31.5;19.8;31.9;30.5;20.3;18.8;53.0;47.0;50.0;190.0;8.2;3.3
2020/04/08;1900 UTC;0.0;948.6;948.6;948.1;859.0;30.1;19.6;31.8;30.0;20.4;19.1;54.0;49.0;54.0;198.0;7.0;3.7
2020/04/08;2000 UTC;0.0;948.9;948.9;948.5;489.4;29.2;20.2;30.5;29.2;20.2;19.6;58.0;52.0;58.0;113.0;7.2;3.8
2020/04/08;2100 UTC;0.0;949.7;949.7;948.9;11.7;27.1;20.8;29.2;27.1;21.1;20.2;68.0;58.0;68.0;138.0;8.6;3.9
2020/04/08;2200 UTC;0.0;950.3;950.3;949.7;;25.8;20.2;27.1;25.8;20.8;20.2;71.0;68.0;71.0;194.0;9.6;5.8
2020/04/08;2300 UTC;0.0;951.2;951.2;950.3;;24.8;19.9;25.8;24.8;20.2;19.9;74.0;71.0;74.0;197.0;9.1;4.7
2020/04/09;0000 UTC;0.0;951.9;951.9;951.2;;24.1;20.4;24.8;24.1;20.4;19.9;80.0;74.0;80.0;161.0;7.3;2.8
2020/04/09;0100 UTC;0.0;952.0;952.0;951.9;;23.5;20.6;24.1;23.5;20.6;20.4;84.0;80.0;84.0;165.0;5.6;2.7
2020/04/09;0200 UTC;0.0;951.7;952.0;951.7;;23.2;20.8;23.5;23.1;20.8;20.6;87.0;84.0;87.0;181.0;5.4;2.2
2020/04/09;0300 UTC;0.0;951.5;951.7;951.4;;22.9;20.9;23.2;22.9;20.9;20.8;88.0;87.0;88.0;4.0;3.8;1.3
2020/04/09;0400 UTC;0.0;951.1;951.5;951.0;;22.7;21.0;22.9;22.5;21.0;20.7;90.0;88.0;90.0;189.0;2.3;0.8
2020/04/09;0500 UTC;0.0;950.6;951.1;950.6;;22.4;20.8;22.7;22.3;21.0;20.6;90.0;90.0;90.0;178.0;2.1;0.6
2020/04/09;0600 UTC;0.0;950.3;950.6;950.3;;22.1;20.6;22.6;22.1;21.0;20.6;91.0;90.0;91.0;3.0;2.7;0.4
2020/04/09;0700 UTC;0.0;950.6;950.6;950.3;;21.9;20.5;22.1;21.8;20.6;20.3;92.0;91.0;92.0;276.0;1.7;0.8
2020/04/09;0800 UTC;0.0;950.9;950.9;950.5;;21.6;20.4;21.9;21.6;20.5;20.3;93.0;92.0;93.0;133.0;1.6;0.3
2020/04/09;0900 UTC;0.0;951.4;951.4;950.9;71.6;22.9;21.2;22.9;21.6;21.2;20.4;93.0;90.0;90.0;178.0;1.7;0.7
2020/04/09;1000 UTC;0.0;951.6;951.7;951.4;781.6;24.0;21.6;24.1;22.9;21.7;21.1;90.0;86.0;86.0;173.0;3.2;1.9
2020/04/09;1100 UTC;0.0;951.9;951.9;951.6;1352.3;25.8;22.4;25.8;23.8;22.4;21.3;86.0;81.0;82.0;175.0;5.0;2.4
2020/04/09;1200 UTC;0.0;952.2;952.2;951.9;2228.7;28.0;21.8;28.0;25.6;22.5;20.9;82.0;68.0;69.0;186.0;6.6;2.8
2020/04/09;1300 UTC;0.0;951.8;952.3;951.7;3154.7;28.6;19.7;29.0;27.4;21.5;19.4;69.0;58.0;59.0;186.0;6.8;3.7
2020/04/09;1400 UTC;0.0;951.1;951.8;951.0;3154.4;30.2;21.0;30.2;28.3;21.0;18.8;61.0;53.0;58.0;347.0;7.4;3.3
2020/04/09;1500 UTC;0.0;950.2;951.1;950.2;2975.3;31.4;20.7;31.5;28.9;21.7;19.7;61.0;52.0;53.0;195.0;8.0;3.1
2020/04/09;1600 UTC;0.0;949.5;950.2;949.5;2895.0;30.9;19.5;31.8;30.2;20.5;19.4;55.0;50.0;51.0;199.0;7.0;3.2
2020/04/09;1700 UTC;0.0;949.1;949.6;949.1;2632.5;31.6;20.2;32.0;30.3;20.9;19.5;54.0;50.0;51.0;79.0;8.0;2.7
2020/04/09;1800 UTC;0.0;948.7;949.1;948.7;2280.3;31.0;19.6;31.9;30.9;20.5;19.3;52.0;49.0;51.0;201.0;7.0;4.2
2020/04/09;1900 UTC;0.0;948.6;948.7;948.5;1137.4;30.6;20.3;31.7;30.4;20.7;19.5;55.0;51.0;54.0;196.0;7.5;3.0
2020/04/09;2000 UTC;0.0;948.9;948.9;948.5;455.6;29.0;21.3;30.7;28.9;21.3;20.3;63.0;54.0;63.0;185.0;8.3;3.7
2020/04/09;2100 UTC;0.0;949.4;949.4;948.9;5.4;27.6;21.2;29.0;27.6;21.3;21.1;68.0;63.0;68.0;171.0;8.3;3.9
2020/04/09;2200 UTC;0.0;950.3;950.3;949.4;;26.4;21.1;27.6;26.4;21.3;21.1;73.0;68.0;73.0;27.0;6.8;2.9
2020/04/09;2300 UTC;0.0;951.2;951.2;950.3;;25.2;21.6;26.4;25.2;21.6;21.1;80.0;73.0;80.0;93.0;7.8;3.7
2020/04/10;0000 UTC;0.0;951.8;951.8;951.2;;24.3;21.8;25.2;24.3;21.8;21.6;86.0;80.0;86.0;137.0;7.0;3.1
2020/04/10;0100 UTC;0.0;952.1;952.2;951.8;;23.9;22.1;24.2;23.8;22.1;21.7;90.0;86.0;90.0;168.0;7.4;3.6
2020/04/10;0200 UTC;0.0;951.9;952.2;951.9;;23.6;22.1;23.9;23.6;22.3;22.0;92.0;90.0;92.0;191.0;7.4;2.4
2020/04/10;0300 UTC;0.0;951.4;951.9;951.3;;23.4;22.2;23.7;23.4;22.4;22.1;93.0;92.0;93.0;185.0;6.8;3.9
2020/04/10;0400 UTC;0.0;951.0;951.4;951.0;;23.5;22.5;23.6;23.4;22.5;22.2;94.0;93.0;94.0;186.0;6.3;2.6
2020/04/10;0500 UTC;0.0;950.8;951.0;950.7;;23.6;22.5;23.6;23.5;22.5;22.4;94.0;93.0;93.0;185.0;5.4;2.3
2020/04/10;0600 UTC;0.0;950.8;950.9;950.7;;23.5;22.2;23.7;23.5;22.6;22.2;93.0;92.0;92.0;171.0;4.4;1.7
2020/04/10;0700 UTC;0.0;950.8;950.9;950.6;;23.5;22.1;23.6;23.4;22.3;22.1;93.0;92.0;92.0;181.0;3.2;1.1
2020/04/10;0800 UTC;0.0;950.8;950.8;950.7;;23.5;22.1;23.6;23.4;22.1;21.9;92.0;91.0;92.0;178.0;3.1;1.3
2020/04/10;0900 UTC;0.0;951.1;951.2;950.7;46.0;23.4;22.1;23.5;23.2;22.1;21.8;92.0;92.0;92.0;174.0;2.7;1.1
2020/04/10;1000 UTC;0.0;951.9;952.0;951.1;418.9;24.7;22.5;24.7;23.4;22.7;22.0;92.0;87.0;87.0;180.0;5.0;2.1
2020/04/10;1100 UTC;0.0;952.8;952.8;951.9;1145.3;25.9;22.3;25.9;24.6;22.8;21.9;88.0;81.0;81.0;180.0;6.1;2.7
2020/04/10;1200 UTC;0.0;953.3;953.3;952.8;2505.8;27.8;22.0;27.9;25.9;22.9;21.4;81.0;71.0;71.0;182.0;5.6;2.7
2020/04/10;1300 UTC;0.0;952.8;953.3;952.8;2528.8;29.2;21.8;29.2;26.8;22.8;21.3;74.0;64.0;64.0;173.0;6.0;3.1
2020/04/10;1400 UTC;0.0;951.9;952.8;951.9;3167.0;30.2;20.6;30.3;28.8;21.8;20.5;65.0;56.0;56.0;185.0;8.1;3.7
2020/04/10;1500 UTC;0.0;951.1;951.9;951.1;2984.5;30.5;20.3;31.5;29.9;21.1;18.9;57.0;50.0;55.0;163.0;8.2;3.9
2020/04/10;1600 UTC;0.0;950.7;951.2;950.6;2053.5;29.2;21.7;30.6;28.7;22.9;20.3;67.0;55.0;64.0;237.0;8.5;3.5
2020/04/10;1700 UTC;0.2;949.9;950.7;949.9;2584.9;30.8;20.0;31.3;28.5;22.5;19.9;69.0;52.0;53.0;94.0;8.0;3.5
2020/04/10;1800 UTC;0.0;949.6;949.9;949.6;2401.7;30.4;19.7;31.1;30.1;20.9;19.3;55.0;52.0;53.0;234.0;8.6;4.5
2020/04/10;1900 UTC;0.0;949.8;949.9;949.6;1551.6;29.5;20.3;30.9;29.5;20.7;19.5;58.0;52.0;58.0;354.0;9.2;4.0
2020/04/10;2000 UTC;0.0;950.1;950.1;949.7;476.4;27.9;20.4;29.6;27.9;20.6;19.6;64.0;58.0;64.0;167.0;8.4;4.5
2020/04/10;2100 UTC;0.0;950.6;950.6;950.1;10.6;26.8;20.8;27.9;26.8;20.8;20.4;70.0;64.0;70.0;169.0;9.8;3.6
2020/04/10;2200 UTC;0.0;951.1;951.1;950.5;;25.8;21.8;26.8;25.8;21.8;20.9;79.0;70.0;79.0;164.0;8.8;3.8
2020/04/10;2300 UTC;0.0;951.7;951.7;951.1;;25.0;22.1;25.9;25.0;22.2;21.9;84.0;79.0;84.0;195.0;8.6;5.0
2020/04/11;0000 UTC;0.0;952.3;952.3;951.7;;24.5;22.4;25.0;24.5;22.5;22.1;89.0;84.0;88.0;169.0;8.4;3.6
2020/04/11;0100 UTC;0.0;952.8;952.8;952.2;;24.2;22.5;24.5;24.2;22.7;22.3;90.0;89.0;90.0;173.0;7.6;2.3
2020/04/11;0200 UTC;0.0;952.7;952.8;952.6;;23.9;22.6;24.2;23.9;22.6;22.4;92.0;90.0;92.0;188.0;6.2;2.7
2020/04/11;0300 UTC;0.0;952.2;952.7;952.2;;23.8;22.5;24.0;23.8;22.7;22.5;93.0;92.0;93.0;193.0;6.1;3.1
2020/04/11;0400 UTC;0.0;951.8;952.2;951.8;;23.6;22.4;23.8;23.6;22.6;22.4;93.0;92.0;93.0;183.0;6.0;2.5
2020/04/11;0500 UTC;0.0;951.4;951.8;951.4;;23.5;22.3;23.7;23.5;22.5;22.3;93.0;93.0;93.0;177.0;5.7;2.3
2020/04/11;0600 UTC;0.0;951.4;951.4;951.2;;23.3;22.2;23.6;23.3;22.4;22.2;94.0;93.0;93.0;201.0;6.4;3.4
2020/04/11;0700 UTC;0.0;951.2;951.4;951.2;;23.2;22.3;23.4;23.2;22.3;22.1;94.0;93.0;94.0;188.0;5.6;2.8
2020/04/11;0800 UTC;0.0;951.2;951.2;951.1;;23.3;22.4;23.3;23.1;22.4;22.2;95.0;94.0;95.0;192.0;5.0;2.8
2020/04/11;0900 UTC;0.0;951.5;951.5;951.2;48.0;23.4;22.6;23.4;23.1;22.6;22.3;95.0;95.0;95.0;194.0;5.3;3.2
2020/04/11;1000 UTC;0.0;952.1;952.1;951.5;522.0;24.3;22.8;24.5;23.4;23.2;22.6;95.0;92.0;92.0;192.0;6.0;2.8
2020/04/11;1100 UTC;0.0;952.6;952.6;952.1;959.0;25.4;22.8;25.9;24.1;23.6;22.4;92.0;84.0;85.0;184.0;5.6;3.3
2020/04/11;1200 UTC;0.0;952.9;952.9;952.5;1725.3;27.1;21.6;27.4;25.2;22.9;21.4;85.0;72.0;72.0;197.0;7.1;3.7
2020/04/11;1300 UTC;0.0;952.5;952.9;952.5;2915.2;28.4;20.9;28.7;26.7;22.1;20.2;73.0;63.0;64.0;183.0;8.3;3.9
2020/04/11;1400 UTC;0.0;951.8;952.5;951.8;3497.1;30.2;19.8;30.5;28.4;21.4;18.9;64.0;50.0;54.0;125.0;7.3;3.7
2020/04/11;1500 UTC;0.0;950.8;951.9;950.8;3356.3;30.7;19.5;31.6;29.3;20.6;18.9;56.0;50.0;51.0;185.0;8.1;3.4
2020/04/11;1600 UTC;0.0;950.1;950.8;950.1;3112.5;32.0;18.9;32.0;30.3;20.2;18.2;52.0;45.0;46.0;354.0;8.1;3.1
2020/04/11;1700 UTC;0.0;949.6;950.1;949.6;2609.5;31.3;18.5;32.7;30.9;19.6;17.7;48.0;43.0;46.0;181.0;6.9;3.8
2020/04/11;1800 UTC;0.0;949.3;949.6;949.3;1971.4;32.0;18.6;32.4;31.2;18.9;17.6;47.0;43.0;45.0;324.0;6.9;2.4
2020/04/11;1900 UTC;0.0;949.2;949.3;949.1;1194.4;31.3;18.4;32.2;31.0;18.8;17.9;47.0;43.0;46.0;181.0;7.1;3.5
2020/04/11;2000 UTC;0.0;949.4;949.4;949.2;441.2;29.6;19.3;31.4;29.6;19.3;18.2;54.0;46.0;54.0;197.0;8.5;5.0
2020/04/11;2100 UTC;0.0;950.1;950.1;949.4;4.7;27.4;20.8;29.6;27.4;20.8;19.3;67.0;54.0;67.0;184.0;8.5;4.8
2020/04/11;2200 UTC;0.0;951.1;951.1;950.1;;25.9;21.7;27.5;25.9;21.7;20.9;78.0;67.0;78.0;181.0;9.7;5.4
2020/04/11;2300 UTC;0.0;952.0;952.1;951.1;;25.0;22.1;26.0;24.8;22.2;21.7;84.0;78.0;84.0;182.0;9.1;4.0
2020/04/12;0000 UTC;0.0;952.5;952.5;952.0;;24.2;21.9;25.0;24.2;22.1;21.8;87.0;84.0;87.0;187.0;7.9;4.0
2020/04/12;0100 UTC;0.0;952.7;952.7;952.5;;23.6;21.9;24.2;23.6;22.0;21.8;90.0;87.0;90.0;174.0;8.3;3.6
2020/04/12;0200 UTC;0.0;952.3;952.7;952.3;;23.6;22.1;23.7;23.5;22.1;21.9;91.0;90.0;91.0;170.0;8.0;4.3
2020/04/12;0300 UTC;0.0;952.0;952.4;952.0;;23.3;22.0;23.6;23.2;22.1;21.9;93.0;91.0;93.0;203.0;8.0;3.6
2020/04/12;0400 UTC;0.0;951.9;952.1;951.9;;23.1;22.0;23.4;23.1;22.1;21.9;94.0;93.0;93.0;191.0;8.4;4.4
2020/04/12;0500 UTC;0.0;951.7;951.9;951.7;;23.0;21.9;23.1;22.9;22.0;21.9;94.0;93.0;94.0;183.0;7.4;2.6
2020/04/12;0600 UTC;0.0;951.7;951.8;951.6;;22.8;21.7;23.0;22.8;21.9;21.7;94.0;93.0;93.0;177.0;6.3;2.3
2020/04/12;0700 UTC;0.0;951.8;951.9;951.7;;22.7;21.6;22.9;22.7;21.8;21.6;94.0;93.0;94.0;172.0;3.8;1.3
2020/04/12;0800 UTC;0.0;951.8;951.8;951.6;;22.4;21.4;22.7;22.4;21.6;21.3;94.0;93.0;94.0;174.0;4.0;1.2
2020/04/12;0900 UTC;0.0;952.2;952.3;951.8;76.2;22.9;21.8;22.9;22.4;21.8;21.3;94.0;94.0;94.0;174.0;3.9;1.8
2020/04/12;1000 UTC;0.0;952.7;952.7;952.2;737.9;24.0;22.0;24.0;22.9;22.3;21.7;94.0;88.0;89.0;179.0;5.8;2.6
2020/04/12;1100 UTC;0.0;953.1;953.1;952.7;1508.1;26.1;21.5;26.1;24.0;22.3;21.2;89.0;76.0;76.0;182.0;6.4;3.6
2020/04/12;1200 UTC;0.0;953.2;953.3;953.1;2513.9;27.1;20.7;27.3;25.9;21.3;20.3;76.0;67.0;68.0;180.0;7.9;4.4
2020/04/12;1300 UTC;0.0;952.8;953.3;952.7;2782.1;28.5;20.0;29.0;26.6;21.7;20.0;69.0;60.0;60.0;183.0;7.8;4.1
2020/04/12;1400 UTC;0.0;952.0;952.8;952.0;2862.2;29.9;20.6;29.9;28.0;21.0;19.0;63.0;54.0;57.0;193.0;8.0;4.4
2020/04/12;1500 UTC;0.0;951.2;951.9;951.2;3574.7;30.8;19.4;31.3;29.8;20.8;18.6;57.0;50.0;51.0;177.0;8.6;4.5
2020/04/12;1600 UTC;0.0;950.4;951.2;950.4;3234.5;30.4;18.6;32.0;30.4;20.0;18.6;52.0;47.0;49.0;187.0;8.3;4.0
2020/04/12;1700 UTC;0.0;949.7;950.4;949.7;2770.9;30.9;19.1;32.0;30.4;19.8;18.6;51.0;46.0;49.0;177.0;8.1;4.1
2020/04/12;1800 UTC;0.0;949.5;949.8;949.4;2149.3;30.5;18.0;31.7;30.5;19.5;17.9;50.0;46.0;47.0;180.0;8.2;3.7
2020/04/12;1900 UTC;0.0;949.5;949.5;949.4;1329.0;30.5;18.1;30.9;30.3;18.3;17.8;48.0;47.0;48.0;186.0;8.8;4.5
2020/04/12;2000 UTC;0.0;949.8;949.9;949.5;450.2;28.7;17.8;30.5;28.7;18.1;17.6;52.0;47.0;52.0;190.0;8.6;4.4
2020/04/12;2100 UTC;0.0;950.2;950.2;949.8;7.5;27.0;18.7;28.7;27.0;18.7;17.8;60.0;52.0;60.0;187.0;8.2;4.5
2020/04/12;2200 UTC;0.0;950.9;950.9;950.1;;25.7;19.1;27.0;25.7;19.1;18.7;67.0;60.0;67.0;192.0;8.4;3.8
2020/04/12;2300 UTC;0.0;951.8;951.8;950.9;;24.6;20.3;25.7;24.6;20.3;19.1;77.0;67.0;77.0;200.0;7.9;4.0
2020/04/13;0000 UTC;0.0;952.4;952.4;951.8;;23.7;21.1;24.6;23.7;21.1;20.3;85.0;77.0;85.0;174.0;7.1;3.3
2020/04/13;0100 UTC;0.0;952.5;952.6;952.4;;23.6;21.6;23.8;23.5;21.6;21.1;89.0;85.0;89.0;208.0;6.4;3.7
2020/04/13;0200 UTC;0.0;952.2;952.5;952.2;;23.4;21.8;23.6;23.4;21.9;21.5;91.0;89.0;91.0;189.0;6.4;3.4
2020/04/13;0300 UTC;0.0;951.8;952.2;951.8;;23.3;22.0;23.4;23.2;22.0;21.8;92.0;91.0;92.0;205.0;6.4;3.3
2020/04/13;0400 UTC;0.0;951.5;951.8;951.5;;23.1;22.0;23.3;23.0;22.0;21.8;94.0;92.0;94.0;195.0;7.4;3.0
2020/04/13;0500 UTC;0.0;951.2;951.5;951.2;;23.1;22.1;23.1;22.9;22.1;21.9;94.0;94.0;94.0;193.0;6.8;3.1
2020/04/13;0600 UTC;0.0;951.3;951.3;951.1;;22.9;21.9;23.1;22.9;22.1;21.9;94.0;93.0;94.0;195.0;7.8;3.1
2020/04/13;0700 UTC;0.0;951.4;951.5;951.3;;22.8;21.8;23.0;22.8;22.1;21.8;94.0;94.0;94.0;198.0;6.8;3.7
2020/04/13;0800 UTC;0.0;951.7;951.7;951.3;;22.6;21.6;22.8;22.6;21.9;21.6;95.0;94.0;94.0;197.0;6.8;3.3
2020/04/13;0900 UTC;0.0;952.1;952.2;951.7;82.3;22.5;21.6;22.6;22.5;21.7;21.5;95.0;94.0;94.0;191.0;5.2;3.0
2020/04/13;1000 UTC;0.0;952.3;952.3;952.1;443.8;23.3;21.9;23.3;22.5;22.1;21.6;95.0;92.0;92.0;184.0;6.5;3.4
2020/04/13;1100 UTC;0.0;952.4;952.6;952.3;1698.1;25.5;20.3;25.7;23.3;22.3;20.3;92.0;73.0;73.0;179.0;6.9;4.2
2020/04/13;1200 UTC;0.0;952.7;952.8;952.4;2506.0;26.9;19.4;27.2;25.4;20.7;18.8;73.0;62.0;64.0;184.0;7.6;3.5
2020/04/13;1300 UTC;0.0;952.3;952.7;952.2;3138.0;28.2;19.0;28.7;26.9;19.8;17.9;64.0;53.0;57.0;184.0;7.3;3.2
2020/04/13;1400 UTC;0.0;951.4;952.3;951.4;3493.1;29.6;17.6;30.0;28.1;19.5;17.3;58.0;47.0;49.0;180.0;7.7;3.5
2020/04/13;1500 UTC;0.0;950.5;951.4;950.5;3565.5;30.8;17.1;31.1;29.3;18.8;16.2;51.0;42.0;44.0;179.0;8.4;3.5
2020/04/13;1600 UTC;0.0;949.3;950.5;949.3;3380.0;31.5;14.6;32.2;30.4;17.6;13.7;45.0;33.0;36.0;360.0;8.3;2.5
2020/04/13;1700 UTC;0.0;948.5;949.3;948.5;2954.1;31.9;14.1;32.8;31.2;15.2;13.4;37.0;33.0;34.0;177.0;6.9;3.6
2020/04/13;1800 UTC;0.0;948.0;948.5;948.0;2271.9;31.7;15.0;32.5;31.5;15.4;13.7;36.0;33.0;36.0;172.0;6.8;2.2
2020/04/13;1900 UTC;0.0;948.1;948.1;947.9;1244.9;30.9;16.3;32.1;30.7;16.3;15.2;42.0;36.0;41.0;173.0;7.1;2.8
2020/04/13;2000 UTC;0.0;948.6;948.6;948.0;488.1;29.2;17.8;31.2;29.2;17.8;15.8;50.0;41.0;50.0;193.0;8.2;4.2
2020/04/13;2100 UTC;0.0;949.1;949.2;948.5;6.8;27.3;19.3;29.2;27.3;19.4;17.8;62.0;50.0;62.0;183.0;9.1;4.7
2020/04/13;2200 UTC;0.0;950.1;950.1;949.2;;25.8;20.3;27.3;25.7;20.3;19.4;72.0;62.0;72.0;179.0;9.2;5.4
2020/04/13;2300 UTC;0.0;951.0;951.0;950.1;;24.7;20.8;25.8;24.7;20.8;20.2;79.0;72.0;79.0;188.0;9.2;4.9
2020/04/14;0000 UTC;0.0;951.7;951.7;951.0;;23.7;21.4;24.7;23.7;21.5;20.7;87.0;79.0;87.0;191.0;9.7;4.8
2020/04/14;0100 UTC;0.0;951.9;951.9;951.7;;23.1;21.6;23.7;23.1;21.6;21.4;91.0;87.0;91.0;195.0;8.3;4.3
2020/04/14;0200 UTC;0.0;951.3;951.9;951.3;;22.9;21.5;23.1;22.8;21.6;21.4;92.0;91.0;92.0;180.0;8.2;3.2
2020/04/14;0300 UTC;0.0;950.8;951.3;950.8;;22.8;21.5;22.9;22.6;21.5;21.4;93.0;92.0;93.0;184.0;6.2;2.6
2020/04/14;0400 UTC;0.0;950.1;950.8;950.1;;22.6;21.4;22.8;22.5;21.5;21.3;93.0;93.0;93.0;178.0;5.2;2.5
2020/04/14;0500 UTC;0.0;949.8;950.1;949.7;;22.7;21.5;22.7;22.5;21.5;21.3;93.0;93.0;93.0;187.0;5.1;1.9
2020/04/14;0600 UTC;0.0;949.8;949.8;949.7;;22.6;21.4;22.8;22.6;21.5;21.3;93.0;92.0;93.0;186.0;4.2;2.0
2020/04/14;0700 UTC;0.0;950.1;950.1;949.7;;22.5;21.2;22.7;22.4;21.4;21.2;93.0;92.0;93.0;182.0;3.5;0.7
2020/04/14;0800 UTC;0.0;950.2;950.3;950.1;;22.3;21.1;22.5;22.3;21.3;21.1;93.0;93.0;93.0;169.0;3.7;1.4
2020/04/14;0900 UTC;0.0;950.6;950.6;950.1;64.6;22.7;21.4;22.7;22.1;21.4;20.9;93.0;92.0;92.0;177.0;3.7;1.2
2020/04/14;1000 UTC;0.0;950.9;951.0;950.6;655.1;23.8;21.5;24.0;22.5;22.0;21.1;92.0;87.0;87.0;181.0;4.0;2.1
2020/04/14;1100 UTC;0.0;951.3;951.4;950.9;1378.0;26.3;21.7;26.3;23.6;21.8;20.9;87.0;76.0;76.0;180.0;4.8;1.9
2020/04/14;1200 UTC;0.0;951.5;951.5;951.3;2379.3;26.8;20.0;27.2;25.5;21.3;19.6;76.0;66.0;66.0;185.0;6.4;2.7
2020/04/14;1300 UTC;0.0;951.2;951.5;951.2;2804.1;28.3;18.5;28.4;26.6;20.9;18.5;68.0;55.0;55.0;189.0;6.0;3.0
2020/04/14;1400 UTC;0.0;950.6;951.2;950.6;3556.9;29.4;17.8;30.2;28.2;19.4;17.4;56.0;48.0;50.0;179.0;6.1;2.6
2020/04/14;1500 UTC;0.0;949.9;950.6;949.9;3450.5;30.7;16.3;31.5;29.4;18.4;16.3;51.0;42.0;42.0;175.0;5.5;2.2
2020/04/14;1600 UTC;0.0;949.0;949.9;949.0;3226.7;31.8;16.4;32.2;30.1;17.2;15.2;45.0;36.0;40.0;182.0;7.0;2.4
2020/04/14;1700 UTC;0.0;948.1;949.0;948.1;2346.6;31.6;15.5;32.9;30.6;16.6;13.9;41.0;33.0;38.0;183.0;7.1;3.6
2020/04/14;1800 UTC;0.0;947.8;948.2;947.8;2346.4;32.2;15.5;32.8;31.6;16.0;14.7;38.0;35.0;37.0;183.0;7.1;1.9
2020/04/14;1900 UTC;0.0;948.0;948.0;947.7;1122.3;31.3;15.5;32.4;30.9;15.8;14.9;39.0;36.0;38.0;175.0;7.1;4.1
2020/04/14;2000 UTC;0.0;948.4;948.4;948.0;430.5;30.0;16.4;31.3;30.0;16.4;15.2;44.0;38.0;44.0;188.0;7.5;4.0
2020/04/14;2100 UTC;0.0;949.1;949.1;948.4;3.0;27.3;19.8;30.0;27.3;19.8;16.3;64.0;44.0;64.0;191.0;9.4;5.5
2020/04/14;2200 UTC;0.0;950.0;950.0;949.1;;25.4;20.5;27.3;25.4;20.6;19.8;74.0;64.0;74.0;182.0;9.5;5.2
2020/04/14;2300 UTC;0.0;950.8;950.8;950.0;;24.4;21.0;25.4;24.4;21.0;20.5;81.0;74.0;81.0;166.0;9.3;4.5
2020/04/15;0000 UTC;0.0;951.0;951.0;950.8;;23.6;21.4;24.4;23.6;21.4;20.9;88.0;81.0;88.0;185.0;9.1;4.5
2020/04/15;0100 UTC;0.0;951.0;951.0;950.9;;23.2;21.7;23.6;23.2;21.7;21.4;91.0;88.0;91.0;189.0;8.5;3.7
2020/04/15;0200 UTC;0.0;950.9;951.1;950.8;;23.0;21.6;23.3;23.0;21.8;21.6;92.0;91.0;92.0;197.0;8.1;4.2
2020/04/15;0300 UTC;0.0;950.6;950.9;950.6;;23.0;21.7;23.1;22.9;21.8;21.6;93.0;92.0;93.0;181.0;7.5;3.0
2020/04/15;0400 UTC;0.0;950.3;950.6;950.2;;22.8;21.7;23.0;22.7;21.8;21.5;93.0;92.0;93.0;191.0;6.3;1.9
2020/04/15;0500 UTC;0.0;950.2;950.3;950.1;;22.8;21.6;22.9;22.7;21.7;21.5;93.0;93.0;93.0;180.0;5.0;2.4
2020/04/15;0600 UTC;0.0;950.3;950.3;950.1;;22.6;21.4;22.8;22.6;21.6;21.4;93.0;93.0;93.0;173.0;4.5;1.2
2020/04/15;0700 UTC;0.0;950.5;950.5;950.3;;22.3;21.2;22.6;22.3;21.4;21.2;93.0;93.0;93.0;176.0;2.7;1.1
2020/04/15;0800 UTC;0.0;950.9;950.9;950.4;;21.8;20.9;22.3;21.8;21.2;20.8;95.0;93.0;95.0;179.0;2.5;1.3
2020/04/15;0900 UTC;0.0;951.7;951.7;950.9;27.6;21.6;20.9;21.8;21.5;20.9;20.7;96.0;95.0;96.0;181.0;2.6;0.7
2020/04/15;1000 UTC;0.0;952.3;952.3;951.7;213.6;22.3;21.5;22.3;21.6;21.5;20.9;96.0;95.0;95.0;149.0;1.8;0.6
2020/04/15;1100 UTC;0.0;952.8;952.8;952.3;1318.6;24.9;22.8;25.0;22.3;23.3;21.5;95.0;88.0;88.0;177.0;3.4;1.8
2020/04/15;1200 UTC;0.0;953.2;953.2;952.8;1915.4;26.5;20.9;26.6;24.8;22.8;20.3;88.0;71.0;71.0;185.0;5.4;2.8
2020/04/15;1300 UTC;0.0;953.2;953.3;953.2;2139.0;27.3;20.2;27.4;26.1;20.9;20.0;71.0;65.0;65.0;194.0;6.4;3.2
2020/04/15;1400 UTC;0.0;952.6;953.3;952.6;2724.1;28.8;20.2;28.9;27.0;20.5;19.3;65.0;59.0;60.0;176.0;7.7;3.9
2020/04/15;1500 UTC;0.0;951.6;952.6;951.6;3075.0;29.8;19.5;30.0;28.3;20.6;17.9;61.0;50.0;54.0;182.0;7.6;3.3
2020/04/15;1600 UTC;0.0;950.8;951.7;950.8;2561.7;28.7;20.2;30.8;28.5;20.6;18.3;60.0;52.0;60.0;178.0;7.6;4.0
2020/04/15;1700 UTC;0.0;950.4;950.8;950.4;1965.6;28.7;19.5;30.0;28.1;20.3;19.4;62.0;55.0;58.0;184.0;8.0;4.2
2020/04/15;1800 UTC;0.0;950.8;950.8;950.4;1277.2;29.0;19.2;29.3;28.7;20.3;19.0;59.0;55.0;56.0;186.0;7.6;4.2
2020/04/15;1900 UTC;0.0;951.5;951.6;950.8;540.2;27.6;20.5;29.0;27.2;20.6;19.2;67.0;56.0;65.0;184.0;7.7;3.8
2020/04/15;2000 UTC;0.0;951.5;951.6;951.3;310.6;25.9;21.5;27.6;25.8;21.5;20.3;77.0;65.0;77.0;191.0;7.7;4.6
2020/04/15;2100 UTC;0.0;951.4;951.6;951.3;2.6;25.2;21.6;25.9;25.2;21.7;21.3;80.0;77.0;80.0;191.0;7.5;2.9
2020/04/15;2200 UTC;0.0;951.7;951.7;951.3;;25.0;22.3;25.4;24.9;22.3;21.6;85.0;80.0;85.0;183.0;6.9;3.7
2020/04/15;2300 UTC;0.0;952.4;952.4;951.7;;24.7;22.0;25.0;24.7;22.4;22.0;86.0;85.0;85.0;251.0;6.2;2.3
2020/04/16;0000 UTC;0.0;953.4;953.4;952.4;;24.1;22.1;24.7;24.1;22.1;21.9;88.0;85.0;88.0;127.0;5.8;2.9
2020/04/16;0100 UTC;0.0;953.4;953.5;953.3;;23.6;22.1;24.2;23.6;22.2;22.0;91.0;88.0;91.0;12.0;5.5;2.1
2020/04/16;0200 UTC;0.0;953.1;953.4;953.1;;23.4;21.9;23.7;23.4;22.1;21.9;91.0;91.0;91.0;8.0;4.6;2.0
2020/04/16;0300 UTC;0.0;952.7;953.1;952.7;;23.2;21.8;23.4;23.1;21.9;21.8;92.0;91.0;92.0;184.0;5.3;2.9
2020/04/16;0400 UTC;0.0;952.6;952.8;952.6;;23.2;21.9;23.3;23.1;22.0;21.8;93.0;92.0;92.0;191.0;6.1;2.7
2020/04/16;0500 UTC;0.0;952.1;952.6;952.1;;23.0;21.7;23.2;22.9;21.9;21.7;93.0;92.0;93.0;205.0;4.8;2.7
2020/04/16;0600 UTC;0.0;952.2;952.2;952.0;;22.8;21.6;23.0;22.8;21.8;21.6;93.0;93.0;93.0;187.0;5.6;2.0
2020/04/16;0700 UTC;0.0;952.2;952.4;952.2;;22.8;21.6;22.9;22.7;21.8;21.6;94.0;93.0;93.0;173.0;3.8;0.7
2020/04/16;0800 UTC;0.0;952.6;952.7;952.2;;22.9;21.7;23.0;22.7;21.9;21.6;94.0;93.0;93.0;178.0;2.3;1.3
2020/04/16;0900 UTC;0.0;953.4;953.4;952.6;33.3;22.9;21.7;23.0;22.8;21.8;21.6;93.0;93.0;93.0;175.0;2.2;0.7
2020/04/16;1000 UTC;0.6;954.2;954.2;953.4;206.8;23.1;22.2;23.2;22.6;22.3;21.5;95.0;93.0;94.0;176.0;2.5;1.2
2020/04/16;1100 UTC;0.0;954.6;954.6;954.2;460.1;23.5;22.4;23.7;23.1;22.8;22.1;95.0;93.0;93.0;183.0;4.8;2.3
2020/04/16;1200 UTC;0.0;954.7;954.7;954.4;1412.4;25.5;23.2;25.5;23.3;23.6;22.1;94.0;87.0;87.0;169.0;5.3;3.1
2020/04/16;1300 UTC;0.0;954.2;954.8;954.2;2706.4;27.5;21.5;27.7;25.5;23.8;21.3;88.0;70.0;70.0;182.0;7.2;3.0
2020/04/16;1400 UTC;0.0;953.6;954.2;953.6;2850.9;27.9;21.2;29.7;27.4;22.4;21.1;71.0;61.0;67.0;173.0;7.2;2.1
2020/04/16;1500 UTC;10.2;953.7;954.0;953.6;321.7;22.8;21.8;27.8;22.6;22.1;20.7;95.0;67.0;95.0;349.0;9.9;2.0
2020/04/16;1600 UTC;2.0;953.4;953.7;953.3;302.0;22.9;22.1;22.9;22.5;22.1;21.5;96.0;94.0;95.0;20.0;6.5;3.0
2020/04/16;1700 UTC;1.2;952.4;953.4;952.3;274.0;22.7;21.9;23.1;22.7;22.3;21.9;96.0;95.0;95.0;175.0;5.7;1.8
2020/04/16;1800 UTC;1.8;952.1;952.8;952.1;120.7;22.4;21.7;22.8;22.2;22.2;21.6;96.0;95.0;96.0;176.0;4.5;2.3
2020/04/16;1900 UTC;0.4;952.2;952.2;951.7;140.4;22.8;22.1;22.8;22.4;22.1;21.7;96.0;96.0;96.0;180.0;3.9;1.5
2020/04/16;2000 UTC;0.0;952.3;952.6;952.2;86.2;22.6;21.9;22.9;22.5;22.2;21.8;96.0;96.0;96.0;187.0;4.9;1.8
2020/04/16;2100 UTC;0.0;952.9;952.9;952.3;2.2;23.0;22.2;23.0;22.6;22.2;21.9;96.0;95.0;95.0;203.0;4.2;2.4
2020/04/16;2200 UTC;0.0;953.7;953.7;952.9;;22.9;22.1;23.1;22.9;22.2;22.0;95.0;95.0;95.0;179.0;4.7;2.9
2020/04/16;2300 UTC;0.0;954.0;954.0;953.7;;22.6;21.9;23.0;22.5;22.1;21.9;96.0;95.0;96.0;173.0;5.3;2.7
2020/04/17;0000 UTC;0.0;954.1;954.1;954.0;;22.4;21.8;22.6;22.4;21.9;21.8;96.0;96.0;96.0;184.0;5.3;2.2
2020/04/17;0100 UTC;0.0;954.1;954.2;954.0;;22.6;22.0;22.6;22.4;22.0;21.8;97.0;96.0;96.0;180.0;3.3;1.0
2020/04/17;0200 UTC;0.0;953.7;954.1;953.7;;22.7;22.1;22.7;22.5;22.1;21.9;97.0;96.0;96.0;169.0;3.5;1.5
2020/04/17;0300 UTC;0.0;953.3;953.7;953.3;;22.6;22.1;22.7;22.6;22.1;22.0;97.0;96.0;97.0;175.0;3.9;1.6
2020/04/17;0400 UTC;0.0;952.8;953.3;952.8;;22.5;22.0;22.7;22.5;22.2;21.9;97.0;97.0;97.0;169.0;5.3;2.0
2020/04/17;0500 UTC;0.0;952.5;952.9;952.5;;22.4;21.9;22.5;22.3;22.0;21.8;97.0;97.0;97.0;178.0;3.7;0.8
2020/04/17;0600 UTC;0.0;952.6;952.6;952.4;;22.7;22.2;22.7;22.3;22.3;21.9;97.0;97.0;97.0;182.0;2.8;0.8
2020/04/17;0700 UTC;0.0;952.7;952.7;952.5;;22.4;22.0;22.7;22.4;22.2;22.0;97.0;97.0;97.0;160.0;2.0;0.2
2020/04/17;0800 UTC;0.0;953.1;953.1;952.7;;22.5;22.1;22.6;22.4;22.2;21.9;97.0;97.0;97.0;176.0;1.2;0.3
2020/04/17;0900 UTC;0.0;953.4;953.4;953.0;59.4;22.7;22.3;22.8;22.5;22.3;22.1;97.0;97.0;97.0;179.0;1.5;0.6
2020/04/17;1000 UTC;0.0;954.0;954.1;953.4;585.1;23.8;22.8;24.0;22.7;23.2;22.2;97.0;94.0;94.0;180.0;4.0;1.9
2020/04/17;1100 UTC;0.0;954.6;954.6;954.0;855.0;24.9;23.2;24.9;23.6;23.3;22.6;95.0;90.0;90.0;183.0;6.5;2.8
2020/04/17;1200 UTC;0.0;954.4;954.6;954.4;2524.3;26.0;21.2;26.3;24.9;23.6;21.2;90.0;75.0;75.0;193.0;6.1;3.4
2020/04/17;1300 UTC;0.0;954.0;954.4;954.0;2407.7;27.9;21.2;27.9;25.9;21.9;20.3;77.0;66.0;67.0;179.0;6.4;3.1
2020/04/17;1400 UTC;0.0;953.2;954.0;953.1;3316.5;28.6;20.5;28.7;27.4;21.6;19.5;67.0;60.0;62.0;175.0;6.6;2.0
2020/04/17;1500 UTC;0.0;952.4;953.2;952.4;3668.1;29.8;18.5;30.0;28.2;20.7;17.9;62.0;50.0;51.0;200.0;7.0;4.0
2020/04/17;1600 UTC;0.0;951.6;952.4;951.6;2530.2;29.8;18.5;29.9;28.8;19.8;18.4;57.0;51.0;51.0;182.0;7.3;3.6
2020/04/17;1700 UTC;0.0;950.8;951.6;950.8;2816.2;30.2;18.6;30.6;29.5;19.6;18.1;54.0;49.0;50.0;183.0;7.3;2.5
2020/04/17;1800 UTC;0.0;950.5;950.8;950.5;2127.4;31.1;19.4;31.1;29.8;19.7;18.1;53.0;48.0;50.0;178.0;6.0;2.4
2020/04/17;1900 UTC;0.0;950.8;950.8;950.5;781.5;27.6;21.4;31.1;27.4;21.7;18.6;69.0;49.0;69.0;180.0;9.2;2.6
2020/04/17;2000 UTC;0.0;951.2;951.2;950.8;262.3;27.2;21.6;27.8;27.2;21.7;21.0;71.0;67.0;71.0;181.0;5.3;2.3
2020/04/17;2100 UTC;0.4;952.2;952.2;951.2;8.6;23.9;22.0;27.2;23.9;22.3;21.5;89.0;71.0;89.0;22.0;9.3;2.4
2020/04/17;2200 UTC;0.0;952.5;952.5;952.2;;24.3;22.6;24.3;23.7;22.8;22.0;92.0;89.0;90.0;196.0;5.8;3.6
2020/04/17;2300 UTC;0.2;953.1;953.1;952.5;;23.8;22.6;24.3;23.8;22.7;22.5;93.0;90.0;93.0;182.0;8.5;4.3
2020/04/18;0000 UTC;0.0;953.8;953.8;953.1;0.1;23.7;22.4;23.9;23.7;22.7;22.4;93.0;92.0;93.0;124.0;7.2;2.8
2020/04/18;0100 UTC;0.0;954.1;954.2;953.8;;23.5;22.4;23.8;23.5;22.5;22.3;93.0;92.0;93.0;190.0;6.0;2.4
2020/04/18;0200 UTC;0.0;954.0;954.2;954.0;;23.3;22.3;23.6;23.3;22.5;22.3;94.0;93.0;94.0;5.0;4.2;2.2
2020/04/18;0300 UTC;0.0;953.5;954.0;953.5;;23.2;22.2;23.3;23.2;22.4;22.2;95.0;94.0;94.0;6.0;3.9;1.2
2020/04/18;0400 UTC;0.0;952.6;953.5;952.6;;22.9;21.9;23.3;22.9;22.3;21.9;94.0;94.0;94.0;351.0;2.5;0.8
2020/04/18;0500 UTC;0.0;952.3;952.6;952.3;;22.6;21.8;22.9;22.6;21.9;21.7;95.0;94.0;95.0;358.0;1.9;0.6
2020/04/18;0600 UTC;0.0;952.2;952.4;952.1;;22.8;21.9;23.0;22.6;22.1;21.8;95.0;95.0;95.0;176.0;2.9;1.3
2020/04/18;0700 UTC;0.0;951.9;952.2;951.8;;22.6;21.7;22.8;22.6;22.0;21.7;95.0;95.0;95.0;355.0;2.4;1.1
2020/04/18;0800 UTC;0.0;952.1;952.1;951.7;;22.0;21.2;22.6;22.0;21.7;21.2;96.0;95.0;95.0;22.0;2.4;0.4
2020/04/18;0900 UTC;0.0;952.6;952.6;952.1;74.5;22.2;21.6;22.2;21.8;21.6;21.1;96.0;95.0;96.0;2.0;1.2;0.2
2020/04/18;1000 UTC;0.0;953.5;953.5;952.6;646.1;23.5;22.5;23.7;22.2;22.8;21.5;96.0;94.0;94.0;172.0;1.5;0.2
2020/04/18;1100 UTC;0.0;954.2;954.2;953.5;1491.4;26.0;22.5;26.3;23.5;23.7;22.5;94.0;81.0;81.0;16.0;2.7;1.2
2020/04/18;1200 UTC;0.0;954.5;954.5;954.1;2649.9;27.0;21.2;27.3;25.8;22.7;20.6;82.0;69.0;71.0;306.0;4.0;1.7
2020/04/18;1300 UTC;0.0;954.4;954.5;954.4;2609.0;27.5;21.0;28.4;26.1;22.4;20.6;74.0;65.0;67.0;347.0;4.6;2.1
2020/04/18;1400 UTC;0.0;953.6;954.4;953.6;2783.1;29.0;20.8;29.4;27.3;21.8;20.2;68.0;60.0;61.0;2.0;5.5;2.0
2020/04/18;1500 UTC;0.0;952.8;953.6;952.8;2225.0;29.0;20.3;29.7;28.0;21.4;19.8;64.0;58.0;59.0;12.0;4.4;2.0
2020/04/18;1600 UTC;0.0;951.5;952.8;951.5;2010.4;29.7;20.9;30.4;28.9;21.4;19.9;62.0;55.0;59.0;359.0;4.3;1.4
2020/04/18;1700 UTC;0.0;950.6;951.5;950.6;2724.2;30.7;21.1;31.6;29.4;21.5;19.7;59.0;53.0;57.0;351.0;3.7;1.5
2020/04/18;1800 UTC;0.0;950.7;950.7;950.3;1987.5;29.4;21.7;30.9;29.4;23.1;20.5;67.0;55.0;63.0;351.0;7.6;3.3
2020/04/18;1900 UTC;0.0;951.0;951.1;950.5;979.4;24.6;20.4;29.5;24.5;21.9;19.8;78.0;61.0;78.0;2.0;11.4;4.5
2020/04/18;2000 UTC;0.4;951.7;951.7;951.0;74.3;24.9;21.9;24.9;23.7;21.9;19.9;84.0;78.0;84.0;3.0;9.4;1.7
2020/04/18;2100 UTC;0.0;952.3;952.4;951.7;0.7;25.0;21.6;25.1;24.6;22.1;21.6;85.0;82.0;82.0;354.0;5.5;2.1
2020/04/18;2200 UTC;0.0;953.5;953.5;952.3;;24.6;21.4;25.0;24.6;21.6;21.3;82.0;81.0;82.0;346.0;5.1;2.5
2020/04/18;2300 UTC;0.0;954.1;954.1;953.5;;24.2;21.2;24.6;24.2;21.5;21.2;83.0;82.0;83.0;83.0;5.0;1.7
2020/04/19;0000 UTC;0.0;954.5;954.5;954.1;;23.6;21.5;24.2;23.6;21.5;21.2;88.0;83.0;88.0;176.0;5.5;2.6
2020/04/19;0100 UTC;0.0;954.3;954.6;954.3;;23.7;21.9;23.8;23.5;21.9;21.5;90.0;88.0;89.0;191.0;5.5;1.4
2020/04/19;0200 UTC;0.0;953.8;954.3;953.8;;23.4;21.8;23.8;23.4;22.0;21.8;91.0;89.0;91.0;352.0;2.6;0.4
2020/04/19;0300 UTC;0.0;953.3;953.9;953.3;;23.2;21.8;23.4;23.2;21.9;21.8;92.0;91.0;92.0;355.0;1.6;0.2
2020/04/19;0400 UTC;0.0;952.7;953.3;952.6;;23.0;21.7;23.4;23.0;22.0;21.7;92.0;92.0;92.0;358.0;2.1;1.0
2020/04/19;0500 UTC;0.0;952.0;952.7;952.0;;23.0;21.8;23.1;23.0;21.9;21.7;93.0;93.0;93.0;177.0;2.1;0.2
2020/04/19;0600 UTC;0.0;952.1;952.2;951.9;;22.6;21.6;23.0;22.6;21.8;21.5;94.0;93.0;94.0;2.0;1.0;0.2
2020/04/19;0700 UTC;0.0;952.1;952.4;952.1;;22.3;21.4;22.7;22.2;21.7;21.3;95.0;94.0;95.0;183.0;1.9;1.0
2020/04/19;0800 UTC;0.0;952.7;952.7;952.1;;22.6;21.8;22.7;22.3;21.9;21.4;95.0;95.0;95.0;177.0;2.1;0.8
2020/04/19;0900 UTC;0.0;953.3;953.3;952.7;43.2;23.0;22.0;23.0;22.6;22.0;21.7;95.0;94.0;94.0;172.0;3.2;0.9
2020/04/19;1000 UTC;0.0;953.8;953.8;953.3;367.9;23.7;22.2;23.9;23.0;22.6;22.0;94.0;92.0;92.0;180.0;2.2;0.2
2020/04/19;1100 UTC;0.0;954.6;954.6;953.8;1076.9;24.9;22.3;24.9;23.7;22.8;21.8;92.0;86.0;86.0;176.0;2.7;1.3
2020/04/19;1200 UTC;0.0;954.8;954.9;954.6;1213.1;25.2;21.7;25.6;24.7;22.5;21.7;86.0;81.0;81.0;182.0;3.6;2.0
2020/04/19;1300 UTC;0.0;954.1;954.9;954.1;2080.0;27.0;21.7;27.1;25.2;22.4;21.2;81.0;72.0;73.0;198.0;4.9;2.4
2020/04/19;1400 UTC;0.0;953.0;954.1;953.0;3294.7;28.6;20.9;29.0;26.9;22.1;20.5;73.0;62.0;63.0;204.0;4.6;1.6
2020/04/19;1500 UTC;0.0;952.2;953.0;952.2;3396.4;29.5;20.0;30.2;28.3;21.6;19.6;64.0;55.0;57.0;182.0;4.4;2.1
2020/04/19;1600 UTC;0.0;950.9;952.1;950.9;2910.8;30.1;20.3;30.5;28.9;20.9;19.5;59.0;55.0;56.0;164.0;6.0;1.8
2020/04/19;1700 UTC;0.0;950.0;950.9;950.0;2794.3;30.7;19.5;31.2;29.9;21.1;19.2;58.0;51.0;52.0;185.0;5.8;2.8
2020/04/19;1800 UTC;0.0;950.3;950.5;949.8;1022.1;26.3;21.7;31.1;25.9;22.0;19.6;77.0;52.0;76.0;188.0;11.9;5.5
2020/04/19;1900 UTC;0.0;950.9;951.0;950.3;378.5;26.0;21.7;26.4;25.9;21.9;21.2;77.0;75.0;77.0;180.0;8.7;2.1
2020/04/19;2000 UTC;0.0;951.4;951.4;950.9;147.5;24.7;22.1;26.0;24.7;22.1;21.6;85.0;77.0;85.0;192.0;6.8;4.5
2020/04/19;2100 UTC;5.4;952.0;952.0;951.4;1.0;23.5;22.5;24.8;22.8;22.5;21.2;94.0;85.0;94.0;189.0;7.9;2.6
2020/04/19;2200 UTC;0.0;952.9;952.9;952.0;;23.8;22.4;23.9;23.5;22.7;22.4;94.0;92.0;92.0;147.0;5.8;3.1
2020/04/19;2300 UTC;0.0;953.9;953.9;952.9;;23.6;22.2;23.8;23.6;22.4;22.1;92.0;91.0;92.0;137.0;6.1;3.2
2020/04/20;0000 UTC;0.0;954.2;954.2;953.9;;23.4;22.2;23.6;23.4;22.3;22.1;93.0;92.0;93.0;188.0;6.6;2.3
2020/04/20;0100 UTC;0.0;954.2;954.4;954.1;;23.2;22.1;23.4;23.2;22.2;22.1;94.0;93.0;94.0;348.0;4.8;1.5
2020/04/20;0200 UTC;0.0;953.9;954.3;953.9;;23.5;22.2;23.5;23.2;22.4;22.1;94.0;93.0;93.0;186.0;3.3;1.4
2020/04/20;0300 UTC;0.0;953.1;953.9;953.1;;23.2;21.9;23.5;23.2;22.3;21.9;93.0;92.0;93.0;180.0;3.7;1.5
2020/04/20;0400 UTC;0.0;952.7;953.1;952.7;;23.1;21.9;23.2;23.0;21.9;21.8;93.0;93.0;93.0;166.0;2.6;0.8
2020/04/20;0500 UTC;0.0;952.2;952.7;952.2;;22.8;21.6;23.2;22.8;21.9;21.5;93.0;92.0;93.0;179.0;3.3;1.4
2020/04/20;0600 UTC;0.0;951.9;952.2;951.9;;22.4;21.4;22.8;22.4;21.6;21.4;94.0;93.0;94.0;177.0;2.9;0.9
2020/04/20;0700 UTC;0.0;951.7;951.9;951.7;;22.1;21.2;22.5;22.1;21.4;21.1;95.0;94.0;94.0;177.0;1.8;0.7
2020/04/20;0800 UTC;0.0;951.8;951.8;951.6;;22.1;21.3;22.2;22.0;21.4;21.1;95.0;94.0;95.0;171.0;1.8;0.8
2020/04/20;0900 UTC;0.0;952.4;952.4;951.8;73.7;22.5;21.7;22.5;22.1;21.7;21.3;95.0;95.0;95.0;179.0;2.9;1.2
2020/04/20;1000 UTC;0.0;953.2;953.2;952.4;453.1;23.4;22.3;23.4;22.4;22.3;21.6;95.0;93.0;94.0;177.0;3.4;1.2
2020/04/20;1100 UTC;0.0;954.0;954.0;953.2;1083.8;24.1;21.7;24.5;23.2;23.1;21.7;94.0;86.0;86.0;177.0;5.1;2.5
2020/04/20;1200 UTC;1.2;953.9;954.0;953.9;1832.9;25.8;21.7;25.8;24.0;22.9;21.0;87.0;77.0;78.0;173.0;6.5;3.4
2020/04/20;1300 UTC;0.0;953.2;953.8;953.2;2851.9;28.1;21.3;28.1;25.8;22.0;20.5;78.0;66.0;67.0;181.0;6.8;3.5
2020/04/20;1400 UTC;0.0;952.2;953.2;952.2;3397.3;29.2;21.4;29.2;27.5;21.9;20.3;68.0;61.0;63.0;186.0;8.2;3.8
2020/04/20;1500 UTC;0.0;951.0;952.2;951.0;3058.9;28.7;21.4;29.9;28.2;22.0;20.4;65.0;58.0;64.0;181.0;8.2;3.3
2020/04/20;1600 UTC;0.0;950.4;951.1;950.4;2890.6;29.7;20.7;30.6;28.4;22.1;20.3;65.0;58.0;58.0;177.0;7.9;3.9
2020/04/20;1700 UTC;0.2;950.3;950.4;950.2;2085.0;25.8;21.7;30.2;25.8;21.8;20.0;79.0;58.0;78.0;177.0;7.0;4.2
2020/04/20;1800 UTC;0.4;950.1;950.4;950.1;1270.4;26.2;21.6;28.7;25.7;22.5;21.0;80.0;66.0;76.0;175.0;7.5;3.6
2020/04/20;1900 UTC;1.8;950.7;950.7;950.1;366.9;24.3;22.5;26.2;24.0;22.5;21.4;90.0;76.0;90.0;185.0;6.9;3.7
2020/04/20;2000 UTC;0.0;951.0;951.0;950.6;330.8;24.3;22.0;24.5;24.2;22.6;21.9;90.0;86.0;87.0;178.0;6.7;2.8
2020/04/20;2100 UTC;0.0;951.4;951.4;950.9;5.9;23.9;21.3;24.3;23.9;22.0;21.2;87.0;85.0;85.0;195.0;6.9;2.9
2020/04/20;2200 UTC;0.0;952.1;952.1;951.4;;23.0;21.4;23.9;23.0;21.4;21.2;91.0;85.0;91.0;190.0;5.2;2.5
2020/04/20;2300 UTC;0.0;952.5;952.5;952.1;;22.9;21.5;23.1;22.8;21.5;21.3;92.0;91.0;92.0;200.0;5.1;3.4
2020/04/21;0000 UTC;0.0;953.2;953.2;952.5;;22.7;21.4;22.9;22.7;21.5;21.3;92.0;92.0;92.0;202.0;6.0;2.7
2020/04/21;0100 UTC;0.0;953.4;953.5;953.2;;22.7;21.4;22.8;22.7;21.5;21.3;92.0;92.0;92.0;183.0;5.5;2.5
2020/04/21;0200 UTC;0.0;952.9;953.4;952.9;;22.5;21.4;22.8;22.4;21.4;21.2;94.0;92.0;94.0;178.0;7.8;2.8
2020/04/21;0300 UTC;0.0;952.2;952.9;952.2;;22.1;21.2;22.6;22.1;21.5;21.2;95.0;94.0;95.0;175.0;7.8;1.6
2020/04/21;0400 UTC;0.0;951.8;952.3;951.8;;21.9;21.1;22.1;21.9;21.3;21.0;95.0;95.0;95.0;172.0;3.8;1.1
2020/04/21;0500 UTC;0.0;951.5;951.9;951.5;;22.0;21.2;22.0;21.8;21.2;20.9;95.0;95.0;95.0;176.0;3.8;0.4
2020/04/21;0600 UTC;0.0;951.1;951.5;951.1;;21.9;21.1;22.0;21.9;21.2;21.0;95.0;95.0;95.0;181.0;2.6;0.0
2020/04/21;0700 UTC;0.2;951.3;951.3;951.0;;22.2;21.3;22.3;21.9;21.4;21.0;95.0;95.0;95.0;175.0;3.1;1.3
2020/04/21;0800 UTC;0.0;951.8;951.8;951.2;;22.0;21.3;22.2;21.8;21.3;20.9;96.0;95.0;96.0;172.0;3.1;0.4
2020/04/21;0900 UTC;0.4;952.5;952.5;951.8;24.3;21.8;21.2;22.2;21.7;21.5;21.0;96.0;95.0;96.0;177.0;3.5;1.5
2020/04/21;1000 UTC;0.0;953.1;953.1;952.5;451.5;22.9;22.0;23.1;21.8;22.3;21.2;96.0;94.0;95.0;177.0;4.2;1.7
2020/04/21;1100 UTC;0.0;953.6;953.6;953.0;1214.0;23.9;22.0;24.4;22.9;23.0;21.9;95.0;89.0;89.0;180.0;5.1;2.4
2020/04/21;1200 UTC;0.0;953.3;953.7;953.3;1735.0;25.9;21.5;25.9;23.9;22.8;21.0;90.0;77.0;77.0;181.0;6.4;2.3
2020/04/21;1300 UTC;0.0;953.1;953.3;953.1;2534.0;27.4;20.6;27.4;25.8;21.7;20.1;77.0;66.0;67.0;182.0;6.9;3.6
2020/04/21;1400 UTC;0.0;952.5;953.2;952.5;1661.4;27.5;20.2;28.0;26.9;21.1;19.5;69.0;62.0;65.0;178.0;8.1;3.1
2020/04/21;1500 UTC;0.0;951.3;952.5;951.3;1701.4;27.8;20.5;27.8;26.6;21.0;20.1;71.0;64.0;65.0;182.0;8.2;3.8
2020/04/21;1600 UTC;0.0;950.1;951.3;950.1;2698.1;28.5;20.5;29.4;27.7;21.0;19.7;65.0;58.0;62.0;178.0;7.0;2.8
2020/04/21;1700 UTC;0.0;949.4;950.1;949.4;2521.8;29.8;21.2;29.8;28.5;21.5;20.4;64.0;58.0;60.0;175.0;5.8;3.0
2020/04/21;1800 UTC;0.0;949.2;949.4;949.1;1011.8;27.9;21.0;29.9;27.8;21.4;20.4;66.0;58.0;66.0;182.0;7.2;3.8
2020/04/21;1900 UTC;0.0;949.9;949.9;949.2;511.8;25.8;21.3;28.0;25.8;21.5;20.7;76.0;66.0;76.0;171.0;9.5;4.6
2020/04/21;2000 UTC;0.0;950.8;950.8;949.9;62.9;23.5;21.5;25.8;23.5;22.0;21.3;88.0;76.0;88.0;181.0;9.5;5.0
2020/04/21;2100 UTC;0.0;951.3;951.3;950.8;;22.9;21.6;23.5;22.8;21.6;21.2;93.0;88.0;92.0;182.0;9.5;3.9
2020/04/21;2200 UTC;0.0;952.1;952.1;951.3;;22.4;21.4;22.9;22.3;21.6;21.2;94.0;92.0;94.0;163.0;8.2;3.2
2020/04/21;2300 UTC;0.8;952.6;952.7;952.1;;22.3;21.5;22.6;22.2;21.7;21.4;96.0;94.0;95.0;179.0;6.4;3.9
2020/04/22;0000 UTC;0.0;952.9;952.9;952.7;;22.3;21.5;22.3;22.1;21.6;21.3;96.0;95.0;95.0;180.0;6.4;2.3
2020/04/22;0100 UTC;0.0;953.0;953.1;952.9;;22.5;21.8;22.5;22.2;21.8;21.5;96.0;95.0;96.0;239.0;4.6;2.0
2020/04/22;0200 UTC;1.6;952.9;953.2;952.9;;21.8;21.1;22.5;21.8;21.8;21.1;96.0;96.0;96.0;196.0;4.3;2.7
2020/04/22;0300 UTC;1.0;952.4;952.9;952.4;;22.0;21.5;22.1;21.8;21.6;21.1;97.0;96.0;97.0;195.0;4.2;1.1
2020/04/22;0400 UTC;0.2;951.9;952.4;951.9;;22.1;21.6;22.3;22.0;21.8;21.6;97.0;97.0;97.0;171.0;3.1;1.3
2020/04/22;0500 UTC;0.0;951.6;951.9;951.5;;22.2;21.6;22.2;22.1;21.7;21.5;97.0;97.0;97.0;169.0;2.6;0.4
2020/04/22;0600 UTC;0.0;951.2;951.6;951.2;;22.2;21.7;22.3;22.1;21.8;21.6;97.0;97.0;97.0;45.0;1.2;0.1
2020/04/22;0700 UTC;0.0;951.1;951.2;951.1;;22.0;21.5;22.2;21.9;21.7;21.4;97.0;97.0;97.0;15.0;1.2;0.1
2020/04/22;0800 UTC;0.0;951.5;951.5;951.1;;22.1;21.7;22.1;21.9;21.7;21.4;97.0;97.0;97.0;164.0;1.3;0.3
2020/04/22;0900 UTC;0.2;952.0;952.0;951.5;31.3;22.2;21.7;22.3;22.0;21.9;21.6;98.0;97.0;97.0;180.0;2.0;0.4
2020/04/22;1000 UTC;1.4;952.6;952.6;952.0;377.8;22.4;22.0;22.7;22.1;22.3;21.7;98.0;97.0;97.0;178.0;2.3;0.4
2020/04/22;1100 UTC;1.6;953.3;953.3;952.6;656.2;20.9;20.4;22.4;20.8;22.0;20.4;98.0;96.0;97.0;347.0;6.7;2.9
2020/04/22;1200 UTC;1.4;953.4;953.4;953.3;1273.5;23.1;22.5;23.1;20.9;22.6;20.6;98.0;97.0;97.0;352.0;6.3;2.1
2020/04/22;1300 UTC;0.0;952.9;953.4;952.9;2774.6;25.5;22.1;25.8;23.1;24.4;21.8;97.0;82.0;82.0;4.0;4.6;1.4
2020/04/22;1400 UTC;0.0;952.2;952.9;952.2;3439.8;27.5;20.5;27.8;25.4;22.2;20.5;82.0;65.0;65.0;356.0;4.6;1.9
2020/04/22;1500 UTC;0.0;951.1;952.2;951.1;3018.6;27.2;20.9;28.0;27.1;21.9;19.8;70.0;63.0;68.0;181.0;4.6;2.2
2020/04/22;1600 UTC;0.0;950.0;951.1;950.0;3079.6;28.4;20.1;29.0;26.8;21.6;20.0;71.0;60.0;61.0;131.0;5.6;2.5
2020/04/22;1700 UTC;0.0;949.4;950.0;949.4;2437.0;29.0;19.9;29.3;28.0;20.8;19.2;62.0;57.0;58.0;178.0;6.6;2.5
2020/04/22;1800 UTC;0.0;949.3;949.4;949.3;1645.7;28.1;20.8;29.4;27.8;21.5;19.8;65.0;57.0;65.0;178.0;6.4;3.0
2020/04/22;1900 UTC;0.0;949.3;949.4;949.2;1150.8;27.6;21.2;28.5;27.4;21.4;20.5;68.0;64.0;68.0;191.0;6.7;2.9
2020/04/22;2000 UTC;0.0;949.8;949.8;949.3;280.3;26.6;21.0;27.6;26.5;21.2;20.9;72.0;68.0;72.0;181.0;6.3;3.4
2020/04/22;2100 UTC;0.2;950.7;950.7;949.8;2.0;25.4;21.3;26.6;25.4;21.4;20.9;78.0;71.0;78.0;174.0;5.6;2.9
2020/04/22;2200 UTC;3.6;951.5;951.5;950.7;;23.4;22.3;25.4;23.3;22.4;20.9;94.0;78.0;94.0;191.0;6.0;2.3
2020/04/22;2300 UTC;0.2;952.0;952.0;951.5;;23.8;22.4;23.9;23.3;22.7;22.2;94.0;92.0;92.0;184.0;5.4;3.2
2020/04/23;0000 UTC;0.0;952.4;952.4;952.0;;23.4;22.4;23.8;23.4;22.4;22.2;94.0;92.0;94.0;190.0;6.4;2.7
2020/04/23;0100 UTC;0.0;952.3;952.6;952.3;;23.3;22.4;23.5;23.3;22.6;22.3;95.0;94.0;95.0;65.0;6.0;2.4
2020/04/23;0200 UTC;0.0;951.9;952.3;951.9;;23.0;22.2;23.3;23.0;22.5;22.1;95.0;94.0;95.0;144.0;5.9;2.9
2020/04/23;0300 UTC;0.0;951.6;951.9;951.6;;22.9;22.1;23.1;22.9;22.2;22.0;95.0;95.0;95.0;195.0;5.9;1.8
2020/04/23;0400 UTC;0.0;951.2;951.6;951.2;;22.6;21.7;22.9;22.6;22.1;21.6;95.0;94.0;95.0;166.0;4.4;1.8
2020/04/23;0500 UTC;0.0;950.8;951.2;950.8;;22.5;21.6;22.6;22.5;21.7;21.6;95.0;94.0;94.0;174.0;2.9;1.1
2020/04/23;0600 UTC;0.0;950.6;950.9;950.6;;22.4;21.4;22.6;22.3;21.7;21.3;95.0;94.0;94.0;358.0;3.6;1.0
2020/04/23;0700 UTC;0.0;950.5;950.6;950.4;;22.4;21.3;22.4;22.3;21.4;21.3;94.0;94.0;94.0;194.0;3.4;1.0
2020/04/23;0800 UTC;0.0;950.6;950.7;950.4;;21.8;20.8;22.4;21.7;21.4;20.8;94.0;94.0;94.0;186.0;1.9;0.1
2020/04/23;0900 UTC;0.0;951.3;951.3;950.6;52.3;22.1;21.4;22.1;21.7;21.4;20.8;96.0;94.0;95.0;184.0;1.5;0.9
2020/04/23;1000 UTC;0.0;952.0;952.0;951.3;501.2;23.5;22.6;23.5;22.1;22.6;21.3;96.0;94.0;95.0;191.0;2.6;1.1
2020/04/23;1100 UTC;0.0;952.7;952.7;952.0;604.1;23.7;22.4;23.9;23.3;22.8;22.1;95.0;92.0;93.0;179.0;2.2;0.7
2020/04/23;1200 UTC;0.0;952.9;952.9;952.7;1800.2;25.0;22.3;25.8;23.7;23.6;22.2;94.0;84.0;85.0;183.0;2.4;0.8
2020/04/23;1300 UTC;0.0;952.8;953.0;952.8;1221.3;26.0;21.7;26.2;24.8;22.6;21.6;85.0;77.0;77.0;165.0;2.1;1.0
2020/04/23;1400 UTC;0.2;952.2;952.8;952.2;1368.5;25.2;21.4;26.7;25.1;22.2;21.1;80.0;73.0;80.0;341.0;5.5;2.3
2020/04/23;1500 UTC;0.0;951.1;952.2;951.1;2597.6;27.4;21.8;28.1;25.2;23.1;21.6;81.0;70.0;72.0;180.0;5.5;0.9
2020/04/23;1600 UTC;0.0;950.1;951.1;950.1;2468.3;28.0;21.4;29.1;27.3;22.6;21.1;72.0;65.0;67.0;173.0;6.9;2.5
2020/04/23;1700 UTC;1.0;949.9;950.1;949.7;1359.7;27.2;22.4;28.5;24.6;23.5;20.9;84.0;66.0;75.0;166.0;7.3;2.9
2020/04/23;1800 UTC;0.0;949.6;950.0;949.4;1851.2;27.1;22.6;27.9;26.1;23.0;21.6;78.0;73.0;76.0;171.0;6.6;2.6
2020/04/23;1900 UTC;0.2;950.1;950.1;949.6;367.2;25.8;21.8;27.1;25.6;22.3;21.3;79.0;75.0;79.0;159.0;7.1;2.1
2020/04/23;2000 UTC;0.0;950.3;950.4;950.0;95.9;25.1;22.2;25.8;25.1;22.2;21.7;84.0;79.0;84.0;149.0;3.9;1.7
2020/04/23;2100 UTC;0.0;950.8;950.8;950.3;0.7;24.6;22.4;25.2;24.6;22.6;22.2;87.0;84.0;87.0;59.0;5.7;2.8
2020/04/23;2200 UTC;0.0;951.4;951.4;950.8;;23.9;22.6;24.6;23.7;22.6;21.9;92.0;87.0;92.0;188.0;5.8;2.2
2020/04/23;2300 UTC;0.0;952.1;952.1;951.4;;23.8;22.4;24.1;23.8;22.8;22.4;93.0;92.0;92.0;176.0;6.8;3.4
2020/04/24;0000 UTC;0.0;952.7;952.7;952.1;;23.3;22.2;23.8;23.3;22.4;22.1;94.0;92.0;94.0;204.0;6.6;3.2
2020/04/24;0100 UTC;0.0;953.0;953.0;952.7;;23.1;22.1;23.4;23.1;22.3;22.1;94.0;93.0;94.0;63.0;6.0;3.0
2020/04/24;0200 UTC;0.0;952.8;953.0;952.8;;22.9;22.1;23.1;22.9;22.2;22.1;95.0;94.0;95.0;179.0;7.6;3.4
2020/04/24;0300 UTC;0.0;952.2;952.8;952.2;;22.9;22.2;23.0;22.8;22.2;22.1;96.0;95.0;96.0;186.0;6.5;2.6
2020/04/24;0400 UTC;0.0;951.6;952.2;951.6;;22.7;22.0;23.0;22.7;22.2;22.0;96.0;95.0;96.0;195.0;6.1;3.2
2020/04/24;0500 UTC;0.0;951.1;951.6;951.1;;22.4;21.8;22.8;22.4;22.1;21.8;97.0;96.0;96.0;193.0;6.3;2.8
2020/04/24;0600 UTC;0.0;950.8;951.2;950.7;;22.2;21.7;22.4;22.2;21.9;21.7;97.0;96.0;97.0;197.0;4.8;2.7
2020/04/24;0700 UTC;0.0;950.8;950.8;950.7;;22.2;21.7;22.4;22.1;21.9;21.6;97.0;97.0;97.0;173.0;4.2;0.9
2020/04/24;0800 UTC;0.0;950.9;950.9;950.7;;21.8;21.4;22.2;21.8;21.7;21.3;97.0;97.0;97.0;181.0;2.6;1.8
2020/04/24;0900 UTC;0.0;951.4;951.4;950.8;66.7;22.5;21.9;22.5;21.8;22.0;21.4;97.0;97.0;97.0;182.0;2.8;0.3
2020/04/24;1000 UTC;0.0;952.0;952.0;951.4;628.4;23.6;22.7;23.7;22.5;22.9;21.9;97.0;94.0;95.0;201.0;4.4;2.6
2020/04/24;1100 UTC;0.0;952.8;952.8;952.1;1223.0;24.7;22.2;25.1;23.5;23.1;22.2;95.0;86.0;86.0;189.0;5.2;3.1
2020/04/24;1200 UTC;0.0;953.2;953.2;952.8;2411.9;26.8;21.8;27.0;24.6;22.8;21.6;87.0;74.0;74.0;179.0;6.9;3.0
2020/04/24;1300 UTC;0.0;953.0;953.3;953.0;2672.8;26.9;21.1;27.7;25.8;22.2;20.9;76.0;68.0;71.0;162.0;6.9;3.4
2020/04/24;1400 UTC;0.0;952.2;953.0;952.2;2834.6;28.7;21.9;28.7;26.8;22.3;20.7;72.0;65.0;66.0;171.0;5.4;2.3
2020/04/24;1500 UTC;0.0;951.3;952.2;951.2;3471.9;28.7;21.7;29.5;28.2;22.2;20.6;68.0;62.0;66.0;177.0;6.6;2.9
2020/04/24;1600 UTC;0.0;950.6;951.3;950.5;3062.2;27.0;21.9;30.1;26.4;22.5;20.5;74.0;59.0;74.0;168.0;9.7;4.5
2020/04/24;1700 UTC;0.0;950.2;950.6;950.2;2147.5;26.0;21.8;27.7;25.8;22.8;21.3;78.0;71.0;78.0;169.0;8.5;3.5
2020/04/24;1800 UTC;6.2;950.7;950.7;950.0;882.8;22.9;21.7;26.9;22.6;22.5;20.3;93.0;76.0;93.0;199.0;10.1;6.1
2020/04/24;1900 UTC;1.6;950.7;950.7;950.4;391.8;24.0;22.6;24.0;22.5;22.7;21.5;95.0;91.0;92.0;176.0;10.1;2.9
2020/04/24;2000 UTC;0.0;951.2;951.2;950.7;304.7;23.9;22.0;24.1;23.7;22.6;21.9;92.0;89.0;89.0;182.0;6.8;3.1
2020/04/24;2100 UTC;0.0;951.8;951.8;951.2;;23.5;21.9;23.9;23.5;22.0;21.8;91.0;89.0;91.0;179.0;5.5;1.5
2020/04/24;2200 UTC;0.0;952.4;952.4;951.7;;23.1;21.9;23.5;23.1;22.1;21.8;93.0;91.0;93.0;176.0;6.1;2.9
2020/04/24;2300 UTC;0.2;953.0;953.0;952.4;;22.9;21.8;23.2;22.9;22.0;21.7;94.0;93.0;94.0;173.0;5.7;2.1
2020/04/25;0000 UTC;0.6;953.5;953.6;953.0;;22.6;21.9;22.9;22.5;22.0;21.6;96.0;94.0;96.0;174.0;5.1;2.0
2020/04/25;0100 UTC;0.0;953.6;953.7;953.5;;22.5;21.9;22.7;22.5;22.1;21.9;97.0;96.0;96.0;177.0;4.4;2.1
2020/04/25;0200 UTC;0.4;953.3;953.6;953.3;;22.1;21.6;22.6;22.0;22.0;21.4;97.0;96.0;97.0;192.0;6.4;2.6
2020/04/25;0300 UTC;0.0;952.7;953.3;952.7;;22.2;21.7;22.2;22.1;21.7;21.6;97.0;97.0;97.0;173.0;4.2;1.1
2020/04/25;0400 UTC;0.0;951.8;952.8;951.8;;22.1;21.5;22.2;22.0;21.7;21.5;97.0;97.0;97.0;179.0;4.2;1.6
2020/04/25;0500 UTC;0.0;951.3;951.8;951.3;;21.9;21.3;22.1;21.9;21.5;21.3;97.0;96.0;97.0;177.0;4.1;2.3
2020/04/25;0600 UTC;0.0;951.3;951.3;951.2;;21.8;21.2;22.0;21.8;21.4;21.1;97.0;96.0;96.0;176.0;5.9;1.5
2020/04/25;0700 UTC;0.0;951.1;951.3;951.1;;21.7;21.0;21.9;21.7;21.2;21.0;96.0;96.0;96.0;177.0;3.5;1.4
2020/04/25;0800 UTC;0.0;951.4;951.4;951.1;;21.6;20.8;21.7;21.5;21.0;20.7;96.0;95.0;95.0;182.0;4.9;1.9
2020/04/25;0900 UTC;0.0;952.0;952.0;951.4;49.6;21.6;20.7;21.6;21.4;20.8;20.6;95.0;95.0;95.0;179.0;4.8;2.0
2020/04/25;1000 UTC;0.0;952.6;952.6;952.0;768.3;23.0;21.4;23.0;21.6;21.5;20.7;95.0;91.0;91.0;177.0;5.0;2.0
2020/04/25;1100 UTC;0.0;953.5;953.5;952.5;1154.5;23.2;20.5;23.4;22.6;21.4;20.4;91.0;85.0;85.0;177.0;6.0;2.9
2020/04/25;1200 UTC;0.0;953.7;953.8;953.5;2156.2;25.7;20.0;25.8;23.1;21.4;19.8;85.0;71.0;71.0;178.0;8.1;3.3
2020/04/25;1300 UTC;0.0;953.2;953.7;953.2;3248.3;26.5;19.0;26.8;25.0;20.0;19.0;71.0;63.0;63.0;178.0;7.9;4.3
2020/04/25;1400 UTC;0.0;952.7;953.2;952.7;3463.8;27.5;17.9;27.9;26.5;20.0;17.9;65.0;56.0;56.0;173.0;8.2;4.2
2020/04/25;1500 UTC;0.0;951.9;952.7;951.8;3355.3;28.7;19.3;28.8;27.1;19.6;17.8;60.0;53.0;57.0;179.0;8.2;2.8
2020/04/25;1600 UTC;0.0;950.7;951.8;950.7;2865.6;28.9;19.5;28.9;27.7;20.2;18.7;61.0;56.0;57.0;176.0;7.0;3.2
2020/04/25;1700 UTC;0.0;950.4;950.7;950.4;2174.4;27.7;20.9;29.2;27.1;21.4;19.1;68.0;56.0;67.0;173.0;8.8;3.9
2020/04/25;1800 UTC;0.0;950.6;950.7;950.4;1736.0;27.2;20.9;28.0;26.9;21.1;20.1;69.0;65.0;69.0;176.0;7.5;2.8
2020/04/25;1900 UTC;0.0;950.8;950.8;950.5;1120.1;26.2;20.1;27.6;26.0;21.2;19.9;70.0;67.0;70.0;178.0;7.2;3.4
2020/04/25;2000 UTC;0.0;951.4;951.4;950.8;427.5;25.3;20.5;26.2;25.2;20.6;20.0;75.0;69.0;75.0;175.0;6.8;3.4
2020/04/25;2100 UTC;0.0;952.0;952.0;951.4;6.0;23.9;20.2;25.3;23.9;20.6;19.9;80.0;74.0;80.0;178.0;8.6;2.4
2020/04/25;2200 UTC;0.0;952.6;952.6;952.0;;23.1;20.4;23.9;23.1;20.4;20.1;85.0;80.0;84.0;177.0;4.5;1.7
2020/04/25;2300 UTC;0.0;953.4;953.4;952.6;;23.2;20.6;23.2;23.0;20.7;20.3;86.0;84.0;85.0;177.0;4.5;2.0
2020/04/26;0000 UTC;0.0;953.5;953.5;953.4;;23.0;20.6;23.3;22.9;20.8;20.5;87.0;85.0;87.0;179.0;4.4;1.9
2020/04/26;0100 UTC;0.0;953.8;953.8;953.5;;22.7;20.7;23.1;22.6;20.7;20.6;88.0;87.0;88.0;198.0;4.4;2.6
2020/04/26;0200 UTC;0.0;953.3;953.8;953.3;;22.4;20.4;22.7;22.4;20.7;20.3;89.0;88.0;88.0;175.0;4.5;2.2
2020/04/26;0300 UTC;0.0;952.4;953.3;952.4;;22.2;20.3;22.4;22.2;20.4;20.2;89.0;88.0;89.0;181.0;3.7;1.1
2020/04/26;0400 UTC;0.0;952.2;952.4;952.1;;22.1;20.4;22.4;22.1;20.6;20.2;90.0;89.0;90.0;175.0;2.5;0.6
2020/04/26;0500 UTC;0.0;951.7;952.2;951.7;;22.2;20.7;22.2;22.0;20.7;20.4;91.0;90.0;91.0;169.0;2.0;1.1
2020/04/26;0600 UTC;0.0;951.7;951.8;951.5;;21.8;20.5;22.2;21.8;20.8;20.5;92.0;91.0;92.0;177.0;2.9;1.5
2020/04/26;0700 UTC;0.0;952.0;952.0;951.6;;21.7;20.8;21.8;21.5;20.9;20.4;95.0;92.0;95.0;171.0;3.9;1.4
2020/04/26;0800 UTC;0.0;952.1;952.1;951.9;;21.9;21.0;21.9;21.7;21.1;20.9;95.0;95.0;95.0;183.0;2.9;0.7
2020/04/26;0900 UTC;0.0;952.5;952.6;952.1;17.9;21.9;21.0;21.9;21.8;21.1;21.0;95.0;95.0;95.0;179.0;2.7;1.3
2020/04/26;1000 UTC;0.0;952.5;952.8;952.5;234.2;22.2;21.3;22.2;21.9;21.4;21.1;95.0;95.0;95.0;172.0;3.3;1.5
2020/04/26;1100 UTC;0.0;952.7;952.7;952.4;515.6;22.9;21.8;23.1;22.1;22.2;21.2;95.0;93.0;93.0;185.0;3.5;1.0
2020/04/26;1200 UTC;0.0;953.2;953.2;952.6;1519.1;24.6;22.1;24.8;22.8;22.8;21.7;94.0;86.0;86.0;180.0;4.4;2.3
2020/04/26;1300 UTC;0.0;953.4;953.5;953.2;1949.2;26.0;21.6;26.3;24.5;22.3;21.2;86.0;76.0;76.0;180.0;6.4;2.8
2020/04/26;1400 UTC;0.0;953.0;953.4;953.0;2821.0;26.8;20.9;27.7;26.0;21.7;20.7;76.0;67.0;70.0;179.0;6.1;2.6
2020/04/26;1500 UTC;0.0;952.4;953.0;952.4;2221.4;28.4;21.3;28.7;26.1;22.0;20.8;73.0;65.0;65.0;170.0;5.6;2.5
2020/04/26;1600 UTC;0.4;951.5;952.4;951.4;1254.0;26.4;21.5;28.4;26.4;21.8;20.6;74.0;65.0;74.0;167.0;6.8;3.2
2020/04/26;1700 UTC;2.4;950.9;951.6;950.9;1777.1;25.9;21.9;27.5;24.3;23.5;20.1;84.0;75.0;79.0;178.0;9.1;4.6
2020/04/26;1800 UTC;0.0;950.8;951.0;950.7;1037.2;26.6;22.1;26.9;25.3;22.4;21.9;83.0;75.0;77.0;356.0;9.1;2.3
2020/04/26;1900 UTC;0.0;951.0;951.0;950.7;468.5;26.1;21.8;26.6;25.9;22.3;21.5;78.0;76.0;77.0;179.0;6.4;3.1
2020/04/26;2000 UTC;0.0;951.5;951.5;950.9;101.8;25.6;21.0;26.2;25.6;22.0;21.0;78.0;76.0;76.0;173.0;6.7;3.9
2020/04/26;2100 UTC;0.0;952.0;952.0;951.6;;24.9;19.9;25.6;24.9;21.1;19.9;76.0;73.0;74.0;161.0;8.4;4.4
2020/04/26;2200 UTC;0.0;952.5;952.6;952.0;;23.9;20.3;24.9;23.9;20.3;19.8;80.0;74.0;80.0;167.0;8.6;3.3
2020/04/26;2300 UTC;0.0;953.1;953.1;952.5;;23.3;20.7;23.9;23.3;20.7;20.2;85.0;80.0;85.0;180.0;6.8;2.3
2020/04/27;0000 UTC;0.0;953.9;953.9;953.1;;22.9;21.1;23.4;22.9;21.1;20.6;90.0;85.0;90.0;186.0;5.5;3.4
2020/04/27;0100 UTC;0.0;954.0;954.1;953.8;;22.5;21.3;22.9;22.5;21.4;21.1;93.0;90.0;93.0;176.0;5.5;2.2
2020/04/27;0200 UTC;0.0;953.9;954.1;953.9;;22.5;21.5;22.6;22.4;21.5;21.3;94.0;93.0;94.0;181.0;4.0;1.7
2020/04/27;0300 UTC;0.0;953.1;953.9;953.1;;22.3;21.4;22.5;22.3;21.5;21.4;95.0;94.0;95.0;185.0;3.4;1.0
2020/04/27;0400 UTC;0.0;952.6;953.1;952.6;;22.1;21.4;22.4;22.1;21.5;21.3;95.0;95.0;95.0;179.0;2.4;1.2
2020/04/27;0500 UTC;0.0;952.3;952.6;952.2;;21.8;21.1;22.1;21.8;21.4;21.1;96.0;95.0;96.0;178.0;2.3;0.3
2020/04/27;0600 UTC;0.0;952.1;952.5;952.1;;22.0;21.3;22.0;21.7;21.3;21.1;96.0;96.0;96.0;177.0;2.2;1.3
2020/04/27;0700 UTC;0.0;952.2;952.3;952.1;;22.1;21.4;22.1;22.0;21.5;21.3;96.0;96.0;96.0;175.0;3.0;1.7
2020/04/27;0800 UTC;0.0;952.5;952.5;952.2;;22.1;21.4;22.1;21.9;21.5;21.3;96.0;96.0;96.0;178.0;3.2;0.6
2020/04/27;0900 UTC;0.0;952.9;952.9;952.5;98.9;22.2;21.5;22.2;22.0;21.6;21.3;96.0;96.0;96.0;181.0;2.6;0.8
2020/04/27;1000 UTC;0.0;953.5;953.6;952.9;461.8;23.0;21.9;23.0;22.1;22.0;21.4;96.0;94.0;94.0;179.0;2.6;1.2
2020/04/27;1100 UTC;0.0;954.2;954.2;953.5;980.1;24.0;22.1;24.1;22.9;22.6;21.7;94.0;89.0;89.0;179.0;4.2;2.1
2020/04/27;1200 UTC;0.0;954.1;954.4;954.1;1784.4;25.8;22.0;25.9;24.0;23.5;21.4;89.0;80.0;80.0;172.0;5.6;2.5
2020/04/27;1300 UTC;0.0;953.8;954.1;953.7;2181.9;25.6;21.1;26.3;25.3;22.3;20.6;80.0;73.0;76.0;175.0;7.2;3.5
2020/04/27;1400 UTC;0.2;953.7;953.8;953.6;1549.9;24.7;21.7;26.2;24.4;22.0;20.9;85.0;76.0;83.0;182.0;7.2;3.7
2020/04/27;1500 UTC;0.2;953.0;953.7;953.0;1480.2;25.4;22.4;25.4;24.1;22.6;21.4;88.0;83.0;84.0;249.0;7.4;2.1
2020/04/27;1600 UTC;0.0;952.2;953.0;952.2;2105.3;25.6;21.4;26.3;25.3;22.5;21.3;84.0;77.0;78.0;180.0;6.4;3.1
2020/04/27;1700 UTC;0.0;951.6;952.2;951.6;1426.3;26.0;21.5;26.7;25.5;22.3;21.3;80.0;74.0;76.0;189.0;8.2;4.7
2020/04/27;1800 UTC;0.2;951.3;951.6;951.2;1211.8;23.3;20.4;27.0;22.9;22.1;19.2;84.0;72.0;83.0;178.0;8.5;1.5
2020/04/27;1900 UTC;0.4;951.6;951.8;951.3;514.4;24.0;21.8;25.0;23.3;21.9;20.5;88.0;82.0;88.0;176.0;7.1;2.4
2020/04/27;2000 UTC;0.0;951.8;951.8;951.6;146.4;23.8;21.9;24.1;23.8;22.1;21.8;89.0;88.0;89.0;184.0;6.0;3.3
2020/04/27;2100 UTC;0.0;952.1;952.1;951.8;0.5;23.6;22.2;23.8;23.6;22.2;21.9;92.0;89.0;92.0;185.0;5.4;2.9
2020/04/27;2200 UTC;0.2;953.3;953.3;952.1;;22.4;21.1;23.6;22.4;22.4;21.0;93.0;91.0;92.0;175.0;5.4;1.3
2020/04/27;2300 UTC;0.2;953.7;953.7;953.3;;23.2;22.1;23.2;22.4;22.1;21.1;94.0;92.0;94.0;181.0;5.0;2.7
2020/04/28;0000 UTC;0.0;954.3;954.3;953.7;;22.6;21.8;23.2;22.6;22.1;21.8;95.0;94.0;95.0;171.0;6.4;2.4
2020/04/28;0100 UTC;0.0;954.3;954.4;954.3;;22.5;21.7;22.7;22.5;21.9;21.7;95.0;95.0;95.0;172.0;5.2;2.7
2020/04/28;0200 UTC;0.0;954.1;954.3;954.1;;22.2;21.4;22.5;22.2;21.7;21.4;95.0;95.0;95.0;171.0;4.9;1.8
2020/04/28;0300 UTC;0.0;953.8;954.1;953.8;;22.1;21.3;22.2;22.0;21.4;21.2;95.0;95.0;95.0;171.0;4.4;1.6
2020/04/28;0400 UTC;0.0;953.2;953.8;953.2;;21.9;21.1;22.1;21.8;21.2;21.1;96.0;95.0;96.0;174.0;3.6;0.8
2020/04/28;0500 UTC;0.0;952.5;953.2;952.4;;21.8;21.2;21.9;21.7;21.2;21.0;96.0;96.0;96.0;165.0;2.7;1.2
2020/04/28;0600 UTC;0.0;952.3;952.5;952.3;;21.7;21.0;21.9;21.6;21.2;21.0;96.0;96.0;96.0;178.0;2.4;1.2
2020/04/28;0700 UTC;0.0;952.3;952.5;952.3;;21.5;20.9;21.7;21.5;21.0;20.9;96.0;96.0;96.0;182.0;2.8;1.3
2020/04/28;0800 UTC;0.0;952.3;952.3;952.2;;21.2;20.7;21.5;21.2;20.9;20.7;97.0;96.0;97.0;176.0;3.3;1.4
2020/04/28;0900 UTC;0.0;952.8;952.9;952.3;42.5;21.4;20.9;21.5;21.2;20.9;20.6;97.0;97.0;97.0;176.0;4.1;1.7
2020/04/28;1000 UTC;0.0;953.5;953.5;952.8;471.3;22.4;21.6;22.4;21.4;21.7;20.9;97.0;95.0;96.0;181.0;4.5;2.6
2020/04/28;1100 UTC;0.0;954.0;954.0;953.5;1153.9;23.5;21.7;23.8;22.3;22.4;21.4;96.0;90.0;90.0;178.0;6.2;3.0
2020/04/28;1200 UTC;0.0;954.1;954.1;953.9;1849.0;25.5;20.4;25.5;23.5;22.2;20.3;90.0;73.0;73.0;179.0;7.2;2.4
2020/04/28;1300 UTC;0.0;954.1;954.2;954.1;2542.5;26.1;19.7;26.9;25.3;20.7;19.3;74.0;65.0;68.0;179.0;8.5;3.3
2020/04/28;1400 UTC;0.0;953.4;954.2;953.4;3365.6;27.6;18.8;27.9;25.8;20.1;17.8;68.0;55.0;59.0;177.0;10.3;4.1
2020/04/28;1500 UTC;0.0;952.6;953.4;952.6;3321.3;28.4;18.5;28.7;27.5;19.9;17.6;60.0;53.0;55.0;180.0;9.3;4.1
2020/04/28;1600 UTC;0.0;952.0;952.6;952.0;3227.6;29.2;17.7;29.7;28.2;19.0;16.7;56.0;48.0;50.0;177.0;8.7;3.6
2020/04/28;1700 UTC;0.0;951.4;952.1;951.4;2444.6;28.5;16.0;29.4;28.3;18.3;16.0;53.0;46.0;47.0;178.0;9.5;3.9
2020/04/28;1800 UTC;0.0;951.2;951.4;951.1;2122.4;28.4;17.0;29.1;28.3;17.3;15.6;50.0;45.0;50.0;175.0;8.2;3.2
2020/04/28;1900 UTC;0.0;951.4;951.4;951.2;1040.9;27.5;16.8;28.8;27.5;17.5;16.6;52.0;49.0;52.0;172.0;8.1;3.5
2020/04/28;2000 UTC;0.0;952.2;952.2;951.4;260.2;26.7;16.8;27.6;26.7;16.8;15.4;55.0;48.0;55.0;170.0;7.8;2.7
2020/04/28;2100 UTC;0.0;953.0;953.0;952.2;3.6;25.6;17.1;26.7;25.6;17.1;16.7;59.0;55.0;59.0;175.0;6.6;2.1
2020/04/28;2200 UTC;0.0;953.5;953.5;952.9;;24.8;18.7;25.6;24.8;18.7;17.1;69.0;59.0;69.0;188.0;5.4;3.2
2020/04/28;2300 UTC;0.0;954.4;954.4;953.5;;23.9;19.7;24.8;23.9;19.7;18.7;77.0;69.0;77.0;178.0;5.8;2.8
2020/04/29;0000 UTC;0.0;954.9;954.9;954.4;;23.2;20.0;23.9;23.2;20.0;19.7;82.0;77.0;82.0;185.0;5.1;2.6
2020/04/29;0100 UTC;0.0;955.0;955.2;954.9;;22.9;20.3;23.2;22.9;20.3;20.0;86.0;82.0;86.0;175.0;5.2;1.7
2020/04/29;0200 UTC;0.0;954.7;955.0;954.7;;22.5;20.6;22.9;22.5;20.6;20.3;89.0;86.0;89.0;178.0;4.7;2.1
2020/04/29;0300 UTC;0.0;954.3;954.7;954.3;;22.2;20.8;22.5;22.2;20.9;20.6;92.0;89.0;92.0;182.0;4.7;2.2
2020/04/29;0400 UTC;0.0;953.4;954.3;953.4;;22.1;20.9;22.3;22.0;20.9;20.8;93.0;92.0;93.0;180.0;4.7;1.9
2020/04/29;0500 UTC;0.0;952.8;953.4;952.8;;22.1;21.1;22.1;22.0;21.1;20.9;94.0;93.0;94.0;178.0;4.1;1.9
2020/04/29;0600 UTC;0.0;952.6;952.8;952.5;;21.8;20.9;22.1;21.8;21.0;20.8;94.0;94.0;94.0;180.0;4.5;2.0
2020/04/29;0700 UTC;0.0;952.6;952.7;952.5;;21.4;20.6;21.8;21.4;20.9;20.6;95.0;94.0;95.0;179.0;3.4;1.5
2020/04/29;0800 UTC;0.0;953.0;953.0;952.7;;21.3;20.6;21.5;21.2;20.6;20.5;96.0;95.0;96.0;174.0;3.3;1.6
2020/04/29;0900 UTC;0.0;953.7;953.7;953.0;55.0;21.6;20.9;21.6;21.3;20.9;20.6;96.0;96.0;96.0;179.0;3.9;1.8
2020/04/29;1000 UTC;0.0;954.2;954.3;953.7;490.7;22.8;21.8;22.8;21.6;21.8;20.9;96.0;94.0;94.0;178.0;5.0;2.4
2020/04/29;1100 UTC;0.0;954.5;954.6;954.2;1060.4;23.9;21.1;24.1;22.6;22.3;21.1;94.0;84.0;84.0;174.0;8.0;3.5
2020/04/29;1200 UTC;0.0;954.9;955.1;954.5;1711.8;24.9;20.6;25.5;23.9;21.9;20.5;85.0;77.0;77.0;180.0;8.0;3.4
2020/04/29;1300 UTC;0.0;954.7;955.0;954.7;1976.5;26.6;20.6;26.7;24.9;21.5;20.2;78.0;70.0;70.0;179.0;7.7;3.3
2020/04/29;1400 UTC;0.0;954.2;954.7;954.2;2596.0;28.0;19.3;28.2;26.2;21.5;19.1;70.0;59.0;59.0;176.0;7.7;4.2
2020/04/29;1500 UTC;0.0;953.2;954.2;953.2;2488.8;28.7;19.9;29.1;27.4;20.6;19.1;63.0;58.0;59.0;180.0;7.7;3.3
2020/04/29;1600 UTC;0.0;952.4;953.2;952.4;1852.5;28.2;19.6;29.2;27.7;20.6;19.5;63.0;59.0;60.0;184.0;7.6;4.4
2020/04/29;1700 UTC;0.0;951.4;952.4;951.4;1217.0;28.8;19.7;28.8;27.7;20.2;19.0;63.0;58.0;58.0;180.0;7.4;3.2
2020/04/29;1800 UTC;0.0;951.5;951.5;951.3;1639.9;27.5;20.7;29.5;27.3;22.1;18.5;71.0;54.0;67.0;171.0;9.1;5.0
2020/04/29;1900 UTC;0.0;951.8;951.9;951.5;846.8;26.5;20.2;27.7;26.5;21.3;20.2;70.0;66.0;69.0;187.0;9.1;4.4
2020/04/29;2000 UTC;0.0;952.4;952.4;951.8;148.3;26.0;20.1;26.6;26.0;20.7;20.1;72.0;69.0;70.0;195.0;8.3;4.1
2020/04/29;2100 UTC;0.0;952.7;952.7;952.4;2.4;25.4;21.0;26.0;25.4;21.0;20.2;77.0;70.0;77.0;185.0;7.4;3.5
2020/04/29;2200 UTC;0.0;953.7;953.7;952.7;;24.4;20.1;25.4;24.3;21.1;20.1;77.0;74.0;77.0;205.0;9.1;4.2
2020/04/29;2300 UTC;0.0;954.1;954.2;953.7;;23.9;20.5;24.4;23.9;20.5;20.1;81.0;77.0;81.0;194.0;7.0;3.8
2020/04/30;0000 UTC;0.0;954.5;954.5;954.1;;23.3;20.7;23.9;23.3;20.7;20.5;86.0;81.0;86.0;202.0;6.6;3.7
2020/04/30;0100 UTC;0.0;954.5;954.7;954.5;;22.8;20.8;23.3;22.8;20.8;20.6;88.0;86.0;88.0;206.0;5.8;3.1
2020/04/30;0200 UTC;0.0;954.0;954.5;953.9;;22.7;20.4;22.9;22.7;20.8;20.4;88.0;87.0;87.0;175.0;5.3;2.1
2020/04/30;0300 UTC;0.0;953.2;953.9;953.2;;22.3;20.4;22.7;22.3;20.5;20.4;89.0;87.0;89.0;177.0;4.6;1.6
2020/04/30;0400 UTC;0.0;952.9;953.2;952.9;;22.1;20.4;22.3;22.1;20.5;20.4;90.0;89.0;90.0;175.0;2.8;0.8
2020/04/30;0500 UTC;0.0;952.2;952.9;952.2;;21.9;20.5;22.1;21.9;20.6;20.4;92.0;90.0;92.0;176.0;3.0;1.7
2020/04/30;0600 UTC;0.0;951.7;952.2;951.7;;21.6;20.5;21.9;21.6;20.5;20.4;93.0;92.0;93.0;177.0;3.3;1.5
2020/04/30;0700 UTC;0.0;951.7;951.7;951.6;;21.4;20.5;21.6;21.4;20.6;20.5;94.0;93.0;94.0;174.0;3.1;0.7
2020/04/30;0800 UTC;0.0;951.8;951.9;951.6;;21.4;20.5;21.5;21.3;20.6;20.4;95.0;94.0;95.0;176.0;3.2;0.9
2020/04/30;0900 UTC;0.0;952.5;952.5;951.8;80.8;21.3;20.5;21.4;20.9;20.6;20.1;96.0;95.0;95.0;169.0;2.3;0.9
2020/04/30;1000 UTC;0.0;953.3;953.3;952.5;505.6;22.4;21.3;22.4;21.3;21.3;20.5;95.0;93.0;94.0;177.0;3.0;1.5
2020/04/30;1100 UTC;0.0;953.9;953.9;953.3;979.1;24.1;21.5;24.2;22.4;22.2;21.1;94.0;86.0;86.0;179.0;5.8;2.4
2020/04/30;1200 UTC;0.0;954.0;954.1;953.9;1704.1;25.7;21.1;26.0;24.1;22.3;21.0;86.0;76.0;76.0;175.0;6.3;3.2
2020/04/30;1300 UTC;0.0;954.1;954.1;954.0;1274.8;26.1;21.3;26.2;25.3;21.6;20.8;77.0;74.0;75.0;183.0;6.3;2.7
2020/04/30;1400 UTC;0.0;953.4;954.1;953.4;2124.0;27.9;21.4;28.5;26.1;22.1;20.8;75.0;66.0;68.0;175.0;5.9;2.5
2020/04/30;1500 UTC;0.0;952.6;953.5;952.6;1930.2;28.5;21.8;28.5;27.2;21.8;20.7;69.0;66.0;67.0;177.0;6.0;1.9
2020/04/30;1600 UTC;0.2;952.3;952.7;952.3;1211.7;24.2;22.7;28.6;23.8;22.7;20.4;91.0;64.0;91.0;5.0;9.9;4.4
2020/04/30;1700 UTC;0.4;952.0;952.3;951.9;1270.7;24.1;22.5;24.6;23.6;23.2;21.9;93.0;90.0;91.0;167.0;8.5;3.5
2020/04/30;1800 UTC;3.2;952.0;952.1;952.0;373.8;23.5;22.5;24.1;22.8;22.7;21.7;95.0;91.0;94.0;191.0;7.4;2.6
2020/04/30;1900 UTC;0.0;952.0;952.1;951.8;649.8;24.5;22.6;24.5;23.5;23.1;22.5;94.0;89.0;89.0;112.0;5.3;2.5
2020/04/30;2000 UTC;0.0;952.4;952.4;952.0;247.9;24.4;22.1;24.7;24.4;22.8;22.1;89.0;87.0;87.0;192.0;6.0;2.6
2020/04/30;2100 UTC;0.4;953.0;953.0;952.4;2.4;23.4;22.0;24.4;23.4;22.3;21.5;92.0;87.0;92.0;178.0;6.5;3.0
2020/04/30;2200 UTC;0.2;953.6;953.6;953.0;;23.0;22.1;23.4;23.0;22.2;21.9;95.0;92.0;95.0;180.0;6.7;3.3
2020/04/30;2300 UTC;0.0;954.3;954.3;953.6;;22.7;21.9;23.1;22.7;22.3;21.9;96.0;95.0;96.0;157.0;6.7;2.3
2020/05/01;0000 UTC;0.0;954.8;954.8;954.2;;22.7;22.0;22.8;22.6;22.1;21.9;96.0;95.0;95.0;190.0;4.5;1.7
2020/05/01;0100 UTC;0.0;954.7;955.0;954.6;;22.6;21.9;22.8;22.6;22.0;21.8;96.0;95.0;96.0;197.0;4.7;2.2
2020/05/01;0200 UTC;0.0;954.7;954.9;954.7;;22.6;21.9;22.7;22.6;22.0;21.8;96.0;96.0;96.0;190.0;4.0;1.6
2020/05/01;0300 UTC;0.0;954.1;954.8;954.1;;22.6;21.8;22.6;22.5;22.0;21.8;96.0;96.0;96.0;193.0;2.6;1.0
2020/05/01;0400 UTC;0.0;953.3;954.1;953.3;;22.3;21.6;22.6;22.3;21.9;21.6;96.0;95.0;96.0;162.0;5.6;1.7
2020/05/01;0500 UTC;0.0;952.9;953.3;952.9;;22.4;21.8;22.4;22.3;21.8;21.6;96.0;96.0;96.0;186.0;3.5;1.7
2020/05/01;0600 UTC;0.0;952.7;953.0;952.6;;22.3;21.8;22.4;22.3;21.8;21.8;97.0;96.0;97.0;195.0;3.8;2.3
2020/05/01;0700 UTC;0.0;953.1;953.1;952.7;;22.4;21.8;22.4;22.3;21.9;21.7;97.0;97.0;97.0;173.0;3.8;0.8
2020/05/01;0800 UTC;0.0;953.2;953.2;953.1;;22.5;22.0;22.5;22.4;22.0;21.8;97.0;97.0;97.0;174.0;3.8;1.7
2020/05/01;0900 UTC;0.0;953.8;953.8;953.2;50.4;22.7;22.2;22.8;22.5;22.2;22.0;97.0;97.0;97.0;175.0;7.0;2.0
2020/05/01;1000 UTC;0.0;954.8;954.8;953.7;423.9;23.2;22.5;23.3;22.6;22.7;22.1;97.0;96.0;96.0;175.0;5.6;2.5
2020/05/01;1100 UTC;0.0;955.4;955.5;954.7;1008.0;24.6;22.9;24.8;23.2;23.3;22.5;96.0;90.0;90.0;194.0;6.4;3.6
2020/05/01;1200 UTC;0.0;955.6;955.7;955.4;2139.9;26.2;22.5;26.4;24.4;23.5;22.4;91.0;80.0;80.0;182.0;7.7;3.6
2020/05/01;1300 UTC;0.0;955.7;955.8;955.5;1974.2;26.4;21.8;26.9;25.6;22.8;21.4;81.0;74.0;76.0;190.0;8.3;3.7
2020/05/01;1400 UTC;0.0;955.0;955.7;955.0;2378.8;27.7;21.0;27.9;26.2;22.0;20.7;76.0;66.0;67.0;182.0;8.0;4.4
2020/05/01;1500 UTC;0.0;954.2;955.0;954.2;2818.9;27.4;21.6;28.1;26.6;22.9;20.6;76.0;66.0;71.0;183.0;9.1;4.7
2020/05/01;1600 UTC;0.0;953.6;954.2;953.6;2609.5;29.3;20.8;29.4;27.2;22.2;19.3;73.0;56.0;60.0;188.0;9.0;4.9
2020/05/01;1700 UTC;0.0;952.9;953.6;952.9;2578.0;29.3;19.5;29.6;28.2;20.8;19.1;61.0;54.0;56.0;180.0;9.1;3.7
2020/05/01;1800 UTC;0.0;952.8;952.9;952.6;1966.4;29.3;19.0;29.5;28.4;20.3;19.0;59.0;54.0;54.0;193.0;8.2;4.5
2020/05/01;1900 UTC;0.0;953.0;953.0;952.8;1192.1;28.4;19.5;29.5;28.1;19.7;18.3;59.0;52.0;58.0;187.0;8.3;4.2
2020/05/01;2000 UTC;0.0;953.3;953.4;953.0;335.0;26.8;21.0;28.4;26.8;21.0;19.1;70.0;58.0;70.0;186.0;9.2;5.3
2020/05/01;2100 UTC;0.0;954.0;954.0;953.3;1.0;25.0;21.4;26.8;25.0;21.5;20.9;80.0;70.0;80.0;193.0;8.7;4.9
2020/05/01;2200 UTC;0.0;954.5;954.5;954.0;;24.1;22.2;25.0;24.1;22.3;21.5;89.0;80.0;89.0;194.0;7.9;3.7
2020/05/01;2300 UTC;0.0;954.9;955.0;954.5;;23.7;22.3;24.2;23.7;22.4;22.2;92.0;89.0;92.0;186.0;6.8;3.8
2020/05/02;0000 UTC;0.0;955.2;955.2;954.9;;23.3;22.2;23.7;23.3;22.4;22.1;94.0;92.0;93.0;186.0;6.2;3.0
2020/05/02;0100 UTC;0.0;955.1;955.2;955.1;;23.2;22.2;23.3;23.1;22.2;22.1;94.0;93.0;94.0;192.0;6.2;2.9
2020/05/02;0200 UTC;0.0;954.7;955.1;954.7;;23.1;22.1;23.3;23.0;22.3;22.1;95.0;94.0;95.0;202.0;4.8;2.3
2020/05/02;0300 UTC;0.0;954.6;954.7;954.4;;22.7;21.9;23.1;22.7;22.2;21.9;95.0;95.0;95.0;187.0;5.8;2.7
2020/05/02;0400 UTC;0.0;953.7;954.6;953.7;;22.4;21.7;22.8;22.4;22.0;21.6;96.0;95.0;96.0;206.0;5.8;2.3
2020/05/02;0500 UTC;0.0;953.5;953.7;953.4;;22.2;21.5;22.4;22.2;21.7;21.5;96.0;96.0;96.0;178.0;4.7;2.1
2020/05/02;0600 UTC;0.0;953.3;953.5;953.3;;22.0;21.3;22.2;22.0;21.5;21.3;96.0;96.0;96.0;189.0;4.7;2.5
2020/05/02;0700 UTC;0.0;953.4;953.5;953.2;;21.7;21.0;22.0;21.7;21.3;21.0;96.0;95.0;96.0;203.0;4.3;1.7
2020/05/02;0800 UTC;0.0;953.4;953.6;953.4;;21.7;21.0;21.7;21.6;21.1;20.9;96.0;96.0;96.0;207.0;2.8;1.6
2020/05/02;0900 UTC;0.0;953.6;953.6;953.4;51.6;21.8;21.2;21.8;21.5;21.2;20.8;96.0;96.0;96.0;180.0;3.1;0.6
2020/05/02;1000 UTC;0.0;954.2;954.2;953.6;725.7;23.7;21.9;23.7;21.8;22.2;21.2;96.0;90.0;90.0;172.0;4.5;2.7
2020/05/02;1100 UTC;0.0;954.7;954.7;954.2;1096.6;24.4;21.7;24.4;23.6;21.9;21.1;90.0;85.0;85.0;175.0;6.8;3.2
2020/05/02;1200 UTC;0.0;954.9;955.0;954.7;1153.8;25.0;21.4;25.0;24.3;22.0;20.8;85.0;80.0;80.0;175.0;6.9;2.9
2020/05/02;1300 UTC;0.0;954.4;954.9;954.4;2346.4;26.4;20.5;26.9;25.0;22.0;20.3;81.0;69.0;70.0;177.0;7.1;3.4
2020/05/02;1400 UTC;0.0;953.5;954.4;953.5;2390.7;28.1;19.0;28.8;26.0;21.2;19.0;73.0;57.0;58.0;177.0;7.0;3.3
2020/05/02;1500 UTC;0.0;952.6;953.5;952.6;2211.4;28.1;19.6;29.1;27.5;20.6;18.8;64.0;56.0;60.0;176.0;7.4;3.9
2020/05/02;1600 UTC;0.0;951.7;952.6;951.7;2497.8;29.4;19.3;30.4;28.2;20.5;18.5;60.0;53.0;54.0;181.0;6.5;3.0
2020/05/02;1700 UTC;0.0;951.1;951.7;951.1;2008.2;29.7;19.3;30.1;28.7;20.0;18.6;58.0;53.0;54.0;184.0;6.2;2.8
2020/05/02;1800 UTC;0.0;950.9;951.1;950.9;1522.8;29.3;19.7;30.2;28.5;20.3;19.3;60.0;53.0;56.0;172.0;7.4;3.4
2020/05/02;1900 UTC;0.0;951.4;951.4;950.9;861.3;28.4;19.8;29.6;28.3;20.1;19.4;60.0;55.0;60.0;182.0;8.3;3.7
2020/05/02;2000 UTC;0.0;952.1;952.1;951.4;465.5;27.1;19.8;28.4;27.1;19.9;19.6;65.0;59.0;65.0;199.0;8.2;4.5
2020/05/02;2100 UTC;0.0;952.6;952.6;952.1;0.6;25.8;20.0;27.1;25.8;20.1;19.8;71.0;65.0;71.0;192.0;9.0;4.5
2020/05/02;2200 UTC;0.0;953.2;953.2;952.6;;24.9;19.3;25.8;24.9;20.0;19.3;72.0;71.0;71.0;202.0;7.8;4.9
2020/05/02;2300 UTC;0.0;953.7;953.7;953.2;;24.0;19.9;24.9;24.0;19.9;19.3;78.0;71.0;78.0;199.0;7.6;3.5
2020/05/03;0000 UTC;0.0;954.1;954.1;953.6;;23.2;20.8;24.0;23.2;20.8;19.9;86.0;78.0;86.0;201.0;6.4;2.9
2020/05/03;0100 UTC;0.0;953.9;954.1;953.9;;22.8;21.1;23.2;22.8;21.1;20.8;90.0;86.0;90.0;188.0;5.6;2.7
2020/05/03;0200 UTC;0.0;953.6;953.9;953.6;;22.4;21.0;22.8;22.4;21.1;21.0;92.0;90.0;92.0;181.0;4.2;1.8
2020/05/03;0300 UTC;0.0;952.9;953.7;952.9;;22.2;21.0;22.4;22.2;21.1;20.9;93.0;92.0;93.0;193.0;4.5;2.2
2020/05/03;0400 UTC;0.0;952.5;952.9;952.5;;22.0;21.0;22.2;22.0;21.1;20.9;94.0;93.0;94.0;197.0;4.4;2.2
2020/05/03;0500 UTC;0.0;952.1;952.5;952.0;;21.9;21.0;22.0;21.7;21.0;20.8;95.0;94.0;95.0;185.0;3.7;2.1
2020/05/03;0600 UTC;0.0;952.0;952.1;951.9;;22.1;21.1;22.1;21.8;21.1;20.9;95.0;94.0;94.0;193.0;3.4;2.0
2020/05/03;0700 UTC;0.0;951.9;952.1;951.9;;22.0;21.1;22.2;22.0;21.2;21.0;94.0;94.0;94.0;186.0;2.9;1.5
2020/05/03;0800 UTC;0.0;952.2;952.2;951.9;;21.8;20.9;22.1;21.8;21.1;20.9;94.0;94.0;94.0;181.0;2.7;0.9
2020/05/03;0900 UTC;0.0;952.6;952.7;952.2;43.3;22.3;21.3;22.3;21.8;21.3;20.9;95.0;94.0;94.0;194.0;3.0;1.8
2020/05/03;1000 UTC;0.0;953.1;953.1;952.6;638.0;23.5;21.7;23.5;22.3;22.0;21.3;94.0;89.0;90.0;174.0;4.0;1.9
2020/05/03;1100 UTC;0.0;953.7;953.8;953.1;1529.6;25.0;21.3;25.0;23.5;22.3;21.1;90.0;80.0;80.0;189.0;5.6;3.1
2020/05/03;1200 UTC;0.0;953.9;953.9;953.7;2221.0;26.3;20.1;26.8;24.9;21.3;20.0;80.0;69.0;69.0;176.0;6.3;2.9
2020/05/03;1300 UTC;0.0;953.7;953.9;953.6;2444.8;27.3;20.4;27.7;25.9;21.3;19.9;72.0;65.0;66.0;177.0;5.7;2.7
2020/05/03;1400 UTC;0.0;952.6;953.7;952.6;2644.4;28.6;20.4;29.1;27.2;21.2;19.9;67.0;59.0;61.0;178.0;6.2;3.2
2020/05/03;1500 UTC;0.0;951.6;952.7;951.6;3222.7;29.9;19.9;30.5;28.2;21.1;19.2;62.0;53.0;55.0;188.0;6.8;3.1
2020/05/03;1600 UTC;0.0;950.8;951.6;950.7;3170.2;30.3;19.2;30.9;29.4;20.9;18.2;56.0;49.0;51.0;177.0;6.8;3.4
2020/05/03;1700 UTC;0.0;950.0;950.8;950.0;2261.3;31.2;19.5;31.3;29.4;19.6;17.8;52.0;47.0;50.0;169.0;7.8;2.8
2020/05/03;1800 UTC;0.0;950.0;950.0;949.9;2026.7;29.8;18.4;31.3;29.7;19.3;17.9;50.0;47.0;50.0;184.0;7.3;3.4
2020/05/03;1900 UTC;0.0;950.3;950.3;949.9;1026.7;29.4;19.9;30.5;29.1;20.1;18.0;57.0;49.0;57.0;192.0;7.2;3.6
2020/05/03;2000 UTC;0.0;950.7;950.8;950.3;312.2;27.7;20.4;29.5;27.7;20.4;19.6;65.0;56.0;65.0;176.0;8.2;4.3
2020/05/03;2100 UTC;0.0;951.1;951.1;950.7;3.2;26.1;20.6;27.7;26.1;20.6;20.4;72.0;65.0;72.0;202.0;8.5;4.6
2020/05/03;2200 UTC;0.0;951.7;951.7;951.1;;24.8;20.6;26.1;24.8;20.6;20.5;77.0;72.0;77.0;189.0;8.1;4.1
2020/05/03;2300 UTC;0.0;952.5;952.5;951.7;;23.8;20.5;24.8;23.8;20.7;20.5;82.0;77.0;82.0;190.0;7.8;3.3
2020/05/04;0000 UTC;0.0;953.0;953.0;952.5;;23.2;20.3;23.8;23.2;20.5;20.2;83.0;82.0;83.0;225.0;6.0;1.9
2020/05/04;0100 UTC;0.0;953.0;953.2;953.0;;23.0;20.2;23.3;23.0;20.3;20.2;85.0;83.0;85.0;213.0;4.3;2.2
2020/05/04;0200 UTC;0.0;952.8;953.1;952.8;;22.4;19.8;23.0;22.4;20.3;19.8;86.0;85.0;86.0;190.0;3.7;0.7
2020/05/04;0300 UTC;0.0;952.2;952.8;952.2;;22.3;19.7;22.6;22.3;20.0;19.7;86.0;85.0;85.0;173.0;3.2;1.8
2020/05/04;0400 UTC;0.0;951.8;952.2;951.8;;22.0;19.8;22.3;22.0;19.8;19.6;87.0;85.0;87.0;171.0;3.5;1.0
2020/05/04;0500 UTC;0.0;951.1;951.8;951.1;;21.8;20.1;22.0;21.8;20.1;19.8;90.0;87.0;90.0;180.0;3.2;1.0
2020/05/04;0600 UTC;0.0;950.8;951.2;950.7;;21.5;20.0;21.8;21.5;20.1;20.0;91.0;90.0;91.0;182.0;3.5;1.0
2020/05/04;0700 UTC;0.0;951.0;951.1;950.8;;21.3;20.1;21.5;21.2;20.1;20.0;93.0;91.0;93.0;178.0;3.7;0.9
2020/05/04;0800 UTC;0.0;951.3;951.3;951.0;;21.2;20.1;21.4;20.9;20.4;19.8;94.0;93.0;94.0;175.0;3.8;0.8
2020/05/04;0900 UTC;0.0;951.6;951.7;951.2;45.0;21.8;20.7;21.8;21.0;20.7;20.1;95.0;94.0;94.0;182.0;2.7;1.5
2020/05/04;1000 UTC;0.0;952.2;952.2;951.6;691.0;23.4;21.1;23.5;21.8;21.5;20.8;94.0;87.0;87.0;184.0;4.2;2.0
2020/05/04;1100 UTC;0.0;952.7;952.8;952.2;1577.1;24.5;20.2;25.1;23.3;21.4;19.9;87.0;75.0;77.0;177.0;6.5;3.4
2020/05/04;1200 UTC;0.0;953.1;953.1;952.7;1696.5;25.7;20.6;26.0;24.5;20.9;19.8;78.0;72.0;73.0;180.0;7.5;3.6
2020/05/04;1300 UTC;0.0;953.0;953.2;953.0;2915.3;28.3;20.1;28.3;25.6;21.0;19.1;73.0;61.0;61.0;176.0;8.7;4.0
2020/05/04;1400 UTC;0.0;952.3;953.1;952.3;3213.3;28.9;19.1;29.3;27.7;19.7;18.5;61.0;53.0;56.0;180.0;9.4;3.9
2020/05/04;1500 UTC;0.0;951.5;952.3;951.5;2935.1;29.8;18.6;30.1;28.2;19.8;17.1;57.0;47.0;51.0;180.0;9.4;4.3
2020/05/04;1600 UTC;0.0;951.0;951.5;951.0;2493.3;29.7;17.9;30.1;28.9;19.1;17.2;53.0;47.0;49.0;185.0;9.4;4.5
2020/05/04;1700 UTC;0.0;950.3;951.0;950.3;2154.8;29.6;18.2;30.1;29.0;18.6;17.3;53.0;47.0;50.0;175.0;9.9;4.3
2020/05/04;1800 UTC;0.0;950.3;950.4;950.3;1319.8;29.0;16.9;29.9;28.8;18.2;16.0;51.0;45.0;48.0;188.0;8.6;3.6
2020/05/04;1900 UTC;0.0;950.5;950.5;950.2;1016.2;28.4;17.2;29.7;28.4;17.9;16.8;51.0;48.0;51.0;174.0;7.8;3.3
2020/05/04;2000 UTC;0.0;950.8;950.8;950.5;137.4;27.4;17.2;28.5;27.4;17.4;16.1;54.0;47.0;54.0;174.0;7.5;3.5
2020/05/04;2100 UTC;0.0;951.2;951.2;950.8;0.9;26.4;18.3;27.4;26.4;18.3;17.0;61.0;54.0;61.0;177.0;6.6;3.4
2020/05/04;2200 UTC;0.0;951.9;951.9;951.2;;25.3;19.8;26.4;25.3;19.8;18.4;72.0;61.0;72.0;172.0;6.9;3.1
2020/05/04;2300 UTC;0.0;952.5;952.5;951.9;;24.6;19.7;25.3;24.6;19.9;19.7;74.0;72.0;74.0;172.0;6.2;3.3
2020/05/05;0000 UTC;0.0;952.7;952.8;952.5;;24.1;19.7;24.6;24.1;19.8;19.6;77.0;74.0;77.0;173.0;6.1;2.9
2020/05/05;0100 UTC;0.0;952.9;953.0;952.7;;23.5;20.0;24.1;23.5;20.1;19.8;81.0;77.0;81.0;172.0;7.0;2.3
2020/05/05;0200 UTC;0.0;952.5;952.9;952.5;;23.2;20.4;23.5;23.1;20.4;20.0;84.0;81.0;84.0;170.0;6.4;2.9
2020/05/05;0300 UTC;0.0;951.6;952.5;951.6;;22.8;20.4;23.2;22.8;20.6;20.3;86.0;84.0;86.0;176.0;5.5;2.1
2020/05/05;0400 UTC;0.0;951.0;951.5;951.0;;22.6;20.4;22.9;22.5;20.6;20.4;88.0;86.0;88.0;176.0;4.4;2.0
2020/05/05;0500 UTC;0.0;950.7;951.0;950.7;;22.5;20.5;22.6;22.4;20.5;20.3;89.0;87.0;89.0;175.0;4.4;1.4
2020/05/05;0600 UTC;0.0;950.5;950.8;950.5;;22.4;20.5;22.5;22.4;20.6;20.4;89.0;88.0;89.0;178.0;3.5;1.8
2020/05/05;0700 UTC;0.0;950.4;950.5;950.3;;22.5;20.4;22.5;22.4;20.6;20.3;89.0;88.0;88.0;177.0;4.5;1.8
2020/05/05;0800 UTC;0.0;951.0;951.0;950.4;;22.4;20.3;22.6;22.4;20.4;20.3;88.0;87.0;88.0;177.0;4.3;1.8
2020/05/05;0900 UTC;0.0;951.5;951.5;950.9;49.0;22.4;20.4;22.6;22.4;20.5;20.3;88.0;88.0;88.0;180.0;4.6;1.9
2020/05/05;1000 UTC;0.0;951.9;951.9;951.5;437.2;23.4;20.9;23.7;22.4;21.4;20.4;89.0;86.0;86.0;178.0;5.3;2.3
2020/05/05;1100 UTC;0.0;952.7;952.7;951.8;632.7;23.8;20.4;23.8;23.4;21.0;20.1;86.0;81.0;82.0;176.0;6.5;3.1
2020/05/05;1200 UTC;0.0;953.1;953.1;952.7;800.8;24.3;20.3;24.4;23.7;20.6;19.9;82.0;78.0;79.0;179.0;8.9;3.3
2020/05/05;1300 UTC;0.0;952.9;953.1;952.9;1028.5;24.5;20.5;25.0;24.2;20.7;19.9;79.0;76.0;78.0;172.0;8.0;3.7
2020/05/05;1400 UTC;0.0;952.4;953.0;952.3;1178.9;24.3;21.4;24.6;23.2;21.9;20.2;89.0;78.0;84.0;177.0;9.2;3.9
2020/05/05;1500 UTC;0.0;951.6;952.3;951.6;1284.4;25.4;21.0;25.6;24.3;21.8;21.0;84.0;76.0;77.0;175.0;7.8;3.7
2020/05/05;1600 UTC;0.2;951.2;951.7;951.2;1013.9;25.0;21.7;25.6;23.7;22.2;20.4;87.0;76.0;82.0;173.0;8.8;3.3
2020/05/05;1700 UTC;0.6;951.4;951.4;951.0;709.4;21.8;20.7;25.6;21.8;21.6;20.2;94.0;75.0;93.0;184.0;11.6;5.1
2020/05/05;1800 UTC;0.2;950.9;951.5;950.9;674.1;22.7;21.3;22.7;21.7;21.3;20.6;94.0;91.0;92.0;186.0;11.6;2.1
2020/05/05;1900 UTC;0.2;951.2;951.2;950.8;414.6;23.3;20.8;23.6;22.7;21.6;20.8;92.0;85.0;86.0;173.0;5.1;3.3
2020/05/05;2000 UTC;1.8;951.5;951.5;951.1;124.8;21.6;20.6;23.3;21.0;20.8;19.5;94.0;86.0;94.0;179.0;9.9;1.8
2020/05/05;2100 UTC;0.0;952.0;952.0;951.5;0.8;22.2;21.3;22.2;21.6;21.3;20.6;95.0;94.0;95.0;190.0;4.4;2.2
2020/05/05;2200 UTC;0.0;952.5;952.5;952.0;;22.3;21.5;22.4;22.2;21.6;21.3;95.0;95.0;95.0;174.0;3.9;1.6
2020/05/05;2300 UTC;0.0;952.9;952.9;952.5;;22.3;21.6;22.3;22.2;21.6;21.4;96.0;95.0;96.0;179.0;4.9;2.6
2020/05/06;0000 UTC;0.0;953.5;953.6;952.9;;22.5;21.8;22.5;22.2;21.8;21.6;96.0;95.0;96.0;180.0;5.7;2.6
2020/05/06;0100 UTC;0.0;953.6;953.7;953.5;;22.5;21.8;22.5;22.4;21.8;21.7;96.0;95.0;96.0;190.0;4.3;1.7
2020/05/06;0200 UTC;0.0;953.3;953.6;953.3;;22.4;21.7;22.5;22.4;21.8;21.7;96.0;96.0;96.0;170.0;3.2;1.1
2020/05/06;0300 UTC;0.0;952.9;953.5;952.9;;22.3;21.6;22.5;22.3;21.8;21.6;96.0;96.0;96.0;171.0;3.3;1.4
2020/05/06;0400 UTC;0.0;952.3;952.9;952.3;;22.2;21.6;22.3;22.2;21.7;21.6;96.0;96.0;96.0;174.0;3.6;1.4
2020/05/06;0500 UTC;0.0;952.1;952.3;952.1;;22.2;21.6;22.2;22.0;21.6;21.4;97.0;96.0;97.0;189.0;3.5;2.3
2020/05/06;0600 UTC;0.0;952.1;952.2;952.0;;21.8;21.3;22.2;21.8;21.6;21.3;97.0;96.0;97.0;177.0;3.6;1.7
2020/05/06;0700 UTC;0.0;952.0;952.1;951.9;;21.8;21.3;21.9;21.7;21.3;21.2;97.0;97.0;97.0;172.0;3.6;1.9
2020/05/06;0800 UTC;0.0;952.3;952.3;952.0;;21.9;21.3;22.0;21.8;21.4;21.3;97.0;96.0;96.0;180.0;3.5;1.4
2020/05/06;0900 UTC;1.6;952.6;952.6;952.3;31.8;21.2;20.8;21.9;21.0;21.3;20.5;97.0;96.0;97.0;173.0;6.7;1.5
2020/05/06;1000 UTC;0.0;953.3;953.3;952.6;356.8;22.2;21.6;22.2;21.2;21.6;20.7;97.0;96.0;96.0;194.0;3.0;1.5
2020/05/06;1100 UTC;0.0;953.8;953.8;953.3;903.2;23.4;22.1;23.5;22.2;22.5;21.6;96.0;92.0;92.0;178.0;6.6;3.1
2020/05/06;1200 UTC;0.0;953.8;953.9;953.7;1442.8;25.2;22.1;25.2;23.4;22.6;21.7;93.0;81.0;83.0;183.0;8.2;4.2
2020/05/06;1300 UTC;0.0;953.4;953.8;953.4;1918.8;25.7;20.4;26.7;24.6;22.2;20.3;83.0;72.0;72.0;170.0;8.9;5.0
2020/05/06;1400 UTC;0.0;952.8;953.4;952.8;2659.5;27.4;20.4;27.8;25.7;21.3;20.0;72.0;66.0;66.0;195.0;10.2;5.4
2020/05/06;1500 UTC;0.0;951.8;952.8;951.8;3080.1;29.1;19.5;29.1;27.0;21.1;19.1;66.0;56.0;56.0;181.0;10.3;4.8
2020/05/06;1600 UTC;0.0;951.2;951.8;951.2;2597.4;28.9;19.5;29.4;28.1;19.8;18.5;59.0;54.0;57.0;193.0;9.3;5.2
2020/05/06;1700 UTC;0.0;950.4;951.2;950.4;2381.3;28.7;18.9;29.4;28.6;20.0;18.3;58.0;53.0;56.0;181.0;9.5;5.2
2020/05/06;1800 UTC;0.0;950.3;950.5;950.3;1970.5;28.3;19.2;29.3;28.2;19.6;18.0;58.0;52.0;58.0;187.0;10.0;4.9
2020/05/06;1900 UTC;0.0;950.7;950.7;950.2;910.1;26.1;21.9;29.0;26.0;21.9;18.7;78.0;56.0;78.0;2.0;9.2;3.4
2020/05/06;2000 UTC;0.0;950.8;950.8;950.6;215.4;25.4;21.8;26.1;25.4;22.3;21.7;80.0;78.0;80.0;167.0;7.4;3.7
2020/05/06;2100 UTC;0.0;951.3;951.3;950.8;0.9;24.0;22.1;25.4;23.9;22.1;21.7;89.0;80.0;89.0;135.0;7.3;2.4
2020/05/06;2200 UTC;0.0;951.9;951.9;951.3;;23.4;21.8;24.0;23.4;22.1;21.7;91.0;89.0;91.0;180.0;6.2;3.1
2020/05/06;2300 UTC;0.0;952.4;952.4;951.9;;23.0;21.7;23.4;23.0;21.8;21.7;92.0;91.0;92.0;195.0;5.1;2.6
2020/05/07;0000 UTC;0.0;952.3;952.5;952.3;;23.2;21.6;23.3;23.0;21.9;21.6;93.0;91.0;91.0;180.0;6.6;3.2
2020/05/07;0100 UTC;0.0;952.6;952.8;952.4;;22.8;21.5;23.2;22.8;21.7;21.5;93.0;91.0;93.0;184.0;6.5;2.1
2020/05/07;0200 UTC;0.0;952.4;952.7;952.4;;22.6;21.6;22.8;22.6;21.6;21.5;94.0;93.0;94.0;179.0;5.3;1.9
2020/05/07;0300 UTC;0.0;952.0;952.4;952.0;;22.5;21.5;22.7;22.5;21.6;21.5;94.0;94.0;94.0;176.0;4.0;1.5
2020/05/07;0400 UTC;0.0;951.4;952.0;951.4;;22.2;21.3;22.5;22.2;21.5;21.3;94.0;94.0;94.0;171.0;3.3;1.6
2020/05/07;0500 UTC;0.0;951.1;951.5;951.0;;22.2;21.4;22.3;22.2;21.4;21.3;95.0;95.0;95.0;173.0;5.2;1.8
2020/05/07;0600 UTC;0.0;951.0;951.1;950.9;;22.3;21.5;22.4;22.2;21.5;21.3;95.0;95.0;95.0;174.0;4.7;2.2
2020/05/07;0700 UTC;0.0;950.9;951.0;950.9;;21.9;21.2;22.3;21.8;21.5;21.2;96.0;95.0;96.0;184.0;5.0;3.2
2020/05/07;0800 UTC;0.0;951.1;951.2;950.8;;22.0;21.4;22.1;21.9;21.4;21.2;96.0;96.0;96.0;175.0;5.3;2.1
2020/05/07;0900 UTC;0.0;951.6;951.6;951.1;59.9;21.7;21.1;22.0;21.6;21.3;21.0;97.0;96.0;97.0;173.0;5.7;2.6
2020/05/07;1000 UTC;0.0;952.2;952.3;951.6;656.4;23.2;21.7;23.2;21.7;21.8;21.1;97.0;91.0;92.0;175.0;6.6;3.5
2020/05/07;1100 UTC;0.0;952.7;952.7;952.2;1038.0;23.9;21.1;24.0;23.0;21.8;21.1;92.0;84.0;84.0;182.0;9.8;4.9
2020/05/07;1200 UTC;0.0;952.9;953.0;952.7;1704.4;25.5;20.4;25.7;23.8;21.2;20.3;84.0;74.0;74.0;181.0;10.0;4.6
2020/05/07;1300 UTC;0.0;952.8;952.9;952.7;2111.7;26.9;19.7;27.0;25.1;20.7;19.7;75.0;65.0;65.0;187.0;8.5;4.3
2020/05/07;1400 UTC;0.0;952.3;952.8;952.3;2856.1;28.1;18.2;28.1;26.7;19.8;18.2;65.0;55.0;55.0;171.0;9.0;4.9
2020/05/07;1500 UTC;0.0;951.7;952.3;951.7;3067.9;29.1;17.0;29.1;27.8;18.9;16.7;57.0;48.0;48.0;181.0;9.7;4.7
2020/05/07;1600 UTC;0.0;951.0;951.7;951.0;3081.4;29.3;16.7;29.9;28.3;17.9;15.7;51.0;44.0;47.0;188.0;9.1;5.4
2020/05/07;1700 UTC;0.0;950.4;951.1;950.4;2733.7;29.4;15.4;30.3;29.1;16.9;14.9;47.0;41.0;43.0;182.0;9.9;4.8
2020/05/07;1800 UTC;0.0;950.2;950.4;950.1;2162.1;29.2;15.3;30.0;29.0;16.7;14.5;45.0;41.0;43.0;174.0;9.6;4.0
2020/05/07;1900 UTC;0.0;950.5;950.6;950.2;1297.9;28.2;16.2;29.4;27.9;16.5;14.6;49.0;42.0;48.0;175.0;7.8;4.2
2020/05/07;2000 UTC;0.0;950.9;950.9;950.5;365.5;26.5;18.7;28.2;26.5;18.7;15.9;62.0;48.0;62.0;200.0;8.3;4.7
2020/05/07;2100 UTC;0.0;951.7;951.7;950.9;;25.2;18.8;26.4;25.2;18.8;18.6;68.0;62.0;68.0;190.0;7.8;4.2
2020/05/07;2200 UTC;0.0;952.3;952.3;951.7;;24.4;18.8;25.2;24.4;18.8;18.6;71.0;67.0;71.0;210.0;7.0;4.3
2020/05/07;2300 UTC;0.0;953.0;953.0;952.3;;23.4;19.1;24.4;23.4;19.1;18.8;77.0;71.0;77.0;195.0;8.0;3.5
2020/05/08;0000 UTC;0.0;953.2;953.2;953.0;;23.0;20.3;23.4;23.0;20.3;19.1;85.0;77.0;85.0;192.0;6.2;3.8
2020/05/08;0100 UTC;0.0;953.3;953.3;953.0;;22.3;20.5;23.0;22.3;20.6;20.3;89.0;85.0;89.0;184.0;6.2;3.0
2020/05/08;0200 UTC;0.0;953.2;953.3;953.2;;22.5;20.9;22.5;22.1;20.9;20.5;91.0;90.0;91.0;180.0;5.3;2.0
2020/05/08;0300 UTC;0.0;953.1;953.3;953.0;;22.1;20.7;22.5;22.1;20.9;20.7;92.0;90.0;92.0;164.0;3.6;0.9
2020/05/08;0400 UTC;0.0;952.7;953.1;952.7;;21.8;20.7;22.1;21.8;20.7;20.6;93.0;92.0;93.0;174.0;2.3;1.1
2020/05/08;0500 UTC;0.0;952.6;952.7;952.6;;21.4;20.4;21.8;21.4;20.7;20.4;94.0;93.0;94.0;154.0;1.9;0.3
2020/05/08;0600 UTC;0.0;952.3;952.6;952.3;;21.4;20.5;21.5;21.3;20.6;20.3;95.0;94.0;95.0;175.0;2.1;1.0
2020/05/08;0700 UTC;0.0;952.5;952.5;952.3;;20.9;20.2;21.4;20.8;20.5;20.1;96.0;95.0;96.0;171.0;2.1;0.4
2020/05/08;0800 UTC;0.0;953.1;953.2;952.5;;20.3;19.8;20.9;20.3;20.2;19.8;97.0;96.0;97.0;174.0;2.3;1.1
2020/05/08;0900 UTC;0.0;953.5;953.5;953.1;58.4;20.7;20.3;20.9;20.2;20.5;19.7;98.0;97.0;98.0;175.0;4.1;1.5
2020/05/08;1000 UTC;0.0;954.0;954.1;953.4;552.7;21.9;21.3;22.0;20.7;21.4;20.3;98.0;97.0;97.0;175.0;4.8;1.9
2020/05/08;1100 UTC;0.0;954.7;954.7;954.0;1092.3;23.4;21.7;24.0;21.8;23.0;21.2;97.0;90.0;90.0;180.0;5.0;3.0
2020/05/08;1200 UTC;0.0;954.5;954.7;954.4;2282.1;25.8;18.8;25.9;23.4;22.2;18.4;91.0;64.0;65.0;179.0;6.4;2.4
2020/05/08;1300 UTC;0.0;954.3;954.5;954.2;2905.5;28.0;13.9;28.0;25.7;18.9;12.8;65.0;40.0;42.0;181.0;5.5;2.8
2020/05/08;1400 UTC;0.0;953.7;954.3;953.7;3269.1;28.9;12.7;29.4;27.3;15.1;11.2;45.0;33.0;37.0;183.0;7.6;3.9
2020/05/08;1500 UTC;0.0;952.6;953.7;952.6;3437.9;29.6;14.3;30.3;28.7;15.5;12.8;44.0;37.0;39.0;177.0;7.3;3.8
2020/05/08;1600 UTC;0.0;951.9;952.6;951.9;3198.8;30.3;15.1;30.8;29.6;15.3;13.2;41.0;36.0;40.0;189.0;7.7;3.3
2020/05/08;1700 UTC;0.0;951.1;951.9;951.1;2766.3;29.9;15.5;30.7;29.6;16.1;13.9;42.0;37.0;42.0;179.0;7.8;2.4
2020/05/08;1800 UTC;0.0;951.0;951.1;951.0;1987.3;30.5;17.3;31.0;29.8;17.3;15.6;45.0;41.0;45.0;182.0;6.5;1.9
2020/05/08;1900 UTC;0.0;951.2;951.2;950.8;1234.8;29.4;19.1;30.5;28.9;19.1;16.5;54.0;44.0;54.0;190.0;10.3;3.3
2020/05/08;2000 UTC;0.0;951.6;951.6;951.2;466.4;27.8;19.3;29.4;27.7;19.3;18.5;60.0;53.0;60.0;182.0;6.9;3.4
2020/05/08;2100 UTC;0.0;952.4;952.4;951.6;;26.1;20.2;27.8;26.1;20.3;19.2;70.0;60.0;70.0;192.0;8.1;4.6
2020/05/08;2200 UTC;0.0;953.0;953.0;952.4;;25.2;20.3;26.2;25.2;20.4;20.2;74.0;70.0;74.0;183.0;8.2;3.3
2020/05/08;2300 UTC;0.0;953.7;953.7;953.0;;24.3;20.6;25.2;24.3;20.6;20.3;79.0;74.0;79.0;199.0;7.0;3.6
2020/05/09;0000 UTC;0.0;954.5;954.5;953.7;;23.9;20.5;24.4;23.8;20.8;20.5;82.0;79.0;82.0;179.0;5.8;2.4
2020/05/09;0100 UTC;0.0;954.8;954.8;954.5;;23.1;19.8;23.9;23.1;20.6;19.8;83.0;82.0;82.0;175.0;6.2;2.7
2020/05/09;0200 UTC;0.0;954.8;954.9;954.8;;22.3;19.5;23.1;22.3;19.8;19.5;84.0;82.0;84.0;180.0;6.2;1.7
2020/05/09;0300 UTC;0.0;954.7;954.8;954.7;;21.7;19.3;22.3;21.7;19.6;19.1;86.0;84.0;86.0;176.0;4.2;2.0
2020/05/09;0400 UTC;0.0;954.0;954.7;954.0;;21.3;19.2;21.7;21.3;19.4;19.2;88.0;86.0;88.0;178.0;3.6;0.8
2020/05/09;0500 UTC;0.0;953.7;954.1;953.7;;21.2;19.3;21.4;21.1;19.3;19.1;89.0;88.0;89.0;175.0;2.7;1.1
2020/05/09;0600 UTC;0.0;953.3;953.7;953.3;;21.0;19.2;21.2;20.9;19.3;19.1;89.0;89.0;89.0;171.0;3.3;0.9
2020/05/09;0700 UTC;0.0;953.2;953.3;953.2;;21.0;19.4;21.0;20.7;19.4;18.9;91.0;89.0;90.0;176.0;2.7;1.2
2020/05/09;0800 UTC;0.0;953.4;953.4;953.2;;21.0;19.4;21.2;20.9;19.5;19.3;91.0;90.0;91.0;175.0;3.4;1.8
2020/05/09;0900 UTC;0.0;953.8;953.8;953.4;96.5;21.4;19.8;21.4;20.9;19.9;19.3;91.0;91.0;91.0;178.0;3.8;1.5
2020/05/09;1000 UTC;0.0;954.2;954.3;953.7;662.9;23.2;21.0;23.2;21.2;21.0;19.6;91.0;87.0;87.0;179.0;3.7;1.6
2020/05/09;1100 UTC;0.0;954.7;954.7;954.2;909.2;23.8;20.8;23.8;22.8;21.2;20.4;87.0;83.0;83.0;183.0;6.0;3.1
2020/05/09;1200 UTC;0.0;954.9;955.0;954.7;1694.6;26.4;20.3;26.4;23.7;21.3;19.6;83.0;69.0;69.0;179.0;7.7;3.3
2020/05/09;1300 UTC;0.0;954.7;954.9;954.7;1892.4;26.9;20.0;26.9;25.5;20.3;19.0;69.0;65.0;66.0;180.0;8.2;3.6
2020/05/09;1400 UTC;0.0;954.4;954.7;954.4;1307.7;27.5;19.9;27.5;26.2;20.2;18.8;66.0;62.0;63.0;176.0;8.8;2.8
2020/05/09;1500 UTC;0.0;953.5;954.4;953.5;2596.2;29.0;19.6;29.0;27.1;20.1;19.0;63.0;57.0;57.0;177.0;7.8;3.5
2020/05/09;1600 UTC;0.0;952.6;953.5;952.6;3153.4;29.7;19.9;30.3;28.6;20.4;18.3;57.0;53.0;56.0;179.0;9.4;2.9
2020/05/09;1700 UTC;0.0;951.7;952.6;951.7;2258.9;29.7;19.5;30.6;29.0;20.4;19.1;57.0;52.0;54.0;177.0;7.7;3.1
2020/05/09;1800 UTC;0.0;951.7;951.7;951.6;2075.2;29.6;20.3;30.7;29.3;20.5;19.3;58.0;52.0;57.0;191.0;8.3;4.7
2020/05/09;1900 UTC;0.0;952.2;952.2;951.7;593.6;27.7;20.4;29.7;27.7;20.8;19.8;65.0;56.0;65.0;174.0;9.1;3.6
2020/05/09;2000 UTC;0.0;952.6;952.6;952.1;262.1;26.1;20.9;27.8;26.1;20.9;20.4;73.0;65.0;73.0;199.0;10.4;5.8
2020/05/09;2100 UTC;0.0;953.3;953.3;952.6;0.5;24.9;20.5;26.1;24.9;20.9;20.5;76.0;73.0;76.0;208.0;9.7;5.8
2020/05/09;2200 UTC;0.0;954.1;954.1;953.3;;24.2;19.6;25.0;24.2;20.5;19.5;76.0;74.0;75.0;197.0;8.8;4.2
2020/05/09;2300 UTC;0.0;954.8;954.8;954.1;;23.3;18.9;24.2;23.3;19.6;18.9;77.0;75.0;76.0;195.0;7.8;3.9
2020/05/10;0000 UTC;0.0;955.5;955.5;954.8;;22.6;18.8;23.3;22.6;18.8;18.7;79.0;76.0;79.0;200.0;6.4;2.9
2020/05/10;0100 UTC;0.0;955.4;955.5;955.4;;22.4;18.7;22.6;22.3;18.8;18.7;80.0;79.0;80.0;175.0;4.6;2.2
2020/05/10;0200 UTC;0.0;955.3;955.4;955.2;;21.9;18.7;22.4;21.9;18.7;18.5;82.0;79.0;82.0;172.0;4.2;1.5
2020/05/10;0300 UTC;0.0;955.1;955.3;955.1;;21.8;19.3;21.9;21.6;19.3;18.7;86.0;82.0;86.0;178.0;3.0;1.3
2020/05/10;0400 UTC;0.0;954.6;955.1;954.6;;21.5;19.6;21.8;21.5;19.7;19.3;89.0;86.0;89.0;179.0;3.9;1.7
2020/05/10;0500 UTC;0.0;953.9;954.6;953.9;;21.3;19.8;21.6;21.3;19.9;19.6;91.0;89.0;91.0;177.0;3.9;1.8
2020/05/10;0600 UTC;0.0;953.8;953.9;953.7;;20.9;19.7;21.3;20.8;19.8;19.6;93.0;91.0;93.0;178.0;3.6;1.5
2020/05/10;0700 UTC;0.0;953.8;953.8;953.7;;20.9;19.8;21.0;20.8;19.9;19.6;93.0;93.0;93.0;178.0;4.1;1.4
2020/05/10;0800 UTC;0.0;953.9;953.9;953.7;;20.9;19.6;21.0;20.8;19.8;19.5;93.0;93.0;93.0;174.0;3.7;0.7
2020/05/10;0900 UTC;0.0;954.5;954.6;953.9;56.6;21.3;19.7;21.3;20.8;19.9;19.5;93.0;91.0;91.0;177.0;3.2;1.3
2020/05/10;1000 UTC;0.0;955.2;955.3;954.5;691.4;22.6;20.2;22.8;21.2;20.7;19.6;91.0;86.0;86.0;176.0;3.6;1.9
2020/05/10;1100 UTC;0.0;955.5;955.5;955.2;1389.7;24.9;20.9;24.9;22.6;21.0;19.9;87.0;78.0;78.0;179.0;4.6;2.4
2020/05/10;1200 UTC;0.0;955.5;955.7;955.5;1942.6;26.0;19.6;26.5;24.1;20.7;19.1;78.0;67.0;68.0;178.0;7.8;2.9
2020/05/10;1300 UTC;0.0;955.3;955.5;955.3;2685.1;27.4;19.1;27.6;25.9;19.9;18.8;69.0;61.0;61.0;180.0;9.0;3.2
2020/05/10;1400 UTC;0.0;954.7;955.3;954.7;3050.8;28.3;19.1;28.8;27.2;19.7;17.9;62.0;54.0;57.0;176.0;8.8;4.1
2020/05/10;1500 UTC;0.0;953.6;954.7;953.6;2442.9;28.3;19.3;29.5;28.0;19.5;18.1;58.0;53.0;58.0;177.0;8.8;3.9
2020/05/10;1600 UTC;0.0;952.5;953.6;952.5;3034.9;29.6;18.6;30.1;28.1;20.1;18.2;58.0;51.0;51.0;173.0;8.9;4.2
2020/05/10;1700 UTC;0.0;952.1;952.5;952.0;2711.7;30.4;18.4;30.5;29.4;19.2;17.7;53.0;48.0;49.0;175.0;8.2;3.8
2020/05/10;1800 UTC;0.0;952.0;952.1;951.8;1725.4;30.0;19.7;30.6;29.0;19.7;17.8;55.0;47.0;54.0;175.0;8.4;3.4
2020/05/10;1900 UTC;0.0;952.2;952.3;951.9;870.3;28.2;19.1;30.4;28.0;19.8;18.8;59.0;52.0;58.0;188.0;9.4;5.1
2020/05/10;2000 UTC;0.0;952.7;952.7;952.2;207.1;26.0;20.5;28.2;26.0;20.6;19.1;72.0;58.0;72.0;198.0;9.4;5.5
2020/05/10;2100 UTC;0.0;953.3;953.3;952.6;;24.3;20.6;26.0;24.3;20.7;20.4;80.0;72.0;80.0;195.0;9.1;4.9
2020/05/10;2200 UTC;0.0;953.8;953.8;953.3;;23.6;20.9;24.3;23.6;21.0;20.6;85.0;80.0;85.0;193.0;8.7;4.3
2020/05/10;2300 UTC;0.0;954.3;954.3;953.8;;23.2;21.4;23.6;23.2;21.4;20.9;89.0;85.0;89.0;200.0;8.3;4.7
2020/05/11;0000 UTC;0.0;954.7;954.8;954.3;;23.0;21.3;23.2;23.0;21.4;21.3;90.0;89.0;90.0;190.0;8.9;3.7
2020/05/11;0100 UTC;0.0;954.8;954.9;954.7;;22.9;21.3;23.0;22.8;21.4;21.3;91.0;90.0;91.0;180.0;6.4;3.3
2020/05/11;0200 UTC;0.0;954.6;954.8;954.5;;22.4;21.1;22.9;22.4;21.3;21.0;92.0;91.0;92.0;203.0;5.2;2.9
2020/05/11;0300 UTC;0.0;953.9;954.6;953.9;;22.4;20.9;22.5;22.4;21.2;20.9;92.0;91.0;91.0;176.0;5.6;2.9
2020/05/11;0400 UTC;0.0;953.5;953.9;953.5;;22.1;20.7;22.4;22.1;20.9;20.7;92.0;91.0;92.0;177.0;5.1;2.0
2020/05/11;0500 UTC;0.0;952.7;953.5;952.7;;21.8;20.5;22.1;21.8;20.7;20.4;92.0;92.0;92.0;170.0;4.7;1.5
2020/05/11;0600 UTC;0.0;952.6;952.7;952.6;;21.7;20.4;21.8;21.6;20.5;20.3;92.0;92.0;92.0;173.0;3.7;1.7
2020/05/11;0700 UTC;0.0;952.9;952.9;952.6;;21.6;20.3;21.7;21.5;20.3;20.2;92.0;92.0;92.0;172.0;3.2;1.6
2020/05/11;0800 UTC;0.0;953.1;953.1;952.8;;21.1;20.0;21.6;21.1;20.3;20.0;93.0;92.0;93.0;179.0;4.9;1.6
2020/05/11;0900 UTC;0.0;953.6;953.6;953.1;52.0;21.6;20.4;21.6;21.1;20.4;20.0;94.0;93.0;93.0;185.0;3.8;2.1
2020/05/11;1000 UTC;0.0;954.2;954.2;953.6;675.1;23.0;21.0;23.1;21.5;21.2;20.4;93.0;88.0;88.0;179.0;4.3;2.0
2020/05/11;1100 UTC;0.0;954.7;954.8;954.2;1284.9;24.4;20.4;24.4;23.0;21.9;20.2;89.0;79.0;79.0;177.0;7.0;3.1
2020/05/11;1200 UTC;0.0;954.6;954.8;954.6;2474.2;26.8;20.1;26.8;24.3;21.4;19.4;79.0;66.0;67.0;179.0;7.2;3.1
2020/05/11;1300 UTC;0.0;954.8;954.8;954.6;3028.0;28.0;18.0;28.2;26.5;20.2;17.4;67.0;53.0;55.0;172.0;9.5;4.9
2020/05/11;1400 UTC;0.0;954.1;954.8;954.1;3020.0;29.2;18.0;29.3;27.4;18.7;17.7;57.0;51.0;51.0;176.0;8.7;3.3
2020/05/11;1500 UTC;0.0;953.2;954.1;953.2;2302.1;29.8;18.0;30.0;28.3;18.3;17.3;53.0;49.0;49.0;177.0;8.6;3.4
2020/05/11;1600 UTC;0.0;952.5;953.2;952.4;2441.8;30.2;18.5;30.4;28.4;18.9;17.7;54.0;49.0;50.0;184.0;9.0;3.5
2020/05/11;1700 UTC;0.0;951.8;952.5;951.8;2297.9;30.0;18.6;31.2;29.6;19.2;17.7;52.0;47.0;51.0;174.0;7.8;3.3
2020/05/11;1800 UTC;0.0;951.5;951.8;951.4;1604.6;29.3;19.6;30.5;28.9;19.8;18.5;56.0;49.0;56.0;185.0;8.6;4.7
2020/05/11;1900 UTC;0.0;952.0;952.0;951.5;838.4;28.4;19.6;29.5;28.4;20.0;18.8;60.0;54.0;59.0;193.0;9.1;4.8
2020/05/11;2000 UTC;0.0;952.5;952.5;952.0;366.6;27.1;19.9;28.4;27.1;20.2;19.6;65.0;59.0;65.0;192.0;8.9;4.1
2020/05/11;2100 UTC;0.0;953.1;953.1;952.5;0.0;25.7;20.3;27.1;25.7;20.3;19.9;72.0;65.0;72.0;202.0;8.0;4.6
2020/05/11;2200 UTC;0.0;953.7;953.8;953.1;;24.7;20.6;25.7;24.7;20.6;20.3;78.0;72.0;78.0;197.0;7.5;4.5
2020/05/11;2300 UTC;0.0;954.5;954.5;953.7;;24.0;20.7;24.7;24.0;20.7;20.5;82.0;78.0;82.0;188.0;7.5;3.3
2020/05/12;0000 UTC;0.0;954.7;954.7;954.5;;23.8;20.7;24.1;23.8;20.8;20.6;83.0;81.0;83.0;177.0;5.4;2.2
2020/05/12;0100 UTC;0.0;954.6;954.7;954.5;;23.3;20.6;23.9;23.3;20.8;20.6;85.0;83.0;85.0;173.0;6.3;2.3
2020/05/12;0200 UTC;0.0;954.5;954.7;954.4;;23.1;20.6;23.3;23.1;20.7;20.6;86.0;85.0;86.0;176.0;5.2;2.9
2020/05/12;0300 UTC;0.0;953.9;954.5;953.9;;22.9;20.6;23.1;22.8;20.6;20.5;87.0;86.0;87.0;176.0;5.3;2.1
2020/05/12;0400 UTC;0.0;953.2;953.9;953.2;;22.5;20.4;22.9;22.5;20.6;20.3;88.0;87.0;88.0;179.0;4.6;2.0
2020/05/12;0500 UTC;0.0;952.8;953.2;952.8;;22.0;20.2;22.5;22.0;20.4;20.2;90.0;88.0;90.0;178.0;4.5;1.1
2020/05/12;0600 UTC;0.0;952.7;952.9;952.7;;22.2;20.4;22.3;22.0;20.5;20.2;90.0;89.0;90.0;177.0;4.5;1.4
2020/05/12;0700 UTC;0.0;952.7;952.7;952.6;;22.2;20.4;22.3;22.1;20.5;20.3;90.0;90.0;90.0;175.0;3.6;1.9
2020/05/12;0800 UTC;0.2;952.9;952.9;952.7;;21.4;20.3;22.3;21.3;20.5;20.0;93.0;89.0;93.0;170.0;4.1;1.2
2020/05/12;0900 UTC;0.4;953.0;953.0;952.8;63.9;21.6;20.5;21.6;20.9;20.5;19.7;94.0;93.0;93.0;191.0;4.2;1.9
2020/05/12;1000 UTC;0.0;953.5;953.5;953.0;483.7;22.5;21.0;22.7;21.6;21.2;20.5;93.0;91.0;91.0;178.0;3.8;1.9
2020/05/12;1100 UTC;0.0;953.8;953.9;953.4;917.4;23.7;21.2;23.7;22.5;21.7;20.9;92.0;86.0;86.0;187.0;7.1;4.4
2020/05/12;1200 UTC;0.0;954.0;954.0;953.8;761.9;23.5;21.0;24.0;23.3;21.2;20.7;86.0;83.0;86.0;180.0;8.2;3.3
2020/05/12;1300 UTC;1.4;954.0;954.2;954.0;836.1;23.3;22.1;23.7;22.3;22.2;20.8;94.0;85.0;93.0;182.0;6.8;3.0
2020/05/12;1400 UTC;0.0;953.2;954.0;953.2;1779.3;24.7;21.8;26.0;23.3;23.1;21.4;94.0;81.0;84.0;191.0;6.9;4.0
2020/05/12;1500 UTC;0.2;952.6;953.2;952.6;2478.7;24.7;22.1;26.3;23.6;22.4;21.2;88.0;79.0;86.0;188.0;9.6;5.3
2020/05/12;1600 UTC;0.0;951.6;952.6;951.6;2716.1;27.1;18.3;27.1;24.7;22.4;17.5;86.0;58.0;59.0;182.0;9.3;5.0
2020/05/12;1700 UTC;0.0;950.9;951.6;950.8;2427.9;27.0;20.1;28.7;26.9;20.6;17.8;66.0;56.0;66.0;183.0;8.9;3.7
2020/05/12;1800 UTC;0.2;950.9;951.2;950.9;875.2;25.6;20.4;27.0;23.3;21.8;19.6;87.0;66.0;73.0;185.0;11.5;3.1
2020/05/12;1900 UTC;0.0;951.0;951.0;950.8;1023.2;26.7;19.4;26.7;25.6;20.7;19.4;73.0;64.0;64.0;193.0;8.0;4.6
2020/05/12;2000 UTC;0.0;951.6;951.6;951.0;192.0;25.3;20.4;26.7;25.3;20.4;19.1;74.0;63.0;74.0;174.0;8.5;2.0
2020/05/12;2100 UTC;0.0;951.9;951.9;951.6;;24.6;18.3;25.3;24.6;20.4;18.3;75.0;67.0;68.0;198.0;7.1;4.2
2020/05/12;2200 UTC;0.0;952.7;952.7;951.9;;23.2;20.6;24.6;23.1;20.6;18.4;85.0;68.0;85.0;176.0;9.4;2.3
2020/05/12;2300 UTC;0.0;953.2;953.2;952.7;;23.0;20.9;23.3;23.0;21.0;20.7;88.0;85.0;88.0;177.0;6.2;2.7
2020/05/13;0000 UTC;0.0;953.6;953.6;953.1;;22.7;20.7;23.0;22.7;21.0;20.7;88.0;88.0;88.0;185.0;5.9;2.8
2020/05/13;0100 UTC;0.0;953.3;953.6;953.3;;22.4;20.6;22.7;22.4;20.7;20.6;90.0;88.0;90.0;194.0;5.2;2.0
2020/05/13;0200 UTC;0.0;953.1;953.3;953.0;;22.3;20.7;22.4;22.1;20.7;20.5;91.0;90.0;91.0;210.0;3.9;1.4
2020/05/13;0300 UTC;0.0;952.5;953.1;952.5;;22.3;20.9;22.4;22.2;20.9;20.7;92.0;91.0;92.0;188.0;3.2;1.4
2020/05/13;0400 UTC;0.0;952.1;952.5;952.1;;22.1;20.9;22.4;22.1;21.1;20.8;93.0;92.0;93.0;187.0;3.2;1.8
2020/05/13;0500 UTC;0.0;951.5;952.1;951.4;;22.0;21.0;22.2;22.0;21.1;20.9;94.0;93.0;94.0;178.0;3.2;1.4
2020/05/13;0600 UTC;0.0;951.3;951.4;951.2;;21.4;20.6;22.0;21.4;21.0;20.6;95.0;94.0;95.0;175.0;2.4;0.6
2020/05/13;0700 UTC;0.0;951.4;951.4;951.3;;21.8;21.0;21.8;21.4;21.0;20.6;96.0;95.0;95.0;177.0;3.7;1.4
2020/05/13;0800 UTC;0.0;951.7;951.7;951.4;;21.6;20.9;21.8;21.6;21.0;20.8;96.0;95.0;96.0;173.0;3.9;1.7
2020/05/13;0900 UTC;0.0;952.2;952.2;951.7;46.3;22.0;21.1;22.1;21.6;21.3;20.8;96.0;95.0;95.0;171.0;3.3;1.4
2020/05/13;1000 UTC;0.0;952.8;952.8;952.2;638.4;23.3;21.9;23.4;22.0;22.1;21.2;95.0;92.0;92.0;177.0;5.3;2.4
2020/05/13;1100 UTC;0.0;953.3;953.3;952.8;1324.7;25.4;21.5;25.5;23.2;22.1;21.5;92.0;79.0;79.0;176.0;6.9;3.2
2020/05/13;1200 UTC;0.0;953.2;953.4;953.2;1525.3;25.5;20.1;25.9;24.9;21.5;20.1;79.0;72.0;72.0;178.0;8.9;3.2
2020/05/13;1300 UTC;0.0;952.9;953.2;952.8;1860.5;27.2;19.3;27.2;25.3;20.9;19.2;73.0;61.0;62.0;197.0;9.0;4.9
2020/05/13;1400 UTC;0.0;952.1;952.9;952.1;3287.9;28.8;18.6;29.1;27.2;19.8;17.8;62.0;52.0;54.0;194.0;9.4;4.1
2020/05/13;1500 UTC;0.0;951.2;952.2;951.1;2797.8;29.1;17.5;29.9;28.2;19.4;17.4;56.0;49.0;50.0;188.0;11.3;5.6
2020/05/13;1600 UTC;0.0;950.4;951.2;950.4;3009.1;30.5;18.5;31.3;29.0;19.0;17.4;52.0;47.0;49.0;186.0;11.4;4.4
2020/05/13;1700 UTC;0.0;949.9;950.4;949.9;2099.6;30.4;20.0;30.9;29.5;20.1;18.4;55.0;48.0;54.0;185.0;8.5;4.2
2020/05/13;1800 UTC;0.0;950.0;950.0;949.6;1538.5;28.6;20.8;31.4;28.3;20.8;19.4;63.0;52.0;63.0;190.0;9.8;5.3
2020/05/13;1900 UTC;0.0;950.5;950.5;950.0;714.6;27.7;20.1;28.7;27.7;21.2;20.0;67.0;61.0;63.0;181.0;9.7;5.6
2020/05/13;2000 UTC;0.0;951.0;951.0;950.5;200.8;26.5;20.1;27.7;26.5;20.1;19.2;68.0;62.0;68.0;199.0;9.7;4.8
2020/05/13;2100 UTC;0.0;951.6;951.6;951.0;;24.4;21.3;26.6;24.4;21.5;20.2;83.0;68.0;83.0;190.0;9.6;4.3
2020/05/13;2200 UTC;0.0;952.2;952.2;951.5;;23.8;21.4;24.4;23.7;21.5;21.2;87.0;83.0;87.0;195.0;9.8;4.3
2020/05/13;2300 UTC;0.8;953.0;953.0;952.2;;22.6;21.3;23.8;22.6;21.6;21.2;93.0;87.0;93.0;177.0;7.7;2.2
2020/05/14;0000 UTC;0.0;953.2;953.2;953.0;;22.6;21.4;22.7;22.4;21.6;21.3;94.0;92.0;93.0;175.0;4.7;1.9
2020/05/14;0100 UTC;0.0;953.2;953.3;953.2;;22.6;21.2;22.7;22.6;21.5;21.2;93.0;91.0;92.0;174.0;4.9;1.6
2020/05/14;0200 UTC;0.0;953.1;953.3;953.1;;22.6;20.7;22.7;22.4;21.2;20.7;92.0;89.0;89.0;174.0;3.8;1.4
2020/05/14;0300 UTC;0.0;952.8;953.1;952.8;;22.2;20.4;22.6;22.2;20.7;20.4;89.0;88.0;89.0;180.0;4.7;2.1
2020/05/14;0400 UTC;0.0;952.0;952.8;952.0;;22.1;20.4;22.2;22.1;20.5;20.4;90.0;89.0;90.0;165.0;5.3;1.5
2020/05/14;0500 UTC;0.0;951.7;952.0;951.6;;22.0;20.4;22.1;21.9;20.4;20.3;91.0;90.0;91.0;177.0;3.6;0.9
2020/05/14;0600 UTC;0.0;951.4;951.7;951.4;;21.9;20.5;22.1;21.8;20.5;20.3;92.0;90.0;92.0;184.0;3.5;1.3
2020/05/14;0700 UTC;0.0;951.5;951.5;951.3;;21.7;20.6;21.9;21.6;20.6;20.4;93.0;92.0;93.0;176.0;3.4;1.8
2020/05/14;0800 UTC;0.0;952.0;952.0;951.5;;21.9;20.9;21.9;21.7;20.9;20.6;94.0;93.0;94.0;177.0;3.7;1.3
2020/05/14;0900 UTC;0.0;952.4;952.4;952.0;39.1;21.9;20.9;22.0;21.7;21.0;20.7;94.0;94.0;94.0;176.0;3.8;2.0
2020/05/14;1000 UTC;0.0;953.3;953.3;952.4;216.2;22.4;21.3;22.4;21.9;21.3;21.0;94.0;94.0;94.0;178.0;3.8;1.5
2020/05/14;1100 UTC;0.0;953.6;953.6;953.3;550.7;23.3;21.9;23.3;22.4;21.9;21.3;94.0;92.0;92.0;178.0;5.1;2.5
2020/05/14;1200 UTC;0.6;954.0;954.0;953.6;845.4;22.8;21.4;24.1;22.5;22.3;20.6;92.0;86.0;92.0;175.0;8.2;3.9
2020/05/14;1300 UTC;0.0;953.8;954.0;953.8;2080.9;25.0;21.5;25.3;22.6;22.9;21.0;93.0;80.0;81.0;173.0;8.1;4.6
2020/05/14;1400 UTC;0.0;952.9;953.8;952.9;1853.0;25.8;21.5;25.8;24.7;22.2;21.2;82.0;77.0;77.0;190.0;7.9;3.8
2020/05/14;1500 UTC;0.0;951.8;952.9;951.8;2144.1;27.6;21.1;27.9;25.7;21.7;20.7;77.0;67.0;68.0;175.0;6.9;2.8
2020/05/14;1600 UTC;0.0;951.1;951.8;951.1;1714.8;26.6;21.4;28.5;26.0;22.2;20.6;74.0;65.0;73.0;189.0;7.6;3.6
2020/05/14;1700 UTC;0.0;950.5;951.1;950.1;2429.0;26.9;21.0;29.7;26.6;21.9;20.2;73.0;60.0;70.0;192.0;10.3;5.9
2020/05/14;1800 UTC;0.0;950.6;950.6;950.4;790.9;25.6;21.6;26.8;25.4;21.9;20.9;79.0;70.0;79.0;150.0;9.9;3.6
2020/05/14;1900 UTC;0.0;950.6;950.7;950.5;482.1;26.1;21.6;26.1;25.5;21.8;21.2;79.0;76.0;76.0;191.0;7.2;3.3
2020/05/14;2000 UTC;0.0;951.2;951.2;950.6;333.6;24.8;21.9;26.3;24.7;21.9;21.3;84.0;76.0;84.0;193.0;9.2;3.1
2020/05/14;2100 UTC;0.0;951.8;951.8;951.2;;24.6;21.7;24.9;24.6;21.9;21.7;84.0;83.0;84.0;189.0;6.3;3.2
2020/05/14;2200 UTC;0.0;952.7;952.7;951.8;;24.1;21.5;24.6;24.1;21.7;21.4;85.0;84.0;85.0;192.0;6.3;2.5
2020/05/14;2300 UTC;0.0;953.1;953.1;952.6;;23.9;21.4;24.1;23.9;21.6;21.4;86.0;85.0;86.0;184.0;5.1;3.0
2020/05/15;0000 UTC;0.0;953.6;953.6;953.1;;23.5;21.1;23.9;23.5;21.4;21.1;87.0;86.0;87.0;173.0;6.2;2.7
2020/05/15;0100 UTC;0.0;953.6;953.8;953.5;;23.2;21.2;23.5;23.1;21.2;21.0;89.0;87.0;89.0;175.0;5.0;2.8
2020/05/15;0200 UTC;0.0;953.3;953.6;953.2;;23.1;21.2;23.2;23.0;21.3;21.1;89.0;89.0;89.0;173.0;4.4;1.5
2020/05/15;0300 UTC;0.0;952.7;953.3;952.7;;23.1;21.4;23.1;23.0;21.4;21.2;90.0;89.0;90.0;178.0;3.7;1.5
2020/05/15;0400 UTC;0.0;952.3;952.7;952.3;;23.0;21.5;23.1;22.9;21.5;21.3;91.0;90.0;91.0;176.0;4.4;1.8
2020/05/15;0500 UTC;0.0;951.7;952.3;951.7;;22.8;21.5;23.0;22.8;21.6;21.4;92.0;91.0;92.0;178.0;4.4;1.9
2020/05/15;0600 UTC;0.0;951.6;951.8;951.6;;22.7;21.6;23.0;22.7;21.6;21.5;93.0;92.0;93.0;181.0;4.6;1.5
2020/05/15;0700 UTC;0.0;951.6;951.6;951.3;;22.5;21.5;22.7;22.5;21.6;21.5;94.0;93.0;94.0;178.0;3.4;1.5
2020/05/15;0800 UTC;0.0;952.1;952.2;951.6;;22.5;21.5;22.6;22.4;21.7;21.5;95.0;94.0;94.0;179.0;4.5;2.1
2020/05/15;0900 UTC;0.0;952.8;952.8;952.1;32.6;22.5;21.6;22.7;22.5;21.7;21.5;95.0;94.0;94.0;179.0;3.7;1.8
2020/05/15;1000 UTC;0.0;953.5;953.5;952.8;247.3;23.1;21.9;23.1;22.5;22.0;21.6;94.0;93.0;93.0;176.0;3.3;1.5
2020/05/15;1100 UTC;0.4;954.3;954.3;953.5;333.2;22.4;21.3;23.3;22.4;22.1;21.1;94.0;91.0;94.0;179.0;6.2;2.1
2020/05/15;1200 UTC;1.8;954.6;954.7;954.3;494.7;22.5;21.8;22.5;22.2;21.8;21.2;96.0;93.0;96.0;187.0;5.0;1.6
2020/05/15;1300 UTC;0.0;954.6;954.7;954.6;860.3;23.1;22.1;23.5;22.5;22.7;21.7;96.0;93.0;94.0;202.0;3.4;1.6
2020/05/15;1400 UTC;1.0;954.3;954.6;954.3;927.6;23.1;22.3;23.7;23.1;22.8;22.1;95.0;93.0;95.0;176.0;4.9;2.3
2020/05/15;1500 UTC;3.6;953.3;954.3;953.3;731.0;22.9;22.3;23.1;22.1;22.3;21.4;97.0;94.0;96.0;179.0;6.0;2.1
2020/05/15;1600 UTC;0.0;952.6;953.3;952.6;1065.6;23.6;22.5;23.8;22.7;22.9;22.0;96.0;93.0;94.0;176.0;6.2;2.5
2020/05/15;1700 UTC;0.0;952.1;952.6;952.1;1205.5;24.2;22.1;24.3;23.6;22.8;22.1;94.0;88.0;88.0;176.0;6.2;3.8
2020/05/15;1800 UTC;0.0;951.9;952.2;951.8;866.3;24.1;21.7;24.7;24.0;22.6;21.6;89.0;86.0;87.0;190.0;6.2;2.8
2020/05/15;1900 UTC;0.0;951.9;952.0;951.9;560.2;23.9;21.7;24.4;23.8;22.0;21.6;88.0;86.0;87.0;178.0;5.4;2.4
2020/05/15;2000 UTC;0.0;952.6;952.6;951.9;150.1;23.3;21.4;23.9;23.3;21.8;21.4;89.0;87.0;89.0;179.0;5.3;3.1
2020/05/15;2100 UTC;0.0;952.7;952.8;952.6;;23.0;21.2;23.3;22.9;21.4;21.1;90.0;89.0;90.0;170.0;5.2;2.2
2020/05/15;2200 UTC;0.0;952.9;952.9;952.7;;22.9;21.3;23.0;22.9;21.4;21.2;91.0;90.0;91.0;176.0;4.6;2.3
2020/05/15;2300 UTC;0.0;953.4;953.4;952.9;;22.6;21.4;22.9;22.5;21.4;21.2;93.0;91.0;93.0;172.0;5.0;1.7
2020/05/16;0000 UTC;0.0;953.5;953.6;953.4;;22.6;21.4;22.7;22.5;21.5;21.4;93.0;93.0;93.0;176.0;3.5;1.1
2020/05/16;0100 UTC;0.0;953.6;953.7;953.5;;22.7;21.2;22.8;22.6;21.4;21.2;93.0;91.0;91.0;9.0;2.5;0.3
2020/05/16;0200 UTC;0.0;953.4;953.6;953.4;;22.5;20.8;22.7;22.5;21.2;20.7;91.0;90.0;90.0;189.0;3.5;1.8
2020/05/16;0300 UTC;0.0;953.1;953.4;953.1;;21.5;20.4;22.5;21.4;20.7;20.2;94.0;90.0;94.0;196.0;3.7;1.0
2020/05/16;0400 UTC;0.0;952.4;953.1;952.4;;21.6;20.7;21.6;21.5;20.7;20.4;95.0;94.0;95.0;171.0;3.1;1.2
2020/05/16;0500 UTC;0.0;951.7;952.4;951.7;;21.5;20.8;21.6;21.4;20.8;20.7;96.0;95.0;96.0;175.0;3.6;1.4
2020/05/16;0600 UTC;0.0;951.9;951.9;951.7;;21.8;21.1;21.8;21.5;21.1;20.8;96.0;96.0;96.0;179.0;3.1;0.6
2020/05/16;0700 UTC;0.4;952.1;952.1;951.8;;21.6;20.9;21.9;21.5;21.2;20.9;96.0;96.0;96.0;178.0;2.7;1.6
2020/05/16;0800 UTC;0.6;952.4;952.4;952.1;;21.5;21.0;21.6;21.4;21.1;20.9;97.0;96.0;97.0;177.0;3.1;1.0
2020/05/16;0900 UTC;0.6;952.8;952.8;952.4;13.6;21.3;20.9;21.6;21.3;21.1;20.9;97.0;97.0;97.0;176.0;2.5;1.2
2020/05/16;1000 UTC;0.8;953.5;953.5;952.8;134.8;21.7;21.3;21.8;21.3;21.4;21.0;98.0;97.0;98.0;179.0;3.9;1.4
2020/05/16;1100 UTC;0.0;954.0;954.0;953.5;603.2;22.1;21.7;22.4;21.7;22.0;21.3;98.0;97.0;97.0;178.0;5.4;2.3
2020/05/16;1200 UTC;0.4;954.3;954.3;953.9;444.3;22.1;21.6;22.4;22.0;22.0;21.5;98.0;97.0;97.0;178.0;5.4;1.5
2020/05/16;1300 UTC;0.8;954.3;954.4;954.3;1264.5;23.2;22.6;23.5;21.9;23.0;21.4;98.0;95.0;96.0;173.0;4.0;1.2
2020/05/16;1400 UTC;0.4;953.8;954.3;953.8;1280.5;23.0;22.3;24.1;23.0;23.5;22.1;97.0;94.0;96.0;194.0;4.9;3.1
2020/05/16;1500 UTC;3.6;953.1;953.8;953.1;1004.9;22.4;21.8;23.2;22.4;22.6;21.8;97.0;95.0;97.0;173.0;7.5;3.3
2020/05/16;1600 UTC;0.4;952.6;953.1;952.6;1436.8;22.9;22.3;23.3;22.3;22.7;21.7;97.0;95.0;97.0;179.0;7.2;1.7
2020/05/16;1700 UTC;0.4;952.4;952.6;952.4;666.1;22.8;22.2;23.6;22.5;22.9;21.8;97.0;95.0;96.0;202.0;3.5;1.7
2020/05/16;1800 UTC;0.2;952.2;952.4;952.1;674.2;23.1;22.1;24.0;22.6;23.2;21.8;96.0;93.0;94.0;191.0;4.4;2.6
2020/05/16;1900 UTC;0.0;952.4;952.4;952.2;521.0;22.9;21.9;23.4;22.9;22.4;21.9;95.0;93.0;94.0;79.0;4.4;1.4
2020/05/16;2000 UTC;0.0;952.6;952.6;952.4;102.2;22.3;21.4;22.9;22.3;21.9;21.4;95.0;94.0;95.0;179.0;4.8;2.4
2020/05/16;2100 UTC;0.0;952.8;952.8;952.6;;22.2;21.5;22.4;22.2;21.6;21.4;96.0;95.0;96.0;163.0;4.7;1.7
2020/05/16;2200 UTC;0.0;953.5;953.5;952.8;;22.1;21.6;22.2;22.1;21.6;21.5;97.0;96.0;97.0;128.0;3.8;1.4
2020/05/16;2300 UTC;0.0;954.1;954.1;953.5;;22.1;21.6;22.2;22.0;21.7;21.5;97.0;97.0;97.0;351.0;3.3;0.8
2020/05/17;0000 UTC;0.0;954.6;954.6;954.1;;22.3;21.7;22.5;22.1;21.9;21.6;97.0;96.0;97.0;185.0;3.0;1.8
2020/05/17;0100 UTC;0.2;954.2;954.6;954.2;;22.0;21.5;22.3;21.7;21.7;21.2;97.0;96.0;97.0;4.0;4.3;1.4
2020/05/17;0200 UTC;0.0;954.1;954.2;954.1;;21.9;21.2;22.1;21.9;21.5;21.2;97.0;96.0;96.0;356.0;4.2;1.0
2020/05/17;0300 UTC;0.0;953.6;954.1;953.6;;21.7;21.1;21.9;21.5;21.2;20.9;97.0;96.0;97.0;181.0;2.3;0.0
2020/05/17;0400 UTC;0.0;953.1;953.6;953.0;;21.5;21.0;21.7;21.5;21.2;20.9;97.0;97.0;97.0;341.0;1.6;0.1
2020/05/17;0500 UTC;0.0;952.6;953.1;952.5;;21.3;20.8;21.5;21.3;21.0;20.8;97.0;97.0;97.0;173.0;0.8;0.0
2020/05/17;0600 UTC;0.0;952.2;952.6;952.2;;21.4;21.0;21.4;21.3;21.0;20.9;97.0;97.0;97.0;178.0;0.6;0.0
2020/05/17;0700 UTC;0.0;952.4;952.4;952.2;;21.3;20.9;21.4;21.3;21.0;20.9;98.0;97.0;98.0;182.0;0.8;0.0
2020/05/17;0800 UTC;0.0;953.2;953.2;952.4;;21.4;21.0;21.5;21.3;21.1;21.0;98.0;98.0;98.0;170.0;1.9;0.1
2020/05/17;0900 UTC;0.0;953.4;953.4;953.2;65.6;21.6;21.3;21.6;21.3;21.3;21.0;98.0;98.0;98.0;166.0;1.0;0.0
2020/05/17;1000 UTC;0.0;953.9;953.9;953.4;392.0;22.5;22.1;22.5;21.5;22.1;21.2;98.0;98.0;98.0;175.0;0.9;0.1
2020/05/17;1100 UTC;0.0;954.7;954.7;953.9;959.5;23.7;22.9;23.8;22.4;23.1;22.0;98.0;95.0;95.0;173.0;2.2;0.3
2020/05/17;1200 UTC;0.0;954.6;954.7;954.6;1134.1;24.6;22.8;24.6;23.6;23.5;22.6;96.0;90.0;90.0;191.0;3.2;1.5
2020/05/17;1300 UTC;0.0;954.4;954.6;954.4;2530.7;26.4;21.0;26.9;24.6;23.4;21.0;90.0;73.0;73.0;206.0;4.1;2.2
2020/05/17;1400 UTC;0.0;953.6;954.4;953.6;2691.0;27.2;20.7;28.1;26.2;22.0;20.4;74.0;66.0;68.0;175.0;4.1;2.3
2020/05/17;1500 UTC;0.0;952.7;953.6;952.7;2436.8;27.9;21.7;28.9;27.0;22.6;20.5;71.0;66.0;69.0;180.0;5.2;2.7
2020/05/17;1600 UTC;0.0;952.0;952.7;952.0;2442.9;28.5;21.2;29.3;27.9;22.4;20.7;69.0;62.0;65.0;187.0;5.2;1.6
2020/05/17;1700 UTC;0.0;951.4;952.0;951.3;1882.1;28.6;21.9;29.5;28.0;22.2;20.9;68.0;63.0;67.0;357.0;5.9;3.3
2020/05/17;1800 UTC;0.0;951.2;951.4;951.2;1780.8;29.2;21.7;29.4;28.1;22.4;21.2;68.0;64.0;64.0;171.0;7.2;2.3
2020/05/17;1900 UTC;0.0;951.4;951.5;951.2;679.8;26.8;21.8;29.5;26.8;22.4;21.1;74.0;64.0;74.0;183.0;7.6;4.4
2020/05/17;2000 UTC;0.0;952.0;952.0;951.4;179.3;25.2;22.4;26.8;25.2;22.4;21.9;85.0;74.0;85.0;166.0;8.0;3.6
2020/05/17;2100 UTC;0.0;952.6;952.6;952.0;;24.8;22.7;25.2;24.8;22.7;22.5;88.0;85.0;88.0;184.0;7.4;2.8
2020/05/17;2200 UTC;0.0;953.3;953.3;952.6;;24.0;22.5;24.8;24.0;22.7;22.5;91.0;88.0;91.0;196.0;7.5;4.4
2020/05/17;2300 UTC;0.0;954.1;954.1;953.3;;23.3;21.7;24.0;23.3;22.5;21.7;91.0;90.0;90.0;183.0;9.0;3.8
2020/05/18;0000 UTC;0.0;954.4;954.5;954.1;;23.0;21.6;23.3;23.0;21.7;21.6;91.0;90.0;91.0;192.0;6.8;3.0
2020/05/18;0100 UTC;0.0;954.8;954.8;954.4;;22.9;21.7;23.1;22.7;21.7;21.6;93.0;91.0;93.0;194.0;5.7;2.7
2020/05/18;0200 UTC;0.0;954.8;954.8;954.6;;22.9;21.6;22.9;22.8;21.7;21.6;93.0;92.0;92.0;171.0;4.7;1.9
2020/05/18;0300 UTC;0.0;954.4;954.8;954.4;;22.5;21.4;22.9;22.5;21.6;21.3;93.0;92.0;93.0;172.0;5.9;3.3
2020/05/18;0400 UTC;0.0;953.6;954.5;953.6;;22.3;21.3;22.5;22.3;21.4;21.3;94.0;93.0;94.0;181.0;5.8;2.0
2020/05/18;0500 UTC;0.0;953.2;953.6;953.2;;22.3;21.2;22.4;22.3;21.4;21.2;94.0;93.0;93.0;191.0;4.6;2.2
2020/05/18;0600 UTC;0.0;953.2;953.2;953.1;;22.3;21.2;22.3;22.3;21.2;21.1;94.0;93.0;93.0;185.0;4.4;2.2
2020/05/18;0700 UTC;0.0;953.6;953.6;953.2;;22.3;21.1;22.4;22.2;21.2;21.1;93.0;93.0;93.0;173.0;3.9;1.1
2020/05/18;0800 UTC;0.0;953.9;953.9;953.6;;22.4;21.2;22.4;22.2;21.2;21.1;93.0;93.0;93.0;181.0;2.1;0.6
2020/05/18;0900 UTC;0.0;954.2;954.3;953.9;32.5;22.4;21.3;22.4;22.1;21.3;21.0;94.0;93.0;93.0;176.0;1.6;0.2
2020/05/18;1000 UTC;0.0;955.0;955.0;954.2;328.9;23.1;21.6;23.2;22.4;21.8;21.3;94.0;91.0;91.0;174.0;3.4;1.5
2020/05/18;1100 UTC;0.0;955.8;955.8;955.0;741.1;24.0;21.7;24.2;23.1;22.1;21.4;92.0;87.0;87.0;178.0;4.7;1.6
2020/05/18;1200 UTC;0.0;955.5;955.9;955.5;1389.0;25.9;22.3;25.9;23.9;22.3;21.4;88.0;80.0;80.0;186.0;4.4;2.4
2020/05/18;1300 UTC;0.0;954.8;955.5;954.8;2193.8;26.9;21.4;27.1;25.2;22.7;20.9;81.0;72.0;72.0;178.0;6.4;2.2
2020/05/18;1400 UTC;0.0;954.3;954.8;954.3;2579.4;27.4;22.0;27.4;26.5;22.0;20.9;73.0;70.0;72.0;169.0;6.7;3.5
2020/05/18;1500 UTC;0.0;953.2;954.3;953.2;3416.6;28.6;22.0;29.0;27.3;22.5;21.2;73.0;66.0;68.0;177.0;6.5;3.3
2020/05/18;1600 UTC;0.0;952.2;953.2;952.2;2960.8;29.1;21.9;29.1;27.9;22.4;21.0;68.0;64.0;65.0;175.0;7.4;2.5
2020/05/18;1700 UTC;0.0;951.7;952.2;951.7;2594.0;28.4;21.2;29.6;28.4;21.9;20.8;65.0;61.0;65.0;174.0;6.8;3.7
2020/05/18;1800 UTC;0.0;951.5;951.7;951.4;1848.9;29.0;21.7;29.4;28.3;22.1;21.0;66.0;63.0;65.0;171.0;7.8;3.5
2020/05/18;1900 UTC;0.0;951.9;951.9;951.4;1125.0;28.0;21.7;29.0;27.8;22.0;21.1;69.0;64.0;69.0;171.0;7.6;3.5
2020/05/18;2000 UTC;0.0;952.3;952.3;951.9;341.8;26.3;21.9;28.1;26.3;22.0;21.6;77.0;69.0;77.0;189.0;8.2;3.6
2020/05/18;2100 UTC;0.0;953.1;953.1;952.3;;25.5;22.2;26.3;25.4;22.2;21.9;82.0;77.0;82.0;199.0;8.0;4.2
2020/05/18;2200 UTC;0.0;953.7;953.7;953.1;;24.8;22.0;25.5;24.8;22.1;21.9;85.0;81.0;84.0;187.0;8.0;3.2
2020/05/18;2300 UTC;0.0;954.4;954.4;953.7;;24.2;22.1;24.8;24.1;22.2;21.9;88.0;84.0;88.0;183.0;6.8;3.6
2020/05/19;0000 UTC;0.0;954.9;954.9;954.4;;23.7;22.1;24.2;23.7;22.3;22.1;91.0;88.0;91.0;193.0;7.3;3.4
2020/05/19;0100 UTC;0.0;955.1;955.1;954.8;;23.1;21.9;23.7;23.1;22.2;21.9;93.0;91.0;93.0;196.0;6.3;2.7
2020/05/19;0200 UTC;0.0;954.8;955.1;954.8;;22.8;21.8;23.1;22.8;22.0;21.7;94.0;93.0;94.0;181.0;6.5;3.2
2020/05/19;0300 UTC;0.0;954.4;954.9;954.4;;22.6;21.6;22.8;22.6;21.8;21.6;94.0;94.0;94.0;173.0;6.5;2.0
2020/05/19;0400 UTC;0.0;954.2;954.4;954.2;;22.7;21.7;22.8;22.5;21.8;21.6;95.0;94.0;94.0;178.0;4.0;1.4
2020/05/19;0500 UTC;0.0;953.8;954.2;953.7;;22.6;21.5;22.7;22.6;21.7;21.5;94.0;94.0;94.0;179.0;4.0;1.3
2020/05/19;0600 UTC;0.0;953.4;953.8;953.3;;22.1;21.1;22.6;22.1;21.4;21.1;94.0;93.0;94.0;175.0;3.5;1.2
2020/05/19;0700 UTC;0.0;953.4;953.4;953.3;;22.0;21.1;22.1;21.9;21.1;21.0;95.0;94.0;95.0;176.0;2.6;1.4
2020/05/19;0800 UTC;0.0;953.9;953.9;953.4;;21.8;21.0;22.0;21.8;21.2;21.0;95.0;95.0;95.0;177.0;3.2;0.9
2020/05/19;0900 UTC;0.0;954.5;954.5;953.9;45.0;22.2;21.4;22.2;21.8;21.4;21.0;95.0;95.0;95.0;176.0;2.0;0.8
2020/05/19;1000 UTC;0.0;955.0;955.0;954.5;420.1;23.1;21.8;23.1;22.2;21.9;21.3;95.0;93.0;93.0;177.0;4.3;2.0
2020/05/19;1100 UTC;0.0;955.3;955.3;955.0;1280.9;24.7;21.9;25.0;23.1;22.9;21.5;93.0;84.0;84.0;176.0;4.9;2.3
2020/05/19;1200 UTC;0.0;955.4;955.5;955.2;1965.8;26.1;21.4;26.5;24.7;22.4;21.1;84.0;75.0;75.0;179.0;6.4;2.9
2020/05/19;1300 UTC;0.0;955.2;955.5;955.2;2266.7;26.8;21.5;27.0;25.6;22.1;20.9;77.0;73.0;73.0;179.0;7.1;2.9
2020/05/19;1400 UTC;0.0;954.4;955.2;954.4;1890.7;27.5;21.4;27.8;26.5;22.0;20.9;73.0;69.0;69.0;180.0;6.4;2.7
2020/05/19;1500 UTC;0.0;953.5;954.4;953.5;2092.3;28.0;21.3;28.4;27.0;22.3;20.7;72.0;65.0;67.0;177.0;6.0;3.6
2020/05/19;1600 UTC;0.0;952.5;953.5;952.5;2779.8;28.7;21.1;29.8;27.9;21.8;20.4;67.0;61.0;63.0;173.0;7.0;3.1
2020/05/19;1700 UTC;0.0;951.8;952.5;951.8;2758.0;29.8;20.3;30.4;28.7;21.9;20.2;64.0;57.0;57.0;178.0;7.0;3.6
2020/05/19;1800 UTC;0.0;951.5;951.9;951.5;1748.8;28.6;21.0;30.0;28.4;21.6;20.6;63.0;57.0;63.0;184.0;8.4;4.8
2020/05/19;1900 UTC;0.0;951.8;951.9;951.5;1217.6;28.6;21.4;29.1;28.0;22.0;20.8;69.0;62.0;65.0;185.0;8.0;3.9
2020/05/19;2000 UTC;0.0;952.3;952.4;951.8;164.9;26.6;21.3;28.7;26.6;21.6;21.2;73.0;65.0;73.0;181.0;10.6;4.5
2020/05/19;2100 UTC;0.0;952.9;953.0;952.4;;25.3;21.8;26.6;25.3;21.8;21.2;81.0;73.0;81.0;193.0;8.1;4.8
2020/05/19;2200 UTC;0.0;953.6;953.6;952.9;;24.5;21.8;25.3;24.5;22.0;21.7;85.0;81.0;85.0;192.0;8.9;3.9
2020/05/19;2300 UTC;0.0;953.9;953.9;953.5;;23.7;21.9;24.5;23.7;22.0;21.7;89.0;85.0;89.0;178.0;7.2;4.0
2020/05/20;0000 UTC;0.0;954.4;954.4;953.8;;23.4;22.1;23.8;23.4;22.1;21.9;92.0;89.0;92.0;202.0;7.2;3.5
2020/05/20;0100 UTC;0.0;954.4;954.7;954.3;;23.1;21.9;23.4;23.1;22.1;21.9;93.0;92.0;93.0;171.0;6.3;2.8
2020/05/20;0200 UTC;0.0;954.1;954.4;954.1;;23.0;21.9;23.1;22.9;22.0;21.8;94.0;93.0;94.0;176.0;5.6;3.2
2020/05/20;0300 UTC;0.0;953.8;954.2;953.8;;22.9;21.7;23.0;22.9;21.9;21.7;94.0;93.0;93.0;180.0;5.7;2.9
2020/05/20;0400 UTC;0.0;953.2;953.8;953.2;;22.7;21.5;22.9;22.7;21.8;21.5;93.0;93.0;93.0;180.0;5.3;2.3
2020/05/20;0500 UTC;0.0;953.0;953.2;952.9;;22.7;21.6;22.7;22.6;21.6;21.5;94.0;93.0;94.0;175.0;4.8;2.8
2020/05/20;0600 UTC;0.0;952.7;953.0;952.7;;22.7;21.6;22.8;22.7;21.8;21.6;94.0;94.0;94.0;174.0;4.6;1.8
2020/05/20;0700 UTC;0.0;952.8;952.8;952.7;;22.5;21.6;22.7;22.5;21.7;21.6;94.0;94.0;94.0;177.0;4.1;1.0
2020/05/20;0800 UTC;0.0;953.0;953.1;952.8;;22.5;21.6;22.5;22.4;21.6;21.5;95.0;94.0;95.0;172.0;3.4;1.3
2020/05/20;0900 UTC;0.0;953.7;953.7;953.0;52.9;22.5;21.8;22.6;22.3;21.8;21.4;95.0;95.0;95.0;177.0;2.7;0.7
2020/05/20;1000 UTC;0.0;954.5;954.5;953.7;556.6;23.9;22.6;23.9;22.5;22.6;21.7;95.0;93.0;93.0;179.0;3.2;1.8
2020/05/20;1100 UTC;0.0;954.9;955.0;954.4;1268.6;25.3;22.0;25.4;23.8;23.0;21.7;93.0;82.0;82.0;190.0;6.5;3.5
2020/05/20;1200 UTC;0.0;954.9;955.1;954.8;1596.5;26.0;20.9;27.1;24.9;22.6;20.9;82.0;72.0;73.0;186.0;6.8;3.5
2020/05/20;1300 UTC;0.0;954.8;955.0;954.7;2037.9;26.8;21.1;27.3;25.8;21.8;20.5;76.0;69.0;71.0;183.0;7.7;3.5
2020/05/20;1400 UTC;1.2;954.3;954.8;954.3;1857.7;25.1;22.2;27.3;24.6;23.1;20.0;84.0;70.0;84.0;185.0;7.9;2.5
2020/05/20;1500 UTC;0.0;953.2;954.3;953.2;3222.9;28.2;21.0;28.8;25.1;23.6;21.0;86.0;65.0;65.0;193.0;8.5;5.0
2020/05/20;1600 UTC;1.8;953.3;953.3;952.9;1460.4;22.8;21.3;29.0;22.8;22.1;18.9;91.0;65.0;91.0;194.0;9.3;5.5
2020/05/20;1700 UTC;4.8;952.3;953.3;952.3;639.0;23.0;22.2;23.1;22.4;22.4;21.3;96.0;91.0;96.0;190.0;9.0;2.9
2020/05/20;1800 UTC;1.2;952.4;952.4;952.1;535.7;22.8;22.2;23.3;22.6;22.6;21.9;96.0;95.0;96.0;185.0;8.4;4.0
2020/05/20;1900 UTC;0.0;952.6;952.6;952.2;407.5;23.0;22.1;23.2;22.7;22.4;22.0;97.0;94.0;95.0;188.0;8.3;3.7
2020/05/20;2000 UTC;0.0;952.8;952.8;952.6;161.1;22.6;21.5;23.1;22.6;22.2;21.5;95.0;94.0;94.0;178.0;6.8;2.8
2020/05/20;2100 UTC;0.0;953.3;953.3;952.8;;22.7;21.7;22.7;22.5;21.7;21.5;95.0;94.0;94.0;174.0;6.1;1.5
2020/05/20;2200 UTC;0.0;954.2;954.2;953.3;;22.6;21.7;22.7;22.6;21.8;21.7;95.0;94.0;95.0;179.0;5.5;1.8
2020/05/20;2300 UTC;0.8;954.7;954.7;954.2;;22.4;21.6;22.7;22.4;21.9;21.6;96.0;95.0;95.0;181.0;5.2;2.4
2020/05/21;0000 UTC;0.0;954.8;954.9;954.7;;22.4;21.9;22.5;22.3;21.9;21.6;97.0;95.0;97.0;169.0;5.8;2.4
2020/05/21;0100 UTC;0.0;955.1;955.2;954.8;;22.4;21.9;22.4;22.3;21.9;21.7;97.0;97.0;97.0;170.0;6.0;1.9
2020/05/21;0200 UTC;0.0;955.1;955.2;955.1;;22.3;21.8;22.4;22.3;21.9;21.8;97.0;97.0;97.0;165.0;5.3;2.2
2020/05/21;0300 UTC;0.0;954.6;955.0;954.6;;22.2;21.8;22.3;22.2;21.8;21.8;97.0;97.0;97.0;178.0;4.2;1.4
2020/05/21;0400 UTC;0.0;953.8;954.6;953.8;;21.8;21.4;22.3;21.8;21.8;21.4;97.0;97.0;97.0;179.0;4.3;2.1
2020/05/21;0500 UTC;0.0;953.2;953.8;953.2;;21.5;21.1;21.8;21.5;21.4;21.1;97.0;97.0;97.0;170.0;3.4;1.8
2020/05/21;0600 UTC;0.0;952.9;953.2;952.8;;21.3;20.8;21.6;21.3;21.1;20.8;97.0;97.0;97.0;172.0;3.4;0.7
2020/05/21;0700 UTC;0.0;952.9;952.9;952.7;;21.3;20.9;21.4;21.1;21.0;20.7;98.0;97.0;98.0;175.0;3.3;1.4
2020/05/21;0800 UTC;0.0;952.8;953.0;952.8;;21.2;20.8;21.4;21.2;20.9;20.8;98.0;98.0;98.0;165.0;3.9;1.2
2020/05/21;0900 UTC;0.0;953.3;953.3;952.8;31.8;21.5;21.1;21.5;21.2;21.1;20.8;98.0;98.0;98.0;186.0;2.8;0.8
2020/05/21;1000 UTC;0.4;954.2;954.2;953.4;242.4;21.7;21.4;21.7;21.4;21.4;21.0;98.0;98.0;98.0;184.0;4.5;2.2
2020/05/21;1100 UTC;0.2;954.5;954.6;954.2;910.1;22.4;22.0;22.6;21.6;22.1;21.3;98.0;96.0;97.0;176.0;6.4;3.1
2020/05/21;1200 UTC;0.0;954.8;954.8;954.5;967.5;23.3;22.3;23.4;22.3;22.6;21.8;97.0;95.0;95.0;188.0;9.2;5.3
2020/05/21;1300 UTC;0.0;954.6;954.8;954.5;1597.4;24.2;22.4;24.6;23.2;22.9;22.2;95.0;89.0;90.0;199.0;11.9;4.9
2020/05/21;1400 UTC;0.2;954.0;954.6;954.0;2308.1;26.1;22.4;26.2;23.2;23.2;21.7;93.0;80.0;80.0;186.0;9.9;4.8
2020/05/21;1500 UTC;0.0;953.2;954.0;953.2;2743.2;26.3;22.4;26.3;23.9;23.0;21.3;88.0;79.0;79.0;183.0;9.9;4.0
2020/05/21;1600 UTC;0.0;952.6;953.2;952.5;2320.2;26.2;22.0;27.3;26.0;22.3;21.2;79.0;72.0;78.0;173.0;10.4;3.4
2020/05/21;1700 UTC;0.0;951.9;952.6;951.9;1676.6;27.3;20.9;27.6;25.3;22.8;20.9;82.0;68.0;68.0;184.0;9.6;5.0
2020/05/21;1800 UTC;0.8;952.0;952.0;951.6;1473.0;23.6;21.5;27.5;23.6;21.7;20.5;88.0;67.0;88.0;180.0;10.5;5.8
2020/05/21;1900 UTC;0.2;952.0;952.1;952.0;646.8;24.6;22.6;24.8;23.6;22.8;21.7;91.0;88.0;89.0;186.0;9.2;3.7
2020/05/21;2000 UTC;0.0;952.5;952.5;952.0;87.5;24.2;22.2;24.5;23.8;22.3;21.9;90.0;88.0;89.0;192.0;7.1;3.0
2020/05/21;2100 UTC;0.2;953.1;953.1;952.5;;23.7;21.3;24.2;23.7;22.2;21.3;89.0;86.0;86.0;195.0;8.2;3.7
2020/05/21;2200 UTC;0.0;953.7;953.7;953.1;;23.0;20.7;23.8;23.0;21.3;20.7;87.0;85.0;87.0;175.0;9.0;3.2
2020/05/21;2300 UTC;0.0;954.1;954.1;953.7;;22.5;20.8;23.0;22.5;20.8;20.7;90.0;87.0;90.0;188.0;6.8;3.2
2020/05/22;0000 UTC;0.0;954.8;954.8;954.1;;22.2;20.8;22.5;22.2;20.8;20.7;92.0;90.0;92.0;191.0;5.9;3.2
2020/05/22;0100 UTC;0.0;955.0;955.1;954.8;;22.0;20.9;22.2;22.0;20.9;20.8;93.0;92.0;93.0;177.0;5.6;2.6
2020/05/22;0200 UTC;0.0;954.8;955.1;954.7;;22.0;21.1;22.1;21.9;21.1;20.8;94.0;93.0;94.0;186.0;4.5;2.2
2020/05/22;0300 UTC;0.0;954.2;954.9;954.2;;21.8;21.0;22.0;21.8;21.1;20.9;95.0;94.0;95.0;171.0;3.8;1.9
2020/05/22;0400 UTC;0.0;953.8;954.2;953.8;;21.5;20.8;21.9;21.5;21.0;20.8;96.0;95.0;96.0;169.0;3.4;1.2
2020/05/22;0500 UTC;0.0;953.4;953.8;953.4;;21.6;21.0;21.7;21.5;21.0;20.8;96.0;96.0;96.0;179.0;2.2;0.8
2020/05/22;0600 UTC;0.0;953.2;953.4;953.2;;21.6;21.0;21.7;21.5;21.2;20.9;97.0;96.0;97.0;178.0;3.7;1.6
2020/05/22;0700 UTC;0.0;953.2;953.3;953.2;;21.6;21.1;21.7;21.5;21.2;21.0;97.0;97.0;97.0;173.0;5.1;2.6
2020/05/22;0800 UTC;0.0;953.5;953.5;953.2;;21.4;21.0;21.7;21.4;21.2;21.0;98.0;97.0;98.0;175.0;5.1;1.9
2020/05/22;0900 UTC;0.0;953.9;953.9;953.5;47.6;21.3;21.0;21.4;21.2;21.0;20.9;98.0;97.0;98.0;185.0;4.3;2.2
2020/05/22;1000 UTC;0.0;954.2;954.2;953.9;601.5;22.6;22.0;22.6;21.3;22.0;21.0;98.0;96.0;97.0;176.0;4.6;2.7
2020/05/22;1100 UTC;0.0;955.0;955.0;954.2;1432.3;23.8;21.8;24.1;22.6;22.6;21.8;97.0;88.0;88.0;184.0;6.1;3.3
2020/05/22;1200 UTC;0.0;955.0;955.4;955.0;1520.3;24.7;21.2;24.7;23.7;22.2;20.8;88.0;81.0;81.0;175.0;8.4;4.3
2020/05/22;1300 UTC;0.0;954.8;955.1;954.7;2581.5;26.1;19.7;26.8;24.7;21.5;19.6;81.0;67.0;68.0;184.0;7.9;4.3
2020/05/22;1400 UTC;0.0;954.5;954.8;954.5;2617.5;26.9;20.9;27.5;26.0;21.3;19.9;71.0;66.0;70.0;170.0;8.0;3.1
2020/05/22;1500 UTC;0.0;953.7;954.5;953.7;2355.5;27.8;21.5;28.3;26.4;22.0;20.4;71.0;67.0;68.0;181.0;8.4;3.3
2020/05/22;1600 UTC;0.0;952.6;953.7;952.6;2568.5;28.6;20.8;28.9;27.5;21.5;20.4;69.0;63.0;63.0;184.0;7.2;2.5
2020/05/22;1700 UTC;0.0;951.9;952.6;951.9;1658.7;28.3;21.4;28.6;27.3;21.7;20.5;69.0;63.0;66.0;183.0;6.6;2.7
2020/05/22;1800 UTC;0.0;951.8;951.9;951.8;1393.7;28.7;21.1;28.7;27.5;21.4;20.7;67.0;64.0;64.0;185.0;7.0;2.8
2020/05/22;1900 UTC;0.0;951.6;951.8;951.5;695.0;27.1;21.3;28.9;27.0;21.5;20.4;71.0;63.0;70.0;190.0;6.3;3.2
2020/05/22;2000 UTC;0.0;952.0;952.0;951.6;327.6;26.2;21.3;27.1;26.2;21.6;21.2;75.0;70.0;74.0;188.0;6.6;3.2
2020/05/22;2100 UTC;0.0;952.5;952.5;952.0;1.5;25.1;20.9;26.2;25.1;21.4;20.9;78.0;74.0;78.0;194.0;7.1;3.2
2020/05/22;2200 UTC;0.0;953.5;953.5;952.5;;24.4;20.9;25.1;24.4;20.9;20.8;81.0;78.0;81.0;162.0;5.5;2.9
2020/05/22;2300 UTC;0.0;953.8;953.9;953.5;;23.8;21.1;24.4;23.8;21.2;20.9;85.0;81.0;85.0;178.0;5.3;2.4
2020/05/23;0000 UTC;0.0;954.8;954.8;953.8;;23.6;21.1;23.8;23.6;21.2;21.1;86.0;85.0;86.0;174.0;4.9;2.3
2020/05/23;0100 UTC;0.0;954.8;954.8;954.6;;23.0;20.9;23.6;22.9;21.1;20.9;88.0;86.0;88.0;180.0;4.9;2.3
2020/05/23;0200 UTC;0.0;954.9;954.9;954.7;;23.0;21.0;23.0;23.0;21.0;20.9;89.0;88.0;88.0;210.0;5.4;3.3
2020/05/23;0300 UTC;0.0;954.1;954.9;954.1;;22.8;21.2;23.1;22.6;21.2;20.9;91.0;88.0;91.0;191.0;5.4;2.6
2020/05/23;0400 UTC;0.0;953.3;954.1;953.3;;22.8;21.2;22.8;22.7;21.2;21.1;91.0;91.0;91.0;190.0;3.8;2.0
2020/05/23;0500 UTC;0.0;952.9;953.3;952.9;;21.9;20.9;22.8;21.9;21.2;20.8;94.0;91.0;94.0;207.0;3.6;2.0
2020/05/23;0600 UTC;3.6;953.3;953.3;952.9;;21.0;20.4;22.0;20.9;20.9;20.3;97.0;94.0;96.0;191.0;5.0;2.8
2020/05/23;0700 UTC;2.0;953.4;953.4;953.2;;20.8;20.2;20.9;20.6;20.4;20.0;97.0;96.0;97.0;354.0;4.8;1.8
2020/05/23;0800 UTC;0.6;953.0;953.4;952.9;;21.1;20.5;21.1;20.6;20.6;20.1;97.0;96.0;97.0;179.0;3.9;2.2
2020/05/23;0900 UTC;0.0;953.1;953.1;952.9;46.6;21.3;20.8;21.3;21.0;20.8;20.5;97.0;97.0;97.0;197.0;3.3;1.7
2020/05/23;1000 UTC;0.0;953.6;953.7;953.1;723.1;23.1;22.4;23.1;21.2;22.4;20.8;97.0;96.0;96.0;178.0;4.1;1.8
2020/05/23;1100 UTC;0.0;954.2;954.2;953.6;1348.8;24.0;22.5;24.0;22.7;22.9;21.9;96.0;92.0;92.0;178.0;6.2;3.0
2020/05/23;1200 UTC;0.0;954.6;954.6;954.2;1210.4;24.8;22.2;24.9;23.9;23.0;21.9;92.0;86.0;86.0;179.0;6.8;3.0
2020/05/23;1300 UTC;0.0;955.1;955.1;954.6;1044.5;24.8;22.3;25.0;24.3;22.3;21.6;86.0;84.0;86.0;178.0;7.2;3.4
2020/05/23;1400 UTC;0.0;954.8;955.2;954.8;849.2;23.4;21.8;24.8;23.4;22.6;21.7;91.0;85.0;91.0;178.0;8.7;3.9
2020/05/23;1500 UTC;0.2;954.4;954.8;954.3;930.7;22.8;21.5;23.4;22.7;22.1;21.5;94.0;91.0;93.0;182.0;12.9;6.9
2020/05/23;1600 UTC;1.6;953.5;954.5;953.4;523.0;21.7;21.1;22.9;21.6;21.6;20.8;96.0;92.0;96.0;174.0;12.9;6.2
2020/05/23;1700 UTC;1.6;953.7;953.8;953.4;306.3;21.1;20.6;21.7;21.1;21.0;20.5;97.0;96.0;97.0;186.0;14.9;5.0
2020/05/23;1800 UTC;1.2;953.0;953.7;953.0;306.1;21.1;20.6;21.3;21.0;20.8;20.6;98.0;97.0;97.0;201.0;9.7;4.9
2020/05/23;1900 UTC;0.4;952.7;953.0;952.6;238.5;21.3;20.9;21.3;21.0;20.9;20.6;98.0;97.0;98.0;112.0;9.6;2.6
2020/05/23;2000 UTC;0.0;953.1;953.1;952.7;94.5;21.1;20.7;21.4;21.1;21.0;20.7;98.0;97.0;97.0;188.0;7.2;2.8
2020/05/23;2100 UTC;0.0;953.6;953.6;953.0;;21.2;20.7;21.2;21.1;20.7;20.6;98.0;97.0;97.0;198.0;5.5;1.8
2020/05/23;2200 UTC;0.0;953.9;953.9;953.5;;21.2;20.8;21.2;21.1;20.8;20.7;98.0;97.0;98.0;187.0;3.7;1.5
2020/05/23;2300 UTC;0.0;954.3;954.3;953.8;;21.3;20.9;21.3;21.2;20.9;20.8;98.0;98.0;98.0;172.0;3.5;1.0
2020/05/24;0000 UTC;0.0;954.6;954.7;954.3;;21.4;21.0;21.4;21.2;21.0;20.9;98.0;98.0;98.0;188.0;3.1;0.9
2020/05/24;0100 UTC;0.0;954.4;954.6;954.3;;21.3;20.9;21.5;21.2;21.1;20.8;98.0;97.0;98.0;169.0;2.2;0.6
2020/05/24;0200 UTC;0.0;954.2;954.4;954.1;;21.2;20.8;21.3;21.2;20.9;20.8;98.0;98.0;98.0;167.0;2.5;0.2
2020/05/24;0300 UTC;0.2;953.6;954.2;953.6;;21.0;20.6;21.2;21.0;20.8;20.6;98.0;98.0;98.0;187.0;2.2;0.6
2020/05/24;0400 UTC;0.0;952.9;953.6;952.9;;20.7;20.3;21.0;20.6;20.6;20.2;98.0;98.0;98.0;178.0;1.5;0.2
2020/05/24;0500 UTC;0.0;952.4;952.9;952.4;;20.5;20.2;20.7;20.4;20.4;20.1;98.0;98.0;98.0;2.0;1.4;0.2
2020/05/24;0600 UTC;0.0;952.4;952.4;952.3;;20.5;20.3;20.6;20.4;20.3;20.1;99.0;98.0;99.0;171.0;1.8;0.2
2020/05/24;0700 UTC;0.0;952.3;952.4;952.1;;20.8;20.6;20.8;20.5;20.6;20.3;99.0;99.0;99.0;175.0;1.5;0.0
2020/05/24;0800 UTC;0.0;952.6;952.6;952.3;;20.9;20.7;20.9;20.8;20.7;20.5;99.0;99.0;99.0;356.0;1.2;0.1
2020/05/24;0900 UTC;0.0;953.1;953.1;952.6;50.4;21.0;20.8;21.0;20.8;20.8;20.6;99.0;99.0;99.0;168.0;2.3;0.5
2020/05/24;1000 UTC;0.0;954.0;954.0;953.1;306.8;21.7;21.5;21.8;20.9;21.5;20.7;99.0;98.0;99.0;178.0;3.4;1.2
2020/05/24;1100 UTC;0.0;954.7;954.7;953.9;876.8;23.4;23.0;23.4;21.6;23.0;21.3;99.0;97.0;98.0;176.0;4.3;1.1
2020/05/24;1200 UTC;0.0;954.9;954.9;954.7;673.4;23.3;22.4;23.7;23.1;23.2;22.4;98.0;95.0;95.0;178.0;5.4;2.2
2020/05/24;1300 UTC;0.2;954.8;954.9;954.8;720.0;23.3;22.4;23.4;22.7;22.6;21.8;96.0;95.0;95.0;183.0;5.4;2.5
2020/05/24;1400 UTC;0.2;954.0;954.8;954.0;1505.6;23.5;22.6;23.5;22.9;22.7;21.9;95.0;94.0;95.0;193.0;6.3;2.1
2020/05/24;1500 UTC;1.6;953.4;954.0;953.3;1191.6;22.7;21.8;24.0;22.3;23.0;21.3;96.0;93.0;95.0;175.0;7.3;3.7
2020/05/24;1600 UTC;3.6;953.0;953.4;953.0;848.7;21.1;20.7;22.8;20.9;22.1;20.3;97.0;95.0;97.0;180.0;13.3;4.0
2020/05/24;1700 UTC;0.4;952.3;953.0;952.2;573.2;21.4;20.8;21.8;21.1;21.3;20.6;98.0;96.0;96.0;181.0;8.0;3.7
2020/05/24;1800 UTC;0.0;952.3;952.4;952.2;702.9;22.3;21.5;22.3;21.4;21.6;20.8;97.0;95.0;95.0;200.0;6.1;3.7
2020/05/24;1900 UTC;0.0;952.4;952.4;952.2;485.2;22.6;21.5;22.7;22.3;21.8;21.4;95.0;93.0;93.0;183.0;6.8;2.6
2020/05/24;2000 UTC;0.0;952.5;952.5;952.4;145.5;22.3;21.1;22.7;22.3;21.5;21.1;93.0;92.0;93.0;187.0;4.9;2.1
2020/05/24;2100 UTC;0.0;952.9;952.9;952.5;;21.9;20.9;22.3;21.9;21.1;20.9;94.0;93.0;94.0;171.0;4.7;1.1
2020/05/24;2200 UTC;0.0;953.7;953.7;952.9;;22.1;21.3;22.1;21.9;21.3;21.0;95.0;94.0;95.0;185.0;2.3;0.4
2020/05/24;2300 UTC;0.0;954.3;954.4;953.7;;22.1;21.3;22.2;22.0;21.4;21.2;96.0;95.0;96.0;194.0;1.7;0.2
2020/05/25;0000 UTC;0.0;954.6;954.6;954.3;;22.1;21.4;22.2;22.0;21.4;21.3;96.0;96.0;96.0;164.0;1.7;0.3
2020/05/25;0100 UTC;0.0;954.4;954.7;954.4;;21.9;21.2;22.1;21.9;21.4;21.2;96.0;96.0;96.0;352.0;1.2;0.1
2020/05/25;0200 UTC;0.0;954.3;954.5;954.2;;21.8;21.2;21.9;21.8;21.3;21.2;97.0;96.0;97.0;359.0;1.7;0.3
2020/05/25;0300 UTC;0.0;953.8;954.3;953.8;;21.6;21.1;21.8;21.6;21.3;21.1;97.0;97.0;97.0;347.0;1.2;0.1
2020/05/25;0400 UTC;0.0;953.1;953.8;953.1;;21.4;21.0;21.6;21.4;21.1;21.0;97.0;97.0;97.0;193.0;1.3;0.6
2020/05/25;0500 UTC;0.0;952.5;953.1;952.5;;21.3;21.0;21.5;21.3;21.1;21.0;98.0;97.0;98.0;353.0;1.7;0.3
2020/05/25;0600 UTC;0.0;952.3;952.5;952.3;;21.4;21.0;21.4;21.3;21.0;20.9;98.0;98.0;98.0;360.0;1.1;0.2
2020/05/25;0700 UTC;0.0;952.6;952.6;952.3;;21.3;21.0;21.4;21.3;21.1;20.9;98.0;98.0;98.0;356.0;1.1;0.1
2020/05/25;0800 UTC;0.0;952.9;953.0;952.6;;21.4;21.1;21.4;21.2;21.1;20.9;98.0;98.0;98.0;360.0;0.6;0.0
2020/05/25;0900 UTC;0.2;953.1;953.1;952.9;36.3;21.5;21.2;21.5;21.3;21.2;21.0;98.0;98.0;98.0;150.0;0.7;0.1
2020/05/25;1000 UTC;0.0;953.5;953.5;952.9;581.8;22.6;22.2;22.7;21.5;22.3;21.2;99.0;98.0;98.0;47.0;1.5;0.7
2020/05/25;1100 UTC;0.0;954.3;954.3;953.5;545.5;22.9;22.4;23.1;22.4;22.6;22.0;98.0;97.0;97.0;178.0;2.0;0.6
2020/05/25;1200 UTC;0.0;954.3;954.4;954.3;1382.7;24.5;23.3;24.7;22.8;23.8;22.1;97.0;93.0;93.0;177.0;2.6;1.4
2020/05/25;1300 UTC;0.0;954.0;954.3;954.0;1996.2;24.8;22.0;25.7;24.4;24.0;22.0;94.0;84.0;84.0;185.0;5.0;2.3
2020/05/25;1400 UTC;0.0;953.2;954.0;953.2;1910.0;25.9;22.3;26.0;24.7;22.9;21.9;85.0;79.0;80.0;182.0;4.3;1.6
2020/05/25;1500 UTC;0.0;952.3;953.2;952.3;2576.7;27.2;21.6;27.7;25.9;22.7;21.3;80.0;71.0;72.0;180.0;4.2;1.5
2020/05/25;1600 UTC;0.0;951.8;952.3;951.8;1523.3;27.0;22.4;27.5;26.3;22.5;21.3;77.0;71.0;76.0;179.0;4.6;2.0
2020/05/25;1700 UTC;0.0;951.5;951.8;951.5;1409.0;26.9;21.7;27.4;26.5;22.5;21.7;77.0;72.0;73.0;188.0;5.4;2.8
2020/05/25;1800 UTC;0.0;951.3;951.5;951.3;1137.1;27.0;22.1;27.4;26.6;22.3;21.4;75.0;72.0;74.0;183.0;5.8;2.3
2020/05/25;1900 UTC;0.0;951.3;951.3;951.2;641.1;25.6;22.4;27.0;25.5;22.4;21.8;82.0;74.0;82.0;190.0;5.6;3.3
2020/05/25;2000 UTC;0.0;951.7;951.7;951.3;209.0;24.9;22.2;25.7;24.9;22.4;22.1;85.0;82.0;85.0;197.0;6.5;3.4
2020/05/25;2100 UTC;0.0;952.0;952.0;951.7;;24.2;22.4;24.9;24.2;22.4;22.2;90.0;85.0;90.0;187.0;6.1;2.9
2020/05/25;2200 UTC;0.0;953.2;953.2;952.0;;23.7;22.2;24.2;23.7;22.4;22.0;91.0;89.0;91.0;165.0;7.6;2.1
2020/05/25;2300 UTC;0.0;953.6;953.6;953.2;;23.3;22.1;23.7;23.3;22.4;22.1;93.0;91.0;93.0;204.0;5.3;2.8
2020/05/26;0000 UTC;0.0;954.0;954.0;953.6;;22.9;21.8;23.4;22.9;22.1;21.8;93.0;92.0;93.0;350.0;4.5;1.8
2020/05/26;0100 UTC;0.0;954.2;954.3;954.0;;22.7;21.7;23.0;22.7;21.8;21.7;94.0;93.0;94.0;360.0;3.9;1.6
2020/05/26;0200 UTC;0.0;954.1;954.2;954.0;;22.5;21.5;22.7;22.4;21.6;21.5;95.0;94.0;95.0;3.0;4.2;1.7
2020/05/26;0300 UTC;0.0;953.6;954.1;953.6;;22.3;21.6;22.5;22.3;21.6;21.4;96.0;95.0;96.0;128.0;4.8;2.1
2020/05/26;0400 UTC;0.0;953.2;953.6;953.2;;22.3;21.6;22.4;22.2;21.7;21.5;96.0;96.0;96.0;182.0;4.2;1.3
2020/05/26;0500 UTC;0.0;952.9;953.2;952.9;;22.3;21.6;22.3;22.2;21.7;21.5;96.0;96.0;96.0;31.0;3.4;0.6
2020/05/26;0600 UTC;0.0;952.7;952.9;952.6;;21.9;21.3;22.3;21.9;21.7;21.3;97.0;96.0;97.0;214.0;1.6;1.0
2020/05/26;0700 UTC;0.0;952.8;952.8;952.7;;21.8;21.3;21.9;21.8;21.4;21.3;97.0;97.0;97.0;30.0;1.4;0.1
2020/05/26;0800 UTC;0.0;953.0;953.1;952.8;;21.3;20.8;21.8;21.3;21.3;20.8;97.0;97.0;97.0;347.0;1.5;0.5
2020/05/26;0900 UTC;0.0;953.7;953.7;953.0;59.9;20.9;20.5;21.3;20.8;20.8;20.4;98.0;97.0;98.0;5.0;3.0;0.3
2020/05/26;1000 UTC;0.0;954.3;954.3;953.7;655.8;23.9;23.2;23.9;20.9;23.2;20.6;98.0;95.0;96.0;160.0;1.3;0.3
2020/05/26;1100 UTC;0.0;954.9;954.9;954.3;1489.2;25.2;22.2;25.2;23.8;23.6;22.0;96.0;83.0;83.0;356.0;3.7;1.6
2020/05/26;1200 UTC;0.0;955.0;955.0;954.9;1532.8;25.6;21.0;26.2;25.1;22.2;20.8;83.0;75.0;76.0;350.0;3.8;1.4
2020/05/26;1300 UTC;0.0;954.9;955.0;954.9;1971.3;28.0;22.1;28.0;25.5;22.1;20.6;76.0;70.0;70.0;357.0;3.8;1.4
2020/05/26;1400 UTC;0.0;954.1;954.9;954.1;2082.6;28.0;20.2;28.5;27.2;22.1;20.2;70.0;62.0;63.0;1.0;4.3;1.6
2020/05/26;1500 UTC;0.0;953.1;954.1;953.1;2157.2;28.9;20.4;29.1;27.7;21.2;19.7;65.0;60.0;60.0;357.0;4.4;2.1
2020/05/26;1600 UTC;0.0;952.4;953.1;952.4;3038.7;29.9;19.5;30.3;28.7;21.2;18.9;61.0;52.0;54.0;82.0;4.4;1.0
2020/05/26;1700 UTC;0.0;951.6;952.4;951.6;2736.5;29.4;21.0;31.0;29.3;21.9;19.0;61.0;50.0;61.0;185.0;5.9;3.3
2020/05/26;1800 UTC;0.0;951.1;951.6;951.1;1054.8;29.1;21.2;29.6;28.1;21.8;20.9;68.0;61.0;63.0;355.0;6.4;2.4
2020/05/26;1900 UTC;0.0;951.5;951.5;951.1;1069.8;26.8;22.5;29.4;26.8;22.6;21.0;77.0;62.0;77.0;357.0;7.7;3.5
2020/05/26;2000 UTC;0.0;951.9;951.9;951.4;186.5;25.5;21.9;26.8;25.5;22.6;21.9;82.0;77.0;80.0;359.0;7.9;2.0
2020/05/26;2100 UTC;0.0;952.4;952.5;951.9;;24.3;20.2;25.5;24.3;21.9;20.1;81.0;77.0;78.0;190.0;3.7;0.8
2020/05/26;2200 UTC;0.0;953.2;953.2;952.4;;23.2;21.0;24.3;23.2;21.0;20.4;88.0;78.0;88.0;14.0;2.8;0.4
2020/05/26;2300 UTC;0.0;953.5;953.5;953.1;;23.2;21.3;23.4;23.1;21.4;20.9;89.0;88.0;89.0;331.0;2.1;0.1
2020/05/27;0000 UTC;0.0;954.0;954.0;953.5;;23.7;21.5;23.7;23.2;21.7;21.3;89.0;88.0;88.0;354.0;1.9;0.7
2020/05/27;0100 UTC;0.0;953.8;954.0;953.8;;23.3;21.4;23.8;23.3;21.6;21.3;89.0;87.0;89.0;350.0;3.3;1.6
2020/05/27;0200 UTC;0.0;953.3;953.8;953.3;;22.8;21.2;23.3;22.8;21.4;21.1;91.0;89.0;91.0;360.0;4.1;1.8
2020/05/27;0300 UTC;0.0;952.9;953.3;952.9;;22.5;21.3;22.8;22.4;21.3;21.2;93.0;91.0;93.0;5.0;5.2;2.1
2020/05/27;0400 UTC;0.0;952.5;952.9;952.5;;22.1;21.1;22.5;22.1;21.4;21.1;94.0;93.0;94.0;342.0;4.0;0.3
2020/05/27;0500 UTC;0.0;952.4;952.5;952.2;;21.7;20.9;22.1;21.7;21.1;20.8;95.0;94.0;95.0;351.0;2.4;1.4
2020/05/27;0600 UTC;0.0;952.3;952.4;952.2;;21.5;20.7;21.8;21.5;20.9;20.6;95.0;95.0;95.0;2.0;2.5;0.6
2020/05/27;0700 UTC;0.0;952.5;952.5;952.3;;21.2;20.4;21.5;21.2;20.7;20.4;96.0;95.0;96.0;354.0;1.8;0.8
2020/05/27;0800 UTC;0.0;952.6;952.6;952.4;;21.2;20.6;21.2;21.0;20.6;20.3;96.0;96.0;96.0;357.0;1.8;0.6
2020/05/27;0900 UTC;0.0;953.0;953.0;952.6;54.4;21.4;20.7;21.4;21.2;20.8;20.6;96.0;96.0;96.0;360.0;2.4;0.1
2020/05/27;1000 UTC;0.0;953.4;953.4;953.0;555.4;22.5;21.5;22.5;21.4;21.6;20.8;96.0;94.0;94.0;353.0;1.7;0.7
2020/05/27;1100 UTC;0.0;954.0;954.0;953.4;1481.6;24.9;22.1;25.0;22.5;22.7;21.4;95.0;85.0;85.0;188.0;2.2;0.8
2020/05/27;1200 UTC;0.0;953.9;954.0;953.8;2251.2;27.0;21.4;27.0;24.9;22.5;20.9;85.0;72.0;72.0;9.0;4.2;1.7
2020/05/27;1300 UTC;0.0;953.4;953.9;953.4;2348.3;27.3;21.0;27.8;26.1;21.9;20.6;74.0;67.0;69.0;177.0;4.6;1.4
2020/05/27;1400 UTC;0.0;952.9;953.4;952.9;2109.7;27.4;20.8;28.9;27.1;22.2;20.3;70.0;64.0;67.0;179.0;4.6;1.5
2020/05/27;1500 UTC;0.0;952.2;952.9;952.2;1585.6;27.9;21.2;29.1;27.4;22.0;20.4;68.0;63.0;67.0;178.0;6.2;2.3
2020/05/27;1600 UTC;0.0;951.3;952.2;951.3;1663.8;28.0;20.9;28.6;27.6;21.8;20.8;68.0;65.0;66.0;181.0;5.4;2.6
2020/05/27;1700 UTC;0.0;950.7;951.3;950.6;2030.6;28.9;20.7;29.4;28.0;21.9;20.6;67.0;61.0;62.0;176.0;4.6;2.0
2020/05/27;1800 UTC;0.0;950.5;950.7;950.5;1760.5;29.0;20.8;29.4;28.4;21.5;20.1;63.0;58.0;61.0;159.0;5.0;2.4
2020/05/27;1900 UTC;0.0;950.9;950.9;950.5;676.6;28.3;20.9;29.2;28.1;21.1;20.4;65.0;60.0;64.0;202.0;5.5;2.8
2020/05/27;2000 UTC;0.0;951.4;951.4;950.9;181.8;27.2;21.1;28.4;27.2;21.2;20.8;70.0;64.0;70.0;194.0;5.7;3.4
2020/05/27;2100 UTC;0.0;952.2;952.2;951.3;;24.7;22.1;27.2;24.7;22.2;21.1;85.0;70.0;85.0;6.0;7.9;3.2
2020/05/27;2200 UTC;0.0;952.6;952.6;952.0;;24.0;22.4;24.7;24.0;22.4;21.9;90.0;85.0;90.0;179.0;6.6;3.9
2020/05/27;2300 UTC;10.8;953.1;953.2;952.5;;23.0;22.3;24.1;23.0;22.8;22.1;96.0;90.0;96.0;199.0;7.8;4.3
2020/05/28;0000 UTC;7.0;953.3;953.5;953.1;0.4;21.5;21.1;23.0;21.5;22.5;21.0;98.0;96.0;97.0;152.0;7.8;4.0
2020/05/28;0100 UTC;1.2;953.2;953.3;953.0;;22.0;21.5;22.0;21.3;21.5;20.9;98.0;97.0;97.0;3.0;7.6;1.9
2020/05/28;0200 UTC;0.2;953.2;953.3;953.1;;22.4;21.8;22.4;22.0;21.8;21.5;97.0;96.0;96.0;163.0;4.6;1.7
2020/05/28;0300 UTC;0.0;953.0;953.5;953.0;;22.4;21.9;22.4;22.3;21.9;21.7;97.0;96.0;97.0;2.0;3.8;1.5
2020/05/28;0400 UTC;0.0;952.6;953.1;952.6;;22.6;22.2;22.7;22.4;22.2;21.9;97.0;97.0;97.0;174.0;3.9;1.5
2020/05/28;0500 UTC;0.0;952.2;952.6;952.1;;22.6;22.2;22.7;22.5;22.3;22.1;97.0;97.0;97.0;167.0;3.7;0.6
2020/05/28;0600 UTC;0.0;951.9;952.3;951.9;;22.4;22.0;22.7;22.4;22.2;22.0;98.0;97.0;97.0;298.0;2.9;1.4
2020/05/28;0700 UTC;0.0;952.2;952.2;951.7;;22.2;21.8;22.5;22.2;22.0;21.8;98.0;97.0;98.0;193.0;4.3;1.6
2020/05/28;0800 UTC;0.0;951.9;952.2;951.9;;22.1;21.8;22.2;22.1;21.8;21.7;98.0;98.0;98.0;181.0;3.8;1.3
2020/05/28;0900 UTC;0.0;952.2;952.2;951.9;67.4;22.2;21.9;22.2;21.9;21.9;21.6;98.0;98.0;98.0;195.0;3.6;1.7
2020/05/28;1000 UTC;0.0;952.9;952.9;952.2;346.8;23.0;22.6;23.0;22.1;22.6;21.9;98.0;98.0;98.0;179.0;3.8;2.2
2020/05/28;1100 UTC;0.0;953.5;953.6;952.9;1136.0;24.2;22.9;24.5;23.0;23.5;22.5;98.0;93.0;93.0;174.0;4.2;2.4
2020/05/28;1200 UTC;0.0;953.4;953.6;953.4;2043.2;25.7;22.4;25.7;24.2;23.4;21.9;93.0;81.0;82.0;193.0;5.1;3.0
2020/05/28;1300 UTC;0.0;953.1;953.5;953.1;1645.8;25.9;21.3;26.8;25.3;22.8;21.2;82.0;74.0;76.0;181.0;6.5;2.6
2020/05/28;1400 UTC;0.0;952.7;953.2;952.7;2242.7;27.1;21.5;27.5;25.7;22.6;20.7;78.0;69.0;71.0;181.0;6.8;2.5
2020/05/28;1500 UTC;0.0;951.8;952.7;951.8;2995.0;28.5;21.6;28.6;27.0;22.3;20.6;73.0;64.0;66.0;175.0;7.1;3.1
2020/05/28;1600 UTC;0.0;950.7;951.8;950.7;2660.2;28.8;20.7;29.6;27.8;21.6;19.8;67.0;60.0;62.0;178.0;7.1;2.6
2020/05/28;1700 UTC;0.0;950.2;950.7;950.2;2321.3;28.8;20.5;29.7;28.4;21.3;19.7;63.0;57.0;61.0;179.0;7.0;3.3
2020/05/28;1800 UTC;0.0;950.2;950.3;950.1;1541.0;28.5;20.1;29.5;28.4;20.9;19.6;61.0;57.0;61.0;178.0;7.0;3.0
2020/05/28;1900 UTC;0.0;950.8;950.8;950.2;871.0;26.4;21.8;29.3;26.4;22.0;20.0;76.0;60.0;76.0;180.0;8.8;4.9
2020/05/28;2000 UTC;2.2;951.7;951.7;950.8;200.5;24.1;22.6;26.4;23.7;22.6;21.5;91.0;76.0;91.0;187.0;8.1;3.0
2020/05/28;2100 UTC;1.0;952.4;952.4;951.6;2.5;23.8;22.8;24.2;23.7;22.9;22.5;94.0;91.0;94.0;195.0;8.3;4.4
2020/05/28;2200 UTC;0.0;953.0;953.0;952.4;;23.6;22.8;23.9;23.6;22.9;22.7;95.0;94.0;95.0;189.0;7.3;3.5
2020/05/28;2300 UTC;0.0;953.3;953.4;953.0;;23.2;22.4;23.6;23.1;22.8;22.4;96.0;95.0;95.0;194.0;7.1;3.7
2020/05/29;0000 UTC;0.0;953.7;953.7;953.3;;22.9;22.2;23.2;22.9;22.4;22.2;96.0;95.0;96.0;188.0;6.6;3.1
2020/05/29;0100 UTC;0.0;953.5;953.8;953.5;;22.9;22.1;23.0;22.8;22.3;22.1;96.0;95.0;95.0;182.0;5.1;2.7
2020/05/29;0200 UTC;0.0;953.4;953.5;953.3;;22.9;22.0;22.9;22.7;22.1;22.0;96.0;95.0;95.0;183.0;5.1;2.5
2020/05/29;0300 UTC;0.0;953.2;953.5;953.2;;22.7;21.9;22.9;22.6;22.1;21.8;95.0;95.0;95.0;176.0;5.5;2.1
2020/05/29;0400 UTC;0.0;952.9;953.2;952.8;;22.3;21.5;22.7;22.3;21.9;21.5;95.0;95.0;95.0;182.0;4.8;2.2
2020/05/29;0500 UTC;0.0;952.1;952.9;952.1;;22.1;21.2;22.3;22.1;21.5;21.2;95.0;95.0;95.0;177.0;4.8;1.8
2020/05/29;0600 UTC;0.0;952.1;952.1;951.8;;21.9;21.0;22.2;21.9;21.3;20.9;95.0;94.0;95.0;179.0;4.7;1.5
2020/05/29;0700 UTC;0.0;952.3;952.3;952.1;;21.9;21.0;22.1;21.9;21.1;20.9;95.0;94.0;95.0;172.0;4.1;1.6
2020/05/29;0800 UTC;0.0;952.6;952.6;952.3;;21.8;21.0;21.9;21.7;21.0;20.8;95.0;94.0;95.0;181.0;4.7;2.4
2020/05/29;0900 UTC;0.0;952.9;952.9;952.6;9.0;21.9;21.2;21.9;21.8;21.2;21.0;96.0;95.0;96.0;177.0;5.0;1.8
2020/05/29;1000 UTC;3.2;953.8;953.9;952.9;150.3;21.0;20.4;22.0;21.0;21.3;20.4;97.0;96.0;97.0;177.0;12.0;4.5
2020/05/29;1100 UTC;0.6;954.3;954.4;953.8;252.9;20.6;20.2;21.2;20.5;20.7;20.0;98.0;97.0;98.0;175.0;12.0;3.6
2020/05/29;1200 UTC;0.2;954.5;954.5;954.3;358.0;20.8;20.2;20.9;20.4;20.4;20.0;98.0;96.0;97.0;177.0;7.1;3.2
2020/05/29;1300 UTC;0.4;954.2;954.6;954.2;788.8;21.3;20.7;21.3;20.7;20.7;20.0;97.0;95.0;96.0;175.0;6.8;2.4
2020/05/29;1400 UTC;0.0;953.5;954.3;953.5;773.5;22.4;20.7;22.5;21.1;21.5;20.4;96.0;90.0;90.0;180.0;7.4;3.0
2020/05/29;1500 UTC;0.0;952.8;953.6;952.7;1653.9;23.4;19.5;24.0;22.4;20.8;19.4;90.0;78.0;79.0;177.0;8.7;4.7
2020/05/29;1600 UTC;0.0;952.2;952.8;952.2;1732.4;23.6;20.6;23.9;22.8;20.6;19.4;84.0;79.0;83.0;177.0;7.9;3.3
2020/05/29;1700 UTC;0.0;952.0;952.2;951.9;1088.9;23.7;19.8;24.1;23.2;20.5;19.6;83.0;78.0;79.0;177.0;8.2;4.2
2020/05/29;1800 UTC;0.0;951.8;952.0;951.7;803.3;23.5;19.7;24.1;23.5;20.2;19.6;79.0;78.0;79.0;179.0;8.8;2.6
2020/05/29;1900 UTC;0.0;952.2;952.2;951.8;354.8;23.1;19.6;23.6;23.1;20.2;19.5;82.0;79.0;81.0;180.0;7.7;2.5
2020/05/29;2000 UTC;0.0;952.4;952.4;952.2;113.1;22.9;19.7;23.1;22.8;19.7;19.4;82.0;80.0;82.0;176.0;6.1;1.9
2020/05/29;2100 UTC;0.0;952.8;952.8;952.4;;22.7;19.7;22.9;22.7;19.8;19.6;83.0;82.0;83.0;176.0;4.6;2.2
2020/05/29;2200 UTC;0.0;953.3;953.3;952.8;;22.3;19.6;22.7;22.3;19.8;19.6;85.0;83.0;85.0;177.0;5.7;2.7
2020/05/29;2300 UTC;0.0;953.7;953.8;953.3;;22.1;19.8;22.4;22.0;19.8;19.6;87.0;85.0;87.0;175.0;5.1;2.3
2020/05/30;0000 UTC;0.0;954.0;954.1;953.7;;22.1;19.9;22.1;22.0;20.0;19.8;88.0;87.0;88.0;178.0;4.2;2.4
2020/05/30;0100 UTC;0.0;953.6;954.0;953.6;;21.7;19.8;22.1;21.7;19.9;19.8;89.0;87.0;89.0;177.0;5.1;2.6
2020/05/30;0200 UTC;0.0;953.6;953.6;953.2;;21.5;19.5;21.7;21.5;19.9;19.5;89.0;88.0;88.0;175.0;5.6;2.2
2020/05/30;0300 UTC;0.0;953.2;953.6;953.2;;21.3;19.4;21.5;21.3;19.5;19.4;89.0;88.0;89.0;175.0;4.6;1.4
2020/05/30;0400 UTC;0.0;952.8;953.3;952.8;;21.2;19.5;21.3;21.2;19.6;19.4;90.0;89.0;90.0;177.0;3.6;1.1
2020/05/30;0500 UTC;0.0;952.4;952.8;952.4;;21.2;19.6;21.2;21.1;19.6;19.5;91.0;90.0;91.0;178.0;3.6;1.7
2020/05/30;0600 UTC;0.0;952.1;952.4;952.1;;21.1;19.7;21.2;21.0;19.7;19.5;92.0;91.0;92.0;178.0;4.1;1.0
2020/05/30;0700 UTC;0.0;952.3;952.4;952.1;;21.1;19.7;21.1;21.0;19.7;19.6;92.0;92.0;92.0;177.0;3.2;1.5
2020/05/30;0800 UTC;0.0;952.8;952.8;952.3;;21.1;19.8;21.1;21.0;19.8;19.6;93.0;92.0;92.0;177.0;3.5;1.4
2020/05/30;0900 UTC;0.0;953.3;953.3;952.8;16.0;20.9;19.7;21.2;20.9;19.9;19.7;93.0;92.0;93.0;177.0;4.6;2.3
2020/05/30;1000 UTC;0.0;953.8;953.8;953.3;156.3;21.6;20.5;21.6;20.8;20.5;19.7;94.0;93.0;93.0;180.0;4.6;1.2
2020/05/30;1100 UTC;0.2;954.3;954.4;953.8;389.6;21.7;20.2;22.1;21.5;20.7;20.1;93.0;91.0;91.0;176.0;6.4;2.6
2020/05/30;1200 UTC;0.0;954.4;954.4;954.3;624.5;21.9;20.7;21.9;21.3;20.8;20.0;94.0;91.0;93.0;178.0;6.4;2.0
2020/05/30;1300 UTC;0.0;954.4;954.5;954.4;893.4;22.6;20.7;23.3;21.8;21.6;20.7;93.0;88.0;89.0;176.0;6.8;2.9
2020/05/30;1400 UTC;0.0;953.9;954.5;953.9;987.1;23.0;21.2;23.6;22.4;21.8;20.7;91.0;88.0;89.0;177.0;6.3;2.2
2020/05/30;1500 UTC;0.0;952.9;953.9;952.9;1524.0;23.7;22.3;23.9;22.6;22.3;20.8;92.0;89.0;92.0;177.0;5.6;2.5
2020/05/30;1600 UTC;0.0;952.2;952.9;952.2;1176.8;24.4;21.5;24.5;23.2;22.6;20.8;92.0;84.0;84.0;176.0;8.0;2.5
2020/05/30;1700 UTC;0.0;951.8;952.2;951.7;992.7;24.5;21.0;24.9;24.1;22.0;21.0;85.0;81.0;81.0;180.0;6.3;3.4
2020/05/30;1800 UTC;0.0;951.6;951.8;951.5;807.2;24.0;20.8;25.2;24.0;21.8;20.8;82.0;80.0;82.0;180.0;6.2;3.1
2020/05/30;1900 UTC;0.0;952.0;952.0;951.6;708.5;24.4;21.2;24.9;23.9;21.5;20.8;84.0;81.0;82.0;175.0;6.0;1.8
2020/05/30;2000 UTC;0.0;952.5;952.6;951.9;213.0;23.6;21.1;24.4;23.6;21.4;21.0;86.0;82.0;86.0;177.0;4.0;1.4
2020/05/30;2100 UTC;0.0;952.7;952.7;952.5;;23.2;21.4;23.6;23.2;21.4;21.1;89.0;86.0;89.0;177.0;4.4;2.2
2020/05/30;2200 UTC;0.0;953.4;953.4;952.7;;22.5;21.1;23.2;22.4;21.4;21.0;92.0;89.0;92.0;175.0;5.3;1.5
2020/05/30;2300 UTC;0.0;953.7;953.7;953.3;;22.5;21.3;22.6;22.5;21.4;21.2;93.0;92.0;93.0;178.0;4.0;1.8
2020/05/31;0000 UTC;0.0;954.0;954.0;953.7;;22.1;21.0;22.6;22.0;21.4;21.0;94.0;93.0;94.0;178.0;4.6;1.6
2020/05/31;0100 UTC;1.0;953.9;954.2;953.9;;21.6;21.0;22.1;21.6;21.2;21.0;96.0;94.0;96.0;176.0;4.2;1.9
2020/05/31;0200 UTC;0.0;953.7;953.9;953.7;;21.6;21.1;21.7;21.4;21.2;20.9;97.0;96.0;97.0;179.0;4.6;1.5
2020/05/31;0300 UTC;0.0;953.7;953.9;953.6;;21.5;21.1;21.7;21.5;21.2;21.0;98.0;97.0;97.0;180.0;4.1;1.6
2020/05/31;0400 UTC;0.0;953.0;953.7;953.0;;21.5;21.1;21.6;21.4;21.2;21.0;98.0;97.0;98.0;181.0;3.2;1.2
2020/05/31;0500 UTC;0.0;952.6;953.0;952.6;;21.4;21.0;21.5;21.4;21.2;21.0;98.0;98.0;98.0;175.0;3.0;1.3
2020/05/31;0600 UTC;0.0;952.5;952.6;952.4;;21.2;20.8;21.5;21.1;21.1;20.7;98.0;98.0;98.0;177.0;2.9;0.2
2020/05/31;0700 UTC;0.0;952.7;952.8;952.5;;21.1;20.8;21.2;21.0;20.9;20.7;98.0;98.0;98.0;177.0;2.8;0.9
2020/05/31;0800 UTC;0.0;953.0;953.1;952.7;;20.8;20.5;21.1;20.8;20.8;20.5;98.0;98.0;98.0;176.0;3.2;1.1
2020/05/31;0900 UTC;0.0;953.3;953.3;953.0;37.0;20.7;20.4;20.9;20.7;20.6;20.3;98.0;98.0;98.0;356.0;3.2;0.0
2020/05/31;1000 UTC;0.0;953.9;953.9;953.3;648.0;22.4;21.8;22.5;20.7;22.0;20.4;98.0;96.0;96.0;178.0;2.1;1.1
2020/05/31;1100 UTC;0.0;954.5;954.5;953.9;1168.0;23.2;21.6;23.4;22.4;22.4;21.5;97.0;91.0;91.0;180.0;3.9;1.7
2020/05/31;1200 UTC;0.0;954.6;954.7;954.5;885.0;23.6;21.0;23.7;23.0;21.8;21.0;91.0;85.0;85.0;183.0;4.3;2.3
2020/05/31;1300 UTC;0.0;954.5;954.7;954.5;1489.1;24.3;20.7;24.8;23.5;21.4;20.4;86.0;79.0;80.0;175.0;5.1;2.2
2020/05/31;1400 UTC;0.2;954.2;954.5;954.2;1197.0;23.7;21.5;24.6;22.7;21.6;20.4;89.0;80.0;87.0;176.0;7.5;2.3
2020/05/31;1500 UTC;0.0;953.4;954.2;953.4;2314.5;25.7;21.0;26.0;23.2;22.0;20.8;88.0;74.0;75.0;176.0;5.6;2.7
2020/05/31;1600 UTC;0.0;952.5;953.4;952.5;3164.1;26.9;20.5;27.8;25.8;21.6;20.3;76.0;66.0;68.0;132.0;7.0;3.0
2020/05/31;1700 UTC;0.0;951.8;952.5;951.8;1940.3;25.7;20.7;27.7;25.7;21.5;20.2;74.0;66.0;74.0;192.0;8.1;3.6
2020/05/31;1800 UTC;0.0;951.9;951.9;951.7;1414.1;25.8;20.3;26.8;24.7;21.1;19.7;77.0;67.0;72.0;174.0;8.1;1.7
2020/05/31;1900 UTC;0.0;952.0;952.0;951.7;970.9;26.2;21.4;26.3;25.6;21.5;20.2;75.0;72.0;75.0;358.0;5.2;1.7
2020/05/31;2000 UTC;0.0;952.4;952.4;952.0;171.2;25.0;21.2;26.2;25.0;21.5;21.1;80.0;74.0;79.0;130.0;4.0;2.3
2020/05/31;2100 UTC;0.0;952.9;952.9;952.4;;24.3;20.7;25.0;24.3;21.2;20.7;80.0;79.0;80.0;107.0;4.4;2.0
2020/05/31;2200 UTC;0.0;953.2;953.2;952.9;;23.7;20.8;24.3;23.6;20.9;20.7;84.0;81.0;84.0;154.0;5.3;2.5
2020/05/31;2300 UTC;0.0;953.9;953.9;953.2;;23.0;20.7;23.7;23.0;20.9;20.6;87.0;84.0;87.0;173.0;6.0;3.3
2020/06/01;0000 UTC;0.0;954.5;954.5;953.9;;22.5;20.9;23.0;22.4;20.9;20.7;91.0;87.0;91.0;167.0;5.8;2.3
2020/06/01;0100 UTC;0.0;954.4;954.6;954.4;;22.0;20.9;22.5;22.0;21.0;20.9;94.0;91.0;93.0;184.0;4.6;2.4
2020/06/01;0200 UTC;0.0;954.4;954.5;954.2;;21.5;20.7;22.1;21.5;21.0;20.6;95.0;93.0;95.0;161.0;4.6;1.8
2020/06/01;0300 UTC;0.0;954.0;954.4;954.0;;21.1;20.2;21.5;21.1;20.6;20.2;95.0;94.0;95.0;150.0;3.4;1.3
2020/06/01;0400 UTC;0.0;953.3;954.0;953.3;;20.5;19.7;21.1;20.5;20.3;19.6;95.0;94.0;95.0;168.0;3.0;0.4
2020/06/01;0500 UTC;0.0;952.7;953.3;952.7;;20.2;19.5;20.5;20.1;19.7;19.4;96.0;95.0;96.0;355.0;1.4;0.5
2020/06/01;0600 UTC;0.0;952.4;952.7;952.4;;20.0;19.3;20.3;19.9;19.6;19.1;96.0;95.0;96.0;317.0;1.4;0.0
2020/06/01;0700 UTC;0.0;952.5;952.5;952.3;;19.7;19.0;20.0;19.5;19.2;18.8;96.0;95.0;96.0;3.0;1.3;0.1
2020/06/01;0800 UTC;0.2;952.9;952.9;952.4;;19.7;19.0;19.8;19.7;19.2;19.0;96.0;96.0;96.0;342.0;1.1;0.1
2020/06/01;0900 UTC;0.0;953.2;953.2;952.9;53.3;19.9;19.3;20.0;19.5;19.4;18.9;96.0;96.0;96.0;109.0;1.5;0.5
2020/06/01;1000 UTC;0.0;954.1;954.1;953.2;458.8;21.1;20.5;21.2;19.8;20.7;19.2;97.0;96.0;96.0;169.0;1.3;0.7
2020/06/01;1100 UTC;0.0;954.6;954.7;954.1;957.0;22.1;21.0;22.5;21.1;21.7;20.5;96.0;93.0;93.0;180.0;2.0;1.1
2020/06/01;1200 UTC;0.0;954.7;954.7;954.6;1146.9;24.0;22.1;24.1;22.1;22.2;21.1;94.0;89.0;89.0;180.0;2.5;1.2
2020/06/01;1300 UTC;0.0;954.2;954.7;954.2;2280.1;26.0;20.7;26.8;24.0;22.5;20.5;89.0;71.0;73.0;176.0;5.1;2.0
2020/06/01;1400 UTC;0.0;953.6;954.2;953.6;2240.3;26.7;21.3;27.1;25.5;21.7;20.4;75.0;70.0;72.0;184.0;6.3;3.0
2020/06/01;1500 UTC;0.0;952.8;953.6;952.8;2555.9;28.0;21.0;28.3;26.0;21.8;20.1;72.0;64.0;66.0;356.0;6.8;2.7
2020/06/01;1600 UTC;0.0;952.2;952.8;952.2;2499.0;28.3;20.7;28.4;27.1;21.5;20.0;68.0;63.0;64.0;2.0;6.5;2.5
2020/06/01;1700 UTC;0.0;951.6;952.2;951.6;2144.0;28.0;19.9;28.7;27.8;20.9;19.8;64.0;61.0;62.0;118.0;6.8;2.3
2020/06/01;1800 UTC;0.0;951.3;951.6;951.3;1913.5;28.4;20.4;29.4;27.8;21.3;19.3;64.0;58.0;62.0;177.0;5.7;2.7
2020/06/01;1900 UTC;0.0;951.9;951.9;951.3;976.7;27.0;21.5;28.6;26.6;21.5;19.8;73.0;60.0;72.0;192.0;7.4;3.6
2020/06/01;2000 UTC;0.0;952.4;952.4;951.9;235.4;25.7;21.2;27.0;25.7;21.5;21.0;77.0;71.0;77.0;209.0;7.3;4.6
2020/06/01;2100 UTC;0.0;953.0;953.0;952.4;;24.3;21.0;25.7;24.3;21.8;21.0;83.0;77.0;82.0;357.0;7.3;2.1
2020/06/01;2200 UTC;0.0;953.5;953.5;953.0;;24.2;21.6;24.4;24.1;21.6;20.9;85.0;82.0;85.0;179.0;6.9;3.6
2020/06/01;2300 UTC;0.0;954.0;954.0;953.5;;23.5;21.3;24.2;23.4;21.6;21.3;88.0;85.0;88.0;168.0;6.9;4.0
2020/06/02;0000 UTC;0.0;954.3;954.4;954.0;;22.6;21.2;23.5;22.6;21.4;21.2;92.0;88.0;92.0;162.0;8.6;4.0
2020/06/02;0100 UTC;0.0;954.4;954.5;954.3;;22.5;21.4;22.6;22.5;21.5;21.2;94.0;92.0;94.0;172.0;8.3;3.3
2020/06/02;0200 UTC;0.0;954.2;954.4;954.1;;22.4;21.5;22.5;22.3;21.6;21.4;95.0;94.0;95.0;192.0;8.4;3.5
2020/06/02;0300 UTC;0.0;954.0;954.2;954.0;;22.4;21.6;22.4;22.3;21.6;21.4;95.0;94.0;95.0;193.0;7.3;2.8
2020/06/02;0400 UTC;0.0;953.4;954.0;953.4;;22.2;21.4;22.4;22.2;21.6;21.4;95.0;95.0;95.0;180.0;6.3;3.0
2020/06/02;0500 UTC;0.0;953.2;953.4;953.1;;22.2;21.6;22.3;22.0;21.6;21.4;96.0;95.0;96.0;194.0;5.2;2.6
2020/06/02;0600 UTC;0.0;952.9;953.2;952.9;;22.1;21.6;22.3;22.0;21.6;21.5;97.0;96.0;97.0;173.0;4.9;2.0
2020/06/02;0700 UTC;0.0;953.3;953.3;952.9;;22.1;21.5;22.2;22.0;21.6;21.5;97.0;96.0;97.0;182.0;4.8;1.6
2020/06/02;0800 UTC;1.6;953.7;953.7;953.3;;21.4;20.8;22.2;21.3;21.5;20.8;97.0;96.0;97.0;181.0;5.1;2.9
2020/06/02;0900 UTC;1.0;954.0;954.1;953.7;28.2;21.2;20.8;21.4;21.1;21.0;20.7;98.0;97.0;98.0;168.0;5.1;2.1
2020/06/02;1000 UTC;1.0;954.7;954.7;954.0;279.7;21.5;21.1;21.6;21.0;21.2;20.6;98.0;97.0;98.0;163.0;5.2;2.6
2020/06/02;1100 UTC;0.0;955.2;955.2;954.7;1208.5;22.8;21.9;23.1;21.5;22.4;21.1;98.0;94.0;95.0;181.0;4.7;2.0
2020/06/02;1200 UTC;0.0;955.3;955.4;955.2;1651.5;24.6;22.5;24.6;22.7;22.7;21.7;95.0;87.0;88.0;163.0;4.5;2.0
2020/06/02;1300 UTC;0.0;955.1;955.3;955.0;2247.5;26.0;21.9;26.1;24.3;22.6;21.3;88.0;78.0;78.0;181.0;4.8;1.9
2020/06/02;1400 UTC;0.0;954.2;955.1;954.2;2368.6;26.2;21.5;26.7;25.1;22.3;20.9;79.0;73.0;75.0;180.0;5.4;1.9
2020/06/02;1500 UTC;0.0;953.3;954.2;953.3;2232.6;26.6;20.8;26.9;25.8;22.2;20.6;76.0;71.0;71.0;186.0;5.5;2.8
2020/06/02;1600 UTC;0.0;952.6;953.3;952.6;2755.4;26.8;20.5;28.1;26.6;21.7;20.1;72.0;65.0;68.0;177.0;5.9;2.7
2020/06/02;1700 UTC;0.0;952.0;952.6;952.0;2607.1;28.3;20.8;28.7;26.6;21.5;20.4;70.0;63.0;64.0;172.0;6.0;3.0
2020/06/02;1800 UTC;0.0;952.0;952.0;951.8;1862.1;27.9;21.1;28.4;27.4;21.2;20.0;67.0;62.0;67.0;178.0;6.6;3.0
2020/06/02;1900 UTC;0.0;952.0;952.0;951.9;1074.4;26.9;20.8;27.9;26.9;21.0;20.5;69.0;65.0;69.0;193.0;6.0;3.3
2020/06/02;2000 UTC;0.0;952.5;952.5;952.0;204.9;25.9;20.8;27.1;25.9;21.1;20.7;74.0;68.0;73.0;187.0;6.3;3.6
2020/06/02;2100 UTC;0.0;953.4;953.4;952.5;;24.8;21.5;25.9;24.8;21.6;20.8;82.0;73.0;82.0;188.0;6.6;2.9
2020/06/02;2200 UTC;0.0;953.8;953.8;953.3;;24.1;21.6;24.8;24.1;21.7;21.6;86.0;82.0;86.0;194.0;5.9;3.4
2020/06/02;2300 UTC;0.0;954.5;954.5;953.8;;23.3;21.6;24.1;23.3;21.6;21.5;90.0;86.0;90.0;192.0;6.5;3.4
2020/06/03;0000 UTC;0.0;954.8;954.8;954.5;;22.8;21.7;23.3;22.8;21.7;21.6;93.0;90.0;93.0;194.0;7.1;2.7
2020/06/03;0100 UTC;0.0;954.7;954.8;954.7;;22.4;21.3;22.8;22.4;21.7;21.3;94.0;93.0;94.0;191.0;6.0;2.6
2020/06/03;0200 UTC;0.0;954.6;954.7;954.5;;22.4;21.3;22.4;22.3;21.3;21.3;94.0;94.0;94.0;187.0;4.4;2.6
2020/06/03;0300 UTC;0.0;954.4;954.6;954.4;;21.9;20.9;22.4;21.9;21.4;20.9;94.0;93.0;94.0;171.0;4.9;1.3
2020/06/03;0400 UTC;0.0;953.9;954.4;953.9;;21.6;20.8;22.0;21.6;21.0;20.8;95.0;94.0;95.0;178.0;3.3;2.0
2020/06/03;0500 UTC;0.0;953.3;953.9;953.3;;21.8;20.9;21.9;21.5;21.1;20.7;95.0;95.0;95.0;177.0;4.5;2.1
2020/06/03;0600 UTC;0.0;953.4;953.4;953.2;;21.2;20.4;21.8;21.2;20.9;20.4;95.0;95.0;95.0;174.0;4.2;0.6
2020/06/03;0700 UTC;0.0;953.6;953.6;953.3;;20.5;19.9;21.1;20.4;20.3;19.8;97.0;95.0;97.0;178.0;2.0;0.5
2020/06/03;0800 UTC;0.0;954.0;954.0;953.6;;20.7;20.1;20.8;20.5;20.2;19.9;97.0;96.0;97.0;175.0;2.6;1.2
2020/06/03;0900 UTC;0.0;954.6;954.6;954.0;31.3;20.8;20.3;20.8;20.5;20.3;20.1;97.0;97.0;97.0;172.0;2.6;0.5
2020/06/03;1000 UTC;0.0;955.7;955.7;954.6;537.3;22.4;21.4;22.5;20.8;21.7;20.3;97.0;94.0;94.0;178.0;4.4;2.3
2020/06/03;1100 UTC;0.0;956.6;956.6;955.7;1147.6;23.5;21.0;23.7;22.3;22.0;21.0;94.0;86.0;86.0;184.0;6.2;3.0
2020/06/03;1200 UTC;0.0;956.7;956.7;956.6;1916.8;24.8;20.6;25.3;23.4;21.2;20.2;86.0;77.0;78.0;175.0;6.9;2.9
2020/06/03;1300 UTC;0.2;956.5;956.7;956.5;1959.8;25.9;20.6;26.3;24.6;21.5;20.1;79.0;72.0;72.0;184.0;7.7;3.5
2020/06/03;1400 UTC;0.0;955.2;956.5;955.2;3148.9;27.0;20.4;27.2;25.9;21.3;20.1;73.0;67.0;67.0;184.0;7.8;3.1
2020/06/03;1500 UTC;0.0;954.1;955.2;954.1;3092.0;27.9;20.3;28.3;26.7;21.1;19.8;69.0;61.0;63.0;185.0;6.9;3.3
2020/06/03;1600 UTC;0.0;953.0;954.1;952.9;2863.5;28.7;19.8;28.8;27.7;20.8;19.0;64.0;58.0;58.0;180.0;7.0;2.9
2020/06/03;1700 UTC;0.0;952.0;953.0;952.0;2528.9;28.6;19.4;29.4;28.3;20.3;19.0;61.0;55.0;57.0;179.0;7.0;3.0
2020/06/03;1800 UTC;0.0;951.9;952.0;951.8;1610.5;28.6;18.9;29.2;28.2;20.2;18.4;60.0;55.0;56.0;184.0;7.3;3.7
2020/06/03;1900 UTC;0.0;952.2;952.2;951.8;973.7;27.4;20.4;28.8;27.4;20.6;18.7;66.0;55.0;66.0;52.0;7.3;3.9
2020/06/03;2000 UTC;0.0;952.8;952.8;952.2;208.3;26.2;20.6;27.4;26.2;20.7;20.3;71.0;66.0;71.0;190.0;8.0;4.1
2020/06/03;2100 UTC;0.0;953.5;953.5;952.8;;24.8;20.9;26.2;24.8;20.9;20.5;79.0;71.0;79.0;152.0;8.1;3.8
2020/06/03;2200 UTC;0.0;954.2;954.2;953.5;;23.9;21.0;24.8;23.9;21.1;20.9;84.0;79.0;84.0;186.0;8.1;4.0
2020/06/03;2300 UTC;0.0;954.6;954.6;954.2;;23.0;21.0;24.0;23.0;21.1;20.9;88.0;84.0;88.0;191.0;7.6;3.8
2020/06/04;0000 UTC;0.0;955.0;955.0;954.6;;22.7;21.3;23.0;22.6;21.4;21.0;92.0;88.0;92.0;187.0;6.4;3.1
2020/06/04;0100 UTC;0.0;954.9;955.0;954.8;;22.5;21.5;22.7;22.5;21.5;21.3;94.0;92.0;94.0;189.0;7.6;3.1
2020/06/04;0200 UTC;0.0;954.8;954.9;954.7;;22.5;21.5;22.6;22.4;21.6;21.4;94.0;94.0;94.0;193.0;6.9;3.6
2020/06/04;0300 UTC;0.0;954.3;954.8;954.3;;22.3;21.4;22.5;22.3;21.5;21.3;94.0;94.0;94.0;203.0;7.0;3.3
2020/06/04;0400 UTC;0.0;953.6;954.3;953.6;;22.0;21.2;22.4;22.0;21.4;21.2;95.0;94.0;95.0;178.0;6.4;2.0
2020/06/04;0500 UTC;0.0;953.0;953.6;953.0;;22.0;21.2;22.1;21.8;21.2;21.0;95.0;95.0;95.0;182.0;4.4;1.6
2020/06/04;0600 UTC;0.0;952.8;953.0;952.8;;21.9;21.1;22.2;21.8;21.3;21.0;96.0;95.0;96.0;179.0;3.5;1.7
2020/06/04;0700 UTC;0.0;952.9;953.0;952.8;;21.9;21.4;21.9;21.7;21.4;21.1;97.0;96.0;97.0;181.0;4.1;0.9
2020/06/04;0800 UTC;0.0;953.2;953.3;952.8;;22.0;21.5;22.0;21.8;21.5;21.3;97.0;97.0;97.0;181.0;2.5;1.1
2020/06/04;0900 UTC;0.0;953.8;953.8;953.2;40.8;22.1;21.6;22.1;21.9;21.6;21.5;97.0;97.0;97.0;181.0;2.6;1.2
2020/06/04;1000 UTC;0.0;954.7;954.7;953.8;424.0;23.2;22.6;23.2;22.1;22.7;21.6;97.0;96.0;96.0;176.0;2.7;1.2
2020/06/04;1100 UTC;0.0;955.0;955.0;954.7;633.7;23.6;22.3;23.8;23.0;22.9;22.1;96.0;92.0;92.0;173.0;6.4;2.5
2020/06/04;1200 UTC;0.0;955.0;955.1;954.9;1952.2;25.8;22.1;25.9;23.6;23.0;21.5;92.0;80.0;80.0;175.0;8.6;3.7
2020/06/04;1300 UTC;0.0;955.0;955.1;954.9;2151.5;26.7;21.5;26.7;24.9;21.9;20.8;81.0;73.0;73.0;190.0;8.5;4.8
2020/06/04;1400 UTC;0.0;954.5;955.0;954.5;2547.0;26.7;21.3;27.4;26.1;21.7;20.6;73.0;70.0;73.0;177.0;9.7;4.0
2020/06/04;1500 UTC;0.0;953.8;954.5;953.7;2786.1;26.9;21.2;27.6;26.4;21.7;20.6;73.0;68.0;71.0;177.0;8.7;4.6
2020/06/04;1600 UTC;0.0;952.7;953.8;952.7;2663.9;28.1;21.0;28.3;27.0;21.8;20.6;71.0;65.0;65.0;154.0;7.7;4.2
2020/06/04;1700 UTC;10.0;953.0;953.1;952.4;1074.1;22.0;21.3;28.1;21.6;21.5;19.7;96.0;65.0;96.0;173.0;10.8;4.2
2020/06/04;1800 UTC;0.2;952.9;953.1;952.8;411.3;22.6;21.5;23.2;21.8;22.4;21.1;96.0;93.0;94.0;177.0;10.2;3.9
2020/06/04;1900 UTC;0.0;953.0;953.0;952.9;395.4;23.2;21.7;23.2;22.3;21.7;21.2;94.0;91.0;91.0;176.0;7.4;2.9
2020/06/04;2000 UTC;0.0;953.3;953.3;953.0;143.9;23.1;21.6;23.2;23.0;21.7;21.5;92.0;91.0;92.0;186.0;6.2;3.0
2020/06/04;2100 UTC;0.0;953.8;953.8;953.2;0.0;22.8;21.7;23.1;22.8;21.7;21.6;93.0;92.0;93.0;204.0;6.2;3.4
2020/06/04;2200 UTC;0.0;954.3;954.3;953.7;;22.7;21.5;22.9;22.7;21.7;21.5;94.0;92.0;93.0;177.0;7.0;3.2
2020/06/04;2300 UTC;0.0;954.9;954.9;954.3;;22.4;21.5;22.7;22.4;21.6;21.4;95.0;93.0;95.0;182.0;6.1;3.0
2020/06/05;0000 UTC;0.0;955.1;955.1;954.9;;22.1;21.2;22.4;22.0;21.5;21.1;95.0;94.0;95.0;181.0;6.4;2.3
2020/06/05;0100 UTC;0.0;955.0;955.2;955.0;;22.0;21.1;22.1;22.0;21.2;21.1;95.0;94.0;95.0;187.0;5.3;2.2
2020/06/05;0200 UTC;0.0;955.1;955.2;955.0;;21.9;21.1;22.0;21.9;21.1;21.0;95.0;95.0;95.0;170.0;4.1;1.6
2020/06/05;0300 UTC;0.0;954.6;955.1;954.6;;21.7;21.0;22.0;21.7;21.2;21.0;96.0;95.0;96.0;177.0;3.7;1.7
2020/06/05;0400 UTC;0.0;954.0;954.6;954.0;;21.5;20.8;21.7;21.5;21.0;20.8;96.0;96.0;96.0;174.0;3.7;1.2
2020/06/05;0500 UTC;0.0;953.7;954.0;953.7;;21.6;20.9;21.6;21.3;21.0;20.7;96.0;96.0;96.0;175.0;3.3;1.3
2020/06/05;0600 UTC;0.0;953.5;953.7;953.5;;21.1;20.4;21.7;21.1;21.0;20.4;96.0;96.0;96.0;178.0;3.3;0.7
2020/06/05;0700 UTC;0.0;953.8;953.8;953.5;;20.9;20.5;21.1;20.9;20.5;20.4;97.0;96.0;97.0;178.0;2.2;0.7
2020/06/05;0800 UTC;0.0;953.9;953.9;953.8;;20.9;20.5;20.9;20.8;20.5;20.3;98.0;97.0;98.0;179.0;2.0;0.6
2020/06/05;0900 UTC;0.0;954.3;954.3;953.9;44.3;21.1;20.7;21.1;20.9;20.7;20.5;98.0;98.0;98.0;180.0;2.5;0.6
2020/06/05;1000 UTC;0.0;955.1;955.1;954.3;285.0;21.8;21.4;21.8;21.0;21.4;20.7;98.0;97.0;97.0;177.0;3.4;2.0
2020/06/05;1100 UTC;0.0;955.8;955.8;955.1;653.4;22.8;21.9;22.9;21.8;22.2;21.3;97.0;94.0;95.0;176.0;4.4;2.2
2020/06/05;1200 UTC;0.0;956.1;956.1;955.8;1185.5;24.1;21.8;24.1;22.8;22.6;21.5;95.0;87.0;87.0;176.0;5.3;2.3
2020/06/05;1300 UTC;0.0;956.3;956.3;956.1;2347.8;25.4;19.0;26.1;24.1;22.3;19.0;87.0;68.0;68.0;171.0;6.8;3.6
2020/06/05;1400 UTC;0.0;955.4;956.3;955.4;2857.7;26.5;18.8;26.8;25.4;20.1;18.1;69.0;61.0;63.0;178.0;7.1;3.1
2020/06/05;1500 UTC;0.0;954.6;955.5;954.6;2796.7;27.1;19.3;27.6;25.8;20.2;17.8;65.0;60.0;62.0;189.0;8.8;4.2
2020/06/05;1600 UTC;0.0;954.0;954.6;954.0;1969.7;27.1;20.3;27.7;26.6;20.5;19.1;68.0;62.0;66.0;174.0;8.9;3.2
2020/06/05;1700 UTC;0.0;953.3;954.0;953.3;1828.8;27.0;20.4;27.7;26.5;21.0;19.7;69.0;64.0;67.0;174.0;8.9;3.1
2020/06/05;1800 UTC;0.0;953.3;953.4;953.2;1562.8;27.7;20.2;27.8;26.6;20.9;19.6;68.0;63.0;64.0;177.0;7.9;2.8
2020/06/05;1900 UTC;0.0;953.6;953.6;953.3;870.9;26.8;20.3;27.8;26.2;20.4;19.4;69.0;62.0;67.0;172.0;7.5;2.6
2020/06/05;2000 UTC;0.0;953.9;953.9;953.6;180.6;25.4;19.8;26.9;25.4;20.2;19.8;71.0;67.0;71.0;174.0;7.7;3.6
2020/06/05;2100 UTC;0.0;954.4;954.4;953.9;;24.4;19.8;25.5;24.4;19.9;19.7;75.0;71.0;75.0;172.0;7.3;3.0
2020/06/05;2200 UTC;0.0;955.0;955.0;954.3;;23.5;20.1;24.4;23.5;20.1;19.7;81.0;75.0;81.0;175.0;6.3;3.2
2020/06/05;2300 UTC;0.0;955.7;955.7;954.9;;22.9;20.2;23.5;22.9;20.3;20.1;85.0;81.0;85.0;174.0;6.6;2.8
2020/06/06;0000 UTC;0.0;956.0;956.1;955.7;;22.6;20.4;22.9;22.6;20.6;20.2;87.0;85.0;87.0;180.0;6.2;2.8
2020/06/06;0100 UTC;0.0;956.0;956.2;955.9;;22.3;20.3;22.7;22.3;20.6;20.3;88.0;87.0;88.0;177.0;6.0;2.7
2020/06/06;0200 UTC;0.0;955.8;956.0;955.7;;21.5;19.9;22.4;21.5;20.3;19.9;91.0;88.0;91.0;175.0;6.0;2.4
2020/06/06;0300 UTC;0.0;955.3;955.8;955.3;;21.6;20.3;21.6;21.4;20.3;19.9;92.0;91.0;92.0;175.0;4.5;1.7
2020/06/06;0400 UTC;0.0;954.8;955.3;954.8;;21.6;20.3;21.6;21.5;20.4;20.2;93.0;92.0;93.0;178.0;5.1;2.2
2020/06/06;0500 UTC;0.0;954.5;954.8;954.5;;21.4;20.3;21.6;21.4;20.4;20.3;93.0;93.0;93.0;178.0;5.1;2.5
2020/06/06;0600 UTC;0.0;954.3;954.5;954.3;;21.3;20.1;21.5;21.3;20.4;20.1;93.0;93.0;93.0;180.0;6.1;2.5
2020/06/06;0700 UTC;0.0;954.2;954.3;954.1;;20.9;19.7;21.4;20.9;20.2;19.7;93.0;93.0;93.0;178.0;4.9;1.8
2020/06/06;0800 UTC;0.0;954.4;954.4;954.1;;20.2;19.2;20.9;20.2;19.8;19.2;94.0;93.0;94.0;177.0;4.5;1.0
2020/06/06;0900 UTC;0.0;954.4;954.4;954.3;31.5;19.8;19.0;20.2;19.8;19.2;18.9;95.0;94.0;95.0;165.0;2.5;0.4
2020/06/06;1000 UTC;0.0;954.6;954.6;954.4;593.0;21.4;20.2;21.4;19.8;20.2;19.0;95.0;92.0;93.0;177.0;5.1;2.4
2020/06/06;1100 UTC;0.0;954.9;954.9;954.5;1511.7;23.3;19.7;23.4;21.4;20.5;19.5;93.0;80.0;80.0;177.0;8.1;3.1
2020/06/06;1200 UTC;0.0;955.0;955.1;954.8;2228.8;24.5;19.1;24.9;23.2;20.0;18.6;80.0;70.0;72.0;178.0;7.3;3.9
2020/06/06;1300 UTC;0.0;954.9;955.1;954.9;2539.8;25.8;19.5;26.3;24.5;20.2;18.9;72.0;67.0;68.0;179.0;7.3;3.6
2020/06/06;1400 UTC;0.0;954.3;955.0;954.3;2121.9;26.6;20.2;26.8;25.2;20.5;19.1;70.0;66.0;68.0;176.0;7.0;3.2
2020/06/06;1500 UTC;0.0;953.4;954.3;953.4;2625.3;27.0;19.4;28.0;25.9;20.7;19.3;69.0;61.0;63.0;187.0;8.5;4.0
2020/06/06;1600 UTC;0.0;952.9;953.4;952.9;1575.6;26.4;20.5;27.2;26.3;21.0;19.6;70.0;63.0;70.0;169.0;8.4;3.6
2020/06/06;1700 UTC;0.0;952.3;952.9;952.3;1307.9;26.3;20.6;27.1;26.2;21.0;20.4;71.0;68.0;71.0;179.0;8.0;3.1
2020/06/06;1800 UTC;0.0;952.3;952.4;952.2;542.3;24.8;21.0;26.4;24.6;21.1;20.1;80.0;70.0;80.0;183.0;8.1;3.1
2020/06/06;1900 UTC;0.0;952.7;952.7;952.2;589.2;24.2;21.3;25.4;24.2;21.5;21.0;84.0;78.0;84.0;180.0;5.8;3.3
2020/06/06;2000 UTC;0.0;953.2;953.2;952.7;159.6;23.5;21.6;24.3;23.5;21.8;21.3;89.0;84.0;89.0;203.0;6.0;3.6
2020/06/06;2100 UTC;0.4;953.8;953.8;953.2;;22.8;21.7;23.5;22.5;21.8;21.2;94.0;89.0;93.0;172.0;6.8;1.6
2020/06/06;2200 UTC;0.0;954.1;954.2;953.7;;22.5;21.4;22.9;22.5;21.8;21.4;94.0;93.0;94.0;189.0;4.7;2.8
2020/06/06;2300 UTC;0.0;954.7;954.7;954.1;;22.1;21.3;22.5;22.1;21.5;21.2;95.0;94.0;95.0;203.0;6.4;2.9
2020/06/07;0000 UTC;0.2;955.3;955.3;954.7;;22.0;21.3;22.2;21.9;21.4;21.2;96.0;95.0;96.0;172.0;5.0;2.2
2020/06/07;0100 UTC;0.0;955.6;955.6;955.2;;21.8;21.0;21.9;21.5;21.1;20.8;96.0;95.0;95.0;173.0;6.7;1.9
2020/06/07;0200 UTC;0.0;955.6;955.6;955.5;;21.6;20.6;22.0;21.5;21.1;20.6;95.0;94.0;94.0;177.0;4.6;1.4
2020/06/07;0300 UTC;0.6;955.2;955.6;955.2;;21.4;20.6;21.8;21.4;20.8;20.6;95.0;94.0;95.0;174.0;3.7;1.4
2020/06/07;0400 UTC;0.2;954.6;955.2;954.6;;21.5;20.8;21.6;21.4;20.8;20.6;96.0;95.0;95.0;180.0;3.3;1.1
2020/06/07;0500 UTC;0.0;954.1;954.6;954.1;;21.6;20.7;21.6;21.5;20.9;20.6;96.0;94.0;95.0;177.0;4.4;2.3
2020/06/07;0600 UTC;0.0;953.9;954.1;953.9;;21.4;20.4;21.6;21.4;20.6;20.4;95.0;94.0;94.0;177.0;4.5;0.9
2020/06/07;0700 UTC;0.0;953.9;954.0;953.7;;21.3;20.3;21.4;21.3;20.5;20.3;94.0;94.0;94.0;177.0;2.8;1.3
2020/06/07;0800 UTC;0.0;954.2;954.2;953.9;;21.1;19.9;21.3;21.1;20.3;19.9;94.0;93.0;93.0;181.0;3.5;1.6
2020/06/07;0900 UTC;0.0;954.3;954.3;954.1;21.9;21.0;19.6;21.1;20.9;19.9;19.6;93.0;92.0;92.0;179.0;4.5;1.0
2020/06/07;1000 UTC;0.0;955.0;955.0;954.3;166.6;21.3;19.6;21.3;21.0;19.8;19.4;92.0;90.0;90.0;178.0;3.1;1.1
2020/06/07;1100 UTC;0.0;955.9;955.9;955.0;432.6;22.0;19.7;22.0;21.2;19.8;19.5;90.0;87.0;87.0;176.0;3.2;1.3
2020/06/07;1200 UTC;0.0;956.1;956.3;955.9;1535.1;23.6;19.8;24.1;22.0;20.8;19.5;87.0;79.0;80.0;178.0;6.4;2.5
2020/06/07;1300 UTC;0.0;955.9;956.1;955.8;1543.4;24.5;20.1;24.7;23.2;20.7;19.4;81.0;76.0;76.0;175.0;6.9;2.7
2020/06/07;1400 UTC;0.0;955.4;955.9;955.4;2727.5;25.7;20.0;26.3;24.5;20.8;19.1;77.0;68.0;71.0;174.0;8.5;3.2
2020/06/07;1500 UTC;0.0;954.7;955.5;954.7;2495.4;26.0;19.1;26.5;25.5;20.3;18.8;71.0;65.0;66.0;175.0;7.8;3.1
2020/06/07;1600 UTC;0.0;954.1;954.7;954.1;1433.3;26.0;19.5;26.6;25.4;19.8;18.7;69.0;64.0;67.0;178.0;6.6;3.4
2020/06/07;1700 UTC;0.0;953.7;954.1;953.6;981.6;25.3;19.5;26.4;25.1;20.0;19.0;71.0;67.0;71.0;179.0;7.7;3.8
2020/06/07;1800 UTC;0.0;953.7;953.7;953.6;1037.2;25.2;18.8;25.5;24.7;20.2;18.8;75.0;68.0;68.0;187.0;7.6;3.3
2020/06/07;1900 UTC;0.0;953.6;953.7;953.5;592.1;24.8;19.3;25.6;24.7;19.5;18.6;72.0;66.0;72.0;181.0;6.6;3.3
2020/06/07;2000 UTC;0.0;953.7;953.7;953.4;130.3;22.4;20.2;24.8;22.3;20.3;19.2;87.0;72.0;87.0;184.0;8.3;3.4
2020/06/07;2100 UTC;0.0;954.1;954.1;953.7;;22.9;19.5;23.0;22.0;20.3;19.5;88.0;81.0;81.0;197.0;6.1;3.0
2020/06/07;2200 UTC;0.0;954.4;954.4;954.1;;22.3;19.8;22.9;22.2;19.8;19.2;86.0;81.0;85.0;187.0;5.9;3.4
2020/06/07;2300 UTC;0.0;954.6;954.6;954.4;;22.4;19.7;22.5;22.3;19.9;19.7;85.0;85.0;85.0;203.0;5.5;3.3
2020/06/08;0000 UTC;0.0;955.1;955.1;954.6;;22.0;20.1;22.4;22.0;20.1;19.7;89.0;85.0;89.0;203.0;5.6;3.2
2020/06/08;0100 UTC;0.0;955.1;955.2;955.1;;22.0;20.2;22.0;22.0;20.3;20.1;90.0;89.0;90.0;177.0;5.3;1.8
2020/06/08;0200 UTC;0.0;955.2;955.3;955.1;;21.8;20.3;22.0;21.7;20.3;20.2;91.0;90.0;91.0;185.0;3.4;1.6
2020/06/08;0300 UTC;0.0;955.0;955.2;955.0;;21.8;20.3;21.9;21.7;20.4;20.2;92.0;91.0;91.0;179.0;2.9;1.2
2020/06/08;0400 UTC;0.0;954.2;955.0;954.2;;21.7;20.3;21.8;21.7;20.3;20.3;92.0;91.0;92.0;179.0;3.2;1.4
2020/06/08;0500 UTC;0.0;954.0;954.2;954.0;;21.7;20.2;21.8;21.6;20.4;20.2;92.0;91.0;91.0;176.0;3.3;1.6
2020/06/08;0600 UTC;0.0;953.6;954.0;953.6;;21.6;19.9;21.7;21.5;20.2;19.9;91.0;90.0;90.0;177.0;3.8;1.5
2020/06/08;0700 UTC;0.0;953.5;953.6;953.5;;21.4;19.9;21.6;21.3;19.9;19.8;91.0;90.0;91.0;177.0;3.6;1.9
2020/06/08;0800 UTC;0.0;953.6;953.6;953.5;;21.0;19.8;21.4;21.0;19.9;19.7;93.0;91.0;93.0;180.0;3.9;2.2
2020/06/08;0900 UTC;0.0;953.7;953.7;953.6;35.1;20.8;19.9;21.1;20.7;20.0;19.7;95.0;93.0;95.0;180.0;5.3;2.1
2020/06/08;1000 UTC;0.0;954.1;954.1;953.7;307.9;22.0;20.6;22.0;20.7;20.7;19.9;95.0;92.0;92.0;178.0;4.3;1.8
2020/06/08;1100 UTC;0.0;954.1;954.2;954.0;977.6;23.5;20.3;23.7;21.8;20.8;20.0;92.0;82.0;82.0;180.0;6.4;1.8
2020/06/08;1200 UTC;0.0;954.2;954.3;954.1;2338.6;25.1;19.3;25.5;23.5;20.8;19.3;82.0;70.0;70.0;178.0;5.9;2.7
2020/06/08;1300 UTC;0.0;954.2;954.3;954.2;2720.5;26.3;19.4;26.5;24.9;20.2;18.6;72.0;66.0;66.0;176.0;9.1;2.8
2020/06/08;1400 UTC;0.0;953.6;954.2;953.6;2852.8;27.0;19.5;27.1;25.9;19.9;18.6;67.0;61.0;64.0;172.0;7.5;3.8
2020/06/08;1500 UTC;0.0;952.8;953.7;952.8;2888.1;27.7;19.6;27.7;26.3;20.2;18.5;65.0;59.0;61.0;180.0;8.2;2.9
2020/06/08;1600 UTC;0.0;952.1;952.8;952.1;2867.7;27.7;19.3;27.9;26.7;20.0;18.2;65.0;57.0;61.0;190.0;7.8;3.8
2020/06/08;1700 UTC;0.0;951.6;952.1;951.6;2133.1;27.7;20.4;28.3;26.9;20.4;18.4;65.0;58.0;65.0;179.0;7.0;3.0
2020/06/08;1800 UTC;0.0;951.5;951.7;951.5;1417.5;27.3;18.6;28.1;27.1;19.9;18.5;64.0;59.0;59.0;174.0;6.6;3.2
2020/06/08;1900 UTC;0.0;951.4;951.5;951.4;1122.2;26.9;18.2;27.7;26.9;18.9;17.8;60.0;56.0;59.0;182.0;6.8;3.2
2020/06/08;2000 UTC;0.0;951.7;951.7;951.4;235.8;25.9;18.6;27.0;25.9;18.9;18.2;65.0;59.0;64.0;175.0;6.6;3.2
2020/06/08;2100 UTC;0.0;952.4;952.4;951.7;;24.3;20.4;25.9;24.2;20.4;18.6;79.0;64.0;79.0;189.0;6.0;3.1
2020/06/08;2200 UTC;0.0;952.8;952.9;952.4;;23.6;20.5;24.3;23.6;20.6;20.4;83.0;79.0;83.0;191.0;6.5;3.7
2020/06/08;2300 UTC;0.0;953.5;953.5;952.8;;23.1;21.0;23.6;23.1;21.0;20.5;88.0;83.0;88.0;181.0;5.6;2.2
2020/06/09;0000 UTC;0.0;953.9;953.9;953.5;;22.8;20.6;23.1;22.7;21.0;20.6;88.0;87.0;88.0;182.0;4.8;2.5
2020/06/09;0100 UTC;0.0;954.0;954.1;953.8;;22.4;20.5;22.7;22.4;20.6;20.5;89.0;88.0;89.0;178.0;4.5;1.8
2020/06/09;0200 UTC;0.0;954.0;954.0;953.9;;22.0;19.9;22.4;21.9;20.5;19.8;89.0;88.0;88.0;177.0;3.8;1.6
2020/06/09;0300 UTC;0.0;953.8;954.0;953.8;;21.6;19.3;22.0;21.6;19.9;19.3;88.0;86.0;87.0;178.0;3.9;1.6
2020/06/09;0400 UTC;0.0;953.2;953.8;953.2;;21.3;19.3;21.6;21.3;19.4;19.2;88.0;87.0;88.0;174.0;4.3;1.1
2020/06/09;0500 UTC;0.0;952.8;953.3;952.7;;21.0;19.3;21.3;21.0;19.5;19.2;90.0;88.0;90.0;169.0;3.2;1.2
2020/06/09;0600 UTC;0.0;952.6;952.8;952.5;;21.1;19.6;21.1;20.8;19.6;19.2;91.0;90.0;91.0;175.0;2.9;0.8
2020/06/09;0700 UTC;0.0;952.5;952.6;952.4;;20.6;19.3;21.1;20.6;19.5;19.2;92.0;91.0;92.0;176.0;3.3;0.8
2020/06/09;0800 UTC;0.0;953.0;953.0;952.5;;20.6;19.4;20.7;20.5;19.4;19.2;93.0;92.0;93.0;174.0;2.9;1.0
2020/06/09;0900 UTC;0.0;953.2;953.2;953.0;27.5;21.3;19.9;21.3;20.6;19.9;19.5;93.0;92.0;92.0;180.0;2.7;1.0
2020/06/09;1000 UTC;0.0;953.7;953.7;953.2;227.8;21.2;20.2;21.3;20.8;20.2;19.6;94.0;92.0;94.0;175.0;4.6;1.0
2020/06/09;1100 UTC;0.0;954.1;954.1;953.7;700.5;22.4;21.0;22.4;21.1;21.1;20.0;94.0;92.0;92.0;177.0;6.4;2.9
2020/06/09;1200 UTC;0.0;954.3;954.3;954.1;1250.5;24.0;20.4;24.1;22.3;21.5;20.0;92.0;80.0;80.0;179.0;6.4;2.6
2020/06/09;1300 UTC;0.0;954.2;954.4;954.2;1871.5;25.2;20.2;25.5;23.9;20.5;19.5;80.0;72.0;74.0;178.0;7.4;2.8
2020/06/09;1400 UTC;0.0;953.4;954.3;953.4;2729.5;26.3;20.0;27.2;25.0;20.8;19.3;74.0;64.0;68.0;180.0;6.4;3.1
2020/06/09;1500 UTC;0.0;953.0;953.4;953.0;1555.3;26.3;21.2;26.8;25.0;22.0;19.6;77.0;67.0;74.0;181.0;5.7;2.5
2020/06/09;1600 UTC;0.0;952.0;953.0;952.0;2261.5;26.8;20.4;27.2;25.9;21.5;20.4;74.0;68.0;68.0;174.0;5.4;2.9
2020/06/09;1700 UTC;0.0;951.9;952.1;951.8;1748.4;24.5;20.6;27.7;24.4;21.2;19.8;79.0;64.0;79.0;187.0;9.9;4.7
2020/06/09;1800 UTC;0.2;952.0;952.0;951.9;826.4;23.7;21.1;24.9;23.0;21.1;20.0;86.0;77.0;85.0;174.0;8.5;3.5
2020/06/09;1900 UTC;0.2;951.9;952.0;951.8;296.6;23.1;20.5;23.7;22.6;21.3;20.3;88.0;85.0;85.0;164.0;6.7;2.4
2020/06/09;2000 UTC;0.0;952.2;952.2;951.8;152.7;23.1;20.3;23.4;23.1;20.5;20.3;85.0;83.0;85.0;182.0;5.6;3.0
2020/06/09;2100 UTC;0.0;952.7;952.7;952.2;;22.0;20.4;23.1;22.0;20.6;20.3;91.0;85.0;91.0;188.0;6.6;2.9
2020/06/09;2200 UTC;0.0;953.0;953.0;952.6;;22.0;20.8;22.1;21.8;20.9;20.3;93.0;91.0;93.0;185.0;4.9;2.4
2020/06/09;2300 UTC;0.0;953.8;953.8;953.0;;21.9;21.1;22.0;21.8;21.1;20.8;95.0;93.0;95.0;197.0;5.1;2.2
2020/06/10;0000 UTC;0.0;953.8;953.9;953.8;;22.1;21.4;22.2;21.8;21.4;21.1;96.0;95.0;95.0;189.0;4.9;2.6
2020/06/10;0100 UTC;0.0;954.0;954.1;953.7;;22.1;21.4;22.2;22.1;21.4;21.3;96.0;95.0;95.0;172.0;4.1;1.9
2020/06/10;0200 UTC;0.2;953.8;954.0;953.7;;21.9;21.2;22.1;21.8;21.4;21.1;96.0;95.0;96.0;186.0;6.7;3.4
2020/06/10;0300 UTC;0.0;953.6;953.8;953.6;;21.6;21.0;21.9;21.6;21.2;20.9;96.0;96.0;96.0;188.0;5.6;2.3
2020/06/10;0400 UTC;0.0;953.2;953.6;953.1;;21.7;21.0;21.7;21.5;21.0;20.8;96.0;96.0;96.0;194.0;4.4;2.1
2020/06/10;0500 UTC;0.0;952.7;953.2;952.7;;21.5;20.8;21.7;21.5;21.0;20.8;96.0;96.0;96.0;184.0;4.0;1.3
2020/06/10;0600 UTC;0.0;952.4;952.7;952.4;;21.4;20.8;21.5;21.3;20.9;20.7;96.0;96.0;96.0;179.0;2.7;1.4
2020/06/10;0700 UTC;1.2;952.6;952.7;952.4;;21.2;20.7;21.5;21.1;20.9;20.6;97.0;96.0;97.0;177.0;2.7;0.8
2020/06/10;0800 UTC;0.0;952.7;952.7;952.6;;21.0;20.5;21.3;21.0;20.8;20.5;97.0;97.0;97.0;174.0;2.1;0.5
2020/06/10;0900 UTC;0.0;953.1;953.1;952.7;37.2;21.2;20.8;21.2;20.9;20.8;20.4;98.0;97.0;98.0;170.0;2.1;0.9
2020/06/10;1000 UTC;0.0;953.6;953.6;953.1;353.9;22.0;21.6;22.1;21.2;21.6;20.8;98.0;97.0;97.0;169.0;3.5;1.7
2020/06/10;1100 UTC;0.0;954.0;954.0;953.6;1047.7;23.4;21.8;23.6;22.0;22.3;21.5;97.0;91.0;91.0;175.0;5.8;2.6
2020/06/10;1200 UTC;0.0;954.3;954.4;953.9;1776.5;25.0;21.7;25.2;23.1;22.4;21.4;91.0;82.0;82.0;178.0;7.4;3.2
2020/06/10;1300 UTC;0.0;954.1;954.4;954.1;1901.2;25.5;21.1;26.5;24.5;22.2;20.4;83.0;75.0;77.0;177.0;7.0;3.2
2020/06/10;1400 UTC;0.0;953.7;954.1;953.7;2521.5;26.3;20.7;26.8;24.8;21.7;20.2;78.0;71.0;71.0;167.0;8.3;3.6
2020/06/10;1500 UTC;0.0;953.1;953.7;953.1;2987.7;27.2;20.9;27.5;25.9;21.8;20.2;74.0;68.0;68.0;193.0;8.4;3.3
2020/06/10;1600 UTC;0.0;952.7;953.2;952.6;2440.8;26.3;21.5;27.9;24.7;22.5;20.3;83.0;66.0;75.0;183.0;9.4;5.4
2020/06/10;1700 UTC;4.6;952.9;953.0;952.7;1159.0;22.0;21.0;26.3;21.9;21.7;20.1;94.0;74.0;94.0;177.0;10.3;3.8
2020/06/10;1800 UTC;0.4;952.9;953.0;952.8;588.7;23.8;22.6;23.8;21.8;22.6;20.8;95.0;93.0;93.0;178.0;8.9;1.4
2020/06/10;1900 UTC;7.4;953.2;953.2;952.8;520.3;21.5;21.0;24.0;21.5;22.7;20.7;97.0;90.0;97.0;191.0;10.6;5.6
2020/06/10;2000 UTC;0.2;953.6;953.6;953.2;72.7;21.8;21.3;21.9;21.5;21.4;21.0;98.0;97.0;97.0;179.0;10.2;3.5
2020/06/10;2100 UTC;9.4;954.0;954.1;953.6;1.2;21.0;20.6;21.9;21.0;21.4;20.6;98.0;97.0;98.0;194.0;8.0;3.6
2020/06/10;2200 UTC;3.2;953.9;954.0;953.9;;20.7;20.4;21.0;20.5;20.7;20.2;99.0;97.0;98.0;177.0;8.2;1.8
2020/06/10;2300 UTC;0.0;954.5;954.5;953.9;2.7;21.3;20.8;21.3;20.7;20.9;20.4;98.0;97.0;97.0;195.0;3.5;2.1
2020/06/11;0000 UTC;1.2;955.0;955.0;954.5;;21.0;20.5;21.5;20.9;20.9;20.3;97.0;96.0;97.0;144.0;3.8;1.3
2020/06/11;0100 UTC;0.0;955.1;955.2;954.9;;21.5;20.8;21.5;21.0;20.9;20.5;97.0;96.0;96.0;171.0;3.0;1.2
2020/06/11;0200 UTC;0.0;954.7;955.1;954.7;;21.2;20.6;21.5;21.2;20.9;20.6;96.0;96.0;96.0;166.0;2.8;0.8
2020/06/11;0300 UTC;0.0;954.4;954.7;954.3;;21.2;20.7;21.2;21.1;20.7;20.6;97.0;96.0;97.0;171.0;2.3;1.3
2020/06/11;0400 UTC;0.0;954.0;954.4;954.0;;21.4;20.9;21.4;21.2;21.0;20.7;97.0;97.0;97.0;176.0;3.9;1.8
2020/06/11;0500 UTC;0.0;953.7;954.0;953.7;;21.3;20.9;21.4;21.2;21.0;20.8;98.0;97.0;98.0;179.0;3.9;2.0
2020/06/11;0600 UTC;0.8;953.6;953.7;953.6;;21.1;20.8;21.3;21.0;21.0;20.7;98.0;98.0;98.0;175.0;4.0;1.7
2020/06/11;0700 UTC;0.0;953.3;953.7;953.3;;21.2;20.9;21.3;21.1;20.9;20.7;98.0;98.0;98.0;179.0;3.8;1.8
2020/06/11;0800 UTC;0.0;954.1;954.1;953.3;;21.4;21.0;21.4;21.2;21.1;20.9;98.0;98.0;98.0;175.0;4.3;1.2
2020/06/11;0900 UTC;0.0;954.4;954.4;954.1;18.2;21.4;21.0;21.5;21.3;21.1;20.9;98.0;98.0;98.0;173.0;3.7;1.5
2020/06/11;1000 UTC;0.0;954.8;954.8;954.4;386.2;22.0;21.5;22.0;21.4;21.6;21.0;98.0;97.0;97.0;176.0;4.6;2.4
2020/06/11;1100 UTC;0.0;955.7;955.7;954.8;619.6;22.3;21.4;22.3;22.0;21.6;21.4;97.0;95.0;95.0;174.0;6.0;3.3
2020/06/11;1200 UTC;0.0;956.0;956.0;955.7;793.7;22.7;21.6;22.7;22.0;21.6;21.0;95.0;93.0;94.0;179.0;7.1;2.9
2020/06/11;1300 UTC;0.0;955.9;956.0;955.9;1151.6;23.5;20.6;23.8;22.6;21.9;20.5;94.0;83.0;84.0;184.0;7.3;4.0
2020/06/11;1400 UTC;0.0;955.1;955.9;955.1;2449.4;25.3;19.6;25.5;23.5;21.5;19.3;84.0;70.0;71.0;195.0;10.5;6.4
2020/06/11;1500 UTC;0.0;954.1;955.1;954.1;2727.6;25.0;19.1;25.9;25.0;20.3;19.1;73.0;69.0;70.0;179.0;10.5;4.4
2020/06/11;1600 UTC;0.0;953.2;954.1;953.1;2024.2;26.1;18.4;26.4;25.0;20.0;18.3;72.0;62.0;62.0;182.0;8.5;4.3
2020/06/11;1700 UTC;0.0;952.4;953.2;952.4;1957.1;25.7;18.2;26.7;25.5;19.1;17.7;65.0;60.0;63.0;179.0;8.6;3.9
2020/06/11;1800 UTC;0.0;952.4;952.4;952.3;1227.3;25.9;19.4;26.1;25.5;19.6;18.2;68.0;63.0;68.0;176.0;7.6;3.1
2020/06/11;1900 UTC;0.0;952.4;952.5;952.4;639.4;25.1;19.1;26.1;25.1;19.7;19.0;70.0;67.0;69.0;174.0;6.4;3.2
2020/06/11;2000 UTC;0.0;952.6;952.6;952.4;152.9;24.4;20.1;25.2;24.4;20.1;19.1;77.0;69.0;77.0;188.0;6.2;3.5
2020/06/11;2100 UTC;3.0;953.2;953.2;952.6;;21.9;20.6;24.4;21.7;20.7;19.8;92.0;77.0;92.0;169.0;6.2;2.4
2020/06/11;2200 UTC;0.0;953.6;953.6;953.2;;22.0;20.8;22.2;21.9;21.1;20.7;93.0;92.0;93.0;178.0;5.2;3.0
2020/06/11;2300 UTC;0.0;954.1;954.1;953.6;;21.7;20.8;22.0;21.7;20.9;20.7;94.0;93.0;94.0;171.0;4.7;2.1
2020/06/12;0000 UTC;0.0;954.2;954.3;954.1;;21.5;20.7;21.7;21.5;20.8;20.6;95.0;94.0;95.0;178.0;4.0;1.6
2020/06/12;0100 UTC;0.0;954.2;954.2;954.1;;21.5;20.8;21.7;21.5;20.9;20.7;96.0;95.0;96.0;177.0;4.6;2.0
2020/06/12;0200 UTC;0.0;953.9;954.2;953.9;;21.1;20.5;21.5;21.1;20.8;20.5;96.0;96.0;96.0;170.0;4.1;1.5
2020/06/12;0300 UTC;0.0;953.5;953.9;953.5;;21.2;20.7;21.3;21.0;20.7;20.4;97.0;96.0;96.0;178.0;4.9;2.6
2020/06/12;0400 UTC;0.0;953.0;953.5;953.0;;21.0;20.4;21.3;21.0;20.7;20.4;97.0;96.0;97.0;171.0;4.7;1.7
2020/06/12;0500 UTC;0.0;952.6;953.0;952.6;;20.8;20.3;21.0;20.7;20.5;20.3;97.0;97.0;97.0;175.0;3.3;1.2
2020/06/12;0600 UTC;0.0;952.4;952.6;952.3;;20.7;20.3;20.9;20.7;20.5;20.2;98.0;97.0;98.0;177.0;3.6;0.7
2020/06/12;0700 UTC;0.0;952.5;952.5;952.4;;20.8;20.4;20.8;20.6;20.4;20.2;98.0;97.0;98.0;174.0;3.2;1.5
2020/06/12;0800 UTC;0.0;952.7;952.7;952.4;;20.7;20.3;20.8;20.6;20.4;20.2;98.0;98.0;98.0;176.0;3.0;1.0
2020/06/12;0900 UTC;0.0;953.1;953.1;952.7;23.9;20.8;20.4;20.8;20.7;20.4;20.3;98.0;97.0;98.0;170.0;3.0;1.5
2020/06/12;1000 UTC;0.0;953.5;953.5;953.1;390.2;21.8;21.2;21.8;20.8;21.3;20.4;98.0;97.0;97.0;177.0;4.2;1.8
2020/06/12;1100 UTC;0.0;954.0;954.0;953.5;1404.6;22.9;21.0;23.3;21.8;21.9;20.9;97.0;89.0;89.0;169.0;8.9;4.4
2020/06/12;1200 UTC;0.0;954.2;954.2;954.0;2281.5;24.2;19.6;25.0;22.8;21.3;19.5;89.0;75.0;76.0;178.0;9.4;4.3
2020/06/12;1300 UTC;0.0;954.0;954.2;953.9;2719.2;25.2;19.4;25.8;24.2;20.7;19.3;76.0;70.0;70.0;177.0;9.8;4.1
2020/06/12;1400 UTC;0.0;953.2;954.0;953.2;2902.7;26.1;18.4;26.9;25.2;20.0;18.2;71.0;62.0;63.0;177.0;10.1;3.7
2020/06/12;1500 UTC;0.0;952.2;953.2;952.2;3126.4;27.0;19.8;27.7;26.0;20.0;18.5;65.0;60.0;65.0;175.0;8.9;4.4
2020/06/12;1600 UTC;0.0;951.6;952.2;951.6;2558.4;27.0;19.5;27.8;26.3;20.6;19.1;68.0;62.0;63.0;182.0;9.4;4.5
2020/06/12;1700 UTC;0.0;951.1;951.7;951.1;1351.1;26.2;20.1;27.3;24.7;20.1;19.0;74.0;63.0;69.0;186.0;9.1;3.2
2020/06/12;1800 UTC;0.0;950.8;951.1;950.8;1773.4;26.2;18.6;27.2;26.2;20.3;18.4;69.0;62.0;63.0;177.0;8.0;3.3
2020/06/12;1900 UTC;0.0;951.1;951.1;950.8;983.9;26.0;18.3;26.8;25.7;19.3;18.2;64.0;62.0;63.0;180.0;8.9;3.6
2020/06/12;2000 UTC;0.0;951.5;951.5;951.1;201.9;25.0;18.0;26.0;25.0;18.6;17.9;65.0;63.0;65.0;187.0;7.1;2.7
2020/06/12;2100 UTC;0.0;952.0;952.0;951.5;;23.8;18.9;25.0;23.8;18.9;18.1;74.0;65.0;74.0;202.0;5.3;3.3
2020/06/12;2200 UTC;0.0;952.3;952.4;952.0;;22.9;19.0;23.8;22.9;19.1;18.9;78.0;74.0;78.0;185.0;5.5;3.0
2020/06/12;2300 UTC;0.0;952.7;952.7;952.3;;22.3;19.5;22.9;22.3;19.5;19.0;84.0;78.0;84.0;171.0;6.2;3.5
2020/06/13;0000 UTC;0.0;953.0;953.0;952.7;;21.7;19.7;22.3;21.7;19.7;19.5;88.0;84.0;88.0;189.0;6.2;3.2
2020/06/13;0100 UTC;0.0;953.0;953.1;952.9;;21.3;19.8;21.7;21.3;19.8;19.7;91.0;88.0;91.0;173.0;4.9;2.2
2020/06/13;0200 UTC;0.0;952.9;953.0;952.8;;21.0;19.7;21.3;21.0;19.8;19.7;93.0;91.0;93.0;175.0;3.8;1.8
2020/06/13;0300 UTC;0.0;952.5;952.9;952.5;;20.7;19.7;21.0;20.7;19.8;19.6;94.0;93.0;94.0;181.0;3.3;1.8
2020/06/13;0400 UTC;0.0;952.0;952.5;952.0;;20.5;19.7;20.8;20.5;19.8;19.6;95.0;94.0;95.0;179.0;3.4;1.1
2020/06/13;0500 UTC;0.0;951.7;952.0;951.7;;20.4;19.7;20.6;20.4;19.8;19.6;95.0;95.0;95.0;175.0;3.4;1.7
2020/06/13;0600 UTC;0.0;951.5;951.7;951.5;;19.9;19.2;20.4;19.8;19.7;19.2;96.0;95.0;96.0;179.0;3.8;1.1
2020/06/13;0700 UTC;0.0;952.0;952.0;951.5;;20.0;19.4;20.0;19.8;19.4;19.3;97.0;96.0;96.0;180.0;3.0;0.7
2020/06/13;0800 UTC;0.0;952.5;952.5;952.0;;19.9;19.3;20.0;19.8;19.4;19.2;97.0;96.0;97.0;184.0;1.9;0.4
2020/06/13;0900 UTC;0.0;952.8;952.8;952.5;33.9;20.1;19.5;20.2;19.9;19.6;19.3;97.0;96.0;96.0;178.0;2.4;0.5
2020/06/13;1000 UTC;0.0;953.5;953.6;952.8;626.8;21.4;20.4;21.6;20.1;20.7;19.5;97.0;93.0;94.0;176.0;3.3;1.9
2020/06/13;1100 UTC;0.0;954.1;954.2;953.5;988.9;22.5;20.5;22.5;21.4;21.1;20.0;94.0;89.0;89.0;177.0;5.7;2.2
2020/06/13;1200 UTC;0.0;954.3;954.3;954.1;1265.4;23.5;20.1;23.8;22.5;20.8;19.7;89.0;81.0;82.0;178.0;5.8;2.0
2020/06/13;1300 UTC;0.0;954.1;954.3;954.0;1787.0;24.7;19.9;25.1;23.3;20.5;19.6;82.0;73.0;75.0;178.0;7.4;3.3
2020/06/13;1400 UTC;0.0;953.7;954.1;953.7;1446.8;24.8;20.4;25.5;24.1;20.7;19.5;78.0;72.0;76.0;177.0;7.2;2.9
2020/06/13;1500 UTC;0.0;952.7;953.7;952.7;2970.3;26.8;19.9;27.1;24.7;21.0;19.7;77.0;65.0;66.0;185.0;6.3;3.8
2020/06/13;1600 UTC;0.0;952.0;952.7;952.0;2620.6;27.3;20.1;28.0;26.1;20.9;19.3;68.0;62.0;65.0;176.0;7.2;2.6
2020/06/13;1700 UTC;0.0;951.6;952.0;951.5;2336.6;27.0;19.0;28.5;26.9;20.5;18.3;65.0;58.0;61.0;187.0;5.8;3.3
2020/06/13;1800 UTC;0.0;951.7;951.7;951.5;1878.9;27.7;19.5;28.4;27.0;19.9;18.8;63.0;58.0;61.0;175.0;6.4;2.6
2020/06/13;1900 UTC;0.0;952.1;952.1;951.7;878.6;27.3;19.1;27.9;26.9;20.1;18.6;64.0;59.0;61.0;190.0;6.0;2.4
2020/06/13;2000 UTC;0.0;952.6;952.6;952.1;191.3;26.1;19.9;27.3;26.1;20.0;18.9;69.0;61.0;69.0;177.0;4.6;2.0
2020/06/13;2100 UTC;0.0;953.2;953.2;952.6;;25.0;19.9;26.1;24.8;20.0;19.8;74.0;69.0;73.0;68.0;4.4;1.6
2020/06/13;2200 UTC;0.0;953.9;953.9;953.2;;24.5;19.7;25.0;24.5;19.9;19.6;74.0;73.0;74.0;159.0;4.2;2.4
2020/06/13;2300 UTC;0.0;954.1;954.1;953.9;;23.4;20.0;24.5;23.4;20.0;19.6;82.0;74.0;82.0;81.0;5.6;2.8
2020/06/14;0000 UTC;0.0;954.3;954.4;954.1;;22.7;20.7;23.4;22.7;20.7;20.1;88.0;82.0;88.0;176.0;5.6;3.2
2020/06/14;0100 UTC;0.0;954.3;954.4;954.2;;22.5;21.3;22.7;22.4;21.3;20.7;93.0;88.0;93.0;182.0;5.9;2.5
2020/06/14;0200 UTC;0.0;954.0;954.3;954.0;;22.4;21.5;22.5;22.3;21.5;21.2;95.0;93.0;95.0;196.0;5.5;2.2
2020/06/14;0300 UTC;0.0;953.8;954.1;953.8;;22.4;21.6;22.4;22.3;21.6;21.4;95.0;95.0;95.0;186.0;4.5;2.2
2020/06/14;0400 UTC;0.0;953.3;953.8;953.3;;22.0;21.2;22.4;22.0;21.6;21.1;95.0;95.0;95.0;172.0;4.5;2.2
2020/06/14;0500 UTC;0.0;952.7;953.3;952.6;;22.0;21.0;22.1;21.9;21.2;21.0;95.0;94.0;94.0;179.0;4.4;1.5
2020/06/14;0600 UTC;0.2;952.5;952.7;952.4;;21.5;20.8;22.0;21.4;21.1;20.7;96.0;94.0;96.0;178.0;4.2;1.6
2020/06/14;0700 UTC;0.0;953.0;953.0;952.2;;20.6;19.9;21.5;20.6;20.8;19.9;96.0;95.0;96.0;174.0;6.6;2.0
2020/06/14;0800 UTC;2.2;953.2;953.2;953.0;;20.1;19.7;20.6;20.1;20.0;19.6;97.0;96.0;97.0;177.0;4.3;1.2
2020/06/14;0900 UTC;0.4;953.7;953.7;953.2;17.1;20.2;19.8;20.2;20.0;19.9;19.6;98.0;97.0;98.0;176.0;5.4;2.0
2020/06/14;1000 UTC;1.4;954.5;954.6;953.7;114.2;20.2;19.9;20.3;20.1;20.1;19.7;98.0;98.0;98.0;177.0;5.0;1.7
2020/06/14;1100 UTC;1.2;955.1;955.1;954.5;425.0;20.8;20.6;20.9;20.2;20.7;19.9;99.0;98.0;98.0;194.0;6.1;3.3
2020/06/14;1200 UTC;0.4;955.2;955.3;955.1;542.2;21.2;20.9;21.4;20.8;21.1;20.5;99.0;98.0;98.0;185.0;6.1;3.0
2020/06/14;1300 UTC;3.4;955.5;955.5;955.2;772.0;20.2;19.9;21.7;20.2;21.4;19.9;98.0;97.0;98.0;180.0;9.8;5.3
2020/06/14;1400 UTC;1.8;955.2;955.5;955.2;1038.1;20.9;20.6;20.9;20.1;20.6;19.8;99.0;98.0;98.0;179.0;9.9;2.8
2020/06/14;1500 UTC;0.2;954.6;955.2;954.6;1171.7;21.2;20.8;21.5;20.7;21.2;20.3;98.0;97.0;97.0;171.0;6.7;3.4
2020/06/14;1600 UTC;0.6;953.4;954.6;953.4;1175.2;21.4;20.6;21.9;21.1;21.3;20.6;98.0;95.0;95.0;175.0;6.3;2.3
2020/06/14;1700 UTC;0.0;953.0;953.4;952.9;820.1;22.1;20.9;22.2;21.3;21.2;20.7;96.0;92.0;93.0;178.0;4.5;1.3
2020/06/14;1800 UTC;0.0;953.0;953.1;952.9;743.2;22.9;20.7;23.1;22.0;21.0;20.6;93.0;87.0;87.0;174.0;3.5;0.6
2020/06/14;1900 UTC;0.0;953.1;953.1;952.9;498.5;22.7;20.4;22.9;22.3;20.6;20.0;87.0;86.0;87.0;168.0;3.2;0.2
2020/06/14;2000 UTC;0.0;953.6;953.6;953.1;139.6;22.1;20.0;22.7;22.1;20.4;19.9;88.0;86.0;88.0;170.0;2.5;0.2
2020/06/14;2100 UTC;0.0;954.0;954.0;953.6;;21.4;19.9;22.1;21.3;20.0;19.7;91.0;88.0;91.0;177.0;1.9;0.2
2020/06/14;2200 UTC;0.0;954.3;954.3;954.0;;21.1;19.9;21.4;21.1;20.0;19.8;93.0;91.0;93.0;181.0;2.3;0.3
2020/06/14;2300 UTC;0.0;954.7;954.7;954.2;;20.9;19.9;21.1;20.8;20.0;19.8;95.0;93.0;94.0;179.0;2.3;0.1
2020/06/15;0000 UTC;0.0;954.9;955.0;954.7;;21.1;20.1;21.2;20.8;20.3;19.9;95.0;94.0;94.0;175.0;3.0;1.4
2020/06/15;0100 UTC;0.0;954.9;955.0;954.8;;20.6;19.7;21.1;20.6;20.1;19.7;95.0;94.0;95.0;170.0;3.1;0.7
2020/06/15;0200 UTC;0.0;954.6;954.9;954.5;;20.5;19.7;20.6;20.4;19.8;19.6;95.0;95.0;95.0;183.0;2.5;1.2
2020/06/15;0300 UTC;0.0;954.2;954.6;954.2;;20.4;19.6;20.5;20.2;19.7;19.5;96.0;95.0;95.0;163.0;3.5;1.6
2020/06/15;0400 UTC;0.0;953.7;954.2;953.7;;19.9;19.3;20.4;19.8;19.7;19.1;96.0;95.0;96.0;33.0;3.1;0.6
2020/06/15;0500 UTC;0.0;953.1;953.7;953.1;;19.9;19.3;20.0;19.8;19.3;19.2;96.0;96.0;96.0;201.0;3.3;1.5
2020/06/15;0600 UTC;0.0;953.1;953.1;952.9;;20.0;19.3;20.0;19.9;19.3;19.2;96.0;96.0;96.0;178.0;3.0;1.3
2020/06/15;0700 UTC;0.4;953.4;953.4;953.1;;19.6;18.9;20.0;19.6;19.3;18.9;96.0;96.0;96.0;167.0;2.5;0.7
2020/06/15;0800 UTC;0.6;953.5;953.6;953.3;;19.6;19.1;19.6;19.5;19.1;18.9;97.0;96.0;97.0;176.0;3.3;1.0
2020/06/15;0900 UTC;0.0;954.0;954.0;953.4;35.5;19.8;19.4;19.8;19.5;19.4;19.1;98.0;97.0;98.0;153.0;3.3;0.4
2020/06/15;1000 UTC;0.0;954.4;954.4;954.0;270.1;20.7;20.3;20.7;19.7;20.3;19.3;98.0;97.0;98.0;159.0;2.3;0.9
2020/06/15;1100 UTC;0.0;954.9;954.9;954.4;768.7;21.9;21.3;22.1;20.6;21.6;20.1;98.0;96.0;96.0;176.0;2.4;1.1
2020/06/15;1200 UTC;0.0;955.0;955.0;954.9;1257.2;23.8;22.6;23.8;21.9;22.6;21.4;97.0;92.0;93.0;174.0;3.5;1.4
2020/06/15;1300 UTC;0.0;954.8;955.0;954.7;2027.9;25.0;20.8;26.0;23.8;23.2;20.6;93.0;76.0;78.0;180.0;3.3;1.4
2020/06/15;1400 UTC;0.0;953.8;954.8;953.8;2575.1;26.3;19.7;26.6;24.9;21.2;19.7;79.0;67.0;67.0;169.0;4.1;1.9
2020/06/15;1500 UTC;0.0;953.6;953.9;953.6;3058.4;27.7;20.9;27.7;26.1;21.0;19.5;70.0;65.0;66.0;179.0;6.4;3.3
2020/06/15;1600 UTC;0.0;952.9;953.6;952.9;2451.0;27.3;20.1;27.7;26.5;20.6;19.6;68.0;64.0;65.0;182.0;6.1;3.5
2020/06/15;1700 UTC;0.0;952.4;952.9;952.3;2358.2;27.7;20.3;28.3;27.0;20.9;19.6;66.0;61.0;64.0;187.0;6.9;3.8
2020/06/15;1800 UTC;0.0;952.2;952.4;952.1;1983.0;27.6;20.9;28.1;27.3;21.3;19.8;67.0;63.0;67.0;178.0;6.9;2.3
2020/06/15;1900 UTC;0.0;952.7;952.7;952.2;856.7;27.0;20.3;27.6;26.8;21.3;20.1;70.0;66.0;67.0;177.0;5.6;2.6
2020/06/15;2000 UTC;1.2;953.4;953.5;952.7;254.4;23.9;20.7;27.2;23.9;21.0;20.3;83.0;67.0;83.0;179.0;7.0;2.1
2020/06/15;2100 UTC;5.0;954.2;954.2;953.4;;22.9;21.6;23.9;22.4;22.0;20.7;93.0;83.0;93.0;176.0;8.5;3.2
2020/06/15;2200 UTC;0.0;954.7;954.7;954.2;;22.5;21.4;22.9;22.4;21.6;21.2;94.0;92.0;94.0;178.0;7.0;2.2
2020/06/15;2300 UTC;0.0;955.1;955.1;954.6;;21.8;20.9;22.5;21.8;21.4;20.8;95.0;93.0;94.0;177.0;6.7;3.7
2020/06/16;0000 UTC;1.2;955.4;955.5;955.1;;20.7;20.2;21.8;20.7;20.8;20.0;97.0;94.0;97.0;177.0;6.8;2.6
2020/06/16;0100 UTC;0.0;955.4;955.5;955.4;;21.0;20.5;21.0;20.6;20.5;20.2;97.0;97.0;97.0;177.0;5.3;1.4
2020/06/16;0200 UTC;0.2;955.3;955.5;955.3;;20.7;20.1;21.2;20.7;20.6;20.1;97.0;96.0;96.0;179.0;4.2;1.5
2020/06/16;0300 UTC;0.2;954.8;955.3;954.8;;20.8;20.2;20.8;20.5;20.2;20.0;97.0;96.0;97.0;176.0;3.6;1.9
2020/06/16;0400 UTC;0.0;954.6;954.8;954.6;;20.8;20.2;20.9;20.7;20.4;20.1;97.0;96.0;96.0;179.0;4.0;1.9
2020/06/16;0500 UTC;0.0;954.6;954.6;954.4;;20.8;20.2;20.8;20.7;20.3;20.1;97.0;96.0;97.0;177.0;4.1;1.6
2020/06/16;0600 UTC;0.2;954.6;954.7;954.6;;20.7;20.2;20.9;20.6;20.3;20.0;97.0;97.0;97.0;176.0;4.0;1.9
2020/06/16;0700 UTC;0.0;954.5;954.6;954.4;;20.7;20.2;20.8;20.6;20.3;20.1;97.0;97.0;97.0;176.0;4.0;2.0
2020/06/16;0800 UTC;0.0;955.2;955.2;954.5;;20.6;20.2;20.8;20.6;20.3;20.2;97.0;97.0;97.0;176.0;4.2;0.9
2020/06/16;0900 UTC;0.0;955.3;955.4;955.2;26.4;20.6;20.2;20.7;20.5;20.2;20.1;97.0;97.0;97.0;173.0;3.9;0.6
2020/06/16;1000 UTC;0.0;956.0;956.0;955.3;175.9;20.9;20.5;20.9;20.5;20.5;20.1;98.0;97.0;97.0;178.0;2.4;1.2
2020/06/16;1100 UTC;0.0;956.6;956.6;956.0;410.0;21.2;20.7;21.4;20.9;20.9;20.4;97.0;96.0;97.0;177.0;5.4;2.4
2020/06/16;1200 UTC;0.2;956.4;956.7;956.4;548.2;21.3;20.8;21.3;20.9;20.9;20.4;98.0;97.0;97.0;181.0;5.9;3.2
2020/06/16;1300 UTC;1.8;956.3;956.4;956.2;938.8;21.3;20.9;22.2;21.1;21.8;20.7;98.0;97.0;98.0;182.0;7.6;3.9
2020/06/16;1400 UTC;0.6;955.7;956.3;955.7;1334.8;22.7;22.0;22.7;21.2;22.1;20.8;98.0;96.0;96.0;177.0;9.6;3.4
2020/06/16;1500 UTC;0.4;955.0;955.7;955.0;1574.6;22.2;20.8;23.2;20.6;22.3;19.3;96.0;89.0;92.0;178.0;10.8;3.2
2020/06/16;1600 UTC;0.0;953.9;955.1;953.9;1396.0;23.2;21.1;23.2;22.2;21.1;20.5;92.0;88.0;88.0;184.0;7.7;3.4
2020/06/16;1700 UTC;0.0;953.1;953.9;953.1;1393.1;23.8;21.1;24.2;23.2;21.6;20.7;88.0;84.0;85.0;175.0;6.9;2.8
2020/06/16;1800 UTC;0.0;953.0;953.1;952.9;815.6;23.3;20.2;24.1;23.2;21.2;20.1;85.0;80.0;83.0;176.0;8.8;3.7
2020/06/16;1900 UTC;0.0;953.1;953.1;952.9;574.5;23.4;19.5;23.4;23.0;20.2;19.3;83.0;79.0;79.0;179.0;9.2;3.2
2020/06/16;2000 UTC;0.0;953.4;953.4;953.1;260.3;22.7;19.7;23.5;22.7;19.7;19.3;83.0;78.0;83.0;178.0;7.4;2.1
2020/06/16;2100 UTC;0.0;953.7;953.7;953.4;1.1;22.3;19.8;22.8;22.3;19.9;19.7;86.0;83.0;86.0;180.0;4.4;1.5
2020/06/16;2200 UTC;0.0;954.3;954.3;953.7;;21.9;18.6;22.3;21.9;19.8;18.6;86.0;81.0;81.0;174.0;4.6;1.8
2020/06/16;2300 UTC;0.0;954.8;954.8;954.3;;21.4;17.8;22.0;21.4;18.6;17.8;81.0;79.0;80.0;170.0;4.8;2.0
2020/06/17;0000 UTC;0.0;955.0;955.0;954.8;;20.8;18.0;21.4;20.8;18.0;17.8;84.0;80.0;84.0;174.0;3.8;1.7
2020/06/17;0100 UTC;0.0;954.9;955.1;954.9;;20.7;18.6;20.8;20.6;18.6;18.0;88.0;84.0;88.0;175.0;4.4;1.8
2020/06/17;0200 UTC;0.0;954.4;954.9;954.4;;20.5;19.0;20.7;20.3;19.0;18.5;91.0;88.0;91.0;178.0;3.9;1.4
2020/06/17;0300 UTC;0.0;954.0;954.5;954.0;;20.6;19.3;20.6;20.5;19.3;19.0;92.0;91.0;92.0;180.0;3.5;1.6
2020/06/17;0400 UTC;0.0;953.6;954.0;953.6;;20.6;19.4;20.7;20.6;19.4;19.3;93.0;92.0;92.0;179.0;5.0;2.3
2020/06/17;0500 UTC;0.0;953.2;953.6;953.2;;20.1;19.4;20.6;20.1;19.4;19.1;95.0;92.0;95.0;179.0;5.0;1.6
2020/06/17;0600 UTC;0.4;952.9;953.2;952.9;;20.1;19.6;20.2;20.0;19.6;19.3;97.0;95.0;97.0;178.0;4.9;1.6
2020/06/17;0700 UTC;0.4;953.0;953.0;952.9;;20.1;19.8;20.1;20.0;19.8;19.5;98.0;97.0;98.0;177.0;4.4;1.7
2020/06/17;0800 UTC;0.4;953.3;953.3;953.0;;20.4;20.1;20.4;20.1;20.1;19.7;98.0;98.0;98.0;173.0;7.6;3.3
2020/06/17;0900 UTC;0.0;953.7;953.7;953.3;11.2;20.4;20.1;20.5;20.3;20.2;20.1;98.0;98.0;98.0;175.0;7.4;2.0
2020/06/17;1000 UTC;0.8;954.4;954.4;953.7;147.2;20.6;20.4;20.6;20.4;20.4;20.1;99.0;98.0;99.0;175.0;5.9;3.3
2020/06/17;1100 UTC;1.8;955.0;955.0;954.4;505.8;21.3;21.1;21.3;20.5;21.1;20.3;99.0;98.0;98.0;176.0;8.5;4.4
2020/06/17;1200 UTC;0.0;955.1;955.2;955.0;1022.7;22.3;21.8;22.3;21.3;21.9;21.1;98.0;97.0;97.0;184.0;9.3;5.0
2020/06/17;1300 UTC;0.0;954.7;955.2;954.7;1647.1;24.1;21.4;24.1;22.2;22.3;21.3;97.0;85.0;85.0;176.0;9.2;4.3
2020/06/17;1400 UTC;0.0;954.2;954.7;954.2;2562.0;25.6;20.2;25.6;24.1;21.6;19.6;85.0;71.0;72.0;175.0;9.8;4.3
2020/06/17;1500 UTC;0.0;953.6;954.2;953.6;1665.5;23.4;20.5;25.8;23.1;20.9;19.4;85.0;69.0;84.0;202.0;10.1;4.2
2020/06/17;1600 UTC;0.8;953.1;953.6;953.1;1818.6;22.7;21.2;25.3;22.1;21.4;19.7;92.0;76.0;91.0;178.0;9.7;3.8
2020/06/17;1700 UTC;0.2;952.9;953.2;952.9;1382.2;23.2;21.7;23.6;22.3;22.1;20.7;93.0;89.0;91.0;171.0;9.2;3.5
2020/06/17;1800 UTC;0.0;952.5;952.9;952.5;893.9;23.5;21.8;23.5;23.0;21.8;21.1;91.0;88.0;90.0;179.0;6.8;2.8
2020/06/17;1900 UTC;1.4;953.0;953.0;952.5;372.1;21.9;20.8;23.6;21.9;21.7;20.5;94.0;88.0;93.0;177.0;9.3;3.9
2020/06/17;2000 UTC;0.0;953.2;953.3;953.0;88.6;21.6;20.7;21.9;21.5;20.8;20.6;95.0;93.0;95.0;175.0;8.5;2.9
2020/06/17;2100 UTC;0.0;953.5;953.5;953.2;0.0;21.4;20.3;21.6;21.4;20.7;20.3;95.0;93.0;93.0;176.0;6.6;2.6
2020/06/17;2200 UTC;0.0;954.1;954.1;953.5;;21.2;20.2;21.5;21.2;20.4;20.2;94.0;93.0;94.0;177.0;7.1;2.5
2020/06/17;2300 UTC;0.0;954.9;954.9;954.1;;20.8;19.6;21.2;20.8;20.2;19.6;94.0;93.0;93.0;178.0;6.6;2.5
2020/06/18;0000 UTC;0.0;955.1;955.2;954.9;;20.2;19.0;20.8;20.2;19.6;19.0;93.0;93.0;93.0;178.0;5.5;1.4
2020/06/18;0100 UTC;0.0;954.9;955.2;954.9;;20.1;18.9;20.3;20.1;19.1;18.9;93.0;93.0;93.0;176.0;4.7;1.1
2020/06/18;0200 UTC;0.0;954.5;954.9;954.5;;19.6;18.5;20.1;19.6;18.9;18.5;93.0;93.0;93.0;175.0;2.8;1.6
2020/06/18;0300 UTC;0.0;954.0;954.5;954.0;;19.6;18.6;19.6;19.5;18.6;18.4;94.0;93.0;94.0;180.0;3.1;1.4
2020/06/18;0400 UTC;0.0;953.4;954.0;953.4;;19.6;18.4;19.7;19.6;18.6;18.4;94.0;93.0;93.0;180.0;3.4;1.6
2020/06/18;0500 UTC;0.0;952.7;953.4;952.7;;19.5;18.7;19.6;19.4;18.7;18.4;95.0;93.0;95.0;178.0;5.0;1.5
2020/06/18;0600 UTC;0.0;952.6;952.7;952.5;;19.8;19.2;19.8;19.5;19.2;18.7;97.0;95.0;97.0;182.0;4.0;1.9
2020/06/18;0700 UTC;0.0;952.8;952.8;952.6;;20.0;19.5;20.0;19.8;19.5;19.2;97.0;97.0;97.0;179.0;4.2;1.8
2020/06/18;0800 UTC;0.0;953.0;953.0;952.7;;20.0;19.6;20.1;19.9;19.7;19.5;97.0;97.0;97.0;176.0;4.2;1.7
2020/06/18;0900 UTC;0.0;953.6;953.6;953.0;23.6;20.1;19.7;20.2;20.0;19.8;19.5;98.0;97.0;98.0;175.0;5.1;1.9
2020/06/18;1000 UTC;0.0;954.1;954.1;953.6;230.2;20.7;20.3;20.7;20.1;20.3;19.7;98.0;98.0;98.0;177.0;5.0;2.3
2020/06/18;1100 UTC;0.0;954.6;954.6;954.1;569.3;21.5;21.0;21.6;20.6;21.1;20.2;98.0;96.0;97.0;178.0;5.2;2.7
2020/06/18;1200 UTC;0.0;954.8;954.8;954.6;1090.1;22.8;20.9;22.9;21.5;21.5;20.8;97.0;89.0;89.0;175.0;7.2;2.9
2020/06/18;1300 UTC;0.0;954.6;954.9;954.6;960.0;23.2;20.7;23.5;22.7;21.5;20.2;89.0;84.0;86.0;177.0;6.3;3.0
2020/06/18;1400 UTC;0.0;954.3;954.7;954.3;1531.8;24.1;21.7;24.1;22.5;21.7;19.6;89.0;80.0;86.0;184.0;8.4;2.8
2020/06/18;1500 UTC;0.4;954.0;954.3;954.0;1585.2;22.3;21.1;25.0;21.9;21.8;19.6;93.0;78.0;93.0;190.0;10.0;3.6
2020/06/18;1600 UTC;0.0;953.3;954.0;953.3;1650.3;24.3;20.4;24.8;22.3;22.6;20.4;93.0;79.0;79.0;179.0;8.0;3.7
2020/06/18;1700 UTC;0.0;952.8;953.3;952.8;1794.8;25.8;20.6;25.8;24.1;21.1;19.9;80.0;72.0;73.0;176.0;8.2;3.6
2020/06/18;1800 UTC;0.0;953.1;953.1;952.8;994.8;23.9;20.0;26.0;23.9;20.5;19.6;78.0;71.0;78.0;176.0;8.8;3.4
2020/06/18;1900 UTC;0.0;953.8;953.8;953.1;271.4;23.8;19.6;24.0;23.8;20.2;19.6;80.0;77.0;77.0;172.0;8.0;2.3
2020/06/18;2000 UTC;0.0;954.2;954.2;953.8;58.9;21.9;20.0;23.8;21.9;20.4;19.2;89.0;77.0;89.0;179.0;6.8;2.8
2020/06/18;2100 UTC;2.0;954.7;954.7;954.2;;20.5;19.7;21.9;20.5;20.1;19.7;95.0;89.0;95.0;357.0;6.8;2.4
2020/06/18;2200 UTC;0.8;955.0;955.1;954.7;;20.5;19.9;20.6;20.3;19.9;19.6;97.0;95.0;97.0;112.0;4.6;1.6
2020/06/18;2300 UTC;0.4;955.4;955.4;955.0;;20.4;19.9;20.5;20.3;20.0;19.7;97.0;96.0;97.0;174.0;3.4;0.7
2020/06/19;0000 UTC;0.6;955.5;955.6;955.3;;19.9;19.5;20.5;19.9;20.0;19.4;97.0;97.0;97.0;172.0;5.3;2.4
2020/06/19;0100 UTC;1.0;955.6;955.7;955.5;;19.8;19.5;20.1;19.7;19.7;19.3;98.0;97.0;98.0;180.0;4.9;2.2
2020/06/19;0200 UTC;0.6;955.3;955.6;955.3;;19.9;19.7;20.0;19.7;19.7;19.4;98.0;98.0;98.0;179.0;5.5;2.4
2020/06/19;0300 UTC;0.4;954.9;955.3;954.9;;20.1;19.8;20.1;19.9;19.9;19.7;99.0;98.0;99.0;178.0;5.4;2.0
2020/06/19;0400 UTC;0.6;954.3;954.9;954.3;;20.1;19.9;20.2;20.0;20.0;19.8;99.0;99.0;99.0;176.0;4.0;1.2
2020/06/19;0500 UTC;0.2;953.4;954.3;953.4;;20.3;20.1;20.4;20.1;20.2;20.0;99.0;99.0;99.0;181.0;3.6;1.8
2020/06/19;0600 UTC;0.0;952.9;953.4;952.9;;20.3;20.2;20.4;20.2;20.3;20.1;99.0;99.0;99.0;178.0;5.3;1.5
2020/06/19;0700 UTC;0.2;953.2;953.2;952.9;;20.1;20.0;20.4;20.1;20.2;20.0;99.0;99.0;99.0;178.0;5.2;2.4
2020/06/19;0800 UTC;0.0;953.5;953.5;953.2;;20.1;20.0;20.2;20.0;20.0;19.8;99.0;99.0;99.0;179.0;5.5;2.1
2020/06/19;0900 UTC;0.2;953.8;953.8;953.5;9.9;20.1;20.0;20.2;20.0;20.0;19.9;99.0;99.0;99.0;174.0;4.1;1.5
2020/06/19;1000 UTC;0.0;954.4;954.4;953.8;99.2;20.5;20.4;20.5;20.1;20.4;20.0;99.0;99.0;99.0;174.0;3.4;1.5
2020/06/19;1100 UTC;0.6;955.2;955.2;954.4;308.3;20.8;20.7;20.8;20.5;20.7;20.4;99.0;99.0;99.0;175.0;3.7;1.7
2020/06/19;1200 UTC;0.2;955.9;955.9;955.2;557.0;21.3;21.1;21.5;20.7;21.3;20.6;99.0;99.0;99.0;179.0;5.6;2.4
2020/06/19;1300 UTC;0.8;955.8;956.2;955.8;1389.9;23.0;22.7;23.1;21.3;22.8;21.1;99.0;98.0;98.0;182.0;6.1;2.4
2020/06/19;1400 UTC;0.0;955.3;955.8;955.3;1682.3;23.8;22.4;23.8;22.7;22.8;22.1;98.0;92.0;92.0;177.0;7.1;3.1
2020/06/19;1500 UTC;0.4;955.1;955.3;955.0;1435.8;22.8;20.7;24.4;22.8;22.9;20.7;92.0;86.0;88.0;172.0;10.9;2.8
2020/06/19;1600 UTC;6.2;954.6;955.2;954.6;408.9;20.8;20.4;22.8;20.6;20.5;19.7;98.0;87.0;98.0;187.0;11.9;4.1
2020/06/19;1700 UTC;1.8;954.2;954.6;954.2;685.4;21.0;20.6;21.4;20.7;21.1;20.3;98.0;97.0;98.0;191.0;8.0;3.9
2020/06/19;1800 UTC;6.4;954.1;954.4;954.1;290.9;20.9;20.7;21.3;20.8;20.9;20.5;99.0;98.0;99.0;196.0;10.1;4.8
2020/06/19;1900 UTC;2.0;954.2;954.2;953.9;202.7;20.8;20.6;20.9;20.6;20.7;20.4;99.0;98.0;99.0;201.0;8.5;3.5
2020/06/19;2000 UTC;0.4;954.7;954.7;954.2;114.3;20.8;20.6;21.0;20.7;20.7;20.4;99.0;98.0;98.0;159.0;7.0;2.8
2020/06/19;2100 UTC;0.2;955.0;955.0;954.7;0.4;20.8;20.6;20.9;20.8;20.7;20.6;99.0;98.0;99.0;175.0;6.7;2.3
2020/06/19;2200 UTC;0.0;955.3;955.3;955.0;;20.9;20.7;20.9;20.8;20.7;20.6;99.0;99.0;99.0;173.0;5.2;2.3
2020/06/19;2300 UTC;4.0;955.9;955.9;955.3;;21.0;20.8;21.0;20.8;20.8;20.6;99.0;99.0;99.0;180.0;5.8;1.1
2020/06/20;0000 UTC;4.2;956.1;956.1;955.9;;21.0;20.9;21.2;20.9;21.0;20.8;99.0;99.0;99.0;177.0;6.8;2.1
2020/06/20;0100 UTC;1.8;956.6;956.6;956.1;0.0;20.5;20.4;21.0;20.5;20.9;20.4;99.0;99.0;99.0;176.0;6.9;2.5
2020/06/20;0200 UTC;0.0;956.5;956.6;956.4;0.0;20.6;20.5;20.6;20.5;20.5;20.4;99.0;99.0;99.0;179.0;5.6;1.9
2020/06/20;0300 UTC;0.2;956.2;956.5;956.2;;20.8;20.6;20.8;20.6;20.7;20.5;99.0;99.0;99.0;174.0;4.4;1.9
2020/06/20;0400 UTC;0.0;955.6;956.2;955.6;;20.6;20.5;20.8;20.6;20.6;20.5;99.0;99.0;99.0;174.0;5.1;1.4
2020/06/20;0500 UTC;0.0;955.0;955.6;955.0;;20.6;20.4;20.7;20.5;20.5;20.4;99.0;99.0;99.0;168.0;4.5;2.3
2020/06/20;0600 UTC;0.0;954.8;955.1;954.8;;20.7;20.4;20.7;20.6;20.4;20.4;99.0;99.0;99.0;173.0;4.5;1.9
2020/06/20;0700 UTC;0.0;954.7;954.8;954.6;;20.6;20.3;20.8;20.6;20.5;20.3;99.0;98.0;98.0;176.0;5.7;1.8
2020/06/20;0800 UTC;0.4;955.0;955.0;954.7;;20.0;19.5;20.6;20.0;20.4;19.5;98.0;97.0;97.0;182.0;11.5;2.7
2020/06/20;0900 UTC;0.0;954.9;955.0;954.7;39.5;20.2;19.7;20.2;19.9;19.7;19.4;97.0;97.0;97.0;172.0;6.6;3.2
2020/06/20;1000 UTC;0.0;955.4;955.4;954.9;267.7;20.4;19.9;20.6;20.2;20.0;19.7;97.0;96.0;97.0;170.0;6.6;3.0
2020/06/20;1100 UTC;0.2;955.8;955.9;955.4;871.8;21.4;20.7;21.4;20.1;20.8;19.6;98.0;96.0;96.0;178.0;9.7;4.9
2020/06/20;1200 UTC;0.0;956.0;956.0;955.8;1121.7;22.7;20.5;22.7;21.4;21.0;20.0;96.0;87.0;87.0;177.0;9.7;3.8
2020/06/20;1300 UTC;0.2;955.7;956.1;955.6;1678.6;22.9;20.0;23.6;21.9;20.9;19.7;90.0;82.0;83.0;179.0;10.5;5.2
2020/06/20;1400 UTC;0.0;955.4;955.7;955.4;1344.4;23.6;20.5;23.6;22.5;20.6;19.7;86.0;81.0;83.0;175.0;10.1;3.5
2020/06/20;1500 UTC;0.0;954.8;955.4;954.7;2726.7;23.8;19.4;25.3;23.6;20.8;18.7;83.0;71.0;76.0;174.0;11.6;5.5
2020/06/20;1600 UTC;0.0;954.1;954.8;954.0;2726.8;25.9;18.0;26.2;23.8;20.0;18.0;77.0;62.0;62.0;176.0;11.6;6.5
2020/06/20;1700 UTC;0.0;953.6;954.1;953.5;2443.3;25.9;18.0;26.4;25.3;18.9;17.7;65.0;60.0;62.0;173.0;11.3;4.0
2020/06/20;1800 UTC;0.0;953.9;954.0;953.4;1466.5;24.1;17.8;26.2;24.1;18.7;17.1;68.0;60.0;68.0;172.0;11.8;5.5
2020/06/20;1900 UTC;0.0;954.1;954.1;953.8;542.5;23.3;19.0;24.1;23.2;19.0;17.8;77.0;68.0;77.0;175.0;11.2;2.8
2020/06/20;2000 UTC;0.0;954.1;954.2;954.1;162.2;22.4;19.6;23.3;22.4;19.6;18.9;84.0;77.0;84.0;181.0;7.6;4.2
2020/06/20;2100 UTC;0.0;954.7;954.7;954.1;;21.8;19.3;22.4;21.8;19.7;19.3;86.0;84.0;86.0;174.0;9.6;2.8
2020/06/20;2200 UTC;0.0;954.9;954.9;954.7;;21.3;19.3;21.8;21.3;19.3;18.9;88.0;85.0;88.0;172.0;7.3;1.9
2020/06/20;2300 UTC;0.0;955.6;955.6;954.9;;21.2;19.5;21.3;20.9;19.5;19.3;90.0;88.0;90.0;179.0;6.2;2.8
2020/06/21;0000 UTC;0.0;955.8;955.8;955.6;;20.7;19.4;21.2;20.7;19.6;19.4;92.0;90.0;92.0;181.0;6.6;2.1
2020/06/21;0100 UTC;0.0;955.5;955.8;955.5;;20.5;19.4;20.7;20.4;19.5;19.4;94.0;92.0;94.0;168.0;5.2;1.8
2020/06/21;0200 UTC;0.0;955.3;955.5;955.2;;20.3;19.4;20.5;20.3;19.5;19.4;95.0;94.0;95.0;179.0;5.3;2.4
2020/06/21;0300 UTC;0.0;955.0;955.3;955.0;;20.3;19.5;20.3;20.1;19.6;19.3;96.0;95.0;96.0;173.0;4.6;2.1
2020/06/21;0400 UTC;0.0;954.6;955.0;954.6;;20.2;19.7;20.3;20.2;19.7;19.5;97.0;96.0;97.0;174.0;5.7;2.6
2020/06/21;0500 UTC;0.2;954.1;954.6;954.1;;20.1;19.7;20.2;20.0;19.8;19.6;98.0;97.0;98.0;171.0;6.7;3.0
2020/06/21;0600 UTC;0.2;953.5;954.1;953.5;;20.0;19.8;20.1;19.9;19.8;19.6;99.0;98.0;99.0;171.0;6.5;2.1
2020/06/21;0700 UTC;2.4;953.7;953.7;953.4;;20.0;19.8;20.1;19.9;19.9;19.6;99.0;98.0;99.0;172.0;9.2;3.5
2020/06/21;0800 UTC;0.0;953.7;953.7;953.6;;19.8;19.7;20.0;19.8;19.8;19.6;99.0;99.0;99.0;182.0;8.8;3.7
2020/06/21;0900 UTC;0.0;954.0;954.0;953.7;31.1;19.5;19.3;19.9;19.5;19.7;19.3;99.0;98.0;98.0;169.0;7.2;2.2
2020/06/21;1000 UTC;0.0;954.8;954.8;954.0;573.7;20.7;19.5;20.7;19.5;19.7;19.3;98.0;93.0;93.0;167.0;6.8;3.4
2020/06/21;1100 UTC;0.0;955.4;955.4;954.8;990.3;21.3;19.3;21.3;20.6;19.7;18.9;93.0;88.0;88.0;175.0;8.1;4.1
2020/06/21;1200 UTC;0.0;955.9;955.9;955.4;1328.9;23.0;19.1;23.0;21.3;19.4;18.8;88.0;79.0;79.0;174.0;10.1;4.8
2020/06/21;1300 UTC;0.0;955.8;955.9;955.8;2415.5;24.7;17.5;24.7;22.7;19.0;17.0;79.0;65.0;65.0;175.0;12.7;5.9
2020/06/21;1400 UTC;0.0;955.3;955.8;955.3;2907.0;25.5;17.0;25.6;24.4;17.4;15.8;65.0;57.0;60.0;172.0;11.8;5.1
2020/06/21;1500 UTC;0.0;954.9;955.3;954.9;2009.2;25.0;16.8;25.8;24.9;17.6;16.8;62.0;59.0;61.0;177.0;11.8;4.4
2020/06/21;1600 UTC;0.0;954.0;954.9;954.0;1955.6;25.5;17.2;25.9;25.0;17.8;16.8;62.0;59.0;60.0;179.0;9.3;4.1
2020/06/21;1700 UTC;0.0;953.4;954.0;953.4;1541.1;25.0;17.8;25.8;24.9;18.4;16.9;65.0;60.0;65.0;193.0;9.5;4.6
2020/06/21;1800 UTC;0.0;953.3;953.5;953.3;1160.1;25.1;17.9;25.4;24.7;18.5;17.7;67.0;64.0;64.0;189.0;7.7;4.3
2020/06/21;1900 UTC;0.0;953.3;953.4;953.3;649.3;24.2;18.4;25.2;24.2;18.9;17.9;70.0;65.0;70.0;187.0;10.0;3.8
2020/06/21;2000 UTC;0.0;953.7;953.7;953.3;190.9;23.3;19.0;24.4;23.1;19.0;18.4;77.0;70.0;77.0;192.0;7.9;3.1
2020/06/21;2100 UTC;0.0;954.0;954.0;953.6;;22.5;18.8;23.3;22.5;18.9;18.7;80.0;77.0;80.0;171.0;5.3;2.3
2020/06/21;2200 UTC;0.0;954.4;954.4;954.0;;21.7;18.4;22.5;21.7;18.8;18.4;82.0;79.0;82.0;175.0;4.8;2.2
2020/06/21;2300 UTC;0.0;954.7;954.7;954.4;;21.3;18.3;21.7;21.3;18.4;18.2;83.0;81.0;83.0;172.0;5.9;2.7
2020/06/22;0000 UTC;0.0;954.9;955.0;954.7;;20.6;18.2;21.3;20.6;18.3;18.2;86.0;83.0;86.0;173.0;5.5;1.9
2020/06/22;0100 UTC;0.0;955.2;955.2;954.9;;20.1;18.2;20.7;20.1;18.3;18.1;89.0;86.0;89.0;172.0;4.3;1.5
2020/06/22;0200 UTC;0.0;955.2;955.2;955.1;;19.5;18.1;20.1;19.5;18.2;18.1;91.0;89.0;91.0;170.0;3.5;1.0
2020/06/22;0300 UTC;0.0;954.9;955.2;954.9;;19.1;18.0;19.5;19.1;18.2;18.0;93.0;91.0;93.0;179.0;2.3;0.5
2020/06/22;0400 UTC;0.0;954.2;954.9;954.2;;18.6;17.8;19.1;18.5;18.0;17.6;95.0;93.0;95.0;183.0;1.6;0.5
2020/06/22;0500 UTC;0.0;953.7;954.2;953.7;;18.7;18.0;18.8;18.6;18.0;17.8;96.0;95.0;95.0;179.0;2.0;0.8
2020/06/22;0600 UTC;0.0;953.5;953.7;953.5;;18.6;17.9;18.7;18.4;18.1;17.7;96.0;95.0;96.0;178.0;1.9;0.8
2020/06/22;0700 UTC;0.0;953.1;953.5;953.1;;18.6;18.0;18.7;18.4;18.1;17.8;96.0;96.0;96.0;177.0;2.2;1.2
2020/06/22;0800 UTC;0.2;953.3;953.3;953.1;;18.4;17.9;18.6;18.3;18.0;17.7;97.0;96.0;97.0;182.0;2.8;0.7
2020/06/22;0900 UTC;0.0;953.4;953.5;953.3;30.5;18.8;18.2;18.8;18.3;18.3;17.8;97.0;97.0;97.0;177.0;3.0;1.4
2020/06/22;1000 UTC;0.0;953.9;954.0;953.4;561.2;20.5;19.3;20.5;18.8;19.4;18.3;97.0;93.0;93.0;178.0;4.1;2.1
2020/06/22;1100 UTC;0.0;954.6;954.6;953.9;1466.6;22.2;18.5;22.2;20.5;19.8;18.4;93.0;80.0;80.0;177.0;7.1;3.1
2020/06/22;1200 UTC;0.0;955.1;955.1;954.6;1803.7;23.0;18.6;23.3;22.1;19.1;18.1;80.0;75.0;76.0;179.0;7.1;3.0
2020/06/22;1300 UTC;0.0;954.9;955.3;954.8;2165.2;24.2;19.1;24.4;22.9;19.2;18.0;76.0;70.0;73.0;176.0;10.6;4.9
2020/06/22;1400 UTC;0.0;954.4;954.9;954.4;3184.7;25.5;18.4;25.7;24.1;19.2;17.8;73.0;64.0;65.0;185.0;10.6;4.6
2020/06/22;1500 UTC;0.0;953.6;954.4;953.6;3173.3;26.0;18.1;26.4;25.0;18.8;17.5;67.0;60.0;62.0;178.0;8.4;4.2
2020/06/22;1600 UTC;0.0;952.9;953.6;952.9;2521.3;25.9;18.4;26.9;25.7;19.1;17.8;65.0;60.0;64.0;177.0;8.7;4.1
2020/06/22;1700 UTC;0.0;952.5;953.0;952.5;2233.9;25.6;19.1;26.2;25.4;19.4;18.2;68.0;63.0;67.0;185.0;9.6;4.8
2020/06/22;1800 UTC;0.0;952.4;952.6;952.3;1115.1;24.6;18.0;25.9;24.6;19.6;17.8;71.0;66.0;67.0;176.0;8.4;3.9
2020/06/22;1900 UTC;0.0;952.2;952.4;952.2;657.0;24.0;18.7;25.2;24.0;18.8;18.0;72.0;66.0;72.0;171.0;7.1;3.7
2020/06/22;2000 UTC;0.0;952.2;952.3;952.2;205.5;23.6;19.2;24.1;23.6;19.2;18.7;76.0;72.0;76.0;171.0;6.9;2.4
2020/06/22;2100 UTC;0.0;952.2;952.3;952.1;5.0;22.8;18.9;23.6;22.8;19.2;18.9;79.0;76.0;79.0;173.0;5.7;2.5
2020/06/22;2200 UTC;0.0;952.2;952.2;952.0;;22.2;18.0;22.8;22.2;18.9;18.0;79.0;76.0;77.0;173.0;6.4;3.4
2020/06/22;2300 UTC;0.0;952.6;952.6;952.2;;21.8;18.3;22.2;21.8;18.3;18.0;81.0;77.0;81.0;180.0;5.6;2.5
2020/06/23;0000 UTC;0.0;952.9;952.9;952.6;;21.3;18.4;21.8;21.3;18.4;18.3;83.0;81.0;83.0;174.0;4.9;2.5
2020/06/23;0100 UTC;0.0;953.4;953.4;952.9;;21.0;18.8;21.3;21.0;18.8;18.4;87.0;83.0;87.0;178.0;4.5;2.7
2020/06/23;0200 UTC;0.0;953.3;953.4;953.3;;20.7;19.0;21.0;20.7;19.1;18.8;89.0;87.0;89.0;170.0;4.9;1.9
2020/06/23;0300 UTC;0.0;952.6;953.3;952.6;;20.6;19.1;20.8;20.5;19.1;18.9;91.0;89.0;91.0;178.0;4.4;2.1
2020/06/23;0400 UTC;0.0;952.2;952.7;952.1;;20.6;19.1;20.8;20.4;19.2;19.0;91.0;91.0;91.0;173.0;4.4;1.9
2020/06/23;0500 UTC;0.0;951.8;952.2;951.8;;20.3;18.9;20.6;20.3;19.1;18.9;92.0;91.0;92.0;175.0;5.8;2.6
2020/06/23;0600 UTC;0.0;951.4;951.8;951.4;;20.0;18.7;20.3;20.0;18.9;18.7;92.0;92.0;92.0;173.0;5.2;2.4
2020/06/23;0700 UTC;0.0;951.5;951.5;951.4;;19.8;18.6;20.0;19.8;18.7;18.6;93.0;92.0;93.0;169.0;4.9;2.0
2020/06/23;0800 UTC;0.0;951.8;951.8;951.5;;19.7;18.6;19.9;19.7;18.7;18.5;93.0;93.0;93.0;174.0;3.8;1.7
2020/06/23;0900 UTC;0.0;951.9;951.9;951.8;27.6;19.8;18.7;19.8;19.6;18.7;18.4;93.0;93.0;93.0;175.0;4.2;1.7
2020/06/23;1000 UTC;0.0;952.6;952.6;951.9;458.1;20.9;18.7;20.9;19.8;18.9;18.7;93.0;87.0;87.0;184.0;6.2;3.6
2020/06/23;1100 UTC;0.0;953.0;953.0;952.6;1374.6;22.2;18.7;22.3;20.9;18.8;18.2;87.0;80.0;80.0;191.0;8.8;4.6
2020/06/23;1200 UTC;0.0;953.3;953.4;953.0;1828.7;22.9;18.5;23.3;22.2;19.0;18.3;80.0;75.0;77.0;182.0;11.6;5.8
2020/06/23;1300 UTC;0.0;953.3;953.4;953.2;2329.6;24.1;18.2;24.4;22.8;19.1;18.2;76.0;70.0;70.0;185.0;10.5;5.6
2020/06/23;1400 UTC;0.0;952.9;953.3;952.9;2931.3;25.3;17.3;25.9;24.0;18.7;17.0;71.0;60.0;61.0;183.0;10.0;4.8
2020/06/23;1500 UTC;0.0;952.3;952.9;952.3;2759.7;26.0;18.1;26.1;25.3;18.3;17.1;63.0;60.0;62.0;178.0;9.3;4.8
2020/06/23;1600 UTC;0.0;951.3;952.3;951.3;2305.0;26.8;18.6;27.2;25.3;19.1;17.8;64.0;60.0;61.0;178.0;8.0;3.8
2020/06/23;1700 UTC;0.0;950.9;951.4;950.9;2625.8;26.8;16.5;27.5;26.4;18.3;14.7;61.0;47.0;53.0;181.0;8.6;3.8
2020/06/23;1800 UTC;0.0;950.8;950.9;950.7;1829.1;26.0;15.9;27.3;26.0;17.2;15.6;55.0;51.0;54.0;179.0;9.2;3.8
2020/06/23;1900 UTC;0.0;951.0;951.0;950.7;1170.1;25.8;17.0;26.5;25.7;17.1;15.9;58.0;54.0;58.0;177.0;9.2;3.3
2020/06/23;2000 UTC;0.0;951.2;951.2;951.0;217.6;24.5;17.1;25.9;24.5;17.2;16.8;64.0;58.0;64.0;174.0;7.3;2.9
2020/06/23;2100 UTC;0.0;951.7;951.7;951.2;0.3;23.4;17.1;24.5;23.4;17.3;17.1;68.0;64.0;68.0;176.0;6.5;2.0
2020/06/23;2200 UTC;0.0;952.0;952.0;951.7;;22.7;17.6;23.4;22.7;17.6;17.1;73.0;68.0;73.0;170.0;5.2;2.9
2020/06/23;2300 UTC;0.0;952.5;952.5;952.0;;21.9;18.2;22.7;21.9;18.2;17.6;79.0;73.0;79.0;172.0;5.7;3.1
2020/06/24;0000 UTC;0.0;952.6;952.6;952.5;;21.5;18.7;22.0;21.5;18.7;18.2;84.0;79.0;84.0;170.0;6.5;3.4
2020/06/24;0100 UTC;0.0;952.7;952.7;952.6;;21.3;19.2;21.6;21.3;19.2;18.8;88.0;84.0;88.0;172.0;6.8;2.8
2020/06/24;0200 UTC;0.0;952.7;952.8;952.6;;21.2;19.2;21.3;21.1;19.2;19.1;89.0;88.0;89.0;174.0;5.8;2.1
2020/06/24;0300 UTC;0.0;952.4;952.8;952.3;;21.0;19.2;21.2;21.0;19.2;19.1;89.0;88.0;89.0;173.0;5.1;1.8
2020/06/24;0400 UTC;0.0;951.8;952.4;951.8;;20.5;18.8;21.0;20.5;19.2;18.8;90.0;89.0;90.0;177.0;4.2;1.1
2020/06/24;0500 UTC;0.0;951.3;951.8;951.3;;20.6;18.9;20.6;20.4;19.0;18.8;91.0;90.0;90.0;179.0;4.9;2.2
2020/06/24;0600 UTC;0.0;951.3;951.3;951.1;;20.2;18.7;20.6;20.2;18.9;18.7;91.0;90.0;91.0;178.0;4.9;1.6
2020/06/24;0700 UTC;0.0;951.6;951.6;951.3;;20.2;18.8;20.2;20.0;18.8;18.6;92.0;91.0;92.0;177.0;4.5;2.2
2020/06/24;0800 UTC;0.0;951.9;951.9;951.5;;20.2;18.8;20.3;20.1;18.9;18.7;92.0;91.0;91.0;181.0;4.8;1.6
2020/06/24;0900 UTC;0.0;952.2;952.2;951.9;43.4;20.5;19.0;20.5;20.2;19.0;18.7;92.0;91.0;91.0;178.0;4.0;1.4
2020/06/24;1000 UTC;0.0;952.8;952.8;952.1;453.4;20.8;18.8;20.9;20.5;19.1;18.7;91.0;88.0;88.0;179.0;4.2;1.6
2020/06/24;1100 UTC;0.0;953.5;953.5;952.8;920.0;21.6;18.8;21.8;20.8;19.3;18.7;89.0;84.0;84.0;177.0;5.8;2.5
2020/06/24;1200 UTC;0.0;953.6;953.8;953.5;1126.5;22.7;18.9;23.1;21.5;19.5;18.7;85.0;78.0;79.0;176.0;6.8;3.1
2020/06/24;1300 UTC;0.0;953.3;953.7;953.3;1677.1;23.6;18.4;24.3;22.7;19.6;18.3;80.0;72.0;73.0;178.0;8.0;3.8
2020/06/24;1400 UTC;0.0;952.8;953.3;952.8;2259.3;25.4;19.5;25.5;23.6;19.5;18.3;74.0;67.0;70.0;178.0;8.9;3.3
2020/06/24;1500 UTC;0.0;952.2;952.9;952.2;2413.5;26.6;19.4;26.6;24.6;20.1;18.6;72.0;64.0;65.0;179.0;7.8;3.6
2020/06/24;1600 UTC;0.0;951.8;952.2;951.7;2213.4;26.1;19.4;27.0;25.4;20.6;18.9;70.0;63.0;67.0;188.0;8.2;4.6
2020/06/24;1700 UTC;0.0;951.1;951.8;951.1;1966.9;26.7;18.1;26.9;25.7;20.2;17.8;69.0;59.0;59.0;177.0;8.6;3.8
2020/06/24;1800 UTC;0.0;951.0;951.2;951.0;1803.1;26.0;18.9;27.0;25.8;18.9;17.7;65.0;58.0;65.0;184.0;8.6;3.9
2020/06/24;1900 UTC;0.0;951.2;951.2;950.9;1074.5;25.8;18.5;26.6;25.6;19.3;18.4;65.0;62.0;64.0;175.0;7.4;3.4
2020/06/24;2000 UTC;0.0;951.4;951.4;951.2;155.0;24.4;17.7;25.8;24.4;18.6;17.7;67.0;64.0;66.0;174.0;7.5;3.0
2020/06/24;2100 UTC;0.0;951.8;951.8;951.3;;23.2;17.8;24.4;23.2;17.8;17.6;72.0;66.0;72.0;172.0;6.3;3.0
2020/06/24;2200 UTC;0.0;952.2;952.2;951.8;;22.1;17.8;23.2;22.1;17.8;17.8;77.0;72.0;77.0;171.0;7.3;3.4
2020/06/24;2300 UTC;0.0;952.8;952.8;952.1;;21.3;17.7;22.1;21.3;17.9;17.7;80.0;77.0;80.0;178.0;7.0;3.7
2020/06/25;0000 UTC;0.0;953.4;953.5;952.8;;21.0;17.3;21.3;21.0;17.7;17.3;80.0;78.0;80.0;175.0;6.4;2.9
2020/06/25;0100 UTC;0.0;953.4;953.5;953.3;;20.7;17.5;21.0;20.7;17.5;17.3;82.0;80.0;82.0;186.0;4.9;2.3
2020/06/25;0200 UTC;0.0;953.1;953.4;953.1;;20.3;17.6;20.7;20.3;17.6;17.4;84.0;82.0;84.0;170.0;3.8;1.4
2020/06/25;0300 UTC;0.0;952.7;953.1;952.7;;20.1;17.9;20.3;20.0;17.9;17.6;87.0;84.0;87.0;170.0;3.0;1.2
2020/06/25;0400 UTC;0.0;952.3;952.7;952.3;;20.1;18.2;20.2;20.0;18.2;17.9;89.0;87.0;89.0;175.0;2.8;1.0
2020/06/25;0500 UTC;0.0;952.3;952.3;952.2;;20.1;18.4;20.2;19.9;18.4;18.1;90.0;89.0;90.0;166.0;2.4;1.1
2020/06/25;0600 UTC;0.0;952.1;952.3;952.1;;20.3;18.7;20.3;20.1;18.7;18.4;91.0;90.0;91.0;178.0;5.4;2.3
2020/06/25;0700 UTC;0.0;952.0;952.1;951.9;;19.9;18.6;20.3;19.8;18.7;18.5;93.0;91.0;93.0;198.0;5.4;1.6
2020/06/25;0800 UTC;0.0;952.1;952.1;952.0;;19.9;18.8;19.9;19.7;18.8;18.5;93.0;92.0;93.0;174.0;3.4;1.6
2020/06/25;0900 UTC;0.2;952.7;952.7;952.1;26.8;19.5;18.9;20.1;19.5;18.9;18.7;96.0;93.0;96.0;171.0;5.8;2.2
2020/06/25;1000 UTC;0.0;953.2;953.2;952.7;603.2;21.2;20.2;21.2;19.5;20.3;18.9;97.0;93.0;94.0;176.0;7.8;3.3
2020/06/25;1100 UTC;0.0;953.5;953.5;953.1;1407.9;22.4;19.3;22.5;21.1;20.2;19.2;94.0;82.0;82.0;185.0;8.3;4.6
2020/06/25;1200 UTC;0.0;954.0;954.0;953.5;2224.6;23.7;18.7;23.7;22.4;19.3;18.2;82.0;73.0;73.0;185.0;11.1;5.9
2020/06/25;1300 UTC;0.0;954.2;954.2;953.9;1280.6;23.0;19.2;23.8;22.4;19.4;18.1;81.0;72.0;79.0;172.0;10.8;3.2
2020/06/25;1400 UTC;0.0;954.0;954.2;954.0;1556.1;24.5;17.6;25.1;23.0;19.3;17.6;79.0;65.0;66.0;178.0;10.6;4.3
2020/06/25;1500 UTC;0.0;953.5;954.0;953.5;2322.3;25.4;16.5;26.0;24.5;18.6;16.3;68.0;56.0;58.0;188.0;10.2;5.0
2020/06/25;1600 UTC;0.0;952.9;953.5;952.9;2506.5;26.4;15.1;26.6;25.1;16.8;14.9;60.0;50.0;50.0;187.0;10.1;4.9
2020/06/25;1700 UTC;0.0;952.2;952.9;952.2;1988.2;25.8;16.4;27.1;25.7;16.9;14.5;56.0;49.0;56.0;187.0;9.9;4.9
2020/06/25;1800 UTC;0.0;952.0;952.3;952.0;1600.1;25.9;16.4;26.5;25.4;16.8;15.8;57.0;54.0;56.0;175.0;10.0;4.7
2020/06/25;1900 UTC;0.0;952.2;952.3;952.0;1019.5;24.8;16.2;26.0;24.8;16.9;16.1;59.0;56.0;59.0;174.0;9.3;4.5
2020/06/25;2000 UTC;0.0;952.8;952.8;952.2;192.1;23.9;16.3;25.0;23.9;16.5;16.2;62.0;59.0;62.0;173.0;8.4;2.8
2020/06/25;2100 UTC;0.0;953.2;953.2;952.8;;23.1;16.6;23.9;23.1;16.6;16.3;67.0;62.0;67.0;170.0;5.0;2.1
2020/06/25;2200 UTC;0.0;953.8;953.8;953.2;;22.2;16.8;23.1;22.2;16.8;16.6;71.0;67.0;71.0;169.0;4.3;1.9
2020/06/25;2300 UTC;0.0;954.2;954.2;953.8;;21.5;16.7;22.2;21.5;16.8;16.6;74.0;71.0;74.0;177.0;4.1;1.8
2020/06/26;0000 UTC;0.0;954.4;954.5;954.2;;21.1;17.2;21.5;21.1;17.2;16.7;78.0;74.0;78.0;176.0;3.7;1.8
2020/06/26;0100 UTC;0.0;954.2;954.5;954.2;;20.8;17.9;21.1;20.8;17.9;17.3;83.0;79.0;83.0;179.0;3.3;1.0
2020/06/26;0200 UTC;0.0;954.0;954.2;954.0;;20.4;18.4;20.9;20.4;18.4;17.9;88.0;83.0;88.0;181.0;2.9;1.5
2020/06/26;0300 UTC;0.0;953.7;954.1;953.6;;20.1;18.7;20.5;20.1;18.7;18.4;91.0;88.0;91.0;179.0;3.6;1.4
2020/06/26;0400 UTC;0.0;953.3;953.7;953.3;;20.2;18.9;20.4;20.1;19.1;18.7;93.0;91.0;93.0;178.0;4.0;1.9
2020/06/26;0500 UTC;0.0;953.0;953.3;953.0;;20.0;19.1;20.2;20.0;19.2;18.9;94.0;93.0;94.0;179.0;4.3;1.5
2020/06/26;0600 UTC;0.0;952.8;953.0;952.7;;19.9;19.1;20.1;19.9;19.2;19.1;95.0;94.0;95.0;179.0;3.4;1.7
2020/06/26;0700 UTC;0.0;952.8;952.8;952.7;;19.9;19.2;20.1;19.9;19.3;19.1;96.0;95.0;96.0;178.0;3.8;1.5
2020/06/26;0800 UTC;0.0;952.9;953.0;952.8;;20.0;19.3;20.0;19.8;19.3;19.1;96.0;96.0;96.0;177.0;3.7;1.6
2020/06/26;0900 UTC;0.0;953.1;953.1;952.8;24.3;20.1;19.5;20.2;19.9;19.6;19.3;96.0;96.0;96.0;177.0;3.3;1.5
2020/06/26;1000 UTC;0.0;953.7;953.7;953.1;234.3;20.5;19.9;20.6;20.0;20.0;19.4;97.0;96.0;96.0;179.0;3.9;1.8
2020/06/26;1100 UTC;0.0;954.1;954.1;953.6;657.1;21.6;20.3;21.8;20.5;20.7;19.9;96.0;92.0;92.0;178.0;5.1;2.3
2020/06/26;1200 UTC;0.0;954.4;954.4;954.1;752.7;21.9;20.4;22.0;21.5;20.6;19.8;92.0;89.0;91.0;177.0;5.9;2.3
2020/06/26;1300 UTC;0.0;954.2;954.4;954.2;1613.1;24.0;20.9;24.0;21.9;21.5;19.7;92.0;81.0;83.0;179.0;7.5;2.7
2020/06/26;1400 UTC;0.0;954.0;954.3;954.0;1187.1;22.8;20.3;24.3;22.4;21.0;19.4;86.0;78.0;86.0;189.0;7.7;3.7
2020/06/26;1500 UTC;0.0;953.4;954.1;953.4;1856.6;23.6;20.1;24.9;22.8;21.2;19.4;86.0;75.0;81.0;188.0;6.7;3.9
2020/06/26;1600 UTC;0.2;952.9;953.4;952.9;1838.8;24.5;20.1;24.9;22.8;20.7;19.7;83.0;75.0;76.0;187.0;9.0;3.7
2020/06/26;1700 UTC;0.0;952.6;952.9;952.5;1368.9;22.9;19.9;25.2;22.9;20.7;19.7;83.0;75.0;83.0;178.0;9.0;4.1
2020/06/26;1800 UTC;0.0;952.6;952.6;952.5;1030.1;23.1;19.7;24.1;22.8;20.7;19.4;85.0;78.0;81.0;177.0;7.6;3.2
2020/06/26;1900 UTC;0.4;952.9;952.9;952.6;296.0;21.4;19.7;23.0;21.4;20.3;19.5;90.0;81.0;90.0;176.0;6.7;2.8
2020/06/26;2000 UTC;0.6;953.1;953.2;952.9;197.7;20.7;19.9;21.5;20.7;20.0;19.6;95.0;90.0;95.0;179.0;5.9;2.4
2020/06/26;2100 UTC;0.0;953.1;953.2;953.1;9.3;21.0;20.3;21.0;20.7;20.3;19.9;96.0;95.0;96.0;169.0;4.1;1.3
2020/06/26;2200 UTC;0.0;953.1;953.2;953.0;;21.1;20.0;21.1;20.9;20.3;20.0;96.0;93.0;93.0;183.0;5.6;3.0
2020/06/26;2300 UTC;0.0;953.5;953.5;953.1;;20.8;19.6;21.1;20.8;20.0;19.6;93.0;93.0;93.0;182.0;5.6;1.6
2020/06/27;0000 UTC;0.0;953.7;953.8;953.5;;20.5;19.4;20.9;20.5;19.6;19.4;93.0;92.0;93.0;181.0;3.8;1.9
2020/06/27;0100 UTC;0.0;953.4;953.7;953.4;;20.2;19.1;20.5;20.2;19.4;19.1;93.0;93.0;93.0;177.0;3.0;1.6
2020/06/27;0200 UTC;0.0;953.3;953.4;953.2;;20.0;18.6;20.3;20.0;19.1;18.6;93.0;92.0;92.0;199.0;3.0;1.2
2020/06/27;0300 UTC;0.0;952.8;953.3;952.8;;19.9;18.7;20.0;19.9;18.8;18.6;93.0;92.0;93.0;209.0;3.3;2.0
2020/06/27;0400 UTC;0.0;952.4;952.8;952.4;;19.8;18.6;20.0;19.8;18.8;18.6;93.0;93.0;93.0;169.0;4.0;1.5
2020/06/27;0500 UTC;0.0;952.1;952.4;952.1;;19.6;18.6;19.8;19.6;18.7;18.6;94.0;93.0;94.0;181.0;3.6;1.9
2020/06/27;0600 UTC;0.0;952.0;952.1;951.9;;19.9;19.0;19.9;19.5;19.0;18.5;94.0;94.0;94.0;185.0;3.8;2.3
2020/06/27;0700 UTC;0.0;952.1;952.1;952.0;;19.7;18.8;19.9;19.7;19.0;18.8;95.0;94.0;95.0;196.0;4.9;2.3
2020/06/27;0800 UTC;0.0;952.2;952.2;952.0;;19.7;18.9;19.7;19.6;18.9;18.7;95.0;95.0;95.0;175.0;4.3;2.1
2020/06/27;0900 UTC;0.0;952.4;952.4;952.1;23.2;19.7;18.8;19.8;19.5;18.9;18.7;95.0;95.0;95.0;177.0;3.7;1.7
2020/06/27;1000 UTC;0.0;952.8;952.8;952.3;339.9;20.7;19.7;20.7;19.6;19.7;18.8;95.0;94.0;94.0;178.0;3.2;1.6
2020/06/27;1100 UTC;0.0;953.1;953.1;952.8;1233.7;21.9;19.7;22.1;20.7;20.2;19.6;94.0;87.0;87.0;178.0;4.5;2.0
2020/06/27;1200 UTC;0.0;953.2;953.3;953.1;1128.8;21.9;19.5;22.3;21.5;20.0;19.0;88.0;85.0;86.0;178.0;9.0;3.8
2020/06/27;1300 UTC;0.0;953.0;953.2;953.0;2359.2;23.7;18.9;24.6;21.9;20.5;18.9;87.0;74.0;75.0;179.0;7.9;3.2
2020/06/27;1400 UTC;0.0;952.4;953.0;952.4;2136.9;24.2;19.6;25.1;23.5;20.2;18.9;77.0;70.0;76.0;176.0;7.4;2.6
2020/06/27;1500 UTC;0.0;951.9;952.4;951.8;2029.7;23.1;20.0;25.5;22.7;20.2;19.3;84.0;71.0;83.0;189.0;10.6;5.2
2020/06/27;1600 UTC;0.0;951.3;951.9;951.3;2362.3;24.1;19.1;24.1;22.4;19.8;19.0;83.0;74.0;74.0;181.0;10.2;3.8
2020/06/27;1700 UTC;0.0;950.5;951.3;950.5;2402.0;24.9;19.5;25.3;23.6;20.0;18.5;74.0;71.0;72.0;174.0;7.2;3.2
2020/06/27;1800 UTC;0.0;950.5;950.6;950.4;1901.2;24.7;19.4;25.5;24.4;20.1;19.1;75.0;70.0;72.0;180.0;7.8;3.7
2020/06/27;1900 UTC;0.2;950.9;950.9;950.5;430.6;23.6;20.0;24.7;22.3;20.1;18.9;83.0;73.0;80.0;174.0;7.8;3.2
2020/06/27;2000 UTC;0.0;951.3;951.3;950.9;186.9;23.4;20.2;23.7;23.3;20.4;19.9;83.0;80.0;83.0;168.0;5.9;1.9
2020/06/27;2100 UTC;0.0;951.7;951.7;951.3;2.9;22.6;20.3;23.4;22.6;20.3;20.2;87.0;83.0;87.0;168.0;4.9;2.9
2020/06/27;2200 UTC;0.0;952.2;952.2;951.8;;22.3;20.6;22.6;22.3;20.6;20.3;90.0;87.0;90.0;176.0;5.1;1.5
2020/06/27;2300 UTC;0.0;953.0;953.0;952.2;;22.0;20.1;22.3;21.9;20.6;20.1;91.0;89.0;89.0;183.0;4.2;2.4
2020/06/28;0000 UTC;0.0;953.3;953.3;953.0;;21.4;19.5;22.0;21.4;20.1;19.5;89.0;89.0;89.0;181.0;4.6;1.7
2020/06/28;0100 UTC;0.0;953.2;953.3;953.2;;21.2;19.4;21.5;21.2;19.6;19.4;89.0;89.0;89.0;174.0;3.9;1.5
2020/06/28;0200 UTC;0.0;953.2;953.3;953.1;;20.9;19.3;21.2;20.9;19.4;19.3;91.0;89.0;91.0;179.0;3.1;1.2
2020/06/28;0300 UTC;0.0;953.2;953.2;953.1;;20.6;19.3;20.9;20.5;19.3;19.2;92.0;91.0;92.0;178.0;2.6;0.6
2020/06/28;0400 UTC;0.0;953.0;953.2;953.0;;20.6;19.5;20.7;20.5;19.5;19.2;93.0;92.0;93.0;179.0;2.4;1.3
2020/06/28;0500 UTC;0.0;952.7;953.0;952.7;;20.7;19.6;20.7;20.6;19.6;19.5;94.0;93.0;94.0;180.0;2.7;1.5
2020/06/28;0600 UTC;0.0;952.7;952.7;952.6;;20.6;19.7;20.8;20.6;19.7;19.6;95.0;94.0;94.0;181.0;4.5;1.8
2020/06/28;0700 UTC;0.0;952.7;952.8;952.7;;20.5;19.7;20.6;20.4;19.7;19.6;95.0;94.0;95.0;178.0;3.8;1.4
2020/06/28;0800 UTC;0.0;953.1;953.1;952.7;;20.4;19.6;20.5;20.4;19.7;19.6;95.0;95.0;95.0;181.0;3.8;0.9
2020/06/28;0900 UTC;0.0;953.5;953.5;953.1;28.2;20.5;19.7;20.5;20.4;19.7;19.6;95.0;95.0;95.0;176.0;2.8;1.2
2020/06/28;1000 UTC;0.0;953.9;953.9;953.5;301.7;21.1;20.0;21.1;20.4;20.2;19.6;95.0;93.0;94.0;178.0;3.1;1.5
2020/06/28;1100 UTC;0.0;954.5;954.5;953.9;748.0;21.8;20.0;21.8;21.0;20.2;19.7;94.0;89.0;89.0;176.0;4.8;2.9
2020/06/28;1200 UTC;0.0;954.8;954.9;954.5;1186.6;23.3;19.8;23.4;21.8;20.2;19.4;89.0;80.0;80.0;180.0;5.9;2.5
2020/06/28;1300 UTC;0.0;954.6;954.9;954.6;1841.6;23.8;18.5;24.6;23.1;19.8;18.5;80.0;71.0;72.0;176.0;6.7;3.6
2020/06/28;1400 UTC;0.0;953.8;954.6;953.8;2195.3;26.0;18.8;26.2;23.7;19.8;18.6;75.0;64.0;64.0;180.0;6.6;3.2
2020/06/28;1500 UTC;0.0;953.3;953.8;953.3;1594.3;25.3;19.1;26.0;24.8;19.2;18.3;69.0;63.0;68.0;175.0;7.1;3.2
2020/06/28;1600 UTC;0.0;952.3;953.3;952.3;1827.9;25.6;19.1;26.1;25.1;19.8;18.8;70.0;67.0;67.0;175.0;6.2;2.7
2020/06/28;1700 UTC;0.0;951.6;952.3;951.6;2068.3;26.6;18.8;27.0;25.6;19.9;18.6;69.0;62.0;62.0;171.0;6.0;2.9
2020/06/28;1800 UTC;0.0;951.6;951.7;951.5;1842.6;26.7;19.1;27.3;26.5;19.4;18.4;64.0;60.0;63.0;173.0;7.3;2.6
2020/06/28;1900 UTC;0.0;951.7;951.8;951.6;877.2;26.3;19.2;27.1;26.1;19.4;18.7;66.0;61.0;65.0;175.0;5.7;2.5
2020/06/28;2000 UTC;0.0;952.2;952.2;951.7;251.4;23.6;20.3;26.5;23.6;20.7;19.1;83.0;65.0;82.0;174.0;8.5;4.1
2020/06/28;2100 UTC;0.0;952.5;952.6;952.2;0.9;22.4;20.0;23.6;22.4;20.3;20.0;86.0;82.0;86.0;179.0;8.3;3.7
2020/06/28;2200 UTC;0.0;952.9;952.9;952.5;;21.6;19.5;22.5;21.6;20.0;19.5;88.0;86.0;88.0;171.0;7.1;3.7
2020/06/28;2300 UTC;0.0;953.4;953.4;952.9;;21.4;19.8;21.6;21.4;19.8;19.5;91.0;88.0;91.0;180.0;6.5;2.9
2020/06/29;0000 UTC;0.0;953.9;953.9;953.4;;21.2;19.7;21.5;21.1;20.0;19.7;92.0;91.0;91.0;170.0;7.2;3.2
2020/06/29;0100 UTC;0.0;953.7;953.9;953.7;;21.0;19.1;21.3;21.0;19.7;19.1;91.0;89.0;89.0;174.0;6.4;2.6
2020/06/29;0200 UTC;0.0;953.6;953.7;953.6;;21.0;18.7;21.0;20.9;19.1;18.7;89.0;87.0;87.0;188.0;5.4;2.5
2020/06/29;0300 UTC;0.0;953.1;953.6;953.1;;20.7;18.6;21.0;20.7;18.7;18.6;88.0;87.0;88.0;172.0;4.5;1.5
2020/06/29;0400 UTC;0.0;952.7;953.2;952.7;;20.8;18.8;20.8;20.7;18.8;18.6;88.0;88.0;88.0;181.0;3.5;1.4
2020/06/29;0500 UTC;0.0;952.2;952.7;952.2;;20.5;18.7;20.8;20.5;18.9;18.7;90.0;88.0;90.0;180.0;4.5;2.1
2020/06/29;0600 UTC;0.0;952.3;952.3;952.1;;20.4;18.6;20.7;20.4;18.8;18.6;90.0;89.0;90.0;177.0;4.5;1.9
2020/06/29;0700 UTC;0.0;952.6;952.7;952.3;;20.3;18.9;20.4;20.2;18.9;18.6;92.0;90.0;92.0;176.0;4.2;1.8
2020/06/29;0800 UTC;0.0;952.8;952.9;952.6;;20.4;19.0;20.4;20.3;19.1;18.9;92.0;92.0;92.0;175.0;5.3;2.4
2020/06/29;0900 UTC;0.0;953.3;953.3;952.8;26.8;20.5;19.1;20.5;20.4;19.1;19.0;92.0;91.0;91.0;176.0;4.3;1.9
2020/06/29;1000 UTC;0.0;954.1;954.1;953.3;240.0;20.8;19.0;21.0;20.5;19.2;18.9;92.0;89.0;89.0;178.0;4.1;2.2
2020/06/29;1100 UTC;0.0;954.6;954.6;954.1;371.9;21.5;19.6;21.5;20.8;19.6;18.9;89.0;88.0;89.0;178.0;6.5;2.6
2020/06/29;1200 UTC;0.0;954.5;954.8;954.5;1070.4;22.8;19.3;22.8;21.5;19.8;18.8;89.0;80.0;81.0;178.0;9.3;2.8
2020/06/29;1300 UTC;0.0;954.3;954.5;954.3;2493.6;25.5;18.9;25.7;22.8;19.7;18.3;81.0;67.0;67.0;176.0;10.0;4.2
2020/06/29;1400 UTC;0.0;953.7;954.3;953.7;2907.4;25.4;17.4;25.9;24.7;19.1;17.0;67.0;59.0;61.0;180.0;9.4;5.1
2020/06/29;1500 UTC;0.0;953.3;953.7;953.3;1799.3;25.3;18.3;25.6;24.5;18.9;17.4;69.0;61.0;65.0;180.0;9.1;3.5
2020/06/29;1600 UTC;0.0;952.5;953.3;952.5;2280.0;25.7;19.0;25.7;24.6;19.5;17.7;70.0;64.0;67.0;180.0;7.1;3.5
2020/06/29;1700 UTC;0.4;952.7;952.7;952.3;1160.3;21.4;18.9;26.5;21.4;19.3;18.2;86.0;63.0;86.0;173.0;9.0;4.1
2020/06/29;1800 UTC;0.0;952.5;952.8;952.5;538.7;22.4;19.9;22.5;21.1;20.2;18.9;90.0;86.0;86.0;178.0;7.9;2.1
2020/06/29;1900 UTC;0.0;952.6;952.6;952.5;438.9;23.3;19.5;23.3;22.4;20.2;19.4;87.0;79.0;79.0;178.0;4.1;2.0
2020/06/29;2000 UTC;0.0;952.9;952.9;952.6;175.8;22.9;19.2;23.4;22.9;19.6;19.2;80.0;79.0;80.0;177.0;4.0;1.9
2020/06/29;2100 UTC;0.0;953.3;953.3;952.9;0.5;22.6;19.3;22.9;22.5;19.3;19.2;82.0;80.0;82.0;170.0;4.1;1.7
2020/06/29;2200 UTC;0.0;953.6;953.7;953.3;;22.0;18.7;22.6;22.0;19.3;18.7;82.0;82.0;82.0;169.0;4.1;1.7
2020/06/29;2300 UTC;0.0;954.0;954.0;953.6;;21.3;18.5;22.0;21.3;18.7;18.5;84.0;82.0;84.0;169.0;3.2;1.4
2020/06/30;0000 UTC;0.0;954.3;954.3;954.0;;20.7;17.9;21.3;20.7;18.5;17.9;84.0;83.0;84.0;176.0;3.2;1.2
2020/06/30;0100 UTC;0.0;954.3;954.4;954.3;;20.3;18.1;20.6;20.2;18.1;17.8;87.0;85.0;87.0;171.0;2.9;1.4
2020/06/30;0200 UTC;0.0;954.1;954.3;954.1;;20.0;18.1;20.3;20.0;18.1;17.9;89.0;87.0;89.0;170.0;3.0;1.6
2020/06/30;0300 UTC;0.0;953.7;954.1;953.7;;19.7;18.3;20.1;19.7;18.3;18.1;91.0;89.0;91.0;178.0;3.6;0.9
2020/06/30;0400 UTC;0.0;953.1;953.7;953.1;;19.6;18.6;19.7;19.5;18.6;18.3;94.0;91.0;94.0;172.0;2.9;0.9
2020/06/30;0500 UTC;0.0;952.5;953.1;952.5;;19.4;18.6;19.7;19.3;18.7;18.4;95.0;94.0;95.0;166.0;2.6;1.0
2020/06/30;0600 UTC;0.0;952.4;952.6;952.4;;19.1;18.4;19.6;19.1;18.8;18.4;96.0;95.0;96.0;179.0;2.3;1.1
2020/06/30;0700 UTC;0.0;952.4;952.5;952.3;;18.9;18.4;19.2;18.9;18.5;18.3;97.0;96.0;97.0;177.0;2.3;1.1
2020/06/30;0800 UTC;0.0;952.7;952.7;952.4;;18.9;18.5;19.0;18.9;18.5;18.3;97.0;97.0;97.0;180.0;2.4;0.9
2020/06/30;0900 UTC;0.2;952.8;952.8;952.7;28.1;19.2;18.8;19.2;18.8;18.8;18.4;98.0;97.0;97.0;171.0;3.6;1.7
2020/06/30;1000 UTC;0.0;953.3;953.3;952.8;544.3;20.7;19.8;20.9;19.2;20.2;18.8;98.0;95.0;95.0;177.0;4.0;1.7
2020/06/30;1100 UTC;0.0;953.8;953.8;953.3;1118.5;22.2;20.4;22.4;20.6;20.7;19.8;96.0;89.0;89.0;175.0;5.6;3.0
2020/06/30;1200 UTC;0.0;953.9;954.0;953.8;1296.9;22.1;19.5;23.2;22.0;20.5;19.1;89.0;82.0;86.0;175.0;9.4;3.1
2020/06/30;1300 UTC;0.0;953.6;953.9;953.6;1946.1;23.6;19.2;24.3;22.1;20.3;19.1;86.0;75.0;76.0;183.0;8.1;3.4
2020/06/30;1400 UTC;0.0;953.0;953.6;953.0;1612.0;24.1;19.8;24.2;23.0;20.1;19.0;80.0;76.0;77.0;177.0;7.7;4.1
2020/06/30;1500 UTC;0.0;952.3;953.0;952.3;2681.3;25.5;19.5;26.1;24.0;20.3;19.2;77.0;69.0;70.0;180.0;7.8;4.0
2020/06/30;1600 UTC;0.0;951.5;952.3;951.5;2071.7;25.7;19.6;26.1;24.8;20.2;19.1;72.0;67.0;69.0;187.0;9.4;5.3
2020/06/30;1700 UTC;0.0;951.1;951.5;951.1;2003.2;25.7;19.1;25.9;24.5;20.1;18.9;73.0;67.0;67.0;180.0;9.9;5.1
2020/06/30;1800 UTC;0.0;950.7;951.1;950.7;1937.6;26.2;19.4;26.4;25.6;19.4;18.8;67.0;64.0;66.0;183.0;8.1;3.4
2020/06/30;1900 UTC;0.0;951.0;951.0;950.7;670.5;24.9;19.3;26.2;24.8;19.6;19.0;72.0;65.0;71.0;183.0;7.6;4.1
2020/06/30;2000 UTC;0.0;951.4;951.4;951.0;164.2;24.1;18.8;24.9;24.1;19.4;18.7;72.0;70.0;72.0;185.0;8.1;3.4
2020/06/30;2100 UTC;0.0;951.8;951.8;951.3;3.5;23.2;19.4;24.1;23.2;19.4;18.7;79.0;72.0;79.0;207.0;6.5;3.1
2020/06/30;2200 UTC;0.0;952.2;952.3;951.8;;22.6;19.8;23.3;22.6;19.9;19.4;84.0;79.0;84.0;179.0;5.9;2.6
2020/06/30;2300 UTC;0.0;952.9;952.9;952.2;;21.6;19.5;22.6;21.6;19.8;19.5;88.0;84.0;88.0;182.0;5.1;2.7
2020/07/01;0000 UTC;0.0;953.1;953.1;952.8;;21.3;19.8;21.7;21.3;19.9;19.6;91.0;88.0;91.0;187.0;5.8;2.4
2020/07/01;0100 UTC;0.0;953.2;953.2;953.0;;21.1;19.9;21.3;21.0;20.0;19.8;93.0;91.0;93.0;178.0;4.4;1.6
2020/07/01;0200 UTC;0.0;953.1;953.2;953.0;;20.6;19.6;21.1;20.6;20.0;19.5;94.0;93.0;94.0;177.0;3.5;1.7
2020/07/01;0300 UTC;0.0;952.8;953.1;952.8;;20.3;19.3;20.7;20.3;19.6;19.3;94.0;94.0;94.0;174.0;3.2;1.3
2020/07/01;0400 UTC;0.0;952.3;952.8;952.3;;19.8;18.9;20.3;19.8;19.3;18.9;95.0;94.0;94.0;176.0;2.9;1.1
2020/07/01;0500 UTC;0.0;951.8;952.3;951.8;;19.1;18.4;19.8;19.1;18.9;18.4;96.0;94.0;96.0;212.0;2.9;0.6
2020/07/01;0600 UTC;0.0;951.5;951.8;951.5;;19.1;18.5;19.1;18.9;18.5;18.2;97.0;96.0;97.0;177.0;1.8;0.6
2020/07/01;0700 UTC;0.0;951.9;951.9;951.6;;18.8;18.4;19.2;18.8;18.7;18.4;97.0;97.0;97.0;177.0;1.8;0.7
2020/07/01;0800 UTC;0.0;952.2;952.3;951.9;;18.6;18.3;18.9;18.6;18.5;18.2;98.0;97.0;98.0;174.0;2.8;1.0
2020/07/01;0900 UTC;0.0;952.6;952.6;952.2;26.1;18.7;18.4;18.7;18.3;18.4;18.0;98.0;98.0;98.0;354.0;2.3;0.9
2020/07/01;1000 UTC;0.0;953.3;953.3;952.6;307.3;19.7;19.3;19.7;18.7;19.4;18.4;98.0;98.0;98.0;175.0;3.2;1.2
2020/07/01;1100 UTC;0.0;953.3;953.4;953.3;1296.5;21.8;20.7;21.8;19.6;21.0;19.3;98.0;93.0;93.0;174.0;4.1;2.0
2020/07/01;1200 UTC;0.0;953.4;953.5;953.3;1669.2;23.5;19.5;23.5;21.7;21.2;19.2;93.0;78.0;78.0;176.0;6.1;2.7
2020/07/01;1300 UTC;0.0;953.1;953.4;953.1;2112.5;24.4;18.6;24.4;22.9;19.1;18.0;78.0;70.0;70.0;180.0;6.5;3.1
2020/07/01;1400 UTC;0.0;952.4;953.1;952.4;2319.7;24.7;18.8;25.0;23.9;19.2;17.9;72.0;67.0;70.0;182.0;6.5;3.0
2020/07/01;1500 UTC;0.0;951.5;952.4;951.5;2268.1;26.2;18.8;26.2;24.2;19.2;18.1;71.0;63.0;64.0;181.0;5.8;2.5
2020/07/01;1600 UTC;0.0;950.9;951.6;950.9;2094.5;26.5;18.8;26.9;24.7;19.2;17.8;68.0;61.0;63.0;181.0;6.9;2.7
2020/07/01;1700 UTC;0.0;950.2;950.9;950.2;2648.1;26.4;18.4;26.8;26.0;19.1;17.8;65.0;59.0;61.0;179.0;6.8;2.9
2020/07/01;1800 UTC;0.0;950.2;950.3;950.1;1593.3;26.2;18.2;26.7;25.6;18.8;17.9;64.0;60.0;62.0;174.0;6.6;2.4
2020/07/01;1900 UTC;0.0;950.6;950.6;950.1;944.8;25.8;18.2;26.9;25.5;18.9;18.0;64.0;60.0;63.0;176.0;6.0;2.3
2020/07/01;2000 UTC;0.0;950.8;950.9;950.6;125.1;24.8;17.5;25.8;24.8;18.4;17.5;66.0;63.0;64.0;173.0;5.9;2.9
2020/07/01;2100 UTC;0.0;951.3;951.3;950.8;0.7;23.8;18.5;24.8;23.8;18.5;17.5;72.0;64.0;72.0;190.0;5.7;2.2
2020/07/01;2200 UTC;0.0;951.8;951.8;951.3;;22.6;18.5;23.8;22.6;18.5;18.4;78.0;72.0;78.0;191.0;6.1;3.1
2020/07/01;2300 UTC;0.0;952.7;952.7;951.8;;21.7;18.7;22.6;21.7;18.7;18.5;83.0;78.0;83.0;188.0;5.8;2.9
2020/07/02;0000 UTC;0.0;953.1;953.1;952.7;;21.2;18.6;21.7;21.2;18.8;18.5;85.0;83.0;85.0;203.0;5.2;2.4
2020/07/02;0100 UTC;0.0;953.1;953.1;953.0;;20.8;18.4;21.2;20.8;18.6;18.4;86.0;85.0;86.0;209.0;4.5;2.3
2020/07/02;0200 UTC;0.0;953.1;953.2;953.0;;20.4;18.1;20.8;20.4;18.4;18.1;87.0;86.0;87.0;197.0;4.0;2.2
2020/07/02;0300 UTC;0.0;952.7;953.1;952.7;;20.1;17.6;20.4;20.1;18.2;17.6;87.0;86.0;86.0;205.0;4.4;2.1
2020/07/02;0400 UTC;0.0;952.2;952.7;952.2;;19.8;17.5;20.2;19.8;17.7;17.5;86.0;86.0;86.0;194.0;3.6;1.8
2020/07/02;0500 UTC;0.0;951.8;952.2;951.8;;19.3;17.3;19.9;19.3;17.5;17.3;88.0;86.0;88.0;168.0;2.8;0.9
2020/07/02;0600 UTC;0.0;951.7;951.8;951.6;;18.4;17.1;19.3;18.4;17.5;16.9;92.0;88.0;92.0;178.0;2.2;0.2
2020/07/02;0700 UTC;0.0;951.9;951.9;951.7;;17.9;16.8;18.6;17.9;17.3;16.8;94.0;92.0;93.0;8.0;1.6;0.5
2020/07/02;0800 UTC;0.0;952.1;952.1;951.9;;17.7;17.0;17.9;17.4;17.1;16.6;96.0;93.0;95.0;183.0;1.7;0.7
2020/07/02;0900 UTC;0.0;952.4;952.4;952.1;23.2;18.0;17.5;18.1;17.6;17.5;16.9;96.0;95.0;96.0;117.0;1.9;0.2
2020/07/02;1000 UTC;0.0;953.0;953.0;952.3;551.2;20.0;18.9;20.0;18.0;19.0;17.4;97.0;94.0;94.0;174.0;2.0;1.2
2020/07/02;1100 UTC;0.0;953.9;953.9;953.0;1473.0;21.9;19.2;22.0;20.0;19.8;18.9;94.0;84.0;84.0;177.0;3.1;1.4
2020/07/02;1200 UTC;0.0;953.8;953.9;953.8;2173.6;23.5;19.3;23.5;21.9;19.5;18.7;85.0;76.0;77.0;179.0;4.9;2.2
2020/07/02;1300 UTC;0.0;953.4;953.8;953.4;2744.5;25.2;19.6;25.3;23.5;19.8;18.7;77.0;70.0;71.0;132.0;6.8;2.8
2020/07/02;1400 UTC;0.0;952.6;953.4;952.6;2925.9;25.7;19.4;26.4;24.6;20.1;18.7;72.0;67.0;68.0;188.0;7.1;3.3
2020/07/02;1500 UTC;0.0;952.1;952.7;952.1;2702.8;25.9;19.6;26.1;25.2;20.0;19.0;70.0;67.0;68.0;169.0;7.7;4.2
2020/07/02;1600 UTC;0.0;951.2;952.1;951.2;2749.6;27.1;19.8;27.3;25.4;20.4;18.9;70.0;63.0;64.0;154.0;7.5;3.1
2020/07/02;1700 UTC;0.0;950.7;951.3;950.7;2053.8;26.6;19.8;27.3;26.2;20.2;19.1;68.0;63.0;66.0;174.0;7.5;4.3
2020/07/02;1800 UTC;0.0;950.4;950.7;950.4;1818.5;26.8;19.5;27.4;26.3;20.2;19.0;67.0;61.0;64.0;181.0;7.5;3.1
2020/07/02;1900 UTC;0.0;950.8;950.8;950.4;1220.9;26.2;19.3;27.5;26.1;19.9;18.9;67.0;61.0;66.0;177.0;6.7;3.7
2020/07/02;2000 UTC;0.0;951.2;951.2;950.8;244.1;25.0;19.8;26.5;25.0;19.9;19.0;73.0;64.0;73.0;194.0;7.6;4.7
2020/07/02;2100 UTC;0.0;951.8;951.8;951.1;0.9;23.9;20.0;25.0;23.9;20.0;19.7;79.0;73.0;79.0;187.0;7.9;4.6
2020/07/02;2200 UTC;0.0;952.4;952.4;951.8;;22.7;20.2;23.9;22.7;20.2;20.0;86.0;79.0;86.0;169.0;8.4;4.2
2020/07/02;2300 UTC;0.0;953.1;953.1;952.4;;21.9;20.0;22.7;21.9;20.2;20.0;89.0;86.0;89.0;142.0;8.2;3.5
2020/07/03;0000 UTC;0.0;953.6;953.7;953.1;;21.3;20.0;21.9;21.3;20.1;20.0;92.0;89.0;92.0;113.0;8.0;3.4
2020/07/03;0100 UTC;0.0;953.7;953.8;953.7;;21.0;20.0;21.3;21.0;20.0;19.9;94.0;92.0;94.0;183.0;5.8;3.1
2020/07/03;0200 UTC;0.0;953.6;953.8;953.5;;21.1;20.3;21.2;21.0;20.3;20.0;95.0;94.0;95.0;188.0;7.4;3.7
2020/07/03;0300 UTC;0.0;953.2;953.6;953.2;;21.2;20.5;21.2;21.1;20.5;20.3;96.0;95.0;96.0;182.0;7.2;3.7
2020/07/03;0400 UTC;0.0;952.7;953.2;952.7;;21.0;20.4;21.2;21.0;20.6;20.4;97.0;96.0;97.0;194.0;7.1;3.6
2020/07/03;0500 UTC;0.0;952.5;952.7;952.4;;20.9;20.2;21.1;20.9;20.4;20.2;97.0;96.0;96.0;181.0;6.7;2.5
2020/07/03;0600 UTC;0.0;952.4;952.5;952.3;;20.9;20.2;21.0;20.8;20.3;20.1;96.0;96.0;96.0;181.0;5.6;2.1
2020/07/03;0700 UTC;0.0;952.6;952.6;952.4;;20.6;19.9;20.9;20.6;20.2;19.9;96.0;95.0;95.0;193.0;3.9;1.6
2020/07/03;0800 UTC;0.0;953.1;953.1;952.6;;20.3;19.6;20.7;20.3;19.9;19.6;96.0;95.0;96.0;189.0;3.1;0.7
2020/07/03;0900 UTC;0.0;953.4;953.4;953.1;29.4;20.7;20.1;20.7;20.3;20.1;19.6;96.0;96.0;96.0;175.0;2.4;0.7
2020/07/03;1000 UTC;0.0;954.0;954.0;953.4;472.1;22.1;20.8;22.2;20.8;21.0;20.1;96.0;92.0;92.0;181.0;4.5;2.2
2020/07/03;1100 UTC;0.0;954.4;954.4;954.0;1202.1;23.4;20.6;23.4;21.9;20.9;20.2;92.0;84.0;84.0;185.0;6.3;3.7
2020/07/03;1200 UTC;0.0;954.6;954.6;954.4;1970.4;24.5;19.8;24.9;22.9;21.2;19.2;84.0;74.0;75.0;179.0;6.3;2.8
2020/07/03;1300 UTC;0.0;954.3;954.7;954.2;2237.4;25.6;19.0;25.6;23.5;20.6;18.9;79.0;67.0;67.0;175.0;6.7;3.7
2020/07/03;1400 UTC;0.0;953.8;954.3;953.8;2840.9;26.7;19.7;26.7;25.3;19.7;18.5;68.0;63.0;66.0;178.0;6.7;2.4
2020/07/03;1500 UTC;0.0;953.0;953.8;953.0;2933.4;26.8;18.9;27.3;26.0;19.7;18.1;65.0;60.0;62.0;191.0;6.2;2.9
2020/07/03;1600 UTC;0.0;952.2;953.0;952.2;2148.3;26.1;19.7;27.3;26.0;19.8;18.4;68.0;60.0;68.0;179.0;7.1;3.4
2020/07/03;1700 UTC;0.0;952.0;952.2;952.0;2163.4;25.6;20.2;26.7;25.2;20.6;19.5;73.0;67.0;72.0;196.0;8.9;4.2
2020/07/03;1800 UTC;0.0;951.8;952.0;951.8;1733.9;25.6;20.3;26.0;24.8;20.7;19.5;74.0;71.0;72.0;184.0;8.2;3.8
2020/07/03;1900 UTC;0.0;952.1;952.1;951.8;987.3;24.4;19.8;25.7;24.2;20.3;19.2;76.0;71.0;76.0;178.0;7.2;4.4
2020/07/03;2000 UTC;0.0;952.7;952.7;952.1;282.6;21.8;20.0;24.5;21.7;20.4;19.7;90.0;75.0;90.0;186.0;8.1;4.3
2020/07/03;2100 UTC;0.0;953.0;953.0;952.6;3.3;21.4;18.6;21.9;21.1;20.1;18.6;90.0;84.0;84.0;160.0;8.0;3.5
2020/07/03;2200 UTC;0.0;953.5;953.5;953.0;;21.4;18.5;21.6;21.4;18.6;18.3;84.0;82.0;83.0;194.0;6.9;3.3
2020/07/03;2300 UTC;0.0;954.1;954.1;953.5;;21.4;19.2;21.5;21.2;19.2;18.5;87.0;83.0;87.0;185.0;6.4;3.2
2020/07/04;0000 UTC;0.0;954.5;954.5;954.1;;21.3;19.8;21.5;21.3;19.8;19.3;91.0;87.0;91.0;184.0;7.8;3.6
2020/07/04;0100 UTC;0.0;954.5;954.6;954.5;;21.3;20.2;21.3;21.2;20.2;19.8;94.0;91.0;94.0;192.0;6.4;3.5
2020/07/04;0200 UTC;0.0;954.5;954.6;954.5;;21.2;20.3;21.3;21.1;20.3;20.2;95.0;94.0;95.0;195.0;6.4;3.5
2020/07/04;0300 UTC;0.0;954.0;954.5;954.0;;20.8;20.1;21.2;20.8;20.3;20.1;96.0;95.0;96.0;186.0;5.7;2.5
2020/07/04;0400 UTC;0.0;953.7;954.0;953.7;;20.6;19.9;20.9;20.6;20.2;19.9;96.0;96.0;96.0;175.0;4.5;2.1
2020/07/04;0500 UTC;0.0;953.1;953.7;953.1;;20.4;19.6;20.6;20.4;19.9;19.6;96.0;95.0;95.0;176.0;4.5;2.2
2020/07/04;0600 UTC;0.0;953.1;953.1;953.0;;20.2;19.4;20.4;20.2;19.7;19.4;95.0;95.0;95.0;170.0;4.5;1.3
2020/07/04;0700 UTC;0.0;953.4;953.4;953.1;;20.2;19.4;20.2;20.1;19.5;19.3;95.0;95.0;95.0;177.0;2.8;1.2
2020/07/04;0800 UTC;0.0;953.4;953.5;953.3;;20.1;19.2;20.2;20.1;19.4;19.2;95.0;94.0;94.0;181.0;4.2;1.9
2020/07/04;0900 UTC;0.0;953.5;953.5;953.4;25.6;19.8;18.9;20.1;19.7;19.2;18.9;95.0;94.0;95.0;176.0;4.0;1.2
2020/07/04;1000 UTC;0.0;954.1;954.1;953.5;531.6;21.0;19.5;21.1;19.8;19.8;18.9;95.0;91.0;91.0;176.0;3.6;1.8
2020/07/04;1100 UTC;0.0;954.5;954.5;954.1;1448.5;22.8;17.8;23.1;21.0;19.8;17.8;91.0;74.0;74.0;189.0;4.7;2.8
2020/07/04;1200 UTC;0.0;954.6;954.6;954.5;2156.4;24.5;16.1;24.8;22.7;18.7;16.0;74.0;59.0;60.0;186.0;5.5;3.3
2020/07/04;1300 UTC;0.0;954.2;954.6;954.2;2702.5;25.6;15.5;25.9;24.4;17.1;15.3;60.0;54.0;54.0;195.0;7.2;4.5
2020/07/04;1400 UTC;0.0;953.7;954.2;953.6;3019.0;26.3;17.5;26.4;25.4;17.8;15.5;60.0;54.0;59.0;185.0;7.7;3.4
2020/07/04;1500 UTC;0.0;952.9;953.7;952.9;3153.9;26.9;18.3;27.5;26.0;18.4;16.5;60.0;54.0;59.0;185.0;8.0;3.8
2020/07/04;1600 UTC;0.0;952.3;952.9;952.3;2426.0;27.4;17.3;27.9;26.4;19.4;17.3;61.0;54.0;54.0;177.0;8.3;4.0
2020/07/04;1700 UTC;0.0;951.8;952.3;951.8;2390.3;26.5;17.5;27.7;26.4;18.1;17.0;58.0;53.0;57.0;178.0;8.2;3.6
2020/07/04;1800 UTC;0.0;951.7;951.9;951.6;1797.3;26.5;17.1;27.2;26.2;18.1;17.0;60.0;55.0;56.0;176.0;9.1;4.1
2020/07/04;1900 UTC;0.0;951.8;951.8;951.6;1191.0;25.8;17.0;26.6;25.8;17.6;16.7;58.0;56.0;58.0;174.0;7.5;3.5
2020/07/04;2000 UTC;0.0;952.2;952.2;951.8;244.8;25.0;17.0;26.3;25.0;17.4;16.9;61.0;57.0;61.0;174.0;7.4;3.2
2020/07/04;2100 UTC;0.0;952.6;952.6;952.2;0.3;24.1;17.4;25.0;24.1;17.4;17.1;66.0;61.0;66.0;173.0;5.9;2.8
2020/07/04;2200 UTC;0.0;953.2;953.2;952.6;;23.2;17.1;24.1;23.2;17.4;17.1;68.0;66.0;68.0;177.0;5.8;2.5
2020/07/04;2300 UTC;0.0;953.8;953.8;953.2;;22.4;17.3;23.2;22.4;17.3;17.1;73.0;68.0;73.0;166.0;5.8;2.6
2020/07/05;0000 UTC;0.0;954.2;954.2;953.8;;21.6;17.6;22.4;21.6;17.6;17.2;78.0;73.0;78.0;177.0;5.6;2.4
2020/07/05;0100 UTC;0.0;954.2;954.3;954.2;;21.0;17.8;21.6;21.0;17.8;17.6;82.0;78.0;82.0;182.0;5.2;2.1
2020/07/05;0200 UTC;0.0;954.0;954.2;954.0;;20.3;17.6;21.0;20.3;17.8;17.5;85.0;82.0;85.0;177.0;4.1;1.3
2020/07/05;0300 UTC;0.0;953.7;954.0;953.7;;19.8;17.5;20.3;19.8;17.7;17.5;86.0;85.0;86.0;179.0;3.5;1.7
2020/07/05;0400 UTC;0.0;953.3;953.8;953.3;;19.4;17.1;19.8;19.4;17.5;17.1;87.0;86.0;87.0;182.0;3.4;0.8
2020/07/05;0500 UTC;0.0;952.8;953.3;952.8;;18.8;16.9;19.4;18.7;17.2;16.7;89.0;87.0;89.0;178.0;2.2;0.6
2020/07/05;0600 UTC;0.0;952.4;952.8;952.4;;18.1;16.9;18.8;18.1;16.9;16.7;93.0;89.0;92.0;28.0;1.7;0.7
2020/07/05;0700 UTC;0.0;952.3;952.4;952.3;;18.0;17.0;18.1;17.8;17.1;16.7;94.0;92.0;94.0;168.0;3.1;0.7
2020/07/05;0800 UTC;0.0;952.5;952.5;952.3;;18.2;17.3;18.3;17.9;17.4;16.9;95.0;94.0;95.0;174.0;2.9;1.2
2020/07/05;0900 UTC;0.0;952.9;952.9;952.5;26.3;18.3;17.5;18.3;17.9;17.5;17.1;95.0;94.0;95.0;1.0;2.6;0.6
2020/07/05;1000 UTC;0.0;953.4;953.4;952.9;447.4;20.2;19.1;20.2;18.3;19.1;17.5;95.0;93.0;93.0;171.0;2.4;1.1
2020/07/05;1100 UTC;0.0;953.7;953.7;953.4;1081.1;21.6;19.3;21.7;20.1;19.8;18.9;93.0;87.0;87.0;176.0;6.4;2.6
2020/07/05;1200 UTC;0.0;953.9;953.9;953.6;1063.3;23.0;19.6;23.1;21.6;19.8;19.1;87.0;81.0;81.0;177.0;7.2;3.1
2020/07/05;1300 UTC;0.0;953.6;953.9;953.6;1346.3;24.2;20.2;24.2;22.7;20.4;19.4;82.0;78.0;78.0;176.0;8.2;3.8
2020/07/05;1400 UTC;0.0;953.2;953.6;953.2;1132.3;24.7;20.6;24.8;24.1;20.7;19.9;79.0;77.0;78.0;179.0;7.7;2.9
2020/07/05;1500 UTC;0.0;952.7;953.2;952.7;1789.5;25.8;21.3;26.0;24.7;21.6;20.3;78.0;74.0;76.0;174.0;7.7;3.1
2020/07/05;1600 UTC;0.4;951.9;952.7;951.9;1677.0;24.2;22.6;26.4;23.0;22.8;20.4;92.0;75.0;91.0;178.0;10.1;3.0
2020/07/05;1700 UTC;0.4;952.0;952.0;951.8;518.1;22.7;21.3;24.2;22.7;22.5;21.3;92.0;88.0;92.0;173.0;7.9;3.6
2020/07/05;1800 UTC;6.6;952.0;952.2;952.0;171.9;21.6;21.1;22.7;21.2;21.6;20.7;97.0;92.0;97.0;187.0;7.1;3.4
2020/07/05;1900 UTC;2.8;952.1;952.1;951.8;129.4;21.4;21.0;21.7;21.3;21.3;20.9;98.0;97.0;98.0;192.0;7.3;3.3
2020/07/05;2000 UTC;3.0;952.4;952.4;952.0;48.3;21.1;20.8;21.4;21.0;21.1;20.8;98.0;98.0;98.0;192.0;8.5;5.2
2020/07/05;2100 UTC;1.0;952.8;952.8;952.4;1.1;21.0;20.8;21.1;20.8;20.9;20.6;99.0;98.0;99.0;185.0;8.7;3.3
2020/07/05;2200 UTC;4.2;953.1;953.1;952.8;;21.1;20.9;21.2;21.0;21.0;20.8;99.0;99.0;99.0;200.0;6.1;2.5
2020/07/05;2300 UTC;4.2;953.4;953.5;953.1;;21.1;20.9;21.1;21.0;21.0;20.8;99.0;99.0;99.0;175.0;4.3;2.3
2020/07/06;0000 UTC;3.8;953.7;953.7;953.4;;21.2;21.0;21.2;21.0;21.0;20.9;99.0;99.0;99.0;170.0;5.1;2.0
2020/07/06;0100 UTC;3.0;953.5;953.7;953.5;;20.9;20.8;21.2;20.9;21.1;20.8;99.0;99.0;99.0;174.0;5.9;2.4
2020/07/06;0200 UTC;1.8;953.3;953.6;953.3;;20.8;20.7;21.0;20.8;20.8;20.6;99.0;99.0;99.0;175.0;5.9;2.7
2020/07/06;0300 UTC;2.0;952.8;953.3;952.8;;20.8;20.7;20.9;20.8;20.8;20.7;99.0;99.0;99.0;177.0;6.4;1.7
2020/07/06;0400 UTC;4.4;952.5;952.8;952.5;;20.7;20.6;20.9;20.7;20.8;20.6;99.0;99.0;99.0;173.0;4.5;2.0
2020/07/06;0500 UTC;2.8;952.0;952.5;952.0;;20.5;20.4;20.8;20.5;20.6;20.4;99.0;99.0;99.0;173.0;5.3;2.9
2020/07/06;0600 UTC;1.4;951.6;952.0;951.6;;20.4;20.3;20.6;20.3;20.5;20.3;99.0;99.0;99.0;176.0;5.9;2.7
2020/07/06;0700 UTC;2.6;951.7;951.7;951.6;;20.2;20.1;20.5;20.1;20.4;20.1;100.0;99.0;100.0;171.0;5.9;2.4
2020/07/06;0800 UTC;2.0;952.0;952.0;951.7;;20.2;20.2;20.3;20.1;20.2;20.1;100.0;100.0;100.0;169.0;5.6;2.2
2020/07/06;0900 UTC;0.6;952.5;952.5;952.0;9.3;20.0;20.0;20.3;20.0;20.2;19.9;100.0;100.0;100.0;172.0;5.2;1.7
2020/07/06;1000 UTC;0.6;953.2;953.2;952.5;321.1;20.6;20.5;20.6;20.0;20.5;20.0;100.0;99.0;99.0;178.0;5.4;2.0
2020/07/06;1100 UTC;0.0;953.7;953.7;953.2;314.0;20.6;20.5;20.8;20.4;20.7;20.3;99.0;99.0;99.0;189.0;4.8;2.2
2020/07/06;1200 UTC;0.0;953.7;953.8;953.7;1123.2;22.2;21.9;22.9;20.6;22.7;20.5;99.0;98.0;98.0;177.0;7.1;2.5
2020/07/06;1300 UTC;1.6;953.6;953.8;953.5;1163.4;21.5;20.5;23.3;21.5;22.8;20.5;98.0;92.0;94.0;178.0;7.3;2.4
2020/07/06;1400 UTC;0.0;952.7;953.6;952.7;2068.7;24.0;21.5;24.0;21.5;22.4;20.5;96.0;85.0;86.0;178.0;5.8;3.7
2020/07/06;1500 UTC;1.4;952.1;952.7;952.1;2192.0;25.0;22.4;25.1;21.3;22.7;19.6;95.0;81.0;85.0;180.0;8.1;2.6
2020/07/06;1600 UTC;1.0;951.6;952.2;951.6;723.0;23.3;21.6;25.0;21.9;21.9;20.0;94.0;82.0;90.0;179.0;7.5;2.7
2020/07/06;1700 UTC;0.0;951.3;951.6;951.3;1467.6;23.7;20.1;24.4;23.3;22.5;20.1;91.0;80.0;80.0;179.0;8.9;2.9
2020/07/06;1800 UTC;0.2;951.4;951.4;951.1;843.3;22.1;19.8;23.8;22.1;20.3;19.5;87.0;78.0;86.0;177.0;7.6;3.7
2020/07/06;1900 UTC;0.2;951.5;951.5;951.3;380.9;22.6;20.5;22.7;21.9;20.8;19.7;90.0;86.0;88.0;174.0;7.3;1.9
2020/07/06;2000 UTC;0.0;951.9;951.9;951.5;139.1;22.3;20.0;22.6;22.3;20.5;19.9;88.0;86.0;87.0;198.0;4.9;2.8
2020/07/06;2100 UTC;0.0;952.0;952.0;951.8;2.1;21.8;19.7;22.3;21.7;20.0;19.5;88.0;86.0;88.0;183.0;4.6;2.6
2020/07/06;2200 UTC;0.0;952.4;952.4;952.0;;21.1;19.1;21.8;21.1;19.8;19.1;90.0;88.0;89.0;170.0;6.3;2.3
2020/07/06;2300 UTC;0.0;953.2;953.2;952.4;;20.6;18.8;21.1;20.6;19.1;18.8;90.0;89.0;90.0;177.0;6.2;1.9
2020/07/07;0000 UTC;0.0;953.6;953.6;953.2;;20.0;18.5;20.6;20.0;18.8;18.5;91.0;90.0;91.0;182.0;4.7;1.6
2020/07/07;0100 UTC;0.0;953.7;953.7;953.6;;19.7;18.3;20.1;19.7;18.6;18.3;92.0;91.0;91.0;180.0;3.6;1.5
2020/07/07;0200 UTC;0.0;953.6;953.7;953.6;;19.2;17.8;19.7;19.2;18.3;17.8;92.0;91.0;92.0;178.0;3.8;1.8
2020/07/07;0300 UTC;0.2;953.4;953.6;953.4;;18.5;17.4;19.2;18.4;17.8;17.3;94.0;92.0;93.0;177.0;3.6;1.0
2020/07/07;0400 UTC;0.0;953.1;953.4;953.1;;18.1;17.2;18.5;18.0;17.4;17.0;95.0;93.0;94.0;177.0;2.4;1.2
2020/07/07;0500 UTC;0.0;952.6;953.1;952.6;;17.8;16.9;18.1;17.8;17.2;16.9;95.0;94.0;95.0;172.0;2.4;0.6
2020/07/07;0600 UTC;0.0;952.5;952.6;952.4;;17.5;16.8;17.8;17.5;17.0;16.8;96.0;95.0;95.0;175.0;2.0;0.6
2020/07/07;0700 UTC;0.0;952.5;952.6;952.4;;17.4;16.7;17.6;17.4;16.9;16.7;96.0;95.0;96.0;176.0;2.2;0.6
2020/07/07;0800 UTC;0.0;952.6;952.7;952.4;;17.3;16.6;17.5;17.3;16.8;16.6;96.0;96.0;96.0;176.0;2.1;0.7
2020/07/07;0900 UTC;0.0;952.8;952.8;952.6;25.4;17.7;17.0;17.7;17.3;17.1;16.6;96.0;96.0;96.0;174.0;2.4;0.3
2020/07/07;1000 UTC;0.0;953.2;953.2;952.8;534.9;19.6;18.4;19.6;17.7;18.6;17.1;96.0;93.0;93.0;178.0;1.8;0.8
2020/07/07;1100 UTC;0.0;953.7;953.7;953.2;1266.7;20.7;18.5;20.8;19.6;18.8;18.2;93.0;87.0;87.0;177.0;4.3;2.2
2020/07/07;1200 UTC;0.0;953.9;953.9;953.6;2095.3;22.6;18.6;22.8;20.7;19.5;18.3;87.0;77.0;79.0;176.0;5.7;2.5
2020/07/07;1300 UTC;0.0;953.6;953.9;953.6;2732.6;23.7;18.0;24.0;22.4;18.9;17.9;79.0;70.0;70.0;178.0;6.1;3.1
2020/07/07;1400 UTC;0.0;952.8;953.6;952.8;2948.7;24.1;18.0;25.3;23.5;19.0;17.8;72.0;66.0;69.0;182.0;6.5;3.1
2020/07/07;1500 UTC;0.0;952.3;952.8;952.3;3051.4;25.6;18.3;26.3;24.1;19.3;17.9;70.0;62.0;64.0;180.0;7.3;3.6
2020/07/07;1600 UTC;0.0;951.7;952.3;951.7;2232.1;25.8;18.5;26.5;25.0;19.2;17.8;67.0;62.0;64.0;176.0;7.6;3.2
2020/07/07;1700 UTC;0.0;951.0;951.7;951.0;2191.6;25.6;18.1;26.4;25.0;18.9;17.5;65.0;60.0;63.0;182.0;8.6;3.5
2020/07/07;1800 UTC;0.0;950.9;951.0;950.8;1682.7;25.6;17.6;26.6;25.1;18.6;17.0;64.0;59.0;61.0;170.0;7.6;3.1
2020/07/07;1900 UTC;0.0;951.3;951.3;950.9;1099.2;25.7;18.2;26.0;25.3;18.2;17.3;63.0;60.0;63.0;175.0;6.4;2.4
2020/07/07;2000 UTC;0.0;951.4;951.4;951.2;214.2;24.2;18.3;25.7;24.2;18.4;17.6;69.0;62.0;69.0;172.0;6.5;2.1
2020/07/07;2100 UTC;0.0;951.7;951.7;951.4;1.5;23.4;18.8;24.3;23.4;18.8;18.3;75.0;69.0;75.0;172.0;4.3;1.8
2020/07/07;2200 UTC;0.0;952.3;952.3;951.7;;22.2;19.3;23.5;22.2;19.3;18.7;84.0;75.0;84.0;175.0;6.2;3.2
2020/07/07;2300 UTC;0.0;952.8;952.8;952.3;;21.6;18.8;22.2;21.6;19.4;18.8;86.0;84.0;84.0;172.0;6.7;2.3
2020/07/08;0000 UTC;0.0;953.1;953.1;952.8;;21.0;18.7;21.6;20.9;18.8;18.6;87.0;84.0;87.0;173.0;5.4;1.9
2020/07/08;0100 UTC;0.0;953.2;953.3;953.1;;20.5;18.4;21.0;20.5;18.6;18.4;88.0;86.0;88.0;179.0;3.0;1.1
2020/07/08;0200 UTC;0.0;953.0;953.2;952.9;;19.7;18.3;20.5;19.7;18.5;18.2;91.0;88.0;91.0;180.0;2.4;0.2
2020/07/08;0300 UTC;0.0;952.7;953.1;952.7;;19.2;18.1;19.8;19.2;18.4;18.0;93.0;91.0;93.0;178.0;1.5;0.1
2020/07/08;0400 UTC;0.0;952.5;952.7;952.5;;19.3;18.3;19.3;19.0;18.4;18.0;94.0;93.0;94.0;172.0;1.6;0.7
2020/07/08;0500 UTC;0.0;952.2;952.5;952.1;;19.3;18.3;19.3;19.2;18.4;18.2;94.0;94.0;94.0;177.0;3.0;0.5
2020/07/08;0600 UTC;0.0;952.1;952.2;952.0;;19.1;18.2;19.3;19.1;18.3;18.1;94.0;94.0;94.0;169.0;1.6;0.4
2020/07/08;0700 UTC;0.0;952.0;952.1;951.9;;18.8;17.9;19.5;18.8;18.5;17.9;95.0;94.0;95.0;181.0;1.7;0.5
2020/07/08;0800 UTC;0.0;952.0;952.0;952.0;;18.9;18.2;19.1;18.7;18.3;17.8;96.0;95.0;96.0;183.0;1.9;1.0
2020/07/08;0900 UTC;0.0;952.2;952.2;952.0;43.1;19.4;18.8;19.4;18.9;18.8;18.2;96.0;96.0;96.0;178.0;3.0;1.3
2020/07/08;1000 UTC;0.0;952.5;952.5;952.2;572.8;20.7;19.7;20.7;19.4;19.7;18.8;96.0;94.0;94.0;174.0;3.4;1.0
2020/07/08;1100 UTC;0.0;952.9;952.9;952.4;1468.8;22.6;19.8;22.6;20.7;20.3;19.3;94.0;84.0;84.0;178.0;4.1;2.0
2020/07/08;1200 UTC;0.0;953.5;953.5;952.9;1259.6;22.9;19.6;23.3;22.0;20.0;18.8;84.0;80.0;82.0;177.0;5.4;1.6
2020/07/08;1300 UTC;0.0;953.3;953.5;953.3;2576.3;24.4;18.3;25.0;22.9;20.3;18.3;82.0;68.0;69.0;184.0;6.3;3.5
2020/07/08;1400 UTC;0.0;952.9;953.3;952.8;2349.6;25.7;18.9;25.8;23.8;19.5;18.2;74.0;66.0;66.0;185.0;5.9;2.8
2020/07/08;1500 UTC;0.0;952.2;952.9;952.2;2576.6;25.5;19.2;26.6;25.4;19.6;18.3;69.0;63.0;68.0;177.0;7.6;2.9
2020/07/08;1600 UTC;0.0;951.6;952.3;951.6;2827.5;26.4;18.8;26.9;25.1;20.1;18.5;71.0;62.0;63.0;190.0;6.8;4.0
2020/07/08;1700 UTC;0.0;951.3;951.6;951.2;2505.5;26.9;18.5;27.1;26.1;20.0;17.5;66.0;58.0;60.0;193.0;8.2;3.9
2020/07/08;1800 UTC;0.0;951.2;951.3;951.2;2028.0;26.7;17.3;27.1;26.4;19.0;17.2;63.0;56.0;57.0;177.0;7.4;4.1
2020/07/08;1900 UTC;0.0;951.7;951.7;951.2;1157.3;25.2;19.7;26.9;25.2;19.7;17.5;71.0;57.0;71.0;187.0;8.2;4.4
2020/07/08;2000 UTC;0.0;952.2;952.2;951.7;275.3;24.3;19.5;25.3;24.2;20.0;19.2;75.0;72.0;75.0;195.0;8.2;3.5
2020/07/08;2100 UTC;0.0;952.5;952.5;952.2;1.4;23.5;19.2;24.3;23.5;19.4;19.2;77.0;74.0;77.0;200.0;6.1;3.3
2020/07/08;2200 UTC;0.0;952.9;953.0;952.5;;22.8;19.3;23.6;22.8;19.3;19.1;81.0;77.0;81.0;203.0;7.2;3.9
2020/07/08;2300 UTC;0.0;953.4;953.4;952.9;;22.2;19.3;22.8;22.1;19.3;19.2;84.0;81.0;84.0;195.0;6.6;3.6
2020/07/09;0000 UTC;0.0;953.8;953.8;953.4;;21.6;19.4;22.2;21.6;19.4;19.2;87.0;84.0;87.0;197.0;7.0;2.4
2020/07/09;0100 UTC;0.0;953.9;953.9;953.8;;21.0;19.4;21.6;21.0;19.4;19.2;90.0;87.0;90.0;204.0;4.7;2.5
2020/07/09;0200 UTC;0.0;953.9;953.9;953.8;;20.7;19.4;21.0;20.7;19.4;19.3;92.0;90.0;92.0;198.0;4.3;2.2
2020/07/09;0300 UTC;0.0;953.7;954.0;953.7;;20.4;19.4;20.7;20.4;19.4;19.3;94.0;92.0;94.0;180.0;4.1;1.8
2020/07/09;0400 UTC;0.0;953.4;953.7;953.4;;20.7;19.8;20.7;20.3;19.8;19.4;95.0;94.0;95.0;175.0;4.0;1.7
2020/07/09;0500 UTC;0.0;953.3;953.4;953.3;;20.9;20.0;20.9;20.7;20.0;19.8;95.0;94.0;94.0;175.0;3.6;1.5
2020/07/09;0600 UTC;0.0;953.2;953.3;953.2;;20.8;19.8;21.0;20.8;20.0;19.8;94.0;94.0;94.0;178.0;3.7;1.3
2020/07/09;0700 UTC;0.0;953.5;953.5;953.2;;20.6;19.8;20.8;20.6;19.9;19.8;95.0;94.0;95.0;177.0;3.8;1.3
2020/07/09;0800 UTC;0.0;953.6;953.6;953.4;;20.5;19.8;20.7;20.4;19.9;19.7;96.0;95.0;96.0;177.0;3.3;1.5
2020/07/09;0900 UTC;0.0;953.7;953.7;953.6;18.1;20.6;19.9;20.6;20.4;20.0;19.7;96.0;96.0;96.0;178.0;2.8;1.2
2020/07/09;1000 UTC;0.0;954.2;954.2;953.7;217.9;21.3;20.5;21.3;20.6;20.6;19.9;96.0;95.0;95.0;178.0;3.2;1.4
2020/07/09;1100 UTC;0.0;954.8;954.8;954.2;340.5;21.7;20.8;21.7;21.1;20.8;20.4;96.0;95.0;95.0;178.0;4.6;2.2
2020/07/09;1200 UTC;0.0;955.2;955.2;954.8;817.4;21.7;20.4;22.1;21.6;21.0;20.3;95.0;92.0;92.0;193.0;6.3;3.8
2020/07/09;1300 UTC;0.0;955.3;955.4;955.2;934.0;21.7;20.0;22.2;21.6;20.6;20.0;92.0;90.0;90.0;187.0;7.1;3.9
2020/07/09;1400 UTC;0.0;954.7;955.3;954.7;1734.2;24.1;20.7;24.3;21.7;21.2;20.2;91.0;81.0;81.0;173.0;6.2;3.0
2020/07/09;1500 UTC;0.0;954.3;954.7;954.3;2272.5;24.6;20.0;25.3;24.0;21.2;20.0;81.0;74.0;76.0;177.0;6.9;3.5
2020/07/09;1600 UTC;0.0;953.8;954.3;953.8;2421.4;24.3;20.2;26.2;24.3;20.7;19.7;78.0;70.0;78.0;181.0;6.8;4.3
2020/07/09;1700 UTC;1.6;954.1;954.1;953.6;1638.6;21.3;20.3;25.5;21.3;21.0;19.9;94.0;75.0;94.0;176.0;10.9;5.3
2020/07/09;1800 UTC;3.8;954.2;954.2;954.1;364.9;21.6;21.0;21.7;20.5;21.0;19.7;97.0;94.0;96.0;181.0;8.1;1.5
2020/07/09;1900 UTC;0.0;954.3;954.4;954.2;505.5;22.5;21.2;22.5;21.6;21.5;21.1;96.0;93.0;93.0;203.0;4.8;2.8
2020/07/09;2000 UTC;0.0;954.3;954.4;954.3;175.5;22.2;20.6;22.5;22.2;21.2;20.6;93.0;91.0;91.0;199.0;4.8;2.8
2020/07/09;2100 UTC;1.2;955.0;955.0;954.3;2.3;20.6;20.1;22.2;20.6;20.8;19.5;96.0;91.0;96.0;185.0;8.6;3.5
2020/07/09;2200 UTC;0.2;955.3;955.3;955.0;;20.9;20.5;21.1;20.6;20.6;20.0;97.0;96.0;97.0;175.0;5.8;1.6
2020/07/09;2300 UTC;0.0;955.7;955.7;955.3;;21.0;20.6;21.1;20.8;20.7;20.4;98.0;97.0;97.0;175.0;3.1;1.0
2020/07/10;0000 UTC;0.0;955.7;955.8;955.6;;21.2;20.8;21.2;21.0;20.8;20.5;98.0;97.0;97.0;182.0;3.3;1.7
2020/07/10;0100 UTC;0.0;955.8;955.9;955.7;;21.4;20.9;21.4;21.2;21.0;20.8;97.0;97.0;97.0;161.0;3.4;1.6
2020/07/10;0200 UTC;0.0;955.5;955.8;955.5;;21.2;20.8;21.4;21.2;21.0;20.8;97.0;97.0;97.0;184.0;4.4;2.2
2020/07/10;0300 UTC;0.0;955.0;955.5;955.0;;21.0;20.6;21.3;21.0;20.8;20.6;98.0;97.0;98.0;167.0;4.2;2.0
2020/07/10;0400 UTC;0.8;954.6;955.0;954.6;;20.7;20.4;21.1;20.6;20.7;20.2;98.0;98.0;98.0;188.0;8.0;3.6
2020/07/10;0500 UTC;0.0;954.4;954.6;954.3;;20.6;20.2;20.8;20.6;20.4;20.2;98.0;97.0;97.0;176.0;6.2;1.9
2020/07/10;0600 UTC;0.0;954.3;954.4;954.3;;20.5;19.9;20.7;20.5;20.3;19.9;98.0;96.0;96.0;193.0;9.8;2.7
2020/07/10;0700 UTC;0.0;954.6;954.6;954.3;;20.4;20.0;20.6;20.4;20.0;19.9;97.0;96.0;97.0;194.0;5.7;2.4
2020/07/10;0800 UTC;0.0;954.6;954.7;954.5;;20.5;20.1;20.6;20.4;20.1;20.0;98.0;97.0;97.0;204.0;4.3;2.7
2020/07/10;0900 UTC;0.0;954.5;954.6;954.5;28.1;20.5;20.1;20.6;20.5;20.2;20.1;98.0;97.0;98.0;182.0;4.1;2.0
2020/07/10;1000 UTC;0.0;954.7;954.7;954.5;422.3;21.3;20.7;21.3;20.5;20.8;20.2;98.0;97.0;97.0;179.0;5.9;3.7
2020/07/10;1100 UTC;0.0;955.0;955.0;954.6;1205.2;22.2;20.5;22.5;21.2;21.3;20.3;97.0;90.0;90.0;187.0;7.8;4.8
2020/07/10;1200 UTC;0.0;955.3;955.3;954.9;1680.0;23.4;20.3;23.7;22.2;21.2;20.0;90.0;82.0;82.0;178.0;8.0;4.1
2020/07/10;1300 UTC;0.0;955.1;955.3;955.1;1813.5;24.0;20.2;24.6;22.9;21.3;20.0;85.0;79.0;79.0;169.0;7.9;3.6
2020/07/10;1400 UTC;0.0;954.8;955.1;954.8;2354.4;24.8;20.2;25.2;23.9;21.0;19.7;81.0;74.0;75.0;188.0;7.6;3.8
2020/07/10;1500 UTC;0.0;954.0;954.8;954.0;2180.7;25.6;20.2;26.2;24.7;21.3;19.8;77.0;71.0;72.0;175.0;7.8;3.4
2020/07/10;1600 UTC;0.0;953.3;954.0;953.3;2399.6;26.0;20.2;26.6;24.9;21.0;19.9;76.0;69.0;70.0;167.0;7.6;3.7
2020/07/10;1700 UTC;0.0;953.1;953.3;953.0;1946.9;25.0;19.5;26.4;24.9;21.0;19.5;76.0;69.0;72.0;187.0;8.9;5.4
2020/07/10;1800 UTC;0.0;953.0;953.2;953.0;696.0;24.2;20.7;25.0;23.9;21.0;19.4;81.0;72.0;81.0;182.0;8.8;2.2
2020/07/10;1900 UTC;5.2;953.3;953.4;953.0;236.4;21.4;20.2;24.6;21.2;21.1;19.1;93.0;80.0;93.0;175.0;7.0;2.4
2020/07/10;2000 UTC;0.2;953.5;953.5;953.3;76.5;22.9;21.5;22.9;21.4;21.7;20.3;95.0;92.0;92.0;173.0;4.7;1.9
2020/07/10;2100 UTC;0.0;953.7;953.7;953.4;4.4;22.5;20.4;22.9;22.5;21.5;20.4;92.0;88.0;88.0;176.0;4.3;2.1
2020/07/10;2200 UTC;0.0;954.1;954.1;953.7;;21.8;20.0;22.5;21.8;20.4;20.0;89.0;88.0;89.0;177.0;4.4;1.8
2020/07/10;2300 UTC;0.0;954.5;954.5;954.1;;21.3;20.0;21.8;21.3;20.0;19.9;92.0;89.0;92.0;181.0;3.7;1.2
2020/07/11;0000 UTC;0.0;954.8;954.8;954.5;;21.0;19.4;21.4;21.0;20.1;19.4;92.0;90.0;90.0;178.0;3.7;1.9
2020/07/11;0100 UTC;0.0;955.1;955.1;954.8;;20.6;19.2;21.0;20.6;19.4;19.2;92.0;90.0;92.0;181.0;4.5;1.5
2020/07/11;0200 UTC;0.0;954.8;955.1;954.7;;20.1;19.1;20.6;20.1;19.3;19.1;94.0;92.0;94.0;176.0;4.2;1.0
2020/07/11;0300 UTC;0.0;954.5;954.9;954.5;;20.0;19.0;20.2;20.0;19.2;19.0;94.0;94.0;94.0;179.0;3.2;1.3
2020/07/11;0400 UTC;0.0;954.0;954.5;954.0;;19.3;18.4;20.0;19.3;19.0;18.4;95.0;94.0;95.0;179.0;3.3;0.9
2020/07/11;0500 UTC;0.0;953.7;954.0;953.7;;18.8;18.0;19.3;18.8;18.5;18.0;95.0;95.0;95.0;181.0;2.2;0.1
2020/07/11;0600 UTC;0.0;953.8;953.8;953.6;;18.4;17.8;18.8;18.3;18.1;17.7;97.0;95.0;96.0;81.0;2.0;1.1
2020/07/11;0700 UTC;0.0;953.9;954.0;953.8;;18.0;17.5;18.4;18.0;17.8;17.5;97.0;96.0;97.0;62.0;2.9;1.2
2020/07/11;0800 UTC;0.0;954.0;954.1;953.9;;18.1;17.7;18.2;18.0;17.8;17.6;98.0;97.0;98.0;193.0;2.9;1.6
2020/07/11;0900 UTC;0.0;954.0;954.0;953.8;21.8;18.3;17.9;18.3;17.9;17.9;17.6;98.0;97.0;98.0;179.0;4.0;1.8
2020/07/11;1000 UTC;0.0;954.5;954.5;954.0;529.8;19.8;19.0;19.8;18.3;19.2;17.9;98.0;95.0;95.0;178.0;4.0;1.7
2020/07/11;1100 UTC;0.0;954.9;954.9;954.5;1397.7;21.4;18.8;21.7;19.7;19.8;18.8;96.0;85.0;85.0;176.0;5.8;2.5
2020/07/11;1200 UTC;0.0;955.1;955.1;954.9;2184.1;23.3;18.4;23.4;21.2;18.9;17.9;85.0;74.0;74.0;176.0;7.2;2.5
2020/07/11;1300 UTC;0.0;954.8;955.1;954.8;2544.2;24.0;17.5;24.5;22.9;18.7;17.2;74.0;66.0;67.0;177.0;7.5;4.2
2020/07/11;1400 UTC;0.0;954.1;954.8;954.1;3093.2;25.7;17.6;25.8;24.0;18.4;16.9;68.0;61.0;61.0;177.0;9.3;3.3
2020/07/11;1500 UTC;0.0;953.3;954.1;953.3;3079.3;26.2;16.8;26.6;25.3;17.7;16.4;61.0;55.0;56.0;178.0;7.9;3.8
2020/07/11;1600 UTC;0.0;952.5;953.3;952.4;2776.0;27.1;16.7;27.4;26.1;17.9;16.4;59.0;53.0;53.0;175.0;8.2;3.8
2020/07/11;1700 UTC;0.0;951.9;952.5;951.9;2293.4;26.9;17.2;27.4;26.3;18.0;16.1;58.0;52.0;55.0;178.0;8.1;3.8
2020/07/11;1800 UTC;0.0;951.7;951.9;951.7;1816.6;26.2;16.5;27.3;26.1;17.6;16.3;58.0;53.0;55.0;179.0;8.4;3.9
2020/07/11;1900 UTC;0.0;952.0;952.0;951.7;1055.7;26.2;17.6;26.7;25.7;17.8;16.6;60.0;55.0;59.0;180.0;7.5;3.8
2020/07/11;2000 UTC;0.0;952.6;952.6;951.9;206.2;23.1;20.4;26.2;23.0;20.5;17.3;85.0;58.0;85.0;207.0;7.1;4.3
2020/07/11;2100 UTC;0.0;953.1;953.2;952.6;3.7;21.9;20.0;23.2;21.8;20.4;19.4;89.0;81.0;89.0;186.0;8.6;3.7
2020/07/11;2200 UTC;0.0;953.5;953.5;953.1;;21.0;20.0;21.9;21.0;20.1;19.9;94.0;89.0;94.0;186.0;8.0;3.1
2020/07/11;2300 UTC;0.0;953.6;953.7;953.5;;20.6;19.5;21.0;20.5;20.1;19.5;94.0;93.0;94.0;203.0;7.9;4.2
2020/07/12;0000 UTC;0.0;954.1;954.1;953.6;;20.6;19.7;20.6;20.4;19.7;19.5;95.0;94.0;95.0;174.0;7.2;2.6
2020/07/12;0100 UTC;0.2;954.1;954.1;954.0;;20.1;19.6;20.5;20.0;19.7;19.4;97.0;95.0;97.0;175.0;5.5;2.1
2020/07/12;0200 UTC;0.6;953.7;954.1;953.7;;20.0;19.7;20.2;19.9;19.7;19.5;98.0;97.0;98.0;178.0;5.0;2.1
2020/07/12;0300 UTC;0.8;953.2;953.7;953.2;;19.9;19.6;20.1;19.7;19.8;19.4;98.0;98.0;98.0;177.0;5.4;1.4
2020/07/12;0400 UTC;0.0;952.8;953.3;952.8;;20.1;19.8;20.2;19.9;19.9;19.6;98.0;98.0;98.0;177.0;2.5;1.1
2020/07/12;0500 UTC;0.0;952.4;952.8;952.4;;19.9;19.6;20.1;19.9;19.8;19.5;98.0;98.0;98.0;178.0;3.6;1.1
2020/07/12;0600 UTC;0.0;952.4;952.5;952.4;;20.0;19.7;20.1;19.9;19.7;19.5;98.0;98.0;98.0;180.0;2.9;1.0
2020/07/12;0700 UTC;0.0;952.9;952.9;952.4;;20.0;19.6;20.3;20.0;19.9;19.6;98.0;97.0;98.0;179.0;4.6;2.5
2020/07/12;0800 UTC;1.0;953.2;953.2;952.9;;19.7;19.4;20.0;19.6;19.6;19.4;99.0;98.0;99.0;174.0;5.0;2.5
2020/07/12;0900 UTC;0.8;953.5;953.5;953.1;9.4;19.6;19.4;19.7;19.6;19.5;19.4;99.0;98.0;99.0;170.0;7.1;2.9
2020/07/12;1000 UTC;0.2;954.3;954.3;953.5;257.1;20.3;20.1;20.3;19.6;20.1;19.4;99.0;99.0;99.0;181.0;5.4;2.9
2020/07/12;1100 UTC;0.4;954.9;954.9;954.3;561.2;20.8;20.5;20.8;20.3;20.5;20.1;99.0;98.0;98.0;178.0;6.9;3.6
2020/07/12;1200 UTC;0.0;954.8;955.1;954.8;1164.8;21.9;20.6;21.9;20.8;21.0;20.2;98.0;92.0;92.0;192.0;10.6;6.0
2020/07/12;1300 UTC;0.0;954.7;954.9;954.6;1574.2;22.5;19.8;22.7;21.8;21.0;19.3;92.0;84.0;85.0;182.0;10.7;5.4
2020/07/12;1400 UTC;0.0;954.1;954.7;954.1;1575.4;23.8;20.4;23.9;21.9;20.7;19.2;88.0;81.0;81.0;179.0;9.4;3.9
2020/07/12;1500 UTC;0.0;953.5;954.1;953.4;1933.1;24.2;18.3;24.3;23.2;20.0;18.1;81.0;69.0;69.0;174.0;12.0;4.4
2020/07/12;1600 UTC;0.0;953.0;953.5;952.9;2283.7;24.8;17.7;25.2;24.3;18.7;17.4;70.0;64.0;65.0;178.0;9.7;3.8
2020/07/12;1700 UTC;0.0;952.6;953.0;952.6;1790.0;24.6;18.5;24.8;23.8;19.1;17.6;73.0;65.0;69.0;180.0;8.8;4.3
2020/07/12;1800 UTC;0.0;952.4;952.6;952.4;1636.2;25.8;17.5;25.8;24.1;18.7;16.7;70.0;60.0;60.0;178.0;8.1;3.0
2020/07/12;1900 UTC;0.0;952.4;952.5;952.3;1130.0;24.6;16.5;25.8;24.6;17.3;16.4;63.0;59.0;61.0;177.0;10.1;3.2
2020/07/12;2000 UTC;0.0;952.8;952.8;952.4;335.5;23.1;16.5;24.6;23.1;16.9;16.3;66.0;61.0;66.0;178.0;7.6;2.6
2020/07/12;2100 UTC;0.0;953.5;953.5;952.8;2.1;22.2;16.9;23.1;22.2;16.9;16.5;72.0;66.0;72.0;184.0;5.6;2.7
2020/07/12;2200 UTC;0.0;953.8;953.8;953.4;;21.5;17.3;22.3;21.5;17.3;16.9;77.0;72.0;77.0;192.0;6.5;3.4
2020/07/12;2300 UTC;0.0;954.4;954.4;953.8;;20.8;17.6;21.5;20.8;17.7;17.3;82.0;77.0;82.0;182.0;5.9;2.8
2020/07/13;0000 UTC;0.0;954.6;954.7;954.4;;20.0;17.5;20.8;20.0;17.6;17.5;86.0;82.0;86.0;168.0;4.9;1.4
2020/07/13;0100 UTC;0.0;954.6;954.6;954.4;;19.7;17.7;20.0;19.7;17.8;17.5;88.0;86.0;88.0;169.0;3.4;1.8
2020/07/13;0200 UTC;0.0;954.8;954.8;954.6;;19.8;18.2;19.8;19.5;18.2;17.7;91.0;88.0;91.0;175.0;4.0;2.1
2020/07/13;0300 UTC;0.0;954.6;954.8;954.6;;19.3;17.9;19.8;19.2;18.2;17.9;92.0;90.0;92.0;166.0;4.0;1.0
2020/07/13;0400 UTC;0.0;954.1;954.6;954.1;;18.9;17.9;19.3;18.9;18.0;17.9;94.0;92.0;93.0;163.0;2.6;1.1
2020/07/13;0500 UTC;0.0;953.6;954.1;953.6;;18.2;17.4;18.9;18.2;17.9;17.4;95.0;93.0;95.0;179.0;1.9;0.3
2020/07/13;0600 UTC;0.0;953.5;953.7;953.5;;17.8;17.2;18.8;17.8;18.1;17.2;96.0;95.0;96.0;176.0;2.8;0.5
2020/07/13;0700 UTC;0.0;953.6;953.7;953.4;;17.5;17.0;17.9;17.5;17.4;17.0;97.0;96.0;97.0;233.0;1.1;0.0
2020/07/13;0800 UTC;0.2;954.2;954.2;953.6;;17.4;17.1;17.7;17.4;17.4;17.0;98.0;97.0;98.0;91.0;1.0;0.1
2020/07/13;0900 UTC;0.0;954.6;954.6;954.2;25.0;17.5;17.3;17.6;17.2;17.3;16.9;99.0;98.0;99.0;178.0;1.1;0.2
2020/07/13;1000 UTC;0.0;955.1;955.1;954.5;480.4;19.6;19.3;19.6;17.5;19.4;17.4;99.0;98.0;98.0;173.0;1.7;0.8
2020/07/13;1100 UTC;0.0;955.4;955.4;955.1;1510.4;22.3;20.3;22.3;19.6;20.9;19.3;98.0;88.0;88.0;173.0;4.4;2.3
2020/07/13;1200 UTC;0.0;955.3;955.5;955.3;2255.2;23.9;16.8;24.1;22.3;20.1;16.8;88.0;64.0;64.0;174.0;7.4;2.9
2020/07/13;1300 UTC;0.0;955.2;955.4;955.1;2754.4;24.7;16.1;24.9;23.6;17.9;15.7;68.0;58.0;59.0;177.0;9.2;4.8
2020/07/13;1400 UTC;0.0;954.7;955.2;954.7;3166.9;25.8;17.2;26.0;24.6;17.5;15.7;62.0;57.0;59.0;173.0;9.2;3.9
2020/07/13;1500 UTC;0.0;954.2;954.7;954.2;2778.5;25.3;16.9;26.1;25.2;17.4;16.2;59.0;56.0;59.0;184.0;9.7;4.1
2020/07/13;1600 UTC;0.0;953.4;954.2;953.4;1925.1;26.2;17.5;26.3;25.1;17.9;16.9;63.0;59.0;59.0;183.0;8.8;3.5
2020/07/13;1700 UTC;0.0;953.1;953.5;953.1;1926.8;25.8;16.9;26.5;25.0;18.2;16.8;62.0;58.0;58.0;184.0;9.0;5.1
2020/07/13;1800 UTC;0.0;953.1;953.2;953.0;1657.9;25.9;16.4;26.1;25.3;17.1;16.0;59.0;55.0;56.0;179.0;8.0;3.6
2020/07/13;1900 UTC;0.0;953.4;953.4;953.1;1103.7;24.9;16.4;26.0;24.8;16.8;16.1;59.0;55.0;59.0;193.0;8.0;4.1
2020/07/13;2000 UTC;0.0;953.9;953.9;953.4;313.2;24.0;16.5;25.2;24.0;17.0;16.3;63.0;59.0;63.0;189.0;8.2;3.7
2020/07/13;2100 UTC;0.0;954.2;954.2;953.8;3.0;22.9;17.1;24.0;22.9;17.1;16.5;70.0;63.0;70.0;198.0;6.5;3.1
2020/07/13;2200 UTC;0.0;954.9;954.9;954.2;;22.1;17.3;22.9;22.1;17.4;17.1;74.0;70.0;74.0;189.0;6.5;3.2
2020/07/13;2300 UTC;0.0;955.4;955.4;954.9;;22.0;17.6;22.1;22.0;17.7;17.4;76.0;74.0;76.0;193.0;5.4;2.6
2020/07/14;0000 UTC;0.0;955.6;955.6;955.4;;21.7;18.2;22.0;21.6;18.2;17.6;80.0;76.0;80.0;198.0;4.8;2.5
2020/07/14;0100 UTC;0.0;955.7;955.7;955.5;;21.3;18.5;21.7;21.3;18.5;18.1;84.0;80.0;84.0;182.0;6.7;3.3
2020/07/14;0200 UTC;0.2;955.9;955.9;955.7;;19.7;18.9;21.3;19.6;19.0;18.4;95.0;84.0;95.0;175.0;6.7;2.1
2020/07/14;0300 UTC;0.6;955.1;955.9;955.1;;19.6;19.1;19.7;19.3;19.1;18.8;97.0;95.0;97.0;3.0;4.3;0.8
2020/07/14;0400 UTC;0.0;954.5;955.1;954.5;;19.9;19.3;19.9;19.6;19.3;19.1;97.0;96.0;96.0;181.0;1.9;0.5
2020/07/14;0500 UTC;0.0;953.9;954.5;953.9;;20.0;19.3;20.1;19.9;19.4;19.2;96.0;96.0;96.0;178.0;1.7;0.6
2020/07/14;0600 UTC;0.0;953.9;953.9;953.7;;20.0;19.2;20.1;20.0;19.3;19.2;96.0;95.0;95.0;178.0;3.0;1.7
2020/07/14;0700 UTC;0.0;954.1;954.1;953.8;;19.8;19.1;20.0;19.8;19.2;19.0;96.0;95.0;96.0;178.0;3.0;0.6
2020/07/14;0800 UTC;0.0;954.1;954.1;954.0;;19.4;18.7;19.8;19.4;19.1;18.7;96.0;96.0;96.0;174.0;1.8;0.1
2020/07/14;0900 UTC;0.0;954.4;954.4;954.1;45.1;19.4;18.9;19.4;19.2;18.9;18.6;97.0;96.0;97.0;260.0;0.8;0.1
2020/07/14;1000 UTC;0.0;954.9;954.9;954.3;423.6;20.8;20.1;20.8;19.4;20.2;18.9;97.0;95.0;96.0;178.0;2.4;0.9
2020/07/14;1100 UTC;0.0;955.1;955.2;954.9;1041.7;21.3;19.1;21.6;20.8;20.7;19.1;96.0;87.0;87.0;176.0;5.9;2.6
2020/07/14;1200 UTC;0.0;955.1;955.3;955.0;1815.3;22.2;18.7;23.2;21.2;20.2;18.7;88.0;80.0;81.0;177.0;6.6;3.0
2020/07/14;1300 UTC;0.0;955.0;955.1;954.9;2095.7;23.6;18.3;24.3;22.2;19.6;18.2;82.0;72.0;72.0;179.0;6.8;2.7
2020/07/14;1400 UTC;0.0;954.8;955.2;954.8;2233.0;24.4;18.3;25.0;23.4;19.7;18.1;75.0;67.0;69.0;176.0;7.3;3.5
2020/07/14;1500 UTC;0.0;954.0;954.8;954.0;3113.9;25.6;16.8;26.4;24.4;18.9;16.8;69.0;59.0;59.0;178.0;8.5;3.5
2020/07/14;1600 UTC;0.0;953.5;954.0;953.5;2793.3;26.0;17.1;26.7;25.5;18.2;16.3;62.0;55.0;58.0;178.0;7.8;3.8
2020/07/14;1700 UTC;0.0;953.0;953.5;953.0;2220.5;25.7;17.9;27.0;25.7;18.5;16.9;62.0;57.0;62.0;175.0;7.1;3.4
2020/07/14;1800 UTC;0.0;952.8;953.1;952.8;1637.1;26.0;17.7;26.6;25.6;19.0;17.0;64.0;58.0;60.0;182.0;7.0;3.1
2020/07/14;1900 UTC;0.0;953.1;953.1;952.7;1164.1;25.8;17.8;26.5;25.8;18.4;17.8;63.0;60.0;61.0;182.0;6.0;2.8
2020/07/14;2000 UTC;0.0;953.6;953.6;953.0;373.9;24.7;18.5;25.8;24.7;18.6;17.7;69.0;61.0;69.0;195.0;6.0;2.6
2020/07/14;2100 UTC;0.0;954.0;954.0;953.5;5.4;23.8;18.5;24.7;23.7;18.8;18.4;72.0;69.0;72.0;189.0;6.4;2.9
2020/07/14;2200 UTC;0.0;954.5;954.5;953.9;;23.1;18.5;23.8;23.1;18.5;18.4;75.0;72.0;75.0;178.0;5.8;2.6
2020/07/14;2300 UTC;0.0;954.7;954.8;954.5;;22.8;18.3;23.1;22.7;18.5;18.3;76.0;75.0;76.0;177.0;4.8;2.4
2020/07/15;0000 UTC;0.0;955.0;955.0;954.6;;22.2;18.1;22.8;22.2;18.3;18.1;77.0;76.0;77.0;188.0;4.9;2.2
2020/07/15;0100 UTC;0.0;955.0;955.2;955.0;;21.6;18.4;22.2;21.6;18.4;18.1;82.0;77.0;82.0;196.0;4.3;1.8
2020/07/15;0200 UTC;0.0;955.0;955.1;954.9;;21.1;18.6;21.6;21.1;18.6;18.4;86.0;82.0;86.0;177.0;3.9;1.8
2020/07/15;0300 UTC;0.0;954.9;955.0;954.8;;20.9;18.5;21.1;20.8;18.7;18.5;87.0;86.0;86.0;179.0;4.2;1.7
2020/07/15;0400 UTC;0.0;954.4;954.9;954.4;;20.4;18.1;20.9;20.4;18.5;18.1;87.0;85.0;87.0;180.0;4.5;2.0
2020/07/15;0500 UTC;0.0;954.0;954.4;954.0;;20.1;18.4;20.4;20.0;18.4;18.1;90.0;87.0;90.0;177.0;3.6;1.0
2020/07/15;0600 UTC;0.0;953.9;954.2;953.9;;19.6;18.2;20.1;19.5;18.4;18.2;92.0;90.0;92.0;182.0;2.7;0.6
2020/07/15;0700 UTC;0.0;954.5;954.5;953.9;;19.2;18.1;19.6;19.2;18.3;18.0;94.0;92.0;93.0;178.0;2.2;0.4
2020/07/15;0800 UTC;0.0;955.1;955.1;954.5;;19.4;18.3;19.5;19.2;18.4;18.1;94.0;93.0;94.0;177.0;2.1;0.8
2020/07/15;0900 UTC;0.0;955.3;955.3;955.1;7.5;19.2;18.3;19.4;19.2;18.4;18.2;94.0;94.0;94.0;170.0;2.7;0.5
2020/07/15;1000 UTC;0.0;955.9;955.9;955.3;221.8;19.9;18.8;19.9;19.2;18.8;18.2;94.0;93.0;93.0;175.0;2.9;1.2
2020/07/15;1100 UTC;0.0;956.8;956.8;955.9;575.3;20.7;18.9;20.7;19.9;19.0;18.5;93.0;89.0;89.0;175.0;4.0;1.4
2020/07/15;1200 UTC;0.0;956.7;956.9;956.7;849.6;21.7;19.3;21.7;20.6;19.3;18.7;89.0;86.0;87.0;176.0;4.5;2.2
2020/07/15;1300 UTC;0.0;956.4;956.8;956.4;976.7;21.8;18.3;22.0;21.5;19.3;18.3;87.0;81.0;81.0;177.0;7.2;3.2
2020/07/15;1400 UTC;0.0;955.5;956.5;955.5;1052.0;22.7;18.9;22.8;21.8;19.2;18.3;81.0;78.0;79.0;177.0;7.2;2.9
2020/07/15;1500 UTC;0.0;954.6;955.5;954.6;2048.0;25.0;19.6;25.0;22.8;19.6;18.8;79.0;72.0;72.0;177.0;7.5;2.7
2020/07/15;1600 UTC;0.0;953.7;954.6;953.7;2402.9;25.1;19.3;25.8;24.6;19.6;18.7;72.0;67.0;70.0;177.0;7.1;2.4
2020/07/15;1700 UTC;0.0;953.2;953.7;953.2;1130.3;24.4;19.2;25.3;24.4;19.6;18.7;73.0;69.0;73.0;185.0;7.3;3.1
2020/07/15;1800 UTC;0.0;952.9;953.2;952.9;831.1;24.9;19.5;25.1;24.4;20.0;19.2;74.0;71.0;72.0;178.0;6.3;2.9
2020/07/15;1900 UTC;0.0;952.7;952.9;952.7;509.8;24.2;19.5;24.9;24.2;19.9;19.3;75.0;72.0;75.0;175.0;6.3;3.0
2020/07/15;2000 UTC;0.0;953.0;953.0;952.7;227.6;23.7;19.6;24.2;23.7;19.6;19.4;78.0;75.0;78.0;174.0;6.4;2.8
2020/07/15;2100 UTC;0.0;953.6;953.6;953.0;1.5;23.0;19.9;23.7;23.0;20.1;19.6;83.0;78.0;83.0;183.0;5.2;2.9
2020/07/15;2200 UTC;0.0;954.3;954.3;953.6;;22.1;19.3;23.1;22.1;19.9;19.3;85.0;83.0;84.0;182.0;6.9;3.7
2020/07/15;2300 UTC;0.0;954.9;954.9;954.3;;21.7;19.1;22.1;21.7;19.3;19.0;85.0;84.0;85.0;196.0;8.3;4.3
2020/07/16;0000 UTC;0.0;955.1;955.1;954.9;;21.3;19.1;21.8;21.3;19.1;19.0;87.0;85.0;87.0;180.0;7.4;2.6
2020/07/16;0100 UTC;0.0;955.3;955.3;955.1;;20.7;18.8;21.3;20.7;19.1;18.8;89.0;87.0;89.0;176.0;5.9;2.4
2020/07/16;0200 UTC;0.0;955.0;955.3;955.0;;20.3;18.9;20.6;20.3;18.9;18.8;92.0;89.0;92.0;178.0;5.1;2.0
2020/07/16;0300 UTC;0.0;954.9;955.1;954.8;;19.9;18.8;20.3;19.9;18.9;18.8;94.0;92.0;94.0;172.0;4.7;1.6
2020/07/16;0400 UTC;0.0;954.6;954.9;954.5;;19.6;18.7;19.9;19.6;18.8;18.7;94.0;94.0;94.0;180.0;3.9;1.0
2020/07/16;0500 UTC;0.0;954.3;954.6;954.3;;19.8;19.0;19.8;19.5;19.0;18.7;95.0;94.0;95.0;177.0;3.0;1.5
2020/07/16;0600 UTC;0.0;954.4;954.4;954.2;;19.7;18.8;19.8;19.6;19.0;18.8;95.0;95.0;95.0;176.0;3.2;1.3
2020/07/16;0700 UTC;0.0;954.6;954.6;954.4;;19.8;18.8;19.8;19.5;18.9;18.6;95.0;94.0;94.0;176.0;3.1;1.3
2020/07/16;0800 UTC;0.0;954.8;954.8;954.6;;19.6;18.6;19.8;19.5;18.8;18.4;94.0;94.0;94.0;175.0;2.6;0.8
2020/07/16;0900 UTC;0.0;955.1;955.1;954.7;16.1;19.7;18.4;19.7;19.5;18.6;18.4;94.0;92.0;92.0;177.0;2.9;0.9
2020/07/16;1000 UTC;0.0;955.7;955.7;955.1;207.2;20.2;18.7;20.2;19.7;18.7;18.4;92.0;91.0;91.0;183.0;3.1;1.0
2020/07/16;1100 UTC;0.0;956.2;956.2;955.7;426.1;20.6;18.6;20.7;20.1;18.9;18.4;91.0;89.0;89.0;177.0;5.0;2.0
2020/07/16;1200 UTC;0.0;956.4;956.4;956.2;651.8;20.3;19.2;20.9;20.1;19.2;18.5;94.0;88.0;93.0;179.0;6.2;2.2
2020/07/16;1300 UTC;0.2;956.2;956.4;956.2;1012.6;21.7;20.6;21.7;20.3;20.7;19.3;95.0;93.0;94.0;178.0;6.3;3.0
2020/07/16;1400 UTC;0.2;955.7;956.2;955.7;1184.3;21.9;20.2;22.2;20.7;20.9;19.6;95.0;90.0;90.0;173.0;8.1;3.6
2020/07/16;1500 UTC;0.6;955.0;955.7;955.0;1028.2;20.8;19.1;22.9;20.6;20.6;18.5;91.0;84.0;90.0;175.0;10.7;3.6
2020/07/16;1600 UTC;0.0;954.2;955.0;954.2;1840.8;23.3;19.2;24.0;20.8;20.3;19.2;92.0;77.0;78.0;174.0;8.3;3.2
2020/07/16;1700 UTC;0.0;953.8;954.2;953.7;1370.3;23.9;19.4;24.2;23.2;20.0;19.2;80.0;76.0;76.0;178.0;8.2;4.1
2020/07/16;1800 UTC;0.2;953.8;954.0;953.8;679.2;23.2;20.4;24.0;21.6;20.4;18.8;86.0;76.0;84.0;176.0;13.1;2.7
2020/07/16;1900 UTC;0.0;954.2;954.2;953.7;528.5;21.5;19.7;23.5;21.5;20.5;19.3;89.0;82.0;89.0;182.0;8.7;4.0
2020/07/16;2000 UTC;0.0;954.5;954.5;954.2;196.1;21.4;19.2;21.7;21.4;19.9;19.1;90.0;86.0;87.0;174.0;7.2;3.1
2020/07/16;2100 UTC;0.0;954.9;954.9;954.4;4.5;21.3;19.3;21.4;21.3;19.4;19.2;88.0;87.0;88.0;180.0;5.7;3.0
2020/07/16;2200 UTC;0.2;955.5;955.5;954.9;;21.0;19.6;21.4;20.6;19.7;19.2;93.0;88.0;92.0;175.0;7.1;3.3
2020/07/16;2300 UTC;0.0;956.2;956.2;955.5;;20.7;19.1;21.0;20.7;19.6;19.1;92.0;90.0;91.0;175.0;7.1;2.6
2020/07/17;0000 UTC;0.0;956.6;956.7;956.2;;20.3;18.5;20.8;20.3;19.1;18.4;91.0;89.0;89.0;172.0;6.9;2.3
2020/07/17;0100 UTC;0.0;956.5;956.8;956.5;;20.2;18.4;20.4;20.2;18.6;18.4;90.0;89.0;89.0;177.0;5.0;2.4
2020/07/17;0200 UTC;0.0;956.0;956.6;956.0;;19.8;18.2;20.2;19.8;18.4;18.2;91.0;89.0;91.0;179.0;4.3;2.0
2020/07/17;0300 UTC;0.0;955.3;955.9;955.3;;19.4;18.1;19.8;19.4;18.3;18.1;92.0;91.0;92.0;182.0;4.7;1.4
2020/07/17;0400 UTC;0.0;954.7;955.3;954.7;;18.9;17.8;19.4;18.9;18.1;17.8;94.0;92.0;93.0;181.0;3.1;1.2
2020/07/17;0500 UTC;0.0;954.2;954.7;954.2;;18.2;17.4;18.9;18.2;17.9;17.3;95.0;93.0;95.0;171.0;3.1;0.9
2020/07/17;0600 UTC;0.0;954.1;954.2;954.0;;17.7;17.0;18.3;17.7;17.4;16.9;96.0;95.0;96.0;176.0;3.3;0.4
2020/07/17;0700 UTC;0.0;954.4;954.4;954.1;;17.6;17.0;17.9;17.6;17.2;17.0;96.0;96.0;96.0;181.0;2.8;1.0
2020/07/17;0800 UTC;0.0;954.6;954.6;954.4;;17.4;16.8;17.8;17.4;17.2;16.8;97.0;96.0;96.0;179.0;2.7;1.1
2020/07/17;0900 UTC;0.0;954.5;954.6;954.3;29.0;17.6;17.1;17.6;17.1;17.1;16.6;97.0;96.0;97.0;171.0;2.7;1.1
2020/07/17;1000 UTC;0.0;955.0;955.0;954.5;565.6;19.5;18.6;19.5;17.6;18.6;17.1;97.0;94.0;94.0;173.0;3.8;1.4
2020/07/17;1100 UTC;0.0;955.8;955.8;955.0;1441.7;21.4;18.3;21.5;19.4;19.2;18.2;94.0;82.0;82.0;176.0;5.1;1.9
2020/07/17;1200 UTC;0.0;955.7;955.9;955.6;2099.8;22.6;17.7;22.6;21.2;18.3;17.4;82.0;74.0;74.0;177.0;6.3;3.1
2020/07/17;1300 UTC;0.0;955.4;955.6;955.3;2212.8;23.5;17.6;24.0;22.6;18.4;17.3;75.0;68.0;69.0;175.0;8.2;3.6
2020/07/17;1400 UTC;0.0;954.8;955.4;954.8;2034.5;24.4;18.9;24.6;23.3;19.0;17.5;72.0;69.0;71.0;181.0;7.9;3.3
2020/07/17;1500 UTC;0.0;954.1;954.8;954.1;1528.8;24.9;19.2;25.0;24.3;19.4;18.3;72.0;68.0;71.0;187.0;8.2;3.6
2020/07/17;1600 UTC;0.0;953.6;954.1;953.6;1521.7;25.2;19.2;25.5;24.3;19.7;18.7;72.0;69.0;69.0;174.0;7.6;3.3
2020/07/17;1700 UTC;0.0;953.0;953.6;953.0;1601.3;25.0;19.3;25.8;24.5;20.0;19.1;73.0;69.0;71.0;179.0;6.8;3.0
2020/07/17;1800 UTC;0.0;953.1;953.2;953.0;886.1;23.9;19.5;25.1;23.2;20.7;19.2;84.0;71.0;76.0;181.0;7.2;2.9
2020/07/17;1900 UTC;0.2;953.5;953.5;953.1;482.8;23.0;19.8;24.5;22.3;20.3;18.9;85.0;76.0;82.0;177.0;6.1;2.5
2020/07/17;2000 UTC;0.0;953.7;953.7;953.5;146.9;22.3;20.0;23.0;22.2;20.1;19.5;87.0;82.0;87.0;177.0;8.5;2.2
2020/07/17;2100 UTC;0.6;954.2;954.2;953.7;0.0;20.9;20.2;22.3;20.8;20.3;19.8;96.0;87.0;96.0;179.0;8.1;2.3
2020/07/17;2200 UTC;0.2;954.6;954.6;954.2;;21.0;20.5;21.1;20.8;20.6;20.1;97.0;96.0;96.0;179.0;5.1;2.1
2020/07/17;2300 UTC;0.0;955.2;955.3;954.6;;20.7;20.1;21.1;20.6;20.5;20.1;97.0;96.0;97.0;177.0;6.5;2.8
2020/07/18;0000 UTC;0.2;955.6;955.7;955.2;;20.4;19.9;20.7;20.4;20.2;19.9;97.0;97.0;97.0;176.0;7.3;3.6
2020/07/18;0100 UTC;2.2;955.5;955.6;955.4;;19.8;19.4;20.4;19.7;19.9;19.3;98.0;97.0;98.0;180.0;7.5;2.2
2020/07/18;0200 UTC;0.4;955.2;955.5;955.2;;19.7;19.4;19.9;19.7;19.5;19.3;98.0;98.0;98.0;178.0;4.8;1.8
2020/07/18;0300 UTC;0.0;954.8;955.2;954.8;0.2;19.5;19.3;19.7;19.4;19.4;19.1;99.0;98.0;98.0;175.0;5.2;2.3
2020/07/18;0400 UTC;0.6;954.2;954.8;954.2;;19.3;19.1;19.5;19.2;19.2;19.0;99.0;98.0;99.0;176.0;5.9;1.6
2020/07/18;0500 UTC;1.2;953.9;954.2;953.9;;19.2;19.0;19.4;19.1;19.2;18.9;99.0;99.0;99.0;177.0;3.8;1.7
2020/07/18;0600 UTC;1.0;953.8;953.9;953.7;;19.0;18.8;19.2;19.0;19.1;18.8;99.0;99.0;99.0;178.0;6.2;2.3
2020/07/18;0700 UTC;0.6;954.2;954.2;953.8;;19.1;18.9;19.1;19.0;19.0;18.8;99.0;99.0;99.0;178.0;7.9;3.4
2020/07/18;0800 UTC;1.2;954.5;954.5;954.2;;18.9;18.8;19.1;18.8;18.9;18.7;99.0;99.0;99.0;178.0;6.9;2.1
2020/07/18;0900 UTC;0.4;954.7;954.7;954.5;12.4;18.9;18.8;19.0;18.7;18.8;18.6;99.0;99.0;99.0;178.0;4.9;1.8
2020/07/18;1000 UTC;0.0;955.4;955.4;954.7;166.1;19.2;19.1;19.2;18.9;19.1;18.7;99.0;99.0;99.0;176.0;4.5;1.6
2020/07/18;1100 UTC;0.4;956.0;956.0;955.4;274.6;19.5;19.4;19.6;19.1;19.4;19.0;99.0;99.0;99.0;179.0;4.6;2.2
2020/07/18;1200 UTC;1.0;956.3;956.3;956.0;459.5;19.6;19.4;20.0;19.5;19.8;19.3;99.0;99.0;99.0;175.0;5.9;2.5
2020/07/18;1300 UTC;0.4;956.3;956.4;956.2;680.6;20.1;19.9;20.1;19.4;19.9;19.1;99.0;98.0;99.0;177.0;9.1;3.7
2020/07/18;1400 UTC;0.2;955.9;956.3;955.9;849.9;20.1;19.7;20.5;19.7;20.2;19.3;99.0;97.0;97.0;176.0;7.4;3.8
2020/07/18;1500 UTC;0.8;955.4;955.9;955.4;819.6;20.1;19.7;20.5;19.1;20.2;18.6;98.0;96.0;98.0;178.0;10.0;2.5
2020/07/18;1600 UTC;0.0;954.6;955.4;954.6;1197.5;21.9;19.2;22.0;20.1;20.3;19.1;98.0;84.0;85.0;177.0;6.4;2.1
2020/07/18;1700 UTC;0.2;954.1;954.7;954.1;978.8;20.5;18.7;22.3;20.2;19.2;18.1;91.0;82.0;90.0;176.0;10.9;3.1
2020/07/18;1800 UTC;0.0;953.6;954.1;953.5;1433.9;22.3;18.9;22.9;20.5;20.0;18.7;90.0;80.0;81.0;177.0;7.1;3.3
2020/07/18;1900 UTC;0.4;953.9;954.0;953.6;321.7;20.4;19.5;22.3;20.0;19.5;18.3;95.0;81.0;95.0;175.0;7.8;2.9
2020/07/18;2000 UTC;0.0;954.0;954.0;953.7;204.3;20.6;18.5;20.8;20.4;19.6;18.4;95.0;87.0;88.0;171.0;6.1;2.3
2020/07/18;2100 UTC;0.0;954.2;954.2;954.0;4.0;20.4;18.4;20.6;20.3;18.5;18.1;88.0;86.0;88.0;173.0;5.1;1.5
2020/07/18;2200 UTC;0.0;954.4;954.4;954.1;;20.4;18.4;20.6;20.3;18.7;18.3;89.0;88.0;88.0;172.0;4.8;2.6
2020/07/18;2300 UTC;0.0;955.1;955.1;954.4;;19.9;18.1;20.4;19.8;18.4;18.0;89.0;88.0;89.0;176.0;5.5;1.6
2020/07/19;0000 UTC;0.0;955.3;955.4;955.1;;19.6;17.3;20.0;19.5;18.1;17.3;89.0;87.0;87.0;176.0;5.1;1.1
2020/07/19;0100 UTC;0.0;955.4;955.4;955.3;;19.5;17.4;19.5;19.3;17.4;17.2;88.0;87.0;88.0;179.0;4.0;1.9
2020/07/19;0200 UTC;0.0;955.2;955.4;955.2;;18.7;17.1;19.5;18.7;17.3;17.1;90.0;88.0;90.0;165.0;4.0;1.1
2020/07/19;0300 UTC;0.0;954.7;955.2;954.7;;18.8;17.5;18.8;18.5;17.5;17.0;92.0;90.0;92.0;173.0;3.1;1.4
2020/07/19;0400 UTC;0.0;954.3;954.8;954.3;;19.1;17.8;19.1;18.8;17.8;17.4;92.0;92.0;92.0;168.0;3.0;1.5
2020/07/19;0500 UTC;0.0;953.9;954.4;953.9;;18.6;17.5;19.1;18.5;17.8;17.5;94.0;92.0;94.0;179.0;2.7;0.6
2020/07/19;0600 UTC;0.0;953.4;953.9;953.4;;18.4;17.6;18.6;18.3;17.6;17.4;95.0;94.0;95.0;179.0;3.1;1.2
2020/07/19;0700 UTC;0.0;953.7;953.7;953.4;;18.4;17.7;18.5;18.3;17.7;17.6;96.0;95.0;96.0;172.0;3.2;1.2
2020/07/19;0800 UTC;0.0;953.8;953.8;953.7;;18.5;18.0;18.5;18.2;18.0;17.6;97.0;96.0;97.0;170.0;2.7;1.1
2020/07/19;0900 UTC;0.0;953.9;954.0;953.8;30.1;18.5;18.1;18.5;18.1;18.1;17.5;97.0;97.0;97.0;177.0;2.8;1.1
2020/07/19;1000 UTC;0.0;954.2;954.2;953.9;584.1;20.2;19.5;20.2;18.5;19.5;18.1;97.0;96.0;96.0;179.0;3.9;1.8
2020/07/19;1100 UTC;0.0;954.6;954.6;954.2;890.9;20.8;19.5;20.9;20.0;19.9;19.3;96.0;92.0;93.0;177.0;7.3;2.8
2020/07/19;1200 UTC;0.0;954.7;954.8;954.6;1219.6;22.2;19.4;22.6;20.8;20.2;19.4;93.0;84.0;84.0;177.0;9.0;3.1
2020/07/19;1300 UTC;0.0;954.6;954.8;954.6;2493.3;23.7;18.9;24.5;22.2;20.1;18.7;84.0;75.0;75.0;177.0;9.0;3.2
2020/07/19;1400 UTC;0.0;954.2;954.6;954.2;2581.9;25.4;19.5;25.5;23.3;20.4;18.8;77.0;70.0;70.0;179.0;8.6;3.9
2020/07/19;1500 UTC;0.0;953.5;954.3;953.5;2504.4;24.6;19.1;25.7;24.1;20.1;18.7;75.0;68.0;71.0;180.0;7.6;4.0
2020/07/19;1600 UTC;0.0;952.6;953.5;952.6;2438.7;26.2;19.7;26.4;24.2;20.5;18.8;75.0;65.0;67.0;176.0;7.2;3.4
2020/07/19;1700 UTC;0.0;952.0;952.7;952.0;2417.5;26.4;19.3;26.4;25.3;20.2;18.6;70.0;64.0;65.0;183.0;8.4;3.9
2020/07/19;1800 UTC;0.0;951.7;952.0;951.5;1758.4;25.5;20.3;26.7;25.0;20.3;18.7;74.0;64.0;73.0;200.0;7.3;4.5
2020/07/19;1900 UTC;0.0;951.8;951.9;951.7;1039.0;24.6;19.9;25.5;24.1;20.6;19.7;79.0;72.0;75.0;186.0;8.1;3.8
2020/07/19;2000 UTC;0.0;952.2;952.2;951.8;425.7;23.8;19.9;24.8;23.8;20.1;19.6;79.0;75.0;79.0;189.0;7.4;4.2
2020/07/19;2100 UTC;0.0;952.7;952.7;952.1;4.0;23.0;19.9;23.8;22.9;19.9;19.6;83.0;79.0;83.0;171.0;7.4;2.5
2020/07/19;2200 UTC;0.0;953.1;953.1;952.6;;21.9;19.9;23.0;21.9;20.0;19.6;89.0;83.0;89.0;178.0;5.6;2.5
2020/07/19;2300 UTC;0.0;953.9;953.9;953.1;;21.3;20.0;21.9;21.3;20.1;19.9;92.0;89.0;92.0;177.0;6.5;2.3
2020/07/20;0000 UTC;0.0;954.3;954.3;953.9;;20.9;19.9;21.3;20.9;20.0;19.8;94.0;92.0;94.0;181.0;5.4;2.5
2020/07/20;0100 UTC;0.4;954.4;954.5;954.2;;20.5;19.8;21.0;20.4;20.0;19.7;96.0;94.0;96.0;179.0;5.2;2.2
2020/07/20;0200 UTC;0.0;954.4;954.5;954.4;;20.3;19.9;20.5;20.2;20.0;19.7;97.0;96.0;97.0;179.0;4.7;1.6
2020/07/20;0300 UTC;0.0;954.0;954.4;954.0;;20.4;19.9;20.4;20.3;20.0;19.8;97.0;97.0;97.0;178.0;4.3;1.8
2020/07/20;0400 UTC;0.2;953.6;954.0;953.6;;20.0;19.5;20.4;19.9;19.9;19.4;97.0;96.0;97.0;181.0;4.7;1.8
2020/07/20;0500 UTC;0.4;953.0;953.6;953.0;;19.8;19.5;20.0;19.8;19.6;19.4;98.0;97.0;98.0;178.0;3.6;1.7
2020/07/20;0600 UTC;0.0;952.7;953.0;952.7;;19.8;19.6;19.9;19.7;19.6;19.4;98.0;98.0;98.0;178.0;4.0;1.5
2020/07/20;0700 UTC;0.0;952.7;952.8;952.7;;20.0;19.7;20.0;19.8;19.8;19.5;99.0;98.0;99.0;181.0;3.7;1.4
2020/07/20;0800 UTC;0.2;953.0;953.0;952.7;;20.0;19.8;20.0;19.9;19.8;19.7;99.0;98.0;99.0;180.0;4.0;1.8
2020/07/20;0900 UTC;0.2;953.3;953.3;953.0;10.3;20.1;19.9;20.1;20.0;19.9;19.8;99.0;99.0;99.0;179.0;5.0;2.3
2020/07/20;1000 UTC;0.2;953.9;953.9;953.3;245.4;20.5;20.2;20.5;20.0;20.2;19.8;99.0;99.0;99.0;177.0;8.0;2.5
2020/07/20;1100 UTC;0.0;954.4;954.4;953.9;630.7;21.8;21.3;21.8;20.5;21.3;20.2;99.0;97.0;97.0;175.0;8.2;3.0
2020/07/20;1200 UTC;0.0;954.4;954.5;954.2;1660.6;22.9;20.4;23.0;21.7;21.5;20.0;97.0;86.0;86.0;174.0;9.2;3.7
2020/07/20;1300 UTC;0.0;954.2;954.4;954.1;1276.1;22.6;20.3;23.6;22.3;21.0;19.9;88.0;84.0;87.0;177.0;8.4;3.2
2020/07/20;1400 UTC;0.6;953.9;954.2;953.9;1263.3;22.5;21.3;23.1;21.8;21.6;20.0;94.0;87.0;93.0;176.0;9.9;4.2
2020/07/20;1500 UTC;0.0;953.1;953.9;953.0;2205.1;24.1;20.5;24.5;22.4;22.0;20.4;93.0;80.0;80.0;175.0;8.9;3.9
2020/07/20;1600 UTC;0.4;952.6;953.1;952.5;1363.0;23.3;21.1;24.8;22.3;21.8;19.7;91.0;77.0;88.0;174.0;9.0;3.7
2020/07/20;1700 UTC;0.2;952.0;952.6;952.0;1721.5;23.3;21.3;23.4;22.0;21.7;20.6;93.0;88.0;89.0;192.0;11.0;5.1
2020/07/20;1800 UTC;0.4;952.1;952.1;951.8;1033.8;21.4;19.9;23.6;21.4;21.4;19.8;92.0;86.0;92.0;187.0;11.6;6.0
2020/07/20;1900 UTC;0.4;952.4;952.4;952.0;497.1;21.7;20.5;21.8;21.2;20.8;20.0;95.0;92.0;93.0;176.0;9.5;3.7
2020/07/20;2000 UTC;0.0;952.8;952.8;952.4;245.2;21.3;19.3;21.7;21.3;20.5;19.3;93.0;88.0;88.0;175.0;9.1;2.9
2020/07/20;2100 UTC;0.0;952.9;953.0;952.8;3.1;21.0;18.6;21.3;21.0;19.3;18.6;89.0;86.0;86.0;174.0;7.2;2.4
2020/07/20;2200 UTC;0.0;953.4;953.4;952.9;;20.6;17.2;21.0;20.6;18.6;17.2;86.0;81.0;81.0;175.0;6.8;3.2
2020/07/20;2300 UTC;0.0;954.1;954.1;953.4;;20.0;17.0;20.7;20.0;17.2;17.0;82.0;80.0;82.0;171.0;5.8;2.5
2020/07/21;0000 UTC;0.0;954.2;954.3;954.1;;19.9;17.2;20.1;19.9;17.2;16.9;85.0;82.0;85.0;177.0;4.7;1.5
2020/07/21;0100 UTC;0.0;954.4;954.5;954.2;;19.7;17.4;19.9;19.7;17.5;17.2;87.0;85.0;87.0;168.0;5.5;2.4
2020/07/21;0200 UTC;0.0;954.3;954.4;954.3;;19.2;17.3;19.7;19.2;17.6;17.3;89.0;87.0;89.0;175.0;5.1;1.6
2020/07/21;0300 UTC;0.0;953.7;954.3;953.7;;19.0;17.3;19.3;18.9;17.5;17.3;90.0;89.0;90.0;173.0;4.4;1.4
2020/07/21;0400 UTC;0.0;953.1;953.8;953.0;;18.5;17.0;19.0;18.5;17.3;17.0;91.0;90.0;91.0;177.0;3.3;1.5
2020/07/21;0500 UTC;0.0;952.5;953.1;952.4;;18.3;16.9;18.5;18.2;17.1;16.8;92.0;91.0;91.0;182.0;3.3;2.0
2020/07/21;0600 UTC;0.0;952.0;952.5;952.0;;18.0;16.5;18.4;18.0;17.0;16.5;92.0;91.0;91.0;174.0;3.9;0.8
2020/07/21;0700 UTC;0.0;952.2;952.2;952.0;;17.5;16.2;18.0;17.4;16.6;16.1;92.0;91.0;92.0;177.0;2.7;0.5
2020/07/21;0800 UTC;0.0;952.6;952.7;952.2;;17.8;16.8;17.9;17.5;16.8;16.2;93.0;92.0;93.0;181.0;2.8;1.1
2020/07/21;0900 UTC;0.0;953.0;953.0;952.5;23.5;18.2;17.1;18.2;17.7;17.1;16.6;94.0;93.0;93.0;178.0;2.6;0.6
2020/07/21;1000 UTC;0.0;953.5;953.5;952.9;312.4;19.3;17.8;19.4;18.2;18.0;17.1;93.0;91.0;91.0;175.0;2.4;1.1
2020/07/21;1100 UTC;0.0;954.2;954.2;953.5;543.9;19.9;18.0;20.1;19.3;18.3;17.8;91.0;89.0;89.0;178.0;4.4;2.5
2020/07/21;1200 UTC;0.0;954.6;954.6;954.2;934.3;21.4;19.0;21.4;19.9;19.0;18.0;89.0;85.0;86.0;179.0;5.0;2.1
2020/07/21;1300 UTC;0.0;954.2;954.6;954.2;1942.2;23.9;19.2;23.9;21.5;19.6;18.6;86.0;75.0;75.0;175.0;7.4;3.1
2020/07/21;1400 UTC;0.0;953.7;954.3;953.7;2065.6;22.7;19.2;24.2;22.5;19.6;18.2;81.0;71.0;81.0;193.0;8.9;4.5
2020/07/21;1500 UTC;0.0;952.9;953.7;952.9;3044.9;25.1;18.4;25.1;22.7;19.7;18.1;81.0;66.0;67.0;183.0;8.0;4.3
2020/07/21;1600 UTC;0.0;952.3;953.0;952.3;2097.8;24.9;18.3;25.8;23.8;19.0;17.7;71.0;65.0;67.0;189.0;7.7;3.9
2020/07/21;1700 UTC;0.0;951.7;952.3;951.7;2136.4;25.8;18.0;26.1;24.5;18.9;17.0;68.0;61.0;62.0;177.0;8.2;3.2
2020/07/21;1800 UTC;0.0;951.5;951.7;951.4;1744.6;25.3;16.6;26.1;24.8;18.2;16.3;64.0;56.0;58.0;179.0;7.8;3.6
2020/07/21;1900 UTC;0.0;951.7;951.7;951.4;1113.1;24.5;15.5;25.5;24.3;17.0;15.5;61.0;56.0;57.0;181.0;9.3;3.6
2020/07/21;2000 UTC;0.0;952.1;952.2;951.7;410.0;23.1;15.3;24.5;23.1;15.7;14.7;62.0;55.0;61.0;176.0;7.6;2.9
2020/07/21;2100 UTC;0.0;952.6;952.6;952.1;3.6;21.6;14.9;23.1;21.6;15.4;14.9;66.0;62.0;66.0;178.0;6.9;2.0
2020/07/21;2200 UTC;0.0;953.2;953.2;952.6;;20.8;15.1;21.6;20.8;15.1;14.7;70.0;65.0;70.0;172.0;4.9;2.0
2020/07/21;2300 UTC;0.0;953.7;953.7;953.2;;20.1;15.8;20.8;20.1;15.8;15.1;76.0;70.0;76.0;176.0;4.2;1.4
2020/07/22;0000 UTC;0.0;954.1;954.1;953.7;;19.8;16.5;20.2;19.8;16.5;15.9;82.0;76.0;82.0;177.0;4.1;1.4
2020/07/22;0100 UTC;0.0;953.9;954.1;953.9;;19.2;16.9;19.8;19.1;16.9;16.5;87.0;82.0;87.0;177.0;3.8;1.5
2020/07/22;0200 UTC;0.0;954.2;954.2;953.9;;19.4;17.3;19.4;19.0;17.3;16.9;88.0;87.0;88.0;178.0;3.7;1.0
2020/07/22;0300 UTC;0.0;954.0;954.2;954.0;;19.2;17.4;19.5;19.2;17.4;17.2;89.0;87.0;89.0;177.0;3.8;1.8
2020/07/22;0400 UTC;0.0;953.6;954.0;953.6;;19.1;17.4;19.3;18.9;17.4;17.2;90.0;89.0;90.0;168.0;3.4;0.8
2020/07/22;0500 UTC;0.0;953.1;953.6;953.1;;19.0;17.6;19.1;18.9;17.6;17.4;92.0;90.0;92.0;174.0;2.4;0.9
2020/07/22;0600 UTC;0.2;952.9;953.1;952.9;;18.7;17.7;19.0;18.7;17.8;17.6;94.0;92.0;94.0;173.0;2.9;1.2
2020/07/22;0700 UTC;1.0;953.1;953.1;952.7;;18.4;17.8;18.7;18.3;17.9;17.7;97.0;94.0;97.0;168.0;4.6;1.6
2020/07/22;0800 UTC;0.2;953.1;953.3;953.0;;18.5;18.0;18.5;18.3;18.0;17.8;97.0;97.0;97.0;194.0;3.7;1.9
2020/07/22;0900 UTC;1.6;953.5;953.5;953.1;15.6;17.8;17.5;18.6;17.7;18.1;17.4;98.0;97.0;98.0;194.0;7.3;4.3
2020/07/22;1000 UTC;0.0;953.9;953.9;953.5;507.7;19.6;18.4;19.6;17.8;18.6;17.5;98.0;93.0;93.0;198.0;7.3;2.3
2020/07/22;1100 UTC;0.0;954.5;954.5;953.9;1125.2;20.7;17.9;20.7;19.6;18.5;17.5;93.0;84.0;84.0;174.0;6.1;2.9
2020/07/22;1200 UTC;0.0;954.8;954.8;954.4;2346.4;22.8;17.7;22.8;20.7;18.2;16.7;84.0;72.0;73.0;177.0;8.3;3.5
2020/07/22;1300 UTC;0.0;954.6;954.8;954.6;2704.7;23.5;15.8;23.7;22.2;17.5;15.5;73.0;61.0;62.0;177.0;8.2;3.9
2020/07/22;1400 UTC;0.0;954.0;954.6;954.0;2588.7;24.1;16.5;24.1;23.1;16.8;15.4;64.0;61.0;62.0;178.0;7.4;3.4
2020/07/22;1500 UTC;0.0;953.2;954.0;953.2;2967.8;25.2;15.4;25.8;23.7;17.2;14.6;64.0;53.0;55.0;176.0;7.3;2.6
2020/07/22;1600 UTC;0.0;952.3;953.2;952.2;2968.1;25.5;15.3;26.0;25.0;16.5;15.2;58.0;53.0;53.0;180.0;7.7;3.4
2020/07/22;1700 UTC;0.0;951.6;952.3;951.6;2602.8;25.8;16.3;26.1;25.3;16.9;15.1;57.0;52.0;56.0;179.0;7.7;3.2
2020/07/22;1800 UTC;0.0;951.5;951.6;951.4;1832.8;25.8;16.4;26.3;25.3;17.1;15.9;58.0;55.0;56.0;179.0;7.0;2.6
2020/07/22;1900 UTC;0.0;951.6;951.6;951.4;1181.6;25.3;16.7;25.9;24.9;17.0;16.0;59.0;55.0;59.0;173.0;7.0;2.5
2020/07/22;2000 UTC;0.0;952.1;952.1;951.6;351.7;24.1;16.5;25.4;24.1;16.9;16.2;63.0;58.0;63.0;178.0;7.0;2.0
2020/07/22;2100 UTC;0.0;952.3;952.4;952.1;3.3;23.4;16.9;24.1;23.4;17.0;16.5;67.0;63.0;67.0;171.0;5.2;2.4
2020/07/22;2200 UTC;0.0;952.9;952.9;952.3;;22.9;17.0;23.5;22.9;17.0;16.7;69.0;67.0;69.0;176.0;6.4;2.4
2020/07/22;2300 UTC;0.0;953.7;953.7;952.9;;21.8;17.3;22.9;21.8;17.4;17.0;76.0;69.0;76.0;173.0;6.1;2.7
2020/07/23;0000 UTC;0.0;954.0;954.0;953.6;;20.9;17.4;21.8;20.9;17.4;17.3;80.0;76.0;80.0;182.0;5.0;2.6
2020/07/23;0100 UTC;0.0;954.4;954.4;954.0;;20.3;17.1;20.9;20.3;17.4;17.1;82.0;80.0;82.0;170.0;5.1;2.4
2020/07/23;0200 UTC;0.0;954.8;954.9;954.4;;19.7;17.0;20.3;19.7;17.1;16.9;84.0;82.0;84.0;175.0;5.1;1.0
2020/07/23;0300 UTC;0.0;954.6;954.9;954.6;;19.7;17.3;19.7;19.0;17.3;16.7;87.0;84.0;86.0;177.0;2.3;1.2
2020/07/23;0400 UTC;0.0;954.3;954.7;954.3;;19.6;17.5;19.8;19.5;17.5;17.3;88.0;86.0;88.0;178.0;4.1;1.2
2020/07/23;0500 UTC;0.0;954.0;954.3;953.9;;19.5;17.8;19.7;19.5;17.8;17.6;90.0;88.0;90.0;176.0;3.9;2.0
2020/07/23;0600 UTC;0.0;953.5;954.0;953.5;;19.4;17.8;19.6;19.4;17.9;17.8;91.0;90.0;91.0;176.0;4.6;1.8
2020/07/23;0700 UTC;0.0;953.8;953.8;953.5;;19.0;17.7;19.4;18.9;17.8;17.5;92.0;91.0;92.0;176.0;3.4;0.9
2020/07/23;0800 UTC;0.0;954.0;954.0;953.8;;18.8;17.6;19.0;18.7;17.7;17.5;93.0;92.0;93.0;177.0;2.9;0.4
2020/07/23;0900 UTC;0.0;954.0;954.1;953.8;29.5;18.5;17.4;18.8;18.5;17.7;17.4;93.0;93.0;93.0;178.0;2.6;0.7
2020/07/23;1000 UTC;0.0;954.5;954.5;954.0;390.8;19.6;18.2;19.6;18.5;18.2;17.4;94.0;92.0;92.0;179.0;2.4;1.3
2020/07/23;1100 UTC;0.0;954.9;954.9;954.4;1369.5;21.0;17.7;21.2;19.6;19.0;17.6;92.0;82.0;82.0;176.0;6.7;3.2
2020/07/23;1200 UTC;0.0;955.2;955.2;954.9;1661.9;22.3;17.5;23.1;20.9;18.4;17.2;83.0;72.0;74.0;177.0;7.0;3.1
2020/07/23;1300 UTC;0.0;955.1;955.3;955.1;1658.7;23.3;17.7;24.3;22.3;18.8;17.3;75.0;68.0;70.0;178.0;6.4;3.4
2020/07/23;1400 UTC;0.0;954.7;955.1;954.7;2518.3;24.7;18.0;25.6;23.3;18.4;16.7;71.0;62.0;66.0;177.0;7.1;3.0
2020/07/23;1500 UTC;0.0;954.2;954.8;954.2;2689.3;24.7;17.7;26.2;24.4;18.8;17.4;67.0;62.0;65.0;182.0;8.9;4.0
2020/07/23;1600 UTC;0.0;953.5;954.2;953.5;2584.9;25.5;18.5;26.4;24.5;19.0;17.8;68.0;62.0;65.0;188.0;8.1;4.8
2020/07/23;1700 UTC;0.0;952.7;953.5;952.7;2561.9;26.1;18.3;26.3;25.3;18.8;17.5;65.0;61.0;62.0;174.0;8.1;3.6
2020/07/23;1800 UTC;0.0;952.3;952.7;952.3;1756.2;25.8;18.1;26.2;25.2;18.5;17.5;64.0;61.0;62.0;178.0;8.3;3.5
2020/07/23;1900 UTC;0.0;952.5;952.5;952.3;1224.3;25.0;17.9;26.2;24.8;18.5;17.6;66.0;62.0;65.0;178.0;9.1;3.8
2020/07/23;2000 UTC;0.0;952.9;952.9;952.5;417.3;23.9;17.6;25.0;23.9;18.1;17.3;68.0;64.0;68.0;167.0;8.1;3.1
2020/07/23;2100 UTC;0.0;953.2;953.2;952.9;4.6;23.0;17.8;23.9;23.0;17.8;17.4;73.0;68.0;73.0;190.0;6.0;2.4
2020/07/23;2200 UTC;0.0;953.8;953.8;953.2;;22.0;17.8;23.0;22.0;17.8;17.5;77.0;73.0;77.0;189.0;6.3;2.7
2020/07/23;2300 UTC;0.0;954.5;954.5;953.8;;21.3;18.4;22.1;21.2;18.4;17.8;84.0;77.0;84.0;189.0;5.5;3.5
2020/07/24;0000 UTC;0.0;955.0;955.0;954.4;;20.5;18.3;21.3;20.5;18.4;18.3;87.0;84.0;87.0;186.0;5.5;2.8
2020/07/24;0100 UTC;0.0;955.3;955.3;955.0;;20.3;18.2;20.6;20.2;18.4;18.2;88.0;87.0;88.0;186.0;5.1;2.2
2020/07/24;0200 UTC;0.0;955.4;955.4;955.3;;20.1;18.2;20.3;20.0;18.3;18.1;89.0;88.0;89.0;178.0;4.0;1.5
2020/07/24;0300 UTC;0.0;955.1;955.4;955.1;;19.8;18.1;20.1;19.8;18.2;18.0;90.0;89.0;90.0;171.0;3.8;1.4
2020/07/24;0400 UTC;0.0;954.8;955.1;954.8;;19.6;18.0;19.8;19.6;18.1;18.0;90.0;90.0;90.0;177.0;3.3;1.0
2020/07/24;0500 UTC;0.0;954.3;954.7;954.3;;19.2;17.9;19.6;19.0;18.0;17.6;92.0;90.0;92.0;180.0;2.5;1.1
2020/07/24;0600 UTC;0.0;954.1;954.3;954.0;;19.4;17.8;19.4;19.1;18.0;17.8;92.0;91.0;91.0;182.0;2.9;1.2
2020/07/24;0700 UTC;0.0;954.1;954.1;954.0;;19.0;17.6;19.3;18.9;17.8;17.6;92.0;91.0;92.0;180.0;3.3;1.6
2020/07/24;0800 UTC;0.0;954.2;954.2;954.1;;18.6;17.4;19.0;18.5;17.6;17.4;93.0;92.0;93.0;173.0;3.3;0.9
2020/07/24;0900 UTC;0.0;954.7;954.7;954.2;22.9;18.3;17.3;18.6;18.2;17.5;17.2;94.0;93.0;94.0;175.0;2.3;0.3
2020/07/24;1000 UTC;0.0;955.2;955.2;954.7;597.6;19.8;17.8;20.1;18.2;18.5;17.2;94.0;88.0;88.0;177.0;3.1;1.6
2020/07/24;1100 UTC;0.0;955.5;955.6;955.2;1522.1;21.0;16.3;21.1;19.9;18.1;16.2;88.0;74.0;74.0;177.0;6.5;3.7
2020/07/24;1200 UTC;0.0;955.2;955.5;955.1;2248.7;22.6;15.7;23.2;21.0;16.6;15.3;74.0;63.0;65.0;180.0;6.5;3.0
2020/07/24;1300 UTC;0.0;955.1;955.2;955.0;2787.5;24.4;15.7;24.9;22.6;16.7;14.8;66.0;56.0;59.0;175.0;6.6;2.7
2020/07/24;1400 UTC;0.0;954.6;955.1;954.6;3100.0;24.9;15.8;25.7;24.2;16.4;15.0;59.0;54.0;57.0;180.0;6.7;3.2
2020/07/24;1500 UTC;0.0;953.9;954.6;953.9;3244.6;26.1;16.4;26.5;24.8;16.8;15.6;58.0;53.0;55.0;175.0;8.1;3.0
2020/07/24;1600 UTC;0.0;953.0;953.9;953.0;3186.6;26.3;16.2;26.9;25.8;16.7;15.6;56.0;52.0;54.0;176.0;8.0;3.8
2020/07/24;1700 UTC;0.0;952.1;953.0;952.1;2417.3;27.0;16.8;27.2;25.5;17.1;15.1;56.0;50.0;53.0;181.0;7.7;3.3
2020/07/24;1800 UTC;0.0;951.9;952.2;951.8;1763.5;26.0;16.5;27.3;25.9;17.6;16.1;57.0;53.0;56.0;175.0;7.9;3.0
2020/07/24;1900 UTC;0.0;952.1;952.1;951.8;1167.2;26.0;16.4;26.8;25.6;17.0;16.0;56.0;54.0;56.0;178.0;8.4;3.5
2020/07/24;2000 UTC;0.0;952.8;952.8;952.1;415.5;24.3;17.7;26.0;24.3;17.7;16.3;67.0;55.0;67.0;177.0;7.3;4.3
2020/07/24;2100 UTC;0.0;953.2;953.2;952.8;5.3;23.0;18.2;24.3;23.0;18.2;17.8;75.0;67.0;75.0;172.0;7.3;3.0
2020/07/24;2200 UTC;0.0;953.8;953.8;953.2;;21.8;18.5;23.0;21.8;18.5;18.2;82.0;75.0;82.0;179.0;7.6;3.0
2020/07/24;2300 UTC;0.0;954.5;954.5;953.8;;21.0;18.6;21.8;21.0;18.8;18.5;86.0;82.0;86.0;169.0;6.8;2.7
2020/07/25;0000 UTC;0.0;954.9;954.9;954.5;;20.5;18.1;21.0;20.5;18.6;18.1;86.0;85.0;86.0;171.0;5.6;2.8
2020/07/25;0100 UTC;0.0;955.2;955.2;954.9;;20.4;18.1;20.5;20.3;18.1;18.0;87.0;86.0;86.0;175.0;5.2;2.1
2020/07/25;0200 UTC;0.0;955.0;955.2;955.0;;20.3;18.0;20.4;20.2;18.1;17.9;87.0;86.0;87.0;177.0;6.1;2.6
2020/07/25;0300 UTC;0.0;954.5;955.0;954.5;;20.0;17.9;20.3;20.0;18.0;17.9;88.0;86.0;88.0;180.0;6.1;2.5
2020/07/25;0400 UTC;0.0;954.1;954.5;954.1;;19.8;17.7;20.1;19.8;18.0;17.7;88.0;87.0;88.0;177.0;5.3;2.5
2020/07/25;0500 UTC;0.0;954.0;954.2;954.0;;19.5;17.6;19.8;19.4;17.7;17.5;89.0;88.0;89.0;179.0;4.4;1.6
2020/07/25;0600 UTC;0.0;953.9;954.0;953.9;;19.3;17.5;19.6;19.3;17.7;17.5;90.0;88.0;90.0;177.0;4.1;1.6
2020/07/25;0700 UTC;0.0;954.1;954.1;953.9;;19.0;17.4;19.3;19.0;17.6;17.4;91.0;90.0;91.0;180.0;3.0;0.9
2020/07/25;0800 UTC;0.0;954.3;954.3;954.1;;18.5;17.3;19.0;18.4;17.6;17.2;93.0;91.0;93.0;178.0;2.5;1.0
2020/07/25;0900 UTC;0.0;954.6;954.6;954.3;13.0;18.4;17.4;18.7;18.4;17.5;17.3;94.0;93.0;94.0;179.0;2.3;1.1
2020/07/25;1000 UTC;0.0;955.2;955.2;954.6;365.8;19.7;18.5;19.7;18.4;18.5;17.3;94.0;93.0;93.0;178.0;3.9;1.8
2020/07/25;1100 UTC;0.0;955.6;955.6;955.2;592.6;20.2;18.2;20.6;19.7;18.7;18.2;93.0;88.0;88.0;179.0;5.4;2.7
2020/07/25;1200 UTC;0.0;955.9;955.9;955.6;573.6;20.0;18.0;21.1;20.0;18.8;18.0;89.0;85.0;89.0;177.0;6.3;3.1
2020/07/25;1300 UTC;0.2;955.9;955.9;955.7;1711.5;21.9;18.4;22.5;19.9;20.3;18.0;92.0;79.0;81.0;175.0;9.3;4.6
2020/07/25;1400 UTC;0.0;955.1;955.9;955.0;2362.0;23.1;18.3;24.4;21.6;19.2;18.0;84.0;70.0;74.0;178.0;9.3;4.5
2020/07/25;1500 UTC;0.0;954.6;955.1;954.6;1839.7;23.6;18.4;25.0;22.9;19.0;18.1;76.0;67.0;73.0;180.0;9.3;4.2
2020/07/25;1600 UTC;0.0;954.0;954.6;954.0;2098.8;25.2;19.0;25.3;23.5;19.3;18.1;73.0;67.0;69.0;174.0;8.8;3.8
2020/07/25;1700 UTC;0.0;953.2;954.1;953.2;1794.4;25.3;18.3;25.3;23.0;19.0;17.6;75.0;65.0;65.0;173.0;10.4;4.2
2020/07/25;1800 UTC;0.0;953.0;953.2;953.0;2013.8;25.6;18.3;25.8;24.9;18.4;17.3;66.0;61.0;64.0;174.0;10.5;4.1
2020/07/25;1900 UTC;0.0;953.3;953.3;953.0;843.0;23.9;18.1;25.8;23.9;18.4;17.7;70.0;63.0;70.0;171.0;10.3;4.6
2020/07/25;2000 UTC;0.0;953.7;953.7;953.3;207.8;23.2;17.4;24.0;23.2;18.4;17.4;73.0;70.0;70.0;179.0;9.8;3.7
2020/07/25;2100 UTC;0.0;954.1;954.1;953.6;4.3;22.4;17.2;23.2;22.4;17.4;17.0;72.0;69.0;72.0;176.0;8.1;2.9
2020/07/25;2200 UTC;0.0;954.6;954.6;954.1;;21.8;17.6;22.5;21.7;17.7;17.2;77.0;72.0;77.0;181.0;7.1;3.1
2020/07/25;2300 UTC;0.0;955.3;955.3;954.6;;21.4;17.8;21.8;21.3;17.8;17.5;80.0;77.0;80.0;178.0;7.7;2.0
2020/07/26;0000 UTC;0.0;955.7;955.7;955.3;;21.0;18.2;21.4;21.0;18.3;17.8;84.0;80.0;84.0;179.0;5.2;2.3
2020/07/26;0100 UTC;0.0;955.6;955.7;955.5;;20.7;18.4;21.1;20.7;18.4;18.2;86.0;84.0;86.0;177.0;5.2;2.0
2020/07/26;0200 UTC;0.0;955.3;955.6;955.3;;20.3;18.3;20.7;20.3;18.5;18.3;89.0;86.0;89.0;178.0;4.8;2.1
2020/07/26;0300 UTC;0.0;955.0;955.4;954.9;;19.8;18.3;20.3;19.8;18.4;18.3;91.0;89.0;91.0;175.0;5.4;2.6
2020/07/26;0400 UTC;0.0;954.4;955.0;954.4;;19.9;17.7;20.1;19.7;18.3;17.6;91.0;87.0;87.0;178.0;7.3;2.3
2020/07/26;0500 UTC;0.0;953.9;954.5;953.9;;19.4;17.6;19.9;19.4;17.7;17.5;89.0;87.0;89.0;174.0;6.4;3.5
2020/07/26;0600 UTC;0.0;953.9;954.0;953.9;;19.1;17.6;19.4;19.1;17.6;17.4;91.0;89.0;91.0;178.0;5.8;2.7
2020/07/26;0700 UTC;0.0;953.9;954.0;953.8;;18.7;17.4;19.2;18.7;17.7;17.4;92.0;91.0;92.0;176.0;5.2;2.1
2020/07/26;0800 UTC;0.0;953.9;953.9;953.7;;18.5;17.3;18.7;18.5;17.5;17.3;93.0;92.0;92.0;177.0;4.6;1.7
2020/07/26;0900 UTC;0.0;954.5;954.5;953.9;38.2;18.6;17.4;18.6;18.4;17.4;17.2;93.0;92.0;93.0;180.0;4.3;1.8
2020/07/26;1000 UTC;0.0;955.0;955.0;954.5;290.1;19.5;17.7;19.6;18.6;18.0;17.4;93.0;90.0;90.0;177.0;5.7;2.2
2020/07/26;1100 UTC;0.0;955.4;955.4;955.0;575.3;20.3;17.7;20.5;19.4;18.2;17.7;90.0;85.0;85.0;177.0;5.9;2.7
2020/07/26;1200 UTC;0.4;955.9;956.0;955.4;631.6;19.5;18.6;20.3;19.3;18.6;17.6;95.0;85.0;95.0;176.0;6.5;2.2
2020/07/26;1300 UTC;0.4;955.6;955.9;955.6;987.8;19.6;19.0;20.0;19.4;19.3;18.4;96.0;94.0;96.0;170.0;6.9;2.9
2020/07/26;1400 UTC;0.4;955.2;955.6;955.2;1034.3;20.3;19.9;20.5;19.6;20.0;19.0;98.0;96.0;97.0;178.0;6.1;2.4
2020/07/26;1500 UTC;2.0;954.5;955.2;954.5;1093.0;20.5;20.1;20.9;20.0;20.5;19.5;98.0;97.0;97.0;176.0;7.5;2.8
2020/07/26;1600 UTC;1.2;953.9;954.5;953.9;1100.5;20.7;20.3;20.9;20.3;20.6;19.9;98.0;97.0;97.0;176.0;9.1;4.2
2020/07/26;1700 UTC;0.2;953.6;954.0;953.5;919.5;20.5;19.6;21.4;20.5;20.6;19.6;97.0;94.0;95.0;177.0;9.6;3.3
2020/07/26;1800 UTC;1.0;953.5;953.6;953.4;381.3;19.8;19.3;20.5;19.6;19.9;19.0;97.0;95.0;97.0;175.0;10.3;4.6
2020/07/26;1900 UTC;0.0;953.6;953.6;953.5;329.5;20.5;19.4;20.5;19.8;19.4;19.2;97.0;94.0;94.0;168.0;9.6;2.0
2020/07/26;2000 UTC;0.0;953.7;953.7;953.5;184.5;20.6;19.4;20.7;20.5;19.6;19.3;94.0;93.0;93.0;173.0;4.4;2.3
2020/07/26;2100 UTC;0.0;954.1;954.1;953.7;2.3;20.5;19.3;20.6;20.4;19.4;19.2;93.0;93.0;93.0;170.0;4.2;1.6
2020/07/26;2200 UTC;0.0;954.4;954.4;954.1;;20.1;18.6;20.5;20.1;19.3;18.6;93.0;91.0;91.0;173.0;4.8;2.3
2020/07/26;2300 UTC;0.0;954.8;954.8;954.4;;19.8;18.5;20.1;19.8;18.6;18.4;92.0;91.0;92.0;169.0;5.1;2.7
2020/07/27;0000 UTC;0.0;955.0;955.0;954.8;;19.5;18.4;19.9;19.5;18.5;18.4;93.0;92.0;93.0;171.0;5.7;1.8
2020/07/27;0100 UTC;0.0;954.7;955.1;954.7;;19.2;18.3;19.5;19.1;18.4;18.2;95.0;93.0;95.0;180.0;3.7;1.6
2020/07/27;0200 UTC;0.0;954.9;954.9;954.6;;19.0;18.3;19.2;19.0;18.4;18.2;95.0;95.0;95.0;176.0;3.7;0.8
2020/07/27;0300 UTC;0.0;954.3;954.8;954.3;;19.3;18.6;19.3;18.9;18.6;18.1;96.0;95.0;96.0;175.0;3.8;1.3
2020/07/27;0400 UTC;1.2;953.9;954.3;953.9;;19.1;18.6;19.3;18.9;18.6;18.5;97.0;96.0;97.0;180.0;7.5;2.5
2020/07/27;0500 UTC;0.0;953.9;954.0;953.9;;19.3;18.8;19.3;19.0;18.8;18.5;97.0;97.0;97.0;176.0;5.1;1.9
2020/07/27;0600 UTC;0.0;953.9;954.0;953.8;;19.4;18.9;19.5;19.2;18.9;18.8;97.0;97.0;97.0;169.0;6.1;2.5
2020/07/27;0700 UTC;0.0;954.1;954.1;953.9;;19.2;18.6;19.4;19.2;18.8;18.6;97.0;96.0;96.0;172.0;5.4;2.4
2020/07/27;0800 UTC;0.0;954.5;954.5;954.0;;19.2;18.5;19.3;19.0;18.7;18.4;96.0;96.0;96.0;177.0;4.4;2.0
2020/07/27;0900 UTC;0.0;954.8;954.8;954.5;21.0;19.2;18.6;19.2;19.1;18.6;18.5;96.0;96.0;96.0;175.0;5.2;1.9
2020/07/27;1000 UTC;0.0;955.3;955.3;954.8;237.6;19.7;18.9;19.7;19.2;19.0;18.5;96.0;96.0;96.0;175.0;5.8;1.9
2020/07/27;1100 UTC;0.2;956.0;956.0;955.3;503.5;19.4;18.8;20.0;19.4;19.2;18.7;96.0;95.0;96.0;184.0;6.8;4.0
2020/07/27;1200 UTC;3.6;956.5;956.6;956.0;556.9;19.1;18.8;19.5;19.1;19.1;18.8;98.0;96.0;98.0;191.0;9.4;5.8
2020/07/27;1300 UTC;0.2;956.4;956.6;956.4;1560.6;21.3;20.0;21.4;19.1;20.3;18.8;98.0;92.0;92.0;178.0;10.8;3.7
2020/07/27;1400 UTC;0.0;955.6;956.4;955.6;2074.1;22.6;19.4;23.2;21.3;20.6;18.9;92.0;81.0;82.0;184.0;8.9;4.9
2020/07/27;1500 UTC;0.4;954.8;955.6;954.8;1856.3;22.0;20.1;23.6;21.3;20.3;18.8;89.0;78.0;89.0;179.0;8.9;3.8
2020/07/27;1600 UTC;1.2;954.2;955.0;954.2;2135.0;23.4;20.1;23.5;20.2;20.6;18.4;94.0;82.0;82.0;179.0;10.0;4.3
2020/07/27;1700 UTC;0.0;953.6;954.2;953.6;2309.7;24.2;20.1;24.5;22.9;20.7;19.1;83.0;75.0;78.0;178.0;8.4;3.5
2020/07/27;1800 UTC;0.0;953.4;953.6;953.3;1490.5;23.4;18.9;24.8;23.2;20.1;18.8;78.0;71.0;76.0;175.0;9.9;3.8
2020/07/27;1900 UTC;0.0;953.6;953.6;953.3;1005.6;23.7;18.2;24.2;23.1;19.2;17.7;77.0;70.0;71.0;175.0;10.5;4.1
2020/07/27;2000 UTC;0.0;954.1;954.1;953.6;359.2;22.2;18.3;23.9;22.2;18.4;17.6;78.0;70.0;78.0;199.0;9.6;4.1
2020/07/27;2100 UTC;0.0;954.6;954.6;954.1;6.6;21.5;18.5;22.2;21.5;18.5;18.2;83.0;78.0;83.0;172.0;7.0;2.5
2020/07/27;2200 UTC;0.0;954.9;954.9;954.6;;20.8;18.4;21.5;20.8;18.6;18.3;86.0;83.0;86.0;174.0;5.9;3.0
2020/07/27;2300 UTC;0.0;955.5;955.5;954.9;;20.2;18.4;20.8;20.1;18.4;18.2;90.0;86.0;90.0;168.0;5.9;1.9
2020/07/28;0000 UTC;0.0;955.8;955.8;955.4;;20.1;18.5;20.2;20.0;18.5;18.4;90.0;90.0;90.0;181.0;4.0;1.9
2020/07/28;0100 UTC;0.0;955.7;955.8;955.6;;20.1;18.5;20.2;20.0;18.6;18.4;91.0;90.0;91.0;172.0;4.1;1.7
2020/07/28;0200 UTC;0.0;955.5;955.8;955.5;;20.0;18.6;20.2;20.0;18.7;18.5;92.0;91.0;92.0;176.0;5.0;1.7
2020/07/28;0300 UTC;0.0;954.9;955.5;954.9;;19.8;18.6;20.0;19.8;18.7;18.5;93.0;92.0;93.0;172.0;5.0;1.7
2020/07/28;0400 UTC;0.0;954.1;954.9;954.1;;19.3;18.3;19.9;19.3;18.7;18.3;94.0;93.0;94.0;178.0;4.9;2.0
2020/07/28;0500 UTC;0.0;953.6;954.2;953.5;;19.1;18.3;19.3;19.1;18.4;18.3;95.0;94.0;95.0;176.0;5.0;2.1
2020/07/28;0600 UTC;0.0;953.5;953.6;953.4;;18.7;18.1;19.1;18.7;18.4;18.1;96.0;95.0;96.0;176.0;4.6;1.7
2020/07/28;0700 UTC;0.0;953.6;953.6;953.4;;18.9;18.4;18.9;18.7;18.4;18.0;97.0;96.0;96.0;168.0;4.3;2.2
2020/07/28;0800 UTC;0.0;954.2;954.2;953.6;;19.2;18.5;19.2;18.9;18.5;18.3;96.0;96.0;96.0;174.0;5.0;2.0
2020/07/28;0900 UTC;0.0;954.7;954.7;954.2;57.8;19.4;18.6;19.4;19.1;18.6;18.4;96.0;95.0;95.0;175.0;6.0;2.0
2020/07/28;1000 UTC;0.0;955.4;955.4;954.6;475.9;20.3;19.0;20.4;19.4;19.2;18.6;95.0;92.0;92.0;181.0;5.2;2.3
2020/07/28;1100 UTC;0.0;956.0;956.1;955.4;1048.3;21.4;18.5;21.9;20.2;19.5;18.5;92.0;83.0;83.0;176.0;8.0;3.9
2020/07/28;1200 UTC;0.0;956.0;956.2;956.0;1717.1;22.9;18.6;22.9;21.2;19.0;18.1;84.0;77.0;77.0;177.0;9.4;3.7
2020/07/28;1300 UTC;0.0;955.8;956.1;955.7;2569.6;24.0;18.7;24.3;22.2;19.1;17.9;78.0;70.0;73.0;180.0;9.7;3.9
2020/07/28;1400 UTC;0.0;955.1;955.8;955.1;2849.1;24.7;17.9;25.1;23.7;19.2;17.3;72.0;64.0;66.0;179.0;8.5;3.4
2020/07/28;1500 UTC;0.0;954.1;955.1;954.1;3246.8;25.6;17.5;26.1;24.7;18.6;16.7;67.0;58.0;61.0;180.0;8.5;3.9
2020/07/28;1600 UTC;0.0;953.4;954.2;953.4;2398.2;26.4;16.8;26.6;24.9;17.5;16.3;61.0;56.0;56.0;180.0;9.0;3.5
2020/07/28;1700 UTC;0.0;952.9;953.4;952.9;2721.4;26.5;16.5;26.9;25.8;17.8;16.3;59.0;54.0;54.0;176.0;8.8;3.9
2020/07/28;1800 UTC;0.0;952.7;952.9;952.7;1900.4;25.6;16.1;26.8;25.2;17.3;15.4;60.0;51.0;56.0;174.0;8.8;3.7
2020/07/28;1900 UTC;0.0;953.0;953.0;952.7;1092.1;25.1;16.5;26.0;24.8;17.3;15.9;60.0;56.0;59.0;175.0;9.5;4.2
2020/07/28;2000 UTC;0.0;953.6;953.6;953.0;480.2;23.7;14.3;25.4;23.7;17.0;14.3;60.0;53.0;56.0;180.0;9.3;3.6
2020/07/28;2100 UTC;0.0;954.2;954.2;953.6;3.4;22.3;14.0;23.7;22.3;14.3;13.9;60.0;56.0;60.0;177.0;6.6;2.6
2020/07/28;2200 UTC;0.0;954.6;954.6;954.2;;21.5;15.0;22.3;21.5;15.0;14.1;67.0;60.0;67.0;167.0;4.8;2.4
2020/07/28;2300 UTC;0.0;955.0;955.1;954.6;;20.7;15.7;21.5;20.7;15.7;15.0;73.0;67.0;73.0;172.0;4.8;2.1
2020/07/29;0000 UTC;0.0;955.4;955.4;955.0;;20.3;16.5;20.7;20.3;16.5;15.7;79.0;73.0;79.0;172.0;4.5;1.8
2020/07/29;0100 UTC;0.0;955.5;955.7;955.4;;20.1;17.3;20.3;20.1;17.3;16.5;84.0;79.0;84.0;173.0;4.6;2.1
2020/07/29;0200 UTC;0.0;955.3;955.5;955.3;;19.7;17.4;20.1;19.7;17.5;17.3;87.0;84.0;87.0;171.0;4.1;1.3
2020/07/29;0300 UTC;0.0;954.7;955.3;954.7;;19.8;18.0;19.8;19.6;18.0;17.4;90.0;87.0;90.0;180.0;3.1;1.6
2020/07/29;0400 UTC;0.0;954.4;954.8;954.3;;19.8;18.4;19.9;19.7;18.4;18.0;92.0;90.0;92.0;180.0;3.0;1.5
2020/07/29;0500 UTC;0.0;954.0;954.4;954.0;;19.7;18.6;19.8;19.7;18.7;18.4;94.0;92.0;94.0;177.0;3.9;1.8
2020/07/29;0600 UTC;0.0;953.4;954.0;953.4;;19.2;18.5;19.7;19.2;18.7;18.5;96.0;94.0;96.0;178.0;3.6;1.6
2020/07/29;0700 UTC;0.0;953.5;953.5;953.3;;19.3;18.8;19.4;19.1;18.8;18.5;97.0;96.0;97.0;181.0;3.5;1.1
2020/07/29;0800 UTC;0.0;953.8;953.8;953.4;;19.3;18.8;19.3;19.2;18.8;18.7;97.0;96.0;97.0;179.0;3.5;1.3
2020/07/29;0900 UTC;0.0;954.2;954.2;953.8;22.2;19.5;19.1;19.5;19.3;19.1;18.8;97.0;97.0;97.0;179.0;3.5;1.5
2020/07/29;1000 UTC;0.0;954.6;954.6;954.2;303.1;20.3;19.7;20.3;19.5;19.7;19.1;97.0;97.0;97.0;177.0;4.6;1.9
2020/07/29;1100 UTC;0.0;955.1;955.1;954.6;850.3;21.5;20.1;21.7;20.3;20.7;19.7;97.0;92.0;92.0;179.0;5.4;2.3
2020/07/29;1200 UTC;0.0;955.2;955.2;955.1;1161.2;21.9;19.8;22.6;21.3;20.8;18.9;92.0;83.0;88.0;177.0;7.6;2.4
2020/07/29;1300 UTC;0.0;954.8;955.2;954.7;1640.0;23.5;19.0;24.0;21.9;20.5;19.0;89.0;76.0;76.0;179.0;7.8;3.8
2020/07/29;1400 UTC;0.0;954.2;954.8;954.2;1687.8;23.8;19.5;24.4;22.6;21.1;18.9;84.0;74.0;77.0;179.0;8.4;3.2
2020/07/29;1500 UTC;0.0;953.5;954.2;953.5;1818.0;24.9;19.8;25.1;23.7;20.1;19.2;77.0;72.0;73.0;178.0;7.3;3.3
2020/07/29;1600 UTC;0.2;952.9;953.5;952.9;1356.4;22.8;21.0;24.9;22.3;21.0;19.3;90.0;73.0;90.0;182.0;7.3;3.2
2020/07/29;1700 UTC;0.0;952.4;952.9;952.2;1977.2;22.6;19.7;24.9;22.6;21.5;19.4;90.0;77.0;84.0;181.0;9.8;4.8
2020/07/29;1800 UTC;0.0;952.5;952.6;952.3;1145.9;23.4;20.3;23.8;22.1;20.8;19.8;89.0;82.0;83.0;179.0;9.8;4.5
2020/07/29;1900 UTC;0.2;953.1;953.1;952.5;404.4;20.8;19.9;23.4;20.8;20.2;19.4;95.0;83.0;95.0;182.0;10.9;4.3
2020/07/29;2000 UTC;0.2;953.5;953.6;953.1;61.5;20.6;19.8;20.9;20.5;20.1;19.8;96.0;95.0;96.0;199.0;7.9;2.8
2020/07/29;2100 UTC;0.2;953.8;953.8;953.4;1.9;20.6;19.8;20.6;20.4;19.9;19.6;96.0;95.0;96.0;183.0;4.6;2.1
2020/07/29;2200 UTC;0.4;954.5;954.5;953.8;;19.4;18.8;20.7;19.3;20.0;18.7;97.0;96.0;97.0;170.0;9.1;2.9
2020/07/29;2300 UTC;0.0;954.9;954.9;954.5;;20.0;19.1;20.0;19.4;19.1;18.9;97.0;95.0;95.0;170.0;5.8;2.8
2020/07/30;0000 UTC;0.0;955.3;955.3;954.9;;19.9;18.7;20.0;19.9;19.0;18.7;95.0;93.0;93.0;179.0;5.8;1.1
2020/07/30;0100 UTC;1.2;955.3;955.4;955.2;;19.1;18.5;19.9;19.0;18.7;18.4;96.0;93.0;96.0;178.0;6.5;2.6
2020/07/30;0200 UTC;0.0;955.4;955.6;955.3;;19.0;18.4;19.1;18.9;18.5;18.3;97.0;96.0;96.0;189.0;6.2;2.4
2020/07/30;0300 UTC;0.0;954.9;955.4;954.9;;19.4;18.6;19.4;18.9;18.6;18.3;96.0;95.0;95.0;182.0;4.4;1.1
2020/07/30;0400 UTC;0.0;954.4;954.9;954.3;;19.2;18.3;19.4;19.2;18.6;18.2;95.0;94.0;94.0;177.0;4.4;1.6
2020/07/30;0500 UTC;0.0;954.2;954.4;954.1;;19.1;18.1;19.3;19.0;18.3;18.0;94.0;94.0;94.0;179.0;3.6;0.7
2020/07/30;0600 UTC;0.0;954.1;954.2;954.0;;19.1;18.0;19.3;19.0;18.2;18.0;94.0;93.0;93.0;175.0;4.0;1.4
2020/07/30;0700 UTC;0.0;954.4;954.4;954.1;;19.1;17.7;19.1;19.0;18.0;17.6;93.0;91.0;91.0;178.0;4.2;1.9
2020/07/30;0800 UTC;0.0;954.8;954.9;954.4;;18.8;17.4;19.1;18.8;17.7;17.4;92.0;91.0;92.0;179.0;4.7;1.9
2020/07/30;0900 UTC;0.0;955.0;955.1;954.8;26.5;18.4;17.1;18.8;18.3;17.4;17.1;93.0;92.0;93.0;178.0;4.7;0.7
2020/07/30;1000 UTC;0.0;955.6;955.6;955.0;624.2;19.8;17.4;19.9;18.3;17.9;17.1;93.0;86.0;86.0;178.0;3.7;2.0
2020/07/30;1100 UTC;0.0;956.3;956.3;955.6;1467.6;21.1;17.8;21.1;19.8;17.8;17.0;86.0;80.0;81.0;177.0;6.2;3.0
2020/07/30;1200 UTC;0.0;956.1;956.4;956.0;1948.2;21.5;15.8;22.4;21.0;18.1;15.7;81.0;69.0;70.0;176.0;8.4;4.9
2020/07/30;1300 UTC;0.0;955.8;956.1;955.7;2557.1;22.9;16.0;24.3;21.5;16.8;15.6;71.0;61.0;65.0;179.0;8.4;2.8
2020/07/30;1400 UTC;0.0;955.0;955.8;955.0;2547.8;24.8;15.4;25.0;22.9;17.1;14.9;66.0;55.0;56.0;178.0;7.2;3.1
2020/07/30;1500 UTC;0.0;954.0;955.0;954.0;2242.9;25.0;14.7;26.2;24.3;15.6;14.2;56.0;50.0;53.0;179.0;9.0;3.6
2020/07/30;1600 UTC;0.0;952.9;954.0;952.9;2885.5;26.2;13.9;26.5;24.9;15.7;13.4;54.0;46.0;47.0;178.0;9.0;3.0
2020/07/30;1700 UTC;0.0;952.2;952.9;952.2;2627.5;26.8;11.5;27.0;26.0;14.6;11.1;48.0;38.0;39.0;178.0;8.2;3.9
2020/07/30;1800 UTC;0.0;952.1;952.2;952.1;1989.1;26.6;11.8;27.2;26.3;12.4;10.9;41.0;37.0;40.0;179.0;8.5;3.7
2020/07/30;1900 UTC;0.0;952.5;952.5;952.1;1094.7;25.7;13.3;27.0;25.5;13.3;11.8;46.0;40.0;46.0;178.0;8.5;3.1
2020/07/30;2000 UTC;0.0;953.1;953.1;952.5;442.1;24.4;14.6;26.1;24.4;14.6;12.9;55.0;45.0;54.0;177.0;8.1;3.3
2020/07/30;2100 UTC;0.0;953.6;953.6;953.1;4.8;23.2;14.7;24.4;23.2;14.8;14.5;59.0;54.0;59.0;175.0;7.5;3.0
2020/07/30;2200 UTC;0.0;954.3;954.3;953.6;;22.0;15.0;23.2;22.0;15.0;14.6;65.0;59.0;65.0;167.0;6.3;2.9
2020/07/30;2300 UTC;0.0;955.0;955.0;954.3;;20.7;16.6;22.0;20.7;16.6;15.0;77.0;65.0;77.0;182.0;5.9;2.9
2020/07/31;0000 UTC;0.0;955.3;955.3;955.0;;20.1;17.3;20.7;20.1;17.3;16.6;84.0;77.0;84.0;170.0;5.5;1.5
2020/07/31;0100 UTC;0.0;955.6;955.6;955.3;;19.6;16.8;20.1;19.6;17.3;16.8;85.0;84.0;84.0;174.0;5.0;2.4
2020/07/31;0200 UTC;0.0;955.3;955.6;955.3;;19.4;16.4;19.6;19.4;16.8;16.4;84.0;83.0;83.0;178.0;5.0;1.9
2020/07/31;0300 UTC;0.0;954.9;955.4;954.9;;19.5;16.4;19.6;19.4;16.5;16.4;83.0;82.0;82.0;176.0;4.5;2.1
2020/07/31;0400 UTC;0.0;954.5;954.9;954.5;;19.3;16.6;19.5;19.3;16.6;16.3;84.0;82.0;84.0;178.0;4.4;2.0
2020/07/31;0500 UTC;0.0;954.2;954.5;954.2;;18.4;16.5;19.3;18.4;16.9;16.5;89.0;84.0;89.0;176.0;4.9;2.1
2020/07/31;0600 UTC;0.2;954.0;954.2;953.9;;17.9;17.1;18.4;17.8;17.1;16.5;95.0;89.0;95.0;169.0;4.1;0.4
2020/07/31;0700 UTC;0.0;954.1;954.1;954.0;;18.4;17.5;18.4;17.9;17.5;17.0;95.0;94.0;95.0;232.0;2.0;0.3
2020/07/31;0800 UTC;0.0;954.3;954.3;954.1;;18.3;17.5;18.4;18.3;17.5;17.4;95.0;94.0;95.0;172.0;3.2;1.4
2020/07/31;0900 UTC;0.0;954.8;954.8;954.3;28.6;18.3;17.4;18.4;18.1;17.5;17.2;95.0;94.0;95.0;175.0;3.1;0.4
2020/07/31;1000 UTC;0.0;955.1;955.1;954.8;510.5;19.3;18.1;19.8;18.3;18.9;17.4;95.0;93.0;93.0;178.0;3.1;1.4
2020/07/31;1100 UTC;0.0;955.8;955.8;955.1;476.6;20.2;18.6;20.3;19.1;18.7;18.0;94.0;90.0;90.0;175.0;6.1;2.5
2020/07/31;1200 UTC;0.0;955.7;955.9;955.7;1231.0;21.6;18.4;21.8;20.2;19.3;18.2;91.0;82.0;82.0;176.0;6.4;2.4
2020/07/31;1300 UTC;0.0;955.4;955.8;955.4;1710.2;22.8;18.5;23.5;21.6;18.8;17.7;83.0;73.0;77.0;181.0;8.1;4.0
2020/07/31;1400 UTC;0.2;955.0;955.4;955.0;1976.9;22.6;18.9;24.5;22.2;20.1;18.0;81.0;73.0;80.0;178.0;7.6;3.3
2020/07/31;1500 UTC;0.8;954.3;955.1;954.3;2469.1;23.7;20.9;24.2;21.9;21.2;18.8;89.0;76.0;85.0;177.0;7.7;2.4
2020/07/31;1600 UTC;0.0;953.4;954.3;953.4;2366.2;25.3;18.6;25.7;23.7;21.1;18.4;85.0;65.0;67.0;178.0;8.8;3.1
2020/07/31;1700 UTC;0.0;953.2;953.4;953.1;1872.9;25.4;17.8;26.4;25.0;19.4;17.8;68.0;62.0;63.0;187.0;7.8;4.4
2020/07/31;1800 UTC;0.0;953.1;953.2;953.0;1636.7;26.0;18.6;26.4;24.9;19.2;17.2;68.0;58.0;64.0;175.0;9.7;3.8
2020/07/31;1900 UTC;0.0;953.6;953.6;953.1;1155.1;25.3;18.3;26.3;25.0;19.0;17.6;67.0;63.0;65.0;174.0;9.3;3.3
2020/07/31;2000 UTC;0.0;954.3;954.3;953.6;342.7;23.9;18.0;25.3;23.8;18.3;17.7;70.0;65.0;70.0;170.0;8.8;2.8
2020/07/31;2100 UTC;0.0;954.8;954.8;954.3;7.9;22.7;18.2;23.9;22.7;18.2;17.9;76.0;70.0;76.0;174.0;7.0;2.8
2020/07/31;2200 UTC;0.0;955.4;955.4;954.8;;21.8;18.1;22.7;21.8;18.2;18.1;79.0;76.0;79.0;192.0;5.8;2.5
2020/07/31;2300 UTC;0.0;955.9;955.9;955.4;;21.3;18.4;21.8;21.3;18.4;18.1;83.0;80.0;83.0;173.0;5.4;2.7
2020/08/01;0000 UTC;0.0;956.5;956.5;955.9;;20.9;18.6;21.3;20.8;18.6;18.4;87.0;83.0;87.0;173.0;5.3;2.2
2020/08/01;0100 UTC;0.0;956.7;956.8;956.5;;20.6;18.7;20.9;20.6;18.7;18.6;89.0;87.0;89.0;187.0;6.0;2.0
2020/08/01;0200 UTC;0.0;956.7;956.8;956.7;;20.6;18.8;20.7;20.5;18.8;18.6;89.0;89.0;89.0;178.0;4.0;1.8
2020/08/01;0300 UTC;0.0;956.2;956.7;956.2;;20.2;18.8;20.7;20.2;18.9;18.8;92.0;89.0;92.0;175.0;4.5;1.6
2020/08/01;0400 UTC;0.0;955.4;956.2;955.4;;20.1;19.0;20.2;20.1;19.0;18.7;94.0;92.0;94.0;179.0;4.9;2.2
2020/08/01;0500 UTC;0.0;955.1;955.4;955.1;;19.9;19.0;20.1;19.9;19.0;18.9;94.0;94.0;94.0;179.0;4.5;1.5
2020/08/01;0600 UTC;0.0;954.9;955.1;954.8;;19.6;18.8;20.0;19.6;19.1;18.7;95.0;94.0;95.0;174.0;3.5;1.1
2020/08/01;0700 UTC;0.0;954.9;954.9;954.8;;19.5;18.8;19.6;19.5;18.9;18.7;96.0;95.0;96.0;176.0;2.9;1.5
2020/08/01;0800 UTC;0.4;955.1;955.1;954.9;;19.3;18.8;19.6;19.3;19.0;18.8;97.0;96.0;97.0;183.0;3.8;1.5
2020/08/01;0900 UTC;0.0;955.3;955.3;955.1;29.8;19.5;19.0;19.5;19.3;19.1;18.8;98.0;97.0;97.0;178.0;3.0;1.3
2020/08/01;1000 UTC;0.0;955.7;955.7;955.3;281.3;20.0;19.5;20.0;19.4;19.6;19.0;98.0;97.0;97.0;181.0;4.2;2.2
2020/08/01;1100 UTC;0.0;956.0;956.1;955.7;452.4;20.8;20.1;20.8;19.9;20.1;19.4;97.0;96.0;96.0;179.0;6.3;3.0
2020/08/01;1200 UTC;0.0;956.3;956.3;956.0;947.8;21.5;19.4;22.5;20.8;20.7;19.4;96.0;87.0;88.0;171.0;8.4;4.5
2020/08/01;1300 UTC;0.0;956.1;956.4;956.1;1907.2;23.3;20.1;23.7;21.3;21.0;19.4;92.0;82.0;82.0;176.0;8.4;2.9
2020/08/01;1400 UTC;0.0;955.5;956.1;955.5;1646.8;23.7;19.0;24.6;23.2;20.8;18.9;82.0;74.0;75.0;178.0;8.4;4.2
2020/08/01;1500 UTC;0.0;954.5;955.5;954.5;2951.4;25.3;18.6;25.7;23.7;19.9;18.4;75.0;66.0;66.0;175.0;10.1;4.0
2020/08/01;1600 UTC;0.0;953.8;954.5;953.8;2705.1;26.2;19.8;26.3;24.9;19.9;18.5;70.0;66.0;68.0;177.0;9.0;4.7
2020/08/01;1700 UTC;0.0;953.3;953.8;953.3;2372.7;25.3;19.4;26.8;25.3;19.9;18.5;70.0;63.0;70.0;178.0;9.0;4.7
2020/08/01;1800 UTC;0.0;953.0;953.3;952.9;1999.9;25.7;19.2;26.7;24.7;20.1;19.0;72.0;66.0;67.0;173.0;9.8;4.2
2020/08/01;1900 UTC;0.0;953.4;953.5;952.9;955.2;25.0;19.1;26.0;24.5;19.8;19.1;74.0;67.0;70.0;172.0;9.4;4.3
2020/08/01;2000 UTC;0.0;954.2;954.2;953.4;408.6;23.6;19.4;25.2;23.6;19.5;18.8;77.0;69.0;77.0;177.0;8.8;3.4
2020/08/01;2100 UTC;0.0;954.9;954.9;954.2;4.4;22.6;19.2;23.7;22.6;19.6;19.0;81.0;77.0;81.0;171.0;8.0;3.5
2020/08/01;2200 UTC;0.0;955.4;955.4;954.9;;22.0;18.9;22.7;22.0;19.2;18.9;83.0;80.0;83.0;177.0;7.1;3.2
2020/08/01;2300 UTC;0.0;955.9;955.9;955.4;;21.5;18.7;22.0;21.4;18.8;18.6;84.0;82.0;84.0;175.0;7.2;3.2
2020/08/02;0000 UTC;0.0;956.5;956.5;955.9;;21.4;19.1;21.5;21.3;19.1;18.7;87.0;84.0;86.0;181.0;6.5;1.7
2020/08/02;0100 UTC;0.0;956.6;956.6;956.4;;20.7;19.4;21.4;20.6;19.4;19.0;92.0;86.0;92.0;177.0;5.6;2.4
2020/08/02;0200 UTC;0.0;956.5;956.7;956.5;;20.6;19.5;20.9;20.6;19.7;19.4;93.0;92.0;93.0;178.0;5.6;2.6
2020/08/02;0300 UTC;0.0;956.0;956.5;956.0;;20.5;19.3;20.8;20.4;19.6;19.2;93.0;93.0;93.0;175.0;5.8;2.8
2020/08/02;0400 UTC;0.0;955.6;956.0;955.6;;20.2;19.1;20.6;20.1;19.3;18.9;93.0;92.0;93.0;176.0;6.4;2.0
2020/08/02;0500 UTC;0.6;955.4;955.7;955.4;;19.8;19.2;20.2;19.6;19.2;19.0;97.0;93.0;96.0;178.0;4.4;2.1
2020/08/02;0600 UTC;0.0;955.4;955.4;955.3;;19.8;19.2;19.9;19.7;19.3;19.1;97.0;96.0;96.0;177.0;4.8;2.4
2020/08/02;0700 UTC;0.0;955.5;955.5;955.3;;19.5;19.0;19.8;19.3;19.3;18.8;97.0;96.0;97.0;178.0;5.7;2.1
2020/08/02;0800 UTC;0.0;955.7;955.7;955.5;;19.6;19.1;19.6;19.4;19.1;18.9;97.0;97.0;97.0;178.0;5.4;2.2
2020/08/02;0900 UTC;0.0;956.0;956.0;955.7;21.2;19.5;19.1;19.6;19.5;19.2;19.0;97.0;97.0;97.0;178.0;6.0;2.4
2020/08/02;1000 UTC;0.0;956.6;956.6;956.0;244.5;19.7;19.5;19.8;19.4;19.5;19.0;98.0;97.0;98.0;179.0;5.8;2.1
2020/08/02;1100 UTC;0.0;957.3;957.3;956.6;648.6;20.9;20.0;20.9;19.6;20.1;19.3;98.0;95.0;95.0;180.0;7.4;3.9
2020/08/02;1200 UTC;0.0;957.5;957.6;957.3;962.9;21.2;19.4;22.1;20.8;20.5;19.2;95.0;88.0;90.0;179.0;7.4;3.2
2020/08/02;1300 UTC;0.0;957.3;957.6;957.3;1285.1;23.9;20.7;24.0;21.2;21.0;19.4;90.0;82.0;82.0;180.0;6.6;2.5
2020/08/02;1400 UTC;0.0;956.7;957.3;956.7;1562.9;24.2;19.1;24.5;22.2;20.4;18.5;83.0;72.0;73.0;177.0;7.5;3.6
2020/08/02;1500 UTC;0.0;955.9;956.7;955.9;1882.3;25.1;18.4;25.7;24.2;19.6;18.4;74.0;66.0;67.0;176.0;7.8;3.8
2020/08/02;1600 UTC;0.0;955.3;955.9;955.3;1984.1;26.2;19.0;26.3;24.8;19.9;18.4;69.0;65.0;65.0;174.0;7.8;3.0
2020/08/02;1700 UTC;0.0;954.7;955.3;954.7;1614.5;25.6;18.8;27.1;25.6;19.9;18.5;69.0;62.0;66.0;176.0;8.0;3.5
2020/08/02;1800 UTC;0.0;954.8;954.8;954.6;1336.0;24.7;18.8;27.0;24.7;19.2;18.1;70.0;60.0;70.0;179.0;8.3;4.5
2020/08/02;1900 UTC;0.0;955.3;955.3;954.8;829.3;24.5;18.7;25.3;24.4;19.6;18.6;72.0;69.0;70.0;179.0;9.4;4.4
2020/08/02;2000 UTC;0.0;956.2;956.2;955.3;271.3;21.9;18.6;24.6;21.9;19.4;18.6;82.0;70.0;82.0;177.0;9.2;3.7
2020/08/02;2100 UTC;0.0;956.6;956.6;956.2;0.5;21.4;19.2;21.9;21.4;19.3;18.6;87.0;82.0;87.0;175.0;7.5;2.3
2020/08/02;2200 UTC;1.4;957.1;957.1;956.6;;20.3;19.5;21.4;19.9;19.5;18.7;95.0;87.0;95.0;180.0;8.1;2.5
2020/08/02;2300 UTC;0.0;957.5;957.5;957.1;;20.3;19.2;20.4;20.3;19.5;19.2;95.0;93.0;94.0;181.0;5.4;2.3
2020/08/03;0000 UTC;0.0;957.9;957.9;957.5;;20.2;18.9;20.3;20.2;19.2;18.8;94.0;92.0;92.0;179.0;5.1;1.5
2020/08/03;0100 UTC;0.2;958.2;958.3;957.9;;19.4;18.4;20.2;19.3;18.9;18.3;94.0;92.0;94.0;177.0;8.9;2.2
2020/08/03;0200 UTC;0.0;958.1;958.4;958.1;;19.4;18.2;19.6;19.4;18.4;18.1;94.0;92.0;93.0;179.0;5.0;2.2
2020/08/03;0300 UTC;0.0;957.8;958.2;957.8;;19.2;17.9;19.5;19.2;18.2;17.9;93.0;92.0;92.0;180.0;4.5;1.6
2020/08/03;0400 UTC;0.0;957.2;957.8;957.2;;19.2;18.0;19.3;19.2;18.1;17.9;93.0;92.0;93.0;178.0;4.5;2.0
2020/08/03;0500 UTC;0.0;956.7;957.2;956.7;;19.1;18.0;19.2;19.0;18.1;17.9;94.0;93.0;94.0;177.0;4.1;2.1
2020/08/03;0600 UTC;0.0;956.8;956.8;956.7;;19.1;18.0;19.1;19.0;18.1;18.0;94.0;93.0;93.0;178.0;4.2;1.9
2020/08/03;0700 UTC;0.0;956.8;956.9;956.7;;19.0;17.8;19.1;18.9;18.0;17.8;93.0;93.0;93.0;178.0;4.9;1.9
2020/08/03;0800 UTC;0.0;956.9;956.9;956.8;;18.5;17.5;19.0;18.5;17.8;17.4;94.0;93.0;94.0;178.0;3.8;1.2
2020/08/03;0900 UTC;0.0;957.2;957.2;956.9;42.3;18.6;17.7;18.7;18.4;17.7;17.4;94.0;94.0;94.0;179.0;2.9;1.7
2020/08/03;1000 UTC;0.0;957.8;957.8;957.2;373.1;19.4;18.1;19.4;18.6;18.1;17.7;94.0;92.0;92.0;178.0;4.4;2.4
2020/08/03;1100 UTC;0.0;958.2;958.2;957.8;878.7;20.7;18.3;20.7;19.3;18.7;17.9;92.0;86.0;86.0;176.0;7.0;3.4
2020/08/03;1200 UTC;0.0;958.3;958.4;958.2;2444.9;22.8;16.9;23.2;20.7;18.9;16.9;86.0;69.0;70.0;177.0;8.0;3.6
2020/08/03;1300 UTC;0.0;958.2;958.4;958.2;2755.4;24.0;17.3;24.4;22.5;17.4;16.2;70.0;62.0;66.0;178.0;9.9;4.4
2020/08/03;1400 UTC;0.0;957.7;958.2;957.7;1966.5;24.1;16.8;24.9;23.7;17.9;16.7;67.0;63.0;64.0;179.0;9.4;3.9
2020/08/03;1500 UTC;0.0;957.2;957.8;957.2;1989.8;25.1;16.8;25.9;23.9;17.8;16.6;67.0;59.0;60.0;180.0;9.8;4.0
2020/08/03;1600 UTC;0.0;956.3;957.2;956.3;2219.4;26.2;16.0;26.5;25.2;17.3;16.0;60.0;53.0;53.0;177.0;9.4;4.4
2020/08/03;1700 UTC;0.0;955.7;956.3;955.7;2674.6;26.0;17.2;27.4;25.5;17.6;15.8;61.0;50.0;58.0;179.0;11.4;4.2
2020/08/03;1800 UTC;0.0;955.4;955.7;955.3;1971.2;26.0;15.9;26.9;25.8;17.2;15.9;58.0;53.0;54.0;177.0;8.5;4.4
2020/08/03;1900 UTC;0.0;955.8;955.8;955.4;709.5;25.2;16.3;26.1;25.2;17.4;15.8;62.0;54.0;58.0;179.0;10.7;4.5
2020/08/03;2000 UTC;0.0;956.2;956.2;955.8;422.6;24.1;17.2;25.3;24.1;17.3;16.4;65.0;58.0;65.0;177.0;8.5;2.8
2020/08/03;2100 UTC;0.0;956.7;956.7;956.2;4.5;22.8;17.2;24.1;22.8;17.2;16.7;70.0;65.0;70.0;179.0;7.6;3.0
2020/08/03;2200 UTC;0.0;957.2;957.2;956.7;;21.6;17.5;22.8;21.6;17.5;17.1;77.0;70.0;77.0;178.0;7.6;2.5
2020/08/03;2300 UTC;0.0;957.7;957.7;957.2;;20.7;17.3;21.6;20.7;17.5;17.3;81.0;77.0;81.0;179.0;6.4;2.5
2020/08/04;0000 UTC;0.0;958.2;958.2;957.7;;20.1;17.0;20.7;20.1;17.3;17.0;82.0;81.0;82.0;174.0;5.5;1.9
2020/08/04;0100 UTC;0.0;958.4;958.5;958.2;;19.6;17.0;20.1;19.6;17.0;17.0;85.0;82.0;85.0;177.0;4.9;1.9
2020/08/04;0200 UTC;0.0;958.5;958.6;958.4;;19.0;16.9;19.6;19.0;17.0;16.9;88.0;85.0;88.0;177.0;4.3;1.9
2020/08/04;0300 UTC;0.0;957.9;958.5;957.9;;18.8;17.0;19.1;18.8;17.0;16.9;89.0;88.0;89.0;176.0;4.2;2.0
2020/08/04;0400 UTC;0.0;957.4;957.9;957.4;;18.7;17.1;18.8;18.6;17.1;16.9;90.0;89.0;90.0;175.0;4.3;2.0
2020/08/04;0500 UTC;0.0;956.8;957.4;956.8;;18.4;17.0;18.8;18.4;17.2;17.0;92.0;90.0;92.0;176.0;4.3;1.9
2020/08/04;0600 UTC;0.0;956.5;956.8;956.4;;18.3;17.1;18.5;18.2;17.1;17.0;93.0;92.0;93.0;178.0;3.6;1.8
2020/08/04;0700 UTC;0.0;956.7;956.7;956.5;;18.2;17.2;18.4;18.2;17.3;17.1;94.0;93.0;94.0;175.0;3.6;1.9
2020/08/04;0800 UTC;0.0;956.9;957.0;956.7;;18.1;17.2;18.2;17.8;17.2;16.9;94.0;94.0;94.0;177.0;3.0;1.4
2020/08/04;0900 UTC;0.0;957.3;957.3;956.9;28.8;18.2;17.2;18.2;18.0;17.2;17.0;94.0;94.0;94.0;178.0;3.7;1.4
2020/08/04;1000 UTC;0.0;958.2;958.2;957.3;248.5;18.7;17.2;19.0;18.2;17.6;17.1;94.0;90.0;91.0;179.0;5.2;2.6
2020/08/04;1100 UTC;0.2;958.7;958.7;958.2;638.3;19.3;17.9;19.3;18.0;18.2;16.9;94.0;91.0;92.0;176.0;7.3;2.3
2020/08/04;1200 UTC;0.0;958.7;958.9;958.7;1323.4;21.6;17.2;21.9;19.3;18.8;17.2;92.0;76.0;76.0;175.0;10.3;3.8
2020/08/04;1300 UTC;0.0;958.5;958.7;958.5;3082.1;23.5;16.2;23.8;21.5;17.1;15.1;76.0;60.0;64.0;175.0;12.6;4.8
2020/08/04;1400 UTC;0.0;957.8;958.5;957.8;2526.5;23.6;16.1;24.6;23.4;16.6;15.5;64.0;58.0;63.0;174.0;10.7;5.0
2020/08/04;1500 UTC;0.0;957.2;957.8;957.1;3257.1;25.5;14.5;26.0;23.4;17.0;14.0;64.0;49.0;51.0;177.0;11.7;5.3
2020/08/04;1600 UTC;0.0;956.2;957.2;956.2;2864.3;25.5;14.9;27.0;25.1;15.7;13.8;52.0;48.0;52.0;173.0;11.3;4.3
2020/08/04;1700 UTC;0.0;955.4;956.2;955.4;2427.8;26.2;14.3;26.4;25.1;15.5;14.0;53.0;47.0;48.0;178.0;10.2;4.1
2020/08/04;1800 UTC;0.0;955.1;955.4;954.9;1986.1;26.5;13.7;26.6;25.6;14.9;13.2;49.0;44.0;45.0;176.0;10.2;4.0
2020/08/04;1900 UTC;0.0;955.3;955.3;955.1;1231.5;25.3;13.1;26.7;25.1;13.8;12.1;49.0;43.0;47.0;176.0;10.2;4.1
2020/08/04;2000 UTC;0.0;955.8;955.8;955.3;390.6;23.3;15.0;25.3;23.3;15.4;13.2;60.0;47.0;60.0;172.0;9.9;4.1
2020/08/04;2100 UTC;0.0;956.2;956.2;955.8;7.9;21.7;15.8;23.3;21.7;16.2;15.0;69.0;60.0;69.0;174.0;9.4;2.8
2020/08/04;2200 UTC;0.0;956.6;956.6;956.2;;20.9;15.4;21.7;20.9;15.9;15.4;71.0;69.0;71.0;178.0;6.7;2.9
2020/08/04;2300 UTC;0.0;957.1;957.2;956.6;;20.2;15.5;20.9;20.2;15.5;15.3;74.0;71.0;74.0;175.0;6.7;2.6
2020/08/05;0000 UTC;0.0;957.8;957.8;957.0;;19.6;16.2;20.2;19.6;16.2;15.5;81.0;74.0;81.0;177.0;5.7;2.2
2020/08/05;0100 UTC;0.0;957.9;958.0;957.8;;19.2;16.5;19.6;19.2;16.5;16.1;84.0;81.0;84.0;174.0;4.4;1.9
2020/08/05;0200 UTC;0.0;957.7;957.9;957.7;;19.1;16.9;19.2;19.0;16.9;16.5;87.0;84.0;87.0;178.0;4.9;2.2
2020/08/05;0300 UTC;0.0;957.1;957.7;957.1;;19.1;17.2;19.2;19.0;17.3;16.9;89.0;87.0;89.0;179.0;4.9;2.2
2020/08/05;0400 UTC;0.0;956.7;957.1;956.7;;18.8;17.1;19.1;18.8;17.2;17.1;90.0;89.0;90.0;176.0;5.5;2.4
2020/08/05;0500 UTC;0.0;956.3;956.7;956.3;;18.5;17.1;18.8;18.4;17.1;17.0;92.0;90.0;92.0;175.0;5.5;1.9
2020/08/05;0600 UTC;0.0;955.9;956.3;955.9;;18.2;17.0;18.5;18.1;17.1;16.9;93.0;92.0;93.0;178.0;3.8;1.4
2020/08/05;0700 UTC;0.0;956.0;956.1;955.9;;18.3;17.1;18.4;18.2;17.1;16.9;93.0;92.0;92.0;176.0;3.2;1.6
2020/08/05;0800 UTC;0.0;956.2;956.2;956.0;;18.3;17.0;18.6;18.3;17.2;17.0;92.0;92.0;92.0;179.0;4.3;1.5
2020/08/05;0900 UTC;0.0;956.5;956.5;956.1;12.4;18.8;17.3;18.8;18.3;17.3;17.0;92.0;91.0;91.0;179.0;4.7;2.1
2020/08/05;1000 UTC;0.0;957.2;957.2;956.4;410.0;19.5;17.5;19.5;18.5;18.0;17.1;92.0;88.0;88.0;178.0;5.2;2.2
2020/08/05;1100 UTC;0.0;957.6;957.6;957.2;1016.2;20.8;17.0;21.2;19.5;17.9;17.0;88.0;79.0;79.0;180.0;7.4;3.3
2020/08/05;1200 UTC;0.0;957.8;957.9;957.6;2201.2;23.2;15.7;23.2;20.8;17.5;15.7;80.0;63.0;63.0;178.0;11.9;4.8
2020/08/05;1300 UTC;0.0;957.7;957.8;957.6;2766.0;24.5;16.0;24.5;23.0;16.0;14.9;63.0;57.0;59.0;182.0;10.5;5.4
2020/08/05;1400 UTC;0.0;956.9;957.8;956.9;3214.7;25.8;15.8;26.0;24.2;16.2;14.9;60.0;53.0;54.0;178.0;11.5;4.0
2020/08/05;1500 UTC;0.0;956.5;956.9;956.5;2628.6;24.1;16.9;26.2;23.7;17.3;15.1;65.0;52.0;64.0;173.0;12.9;6.4
2020/08/05;1600 UTC;0.0;955.4;956.6;955.4;2437.5;24.5;17.0;25.3;23.4;18.1;16.5;69.0;60.0;63.0;175.0;12.0;4.3
2020/08/05;1700 UTC;0.0;954.7;955.4;954.7;2112.9;25.9;15.0;26.1;24.1;17.9;15.0;66.0;51.0;51.0;178.0;10.2;5.3
2020/08/05;1800 UTC;0.0;954.5;954.7;954.4;1798.9;24.8;14.6;26.2;24.8;16.3;14.4;57.0;51.0;53.0;180.0;10.2;5.0
2020/08/05;1900 UTC;0.0;954.8;954.8;954.5;1140.9;24.9;15.1;25.4;24.2;15.6;14.6;57.0;52.0;54.0;177.0;10.1;4.1
2020/08/05;2000 UTC;0.0;955.3;955.3;954.8;490.3;23.6;15.4;24.9;23.6;15.4;14.4;60.0;53.0;60.0;181.0;9.4;4.1
2020/08/05;2100 UTC;0.0;955.6;955.7;955.2;10.1;22.4;15.6;23.6;22.4;15.9;15.5;66.0;60.0;66.0;176.0;9.3;3.5
2020/08/05;2200 UTC;0.0;955.9;955.9;955.6;;21.7;15.8;22.4;21.6;15.8;15.5;69.0;66.0;69.0;176.0;8.0;2.8
2020/08/05;2300 UTC;0.0;956.9;956.9;955.9;;20.6;16.1;21.7;20.6;16.1;15.7;75.0;69.0;75.0;179.0;6.6;2.5
2020/08/06;0000 UTC;0.0;957.2;957.2;956.9;;20.0;16.2;20.7;20.0;16.3;16.1;79.0;75.0;79.0;179.0;6.3;3.0
2020/08/06;0100 UTC;0.0;957.3;957.4;957.2;;19.6;16.6;20.0;19.6;16.7;16.2;83.0;79.0;83.0;176.0;6.3;2.1
2020/08/06;0200 UTC;0.0;957.0;957.4;956.9;;19.3;16.7;19.6;19.3;16.7;16.5;85.0;83.0;85.0;176.0;6.0;3.3
2020/08/06;0300 UTC;0.0;956.5;957.0;956.5;;19.4;17.0;19.5;19.1;17.2;16.7;87.0;85.0;86.0;179.0;6.0;2.5
2020/08/06;0400 UTC;0.0;955.9;956.6;955.9;;19.4;17.1;19.5;19.4;17.2;17.0;87.0;86.0;87.0;177.0;5.8;2.4
2020/08/06;0500 UTC;0.0;955.3;955.9;955.2;;19.4;17.2;19.5;19.3;17.3;17.1;87.0;87.0;87.0;178.0;5.6;2.1
2020/08/06;0600 UTC;0.0;955.1;955.3;955.1;;19.3;17.3;19.4;19.2;17.4;17.2;88.0;87.0;88.0;180.0;5.0;2.7
2020/08/06;0700 UTC;0.0;955.3;955.3;955.0;;19.0;17.5;19.3;19.0;17.5;17.3;91.0;88.0;91.0;178.0;6.7;2.4
2020/08/06;0800 UTC;0.0;955.5;955.5;955.2;;19.0;17.7;19.1;18.9;17.8;17.5;92.0;91.0;92.0;178.0;7.7;3.0
2020/08/06;0900 UTC;0.0;955.6;955.6;955.4;27.7;19.2;17.7;19.2;18.9;17.8;17.6;92.0;91.0;91.0;178.0;6.3;2.7
2020/08/06;1000 UTC;0.0;956.5;956.5;955.6;183.8;19.6;17.7;19.6;19.2;17.8;17.5;91.0;88.0;89.0;177.0;6.3;3.3
2020/08/06;1100 UTC;0.0;956.9;956.9;956.5;449.4;20.0;17.7;20.0;19.1;18.0;17.3;90.0;87.0;87.0;180.0;8.5;3.4
2020/08/06;1200 UTC;0.0;957.0;957.0;956.9;1260.7;22.6;18.0;22.7;20.0;18.4;17.4;87.0;75.0;75.0;177.0;9.8;4.5
2020/08/06;1300 UTC;0.0;957.2;957.2;957.0;1377.6;23.3;17.8;23.3;22.0;17.9;17.2;77.0;71.0;71.0;176.0;9.8;4.1
2020/08/06;1400 UTC;0.0;956.7;957.2;956.7;1288.0;23.2;16.8;23.6;22.8;17.8;16.7;72.0;67.0;67.0;178.0;9.7;4.0
2020/08/06;1500 UTC;0.0;956.0;956.7;956.0;1661.0;24.0;16.6;24.3;23.1;17.2;16.3;68.0;63.0;64.0;174.0;9.4;4.4
2020/08/06;1600 UTC;0.0;955.4;956.1;955.3;1731.3;24.6;16.4;24.9;24.0;16.9;16.1;64.0;59.0;60.0;176.0;10.6;4.5
2020/08/06;1700 UTC;0.0;955.0;955.4;955.0;1544.9;24.9;16.2;25.2;24.5;16.8;16.1;60.0;58.0;58.0;177.0;9.0;3.8
2020/08/06;1800 UTC;0.0;955.0;955.0;954.9;887.1;24.6;15.5;25.1;24.3;16.4;15.4;59.0;57.0;57.0;181.0;8.6;4.1
2020/08/06;1900 UTC;0.0;955.2;955.3;955.0;668.4;23.9;15.3;24.6;23.9;15.5;15.1;59.0;56.0;59.0;179.0;8.6;3.6
2020/08/06;2000 UTC;0.0;955.5;955.5;955.2;232.9;22.9;16.4;24.0;22.9;16.4;15.2;67.0;58.0;67.0;176.0;7.8;3.4
2020/08/06;2100 UTC;0.0;956.1;956.1;955.5;5.0;21.9;16.2;22.9;21.9;16.5;16.0;70.0;67.0;70.0;176.0;7.1;3.9
2020/08/06;2200 UTC;0.0;956.6;956.6;956.1;;21.4;16.2;22.0;21.4;16.3;16.1;72.0;70.0;72.0;174.0;7.2;2.8
2020/08/06;2300 UTC;0.0;957.1;957.1;956.5;;21.1;16.1;21.4;21.1;16.3;16.1;73.0;72.0;73.0;180.0;6.4;2.5
2020/08/07;0000 UTC;0.0;957.2;957.3;957.1;;20.5;15.8;21.2;20.5;16.1;15.7;75.0;73.0;75.0;177.0;6.6;2.8
2020/08/07;0100 UTC;0.0;957.2;957.3;957.1;;19.9;16.3;20.5;19.9;16.3;15.9;80.0;75.0;80.0;178.0;6.6;2.2
2020/08/07;0200 UTC;0.0;957.1;957.2;957.1;;19.5;16.7;19.9;19.3;16.7;16.3;84.0;80.0;84.0;174.0;5.6;2.3
2020/08/07;0300 UTC;0.0;956.9;957.1;956.9;;18.9;16.5;19.6;18.9;16.9;16.5;86.0;84.0;86.0;177.0;6.0;2.1
2020/08/07;0400 UTC;0.0;956.3;956.9;956.3;;18.5;16.7;18.9;18.5;16.7;16.5;89.0;86.0;89.0;178.0;4.3;1.7
2020/08/07;0500 UTC;0.0;956.2;956.3;956.1;;18.3;16.7;18.6;18.2;16.8;16.7;91.0;89.0;91.0;182.0;4.1;1.6
2020/08/07;0600 UTC;0.0;955.8;956.2;955.8;;18.2;17.1;18.3;18.2;17.1;16.7;93.0;91.0;93.0;177.0;5.3;2.1
2020/08/07;0700 UTC;0.0;955.6;955.8;955.6;;18.4;17.3;18.4;18.2;17.4;17.0;94.0;93.0;94.0;173.0;5.0;2.4
2020/08/07;0800 UTC;0.0;955.9;955.9;955.6;;18.2;17.2;18.4;18.1;17.3;17.1;94.0;94.0;94.0;179.0;4.9;1.9
2020/08/07;0900 UTC;0.0;956.4;956.4;955.8;26.2;18.5;17.5;18.5;18.1;17.5;17.1;94.0;94.0;94.0;180.0;5.3;2.6
2020/08/07;1000 UTC;0.0;956.8;956.8;956.4;277.1;19.3;18.0;19.3;18.5;18.2;17.5;94.0;92.0;92.0;176.0;5.7;2.7
2020/08/07;1100 UTC;0.0;957.1;957.2;956.8;714.6;21.4;17.8;21.5;19.3;18.2;17.8;92.0;80.0;80.0;179.0;7.8;3.6
2020/08/07;1200 UTC;0.0;957.4;957.4;957.1;1768.7;23.0;16.6;23.1;21.2;17.7;16.2;80.0;67.0;67.0;175.0;10.8;4.7
2020/08/07;1300 UTC;0.0;957.4;957.6;957.4;2402.6;24.6;15.5;24.7;22.6;16.7;15.0;67.0;56.0;57.0;177.0;11.4;5.1
2020/08/07;1400 UTC;0.0;956.8;957.5;956.7;3173.9;25.2;15.0;25.8;24.1;16.2;14.7;59.0;53.0;53.0;176.0;11.9;4.9
2020/08/07;1500 UTC;0.0;956.0;956.9;956.0;2407.4;25.8;15.1;26.3;24.5;16.2;14.3;57.0;51.0;52.0;178.0;11.1;5.0
2020/08/07;1600 UTC;0.0;955.0;956.1;955.0;2841.5;26.2;14.5;26.4;25.3;15.3;13.8;52.0;47.0;49.0;185.0;11.1;4.6
2020/08/07;1700 UTC;0.0;954.6;955.0;954.5;2372.2;26.1;13.7;27.0;25.7;14.8;13.1;49.0;43.0;47.0;182.0;9.4;4.5
2020/08/07;1800 UTC;0.0;954.6;954.6;954.4;1927.7;25.9;14.3;27.0;25.7;14.7;12.9;49.0;43.0;49.0;180.0;9.8;4.2
2020/08/07;1900 UTC;0.0;954.9;954.9;954.6;1255.6;25.2;14.5;26.4;25.1;15.2;14.0;53.0;47.0;52.0;182.0;10.3;5.4
2020/08/07;2000 UTC;0.0;955.5;955.5;954.9;405.4;23.9;15.4;25.4;23.9;15.4;13.8;59.0;49.0;59.0;175.0;10.3;3.8
2020/08/07;2100 UTC;0.0;956.3;956.3;955.5;4.3;22.2;16.9;23.9;22.2;16.9;15.6;72.0;59.0;72.0;175.0;9.9;4.0
2020/08/07;2200 UTC;0.0;956.8;956.8;956.3;;21.3;17.0;22.2;21.3;17.0;16.9;77.0;72.0;77.0;172.0;8.1;3.1
2020/08/07;2300 UTC;0.0;957.6;957.6;956.8;;20.6;17.1;21.3;20.6;17.1;16.9;80.0;77.0;80.0;172.0;6.6;3.1
2020/08/08;0000 UTC;0.0;957.9;957.9;957.6;;19.9;16.6;20.6;19.9;17.1;16.6;82.0;80.0;82.0;176.0;6.8;2.4
2020/08/08;0100 UTC;0.0;958.1;958.1;957.9;;19.3;16.4;19.9;19.3;16.6;16.4;84.0;81.0;84.0;179.0;5.3;1.7
2020/08/08;0200 UTC;0.0;957.8;958.1;957.8;;19.1;16.9;19.3;18.9;16.9;16.5;87.0;84.0;87.0;177.0;4.1;2.0
2020/08/08;0300 UTC;0.0;957.4;957.8;957.3;;19.1;17.2;19.2;19.0;17.3;16.9;89.0;87.0;89.0;179.0;4.0;1.8
2020/08/08;0400 UTC;0.0;956.9;957.4;956.9;;19.0;17.4;19.3;19.0;17.4;17.2;90.0;89.0;90.0;180.0;4.7;2.1
2020/08/08;0500 UTC;0.0;956.6;956.9;956.6;;18.8;17.4;19.0;18.7;17.6;17.3;92.0;90.0;92.0;178.0;5.0;2.3
2020/08/08;0600 UTC;0.0;956.3;956.6;956.2;;18.3;17.7;18.7;18.2;17.7;17.3;96.0;92.0;96.0;177.0;5.9;2.1
2020/08/08;0700 UTC;0.0;956.6;956.6;956.3;;18.7;18.1;18.7;18.3;18.1;17.7;96.0;96.0;96.0;177.0;5.0;1.9
2020/08/08;0800 UTC;0.0;956.4;956.6;956.4;;18.6;18.0;18.8;18.5;18.2;17.9;96.0;96.0;96.0;180.0;5.5;1.4
2020/08/08;0900 UTC;0.0;956.9;956.9;956.4;32.2;19.1;18.4;19.1;18.5;18.4;17.9;96.0;96.0;96.0;177.0;4.1;1.8
2020/08/08;1000 UTC;0.0;957.4;957.4;956.9;362.4;19.9;18.8;19.9;19.1;18.9;18.4;96.0;93.0;93.0;179.0;5.0;2.1
2020/08/08;1100 UTC;0.0;957.9;957.9;957.4;1018.2;21.5;18.6;21.7;19.9;19.3;18.5;94.0;83.0;83.0;179.0;7.4;3.3
2020/08/08;1200 UTC;0.0;958.0;958.1;957.9;2283.5;23.2;18.0;23.6;21.5;19.2;17.6;83.0;71.0;72.0;179.0;8.9;3.9
2020/08/08;1300 UTC;0.0;957.7;958.0;957.7;3026.8;24.4;18.1;24.9;23.3;18.4;17.5;72.0;65.0;68.0;175.0;9.4;4.9
2020/08/08;1400 UTC;0.0;957.0;957.7;957.0;3156.0;26.3;17.8;26.4;24.2;19.3;17.5;69.0;59.0;59.0;187.0;9.3;4.5
2020/08/08;1500 UTC;0.0;956.2;957.1;956.2;3244.4;27.0;17.1;27.1;25.6;18.4;16.0;60.0;54.0;55.0;182.0;9.3;4.0
2020/08/08;1600 UTC;0.0;955.4;956.2;955.4;3072.9;27.2;16.3;27.9;25.9;16.8;15.4;56.0;49.0;52.0;176.0;9.4;3.8
2020/08/08;1700 UTC;0.0;954.5;955.4;954.5;2320.5;27.4;16.3;27.9;26.5;16.8;15.1;53.0;47.0;51.0;178.0;9.5;4.0
2020/08/08;1800 UTC;0.0;954.3;954.5;954.3;1905.6;27.4;16.6;27.9;26.2;17.4;15.7;55.0;49.0;52.0;181.0;9.5;3.9
2020/08/08;1900 UTC;0.0;954.4;954.4;954.3;1246.2;26.1;16.8;27.7;26.1;17.1;15.8;57.0;50.0;57.0;180.0;9.0;4.6
2020/08/08;2000 UTC;0.0;954.8;954.8;954.4;318.6;24.9;16.7;26.1;24.9;17.4;16.4;61.0;57.0;61.0;177.0;9.0;4.3
2020/08/08;2100 UTC;0.0;955.4;955.4;954.8;5.8;23.1;17.8;24.9;23.1;17.8;16.6;72.0;61.0;72.0;182.0;8.5;3.1
2020/08/08;2200 UTC;0.0;956.0;956.0;955.4;;22.0;18.4;23.1;22.0;18.7;17.9;80.0;72.0;80.0;181.0;7.9;4.9
2020/08/08;2300 UTC;0.0;956.5;956.5;956.0;;21.2;18.2;22.0;21.2;18.5;18.2;83.0;80.0;83.0;179.0;7.9;3.0
2020/08/09;0000 UTC;0.0;956.9;956.9;956.5;;20.6;18.1;21.2;20.6;18.2;18.1;86.0;83.0;86.0;175.0;7.0;1.9
2020/08/09;0100 UTC;0.0;957.2;957.2;956.9;;20.4;17.9;20.6;20.4;18.1;17.9;86.0;85.0;86.0;174.0;6.0;2.6
2020/08/09;0200 UTC;0.0;957.4;957.4;957.2;;20.4;18.1;20.4;20.3;18.1;17.8;87.0;86.0;87.0;177.0;4.9;1.9
2020/08/09;0300 UTC;0.0;957.1;957.4;957.1;;20.3;18.3;20.4;20.2;18.3;18.1;88.0;87.0;88.0;166.0;3.8;1.9
2020/08/09;0400 UTC;0.0;956.5;957.1;956.5;;20.1;18.2;20.4;20.1;18.4;18.2;89.0;88.0;89.0;178.0;3.4;1.8
2020/08/09;0500 UTC;0.0;956.0;956.5;956.0;;19.8;18.2;20.1;19.8;18.4;18.1;91.0;89.0;91.0;180.0;4.2;1.6
2020/08/09;0600 UTC;0.0;955.9;956.0;955.8;;20.0;18.6;20.0;19.8;18.6;18.3;92.0;91.0;92.0;177.0;4.0;1.8
2020/08/09;0700 UTC;0.0;955.9;956.0;955.8;;20.0;18.7;20.0;19.9;18.8;18.5;93.0;92.0;93.0;176.0;4.8;2.0
2020/08/09;0800 UTC;0.0;956.2;956.2;955.9;;20.0;18.8;20.0;19.9;18.8;18.7;93.0;93.0;93.0;179.0;4.8;1.9
2020/08/09;0900 UTC;0.0;956.6;956.6;956.2;21.7;19.7;18.8;20.0;19.6;18.8;18.5;95.0;93.0;95.0;176.0;4.9;1.5
2020/08/09;1000 UTC;0.0;956.9;957.0;956.6;270.0;20.5;19.2;20.6;19.7;19.4;18.8;95.0;92.0;93.0;176.0;4.9;2.0
2020/08/09;1100 UTC;0.0;957.3;957.3;956.9;667.9;21.4;19.1;21.4;20.5;19.6;19.0;93.0;87.0;87.0;178.0;5.7;2.6
2020/08/09;1200 UTC;0.0;957.7;957.7;957.3;563.9;20.5;19.0;21.7;20.5;19.2;18.7;91.0;85.0;91.0;177.0;7.3;2.3
2020/08/09;1300 UTC;0.2;957.3;957.7;957.3;1283.2;21.9;19.7;22.6;20.5;21.1;19.2;94.0;86.0;88.0;181.0;6.8;3.0
2020/08/09;1400 UTC;0.2;956.4;957.4;956.4;1953.2;23.8;20.1;23.9;21.4;21.3;19.7;92.0;80.0;80.0;175.0;7.4;2.7
2020/08/09;1500 UTC;0.0;955.5;956.4;955.5;2580.0;26.1;19.9;26.1;23.7;20.7;19.2;81.0;69.0;69.0;177.0;6.9;3.2
2020/08/09;1600 UTC;0.0;954.4;955.5;954.4;2752.4;26.5;18.6;27.2;25.7;20.0;18.6;68.0;62.0;62.0;175.0;8.7;3.7
2020/08/09;1700 UTC;0.0;953.5;954.4;953.5;2458.5;26.3;18.5;28.2;26.2;19.7;18.2;63.0;57.0;62.0;177.0;8.7;4.3
2020/08/09;1800 UTC;0.0;953.2;953.6;953.2;1943.3;26.5;19.2;27.1;25.7;19.7;18.5;69.0;60.0;64.0;173.0;9.5;4.6
2020/08/09;1900 UTC;0.0;953.8;953.8;953.2;1141.5;25.1;19.0;26.5;25.0;19.5;18.5;70.0;64.0;69.0;178.0;10.0;4.2
2020/08/09;2000 UTC;0.0;954.5;954.5;953.8;253.2;22.4;19.0;25.2;22.4;19.4;18.8;81.0;69.0;81.0;170.0;10.4;4.1
2020/08/09;2100 UTC;0.0;955.1;955.2;954.5;9.1;20.6;19.2;22.5;20.6;19.3;18.9;92.0;81.0;91.0;175.0;9.0;3.9
2020/08/09;2200 UTC;0.0;955.7;955.7;955.2;;20.3;19.1;20.7;20.3;19.4;19.0;93.0;91.0;93.0;173.0;7.3;3.3
2020/08/09;2300 UTC;0.0;956.1;956.1;955.7;;20.1;18.8;20.4;20.1;19.3;18.8;94.0;92.0;93.0;177.0;6.8;2.4
2020/08/10;0000 UTC;0.0;956.5;956.5;956.0;;20.3;19.0;20.3;19.9;19.2;18.8;94.0;92.0;92.0;181.0;6.7;2.9
2020/08/10;0100 UTC;0.0;956.5;956.6;956.5;;20.0;18.5;20.3;20.0;19.0;18.5;92.0;91.0;91.0;182.0;5.5;1.5
2020/08/10;0200 UTC;0.0;956.4;956.7;956.4;;20.3;18.3;20.4;20.0;18.6;18.3;91.0;89.0;89.0;175.0;5.5;2.5
2020/08/10;0300 UTC;0.0;955.9;956.5;955.9;;20.1;18.5;20.3;20.1;18.5;18.3;91.0;89.0;91.0;192.0;5.5;2.2
2020/08/10;0400 UTC;0.0;955.3;955.9;955.3;;19.9;18.4;20.1;19.8;18.6;18.4;92.0;91.0;91.0;173.0;4.9;2.4
2020/08/10;0500 UTC;0.0;954.9;955.3;954.9;;19.8;18.5;19.9;19.8;18.6;18.4;92.0;91.0;92.0;172.0;5.3;1.5
2020/08/10;0600 UTC;0.0;954.8;955.0;954.8;;19.5;18.6;19.8;19.4;18.6;18.4;94.0;92.0;94.0;179.0;4.6;1.9
2020/08/10;0700 UTC;0.0;954.7;954.9;954.6;;19.3;18.0;19.6;19.3;18.6;18.0;94.0;92.0;92.0;176.0;5.1;1.6
2020/08/10;0800 UTC;0.0;954.9;954.9;954.7;;19.2;17.6;19.5;19.2;18.0;17.6;92.0;90.0;90.0;179.0;3.8;2.1
2020/08/10;0900 UTC;0.0;954.9;955.0;954.8;39.3;19.2;17.4;19.2;19.0;17.6;17.3;90.0;90.0;90.0;180.0;4.2;1.8
2020/08/10;1000 UTC;0.0;955.4;955.4;954.9;659.0;20.5;18.1;20.5;19.2;18.2;17.4;90.0;86.0;86.0;179.0;7.1;3.1
2020/08/10;1100 UTC;0.0;956.0;956.0;955.4;616.7;20.2;18.3;20.6;19.4;18.4;17.4;90.0;84.0;89.0;182.0;7.4;2.9
2020/08/10;1200 UTC;0.0;956.2;956.3;956.0;968.9;22.0;17.0;22.3;20.2;18.7;16.6;89.0;72.0;74.0;178.0;7.5;3.3
2020/08/10;1300 UTC;0.0;955.9;956.3;955.9;2273.2;23.6;15.6;24.5;21.9;17.4;15.3;74.0;60.0;61.0;180.0;7.8;3.9
2020/08/10;1400 UTC;0.0;955.0;955.9;955.0;2558.3;25.3;16.2;25.3;23.5;16.6;15.2;62.0;55.0;57.0;176.0;9.5;3.9
2020/08/10;1500 UTC;0.0;954.0;955.0;954.0;2865.8;26.2;15.2;26.2;24.6;16.3;14.3;57.0;50.0;51.0;174.0;9.0;3.9
2020/08/10;1600 UTC;0.0;953.1;954.0;953.1;3050.6;26.8;15.6;27.3;25.7;15.8;14.4;52.0;47.0;50.0;177.0;9.6;4.0
2020/08/10;1700 UTC;0.0;952.5;953.1;952.5;2456.8;27.0;16.2;27.4;25.4;16.5;15.0;55.0;49.0;51.0;178.0;9.7;3.3
2020/08/10;1800 UTC;0.0;952.3;952.5;952.3;1836.9;26.3;15.8;27.1;25.5;16.2;15.5;55.0;50.0;53.0;180.0;9.1;4.1
2020/08/10;1900 UTC;0.0;952.5;952.5;952.3;1129.5;25.9;15.3;26.3;25.3;15.9;15.0;54.0;52.0;52.0;178.0;9.5;3.0
2020/08/10;2000 UTC;0.0;952.9;952.9;952.5;387.7;24.0;15.8;25.8;24.0;16.2;15.2;61.0;52.0;60.0;179.0;8.8;4.4
2020/08/10;2100 UTC;0.0;953.2;953.2;952.9;5.6;22.7;14.9;24.0;22.7;15.9;14.8;61.0;60.0;61.0;176.0;7.9;3.3
2020/08/10;2200 UTC;0.0;953.7;953.7;953.2;;21.7;15.3;22.7;21.7;15.3;14.8;67.0;61.0;67.0;168.0;6.4;3.4
2020/08/10;2300 UTC;0.0;954.4;954.4;953.7;;20.3;17.0;21.7;20.3;17.0;15.4;81.0;67.0;81.0;175.0;6.8;3.3
2020/08/11;0000 UTC;0.0;954.7;954.7;954.4;;19.8;17.6;20.3;19.7;17.6;17.0;88.0;81.0;88.0;176.0;6.9;2.5
2020/08/11;0100 UTC;0.0;954.8;954.8;954.7;;19.8;17.6;19.8;19.7;17.7;17.5;88.0;87.0;87.0;176.0;5.6;2.4
2020/08/11;0200 UTC;0.0;954.5;954.8;954.5;;19.4;17.5;19.8;19.4;17.6;17.3;89.0;87.0;89.0;180.0;5.0;2.1
2020/08/11;0300 UTC;0.0;954.1;954.5;954.1;;19.6;17.5;19.7;19.4;17.7;17.5;89.0;88.0;88.0;178.0;4.7;2.5
2020/08/11;0400 UTC;0.0;953.6;954.1;953.6;;19.1;17.6;19.8;19.1;17.8;17.5;91.0;88.0;91.0;178.0;4.7;2.0
2020/08/11;0500 UTC;0.2;953.2;953.6;953.2;;18.9;18.2;19.1;18.8;18.3;17.5;96.0;91.0;96.0;178.0;6.1;2.0
2020/08/11;0600 UTC;0.0;953.1;953.2;953.0;;19.0;18.2;19.1;18.9;18.4;18.2;96.0;95.0;95.0;178.0;5.0;2.2
2020/08/11;0700 UTC;0.0;953.1;953.1;953.0;;18.5;17.7;19.0;18.5;18.2;17.7;95.0;95.0;95.0;175.0;4.8;1.5
2020/08/11;0800 UTC;0.0;953.3;953.3;953.1;;19.0;18.0;19.0;18.5;18.0;17.7;95.0;94.0;94.0;171.0;4.2;2.3
2020/08/11;0900 UTC;0.0;953.7;953.7;953.3;27.9;19.2;18.2;19.2;19.0;18.2;18.1;94.0;94.0;94.0;168.0;4.5;2.2
2020/08/11;1000 UTC;0.0;954.1;954.1;953.7;285.9;20.0;18.8;20.1;19.2;18.9;18.2;94.0;92.0;92.0;176.0;4.2;2.1
2020/08/11;1100 UTC;0.0;954.7;954.7;954.1;803.3;22.1;19.6;22.1;20.0;19.6;18.6;93.0;86.0;86.0;178.0;7.8;3.8
2020/08/11;1200 UTC;0.0;954.8;954.9;954.7;1696.9;23.0;18.4;23.3;21.5;19.5;17.9;85.0;75.0;75.0;174.0;9.1;3.7
2020/08/11;1300 UTC;0.0;954.4;954.8;954.4;2844.9;24.3;17.2;24.9;23.0;18.6;17.0;75.0;64.0;64.0;175.0;9.3;4.4
2020/08/11;1400 UTC;0.0;953.8;954.4;953.8;3110.0;25.6;17.7;25.9;24.3;18.2;16.7;66.0;59.0;62.0;196.0;8.6;4.8
2020/08/11;1500 UTC;0.0;953.1;953.8;953.1;3239.8;27.7;16.5;27.7;25.4;17.7;16.0;62.0;50.0;51.0;181.0;8.1;3.9
2020/08/11;1600 UTC;0.0;952.4;953.2;952.4;2679.6;27.5;15.8;27.7;26.2;16.6;15.1;53.0;49.0;49.0;176.0;9.1;3.8
2020/08/11;1700 UTC;0.0;951.7;952.4;951.7;2293.0;26.9;15.8;28.2;26.2;17.3;14.6;55.0;47.0;51.0;181.0;9.6;4.4
2020/08/11;1800 UTC;0.0;951.6;951.8;951.5;1950.5;26.6;15.6;27.9;26.5;16.5;14.9;52.0;46.0;51.0;177.0;9.8;3.8
2020/08/11;1900 UTC;0.0;951.7;951.7;951.5;1223.0;26.7;15.4;27.6;26.2;16.2;15.0;52.0;47.0;50.0;178.0;9.8;3.2
2020/08/11;2000 UTC;0.0;952.1;952.1;951.7;405.4;24.9;16.0;26.7;24.9;16.1;15.4;58.0;50.0;58.0;182.0;7.4;3.4
2020/08/11;2100 UTC;0.0;952.6;952.6;952.1;4.6;23.3;16.2;24.9;23.3;16.2;15.9;64.0;58.0;64.0;180.0;7.5;3.6
2020/08/11;2200 UTC;0.0;953.4;953.4;952.6;;22.1;16.6;23.3;22.1;16.6;16.2;71.0;64.0;71.0;174.0;6.0;3.2
2020/08/11;2300 UTC;0.0;953.9;953.9;953.4;;21.1;17.2;22.1;21.1;17.2;16.6;78.0;71.0;78.0;179.0;6.1;2.6
2020/08/12;0000 UTC;0.0;954.2;954.2;953.9;;20.5;17.2;21.1;20.5;17.2;17.1;81.0;78.0;81.0;180.0;5.7;2.4
2020/08/12;0100 UTC;0.0;954.4;954.4;954.2;;19.7;16.8;20.5;19.7;17.2;16.8;83.0;81.0;83.0;172.0;4.9;2.1
2020/08/12;0200 UTC;0.0;954.2;954.4;954.2;;19.4;16.4;19.7;19.4;16.8;16.4;84.0;83.0;83.0;179.0;4.6;1.8
2020/08/12;0300 UTC;0.0;953.7;954.2;953.7;;18.8;16.0;19.4;18.8;16.4;16.0;84.0;83.0;84.0;180.0;3.6;1.2
2020/08/12;0400 UTC;0.0;953.2;953.7;953.2;;18.7;15.8;18.9;18.7;16.0;15.7;84.0;82.0;83.0;175.0;3.6;1.5
2020/08/12;0500 UTC;0.0;952.8;953.2;952.8;;18.3;16.1;18.7;18.2;16.1;15.7;87.0;83.0;87.0;174.0;3.1;1.0
2020/08/12;0600 UTC;0.0;952.9;952.9;952.7;;18.3;16.6;18.4;18.1;16.6;16.0;90.0;87.0;90.0;177.0;3.8;1.8
2020/08/12;0700 UTC;0.0;953.1;953.1;952.8;;17.9;16.7;18.3;17.9;16.8;16.6;93.0;90.0;93.0;179.0;4.0;1.4
2020/08/12;0800 UTC;0.0;953.5;953.5;953.0;;18.1;17.1;18.1;17.8;17.2;16.7;94.0;93.0;94.0;179.0;3.1;1.3
2020/08/12;0900 UTC;0.0;953.8;953.8;953.5;48.9;18.3;17.3;18.3;18.0;17.3;17.0;94.0;94.0;94.0;179.0;2.9;1.5
2020/08/12;1000 UTC;0.0;954.3;954.3;953.8;651.4;19.8;17.7;20.0;18.3;18.3;17.3;94.0;88.0;88.0;181.0;4.6;2.2
2020/08/12;1100 UTC;0.0;954.8;954.8;954.3;1452.6;22.1;17.9;22.1;19.8;18.1;17.2;88.0;77.0;77.0;178.0;5.3;2.6
2020/08/12;1200 UTC;0.0;954.9;954.9;954.8;2281.0;22.9;17.5;23.0;21.8;18.1;16.7;77.0;70.0;71.0;196.0;9.0;4.7
2020/08/12;1300 UTC;0.0;954.3;954.9;954.3;2651.2;24.0;16.5;25.1;22.7;17.9;16.2;71.0;61.0;63.0;175.0;8.6;3.3
2020/08/12;1400 UTC;0.0;953.5;954.3;953.4;2945.0;25.0;16.3;26.2;24.0;17.5;16.0;64.0;57.0;58.0;171.0;8.4;3.6
2020/08/12;1500 UTC;0.0;952.7;953.5;952.7;3324.0;26.6;16.0;27.0;24.6;17.5;15.7;61.0;51.0;52.0;189.0;8.0;3.9
2020/08/12;1600 UTC;0.0;951.8;952.7;951.8;2483.9;26.8;16.2;27.3;25.8;16.8;15.6;56.0;51.0;52.0;182.0;9.1;4.2
2020/08/12;1700 UTC;0.0;951.0;951.8;951.0;2262.2;27.5;16.0;27.9;26.0;17.0;15.3;54.0;48.0;50.0;183.0;8.4;4.2
2020/08/12;1800 UTC;0.0;950.7;951.0;950.7;1955.2;26.9;16.1;27.6;26.4;17.0;15.7;55.0;48.0;52.0;180.0;8.4;4.8
2020/08/12;1900 UTC;0.0;950.8;950.9;950.7;1174.8;26.0;16.7;27.2;25.7;17.5;15.9;60.0;51.0;56.0;196.0;8.9;4.6
2020/08/12;2000 UTC;0.0;951.5;951.5;950.8;337.3;23.8;18.0;26.0;23.8;18.0;16.8;70.0;56.0;70.0;209.0;9.8;6.1
2020/08/12;2100 UTC;0.0;951.9;951.9;951.4;6.8;22.6;17.9;23.8;22.6;18.2;17.8;75.0;70.0;75.0;197.0;9.9;5.6
2020/08/12;2200 UTC;0.0;952.5;952.5;951.9;;21.3;18.5;22.6;21.3;18.5;17.9;84.0;75.0;84.0;206.0;9.5;5.6
2020/08/12;2300 UTC;0.0;953.3;953.3;952.4;;20.9;18.4;21.3;20.9;18.5;18.4;86.0;84.0;86.0;186.0;8.4;2.6
2020/08/13;0000 UTC;0.0;953.5;953.6;953.3;;20.2;18.3;20.9;20.2;18.5;18.3;88.0;86.0;88.0;193.0;6.6;3.6
2020/08/13;0100 UTC;0.0;953.5;953.6;953.5;;19.9;18.2;20.3;19.9;18.3;18.2;90.0;88.0;90.0;172.0;6.3;3.0
2020/08/13;0200 UTC;0.0;953.3;953.5;953.2;;19.6;18.3;19.9;19.6;18.4;18.2;92.0;90.0;92.0;170.0;6.3;2.6
2020/08/13;0300 UTC;0.0;952.7;953.3;952.7;;19.5;18.4;19.7;19.5;18.5;18.3;93.0;92.0;93.0;185.0;5.4;3.0
2020/08/13;0400 UTC;0.0;952.2;952.7;952.2;;19.2;18.3;19.5;19.2;18.4;18.3;95.0;93.0;95.0;175.0;5.0;2.1
2020/08/13;0500 UTC;0.0;952.0;952.2;952.0;;19.6;18.7;19.6;19.2;18.7;18.4;95.0;95.0;95.0;173.0;4.5;2.1
2020/08/13;0600 UTC;0.0;951.9;952.0;951.7;;19.5;18.7;19.7;19.5;18.7;18.6;95.0;95.0;95.0;171.0;4.3;1.9
2020/08/13;0700 UTC;0.0;952.2;952.3;951.9;;19.5;18.8;19.6;19.5;18.9;18.7;96.0;95.0;96.0;178.0;4.3;1.8
2020/08/13;0800 UTC;0.0;952.7;952.7;952.2;;19.4;18.9;19.6;19.4;19.0;18.8;97.0;96.0;97.0;183.0;3.9;1.1
2020/08/13;0900 UTC;0.0;953.4;953.4;952.7;31.2;19.5;19.0;19.6;19.4;19.1;18.8;97.0;97.0;97.0;179.0;3.4;1.6
2020/08/13;1000 UTC;0.0;954.2;954.2;953.4;323.1;20.3;19.6;20.3;19.5;19.7;19.0;97.0;96.0;96.0;180.0;5.3;1.8
2020/08/13;1100 UTC;0.0;954.9;954.9;954.2;799.4;20.9;20.0;20.9;19.9;20.0;19.2;96.0;94.0;94.0;176.0;6.2;3.0
2020/08/13;1200 UTC;0.0;955.2;955.2;954.9;1608.8;22.5;19.8;22.5;20.3;20.2;19.0;95.0;85.0;85.0;175.0;7.6;2.8
2020/08/13;1300 UTC;0.0;954.9;955.2;954.9;2323.9;24.6;18.8;25.4;22.4;20.2;18.8;85.0;70.0;70.0;188.0;8.3;4.1
2020/08/13;1400 UTC;0.0;954.2;954.9;954.2;2988.3;26.2;19.3;26.5;24.1;20.0;18.0;72.0;62.0;66.0;169.0;8.9;3.2
2020/08/13;1500 UTC;0.0;953.5;954.2;953.5;2579.5;26.6;18.6;27.3;25.4;19.6;18.4;69.0;61.0;61.0;174.0;6.7;3.4
2020/08/13;1600 UTC;0.0;952.6;953.5;952.6;2632.8;26.3;18.9;27.8;26.1;19.2;18.0;65.0;57.0;64.0;187.0;10.2;6.0
2020/08/13;1700 UTC;0.0;952.1;952.7;952.1;2375.6;25.6;19.0;27.4;24.9;19.9;18.3;70.0;60.0;67.0;180.0;11.5;5.3
2020/08/13;1800 UTC;0.0;952.0;952.1;951.8;1673.3;26.0;18.7;26.4;25.2;19.4;18.5;68.0;64.0;64.0;176.0;9.4;3.6
2020/08/13;1900 UTC;0.0;952.6;952.7;952.0;808.5;23.1;19.3;26.5;22.6;19.9;18.6;82.0;63.0;79.0;192.0;11.2;4.0
2020/08/13;2000 UTC;0.0;952.9;952.9;952.6;293.5;22.1;18.5;23.4;22.1;19.5;18.4;80.0;77.0;80.0;201.0;9.2;4.8
2020/08/13;2100 UTC;0.0;953.3;953.3;952.9;8.6;21.3;18.9;22.1;21.3;19.2;18.3;87.0;80.0;86.0;178.0;8.6;4.2
2020/08/13;2200 UTC;0.0;954.0;954.0;953.3;;20.6;18.4;21.3;20.6;19.0;18.4;88.0;86.0;87.0;174.0;8.8;4.9
2020/08/13;2300 UTC;0.0;954.4;954.4;954.0;;20.2;18.2;20.7;20.2;18.4;18.2;88.0;86.0;88.0;179.0;9.4;3.7
2020/08/14;0000 UTC;0.0;954.7;954.7;954.4;;20.3;18.1;20.4;20.2;18.4;18.1;89.0;87.0;87.0;176.0;6.7;2.3
2020/08/14;0100 UTC;0.0;954.7;954.8;954.7;;19.8;18.0;20.3;19.8;18.1;17.9;89.0;87.0;89.0;195.0;5.1;2.7
2020/08/14;0200 UTC;0.0;954.5;954.9;954.5;;19.7;18.3;19.8;19.6;18.3;18.0;91.0;89.0;91.0;187.0;4.5;2.2
2020/08/14;0300 UTC;0.0;954.1;954.5;954.1;;19.5;18.1;19.9;19.5;18.4;18.1;91.0;91.0;91.0;172.0;4.8;2.1
2020/08/14;0400 UTC;0.0;953.4;954.1;953.4;;19.3;18.1;19.6;19.2;18.1;18.0;93.0;91.0;93.0;182.0;4.8;2.7
2020/08/14;0500 UTC;0.0;953.0;953.4;953.0;;19.1;17.8;19.4;19.1;18.1;17.8;93.0;92.0;92.0;175.0;5.1;2.1
2020/08/14;0600 UTC;0.0;952.9;953.0;952.8;;18.9;17.8;19.1;18.9;17.9;17.7;93.0;92.0;93.0;180.0;3.9;1.7
2020/08/14;0700 UTC;0.0;953.1;953.1;952.8;;18.6;17.6;18.9;18.6;17.8;17.6;94.0;93.0;94.0;175.0;4.0;1.9
2020/08/14;0800 UTC;0.0;953.0;953.1;953.0;;18.5;17.4;18.6;18.4;17.6;17.4;94.0;94.0;94.0;171.0;4.2;1.9
2020/08/14;0900 UTC;0.0;953.8;953.8;953.0;43.4;18.8;17.7;18.8;18.4;17.7;17.3;94.0;93.0;93.0;167.0;4.2;1.7
2020/08/14;1000 UTC;0.0;954.0;954.1;953.7;569.7;20.0;17.7;20.0;18.8;18.2;17.6;93.0;87.0;87.0;177.0;5.0;2.3
2020/08/14;1100 UTC;0.0;954.6;954.6;954.0;1857.8;21.7;17.1;22.2;19.9;18.5;17.1;87.0;75.0;75.0;184.0;8.2;4.3
2020/08/14;1200 UTC;0.0;954.7;954.9;954.6;1688.9;22.6;17.1;22.8;21.1;18.3;16.8;79.0;71.0;71.0;179.0;8.2;3.3
2020/08/14;1300 UTC;0.0;954.3;954.7;954.3;2587.8;24.5;17.2;24.5;22.3;17.7;16.5;72.0;63.0;64.0;177.0;6.8;2.7
2020/08/14;1400 UTC;0.0;953.4;954.3;953.4;3302.8;25.9;15.9;26.2;24.5;17.4;15.3;64.0;52.0;54.0;183.0;8.3;3.6
2020/08/14;1500 UTC;0.0;952.5;953.4;952.5;3447.0;27.2;15.9;27.2;25.7;16.6;15.3;55.0;50.0;50.0;176.0;8.3;3.7
2020/08/14;1600 UTC;0.0;951.4;952.6;951.4;3246.8;27.8;15.8;28.1;26.8;16.2;15.1;51.0;47.0;48.0;180.0;7.8;3.8
2020/08/14;1700 UTC;0.0;950.7;951.4;950.7;2729.2;27.9;14.9;28.3;27.4;16.2;14.5;49.0;43.0;45.0;176.0;9.0;3.7
2020/08/14;1800 UTC;0.0;950.8;950.8;950.6;2208.1;27.3;14.5;28.5;27.3;15.5;14.5;47.0;43.0;46.0;178.0;9.5;4.4
2020/08/14;1900 UTC;0.0;951.1;951.1;950.7;1377.7;26.6;13.7;27.7;26.5;15.1;13.6;47.0;44.0;45.0;191.0;8.6;5.1
2020/08/14;2000 UTC;0.0;951.6;951.7;951.1;444.1;25.2;14.3;27.0;25.2;14.3;13.5;51.0;45.0;51.0;189.0;8.4;4.0
2020/08/14;2100 UTC;0.0;952.2;952.2;951.6;1.9;23.0;16.3;25.2;23.0;16.3;14.2;66.0;51.0;66.0;191.0;8.6;5.6
2020/08/14;2200 UTC;0.0;953.0;953.0;952.2;;21.5;17.5;23.0;21.5;17.5;16.4;78.0;66.0;78.0;187.0;8.4;4.3
2020/08/14;2300 UTC;0.0;953.6;953.6;953.0;;20.9;17.6;21.5;20.9;17.6;17.5;82.0;78.0;82.0;178.0;8.8;4.5
2020/08/15;0000 UTC;0.0;954.2;954.2;953.6;;20.1;17.8;20.9;20.1;17.8;17.6;86.0;82.0;86.0;173.0;7.6;2.8
2020/08/15;0100 UTC;0.0;954.0;954.2;954.0;;19.6;17.8;20.1;19.6;17.9;17.8;90.0;86.0;90.0;170.0;7.4;2.6
2020/08/15;0200 UTC;0.0;953.7;954.0;953.6;;19.3;17.8;19.6;19.2;17.8;17.7;91.0;90.0;91.0;181.0;6.0;3.1
2020/08/15;0300 UTC;0.0;953.3;953.7;953.3;;19.0;17.6;19.3;19.0;17.8;17.6;92.0;91.0;92.0;178.0;5.9;2.9
2020/08/15;0400 UTC;0.0;952.9;953.3;952.9;;18.8;17.7;19.0;18.7;17.7;17.5;93.0;92.0;93.0;186.0;5.0;2.2
2020/08/15;0500 UTC;0.0;952.4;952.9;952.3;;18.8;17.8;18.9;18.7;17.8;17.6;94.0;93.0;94.0;175.0;4.5;2.2
2020/08/15;0600 UTC;0.0;952.0;952.4;952.0;;18.9;17.9;18.9;18.7;17.9;17.7;94.0;94.0;94.0;176.0;4.0;1.4
2020/08/15;0700 UTC;0.0;952.0;952.1;952.0;;19.3;18.1;19.3;18.9;18.2;18.0;94.0;93.0;93.0;176.0;3.6;1.3
2020/08/15;0800 UTC;0.0;952.3;952.3;952.0;;18.9;18.1;19.4;18.8;18.2;18.0;95.0;93.0;95.0;177.0;3.5;1.1
2020/08/15;0900 UTC;0.6;952.6;952.6;952.3;16.1;19.0;18.5;19.0;18.8;18.5;18.1;97.0;95.0;97.0;173.0;3.0;1.0
2020/08/15;1000 UTC;1.0;953.1;953.1;952.6;274.7;19.3;19.0;19.3;18.8;19.0;18.4;98.0;97.0;98.0;175.0;5.0;2.5
2020/08/15;1100 UTC;0.0;953.8;953.8;953.1;756.0;20.3;19.7;20.6;19.3;20.0;19.1;98.0;96.0;96.0;174.0;5.5;2.8
2020/08/15;1200 UTC;0.2;954.1;954.1;953.8;944.0;20.9;20.0;21.3;20.3;20.4;19.7;97.0;93.0;95.0;173.0;7.4;2.9
2020/08/15;1300 UTC;0.0;953.7;954.1;953.7;1700.8;23.2;21.1;23.2;21.0;21.2;20.1;95.0;87.0;88.0;180.0;7.4;3.2
2020/08/15;1400 UTC;0.0;953.0;953.7;953.0;2287.1;24.3;19.7;24.6;22.6;21.2;19.4;88.0;75.0;76.0;183.0;8.4;4.0
2020/08/15;1500 UTC;0.0;952.1;953.0;952.1;2578.9;25.8;17.0;26.4;24.3;20.4;16.3;76.0;57.0;58.0;190.0;8.9;5.3
2020/08/15;1600 UTC;0.0;951.2;952.1;951.2;2803.0;26.7;17.2;27.0;25.5;18.2;15.9;61.0;53.0;56.0;188.0;9.4;4.8
2020/08/15;1700 UTC;0.0;950.7;951.2;950.7;2087.9;26.7;15.8;27.4;25.6;17.6;15.5;58.0;50.0;51.0;175.0;10.3;4.8
2020/08/15;1800 UTC;0.0;950.5;950.7;950.4;1774.0;26.6;15.3;27.3;25.9;16.3;15.2;54.0;49.0;50.0;181.0;10.1;5.0
2020/08/15;1900 UTC;0.0;950.6;950.6;950.4;1235.3;26.1;15.7;27.0;25.7;15.8;14.5;53.0;48.0;53.0;183.0;10.2;5.2
2020/08/15;2000 UTC;0.0;951.0;951.0;950.6;345.8;24.3;16.9;26.2;24.3;16.9;15.2;63.0;53.0;63.0;183.0;8.8;3.9
2020/08/15;2100 UTC;0.0;951.5;951.5;951.0;1.6;22.7;17.3;24.3;22.7;17.4;17.0;72.0;63.0;72.0;186.0;6.7;3.1
2020/08/15;2200 UTC;0.0;951.9;952.0;951.5;;22.0;17.1;22.7;22.0;17.4;17.0;74.0;71.0;74.0;166.0;5.7;2.2
2020/08/15;2300 UTC;0.0;952.4;952.4;951.9;;21.5;17.6;22.0;21.5;17.6;17.1;78.0;74.0;78.0;191.0;4.7;2.6
2020/08/16;0000 UTC;0.0;953.0;953.0;952.4;;20.6;17.9;21.5;20.6;17.9;17.5;84.0;78.0;84.0;163.0;4.6;2.2
2020/08/16;0100 UTC;0.0;953.4;953.4;953.0;;20.1;18.0;20.6;20.0;18.0;17.7;88.0;84.0;88.0;164.0;4.1;1.2
2020/08/16;0200 UTC;0.0;953.3;953.5;953.3;;20.4;18.4;20.4;19.9;18.4;17.9;89.0;87.0;88.0;188.0;2.3;1.5
2020/08/16;0300 UTC;0.0;952.9;953.3;952.8;;20.4;18.3;20.6;20.4;18.4;18.3;88.0;87.0;88.0;176.0;3.2;1.3
2020/08/16;0400 UTC;0.0;952.5;952.9;952.5;;20.2;18.4;20.4;20.2;18.4;18.2;89.0;88.0;89.0;179.0;2.9;0.9
2020/08/16;0500 UTC;0.0;952.1;952.6;952.1;;19.6;18.0;20.3;19.5;18.5;18.0;91.0;89.0;91.0;185.0;2.2;0.3
2020/08/16;0600 UTC;0.0;952.0;952.1;951.8;;19.6;18.5;19.6;19.3;18.5;17.9;93.0;91.0;93.0;173.0;1.6;0.5
2020/08/16;0700 UTC;0.0;952.1;952.1;951.9;;19.7;18.7;19.8;19.6;18.8;18.5;94.0;93.0;94.0;167.0;2.6;0.9
2020/08/16;0800 UTC;0.8;952.6;952.6;952.1;;19.4;18.8;19.7;19.4;19.0;18.6;96.0;94.0;96.0;173.0;7.3;1.5
2020/08/16;0900 UTC;1.6;953.2;953.2;952.5;11.5;19.3;18.9;19.5;19.2;19.0;18.6;97.0;96.0;97.0;174.0;4.7;1.8
2020/08/16;1000 UTC;0.4;953.6;953.6;953.2;147.5;19.5;19.1;19.7;19.2;19.3;18.7;98.0;97.0;97.0;186.0;6.4;2.2
2020/08/16;1100 UTC;0.0;954.4;954.5;953.6;457.1;20.5;20.1;20.5;19.5;20.1;19.2;98.0;97.0;97.0;190.0;6.1;3.4
2020/08/16;1200 UTC;0.4;954.8;954.8;954.4;484.5;20.8;20.3;21.0;20.5;20.4;20.0;98.0;97.0;97.0;187.0;7.0;3.8
2020/08/16;1300 UTC;0.0;954.5;954.8;954.4;2258.1;23.3;20.7;23.4;20.8;22.2;20.3;97.0;85.0;85.0;184.0;9.0;4.8
2020/08/16;1400 UTC;0.0;953.7;954.5;953.7;1702.5;24.3;20.4;24.3;22.9;20.7;19.5;85.0;77.0;79.0;189.0;9.6;5.1
2020/08/16;1500 UTC;0.0;952.9;953.7;952.9;2601.8;25.1;19.0;25.8;23.5;20.2;18.9;79.0;67.0;69.0;193.0;9.9;5.0
2020/08/16;1600 UTC;0.0;951.9;952.9;951.9;2700.5;26.2;17.7;27.0;25.0;20.0;17.5;70.0;58.0;59.0;191.0;9.7;5.5
2020/08/16;1700 UTC;0.0;951.0;951.9;951.0;2064.6;26.1;16.8;27.1;25.8;18.8;16.7;62.0;56.0;57.0;197.0;12.2;5.3
2020/08/16;1800 UTC;0.0;950.9;951.0;950.7;1764.2;25.8;17.3;26.8;25.8;18.3;16.8;61.0;57.0;60.0;178.0;10.4;5.1
2020/08/16;1900 UTC;0.0;950.9;950.9;950.7;1042.7;25.0;17.3;25.8;25.0;18.2;17.2;64.0;60.0;63.0;193.0;10.4;5.5
2020/08/16;2000 UTC;0.0;951.2;951.2;950.9;403.3;23.8;17.8;25.1;23.8;18.0;17.4;69.0;63.0;69.0;189.0;9.8;4.4
2020/08/16;2100 UTC;0.0;951.6;951.6;951.1;6.3;22.6;17.9;23.8;22.6;17.9;17.8;75.0;69.0;75.0;186.0;9.0;4.2
2020/08/16;2200 UTC;0.0;952.2;952.2;951.6;;21.6;18.3;22.6;21.6;18.3;17.8;81.0;75.0;81.0;197.0;8.5;3.1
2020/08/16;2300 UTC;0.0;952.9;952.9;952.2;;20.8;18.5;21.6;20.8;18.5;18.3;87.0;81.0;87.0;183.0;6.8;2.2
2020/08/17;0000 UTC;0.0;953.4;953.4;952.9;;20.4;18.5;20.8;20.4;18.5;18.4;89.0;87.0;89.0;175.0;5.3;1.7
2020/08/17;0100 UTC;0.0;953.4;953.4;953.3;;20.4;18.7;20.5;20.4;18.7;18.5;90.0;89.0;90.0;172.0;4.2;2.0
2020/08/17;0200 UTC;0.0;953.3;953.5;953.3;;20.3;18.7;20.5;20.3;18.8;18.7;91.0;90.0;91.0;175.0;5.7;2.5
2020/08/17;0300 UTC;0.0;953.0;953.3;953.0;;20.1;18.8;20.3;20.0;18.8;18.6;93.0;91.0;93.0;174.0;5.1;1.6
2020/08/17;0400 UTC;0.0;952.8;953.1;952.8;;19.8;18.6;20.1;19.7;18.8;18.6;93.0;92.0;93.0;178.0;4.3;1.6
2020/08/17;0500 UTC;0.0;952.4;952.8;952.4;;19.8;18.8;19.8;19.7;18.8;18.6;94.0;93.0;94.0;178.0;3.7;1.4
2020/08/17;0600 UTC;0.0;952.2;952.4;952.2;;19.7;18.9;19.8;19.6;18.9;18.8;95.0;94.0;95.0;171.0;4.8;1.8
2020/08/17;0700 UTC;0.0;952.4;952.4;952.2;;19.7;18.9;19.9;19.7;19.1;18.9;96.0;95.0;95.0;175.0;4.6;2.2
2020/08/17;0800 UTC;0.0;952.7;952.8;952.4;;19.5;18.7;19.7;19.5;18.9;18.7;96.0;95.0;95.0;176.0;5.1;2.2
2020/08/17;0900 UTC;0.0;953.3;953.3;952.7;43.9;19.5;18.8;19.5;19.3;18.8;18.6;96.0;95.0;96.0;177.0;4.8;1.4
2020/08/17;1000 UTC;0.0;953.9;953.9;953.3;459.1;20.4;19.3;20.4;19.5;19.4;18.8;96.0;93.0;93.0;178.0;5.0;2.6
2020/08/17;1100 UTC;0.0;954.4;954.4;953.9;1391.9;22.7;18.6;22.7;20.4;19.7;18.4;93.0;78.0;78.0;172.0;7.8;4.1
2020/08/17;1200 UTC;0.0;954.5;954.6;954.4;2390.1;23.4;17.5;24.1;22.2;18.4;17.1;78.0;67.0;70.0;177.0;9.1;3.9
2020/08/17;1300 UTC;0.0;954.3;954.5;954.2;2683.0;24.1;17.0;25.3;23.4;18.5;16.4;70.0;59.0;65.0;180.0;9.3;4.6
2020/08/17;1400 UTC;0.0;953.9;954.3;953.8;1765.2;25.3;16.3;26.4;24.1;17.9;16.0;66.0;54.0;57.0;177.0;10.1;4.4
2020/08/17;1500 UTC;0.0;952.9;953.8;952.8;3123.9;26.8;15.9;27.4;25.4;17.2;15.2;59.0;48.0;51.0;172.0;10.2;4.7
2020/08/17;1600 UTC;0.0;951.8;952.9;951.8;3234.7;27.0;15.5;27.8;26.5;16.6;15.3;53.0;48.0;50.0;176.0;9.9;6.1
2020/08/17;1700 UTC;0.0;951.1;951.8;951.0;2263.8;27.0;15.1;28.5;26.6;16.3;14.5;50.0;45.0;48.0;175.0;9.9;3.5
2020/08/17;1800 UTC;0.0;950.7;951.1;950.7;1796.1;26.9;15.6;27.7;26.3;15.7;14.2;51.0;45.0;50.0;183.0;10.2;4.3
2020/08/17;1900 UTC;0.0;950.7;950.8;950.6;1198.0;25.8;17.2;27.4;25.8;17.2;15.2;59.0;48.0;59.0;189.0;9.2;4.9
2020/08/17;2000 UTC;0.0;950.9;951.0;950.6;418.5;24.1;17.4;25.8;24.1;17.5;16.8;66.0;59.0;66.0;193.0;9.2;5.6
2020/08/17;2100 UTC;0.0;951.5;951.5;950.9;4.4;23.0;17.1;24.1;23.0;17.5;17.1;69.0;66.0;69.0;201.0;9.0;5.3
2020/08/17;2200 UTC;0.0;952.0;952.1;951.5;;21.6;17.9;23.0;21.6;17.9;17.1;79.0;69.0;79.0;193.0;8.9;4.1
2020/08/17;2300 UTC;0.0;952.9;952.9;952.0;;20.9;17.3;21.6;20.8;18.0;17.3;82.0;79.0;80.0;203.0;7.8;4.6
2020/08/18;0000 UTC;0.0;953.3;953.3;952.9;;20.5;17.6;20.9;20.4;17.6;17.3;83.0;80.0;83.0;194.0;7.7;4.0
2020/08/18;0100 UTC;0.0;953.4;953.4;953.3;;20.1;17.7;20.5;20.1;17.7;17.5;86.0;83.0;86.0;193.0;6.7;2.6
2020/08/18;0200 UTC;0.0;953.2;953.4;953.2;;19.8;17.9;20.1;19.8;17.9;17.7;89.0;86.0;89.0;190.0;5.8;2.5
2020/08/18;0300 UTC;0.0;952.8;953.2;952.8;;19.6;18.0;19.8;19.6;18.1;17.8;91.0;89.0;91.0;188.0;4.8;2.6
2020/08/18;0400 UTC;0.0;952.2;952.8;952.2;;19.8;18.4;19.8;19.5;18.4;18.0;92.0;91.0;92.0;183.0;4.3;2.2
2020/08/18;0500 UTC;0.0;952.1;952.3;952.1;;19.6;18.3;19.9;19.6;18.5;18.3;93.0;92.0;93.0;175.0;4.0;1.8
2020/08/18;0600 UTC;0.0;952.0;952.1;951.8;;19.5;18.5;19.6;19.4;18.5;18.3;94.0;93.0;94.0;171.0;4.1;2.1
2020/08/18;0700 UTC;0.0;952.0;952.0;951.8;;19.3;18.4;19.5;19.3;18.5;18.3;94.0;94.0;94.0;199.0;4.4;2.4
2020/08/18;0800 UTC;0.0;952.1;952.1;951.9;;19.0;18.2;19.3;19.0;18.3;18.1;95.0;94.0;95.0;191.0;3.9;2.0
2020/08/18;0900 UTC;0.0;952.7;952.7;952.1;48.6;19.2;18.3;19.2;18.9;18.4;18.1;95.0;95.0;95.0;193.0;3.9;1.8
2020/08/18;1000 UTC;0.0;953.1;953.1;952.7;663.7;20.8;19.2;20.8;19.2;19.4;18.4;95.0;90.0;91.0;173.0;5.0;2.6
2020/08/18;1100 UTC;0.0;953.7;953.8;953.1;1345.6;21.8;18.3;22.0;20.7;19.3;18.1;90.0;81.0;81.0;180.0;7.7;4.6
2020/08/18;1200 UTC;0.0;953.9;954.0;953.7;1875.8;23.5;17.5;23.8;21.6;18.9;17.2;81.0;69.0;69.0;179.0;8.5;3.1
2020/08/18;1300 UTC;0.0;953.7;954.0;953.7;2185.9;25.3;17.0;25.3;23.0;17.7;16.5;70.0;60.0;60.0;180.0;8.5;4.7
2020/08/18;1400 UTC;0.0;952.9;953.6;952.9;3167.9;26.2;16.4;26.3;24.5;17.2;15.5;61.0;53.0;55.0;188.0;9.9;5.0
2020/08/18;1500 UTC;0.0;951.8;952.9;951.8;3002.2;26.6;16.4;27.8;25.9;16.5;15.0;55.0;48.0;53.0;173.0;8.9;3.9
2020/08/18;1600 UTC;0.0;951.0;951.9;950.9;2154.8;27.5;16.5;27.9;26.0;17.4;15.9;55.0;51.0;51.0;173.0;9.5;3.5
2020/08/18;1700 UTC;0.0;950.4;950.9;950.3;2038.3;27.4;17.0;27.7;26.1;17.3;16.2;56.0;51.0;53.0;162.0;10.8;5.3
2020/08/18;1800 UTC;0.0;950.5;950.6;950.4;1550.3;26.4;16.1;27.5;26.2;17.2;16.0;56.0;52.0;53.0;193.0;10.5;6.3
2020/08/18;1900 UTC;0.0;950.8;950.8;950.5;1240.1;25.4;17.5;26.9;25.4;17.7;16.2;62.0;53.0;62.0;174.0;9.7;5.2
2020/08/18;2000 UTC;0.0;951.4;951.4;950.7;247.1;24.2;17.7;25.5;24.2;17.8;17.3;67.0;62.0;67.0;184.0;10.2;5.8
2020/08/18;2100 UTC;0.0;952.3;952.3;951.4;5.0;22.7;17.9;24.2;22.7;17.9;17.6;74.0;67.0;74.0;189.0;10.4;3.9
2020/08/18;2200 UTC;0.0;952.8;952.8;952.3;;21.9;17.9;22.7;21.9;18.1;17.9;78.0;74.0;78.0;195.0;7.7;3.8
2020/08/18;2300 UTC;0.0;953.7;953.8;952.8;;21.0;18.9;21.9;21.0;18.9;17.9;88.0;78.0;88.0;179.0;7.2;4.2
2020/08/19;0000 UTC;0.0;954.2;954.2;953.7;;20.7;19.0;21.0;20.6;19.1;18.9;90.0;88.0;90.0;191.0;7.7;3.9
2020/08/19;0100 UTC;0.0;954.5;954.5;954.2;;20.2;18.8;20.7;20.2;19.0;18.8;92.0;90.0;92.0;186.0;6.5;3.5
2020/08/19;0200 UTC;0.0;954.3;954.5;954.3;;19.9;18.7;20.2;19.9;18.8;18.7;93.0;92.0;93.0;184.0;5.9;2.4
2020/08/19;0300 UTC;0.0;953.6;954.3;953.6;;19.6;18.7;19.9;19.6;18.8;18.6;94.0;93.0;94.0;191.0;5.1;2.4
2020/08/19;0400 UTC;0.0;952.9;953.7;952.8;;19.3;18.4;19.6;19.3;18.6;18.4;95.0;94.0;94.0;183.0;3.8;1.8
2020/08/19;0500 UTC;0.0;952.8;952.9;952.8;;19.1;18.2;19.4;19.1;18.4;18.1;94.0;94.0;94.0;200.0;4.1;2.4
2020/08/19;0600 UTC;0.0;952.9;952.9;952.7;;19.1;18.2;19.2;19.1;18.3;18.2;95.0;94.0;95.0;190.0;4.1;2.8
2020/08/19;0700 UTC;0.0;953.1;953.1;952.9;;18.7;17.9;19.1;18.7;18.2;17.9;95.0;95.0;95.0;189.0;4.1;1.6
2020/08/19;0800 UTC;0.0;953.4;953.4;953.1;;18.5;17.7;18.7;18.5;17.9;17.7;95.0;95.0;95.0;169.0;3.3;1.7
2020/08/19;0900 UTC;0.0;953.8;953.8;953.4;50.8;19.0;18.1;19.0;18.5;18.1;17.7;95.0;95.0;95.0;171.0;4.1;1.5
2020/08/19;1000 UTC;0.0;954.5;954.5;953.8;725.4;20.9;18.5;20.9;19.0;18.8;18.1;95.0;87.0;87.0;180.0;4.8;1.9
2020/08/19;1100 UTC;0.0;955.1;955.1;954.5;1446.5;21.9;17.8;22.0;20.3;18.6;17.6;87.0;78.0;78.0;179.0;7.2;4.1
2020/08/19;1200 UTC;0.0;955.4;955.4;955.1;1546.3;23.3;17.1;23.3;21.4;17.8;16.3;78.0;68.0;68.0;175.0;8.1;3.6
2020/08/19;1300 UTC;0.0;954.9;955.4;954.9;2041.3;24.1;16.0;24.5;23.1;17.3;16.0;68.0;60.0;61.0;181.0;8.1;3.0
2020/08/19;1400 UTC;0.0;953.8;954.9;953.8;3495.9;26.4;15.8;26.5;24.1;16.4;14.7;61.0;49.0;52.0;180.0;8.2;3.1
2020/08/19;1500 UTC;0.0;952.8;953.9;952.7;3276.5;26.2;14.9;27.1;25.8;15.9;14.3;52.0;47.0;50.0;178.0;9.2;3.7
2020/08/19;1600 UTC;0.0;951.7;952.8;951.7;3201.7;27.1;13.9;27.8;26.0;15.9;13.9;52.0;44.0;44.0;186.0;9.2;3.3
2020/08/19;1700 UTC;0.0;950.8;951.7;950.8;2773.1;27.9;13.1;28.3;26.9;14.6;12.8;46.0;40.0;40.0;182.0;8.0;3.0
2020/08/19;1800 UTC;0.0;950.6;950.8;950.5;2013.6;27.6;14.6;28.5;27.3;14.7;12.7;45.0;39.0;45.0;183.0;7.5;3.1
2020/08/19;1900 UTC;0.0;951.1;951.1;950.6;1119.2;26.5;14.6;27.7;26.5;15.1;14.4;48.0;45.0;48.0;183.0;8.3;3.0
2020/08/19;2000 UTC;0.0;951.8;951.8;951.1;313.8;25.1;16.1;26.8;25.1;16.1;14.6;57.0;48.0;57.0;198.0;7.7;3.7
2020/08/19;2100 UTC;0.0;952.4;952.4;951.8;2.5;23.3;17.6;25.1;23.3;17.6;16.2;71.0;58.0;71.0;192.0;7.9;4.3
2020/08/19;2200 UTC;0.0;953.3;953.3;952.4;;22.1;17.8;23.3;22.1;17.8;17.5;77.0;71.0;77.0;164.0;8.4;3.7
2020/08/19;2300 UTC;0.0;954.1;954.1;953.3;;21.2;17.8;22.1;21.2;17.9;17.8;81.0;77.0;81.0;180.0;7.2;3.1
2020/08/20;0000 UTC;0.0;954.6;954.6;954.0;;20.4;17.1;21.2;20.4;17.8;17.1;81.0;80.0;81.0;162.0;6.7;2.9
2020/08/20;0100 UTC;0.0;954.7;954.8;954.6;;19.8;17.2;20.4;19.8;17.2;17.0;85.0;81.0;85.0;161.0;6.4;3.2
2020/08/20;0200 UTC;0.0;954.2;954.7;954.2;;19.5;17.4;19.8;19.4;17.4;17.2;88.0;85.0;88.0;174.0;5.6;2.2
2020/08/20;0300 UTC;0.0;953.8;954.2;953.8;;19.1;17.7;19.5;19.1;17.7;17.4;92.0;88.0;92.0;199.0;4.2;2.0
2020/08/20;0400 UTC;0.0;953.5;953.9;953.5;;18.6;17.5;19.1;18.6;17.9;17.5;93.0;92.0;93.0;176.0;3.1;0.5
2020/08/20;0500 UTC;0.0;953.5;953.6;953.3;;18.6;17.6;18.8;18.5;17.8;17.5;94.0;93.0;94.0;179.0;1.9;0.7
2020/08/20;0600 UTC;0.0;953.5;953.5;953.4;;18.4;17.6;18.7;18.4;17.7;17.5;95.0;94.0;95.0;179.0;2.4;0.9
2020/08/20;0700 UTC;0.0;953.7;953.7;953.5;;18.4;17.7;18.5;18.3;17.7;17.5;96.0;95.0;96.0;171.0;3.2;1.4
2020/08/20;0800 UTC;0.0;954.2;954.2;953.7;;18.2;17.5;18.4;18.1;17.7;17.5;96.0;96.0;96.0;176.0;3.2;0.7
2020/08/20;0900 UTC;0.2;954.7;954.7;954.2;54.8;18.4;17.9;18.4;17.9;17.9;17.3;97.0;96.0;97.0;173.0;1.8;0.5
2020/08/20;1000 UTC;0.0;955.3;955.3;954.7;698.7;20.5;19.2;20.7;18.4;19.5;17.9;97.0;92.0;92.0;176.0;3.0;1.5
2020/08/20;1100 UTC;0.0;955.8;955.8;955.3;1626.4;22.6;18.3;22.7;20.5;19.6;18.3;93.0;77.0;77.0;177.0;5.0;2.6
2020/08/20;1200 UTC;0.0;955.5;955.8;955.5;2382.3;24.2;18.2;24.4;22.4;18.9;17.7;77.0;69.0;69.0;176.0;6.8;2.8
2020/08/20;1300 UTC;0.0;955.0;955.5;955.0;2949.8;25.6;17.9;25.7;24.2;18.4;17.2;69.0;62.0;63.0;181.0;7.9;3.5
2020/08/20;1400 UTC;0.0;954.1;955.0;954.1;3295.0;27.5;17.3;28.1;25.5;18.5;16.8;63.0;53.0;54.0;180.0;7.3;2.9
2020/08/20;1500 UTC;0.0;952.9;954.2;952.9;3346.6;28.4;15.7;28.8;27.5;18.0;15.0;55.0;44.0;46.0;180.0;7.5;3.0
2020/08/20;1600 UTC;0.0;951.8;952.9;951.8;3188.4;29.7;15.3;30.0;28.4;16.0;13.8;46.0;38.0;42.0;175.0;7.6;3.7
2020/08/20;1700 UTC;0.0;950.9;951.8;950.9;2753.5;29.9;13.7;30.4;29.0;15.7;13.6;43.0;37.0;37.0;177.0;8.2;2.8
2020/08/20;1800 UTC;0.0;950.6;950.9;950.6;2066.8;30.4;14.8;30.4;29.6;14.9;13.2;40.0;36.0;39.0;180.0;6.9;2.4
2020/08/20;1900 UTC;0.0;950.9;950.9;950.6;1177.2;28.5;16.0;30.4;28.4;16.0;14.5;47.0;39.0;47.0;175.0;7.8;3.5
2020/08/20;2000 UTC;0.0;951.2;951.2;950.8;329.1;26.9;16.5;28.6;26.9;16.8;15.7;53.0;46.0;53.0;174.0;8.0;3.6
2020/08/20;2100 UTC;0.0;951.5;951.6;951.2;5.4;25.7;17.1;26.9;25.7;17.1;16.4;59.0;53.0;59.0;174.0;6.8;2.8
2020/08/20;2200 UTC;0.0;951.9;952.0;951.5;;24.0;19.0;25.7;24.0;19.0;17.1;74.0;59.0;74.0;186.0;6.5;3.6
2020/08/20;2300 UTC;0.0;952.4;952.4;951.9;;22.9;18.9;24.0;22.9;19.2;18.9;78.0;74.0;78.0;183.0;8.1;2.8
2020/08/21;0000 UTC;0.0;953.0;953.0;952.4;;21.9;19.6;22.9;21.9;19.6;18.8;87.0;78.0;87.0;184.0;8.4;4.2
2020/08/21;0100 UTC;0.0;953.5;953.5;953.0;;21.4;19.8;21.9;21.4;19.8;19.6;91.0;87.0;91.0;179.0;7.0;2.5
2020/08/21;0200 UTC;0.0;953.2;953.5;953.2;;21.6;20.2;21.6;21.4;20.2;19.8;92.0;91.0;91.0;176.0;5.8;2.4
2020/08/21;0300 UTC;0.0;952.8;953.3;952.8;;21.8;20.0;21.9;21.6;20.2;20.0;91.0;90.0;90.0;174.0;5.5;2.1
2020/08/21;0400 UTC;0.0;952.4;952.8;952.4;;21.7;20.0;21.8;21.6;20.1;19.9;90.0;90.0;90.0;179.0;4.8;2.0
2020/08/21;0500 UTC;0.0;951.9;952.4;951.9;;21.4;19.8;21.7;21.4;20.0;19.8;90.0;90.0;90.0;180.0;4.8;2.4
2020/08/21;0600 UTC;0.0;952.0;952.0;951.8;;21.1;19.6;21.5;21.1;19.9;19.6;91.0;90.0;91.0;178.0;5.6;2.9
2020/08/21;0700 UTC;0.0;952.2;952.2;951.9;;20.5;19.8;21.0;20.5;20.1;19.5;96.0;91.0;96.0;180.0;5.6;1.8
2020/08/21;0800 UTC;0.2;952.5;952.5;952.2;;20.5;20.1;20.7;20.4;20.2;19.9;98.0;96.0;97.0;178.0;4.4;1.7
2020/08/21;0900 UTC;0.2;953.0;953.0;952.4;22.4;20.5;20.1;20.7;20.4;20.3;20.0;98.0;97.0;98.0;179.0;4.4;1.8
2020/08/21;1000 UTC;0.0;953.5;953.5;953.0;250.3;21.0;20.7;21.0;20.5;20.7;20.1;98.0;98.0;98.0;176.0;4.7;2.2
2020/08/21;1100 UTC;0.0;954.0;954.0;953.5;830.6;21.9;21.1;22.3;20.8;21.7;20.5;98.0;95.0;95.0;175.0;5.3;2.2
2020/08/21;1200 UTC;0.0;954.2;954.2;954.0;1215.1;23.6;21.0;23.6;21.8;21.6;20.7;95.0;84.0;85.0;180.0;7.2;2.5
2020/08/21;1300 UTC;0.2;953.7;954.2;953.7;1208.7;22.8;19.8;24.1;22.6;21.3;19.7;87.0;80.0;83.0;174.0;8.0;4.2
2020/08/21;1400 UTC;0.0;952.9;953.7;952.9;1914.8;25.7;20.9;25.7;22.8;21.4;19.9;85.0;75.0;75.0;179.0;8.0;3.0
2020/08/21;1500 UTC;0.0;952.2;952.9;952.1;2369.9;26.9;20.4;26.9;25.1;21.0;19.4;75.0;66.0;67.0;176.0;9.4;3.7
2020/08/21;1600 UTC;0.0;951.3;952.2;951.3;2452.3;26.9;19.3;27.8;26.3;20.7;19.1;68.0;61.0;63.0;184.0;8.1;3.4
2020/08/21;1700 UTC;0.0;950.7;951.3;950.7;2298.4;28.0;19.0;28.3;26.8;20.1;18.9;66.0;58.0;58.0;177.0;8.6;3.5
2020/08/21;1800 UTC;0.0;950.4;950.7;950.4;2002.9;28.1;19.6;29.0;27.4;19.8;18.8;63.0;57.0;60.0;184.0;8.4;3.8
2020/08/21;1900 UTC;0.0;950.5;950.6;950.3;1013.8;26.5;19.7;28.1;26.5;19.8;19.0;66.0;59.0;66.0;187.0;9.4;5.1
2020/08/21;2000 UTC;0.0;951.1;951.1;950.5;325.9;24.8;20.1;26.5;24.8;20.2;19.4;75.0;66.0;75.0;188.0;8.7;4.3
2020/08/21;2100 UTC;0.0;951.9;951.9;951.1;2.5;23.5;19.6;24.8;23.5;20.1;19.5;79.0;75.0;79.0;178.0;9.1;4.2
2020/08/21;2200 UTC;0.0;952.4;952.4;951.9;;22.4;19.5;23.5;22.4;19.8;19.5;84.0;79.0;84.0;178.0;8.8;4.5
2020/08/21;2300 UTC;0.0;953.2;953.2;952.4;;21.8;19.2;22.5;21.8;19.7;19.2;85.0;84.0;85.0;175.0;8.6;4.1
2020/08/22;0000 UTC;0.0;953.4;953.5;953.2;;21.5;19.0;21.9;21.5;19.3;18.9;86.0;85.0;86.0;173.0;7.6;3.5
2020/08/22;0100 UTC;0.0;953.7;953.7;953.3;;21.3;19.1;21.6;21.2;19.1;18.9;87.0;86.0;87.0;170.0;7.4;3.4
2020/08/22;0200 UTC;0.0;953.6;953.7;953.5;;21.0;19.0;21.3;21.0;19.1;18.9;88.0;87.0;88.0;178.0;7.2;3.4
2020/08/22;0300 UTC;0.0;953.3;953.6;953.3;;20.6;19.3;21.0;20.3;19.4;18.8;93.0;88.0;92.0;176.0;6.8;2.6
2020/08/22;0400 UTC;0.0;953.0;953.3;953.0;;20.7;19.0;20.8;20.5;19.4;19.0;92.0;90.0;90.0;177.0;6.6;2.9
2020/08/22;0500 UTC;0.0;952.8;953.0;952.8;;20.6;18.4;20.7;20.5;19.1;18.4;90.0;87.0;87.0;177.0;6.4;3.2
2020/08/22;0600 UTC;0.0;952.7;952.8;952.7;;20.5;18.1;20.8;20.5;18.4;18.1;87.0;86.0;86.0;178.0;7.4;3.3
2020/08/22;0700 UTC;0.0;952.8;952.8;952.6;;19.8;17.8;20.5;19.8;18.2;17.8;88.0;86.0;88.0;182.0;6.8;2.2
2020/08/22;0800 UTC;0.0;953.0;953.0;952.8;;19.2;17.7;19.8;19.2;17.9;17.7;91.0;88.0;91.0;177.0;4.6;1.7
2020/08/22;0900 UTC;0.0;953.0;953.0;952.9;49.2;19.4;18.1;19.4;19.1;18.1;17.7;92.0;91.0;92.0;178.0;3.5;1.7
2020/08/22;1000 UTC;0.0;953.4;953.4;953.0;689.9;21.1;18.5;21.1;19.4;18.6;18.1;92.0;85.0;85.0;179.0;5.4;2.3
2020/08/22;1100 UTC;0.0;953.8;953.8;953.4;1611.9;23.1;17.9;23.2;21.0;18.6;17.6;85.0;73.0;73.0;183.0;6.1;2.1
2020/08/22;1200 UTC;0.0;953.8;953.9;953.7;2415.0;25.6;16.6;25.7;23.0;18.5;15.8;73.0;58.0;58.0;180.0;6.8;2.4
2020/08/22;1300 UTC;0.0;953.5;953.9;953.5;2979.9;26.5;15.4;26.8;25.2;16.6;14.7;58.0;49.0;51.0;178.0;7.5;3.5
2020/08/22;1400 UTC;0.0;952.8;953.5;952.7;3307.2;29.0;13.1;29.0;26.5;15.6;12.5;51.0;37.0;38.0;187.0;9.1;4.2
2020/08/22;1500 UTC;0.0;952.1;952.8;952.0;3400.9;30.0;11.4;30.0;28.5;12.9;10.3;37.0;30.0;32.0;177.0;9.1;3.6
2020/08/22;1600 UTC;0.0;951.6;952.1;951.6;3197.6;29.1;13.7;30.2;28.6;14.6;11.0;41.0;31.0;39.0;175.0;10.9;3.9
2020/08/22;1700 UTC;0.0;950.9;951.6;950.9;2738.3;28.5;13.8;29.7;28.5;15.2;13.5;43.0;38.0;41.0;179.0;9.7;4.5
2020/08/22;1800 UTC;0.0;950.6;950.9;950.6;2106.6;27.9;15.8;29.7;27.9;16.0;14.2;48.0;39.0;48.0;185.0;10.4;4.7
2020/08/22;1900 UTC;0.0;951.2;951.2;950.6;1281.0;26.7;16.3;27.9;26.7;16.6;15.6;53.0;48.0;53.0;185.0;9.3;5.7
2020/08/22;2000 UTC;0.0;951.9;951.9;951.2;363.9;25.6;16.7;26.8;25.6;16.7;16.1;58.0;53.0;58.0;178.0;9.6;4.1
2020/08/22;2100 UTC;0.0;952.4;952.4;951.8;2.7;22.8;20.0;25.6;22.8;20.0;16.6;84.0;58.0;84.0;202.0;8.9;5.8
2020/08/22;2200 UTC;0.0;952.9;952.9;952.4;;21.7;20.0;22.8;21.7;20.2;20.0;90.0;84.0;90.0;188.0;10.4;5.4
2020/08/22;2300 UTC;0.0;953.6;953.6;952.9;;20.9;19.6;21.8;20.9;20.1;19.6;93.0;90.0;92.0;188.0;9.4;4.3
2020/08/23;0000 UTC;0.0;954.0;954.0;953.6;;20.8;19.7;20.9;20.7;19.7;19.5;93.0;92.0;93.0;182.0;8.3;3.3
2020/08/23;0100 UTC;0.0;954.4;954.4;954.0;;20.8;19.7;20.9;20.6;19.8;19.5;94.0;93.0;93.0;182.0;7.6;3.7
2020/08/23;0200 UTC;0.0;954.3;954.5;954.3;;20.5;19.3;20.8;20.5;19.7;19.3;94.0;93.0;93.0;182.0;7.6;3.2
2020/08/23;0300 UTC;0.0;953.9;954.3;953.9;;20.4;19.2;20.5;20.2;19.3;19.1;93.0;93.0;93.0;193.0;6.5;3.0
2020/08/23;0400 UTC;0.0;953.5;953.9;953.5;;20.1;19.1;20.4;20.1;19.2;19.1;94.0;93.0;94.0;205.0;8.0;4.0
2020/08/23;0500 UTC;0.0;953.1;953.6;953.1;;19.9;19.0;20.2;19.9;19.2;19.0;94.0;94.0;94.0;178.0;8.0;3.1
2020/08/23;0600 UTC;0.0;953.0;953.1;952.8;;19.8;19.0;19.9;19.7;19.0;18.9;95.0;94.0;95.0;172.0;5.1;2.0
2020/08/23;0700 UTC;0.0;953.3;953.3;953.0;;20.1;19.1;20.1;19.8;19.2;19.0;95.0;94.0;94.0;192.0;5.7;3.4
2020/08/23;0800 UTC;0.0;953.6;953.6;953.3;;20.0;19.0;20.1;19.9;19.1;18.9;94.0;94.0;94.0;181.0;5.7;2.7
2020/08/23;0900 UTC;0.0;954.0;954.0;953.6;48.3;19.7;18.8;20.0;19.7;19.0;18.8;95.0;94.0;95.0;182.0;5.2;2.8
2020/08/23;1000 UTC;0.0;954.6;954.6;953.9;715.7;21.1;18.9;21.1;19.7;19.4;18.8;95.0;87.0;87.0;191.0;7.2;3.9
2020/08/23;1100 UTC;0.0;955.4;955.4;954.6;1691.0;23.3;16.1;23.4;21.1;19.1;15.7;87.0;64.0;64.0;183.0;10.4;5.6
2020/08/23;1200 UTC;0.0;955.4;955.6;955.3;2246.3;24.9;16.2;25.0;23.1;17.2;15.5;64.0;58.0;58.0;174.0;10.4;3.9
2020/08/23;1300 UTC;0.0;955.0;955.4;955.0;3113.8;25.7;16.2;27.1;24.7;16.7;15.1;59.0;52.0;56.0;178.0;10.0;3.8
2020/08/23;1400 UTC;0.0;954.3;955.0;954.2;3231.4;26.9;15.6;27.7;25.3;16.7;15.3;57.0;48.0;50.0;182.0;9.2;3.9
2020/08/23;1500 UTC;0.0;953.6;954.3;953.5;3590.9;27.1;15.4;28.5;26.7;16.5;15.0;51.0;47.0;49.0;177.0;9.8;3.9
2020/08/23;1600 UTC;0.0;952.7;953.6;952.7;2954.8;28.9;15.3;29.0;26.7;16.7;14.8;52.0;44.0;44.0;178.0;8.8;3.2
2020/08/23;1700 UTC;0.0;952.0;952.7;952.0;2454.2;28.8;15.4;28.9;27.7;16.2;14.7;49.0;43.0;44.0;178.0;8.6;3.2
2020/08/23;1800 UTC;0.0;951.8;952.1;951.7;2108.0;27.9;15.7;29.1;27.6;16.4;15.3;48.0;44.0;47.0;184.0;9.0;4.1
2020/08/23;1900 UTC;0.0;951.9;951.9;951.6;1244.7;26.3;16.8;28.1;26.3;16.9;15.2;56.0;46.0;56.0;165.0;8.6;4.8
2020/08/23;2000 UTC;0.0;952.5;952.5;951.9;372.2;25.1;16.9;26.4;24.9;17.2;16.7;61.0;56.0;60.0;193.0;9.9;4.7
2020/08/23;2100 UTC;0.0;952.9;953.0;952.5;6.6;23.2;16.8;25.1;23.2;16.9;16.6;67.0;60.0;67.0;193.0;9.1;5.1
2020/08/23;2200 UTC;0.0;953.7;953.7;952.9;;21.8;17.4;23.2;21.7;17.4;16.8;76.0;67.0;76.0;184.0;9.4;4.2
2020/08/23;2300 UTC;0.0;954.5;954.5;953.7;;20.9;17.5;21.8;20.9;17.6;17.4;81.0;76.0;81.0;193.0;7.7;4.9
2020/08/24;0000 UTC;0.0;954.8;954.8;954.5;;20.4;17.1;20.9;20.4;17.5;17.1;81.0;80.0;81.0;192.0;7.9;3.9
2020/08/24;0100 UTC;0.0;954.9;954.9;954.8;;19.9;17.1;20.3;19.9;17.2;17.0;84.0;82.0;84.0;169.0;5.2;2.4
2020/08/24;0200 UTC;0.0;955.0;955.0;954.9;;19.5;17.1;19.9;19.5;17.2;17.0;86.0;84.0;86.0;186.0;4.4;2.1
2020/08/24;0300 UTC;0.0;954.5;955.0;954.5;;19.3;17.3;19.6;19.3;17.3;17.1;88.0;86.0;88.0;191.0;4.6;2.5
2020/08/24;0400 UTC;0.0;953.9;954.5;953.9;;19.1;17.6;19.3;19.1;17.6;17.3;91.0;88.0;91.0;172.0;4.8;2.0
2020/08/24;0500 UTC;0.0;953.5;953.9;953.5;;18.8;17.7;19.1;18.8;17.7;17.6;93.0;91.0;93.0;173.0;5.2;2.1
2020/08/24;0600 UTC;0.0;953.2;953.5;953.2;;18.5;17.6;18.8;18.5;17.7;17.5;94.0;93.0;94.0;176.0;4.2;1.3
2020/08/24;0700 UTC;0.0;953.1;953.2;953.0;;18.4;17.5;18.6;18.4;17.7;17.5;95.0;94.0;95.0;180.0;3.7;1.6
2020/08/24;0800 UTC;0.0;953.1;953.3;953.1;;18.5;17.8;18.5;18.3;17.9;17.5;96.0;95.0;96.0;178.0;4.1;2.1
2020/08/24;0900 UTC;0.0;953.4;953.4;953.1;79.7;18.1;17.6;18.5;18.1;17.9;17.6;97.0;96.0;97.0;177.0;4.1;1.3
2020/08/24;1000 UTC;0.0;954.0;954.0;953.4;626.8;19.7;18.9;19.7;18.1;18.9;17.6;97.0;95.0;95.0;178.0;4.6;2.1
2020/08/24;1100 UTC;0.0;954.6;954.6;953.9;1400.4;21.3;17.4;22.1;19.5;19.2;17.4;95.0;78.0;78.0;179.0;5.5;2.6
2020/08/24;1200 UTC;0.0;954.6;954.7;954.5;2185.7;24.1;16.3;24.3;21.3;17.8;16.0;79.0;62.0;62.0;175.0;5.9;2.5
2020/08/24;1300 UTC;0.0;954.2;954.6;954.2;3071.7;25.2;15.1;25.7;23.7;16.5;15.0;62.0;53.0;53.0;181.0;7.7;3.0
2020/08/24;1400 UTC;0.0;953.6;954.3;953.6;3388.0;26.7;13.5;27.0;25.2;15.7;13.5;54.0;44.0;44.0;183.0;7.5;3.1
2020/08/24;1500 UTC;0.0;952.9;953.6;952.9;3481.5;28.0;13.8;28.0;26.6;14.2;13.0;45.0;41.0;42.0;180.0;8.0;3.4
2020/08/24;1600 UTC;0.0;952.1;952.9;952.1;3280.9;27.8;13.2;28.8;27.5;14.3;12.6;42.0;39.0;40.0;180.0;7.3;3.1
2020/08/24;1700 UTC;0.0;951.3;952.1;951.2;2834.0;28.2;13.1;29.2;27.6;14.6;12.7;43.0;37.0;39.0;178.0;8.9;4.2
2020/08/24;1800 UTC;0.0;951.0;951.3;951.0;2180.9;28.8;13.6;29.4;28.2;14.1;12.9;40.0;38.0;39.0;186.0;8.8;2.8
2020/08/24;1900 UTC;0.0;951.2;951.2;950.9;1351.9;28.1;14.1;28.9;27.9;14.5;13.0;43.0;38.0;42.0;181.0;8.6;2.7
2020/08/24;2000 UTC;0.0;951.5;951.5;951.2;360.7;26.6;14.9;28.2;26.6;14.9;14.2;48.0;42.0;48.0;187.0;7.5;3.3
2020/08/24;2100 UTC;0.0;952.0;952.0;951.5;2.6;24.8;15.3;26.6;24.8;15.5;14.9;56.0;48.0;56.0;192.0;7.1;3.3
2020/08/24;2200 UTC;0.0;952.4;952.4;952.0;;23.1;15.0;24.8;23.1;15.2;14.8;60.0;55.0;60.0;182.0;8.8;4.1
2020/08/24;2300 UTC;0.0;952.7;952.8;952.4;;21.7;15.4;23.1;21.7;15.4;14.9;67.0;60.0;67.0;197.0;8.8;3.7
2020/08/25;0000 UTC;0.0;953.0;953.0;952.7;;20.7;16.2;21.7;20.7;16.2;15.4;75.0;67.0;75.0;205.0;7.5;3.6
2020/08/25;0100 UTC;0.0;953.0;953.1;952.9;;20.3;16.6;20.7;20.3;16.6;16.2;79.0;75.0;79.0;201.0;6.5;3.3
2020/08/25;0200 UTC;0.0;952.8;953.1;952.7;;19.8;16.9;20.3;19.8;16.9;16.6;83.0;79.0;83.0;185.0;6.5;3.5
2020/08/25;0300 UTC;0.0;952.4;952.9;952.4;;19.2;16.4;19.8;19.2;16.9;16.4;84.0;83.0;84.0;175.0;6.0;2.3
2020/08/25;0400 UTC;0.0;952.0;952.4;952.0;;18.7;16.5;19.2;18.7;16.5;16.2;87.0;83.0;87.0;173.0;4.4;2.5
2020/08/25;0500 UTC;0.0;951.7;952.0;951.7;;18.4;16.9;18.7;18.4;16.9;16.5;91.0;87.0;91.0;175.0;5.4;1.9
2020/08/25;0600 UTC;0.0;951.5;951.7;951.4;;18.2;17.0;18.4;18.2;17.0;16.9;93.0;91.0;93.0;168.0;4.0;1.9
2020/08/25;0700 UTC;0.0;951.5;951.5;951.4;;17.9;16.8;18.2;17.9;17.0;16.8;94.0;93.0;94.0;162.0;3.3;0.7
2020/08/25;0800 UTC;0.0;951.8;951.8;951.5;;18.0;17.0;18.0;17.8;17.1;16.8;94.0;94.0;94.0;179.0;3.0;1.3
2020/08/25;0900 UTC;0.0;952.5;952.5;951.8;49.4;18.4;17.4;18.4;17.8;17.4;16.8;94.0;94.0;94.0;178.0;2.6;1.2
2020/08/25;1000 UTC;0.0;953.0;953.0;952.5;806.2;19.8;17.7;19.8;18.4;18.0;17.2;94.0;87.0;87.0;178.0;4.4;2.4
2020/08/25;1100 UTC;0.0;953.4;953.4;953.0;1768.2;22.2;16.2;22.2;19.6;17.8;15.7;87.0;69.0;69.0;179.0;5.2;2.8
2020/08/25;1200 UTC;0.0;953.5;953.5;953.4;2524.8;24.1;15.6;24.9;22.1;16.8;15.2;69.0;59.0;59.0;180.0;6.9;2.2
2020/08/25;1300 UTC;0.0;952.9;953.5;952.9;3104.7;25.8;15.3;26.3;23.9;16.5;15.1;61.0;52.0;53.0;179.0;6.7;2.4
2020/08/25;1400 UTC;0.0;951.9;952.9;951.9;3415.1;27.3;14.9;27.9;25.6;16.2;14.6;53.0;47.0;47.0;176.0;6.7;2.8
2020/08/25;1500 UTC;0.0;950.8;951.9;950.8;3460.9;29.2;15.3;29.7;26.8;16.1;14.6;49.0;41.0;43.0;172.0;6.8;2.5
2020/08/25;1600 UTC;0.0;950.1;950.9;950.1;3261.4;29.5;14.7;30.6;28.4;16.5;14.6;45.0;40.0;41.0;176.0;13.3;2.4
2020/08/25;1700 UTC;0.0;949.5;950.1;949.3;2931.2;29.9;14.7;31.4;29.4;16.0;14.0;42.0;37.0;40.0;178.0;16.9;3.3
2020/08/25;1800 UTC;0.0;949.5;949.6;949.4;1977.7;29.3;15.4;31.0;29.2;15.9;14.7;43.0;38.0;43.0;155.0;7.4;2.6
2020/08/25;1900 UTC;0.0;949.6;949.6;949.4;1065.7;28.8;16.4;29.7;28.8;16.4;15.1;47.0;42.0;47.0;179.0;10.6;4.9
2020/08/25;2000 UTC;0.0;950.0;950.1;949.5;259.1;26.8;17.2;29.1;26.8;17.2;16.2;56.0;46.0;56.0;185.0;10.6;3.9
2020/08/25;2100 UTC;0.0;950.7;950.7;950.0;2.8;24.6;18.5;26.9;24.6;18.5;17.3;69.0;56.0;69.0;173.0;8.1;4.4
2020/08/25;2200 UTC;0.0;951.6;951.6;950.7;;22.9;18.7;24.6;22.9;18.8;18.5;77.0;69.0;77.0;191.0;7.7;4.3
2020/08/25;2300 UTC;0.0;952.2;952.2;951.5;;22.6;19.1;22.9;22.5;19.3;18.8;81.0;77.0;81.0;188.0;8.3;4.1
2020/08/26;0000 UTC;0.0;952.7;952.7;952.2;;22.3;18.9;22.8;22.2;19.2;18.8;81.0;80.0;81.0;174.0;8.2;3.4
2020/08/26;0100 UTC;0.0;953.0;953.0;952.7;;22.0;18.7;22.4;21.9;19.0;18.7;82.0;81.0;81.0;178.0;6.6;3.4
2020/08/26;0200 UTC;0.0;952.8;953.0;952.8;;21.0;18.3;22.0;21.0;18.7;18.1;84.0;80.0;84.0;175.0;7.4;2.6
2020/08/26;0300 UTC;0.0;952.3;952.8;952.3;;20.3;18.5;21.1;20.3;18.7;18.3;89.0;84.0;89.0;179.0;5.7;2.8
2020/08/26;0400 UTC;0.0;951.9;952.3;951.8;;19.8;18.8;20.4;19.7;18.8;18.5;94.0;90.0;94.0;175.0;5.8;2.0
2020/08/26;0500 UTC;0.0;951.7;951.9;951.7;;20.2;18.8;20.2;19.8;19.1;18.7;94.0;92.0;92.0;178.0;4.3;1.7
2020/08/26;0600 UTC;0.0;951.7;951.9;951.7;;19.9;18.5;20.3;19.8;18.8;18.3;92.0;91.0;91.0;178.0;4.4;2.3
2020/08/26;0700 UTC;0.0;951.9;951.9;951.7;;20.0;18.4;20.1;19.8;18.5;18.2;91.0;90.0;90.0;176.0;4.7;1.4
2020/08/26;0800 UTC;0.0;952.6;952.6;951.8;;19.8;18.2;20.3;19.7;18.4;18.0;91.0;88.0;91.0;175.0;3.9;1.8
2020/08/26;0900 UTC;0.2;953.0;953.1;952.6;71.0;19.9;18.6;19.9;19.3;18.6;18.1;93.0;91.0;92.0;176.0;5.5;2.2
2020/08/26;1000 UTC;0.0;953.8;953.8;953.0;568.0;20.8;17.9;20.9;19.9;18.7;17.8;92.0;83.0;83.0;177.0;6.7;3.4
2020/08/26;1100 UTC;0.0;954.4;954.4;953.7;836.0;21.9;17.6;21.9;20.8;18.2;17.5;83.0;77.0;77.0;177.0;7.4;3.8
2020/08/26;1200 UTC;0.0;954.2;954.4;954.1;1837.9;23.4;17.4;24.2;21.9;18.2;17.1;77.0;67.0;69.0;176.0;7.8;3.7
2020/08/26;1300 UTC;0.0;953.9;954.2;953.9;2314.3;25.6;17.6;25.8;23.5;18.0;17.2;69.0;61.0;61.0;179.0;7.8;3.9
2020/08/26;1400 UTC;0.0;953.2;953.9;953.1;2611.0;26.5;16.8;27.4;25.1;18.7;16.3;62.0;54.0;55.0;178.0;8.0;3.2
2020/08/26;1500 UTC;0.0;952.2;953.2;952.2;2901.1;26.7;16.5;28.3;26.1;17.9;15.8;57.0;48.0;53.0;177.0;9.0;3.7
2020/08/26;1600 UTC;0.0;951.4;952.2;951.4;2734.5;28.4;15.8;29.4;26.8;17.2;15.6;53.0;45.0;47.0;177.0;8.7;3.3
2020/08/26;1700 UTC;0.0;950.8;951.4;950.8;2435.9;28.7;15.4;29.3;27.6;16.2;15.2;48.0;43.0;45.0;177.0;10.8;3.3
2020/08/26;1800 UTC;0.0;950.5;950.8;950.5;1620.9;28.1;15.4;28.9;27.8;16.3;14.9;49.0;44.0;46.0;179.0;8.7;3.7
2020/08/26;1900 UTC;0.0;950.6;950.7;950.4;1288.0;26.9;17.7;28.8;26.8;17.9;15.2;57.0;45.0;57.0;172.0;9.4;4.7
2020/08/26;2000 UTC;0.0;951.2;951.2;950.6;303.1;25.7;17.6;26.9;25.7;17.8;17.2;61.0;56.0;61.0;179.0;8.8;5.1
2020/08/26;2100 UTC;0.0;952.0;952.0;951.2;6.1;24.1;18.0;25.7;24.1;18.3;17.6;69.0;61.0;69.0;183.0;9.5;4.9
2020/08/26;2200 UTC;0.0;952.7;952.7;952.0;;22.6;18.1;24.1;22.6;18.2;18.0;75.0;69.0;75.0;200.0;8.2;3.5
2020/08/26;2300 UTC;0.0;953.6;953.6;952.7;;21.2;17.7;22.6;21.2;18.1;17.7;80.0;75.0;80.0;199.0;6.8;4.0
2020/08/27;0000 UTC;0.0;954.1;954.1;953.6;;20.4;17.5;21.2;20.4;17.7;17.5;84.0;80.0;84.0;195.0;6.6;3.5
2020/08/27;0100 UTC;0.0;954.5;954.5;954.1;;20.0;17.6;20.4;20.0;17.6;17.5;86.0;84.0;86.0;197.0;5.3;2.7
2020/08/27;0200 UTC;0.0;954.1;954.5;954.1;;20.1;17.7;20.2;19.9;17.7;17.6;86.0;86.0;86.0;172.0;5.3;2.2
2020/08/27;0300 UTC;0.0;953.8;954.1;953.7;;20.0;17.4;20.2;19.9;17.7;17.4;86.0;85.0;85.0;172.0;6.2;3.4
2020/08/27;0400 UTC;0.0;953.7;953.8;953.5;;20.1;17.3;20.2;20.0;17.4;17.2;85.0;83.0;84.0;175.0;6.2;2.1
2020/08/27;0500 UTC;0.0;953.3;953.7;953.3;;19.9;17.0;20.1;19.9;17.3;17.0;84.0;83.0;84.0;175.0;5.9;2.5
2020/08/27;0600 UTC;0.0;953.0;953.4;952.9;;19.5;16.8;19.9;19.5;17.1;16.8;85.0;84.0;84.0;179.0;5.8;2.5
2020/08/27;0700 UTC;0.0;953.5;953.5;953.0;;19.3;16.4;19.6;19.2;16.8;16.4;84.0;84.0;84.0;179.0;5.7;2.9
2020/08/27;0800 UTC;0.0;953.8;953.8;953.5;;18.8;16.1;19.3;18.8;16.4;16.0;84.0;83.0;84.0;176.0;5.9;2.3
2020/08/27;0900 UTC;0.0;954.4;954.4;953.8;59.4;18.9;16.0;19.0;18.5;16.2;16.0;85.0;83.0;83.0;175.0;6.3;3.1
2020/08/27;1000 UTC;0.0;954.8;954.8;954.4;899.2;20.4;16.3;20.4;18.9;16.4;16.0;83.0;78.0;78.0;173.0;7.7;3.7
2020/08/27;1100 UTC;0.0;955.4;955.4;954.7;1742.7;22.2;15.7;22.3;20.2;16.9;15.5;78.0;67.0;67.0;177.0;7.2;3.2
2020/08/27;1200 UTC;0.0;955.5;955.6;955.4;2570.6;24.3;15.5;24.4;21.8;16.3;15.2;68.0;57.0;58.0;179.0;7.4;3.1
2020/08/27;1300 UTC;0.0;955.0;955.6;955.0;3147.0;25.5;14.5;25.9;23.8;15.5;14.2;58.0;50.0;51.0;171.0;7.9;3.4
2020/08/27;1400 UTC;0.0;954.4;955.0;954.4;3471.8;27.0;14.3;27.8;25.3;15.5;14.1;51.0;45.0;46.0;179.0;7.8;3.7
2020/08/27;1500 UTC;0.0;953.2;954.4;953.2;3462.0;27.2;14.3;28.7;26.4;15.4;13.6;48.0;43.0;45.0;179.0;7.8;3.2
2020/08/27;1600 UTC;0.0;952.3;953.2;952.3;3339.4;28.7;13.4;29.5;27.2;15.0;13.3;46.0;38.0;39.0;177.0;8.6;3.6
2020/08/27;1700 UTC;0.0;951.8;952.4;951.8;2890.6;28.8;14.0;29.6;28.0;14.8;12.7;42.0;38.0;40.0;178.0;10.0;3.3
2020/08/27;1800 UTC;0.0;951.6;951.8;951.5;2200.3;28.4;14.0;29.2;28.2;14.6;13.5;42.0;39.0;41.0;178.0;9.3;4.1
2020/08/27;1900 UTC;0.0;951.8;951.9;951.6;1365.3;27.3;13.8;28.7;27.3;14.1;13.5;44.0;40.0;44.0;191.0;9.2;5.8
2020/08/27;2000 UTC;0.0;952.6;952.6;951.8;377.7;24.7;16.2;27.5;24.7;16.2;13.7;59.0;43.0;59.0;192.0;10.9;6.0
2020/08/27;2100 UTC;0.0;953.1;953.1;952.5;3.5;23.1;16.2;24.7;23.1;16.3;16.1;65.0;59.0;65.0;179.0;11.0;5.4
2020/08/27;2200 UTC;0.0;953.7;953.7;953.1;;21.8;16.4;23.1;21.8;16.4;16.1;71.0;65.0;71.0;185.0;10.3;4.6
2020/08/27;2300 UTC;0.0;954.5;954.5;953.7;;20.9;16.5;21.9;20.9;16.6;16.4;76.0;71.0;76.0;179.0;8.9;5.3
2020/08/28;0000 UTC;0.0;955.0;955.0;954.5;;20.3;15.9;20.9;20.3;16.7;15.9;78.0;76.0;76.0;173.0;8.9;3.4
2020/08/28;0100 UTC;0.0;955.3;955.3;955.1;;19.7;15.6;20.3;19.7;15.9;15.6;77.0;75.0;77.0;172.0;6.8;3.3
2020/08/28;0200 UTC;0.0;955.0;955.3;955.0;;19.2;15.9;19.7;19.2;15.9;15.6;81.0;77.0;81.0;172.0;6.4;2.5
2020/08/28;0300 UTC;0.0;954.3;955.0;954.3;;19.2;16.6;19.2;19.1;16.6;15.9;85.0;81.0;85.0;175.0;6.3;2.4
2020/08/28;0400 UTC;0.0;953.9;954.3;953.9;;18.9;16.6;19.2;18.9;16.7;16.6;87.0;85.0;87.0;180.0;5.8;1.9
2020/08/28;0500 UTC;0.0;953.9;954.0;953.8;;18.7;16.9;18.9;18.6;16.9;16.5;89.0;87.0;89.0;180.0;4.4;1.6
2020/08/28;0600 UTC;0.0;953.9;954.0;953.8;;18.6;17.0;18.7;18.4;17.0;16.8;91.0;89.0;90.0;174.0;4.9;2.0
2020/08/28;0700 UTC;0.0;954.2;954.2;953.9;;18.3;16.9;18.6;18.3;17.0;16.8;92.0;90.0;92.0;175.0;4.6;2.0
2020/08/28;0800 UTC;0.0;954.6;954.6;954.2;;18.2;16.9;18.5;18.2;17.2;16.9;92.0;91.0;92.0;180.0;4.6;1.8
2020/08/28;0900 UTC;0.0;955.0;955.0;954.6;79.9;18.9;17.4;18.9;18.2;17.5;16.8;92.0;91.0;91.0;176.0;4.1;1.7
2020/08/28;1000 UTC;0.0;955.6;955.6;955.0;561.7;19.9;17.9;20.0;18.8;18.1;17.3;91.0;88.0;88.0;179.0;5.1;2.6
2020/08/28;1100 UTC;0.0;955.9;955.9;955.6;862.5;21.7;18.3;21.8;20.0;18.5;17.9;88.0;81.0;81.0;181.0;7.3;3.2
2020/08/28;1200 UTC;0.0;956.1;956.1;955.9;1406.6;23.2;18.5;23.2;21.4;19.1;17.9;82.0;75.0;75.0;186.0;9.9;4.0
2020/08/28;1300 UTC;0.0;955.7;956.1;955.7;2041.7;24.9;18.4;25.4;22.9;19.3;18.0;75.0;66.0;67.0;182.0;7.5;4.2
2020/08/28;1400 UTC;0.0;954.9;955.8;954.9;3097.1;26.2;17.9;27.2;24.8;18.8;17.1;68.0;56.0;60.0;176.0;10.5;5.2
2020/08/28;1500 UTC;0.0;953.9;955.0;953.9;2673.2;26.7;17.5;27.3;26.2;18.4;17.2;61.0;56.0;57.0;186.0;10.5;5.1
2020/08/28;1600 UTC;0.0;953.0;953.9;953.0;2428.3;27.6;16.9;28.3;26.4;18.4;16.9;58.0;52.0;52.0;192.0;8.7;5.2
2020/08/28;1700 UTC;0.0;952.1;953.0;952.1;2695.1;28.1;16.8;28.8;27.4;18.2;16.2;55.0;48.0;51.0;177.0;10.3;4.3
2020/08/28;1800 UTC;0.0;952.2;952.2;952.0;1890.1;28.2;16.9;28.9;27.4;17.7;16.9;54.0;50.0;50.0;171.0;10.1;4.5
2020/08/28;1900 UTC;0.0;952.3;952.4;952.2;1059.1;26.6;17.4;28.1;26.6;17.8;16.7;57.0;50.0;57.0;188.0;10.3;5.7
2020/08/28;2000 UTC;0.0;952.9;952.9;952.3;287.2;25.4;17.9;26.6;25.4;17.9;17.2;63.0;57.0;63.0;188.0;10.3;5.2
2020/08/28;2100 UTC;0.0;953.3;953.3;952.9;5.8;24.0;18.1;25.4;24.0;18.1;17.9;70.0;63.0;70.0;198.0;9.4;3.8
2020/08/28;2200 UTC;0.0;954.1;954.1;953.3;;22.8;18.7;24.0;22.8;18.7;18.0;78.0;70.0;78.0;179.0;8.0;4.6
2020/08/28;2300 UTC;0.0;954.7;954.7;954.1;;21.8;19.4;22.8;21.8;19.4;18.7;86.0;78.0;86.0;183.0;8.4;3.6
2020/08/29;0000 UTC;0.0;955.0;955.0;954.7;;21.3;19.5;21.8;21.3;19.5;19.4;90.0;86.0;89.0;198.0;7.1;2.8
2020/08/29;0100 UTC;0.0;955.1;955.2;955.0;;21.1;19.3;21.3;21.1;19.5;19.3;90.0;89.0;90.0;171.0;5.0;2.2
2020/08/29;0200 UTC;0.0;954.6;955.1;954.6;;20.9;19.2;21.1;20.8;19.3;19.2;90.0;90.0;90.0;172.0;4.8;1.1
2020/08/29;0300 UTC;0.0;953.8;954.6;953.8;;20.9;19.2;21.0;20.8;19.4;19.2;91.0;90.0;90.0;174.0;4.2;2.1
2020/08/29;0400 UTC;0.0;953.2;953.8;953.2;;20.8;19.3;20.9;20.7;19.3;19.2;91.0;90.0;91.0;178.0;4.0;1.9
2020/08/29;0500 UTC;0.0;953.0;953.2;953.0;;20.7;19.1;20.9;20.7;19.3;19.1;91.0;91.0;91.0;176.0;5.0;2.3
2020/08/29;0600 UTC;0.0;953.0;953.1;952.9;;20.5;19.2;20.7;20.4;19.2;19.0;92.0;91.0;92.0;172.0;4.8;1.9
2020/08/29;0700 UTC;0.0;953.3;953.3;953.0;;20.5;19.3;20.5;20.3;19.3;19.1;93.0;92.0;93.0;178.0;5.5;2.9
2020/08/29;0800 UTC;0.0;953.7;953.7;953.3;;20.5;19.5;20.5;20.4;19.5;19.3;94.0;93.0;94.0;175.0;6.0;2.5
2020/08/29;0900 UTC;0.0;954.2;954.2;953.7;49.3;20.7;19.7;20.8;20.5;19.7;19.4;94.0;94.0;94.0;179.0;5.7;3.1
2020/08/29;1000 UTC;0.0;954.7;954.7;954.2;357.2;21.6;20.3;21.6;20.7;20.3;19.7;94.0;92.0;92.0;187.0;8.0;4.5
2020/08/29;1100 UTC;0.0;955.0;955.1;954.7;926.8;23.0;19.6;23.1;21.6;20.4;19.6;92.0;81.0;81.0;197.0;10.5;6.0
2020/08/29;1200 UTC;0.0;954.9;955.1;954.8;1606.6;24.4;19.7;24.6;22.9;20.6;19.4;82.0;75.0;75.0;196.0;11.3;5.5
2020/08/29;1300 UTC;0.0;954.8;955.1;954.8;1566.4;23.9;19.5;24.6;23.7;20.1;18.8;77.0;73.0;76.0;192.0;11.7;6.9
2020/08/29;1400 UTC;0.0;954.1;954.9;954.0;2856.1;25.7;18.9;26.0;23.1;20.2;18.5;81.0;65.0;66.0;180.0;11.3;6.3
2020/08/29;1500 UTC;0.0;953.2;954.1;953.2;1728.2;25.8;19.4;26.2;24.9;19.9;18.7;72.0;65.0;68.0;178.0;11.3;4.8
2020/08/29;1600 UTC;0.0;952.6;953.2;952.4;2582.0;25.7;19.3;27.4;25.5;20.2;18.7;69.0;60.0;68.0;199.0;12.9;6.2
2020/08/29;1700 UTC;0.0;952.1;952.6;952.0;2701.7;27.2;17.7;27.8;25.7;20.0;17.5;68.0;56.0;56.0;175.0;13.4;5.2
2020/08/29;1800 UTC;0.0;951.9;952.1;951.9;1810.1;27.1;17.7;27.9;26.2;18.4;17.4;60.0;55.0;57.0;191.0;11.3;5.4
2020/08/29;1900 UTC;0.0;952.2;952.2;951.9;1190.5;25.8;17.5;27.1;25.7;17.8;17.2;60.0;56.0;60.0;190.0;12.4;6.3
2020/08/29;2000 UTC;0.0;952.4;952.5;952.2;334.7;24.6;17.3;25.9;24.6;17.7;17.2;64.0;60.0;64.0;187.0;12.4;5.3
2020/08/29;2100 UTC;0.0;952.7;952.7;952.4;7.9;23.3;17.7;24.6;23.3;17.7;16.9;71.0;64.0;71.0;185.0;10.7;5.8
2020/08/29;2200 UTC;0.0;953.0;953.1;952.7;;22.1;18.1;23.3;22.1;18.1;17.7;78.0;71.0;78.0;192.0;10.1;5.4
2020/08/29;2300 UTC;0.0;953.8;953.8;953.0;;21.5;18.8;22.1;21.5;18.9;18.1;85.0;78.0;85.0;196.0;10.7;4.0
2020/08/30;0000 UTC;0.0;954.2;954.3;953.8;;21.2;19.1;21.5;21.2;19.1;18.8;88.0;85.0;88.0;179.0;7.1;3.8
2020/08/30;0100 UTC;0.0;954.6;954.6;954.2;;21.1;19.0;21.3;21.1;19.1;19.0;88.0;88.0;88.0;173.0;6.9;2.7
2020/08/30;0200 UTC;0.0;954.1;954.6;954.1;;21.0;18.9;21.1;21.0;19.0;18.8;88.0;87.0;87.0;175.0;5.6;2.0
2020/08/30;0300 UTC;0.0;953.5;954.1;953.5;;21.0;18.9;21.1;21.0;19.0;18.8;88.0;87.0;88.0;177.0;7.8;3.3
2020/08/30;0400 UTC;0.0;953.2;953.5;953.2;;20.9;19.1;21.0;20.9;19.1;19.0;89.0;88.0;89.0;174.0;7.7;2.7
2020/08/30;0500 UTC;0.0;953.1;953.2;952.9;;20.5;18.6;20.9;20.5;19.0;18.5;89.0;89.0;89.0;176.0;6.8;2.7
2020/08/30;0600 UTC;0.0;953.0;953.2;953.0;;20.4;18.6;20.6;20.4;18.6;18.5;89.0;89.0;89.0;173.0;6.6;2.7
2020/08/30;0700 UTC;0.0;952.8;953.0;952.8;;20.4;18.6;20.5;20.4;18.7;18.6;89.0;89.0;89.0;175.0;7.7;2.7
2020/08/30;0800 UTC;0.0;953.2;953.2;952.8;;19.9;18.6;20.4;19.9;18.6;18.5;92.0;89.0;92.0;169.0;6.8;2.9
2020/08/30;0900 UTC;0.0;953.8;953.8;953.2;75.6;20.3;19.0;20.3;19.9;19.0;18.6;93.0;92.0;92.0;176.0;5.4;2.5
2020/08/30;1000 UTC;0.0;954.4;954.4;953.7;442.7;21.0;19.3;21.1;20.3;19.4;19.0;92.0;90.0;90.0;182.0;5.7;2.7
2020/08/30;1100 UTC;0.0;955.0;955.0;954.4;905.0;22.9;19.2;22.9;21.0;19.8;19.1;90.0;79.0;79.0;175.0;8.3;4.2
2020/08/30;1200 UTC;0.0;955.2;955.3;955.0;1997.9;24.7;18.1;25.2;22.9;19.6;18.1;79.0;67.0;67.0;175.0;8.8;4.3
2020/08/30;1300 UTC;0.0;954.9;955.3;954.9;1953.6;25.9;17.2;26.4;24.2;18.9;17.2;70.0;58.0;59.0;179.0;11.0;5.0
2020/08/30;1400 UTC;0.0;954.3;955.0;954.3;3142.2;26.7;16.4;27.2;25.7;17.6;15.8;60.0;51.0;53.0;180.0;12.9;5.8
2020/08/30;1500 UTC;0.0;953.6;954.3;953.6;2932.9;27.5;15.2;28.1;26.7;16.8;14.8;53.0;46.0;47.0;193.0;12.2;6.2
2020/08/30;1600 UTC;0.0;952.8;953.6;952.7;3183.3;28.0;14.6;28.8;27.3;15.9;14.1;48.0;43.0;44.0;195.0;11.9;6.7
2020/08/30;1700 UTC;0.0;952.3;952.8;952.3;2938.5;27.8;13.6;29.2;27.7;15.1;13.5;44.0;41.0;42.0;179.0;12.1;6.2
2020/08/30;1800 UTC;0.0;952.3;952.4;952.2;2197.0;27.4;13.8;28.3;27.3;15.0;13.4;46.0;40.0;43.0;180.0;12.1;5.2
2020/08/30;1900 UTC;0.0;952.4;952.5;952.2;1307.2;26.9;15.1;27.7;26.9;15.2;13.7;48.0;43.0;48.0;175.0;10.3;4.2
2020/08/30;2000 UTC;0.0;952.6;952.6;952.3;368.2;25.7;16.0;27.1;25.7;16.0;14.9;55.0;47.0;55.0;176.0;9.6;3.7
2020/08/30;2100 UTC;0.0;953.0;953.1;952.6;2.3;24.6;16.8;25.7;24.6;16.8;16.0;62.0;55.0;62.0;178.0;7.4;2.6
2020/08/30;2200 UTC;0.0;953.6;953.6;953.0;;24.0;17.4;24.6;23.9;17.4;16.9;66.0;62.0;66.0;178.0;8.1;3.0
2020/08/30;2300 UTC;0.0;954.3;954.3;953.6;;23.3;17.8;24.0;23.3;17.8;17.3;71.0;66.0;71.0;176.0;7.8;3.2
2020/08/31;0000 UTC;0.0;954.7;954.7;954.3;;22.4;18.3;23.4;22.4;18.3;17.8;78.0;71.0;78.0;174.0;7.7;3.2
2020/08/31;0100 UTC;0.0;954.8;954.9;954.7;;21.4;19.1;22.5;21.3;19.2;18.3;87.0;78.0;87.0;179.0;8.1;3.4
2020/08/31;0200 UTC;0.0;954.5;954.9;954.5;;21.0;18.5;21.5;21.0;19.2;18.5;87.0;86.0;86.0;176.0;9.0;4.1
2020/08/31;0300 UTC;0.0;953.8;954.5;953.8;;20.6;18.1;21.1;20.6;18.6;18.1;86.0;85.0;86.0;180.0;8.2;2.9
2020/08/31;0400 UTC;0.0;953.2;953.8;953.2;;20.5;18.3;20.7;20.5;18.3;18.1;87.0;86.0;87.0;177.0;6.8;2.9
2020/08/31;0500 UTC;0.0;953.0;953.3;953.0;;20.6;18.6;20.7;20.5;18.6;18.3;88.0;87.0;88.0;181.0;6.1;2.7
2020/08/31;0600 UTC;0.2;953.0;953.0;953.0;;19.7;18.7;20.8;19.7;18.8;18.5;94.0;88.0;94.0;180.0;5.7;2.5
2020/08/31;0700 UTC;0.4;953.0;953.1;953.0;;19.7;19.2;19.8;19.6;19.3;18.7;97.0;94.0;97.0;178.0;4.9;2.4
2020/08/31;0800 UTC;1.4;953.4;953.4;953.0;;19.9;19.6;20.0;19.7;19.6;19.2;98.0;97.0;98.0;175.0;5.9;2.8
2020/08/31;0900 UTC;1.0;953.8;953.8;953.4;58.8;20.0;19.8;20.1;19.9;19.8;19.6;99.0;98.0;98.0;172.0;7.3;4.0
2020/08/31;1000 UTC;1.0;954.6;954.6;953.8;267.3;20.2;19.9;20.4;20.0;20.2;19.8;99.0;98.0;99.0;176.0;7.9;4.4
2020/08/31;1100 UTC;0.4;955.4;955.4;954.6;838.3;21.1;20.6;21.2;20.2;20.8;20.0;99.0;97.0;97.0;175.0;10.5;4.3
2020/08/31;1200 UTC;0.0;955.5;955.5;955.3;1865.0;22.7;20.0;23.4;21.1;21.7;20.0;97.0;84.0;85.0;180.0;9.5;4.2
2020/08/31;1300 UTC;0.0;955.5;955.5;955.4;1717.2;24.5;18.8;24.5;22.6;20.6;18.8;86.0;71.0;71.0;180.0;9.1;4.7
2020/08/31;1400 UTC;0.0;954.7;955.5;954.7;3056.0;26.8;16.9;26.8;24.4;18.9;16.6;71.0;55.0;55.0;179.0;10.3;4.8
2020/08/31;1500 UTC;0.0;953.9;954.7;953.9;2872.7;27.3;16.1;27.6;25.5;17.7;15.2;59.0;48.0;50.0;176.0;10.6;4.4
2020/08/31;1600 UTC;0.0;953.3;954.0;953.3;3406.2;28.0;15.1;28.2;26.9;15.9;13.5;50.0;41.0;45.0;179.0;10.8;4.5
2020/08/31;1700 UTC;0.0;952.9;953.4;952.8;2890.4;28.0;13.2;28.6;27.3;15.4;12.9;46.0;40.0;40.0;178.0;11.1;5.1
2020/08/31;1800 UTC;0.0;952.7;952.9;952.6;2252.7;27.7;13.5;28.8;27.5;14.2;12.2;43.0;38.0;42.0;179.0;11.5;4.6
2020/08/31;1900 UTC;0.0;953.1;953.1;952.6;1389.1;26.5;14.4;27.8;26.4;14.8;13.4;48.0;41.0;48.0;177.0;11.4;5.6
2020/08/31;2000 UTC;0.0;953.7;953.8;953.1;390.5;24.9;15.7;26.5;24.9;15.7;14.2;57.0;47.0;57.0;177.0;11.4;3.5
2020/08/31;2100 UTC;0.0;954.2;954.2;953.7;6.5;23.6;16.2;25.0;23.6;16.3;15.9;63.0;57.0;63.0;174.0;9.1;3.2
2020/08/31;2200 UTC;0.0;954.7;954.7;954.2;;22.5;16.5;23.6;22.5;16.5;16.2;69.0;63.0;69.0;172.0;8.1;3.4
2020/08/31;2300 UTC;0.0;955.4;955.4;954.7;;21.4;16.6;22.5;21.4;16.8;16.5;75.0;69.0;75.0;180.0;7.6;3.1
2020/09/01;0000 UTC;0.0;955.7;955.8;955.4;;20.6;17.0;21.4;20.6;17.0;16.6;80.0;75.0;80.0;177.0;5.6;2.0
2020/09/01;0100 UTC;0.0;955.7;955.9;955.7;;20.2;17.3;20.5;20.2;17.3;17.0;83.0;80.0;83.0;176.0;4.7;2.1
2020/09/01;0200 UTC;0.0;955.3;955.7;955.3;;20.1;17.6;20.2;20.0;17.6;17.3;85.0;83.0;85.0;176.0;4.6;2.1
2020/09/01;0300 UTC;0.0;954.8;955.3;954.8;;20.0;17.8;20.2;20.0;17.9;17.5;87.0;85.0;87.0;179.0;6.5;2.8
2020/09/01;0400 UTC;0.0;954.3;954.8;954.2;;19.9;17.8;20.1;19.8;18.0;17.7;88.0;87.0;88.0;182.0;7.0;3.0
2020/09/01;0500 UTC;0.0;953.8;954.3;953.8;;19.9;17.6;20.1;19.8;17.9;17.5;88.0;86.0;86.0;177.0;7.0;3.0
2020/09/01;0600 UTC;0.2;953.9;953.9;953.8;;18.8;17.6;19.9;18.8;17.7;17.3;93.0;86.0;93.0;180.0;7.5;3.1
2020/09/01;0700 UTC;0.2;953.8;953.9;953.7;;18.8;17.9;18.9;18.7;18.0;17.6;95.0;93.0;95.0;171.0;6.4;2.3
2020/09/01;0800 UTC;0.0;954.1;954.1;953.7;;19.3;18.2;19.4;18.8;18.4;17.9;95.0;93.0;93.0;181.0;5.7;2.7
2020/09/01;0900 UTC;0.4;954.6;954.6;954.1;50.6;19.1;18.4;19.4;18.9;18.4;17.9;96.0;93.0;96.0;170.0;7.5;2.1
2020/09/01;1000 UTC;0.0;955.1;955.1;954.6;568.5;20.1;18.8;20.2;19.1;19.2;18.4;96.0;92.0;92.0;178.0;5.8;2.7
2020/09/01;1100 UTC;0.0;955.6;955.6;955.1;1039.3;21.2;17.5;21.8;20.1;19.2;17.5;92.0;80.0;80.0;176.0;8.6;4.0
2020/09/01;1200 UTC;0.0;955.7;955.9;955.6;2294.9;24.7;17.4;24.7;21.2;18.1;16.8;80.0;64.0;64.0;175.0;9.4;3.9
2020/09/01;1300 UTC;0.0;955.7;956.1;955.7;1757.8;25.1;18.6;25.1;21.5;19.5;16.4;81.0;63.0;67.0;173.0;9.7;4.1
2020/09/01;1400 UTC;0.0;954.7;955.7;954.7;2614.4;25.7;17.4;26.3;24.1;18.8;17.2;68.0;60.0;60.0;179.0;9.8;4.1
2020/09/01;1500 UTC;0.0;953.3;954.7;953.3;2861.8;26.9;16.9;27.8;25.6;18.1;16.6;61.0;53.0;54.0;178.0;9.9;4.5
2020/09/01;1600 UTC;0.0;953.2;953.3;952.9;1160.5;23.3;18.2;27.8;23.3;18.4;16.6;73.0;51.0;73.0;179.0;12.2;6.4
2020/09/01;1700 UTC;0.0;952.7;953.3;952.7;1752.3;24.9;18.1;25.6;23.2;19.0;17.5;74.0;62.0;66.0;180.0;12.2;4.2
2020/09/01;1800 UTC;0.0;951.9;952.7;951.9;2126.1;26.8;16.9;27.1;24.8;19.0;16.8;67.0;55.0;55.0;174.0;10.0;5.0
2020/09/01;1900 UTC;0.0;952.2;952.2;951.9;1200.7;26.4;16.5;27.0;26.0;17.2;15.9;56.0;53.0;55.0;175.0;10.4;4.4
2020/09/01;2000 UTC;0.0;952.7;952.7;952.1;325.7;24.0;17.9;26.5;23.9;18.1;16.0;69.0;53.0;69.0;181.0;11.3;4.7
2020/09/01;2100 UTC;0.0;953.2;953.2;952.7;3.0;22.5;18.8;24.0;22.5;18.8;17.9;79.0;69.0;79.0;189.0;10.0;5.1
2020/09/01;2200 UTC;0.0;953.8;953.8;953.2;;21.9;18.4;22.5;21.8;18.8;18.3;81.0;79.0;80.0;177.0;9.2;3.6
2020/09/01;2300 UTC;0.0;954.5;954.5;953.8;;21.7;18.3;22.0;21.7;18.4;18.1;81.0;79.0;81.0;171.0;7.4;3.0
2020/09/02;0000 UTC;0.0;955.0;955.0;954.5;;21.1;18.3;21.8;21.1;18.5;18.2;84.0;81.0;84.0;175.0;7.2;3.1
2020/09/02;0100 UTC;0.0;955.1;955.1;955.0;;20.9;18.8;21.2;20.7;18.9;18.2;87.0;84.0;87.0;175.0;6.5;2.9
2020/09/02;0200 UTC;1.0;954.8;955.1;954.8;;19.9;18.7;21.1;19.9;18.8;18.4;93.0;86.0;93.0;175.0;6.2;2.3
2020/09/02;0300 UTC;0.4;954.1;954.8;954.1;;19.9;19.2;20.1;19.8;19.2;18.7;96.0;93.0;96.0;179.0;6.1;2.8
2020/09/02;0400 UTC;0.0;953.4;954.1;953.4;;19.7;19.1;20.0;19.6;19.3;19.0;97.0;96.0;96.0;176.0;7.3;2.1
2020/09/02;0500 UTC;0.6;953.1;953.4;953.1;;19.4;19.0;19.7;19.4;19.2;19.0;97.0;96.0;97.0;177.0;5.8;2.6
2020/09/02;0600 UTC;0.0;953.2;953.2;953.1;;19.6;19.2;19.6;19.4;19.2;19.0;98.0;97.0;98.0;174.0;6.2;3.1
2020/09/02;0700 UTC;0.2;953.3;953.3;953.1;;19.4;19.0;19.7;19.4;19.3;19.0;98.0;97.0;97.0;178.0;7.2;3.0
2020/09/02;0800 UTC;0.0;953.7;953.7;953.3;;19.3;19.0;19.5;19.2;19.0;18.9;98.0;97.0;98.0;186.0;7.2;2.9
2020/09/02;0900 UTC;2.8;954.2;954.2;953.7;33.8;19.2;18.9;19.4;19.1;19.1;18.8;99.0;98.0;98.0;175.0;7.0;3.2
2020/09/02;1000 UTC;0.8;954.8;954.8;954.2;262.7;19.6;19.4;19.6;19.1;19.4;18.9;99.0;98.0;99.0;179.0;7.0;2.2
2020/09/02;1100 UTC;0.2;955.6;955.6;954.8;459.5;20.0;19.6;20.1;19.4;19.7;19.0;99.0;97.0;97.0;176.0;5.8;2.7
2020/09/02;1200 UTC;0.0;955.7;955.8;955.6;1911.2;22.4;19.1;22.6;20.0;21.4;19.1;98.0;82.0;82.0;177.0;8.1;2.6
2020/09/02;1300 UTC;0.2;955.7;956.0;955.6;1276.1;22.0;19.2;22.8;20.0;19.8;17.6;90.0;77.0;84.0;178.0;8.0;1.6
2020/09/02;1400 UTC;0.0;954.9;955.7;954.9;1938.9;24.7;17.2;25.1;22.0;19.4;17.2;84.0;63.0;63.0;179.0;5.5;2.9
2020/09/02;1500 UTC;0.0;953.5;954.9;953.5;2593.3;27.0;16.8;27.1;24.6;18.1;16.3;65.0;54.0;54.0;181.0;7.8;3.5
2020/09/02;1600 UTC;0.0;952.3;953.5;952.3;2799.7;26.8;16.3;27.9;26.3;17.1;15.8;56.0;50.0;53.0;174.0;8.9;4.0
2020/09/02;1700 UTC;0.0;951.7;952.3;951.6;2408.4;27.9;15.7;28.3;26.6;16.9;15.1;54.0;47.0;48.0;180.0;9.8;3.5
2020/09/02;1800 UTC;0.0;951.5;951.7;951.4;1454.3;27.2;17.1;28.4;26.7;17.2;15.1;54.0;46.0;54.0;174.0;9.6;3.6
2020/09/02;1900 UTC;0.0;951.5;951.5;951.4;1358.2;26.7;17.2;27.6;26.3;17.2;16.1;56.0;51.0;56.0;176.0;9.2;3.6
2020/09/02;2000 UTC;0.0;951.9;952.0;951.4;415.6;24.7;17.6;26.7;24.7;17.6;16.5;65.0;55.0;64.0;176.0;9.1;3.9
2020/09/02;2100 UTC;0.0;952.5;952.6;951.9;3.3;23.4;17.9;24.7;23.4;18.1;17.5;71.0;64.0;71.0;178.0;8.5;3.6
2020/09/02;2200 UTC;0.0;953.4;953.4;952.5;;21.9;17.6;23.4;21.9;18.0;17.6;77.0;71.0;77.0;176.0;7.6;3.3
2020/09/02;2300 UTC;0.2;954.0;954.0;953.4;;20.0;18.7;22.0;19.9;18.7;17.8;92.0;77.0;92.0;178.0;6.8;1.7
2020/09/03;0000 UTC;0.0;954.6;954.6;954.0;;19.6;18.8;20.1;19.5;18.9;18.6;95.0;92.0;95.0;172.0;6.3;2.7
2020/09/03;0100 UTC;0.2;954.8;954.8;954.6;;19.4;18.8;19.6;19.4;18.9;18.6;96.0;95.0;96.0;175.0;5.5;2.3
2020/09/03;0200 UTC;0.0;954.7;954.9;954.7;;19.6;18.8;19.6;19.3;18.9;18.7;97.0;95.0;95.0;177.0;6.4;3.1
2020/09/03;0300 UTC;0.0;954.2;954.7;954.2;;19.4;18.4;19.5;19.3;18.7;18.4;95.0;94.0;94.0;176.0;6.1;2.2
2020/09/03;0400 UTC;0.0;953.6;954.2;953.6;;19.1;18.1;19.4;19.0;18.4;18.1;94.0;94.0;94.0;178.0;5.5;2.0
2020/09/03;0500 UTC;0.0;953.1;953.6;953.1;;18.9;18.0;19.1;18.9;18.2;18.0;95.0;94.0;95.0;174.0;4.9;1.6
2020/09/03;0600 UTC;0.0;953.1;953.2;953.1;;18.7;18.0;18.9;18.7;18.1;17.9;96.0;95.0;96.0;181.0;4.4;1.7
2020/09/03;0700 UTC;0.0;953.0;953.1;952.9;;18.1;17.5;18.7;18.1;18.0;17.5;96.0;96.0;96.0;180.0;3.1;0.7
2020/09/03;0800 UTC;0.0;952.9;953.1;952.9;;17.7;17.3;18.1;17.7;17.6;17.2;97.0;96.0;97.0;289.0;2.5;0.1
2020/09/03;0900 UTC;0.0;953.4;953.4;952.9;108.8;17.8;17.4;17.9;17.5;17.6;17.1;98.0;97.0;97.0;187.0;1.6;0.9
2020/09/03;1000 UTC;0.0;954.1;954.1;953.4;489.9;19.2;18.5;19.4;17.8;18.7;17.4;98.0;96.0;96.0;175.0;3.2;1.4
2020/09/03;1100 UTC;0.0;954.7;954.7;954.1;704.7;20.2;18.7;20.2;19.2;19.0;18.5;96.0;91.0;91.0;176.0;5.3;2.4
2020/09/03;1200 UTC;0.0;955.0;955.1;954.7;1055.0;21.1;18.4;21.3;20.2;19.1;18.3;91.0;84.0;85.0;179.0;5.9;2.7
2020/09/03;1300 UTC;0.0;954.8;955.0;954.8;1175.8;21.2;18.6;21.6;21.0;19.0;18.1;86.0;83.0;85.0;181.0;5.9;3.2
2020/09/03;1400 UTC;0.2;954.3;954.8;954.3;1929.6;22.2;20.5;22.4;20.6;20.6;18.6;92.0;84.0;90.0;169.0;6.6;2.5
2020/09/03;1500 UTC;0.0;953.4;954.3;953.4;1970.0;23.2;20.7;24.0;22.2;21.4;19.4;91.0;78.0;86.0;192.0;7.9;3.6
2020/09/03;1600 UTC;0.0;952.5;953.4;952.4;2655.8;24.1;19.8;24.9;22.9;21.3;19.3;86.0;74.0;77.0;184.0;9.6;4.2
2020/09/03;1700 UTC;0.2;952.2;952.5;952.1;1970.7;23.8;20.3;24.1;22.5;21.5;19.6;88.0;77.0;81.0;176.0;9.6;3.8
2020/09/03;1800 UTC;0.0;952.4;952.4;952.2;1319.3;21.7;20.1;24.3;21.7;20.6;19.4;91.0;77.0;91.0;187.0;9.2;4.1
2020/09/03;1900 UTC;0.6;952.5;952.5;952.3;300.8;21.2;20.2;21.7;20.8;20.5;19.7;95.0;90.0;94.0;175.0;8.4;2.7
2020/09/03;2000 UTC;0.2;953.0;953.0;952.5;159.7;20.5;19.9;21.3;20.5;20.5;19.8;96.0;94.0;96.0;184.0;8.6;4.2
2020/09/03;2100 UTC;1.0;953.3;953.3;952.9;;19.8;19.3;20.6;19.8;20.0;19.3;97.0;96.0;97.0;179.0;9.3;3.4
2020/09/03;2200 UTC;0.8;953.8;953.8;953.3;;19.2;18.8;19.8;19.2;19.3;18.8;98.0;97.0;98.0;179.0;7.8;3.3
2020/09/03;2300 UTC;0.0;954.4;954.4;953.8;;19.5;19.1;19.6;19.2;19.2;18.8;98.0;97.0;97.0;170.0;6.2;2.2
2020/09/04;0000 UTC;0.0;955.1;955.1;954.4;;19.3;18.8;19.5;19.3;19.1;18.8;98.0;97.0;97.0;178.0;5.0;2.0
2020/09/04;0100 UTC;0.0;955.3;955.5;955.1;;19.3;18.7;19.3;19.2;18.8;18.6;97.0;96.0;96.0;175.0;4.3;0.8
2020/09/04;0200 UTC;0.0;955.1;955.3;955.1;;19.4;18.7;19.5;19.2;18.8;18.6;96.0;96.0;96.0;181.0;3.1;1.5
2020/09/04;0300 UTC;0.0;954.5;955.1;954.5;;19.4;18.7;19.6;19.4;18.8;18.6;96.0;95.0;95.0;177.0;3.4;1.4
2020/09/04;0400 UTC;0.0;953.7;954.5;953.7;;18.9;18.4;19.4;18.9;18.7;18.3;97.0;95.0;97.0;178.0;4.4;2.5
2020/09/04;0500 UTC;0.4;953.3;953.7;953.3;;19.0;18.7;19.0;18.9;18.7;18.4;98.0;97.0;98.0;179.0;4.4;2.3
2020/09/04;0600 UTC;0.8;953.1;953.3;953.1;;19.0;18.7;19.1;18.9;18.8;18.7;99.0;98.0;99.0;180.0;4.4;1.6
2020/09/04;0700 UTC;0.6;953.3;953.3;953.1;;19.2;19.0;19.3;19.0;19.1;18.7;99.0;99.0;99.0;177.0;5.2;2.0
2020/09/04;0800 UTC;0.4;953.8;953.8;953.3;;19.3;19.2;19.3;19.2;19.2;19.0;99.0;99.0;99.0;171.0;7.3;3.0
2020/09/04;0900 UTC;0.4;954.6;954.6;953.8;43.1;19.4;19.3;19.4;19.2;19.3;19.1;99.0;99.0;99.0;176.0;7.0;2.4
2020/09/04;1000 UTC;0.0;955.3;955.3;954.6;221.2;19.6;19.4;19.7;19.4;19.6;19.2;99.0;99.0;99.0;176.0;7.9;3.5
2020/09/04;1100 UTC;0.4;956.0;956.0;955.3;632.3;20.0;19.8;20.0;19.5;19.8;19.4;99.0;99.0;99.0;170.0;9.8;4.2
2020/09/04;1200 UTC;0.0;956.3;956.4;955.9;1329.6;21.5;20.5;21.7;19.8;21.0;19.6;99.0;94.0;94.0;174.0;9.0;4.2
2020/09/04;1300 UTC;0.0;956.1;956.3;956.1;2103.4;23.9;19.8;23.9;21.5;21.6;19.5;94.0;78.0;78.0;174.0;8.4;3.8
2020/09/04;1400 UTC;0.0;955.7;956.2;955.7;1592.6;23.9;18.1;24.3;23.2;19.3;18.1;78.0;70.0;70.0;174.0;10.4;4.2
2020/09/04;1500 UTC;0.0;955.1;955.8;955.1;1928.4;24.8;17.7;25.2;23.7;19.0;17.7;72.0;64.0;64.0;179.0;10.4;4.2
2020/09/04;1600 UTC;0.0;954.3;955.1;954.2;1978.1;25.6;16.9;26.2;24.8;18.3;16.5;65.0;57.0;59.0;176.0;8.1;3.4
2020/09/04;1700 UTC;0.0;953.6;954.3;953.6;1696.2;25.7;16.2;26.7;25.5;17.6;16.0;60.0;54.0;56.0;180.0;7.1;3.8
2020/09/04;1800 UTC;0.0;953.5;953.6;953.4;1340.8;26.3;15.6;26.9;25.7;16.8;15.6;56.0;52.0;52.0;174.0;7.7;2.8
2020/09/04;1900 UTC;0.0;953.7;953.7;953.4;833.7;25.1;16.8;26.9;25.1;17.0;15.1;60.0;51.0;60.0;177.0;9.8;3.9
2020/09/04;2000 UTC;0.0;954.2;954.2;953.7;324.2;24.1;16.8;25.4;24.1;17.1;16.6;64.0;59.0;64.0;174.0;8.2;3.7
2020/09/04;2100 UTC;0.0;954.7;954.7;954.1;2.0;22.6;16.4;24.1;22.6;16.8;16.4;68.0;64.0;68.0;179.0;8.1;3.7
2020/09/04;2200 UTC;0.0;955.5;955.5;954.7;;21.4;16.4;22.6;21.4;16.5;16.3;73.0;68.0;73.0;177.0;7.5;3.4
2020/09/04;2300 UTC;0.0;955.9;955.9;955.5;;20.7;16.6;21.4;20.7;16.6;16.4;78.0;73.0;78.0;181.0;6.6;3.0
2020/09/05;0000 UTC;0.0;956.4;956.4;955.9;;20.0;17.2;20.7;20.0;17.2;16.6;84.0;78.0;84.0;175.0;6.9;3.5
2020/09/05;0100 UTC;0.0;956.6;956.7;956.4;;19.4;17.4;20.0;19.4;17.4;17.2;88.0;84.0;88.0;169.0;7.2;2.3
2020/09/05;0200 UTC;0.0;956.5;956.7;956.5;;19.3;17.6;19.4;19.1;17.6;17.3;90.0;88.0;90.0;175.0;6.0;3.0
2020/09/05;0300 UTC;0.0;956.0;956.6;956.0;;19.1;17.5;19.3;19.1;17.7;17.5;90.0;90.0;90.0;178.0;6.0;2.1
2020/09/05;0400 UTC;0.0;955.3;956.0;955.3;;19.2;17.7;19.2;19.0;17.7;17.5;91.0;90.0;91.0;174.0;4.7;1.6
2020/09/05;0500 UTC;0.0;955.0;955.4;955.0;;18.9;17.5;19.2;18.9;17.7;17.4;91.0;91.0;91.0;178.0;3.6;1.8
2020/09/05;0600 UTC;0.0;954.7;955.0;954.7;;18.5;17.4;18.9;18.5;17.5;17.3;93.0;91.0;93.0;180.0;3.6;1.9
2020/09/05;0700 UTC;0.0;954.7;954.7;954.5;;18.3;17.2;18.6;18.3;17.4;17.2;93.0;93.0;93.0;181.0;3.2;1.1
2020/09/05;0800 UTC;0.0;954.9;954.9;954.7;;18.0;17.0;18.4;18.0;17.3;16.9;94.0;93.0;94.0;178.0;2.8;1.3
2020/09/05;0900 UTC;0.0;955.6;955.6;955.0;80.3;18.9;17.9;18.9;18.0;17.9;17.0;94.0;94.0;94.0;180.0;3.2;1.0
2020/09/05;1000 UTC;0.0;956.0;956.0;955.6;489.6;20.0;18.5;20.0;18.9;18.5;17.9;94.0;90.0;91.0;179.0;4.8;2.4
2020/09/05;1100 UTC;0.0;956.5;956.5;956.0;1284.0;21.6;17.4;21.8;20.0;19.1;17.4;91.0;77.0;77.0;175.0;7.2;2.6
2020/09/05;1200 UTC;0.0;957.0;957.0;956.4;1268.1;19.6;17.6;22.4;19.6;17.6;16.7;88.0;72.0;88.0;177.0;9.2;4.7
2020/09/05;1300 UTC;0.0;956.7;957.0;956.6;1824.3;22.6;17.8;22.8;19.6;19.1;17.5;90.0;74.0;74.0;179.0;8.5;3.7
2020/09/05;1400 UTC;0.0;956.1;956.7;956.1;1861.0;23.6;17.0;23.9;22.4;17.8;16.5;75.0;65.0;66.0;179.0;8.9;3.5
2020/09/05;1500 UTC;0.0;954.9;956.1;954.9;2610.7;25.8;15.9;26.3;23.7;17.3;15.1;66.0;53.0;54.0;178.0;8.1;3.3
2020/09/05;1600 UTC;0.0;954.1;954.9;954.1;2371.9;26.1;14.9;27.2;25.2;15.9;14.0;54.0;47.0;50.0;181.0;9.0;4.3
2020/09/05;1700 UTC;0.0;953.5;954.1;953.3;2106.1;26.1;14.8;27.5;25.5;16.4;14.2;54.0;45.0;50.0;174.0;10.7;5.0
2020/09/05;1800 UTC;0.0;953.2;953.5;953.1;2009.1;26.4;15.1;27.4;25.4;15.7;14.2;53.0;46.0;50.0;174.0;10.7;3.7
2020/09/05;1900 UTC;0.0;953.4;953.4;953.2;1054.2;24.7;15.2;26.9;24.7;16.0;15.1;57.0;50.0;55.0;175.0;10.9;5.3
2020/09/05;2000 UTC;0.0;953.6;953.6;953.4;237.5;24.0;15.3;24.7;24.0;15.4;15.0;58.0;55.0;58.0;176.0;10.9;3.0
2020/09/05;2100 UTC;0.0;954.0;954.0;953.6;1.6;22.6;15.9;24.0;22.6;15.9;15.3;66.0;58.0;66.0;172.0;7.9;3.0
2020/09/05;2200 UTC;0.0;954.5;954.5;954.0;;21.6;15.4;22.6;21.6;15.9;15.4;68.0;66.0;68.0;176.0;7.3;2.7
2020/09/05;2300 UTC;0.0;954.9;954.9;954.5;;20.9;15.0;21.7;20.9;15.3;15.0;69.0;67.0;69.0;172.0;6.1;3.0
2020/09/06;0000 UTC;0.0;955.3;955.4;954.9;;19.9;15.8;20.9;19.9;15.8;15.0;77.0;69.0;77.0;174.0;7.0;3.2
2020/09/06;0100 UTC;0.0;955.4;955.4;955.3;;19.3;16.6;19.9;19.3;16.6;15.8;84.0;77.0;84.0;177.0;7.0;2.8
2020/09/06;0200 UTC;0.0;955.0;955.4;955.0;;19.0;16.8;19.3;19.0;16.9;16.6;87.0;84.0;87.0;178.0;5.3;2.4
2020/09/06;0300 UTC;0.0;954.6;955.0;954.6;;18.5;16.9;19.0;18.5;16.9;16.8;90.0;87.0;90.0;179.0;6.1;2.1
2020/09/06;0400 UTC;0.0;953.9;954.6;953.9;;18.3;16.9;18.5;18.3;17.0;16.9;92.0;90.0;92.0;178.0;4.4;1.7
2020/09/06;0500 UTC;0.0;953.4;953.9;953.4;;18.0;16.9;18.3;18.0;17.0;16.8;93.0;92.0;93.0;177.0;4.5;2.0
2020/09/06;0600 UTC;0.0;953.3;953.4;953.3;;17.9;16.9;18.1;17.8;17.0;16.8;94.0;93.0;94.0;179.0;3.9;1.7
2020/09/06;0700 UTC;0.0;953.3;953.4;953.1;;17.8;16.9;17.9;17.7;17.0;16.8;95.0;94.0;95.0;175.0;3.9;1.4
2020/09/06;0800 UTC;0.0;953.4;953.4;953.2;;17.5;16.7;17.9;17.4;17.0;16.6;95.0;95.0;95.0;177.0;3.4;1.5
2020/09/06;0900 UTC;0.0;954.1;954.1;953.4;85.6;18.3;17.4;18.3;17.4;17.5;16.6;96.0;95.0;95.0;175.0;3.1;0.9
2020/09/06;1000 UTC;0.0;954.5;954.6;954.1;367.2;19.0;17.6;19.1;18.3;17.9;17.4;95.0;91.0;91.0;175.0;5.1;2.6
2020/09/06;1100 UTC;0.0;954.7;954.8;954.5;1239.4;21.0;17.8;21.0;19.0;18.3;17.4;92.0;81.0;82.0;175.0;5.8;2.6
2020/09/06;1200 UTC;0.0;954.9;955.0;954.7;1815.3;22.8;16.9;22.8;20.7;18.5;16.5;82.0;70.0;70.0;175.0;7.7;4.0
2020/09/06;1300 UTC;0.0;954.1;954.9;954.1;2070.6;25.2;15.4;25.2;22.6;16.9;14.7;70.0;55.0;55.0;176.0;9.9;3.9
2020/09/06;1400 UTC;0.0;953.2;954.2;953.2;3668.1;26.4;14.7;27.0;25.0;15.7;14.2;54.0;48.0;49.0;182.0;8.7;4.1
2020/09/06;1500 UTC;0.0;952.3;953.2;952.3;3146.1;26.2;16.8;27.4;25.3;16.9;14.4;58.0;47.0;56.0;181.0;10.0;4.8
2020/09/06;1600 UTC;0.0;951.3;952.3;951.3;3233.1;27.3;15.0;27.6;25.3;17.0;14.7;57.0;47.0;47.0;177.0;10.0;3.6
2020/09/06;1700 UTC;0.0;950.8;951.3;950.8;2868.6;27.1;15.4;28.4;26.6;15.5;14.2;49.0;44.0;49.0;176.0;8.7;4.0
2020/09/06;1800 UTC;0.0;950.7;950.8;950.5;2010.6;27.4;14.7;27.8;26.3;15.3;14.3;49.0;45.0;46.0;177.0;9.1;3.0
2020/09/06;1900 UTC;0.0;950.8;950.8;950.6;1416.3;26.5;15.9;27.4;26.5;15.9;14.4;52.0;46.0;52.0;178.0;8.4;3.4
2020/09/06;2000 UTC;0.0;951.0;951.0;950.8;352.5;25.1;15.1;26.6;25.1;15.9;15.1;55.0;51.0;54.0;177.0;8.3;3.5
2020/09/06;2100 UTC;0.0;951.6;951.6;951.0;1.0;23.6;14.5;25.1;23.6;15.1;14.5;57.0;53.0;57.0;175.0;8.6;3.0
2020/09/06;2200 UTC;0.0;952.2;952.2;951.6;;22.1;15.6;23.6;22.1;15.6;14.5;67.0;57.0;67.0;175.0;8.4;3.3
2020/09/06;2300 UTC;0.0;952.8;952.8;952.2;;21.1;16.3;22.1;21.1;16.3;15.6;74.0;67.0;74.0;180.0;7.0;3.1
2020/09/07;0000 UTC;0.0;953.2;953.2;952.7;;20.3;16.5;21.1;20.3;16.5;16.3;79.0;74.0;79.0;182.0;6.5;4.0
2020/09/07;0100 UTC;0.0;953.4;953.4;953.2;;19.8;16.8;20.3;19.8;16.8;16.5;82.0;79.0;82.0;191.0;6.4;2.7
2020/09/07;0200 UTC;0.0;953.3;953.5;953.3;;19.4;16.8;19.8;19.3;16.8;16.6;85.0;83.0;85.0;172.0;4.6;2.0
2020/09/07;0300 UTC;0.0;953.0;953.3;953.0;;19.0;16.9;19.4;18.9;16.9;16.7;88.0;85.0;88.0;184.0;4.0;1.5
2020/09/07;0400 UTC;0.0;952.2;953.0;952.2;;18.7;17.1;19.0;18.7;17.1;16.9;91.0;88.0;90.0;173.0;4.3;2.4
2020/09/07;0500 UTC;0.0;951.9;952.2;951.9;;18.3;17.0;18.7;18.3;17.2;17.0;92.0;90.0;92.0;175.0;4.3;1.2
2020/09/07;0600 UTC;0.0;951.8;951.9;951.8;;18.1;17.1;18.4;17.8;17.1;16.7;94.0;92.0;94.0;168.0;3.2;1.0
2020/09/07;0700 UTC;0.0;951.7;951.9;951.7;;18.1;17.1;18.3;18.1;17.2;17.0;94.0;93.0;94.0;168.0;2.9;1.3
2020/09/07;0800 UTC;0.0;952.3;952.3;951.7;;18.1;17.3;18.1;17.8;17.3;16.9;95.0;94.0;95.0;170.0;2.5;1.0
2020/09/07;0900 UTC;0.0;952.6;952.6;952.2;137.8;19.3;18.2;19.3;18.1;18.2;17.3;95.0;94.0;94.0;181.0;2.4;0.8
2020/09/07;1000 UTC;0.0;953.2;953.2;952.6;936.8;20.5;18.3;20.5;19.3;18.5;17.7;94.0;86.0;87.0;175.0;4.8;1.9
2020/09/07;1100 UTC;0.0;953.5;953.5;953.2;1310.6;21.8;18.0;21.8;20.4;18.3;17.3;87.0;78.0;79.0;179.0;8.0;3.4
2020/09/07;1200 UTC;0.0;953.6;953.7;953.4;2316.0;24.3;16.3;24.6;21.8;18.3;16.1;79.0;60.0;61.0;175.0;8.9;4.4
2020/09/07;1300 UTC;0.0;953.1;953.7;953.1;2372.2;25.0;16.4;25.5;23.8;17.2;16.0;63.0;58.0;59.0;179.0;8.9;2.8
2020/09/07;1400 UTC;0.0;952.1;953.1;952.1;3823.5;26.2;16.0;26.9;25.1;17.1;15.6;59.0;52.0;53.0;186.0;7.8;4.2
2020/09/07;1500 UTC;0.0;951.2;952.1;951.2;3766.3;28.4;16.0;28.4;26.3;16.2;14.6;53.0;45.0;47.0;178.0;9.7;3.7
2020/09/07;1600 UTC;0.0;950.4;951.2;950.4;3433.8;28.6;14.8;28.8;27.6;15.8;14.4;47.0;43.0;43.0;187.0;9.5;4.7
2020/09/07;1700 UTC;0.0;949.9;950.4;949.9;2663.2;28.3;15.1;29.1;27.9;15.2;13.3;45.0;39.0;45.0;183.0;7.8;3.2
2020/09/07;1800 UTC;0.0;949.6;949.9;949.4;2093.9;28.3;14.6;29.1;27.9;15.6;14.0;45.0;41.0;43.0;174.0;7.8;3.7
2020/09/07;1900 UTC;0.0;949.7;949.7;949.5;1195.7;27.8;14.5;28.7;27.5;15.1;14.1;45.0;42.0;44.0;177.0;7.8;2.9
2020/09/07;2000 UTC;0.0;950.1;950.1;949.7;285.9;26.5;14.0;27.9;26.5;14.6;14.0;46.0;44.0;46.0;178.0;7.3;3.2
2020/09/07;2100 UTC;0.0;950.7;950.7;950.1;1.4;24.9;14.8;26.5;24.9;14.8;13.8;53.0;46.0;53.0;174.0;8.0;3.2
2020/09/07;2200 UTC;0.0;951.4;951.5;950.7;;23.3;16.2;24.9;23.3;16.2;14.8;65.0;53.0;65.0;193.0;6.4;3.9
2020/09/07;2300 UTC;0.0;952.3;952.3;951.5;;21.8;17.5;23.3;21.8;17.5;16.3;76.0;65.0;76.0;187.0;6.7;4.1
2020/09/08;0000 UTC;0.0;952.9;952.9;952.3;;20.9;17.0;21.8;20.9;17.5;17.0;79.0;76.0;79.0;189.0;6.9;3.3
2020/09/08;0100 UTC;0.0;953.3;953.3;952.9;;20.0;16.9;20.9;20.0;17.0;16.9;83.0;79.0;83.0;179.0;6.1;3.2
2020/09/08;0200 UTC;0.0;953.0;953.3;953.0;;19.5;17.3;20.0;19.4;17.3;16.9;87.0;83.0;87.0;175.0;5.6;3.1
2020/09/08;0300 UTC;0.0;952.5;953.0;952.5;;19.0;17.4;19.5;19.0;17.5;17.3;91.0;87.0;91.0;172.0;5.5;2.0
2020/09/08;0400 UTC;0.0;951.8;952.5;951.8;;18.6;17.2;19.0;18.6;17.4;17.2;92.0;91.0;92.0;178.0;4.4;1.3
2020/09/08;0500 UTC;0.0;951.4;951.9;951.4;;18.4;17.4;18.6;18.3;17.4;17.2;94.0;92.0;94.0;180.0;4.0;1.7
2020/09/08;0600 UTC;0.0;951.5;951.5;951.4;;18.4;17.6;18.4;18.3;17.6;17.4;95.0;94.0;95.0;167.0;4.4;1.3
2020/09/08;0700 UTC;0.0;951.7;951.7;951.5;;18.6;17.8;18.6;18.4;17.8;17.5;95.0;95.0;95.0;173.0;3.3;1.7
2020/09/08;0800 UTC;0.0;952.1;952.1;951.6;;18.4;17.7;18.6;18.4;17.9;17.7;96.0;95.0;96.0;170.0;4.3;1.9
2020/09/08;0900 UTC;0.0;952.4;952.4;952.0;141.9;19.3;18.5;19.3;18.3;18.5;17.7;96.0;95.0;95.0;174.0;4.6;2.5
2020/09/08;1000 UTC;0.0;953.2;953.2;952.4;956.3;20.7;18.9;20.9;19.3;19.3;18.4;95.0;89.0;89.0;178.0;7.3;3.3
2020/09/08;1100 UTC;0.0;953.7;953.7;953.1;1105.2;21.7;18.1;21.7;20.5;19.2;18.1;89.0;80.0;80.0;176.0;7.8;3.9
2020/09/08;1200 UTC;0.0;953.9;954.0;953.7;2184.5;24.0;17.0;24.2;21.6;18.3;16.6;80.0;65.0;65.0;181.0;9.6;5.4
2020/09/08;1300 UTC;0.0;953.4;953.9;953.3;2815.4;26.1;16.3;26.1;23.7;17.6;15.4;66.0;54.0;55.0;187.0;9.7;5.4
2020/09/08;1400 UTC;0.0;952.6;953.4;952.6;3432.6;26.8;14.8;27.3;25.6;16.1;14.4;55.0;47.0;48.0;178.0;9.3;4.6
2020/09/08;1500 UTC;0.0;951.6;952.6;951.6;3697.0;27.6;15.2;28.1;26.8;15.9;14.5;49.0;46.0;47.0;193.0;9.3;5.0
2020/09/08;1600 UTC;0.0;951.1;951.6;951.0;3104.0;28.2;15.1;28.5;26.9;15.7;14.5;48.0;44.0;45.0;183.0;11.1;4.1
2020/09/08;1700 UTC;0.0;950.9;951.1;950.8;2733.0;28.0;14.2;29.2;27.6;15.3;13.8;45.0;41.0;43.0;186.0;9.0;4.1
2020/09/08;1800 UTC;0.0;950.9;950.9;950.8;1532.5;27.7;14.3;28.9;27.2;14.9;13.7;45.0;42.0;44.0;185.0;8.5;3.8
2020/09/08;1900 UTC;0.0;951.3;951.3;950.9;1185.7;26.6;14.2;28.5;26.6;14.8;13.8;46.0;42.0;46.0;191.0;8.6;4.6
2020/09/08;2000 UTC;0.0;951.9;951.9;951.3;336.2;25.7;14.1;27.0;25.7;14.5;14.1;49.0;46.0;49.0;191.0;8.6;4.5
2020/09/08;2100 UTC;0.0;952.6;952.6;951.9;1.4;24.0;16.0;25.7;24.0;16.0;14.1;61.0;49.0;61.0;200.0;8.6;5.0
2020/09/08;2200 UTC;0.0;953.4;953.4;952.6;;22.9;16.7;23.9;22.9;16.7;16.0;68.0;61.0;68.0;197.0;8.2;4.7
2020/09/08;2300 UTC;0.0;953.9;953.9;953.4;;21.4;17.9;22.9;21.4;17.9;16.7;80.0;68.0;80.0;188.0;7.9;4.2
2020/09/09;0000 UTC;0.0;954.4;954.4;953.8;;20.7;18.6;21.4;20.7;18.6;17.9;88.0;80.0;88.0;205.0;7.9;3.6
2020/09/09;0100 UTC;0.0;954.6;954.7;954.4;;20.2;18.6;20.7;20.2;18.6;18.5;91.0;88.0;91.0;196.0;6.2;3.1
2020/09/09;0200 UTC;0.0;954.6;954.6;954.5;;19.9;18.5;20.2;19.9;18.6;18.5;92.0;91.0;92.0;189.0;5.2;2.6
2020/09/09;0300 UTC;0.0;954.3;954.6;954.2;;19.8;18.6;19.9;19.7;18.6;18.4;93.0;92.0;93.0;190.0;5.4;3.0
2020/09/09;0400 UTC;0.0;954.0;954.3;954.0;;19.6;18.4;19.8;19.6;18.5;18.4;93.0;93.0;93.0;178.0;6.1;2.8
2020/09/09;0500 UTC;0.0;954.0;954.0;953.9;;19.3;18.1;19.6;19.3;18.4;18.1;93.0;93.0;93.0;172.0;6.1;1.5
2020/09/09;0600 UTC;0.0;953.9;954.0;953.8;;18.8;17.7;19.3;18.8;18.2;17.7;94.0;93.0;94.0;181.0;2.9;0.1
2020/09/09;0700 UTC;0.0;953.7;953.9;953.7;;18.9;18.0;19.1;18.7;18.2;17.7;95.0;94.0;94.0;179.0;2.6;1.1
2020/09/09;0800 UTC;0.0;954.2;954.2;953.7;;18.9;18.2;19.1;18.7;18.3;17.8;95.0;94.0;95.0;175.0;4.5;1.3
2020/09/09;0900 UTC;0.0;954.4;954.4;954.2;98.7;19.7;18.7;19.7;18.9;18.8;18.2;95.0;94.0;94.0;180.0;3.4;1.2
2020/09/09;1000 UTC;0.0;955.4;955.5;954.4;820.4;21.4;19.1;21.6;19.6;19.6;18.7;94.0;87.0;87.0;177.0;4.3;2.1
2020/09/09;1100 UTC;0.0;955.8;955.8;955.4;883.6;22.3;18.6;22.5;21.3;19.4;18.3;87.0;80.0;80.0;178.0;5.3;2.4
2020/09/09;1200 UTC;0.0;956.0;956.1;955.8;1057.0;23.0;18.6;23.8;22.0;20.1;18.2;82.0;76.0;76.0;177.0;6.1;2.6
2020/09/09;1300 UTC;0.4;955.9;956.0;955.7;1188.3;21.4;19.0;24.7;21.4;19.5;18.2;86.0;71.0;86.0;189.0;6.7;3.6
2020/09/09;1400 UTC;0.0;955.6;955.9;955.6;1044.5;21.6;20.0;22.8;21.4;20.4;19.1;91.0;84.0;91.0;189.0;7.5;3.6
2020/09/09;1500 UTC;2.4;955.3;955.6;955.3;1022.8;20.2;19.5;22.0;19.9;20.6;18.7;96.0;91.0;96.0;189.0;9.4;4.7
2020/09/09;1600 UTC;0.6;954.6;955.3;954.6;1406.6;22.0;20.7;22.0;20.0;20.9;19.2;97.0;92.0;92.0;186.0;7.8;3.7
2020/09/09;1700 UTC;0.0;954.2;954.6;954.2;1057.2;22.1;20.2;22.5;21.8;20.7;20.1;92.0;88.0;89.0;186.0;6.6;3.6
2020/09/09;1800 UTC;0.0;953.9;954.2;953.9;912.5;23.1;20.5;23.1;22.1;20.7;20.2;89.0;85.0;85.0;185.0;7.2;3.1
2020/09/09;1900 UTC;0.0;954.0;954.0;953.9;479.0;23.1;20.0;23.3;23.0;20.4;19.9;85.0;82.0;83.0;191.0;6.5;3.4
2020/09/09;2000 UTC;0.0;954.3;954.4;953.9;179.1;23.0;20.2;23.1;22.9;20.3;19.9;85.0;83.0;84.0;189.0;7.9;3.4
2020/09/09;2100 UTC;0.0;955.0;955.0;954.3;1.8;21.9;20.5;23.0;21.8;20.5;19.9;92.0;84.0;92.0;186.0;10.3;4.3
2020/09/09;2200 UTC;0.0;955.6;955.6;955.0;;21.4;20.2;21.9;21.4;20.5;20.2;93.0;92.0;93.0;200.0;9.7;4.7
2020/09/09;2300 UTC;0.0;956.2;956.3;955.6;;20.8;20.1;21.4;20.8;20.3;20.0;95.0;93.0;95.0;199.0;8.4;3.1
2020/09/10;0000 UTC;0.0;956.6;956.6;956.2;;20.7;20.1;20.8;20.6;20.1;20.0;97.0;95.0;97.0;195.0;6.3;3.7
2020/09/10;0100 UTC;0.0;957.1;957.1;956.6;;20.5;20.0;20.6;20.5;20.1;20.0;97.0;97.0;97.0;200.0;6.8;3.6
2020/09/10;0200 UTC;0.0;956.8;957.2;956.8;;20.3;19.7;20.5;20.3;20.1;19.7;97.0;97.0;97.0;201.0;5.4;2.2
2020/09/10;0300 UTC;0.0;956.2;956.8;956.2;;20.3;19.7;20.4;20.3;19.8;19.7;97.0;96.0;96.0;191.0;4.9;2.8
2020/09/10;0400 UTC;0.0;955.2;956.2;955.2;;20.0;19.4;20.3;20.0;19.7;19.4;96.0;96.0;96.0;179.0;5.0;2.7
2020/09/10;0500 UTC;0.0;955.1;955.3;955.1;;20.0;19.4;20.1;20.0;19.5;19.4;96.0;96.0;96.0;172.0;4.7;2.4
2020/09/10;0600 UTC;0.0;955.1;955.2;955.0;;19.9;19.3;20.0;19.8;19.5;19.3;97.0;96.0;97.0;172.0;5.1;2.0
2020/09/10;0700 UTC;0.0;955.3;955.4;955.1;;19.8;19.3;19.9;19.8;19.4;19.2;97.0;97.0;97.0;178.0;5.8;2.0
2020/09/10;0800 UTC;0.0;955.7;955.7;955.3;;20.0;19.4;20.0;19.8;19.4;19.2;97.0;96.0;96.0;177.0;4.9;1.8
2020/09/10;0900 UTC;0.0;956.3;956.3;955.7;104.9;20.2;19.4;20.2;20.0;19.4;19.3;96.0;95.0;96.0;182.0;5.1;2.2
2020/09/10;1000 UTC;0.0;956.7;956.7;956.3;438.2;20.9;19.6;20.9;20.1;19.7;19.4;96.0;92.0;92.0;175.0;5.4;2.2
2020/09/10;1100 UTC;0.0;957.3;957.3;956.7;997.1;22.9;19.1;22.9;20.8;19.9;18.8;92.0;79.0;79.0;175.0;8.8;4.1
2020/09/10;1200 UTC;0.0;957.2;957.4;957.2;2377.7;24.7;17.8;25.3;22.9;19.3;17.8;79.0;65.0;66.0;180.0;9.1;3.7
2020/09/10;1300 UTC;0.0;956.7;957.2;956.6;2429.2;25.9;17.1;26.5;24.2;18.3;16.8;68.0;58.0;58.0;180.0;9.0;4.5
2020/09/10;1400 UTC;0.0;955.7;956.7;955.7;2616.2;26.7;16.8;27.3;25.5;18.1;16.5;61.0;53.0;55.0;179.0;9.1;3.7
2020/09/10;1500 UTC;0.0;954.8;955.8;954.8;2551.2;27.2;16.3;28.3;26.5;17.7;16.2;56.0;49.0;51.0;178.0;10.3;4.5
2020/09/10;1600 UTC;0.0;954.0;954.8;954.0;3115.6;28.6;15.9;29.2;27.2;17.1;15.4;51.0;45.0;46.0;179.0;10.1;4.3
2020/09/10;1700 UTC;0.0;953.3;954.0;953.2;2603.5;28.5;15.7;29.0;27.9;16.5;15.1;49.0;44.0;46.0;187.0;9.3;5.3
2020/09/10;1800 UTC;0.0;953.1;953.3;952.9;1888.0;27.2;15.6;28.6;27.2;16.8;15.5;50.0;46.0;49.0;181.0;10.4;5.5
2020/09/10;1900 UTC;0.0;952.9;953.0;952.8;1281.5;27.0;16.0;28.0;27.0;16.7;15.6;52.0;48.0;51.0;176.0;10.2;4.2
2020/09/10;2000 UTC;0.0;953.0;953.1;952.8;317.1;25.3;17.2;27.0;25.3;17.2;15.9;61.0;51.0;61.0;191.0;8.9;5.3
2020/09/10;2100 UTC;0.0;953.7;953.7;953.0;1.4;23.9;17.7;25.3;23.9;17.7;17.3;68.0;61.0;68.0;188.0;8.6;3.6
2020/09/10;2200 UTC;0.0;954.4;954.4;953.7;;22.6;18.1;23.9;22.6;18.2;17.7;76.0;68.0;76.0;181.0;8.2;4.7
2020/09/10;2300 UTC;0.0;955.1;955.1;954.3;;21.7;18.3;22.6;21.7;18.3;18.2;81.0;76.0;81.0;176.0;9.6;4.1
2020/09/11;0000 UTC;0.0;955.4;955.5;955.1;;21.3;18.4;21.8;21.3;18.5;18.3;84.0;81.0;84.0;175.0;8.4;3.7
2020/09/11;0100 UTC;0.0;955.5;955.6;955.3;;20.9;18.4;21.3;20.8;18.5;18.3;86.0;84.0;86.0;176.0;10.9;3.6
2020/09/11;0200 UTC;0.0;955.0;955.5;955.0;;20.7;18.4;20.9;20.7;18.5;18.3;87.0;86.0;87.0;176.0;7.2;3.4
2020/09/11;0300 UTC;0.0;954.6;955.0;954.5;;20.7;18.6;20.8;20.6;18.6;18.4;88.0;87.0;88.0;175.0;6.4;2.7
2020/09/11;0400 UTC;0.0;953.8;954.6;953.8;;20.4;18.4;20.7;20.4;18.6;18.3;88.0;87.0;88.0;169.0;6.8;3.8
2020/09/11;0500 UTC;0.0;953.1;953.8;953.1;;20.2;18.3;20.4;20.2;18.4;18.2;88.0;88.0;88.0;180.0;6.8;2.3
2020/09/11;0600 UTC;0.0;953.2;953.3;953.1;;20.2;18.2;20.3;20.2;18.3;18.2;89.0;88.0;88.0;176.0;7.2;2.9
2020/09/11;0700 UTC;0.0;953.1;953.3;953.1;;19.7;17.9;20.2;19.7;18.2;17.9;89.0;88.0;89.0;172.0;6.5;2.6
2020/09/11;0800 UTC;0.0;953.4;953.4;953.1;;19.8;18.1;19.8;19.6;18.1;17.8;90.0;89.0;90.0;174.0;5.0;1.9
2020/09/11;0900 UTC;0.0;953.5;953.6;953.3;60.2;20.0;18.0;20.0;19.8;18.1;18.0;90.0;88.0;88.0;172.0;4.8;2.3
2020/09/11;1000 UTC;0.0;954.3;954.3;953.5;428.0;21.1;18.5;21.1;20.0;18.6;18.0;88.0;85.0;85.0;176.0;6.8;2.9
2020/09/11;1100 UTC;0.0;954.4;954.4;954.3;1709.1;23.3;18.2;23.4;21.2;19.2;17.9;85.0;73.0;73.0;174.0;7.8;4.1
2020/09/11;1200 UTC;0.0;954.3;954.5;954.3;2457.3;24.7;18.2;24.8;23.1;18.9;17.2;73.0;66.0;67.0;177.0;9.4;4.3
2020/09/11;1300 UTC;0.0;953.8;954.3;953.8;2826.4;25.1;17.6;26.3;24.4;18.5;17.2;67.0;60.0;63.0;176.0;9.3;3.6
2020/09/11;1400 UTC;0.0;952.9;953.8;952.9;3128.4;27.3;16.8;27.6;25.0;18.5;16.4;63.0;52.0;53.0;177.0;8.1;3.0
2020/09/11;1500 UTC;0.0;952.1;953.0;952.1;2752.8;26.7;15.8;28.1;26.5;17.6;15.8;55.0;50.0;51.0;183.0;8.7;4.2
2020/09/11;1600 UTC;0.0;951.3;952.1;951.3;2368.4;26.9;17.2;28.4;26.5;18.2;15.7;57.0;51.0;55.0;191.0;9.5;4.6
2020/09/11;1700 UTC;0.0;950.8;951.3;950.8;1637.2;27.5;17.4;28.1;26.4;17.4;16.5;56.0;51.0;54.0;178.0;8.4;3.4
2020/09/11;1800 UTC;0.0;951.0;951.0;950.7;1020.1;26.9;17.5;27.6;26.1;18.0;17.0;59.0;53.0;56.0;186.0;8.4;3.5
2020/09/11;1900 UTC;0.0;951.5;951.5;951.0;684.0;25.5;17.9;26.8;25.3;18.2;17.2;64.0;56.0;63.0;184.0;9.9;3.8
2020/09/11;2000 UTC;0.0;952.2;952.2;951.5;247.5;24.0;17.6;25.5;24.0;18.0;17.6;67.0;63.0;67.0;184.0;9.4;5.0
2020/09/11;2100 UTC;0.0;952.9;952.9;952.2;1.6;22.6;17.6;24.0;22.6;17.7;17.5;74.0;67.0;74.0;176.0;9.5;5.0
2020/09/11;2200 UTC;0.0;953.6;953.6;952.9;;21.7;17.6;22.6;21.7;17.6;17.5;78.0;74.0;78.0;180.0;9.5;5.2
2020/09/11;2300 UTC;0.0;954.1;954.1;953.6;;21.2;17.4;21.8;21.2;17.8;17.4;79.0;78.0;79.0;175.0;9.9;5.1
2020/09/12;0000 UTC;0.0;954.7;954.7;954.1;;20.4;17.2;21.3;20.4;17.5;17.1;82.0;78.0;82.0;171.0;9.9;3.7
2020/09/12;0100 UTC;0.0;954.8;954.9;954.7;;20.6;17.4;20.6;20.4;17.4;17.2;82.0;81.0;82.0;174.0;7.7;3.0
2020/09/12;0200 UTC;0.0;954.5;954.8;954.5;;20.5;17.4;20.6;20.4;17.5;17.3;83.0;82.0;82.0;174.0;7.0;2.3
2020/09/12;0300 UTC;0.0;954.1;954.5;954.1;;20.4;17.2;20.6;20.3;17.5;17.1;83.0;81.0;82.0;179.0;5.8;2.7
2020/09/12;0400 UTC;0.0;953.4;954.1;953.4;;20.1;16.9;20.4;20.1;17.2;16.8;83.0;81.0;82.0;178.0;7.1;3.2
2020/09/12;0500 UTC;0.0;953.1;953.4;953.1;;19.9;16.9;20.1;19.9;17.1;16.8;83.0;82.0;83.0;179.0;5.9;2.6
2020/09/12;0600 UTC;0.0;953.2;953.2;953.0;;19.4;16.8;19.9;19.4;16.9;16.7;85.0;83.0;85.0;181.0;4.8;1.6
2020/09/12;0700 UTC;0.0;953.1;953.2;953.1;;19.4;16.9;19.5;19.3;17.0;16.7;86.0;85.0;85.0;176.0;3.9;1.8
2020/09/12;0800 UTC;0.0;953.9;953.9;953.1;;19.5;17.2;19.6;19.4;17.2;16.9;87.0;85.0;87.0;179.0;4.3;1.7
2020/09/12;0900 UTC;0.0;954.1;954.1;953.9;97.1;20.0;17.5;20.0;19.5;17.5;17.2;87.0;86.0;86.0;172.0;3.8;2.0
2020/09/12;1000 UTC;0.0;954.6;954.6;954.1;772.8;21.2;17.2;21.4;20.0;17.9;17.2;86.0;78.0;78.0;176.0;9.8;4.5
2020/09/12;1100 UTC;0.0;955.2;955.2;954.6;1721.8;22.2;17.0;23.0;21.1;17.9;16.9;79.0;71.0;72.0;180.0;9.8;4.6
2020/09/12;1200 UTC;0.0;955.3;955.4;955.2;1926.0;24.4;17.4;24.7;21.5;18.2;16.9;79.0;64.0;65.0;172.0;10.4;4.6
2020/09/12;1300 UTC;0.0;954.9;955.3;954.9;2478.1;24.6;16.9;25.3;23.3;17.9;16.3;68.0;62.0;62.0;184.0;10.9;4.5
2020/09/12;1400 UTC;0.0;954.2;954.9;954.2;2472.8;25.6;16.1;26.7;24.3;17.3;16.1;63.0;55.0;56.0;179.0;9.7;4.8
2020/09/12;1500 UTC;0.0;953.3;954.2;953.3;3107.6;26.5;16.5;27.3;25.5;17.1;15.9;58.0;53.0;54.0;179.0;9.4;4.0
2020/09/12;1600 UTC;0.0;952.4;953.3;952.4;2271.1;26.7;15.7;27.3;25.8;16.7;15.3;55.0;49.0;51.0;176.0;9.0;4.2
2020/09/12;1700 UTC;0.0;951.7;952.4;951.7;2325.7;27.4;14.9;28.2;26.7;15.9;14.2;51.0;44.0;46.0;177.0;9.4;3.6
2020/09/12;1800 UTC;0.0;951.6;951.7;951.5;1513.1;26.2;16.2;28.0;25.9;16.6;14.9;55.0;46.0;54.0;178.0;10.9;3.6
2020/09/12;1900 UTC;0.0;951.8;951.8;951.6;926.7;25.9;16.1;27.1;25.8;16.4;15.7;55.0;51.0;55.0;176.0;8.7;4.1
2020/09/12;2000 UTC;0.0;952.4;952.4;951.8;293.1;24.4;16.5;26.1;24.3;16.5;15.9;62.0;54.0;61.0;178.0;10.1;4.2
2020/09/12;2100 UTC;0.0;953.1;953.1;952.4;1.6;22.9;16.4;24.4;22.9;16.6;16.4;67.0;61.0;67.0;177.0;8.6;3.6
2020/09/12;2200 UTC;0.0;953.9;953.9;953.1;;21.8;15.8;22.9;21.8;16.5;15.8;69.0;67.0;68.0;174.0;7.4;3.7
2020/09/12;2300 UTC;0.0;954.6;954.6;953.9;;21.0;16.2;21.8;21.0;16.2;15.7;74.0;68.0;74.0;175.0;7.7;3.6
2020/09/13;0000 UTC;0.0;955.1;955.1;954.6;;20.4;16.6;21.0;20.4;16.6;16.1;79.0;74.0;79.0;187.0;6.9;4.5
2020/09/13;0100 UTC;0.0;955.3;955.4;955.1;;20.2;17.4;20.4;20.2;17.4;16.7;84.0;79.0;84.0;175.0;7.5;3.6
2020/09/13;0200 UTC;0.0;955.3;955.5;955.2;;19.9;17.5;20.2;19.9;17.5;17.3;86.0;84.0;86.0;178.0;7.5;3.0
2020/09/13;0300 UTC;0.0;954.5;955.3;954.5;;19.5;17.4;19.9;19.5;17.5;17.4;87.0;86.0;87.0;176.0;5.9;2.2
2020/09/13;0400 UTC;0.0;954.1;954.5;954.1;;19.3;17.4;19.5;19.3;17.4;17.3;88.0;87.0;88.0;171.0;5.9;2.9
2020/09/13;0500 UTC;0.0;954.0;954.1;953.9;;19.2;17.5;19.3;19.2;17.6;17.3;90.0;88.0;90.0;172.0;5.8;2.6
2020/09/13;0600 UTC;0.0;954.0;954.0;953.9;;19.1;17.6;19.2;19.1;17.6;17.5;91.0;90.0;91.0;175.0;5.5;2.1
2020/09/13;0700 UTC;0.0;954.2;954.2;953.9;;19.3;17.7;19.4;19.1;17.7;17.6;91.0;90.0;90.0;174.0;4.9;2.2
2020/09/13;0800 UTC;0.0;954.8;954.8;954.2;;19.5;17.8;19.6;19.3;17.8;17.6;90.0;90.0;90.0;175.0;5.6;2.5
2020/09/13;0900 UTC;0.0;955.1;955.1;954.8;104.2;19.5;17.8;19.5;19.3;17.9;17.7;91.0;90.0;90.0;175.0;6.4;3.0
2020/09/13;1000 UTC;0.0;955.8;955.8;955.1;695.3;21.5;18.7;21.5;19.5;18.8;17.8;90.0;84.0;84.0;175.0;7.3;3.2
2020/09/13;1100 UTC;0.0;956.3;956.3;955.7;1653.2;23.1;16.3;23.2;21.0;18.3;16.1;84.0;65.0;65.0;174.0;11.3;4.8
2020/09/13;1200 UTC;0.0;956.4;956.4;956.3;2149.3;23.9;15.8;24.6;22.5;16.9;15.5;68.0;60.0;61.0;177.0;10.4;4.0
2020/09/13;1300 UTC;0.0;955.9;956.4;955.9;2981.5;25.3;15.5;25.8;23.7;16.2;15.2;61.0;53.0;54.0;188.0;9.6;4.7
2020/09/13;1400 UTC;0.0;955.1;956.0;955.1;3274.2;25.9;14.7;27.5;24.9;16.4;14.5;55.0;49.0;50.0;177.0;9.6;4.0
2020/09/13;1500 UTC;0.0;954.1;955.1;954.1;3049.7;27.7;15.0;28.2;25.9;15.3;13.8;51.0;43.0;46.0;179.0;9.2;3.6
2020/09/13;1600 UTC;0.0;953.5;954.1;953.5;2706.5;28.0;13.7;29.2;26.9;15.5;13.7;48.0;41.0;42.0;183.0;8.7;3.8
2020/09/13;1700 UTC;0.0;953.0;953.5;953.0;2938.8;29.7;14.9;29.8;27.8;15.1;13.1;43.0;39.0;41.0;177.0;10.6;3.5
2020/09/13;1800 UTC;0.0;953.1;953.2;952.9;1760.2;27.4;15.5;29.6;27.1;15.6;14.3;48.0;41.0;48.0;182.0;10.6;5.7
2020/09/13;1900 UTC;0.0;953.4;953.4;953.0;1101.3;25.8;16.1;27.4;25.8;16.5;15.2;55.0;48.0;55.0;187.0;9.9;5.7
2020/09/13;2000 UTC;0.0;954.1;954.1;953.4;316.7;24.5;16.8;26.2;24.4;16.8;15.6;62.0;53.0;62.0;192.0;9.4;4.4
2020/09/13;2100 UTC;0.0;954.8;954.8;954.1;;23.0;16.9;24.5;23.0;16.9;16.7;69.0;62.0;69.0;191.0;9.4;4.8
2020/09/13;2200 UTC;0.0;955.5;955.5;954.8;;21.9;17.0;23.0;21.9;17.1;16.9;74.0;69.0;74.0;189.0;9.4;3.7
2020/09/13;2300 UTC;0.0;955.9;955.9;955.5;;20.9;17.6;21.9;20.9;17.7;17.1;81.0;74.0;81.0;199.0;8.0;4.9
2020/09/14;0000 UTC;0.0;956.3;956.3;955.9;;20.2;17.9;21.0;20.2;17.9;17.7;86.0;81.0;86.0;194.0;7.5;3.8
2020/09/14;0100 UTC;0.0;956.5;956.6;956.3;;20.1;18.1;20.2;20.1;18.1;17.9;88.0;87.0;88.0;191.0;6.3;2.8
2020/09/14;0200 UTC;0.0;956.0;956.5;956.0;;19.6;17.9;20.1;19.6;18.1;17.9;90.0;88.0;90.0;180.0;4.6;2.5
2020/09/14;0300 UTC;0.0;955.5;956.0;955.5;;19.4;17.9;19.7;19.4;17.9;17.9;91.0;90.0;91.0;190.0;4.6;2.7
2020/09/14;0400 UTC;0.0;955.0;955.5;955.0;;19.3;17.9;19.4;19.3;18.0;17.9;92.0;91.0;92.0;197.0;4.9;1.7
2020/09/14;0500 UTC;0.0;954.6;955.0;954.5;;19.3;18.0;19.4;19.2;18.0;17.8;92.0;91.0;92.0;174.0;2.7;1.0
2020/09/14;0600 UTC;0.0;954.6;954.7;954.5;;19.4;18.1;19.5;19.3;18.1;18.0;92.0;92.0;92.0;177.0;2.8;0.8
2020/09/14;0700 UTC;0.0;954.9;954.9;954.6;;19.4;18.2;19.5;19.4;18.3;18.1;93.0;92.0;93.0;181.0;2.9;1.6
2020/09/14;0800 UTC;0.0;955.2;955.2;954.8;;19.3;18.2;19.6;19.2;18.4;18.2;94.0;93.0;94.0;179.0;3.2;1.5
2020/09/14;0900 UTC;0.0;955.7;955.7;955.2;59.7;19.3;18.3;19.5;19.2;18.5;18.2;94.0;94.0;94.0;176.0;3.3;1.7
2020/09/14;1000 UTC;2.2;956.5;956.5;955.7;232.8;19.5;18.9;19.5;19.0;19.0;18.2;97.0;94.0;97.0;174.0;4.6;2.3
2020/09/14;1100 UTC;1.0;957.2;957.2;956.5;505.5;19.3;18.8;19.7;19.0;19.3;18.5;98.0;96.0;97.0;184.0;8.5;4.6
2020/09/14;1200 UTC;2.0;957.7;957.7;957.2;753.6;19.3;18.9;19.7;19.2;19.4;18.8;98.0;97.0;97.0;193.0;11.4;5.1
2020/09/14;1300 UTC;0.0;957.2;957.7;957.2;1429.2;20.9;19.5;21.7;19.3;20.9;19.0;98.0;92.0;92.0;178.0;11.4;3.4
2020/09/14;1400 UTC;0.6;956.8;957.2;956.8;1153.5;20.2;18.8;22.8;20.2;21.3;18.7;93.0;87.0;91.0;186.0;7.2;4.3
2020/09/14;1500 UTC;2.8;955.8;956.8;955.8;1700.3;21.7;19.8;21.7;19.2;20.4;18.3;96.0;89.0;89.0;182.0;10.1;4.1
2020/09/14;1600 UTC;0.0;954.7;955.8;954.7;2401.4;21.4;19.2;23.8;20.8;20.3;17.7;89.0;76.0;87.0;177.0;12.1;3.4
2020/09/14;1700 UTC;0.2;954.0;954.7;954.0;1965.2;23.6;17.9;23.8;21.4;19.7;17.4;87.0;69.0;70.0;181.0;10.6;5.3
2020/09/14;1800 UTC;0.0;953.7;954.0;953.6;1780.9;24.0;18.4;24.4;23.1;18.9;17.6;73.0;69.0;71.0;191.0;10.6;4.7
2020/09/14;1900 UTC;0.0;953.7;953.7;953.5;1321.3;24.0;17.8;24.5;23.9;18.8;17.6;72.0;68.0;69.0;202.0;9.8;5.8
2020/09/14;2000 UTC;0.0;954.1;954.1;953.7;401.2;23.3;17.7;24.1;23.3;18.0;17.6;71.0;68.0;71.0;191.0;10.2;3.9
2020/09/14;2100 UTC;0.0;954.5;954.6;954.1;0.2;22.4;17.9;23.3;22.3;17.9;17.6;76.0;71.0;76.0;193.0;8.1;4.0
2020/09/14;2200 UTC;0.0;955.4;955.4;954.5;;21.3;18.5;22.4;21.3;18.5;17.9;84.0;76.0;84.0;195.0;6.9;3.2
2020/09/14;2300 UTC;0.0;955.7;955.7;955.4;;20.7;18.9;21.3;20.7;18.9;18.5;90.0;84.0;90.0;188.0;7.2;3.2
2020/09/15;0000 UTC;0.0;956.3;956.3;955.7;;20.5;19.0;20.6;20.5;19.0;18.9;91.0;90.0;91.0;177.0;5.9;2.6
2020/09/15;0100 UTC;0.0;956.5;956.5;956.3;;20.2;19.1;20.6;20.2;19.1;19.0;93.0;91.0;93.0;185.0;5.4;3.1
2020/09/15;0200 UTC;0.0;956.1;956.5;956.0;;20.0;19.0;20.2;20.0;19.1;19.0;94.0;93.0;94.0;197.0;5.3;2.7
2020/09/15;0300 UTC;0.0;955.5;956.1;955.5;;19.8;19.0;20.0;19.8;19.1;18.9;95.0;94.0;95.0;181.0;4.6;2.2
2020/09/15;0400 UTC;0.0;954.8;955.5;954.8;;19.4;18.7;19.8;19.4;19.0;18.7;96.0;95.0;96.0;178.0;4.3;1.8
2020/09/15;0500 UTC;0.0;954.3;954.8;954.3;;19.5;18.8;19.5;19.3;18.8;18.7;96.0;96.0;96.0;168.0;4.5;1.9
2020/09/15;0600 UTC;0.0;954.3;954.3;954.2;;19.7;19.0;19.8;19.5;19.1;18.8;96.0;95.0;95.0;178.0;4.3;1.4
2020/09/15;0700 UTC;0.0;954.4;954.4;954.3;;19.6;18.9;19.8;19.5;19.1;18.9;96.0;95.0;96.0;173.0;7.2;2.4
2020/09/15;0800 UTC;0.0;954.8;954.8;954.3;;19.3;18.8;19.6;19.3;19.0;18.8;97.0;96.0;97.0;167.0;4.9;3.1
2020/09/15;0900 UTC;0.0;955.2;955.3;954.8;96.9;19.6;19.1;19.6;19.3;19.1;18.8;97.0;97.0;97.0;183.0;4.9;2.2
2020/09/15;1000 UTC;0.2;955.7;955.7;955.2;444.4;19.7;18.9;20.3;19.5;19.6;18.7;97.0;94.0;95.0;187.0;10.2;4.5
2020/09/15;1100 UTC;0.0;955.9;955.9;955.7;1442.3;21.9;19.7;22.0;19.7;20.3;18.8;95.0;87.0;87.0;186.0;10.2;3.5
2020/09/15;1200 UTC;0.0;956.2;956.2;955.8;2037.6;23.2;18.7;23.4;22.0;20.0;18.2;87.0;75.0;76.0;177.0;10.4;3.9
2020/09/15;1300 UTC;0.0;955.6;956.2;955.6;3034.4;25.7;17.6;26.1;23.2;19.1;17.5;76.0;61.0;61.0;175.0;10.1;4.7
2020/09/15;1400 UTC;0.0;954.9;955.6;954.9;2681.2;26.9;18.4;27.2;25.1;19.1;17.2;65.0;60.0;60.0;184.0;9.9;3.6
2020/09/15;1500 UTC;0.0;954.0;954.9;954.0;3003.9;26.3;19.1;28.1;25.7;19.1;17.5;65.0;55.0;65.0;185.0;9.1;5.0
2020/09/15;1600 UTC;0.0;953.0;954.0;952.9;2827.9;26.6;18.6;27.6;25.8;19.8;17.7;65.0;58.0;61.0;186.0;11.3;5.9
2020/09/15;1700 UTC;0.0;952.5;953.0;952.4;2313.7;27.8;18.8;27.8;26.1;19.3;18.0;64.0;57.0;58.0;175.0;11.4;4.1
2020/09/15;1800 UTC;0.0;952.3;952.5;952.2;1621.0;26.5;18.5;28.1;26.1;19.3;17.7;63.0;57.0;62.0;187.0;10.2;4.5
2020/09/15;1900 UTC;0.0;952.7;952.7;952.3;980.6;25.4;18.3;27.3;25.3;18.7;17.8;65.0;57.0;65.0;194.0;10.2;5.1
2020/09/15;2000 UTC;0.0;953.1;953.1;952.7;244.0;24.4;18.5;25.6;24.4;18.8;18.3;70.0;65.0;70.0;192.0;8.9;4.5
2020/09/15;2100 UTC;0.0;953.5;953.6;953.1;1.6;23.3;18.4;24.4;23.3;18.5;18.2;74.0;70.0;74.0;196.0;10.5;5.8
2020/09/15;2200 UTC;0.0;954.3;954.3;953.5;;22.1;18.7;23.3;22.1;18.7;18.3;81.0;74.0;81.0;191.0;10.5;4.2
2020/09/15;2300 UTC;0.0;954.8;954.9;954.3;;21.2;18.4;22.1;21.2;18.7;18.4;84.0;81.0;84.0;179.0;7.1;3.4
2020/09/16;0000 UTC;0.0;955.5;955.5;954.8;;20.7;18.3;21.2;20.7;18.5;18.2;86.0;84.0;86.0;176.0;5.9;3.1
2020/09/16;0100 UTC;0.0;955.7;955.7;955.5;;20.4;18.3;20.7;20.4;18.3;18.2;87.0;86.0;87.0;179.0;6.0;3.2
2020/09/16;0200 UTC;0.0;955.3;955.7;955.3;;20.3;18.4;20.5;20.2;18.4;18.2;89.0;87.0;89.0;180.0;6.3;2.8
2020/09/16;0300 UTC;0.0;954.5;955.3;954.5;;20.2;18.5;20.4;20.2;18.5;18.4;90.0;89.0;90.0;190.0;6.1;3.1
2020/09/16;0400 UTC;0.0;953.8;954.5;953.8;;20.1;18.7;20.2;20.1;18.7;18.5;92.0;90.0;91.0;189.0;4.9;2.9
2020/09/16;0500 UTC;0.0;953.4;953.8;953.4;;20.1;18.9;20.2;19.9;18.9;18.6;93.0;91.0;93.0;178.0;5.0;2.6
2020/09/16;0600 UTC;0.0;953.2;953.4;953.2;;20.0;18.8;20.2;19.9;18.9;18.7;93.0;92.0;93.0;196.0;4.8;2.4
2020/09/16;0700 UTC;0.0;953.2;953.3;953.1;;19.9;18.9;20.0;19.9;18.9;18.8;93.0;93.0;93.0;183.0;4.9;2.7
2020/09/16;0800 UTC;0.0;953.6;953.6;953.2;;19.8;18.9;20.0;19.8;19.0;18.7;95.0;93.0;95.0;196.0;4.8;2.0
2020/09/16;0900 UTC;0.6;954.1;954.1;953.6;99.0;19.8;19.2;19.9;19.6;19.3;18.9;97.0;95.0;96.0;180.0;5.1;1.4
2020/09/16;1000 UTC;0.0;954.6;954.6;954.1;613.4;20.7;19.8;20.8;19.8;20.0;19.2;97.0;94.0;94.0;175.0;6.0;2.8
2020/09/16;1100 UTC;0.0;955.1;955.1;954.6;1229.0;22.8;19.2;23.1;20.8;20.2;19.2;95.0;80.0;80.0;176.0;8.0;2.9
2020/09/16;1200 UTC;0.6;956.0;956.0;955.1;1000.3;20.2;19.0;23.2;20.1;19.3;18.2;94.0;76.0;93.0;180.0;11.3;5.4
2020/09/16;1300 UTC;0.0;955.9;956.2;955.9;1568.3;22.0;20.2;22.3;20.2;20.8;19.1;95.0;89.0;89.0;178.0;11.3;2.7
2020/09/16;1400 UTC;0.0;954.7;956.0;954.7;2284.1;25.5;19.9;25.5;22.0;21.0;19.6;90.0;71.0;71.0;175.0;7.8;3.2
2020/09/16;1500 UTC;0.0;953.6;954.7;953.6;2183.0;24.7;20.1;26.0;23.1;21.2;18.6;81.0;66.0;75.0;187.0;10.2;3.8
2020/09/16;1600 UTC;0.0;952.8;953.6;952.8;2431.6;26.0;18.0;26.6;24.5;20.5;18.0;76.0;61.0;61.0;178.0;8.9;4.4
2020/09/16;1700 UTC;0.0;952.3;952.8;952.2;1668.5;24.4;18.7;26.8;24.4;18.7;17.6;71.0;59.0;71.0;174.0;10.1;5.2
2020/09/16;1800 UTC;0.0;952.2;952.4;952.2;603.1;23.3;18.5;24.4;22.9;19.2;18.1;75.0;71.0;74.0;191.0;10.7;3.6
2020/09/16;1900 UTC;0.0;952.2;952.2;952.0;476.0;23.6;19.5;23.9;23.2;19.5;18.4;78.0;74.0;78.0;185.0;7.5;3.7
2020/09/16;2000 UTC;0.0;952.3;952.4;952.2;277.1;22.9;19.4;23.7;22.9;19.6;19.2;81.0;77.0;81.0;205.0;7.6;3.2
2020/09/16;2100 UTC;0.0;952.8;952.8;952.3;1.1;22.0;18.4;22.9;22.0;19.4;18.3;81.0;80.0;80.0;179.0;8.6;4.1
2020/09/16;2200 UTC;0.0;953.6;953.6;952.8;;21.3;17.8;22.0;21.3;18.3;17.8;81.0;79.0;81.0;184.0;7.9;3.1
2020/09/16;2300 UTC;0.0;954.0;954.0;953.6;;20.8;18.0;21.3;20.8;18.0;17.8;84.0;81.0;84.0;202.0;5.5;3.5
2020/09/17;0000 UTC;0.0;954.6;954.6;954.0;;20.6;17.8;20.9;20.6;18.0;17.8;84.0;84.0;84.0;176.0;6.6;2.8
2020/09/17;0100 UTC;0.0;955.2;955.2;954.6;;20.3;17.3;20.6;20.3;17.8;17.3;84.0;83.0;83.0;184.0;5.4;3.0
2020/09/17;0200 UTC;0.0;955.0;955.2;955.0;;19.7;17.0;20.3;19.7;17.3;17.0;84.0;83.0;84.0;176.0;4.9;1.8
2020/09/17;0300 UTC;0.0;954.2;955.0;954.2;;19.5;17.0;19.7;19.5;17.0;16.9;86.0;84.0;86.0;180.0;4.2;2.6
2020/09/17;0400 UTC;0.0;953.6;954.2;953.6;;19.2;17.0;19.6;19.2;17.1;16.9;87.0;86.0;87.0;170.0;4.2;2.0
2020/09/17;0500 UTC;0.0;953.2;953.6;953.1;;18.9;17.0;19.2;18.9;17.0;16.8;89.0;87.0;89.0;180.0;4.1;1.5
2020/09/17;0600 UTC;0.0;953.1;953.3;953.1;;18.5;16.9;18.9;18.5;17.0;16.9;91.0;89.0;91.0;179.0;3.8;1.8
2020/09/17;0700 UTC;0.0;953.3;953.3;953.0;;17.8;16.6;18.5;17.8;17.0;16.6;93.0;91.0;93.0;175.0;3.5;0.4
2020/09/17;0800 UTC;0.0;954.0;954.1;953.3;;17.8;16.8;18.0;17.8;16.9;16.6;94.0;93.0;94.0;177.0;2.3;1.1
2020/09/17;0900 UTC;0.0;954.4;954.5;954.0;229.1;18.5;17.5;18.5;17.4;17.5;16.4;95.0;93.0;94.0;182.0;2.1;0.6
2020/09/17;1000 UTC;0.0;955.0;955.0;954.4;1099.2;20.5;17.8;20.5;18.5;18.3;17.4;94.0;84.0;85.0;177.0;4.0;2.2
2020/09/17;1100 UTC;0.0;955.3;955.4;955.0;2008.2;22.8;16.6;22.9;20.4;17.7;16.5;85.0;68.0;68.0;177.0;6.7;3.2
2020/09/17;1200 UTC;0.0;955.4;955.5;955.3;2545.1;24.4;16.7;24.8;22.6;17.3;16.3;69.0;61.0;62.0;174.0;7.1;2.7
2020/09/17;1300 UTC;0.0;954.8;955.4;954.8;3334.2;26.0;16.4;26.0;24.0;17.3;15.4;63.0;54.0;55.0;187.0;7.8;3.9
2020/09/17;1400 UTC;0.0;953.7;954.8;953.7;3666.1;27.9;15.5;27.9;25.5;16.9;14.7;56.0;45.0;47.0;182.0;9.0;3.0
2020/09/17;1500 UTC;0.0;952.5;953.7;952.5;3753.8;28.7;15.8;29.2;26.9;16.3;14.3;48.0;43.0;46.0;168.0;7.1;2.1
2020/09/17;1600 UTC;0.0;951.7;952.5;951.7;3356.1;28.3;15.2;29.4;27.8;16.2;14.8;47.0;43.0;45.0;181.0;8.4;3.2
2020/09/17;1700 UTC;0.0;950.9;951.7;950.8;2932.2;29.0;15.5;29.4;27.8;15.9;14.4;47.0;41.0;44.0;178.0;8.1;3.8
2020/09/17;1800 UTC;0.0;950.9;950.9;950.7;2222.2;28.6;15.2;29.3;28.5;15.9;14.8;45.0;43.0;44.0;184.0;9.6;3.7
2020/09/17;1900 UTC;0.0;951.0;951.0;950.8;1191.2;27.2;17.1;29.0;27.1;17.1;15.0;54.0;43.0;54.0;192.0;9.3;5.5
2020/09/17;2000 UTC;0.0;951.4;951.4;951.0;313.7;25.1;17.3;27.2;25.1;17.5;16.9;62.0;54.0;62.0;191.0;10.8;4.5
2020/09/17;2100 UTC;0.0;952.2;952.2;951.4;0.8;23.5;16.9;25.1;23.5;17.5;16.7;66.0;62.0;66.0;196.0;10.6;4.7
2020/09/17;2200 UTC;0.0;953.1;953.1;952.1;;22.0;17.3;23.4;22.0;17.3;16.8;74.0;67.0;74.0;196.0;9.5;5.4
2020/09/17;2300 UTC;0.0;954.0;954.0;953.1;;21.0;17.4;22.0;21.0;17.6;17.3;80.0;75.0;80.0;190.0;9.5;4.0
2020/09/18;0000 UTC;0.0;954.5;954.5;954.0;;20.4;17.8;21.0;20.4;17.8;17.4;85.0;80.0;85.0;195.0;7.4;3.4
2020/09/18;0100 UTC;0.0;954.5;954.6;954.5;;19.9;18.1;20.4;19.9;18.1;17.8;90.0;85.0;90.0;199.0;7.2;4.2
2020/09/18;0200 UTC;0.0;954.3;954.6;954.3;;19.8;18.4;19.9;19.7;18.4;18.1;92.0;90.0;92.0;183.0;6.6;2.6
2020/09/18;0300 UTC;0.0;953.6;954.3;953.6;;19.4;18.1;19.8;19.4;18.4;18.1;92.0;91.0;92.0;180.0;4.1;1.7
2020/09/18;0400 UTC;0.0;953.0;953.6;953.0;;19.2;17.8;19.4;19.2;18.1;17.8;92.0;92.0;92.0;175.0;3.4;1.6
2020/09/18;0500 UTC;0.0;952.7;953.1;952.7;;18.9;17.6;19.2;18.9;17.8;17.5;92.0;92.0;92.0;180.0;3.7;1.4
2020/09/18;0600 UTC;0.0;952.7;952.8;952.7;;18.9;17.6;18.9;18.8;17.7;17.5;93.0;92.0;92.0;180.0;3.1;1.4
2020/09/18;0700 UTC;0.0;952.9;952.9;952.7;;18.8;17.7;18.9;18.7;17.7;17.5;93.0;92.0;93.0;177.0;2.9;1.0
2020/09/18;0800 UTC;0.0;953.3;953.3;952.9;;18.7;17.7;18.9;18.6;17.7;17.7;94.0;93.0;94.0;182.0;2.9;1.2
2020/09/18;0900 UTC;0.0;954.2;954.2;953.3;214.9;19.3;18.3;19.3;18.5;18.3;17.6;95.0;94.0;94.0;177.0;3.1;1.6
2020/09/18;1000 UTC;0.0;954.6;954.7;954.2;1021.4;21.2;18.9;21.2;19.3;19.1;18.3;94.0;87.0;87.0;179.0;5.1;2.4
2020/09/18;1100 UTC;0.0;955.2;955.2;954.6;1707.0;22.9;17.8;23.1;21.1;19.5;17.7;87.0;73.0;73.0;183.0;6.0;2.6
2020/09/18;1200 UTC;0.0;955.1;955.3;955.1;2784.2;25.1;17.7;25.1;22.7;18.8;17.1;74.0;63.0;64.0;180.0;8.3;2.7
2020/09/18;1300 UTC;0.0;954.4;955.1;954.4;3135.5;26.7;17.7;26.7;24.9;17.9;16.9;64.0;58.0;58.0;176.0;6.5;3.0
2020/09/18;1400 UTC;0.0;953.5;954.4;953.5;3591.4;28.3;17.1;28.4;26.3;18.2;15.9;57.0;49.0;51.0;173.0;7.5;2.3
2020/09/18;1500 UTC;0.0;952.6;953.5;952.6;3690.5;28.3;15.8;29.5;27.6;17.2;15.0;51.0;44.0;47.0;176.0;7.3;2.7
2020/09/18;1600 UTC;0.0;951.6;952.6;951.6;3460.1;30.3;16.2;30.3;28.3;16.6;14.9;47.0;42.0;43.0;155.0;7.0;2.2
2020/09/18;1700 UTC;0.0;950.9;951.6;950.9;2678.4;29.8;15.4;31.0;29.1;16.2;14.4;43.0;38.0;42.0;195.0;6.3;3.1
2020/09/18;1800 UTC;0.0;950.7;950.9;950.6;1590.2;29.5;16.1;30.5;29.1;16.1;15.0;44.0;40.0;44.0;177.0;6.2;3.0
2020/09/18;1900 UTC;0.0;950.8;950.8;950.6;1225.6;28.5;17.0;29.6;28.5;17.0;15.8;50.0;44.0;50.0;177.0;7.9;3.7
2020/09/18;2000 UTC;0.0;951.4;951.4;950.8;298.2;25.0;18.8;28.5;25.0;18.8;17.1;68.0;50.0;68.0;192.0;12.5;6.6
2020/09/18;2100 UTC;0.0;952.3;952.3;951.4;0.7;23.1;18.7;25.0;23.1;18.9;18.7;76.0;68.0;76.0;196.0;11.1;6.0
2020/09/18;2200 UTC;0.0;953.1;953.1;952.3;;22.1;18.7;23.1;22.1;18.9;18.7;81.0;76.0;81.0;195.0;10.8;6.5
2020/09/18;2300 UTC;0.0;954.0;954.0;953.1;;21.6;19.0;22.1;21.5;19.2;18.6;86.0;81.0;85.0;199.0;10.9;6.4
2020/09/19;0000 UTC;0.0;954.6;954.7;954.0;;21.3;19.2;21.6;21.2;19.2;18.9;88.0;85.0;88.0;193.0;9.8;5.0
2020/09/19;0100 UTC;0.0;954.7;954.8;954.6;;21.1;19.2;21.4;21.0;19.2;19.0;89.0;87.0;89.0;192.0;9.5;4.4
2020/09/19;0200 UTC;0.0;954.2;954.7;954.2;;20.7;19.2;21.1;20.7;19.3;19.1;91.0;89.0;91.0;197.0;8.1;4.5
2020/09/19;0300 UTC;0.0;953.8;954.2;953.7;;20.7;19.3;20.8;20.6;19.3;19.1;91.0;91.0;91.0;185.0;7.5;4.1
2020/09/19;0400 UTC;0.0;953.2;953.8;953.2;;20.5;19.3;20.8;20.4;19.4;19.1;93.0;91.0;93.0;190.0;8.8;4.4
2020/09/19;0500 UTC;0.0;952.9;953.3;952.8;;20.4;19.3;20.6;20.3;19.4;19.2;94.0;93.0;94.0;189.0;9.7;4.2
2020/09/19;0600 UTC;0.0;952.9;952.9;952.8;;20.5;19.3;20.5;20.3;19.4;19.2;94.0;93.0;93.0;194.0;8.5;3.2
2020/09/19;0700 UTC;0.0;952.9;952.9;952.8;;20.3;19.1;20.5;20.3;19.3;19.1;93.0;93.0;93.0;194.0;7.5;3.9
2020/09/19;0800 UTC;0.0;953.3;953.3;952.9;;20.3;19.2;20.3;20.2;19.3;19.1;94.0;93.0;94.0;197.0;7.3;3.5
2020/09/19;0900 UTC;0.0;953.9;953.9;953.3;154.3;20.6;19.6;20.6;20.2;19.6;19.1;94.0;93.0;94.0;202.0;6.7;3.2
2020/09/19;1000 UTC;0.0;954.6;954.6;953.9;581.4;21.5;19.5;21.5;20.5;19.8;19.3;94.0;88.0;88.0;188.0;8.1;3.8
2020/09/19;1100 UTC;0.0;954.8;954.8;954.6;1607.7;23.6;18.5;23.6;21.5;19.6;18.3;88.0;73.0;73.0;183.0;8.9;4.3
2020/09/19;1200 UTC;0.0;955.1;955.1;954.8;2094.6;24.8;18.2;24.9;23.5;19.2;17.5;74.0;66.0;67.0;165.0;7.7;3.6
2020/09/19;1300 UTC;0.0;954.3;955.1;954.3;2611.5;26.3;17.5;26.9;24.7;18.7;17.2;68.0;58.0;58.0;196.0;7.8;3.6
2020/09/19;1400 UTC;0.0;953.5;954.3;953.5;3317.7;28.3;17.7;28.3;25.9;18.4;17.0;60.0;52.0;52.0;180.0;7.8;3.2
2020/09/19;1500 UTC;0.0;952.5;953.5;952.5;3589.4;29.3;16.7;30.0;27.2;18.0;16.4;54.0;47.0;47.0;179.0;7.1;3.2
2020/09/19;1600 UTC;0.0;951.5;952.5;951.5;3002.9;29.3;15.6;29.6;28.4;17.2;15.6;49.0;43.0;43.0;179.0;6.8;2.7
2020/09/19;1700 UTC;0.0;950.9;951.5;950.9;2921.6;29.3;15.7;30.4;28.6;16.9;15.2;46.0;42.0;44.0;236.0;7.5;3.3
2020/09/19;1800 UTC;0.0;950.7;950.9;950.6;1824.8;28.8;17.5;30.3;28.5;17.5;15.7;51.0;43.0;50.0;169.0;8.9;4.5
2020/09/19;1900 UTC;0.0;951.1;951.1;950.6;1098.6;27.0;18.4;29.4;27.0;18.4;17.0;59.0;49.0;59.0;298.0;11.5;5.4
2020/09/19;2000 UTC;0.0;951.4;951.5;951.0;323.5;24.6;18.4;27.1;24.6;18.8;18.3;69.0;59.0;69.0;201.0;12.5;6.7
2020/09/19;2100 UTC;0.0;952.2;952.2;951.4;1.0;23.1;18.4;24.5;23.1;18.6;18.4;75.0;69.0;75.0;195.0;12.8;6.2
2020/09/19;2200 UTC;0.0;953.1;953.1;952.2;;22.3;18.2;23.1;22.3;18.6;18.1;78.0;75.0;78.0;185.0;12.3;6.2
2020/09/19;2300 UTC;0.0;953.9;953.9;953.1;;21.6;18.4;22.4;21.6;18.4;18.1;82.0;78.0;82.0;194.0;10.3;5.6
2020/09/20;0000 UTC;0.0;954.5;954.5;953.9;;21.6;18.6;21.8;21.6;19.0;18.4;84.0;82.0;83.0;196.0;9.4;4.8
2020/09/20;0100 UTC;0.0;954.8;954.8;954.5;;21.6;18.9;21.7;21.5;19.0;18.6;85.0;83.0;85.0;187.0;9.5;3.7
2020/09/20;0200 UTC;0.0;954.5;954.9;954.5;;21.3;19.1;21.6;21.3;19.1;18.9;87.0;85.0;87.0;190.0;7.9;4.6
2020/09/20;0300 UTC;0.0;953.9;954.5;953.9;;21.3;19.3;21.4;21.2;19.3;19.0;89.0;87.0;89.0;188.0;7.8;3.7
2020/09/20;0400 UTC;0.0;953.4;953.9;953.4;;21.1;19.4;21.3;21.1;19.5;19.3;90.0;89.0;90.0;167.0;7.0;3.7
2020/09/20;0500 UTC;0.0;953.3;953.5;953.3;;20.9;19.6;21.1;20.8;19.6;19.3;92.0;90.0;92.0;167.0;7.4;3.5
2020/09/20;0600 UTC;0.0;953.2;953.4;953.2;;20.7;19.6;20.9;20.7;19.7;19.5;93.0;92.0;93.0;172.0;7.4;3.6
2020/09/20;0700 UTC;0.0;953.2;953.3;953.1;;20.6;19.7;20.8;20.5;19.7;19.6;95.0;93.0;95.0;171.0;6.5;3.7
2020/09/20;0800 UTC;0.0;953.3;953.4;953.1;;20.7;19.7;20.8;20.6;19.8;19.7;95.0;94.0;94.0;217.0;6.0;3.3
2020/09/20;0900 UTC;0.0;953.6;953.6;953.3;118.2;20.8;19.9;20.9;20.6;19.9;19.7;95.0;94.0;94.0;180.0;8.1;4.3
2020/09/20;1000 UTC;0.0;954.1;954.1;953.6;717.5;22.1;19.6;22.2;20.8;20.2;19.5;95.0;86.0;86.0;173.0;8.4;4.9
2020/09/20;1100 UTC;0.0;954.9;954.9;954.1;1340.5;23.6;18.4;23.9;22.1;19.7;18.1;86.0;72.0;73.0;187.0;8.7;4.5
2020/09/20;1200 UTC;0.0;954.8;954.9;954.7;1557.7;24.4;17.9;25.0;23.6;19.1;17.8;73.0;66.0;67.0;193.0;7.8;4.3
2020/09/20;1300 UTC;0.0;954.1;954.7;954.1;2382.3;26.4;18.3;26.6;24.3;19.1;17.8;68.0;60.0;61.0;182.0;8.8;3.6
2020/09/20;1400 UTC;0.0;953.1;954.1;953.1;2858.5;27.8;18.2;28.0;26.1;19.1;17.6;63.0;55.0;56.0;126.0;7.4;4.0
2020/09/20;1500 UTC;0.0;952.2;953.1;952.2;2659.5;28.6;18.1;28.8;26.9;19.2;17.6;58.0;53.0;53.0;195.0;7.8;3.9
2020/09/20;1600 UTC;0.0;951.2;952.2;951.2;2752.5;29.3;18.3;29.9;27.7;19.0;17.1;56.0;49.0;52.0;236.0;7.5;3.4
2020/09/20;1700 UTC;0.0;950.6;951.2;950.6;1830.8;28.6;17.7;29.2;27.7;18.6;17.6;55.0;51.0;52.0;174.0;8.7;4.3
2020/09/20;1800 UTC;0.0;950.5;950.6;950.4;2318.7;28.9;18.8;29.6;28.3;18.8;17.9;55.0;51.0;55.0;358.0;9.6;4.0
2020/09/20;1900 UTC;0.0;950.7;950.7;950.4;1279.9;26.8;18.8;28.9;26.7;19.3;18.3;62.0;54.0;62.0;158.0;9.5;4.7
2020/09/20;2000 UTC;0.0;951.1;951.1;950.6;320.4;24.5;18.7;26.8;24.4;19.2;18.6;70.0;62.0;70.0;169.0;10.3;5.7
2020/09/20;2100 UTC;0.0;951.7;951.7;951.1;;23.6;17.9;24.5;23.6;18.6;17.8;70.0;69.0;70.0;172.0;10.3;5.7
2020/09/20;2200 UTC;0.0;952.3;952.3;951.7;;22.5;18.7;23.6;22.5;18.7;17.9;79.0;70.0;79.0;148.0;10.8;5.7
2020/09/20;2300 UTC;0.0;953.1;953.1;952.3;;21.7;19.1;22.6;21.7;19.1;18.7;85.0;79.0;85.0;155.0;12.2;6.0
2020/09/21;0000 UTC;0.0;953.5;953.5;953.1;;21.3;19.4;21.7;21.3;19.4;19.1;89.0;85.0;89.0;178.0;10.0;4.8
2020/09/21;0100 UTC;0.0;953.6;953.7;953.5;;21.0;19.5;21.4;21.0;19.6;19.3;91.0;89.0;91.0;177.0;9.1;4.9
2020/09/21;0200 UTC;0.0;953.2;953.6;953.1;;21.0;19.7;21.1;20.9;19.7;19.5;92.0;91.0;92.0;180.0;9.0;4.2
2020/09/21;0300 UTC;0.0;953.0;953.2;953.0;;21.0;19.6;21.1;20.9;19.8;19.6;92.0;92.0;92.0;155.0;8.8;5.1
2020/09/21;0400 UTC;0.0;952.5;953.0;952.5;;20.8;19.6;21.0;20.8;19.7;19.5;93.0;92.0;93.0;178.0;9.8;4.5
2020/09/21;0500 UTC;0.0;952.4;952.6;952.4;;20.7;19.8;20.8;20.6;19.8;19.6;95.0;93.0;94.0;179.0;8.5;4.0
2020/09/21;0600 UTC;0.0;952.5;952.5;952.3;;20.7;19.7;20.8;20.6;19.9;19.7;94.0;94.0;94.0;170.0;9.0;3.7
2020/09/21;0700 UTC;0.0;952.7;952.7;952.5;;20.6;19.7;20.7;20.6;19.8;19.7;95.0;94.0;95.0;129.0;7.9;3.2
2020/09/21;0800 UTC;0.0;953.1;953.1;952.7;;20.6;19.7;20.7;20.5;19.8;19.6;95.0;94.0;95.0;176.0;7.3;3.1
2020/09/21;0900 UTC;0.0;953.7;953.7;953.1;104.8;20.8;19.9;20.9;20.6;20.0;19.7;95.0;94.0;95.0;196.0;7.1;4.2
2020/09/21;1000 UTC;0.0;954.3;954.3;953.7;474.4;21.9;20.1;21.9;20.8;20.3;19.9;95.0;90.0;90.0;183.0;8.0;4.8
2020/09/21;1100 UTC;0.0;955.1;955.1;954.3;998.8;22.9;20.0;23.2;21.8;20.4;19.6;90.0;83.0;84.0;179.0;9.2;4.0
2020/09/21;1200 UTC;0.0;955.1;955.2;955.0;2185.5;24.7;19.1;25.3;22.9;20.9;18.9;84.0;70.0;71.0;181.0;9.0;4.5
2020/09/21;1300 UTC;0.0;954.8;955.2;954.7;2369.1;26.5;19.2;26.8;24.5;20.0;18.5;73.0;63.0;64.0;197.0;9.2;5.0
2020/09/21;1400 UTC;0.0;953.9;954.8;953.9;2323.1;27.5;18.7;28.3;26.0;19.5;18.2;65.0;56.0;59.0;178.0;8.4;3.6
2020/09/21;1500 UTC;0.0;952.9;954.0;952.9;2938.2;28.2;18.3;29.3;26.8;19.5;17.8;61.0;51.0;55.0;183.0;8.0;4.1
2020/09/21;1600 UTC;0.0;952.1;952.9;952.1;2501.9;29.1;18.7;29.3;27.5;19.3;17.7;58.0;52.0;54.0;126.0;10.2;4.1
2020/09/21;1700 UTC;0.0;951.7;952.1;951.6;2236.2;28.3;18.7;29.8;28.0;19.3;17.9;57.0;51.0;56.0;191.0;11.7;5.0
2020/09/21;1800 UTC;0.0;952.0;952.0;951.6;1815.9;27.6;18.3;29.6;27.4;19.3;18.0;59.0;53.0;57.0;182.0;11.7;5.3
2020/09/21;1900 UTC;0.0;952.0;952.0;951.8;1232.4;26.8;18.5;28.3;26.8;18.8;17.9;61.0;54.0;60.0;177.0;10.1;5.1
2020/09/21;2000 UTC;0.0;952.3;952.3;952.0;297.5;25.0;18.8;27.1;25.0;19.1;18.6;69.0;60.0;69.0;138.0;11.9;6.0
2020/09/21;2100 UTC;0.0;953.1;953.1;952.3;;23.7;19.2;25.0;23.6;19.2;18.8;76.0;69.0;76.0;191.0;12.1;5.5
2020/09/21;2200 UTC;0.0;953.7;953.7;953.1;;22.5;18.9;23.7;22.5;19.3;18.9;80.0;76.0;80.0;164.0;11.5;6.5
2020/09/21;2300 UTC;0.0;954.5;954.5;953.7;;21.7;19.1;22.5;21.7;19.1;18.8;85.0;80.0;85.0;185.0;11.1;4.7
2020/09/22;0000 UTC;0.0;954.8;954.9;954.4;;21.5;19.5;21.7;21.5;19.5;19.1;88.0;85.0;88.0;182.0;10.5;5.7
2020/09/22;0100 UTC;0.0;954.9;955.0;954.8;;21.3;19.7;21.5;21.3;19.7;19.5;91.0;88.0;91.0;173.0;10.1;5.0
2020/09/22;0200 UTC;0.0;954.5;954.9;954.4;;21.2;19.8;21.5;21.2;19.9;19.7;92.0;91.0;92.0;182.0;9.7;4.9
2020/09/22;0300 UTC;0.0;953.9;954.5;953.9;;21.0;19.8;21.2;21.0;19.9;19.7;93.0;92.0;93.0;183.0;9.4;4.4
2020/09/22;0400 UTC;0.0;953.6;953.9;953.6;;20.7;19.7;21.0;20.6;19.8;19.6;94.0;93.0;94.0;174.0;9.0;4.3
2020/09/22;0500 UTC;0.0;953.8;953.8;953.6;;20.6;19.7;20.7;20.6;19.8;19.6;95.0;94.0;95.0;178.0;9.9;3.8
2020/09/22;0600 UTC;0.0;953.8;953.8;953.6;;20.5;19.7;20.7;20.5;19.8;19.7;95.0;94.0;95.0;191.0;8.5;3.6
2020/09/22;0700 UTC;0.0;954.1;954.1;953.8;;20.3;19.7;20.5;20.3;19.8;19.6;96.0;95.0;96.0;191.0;7.4;3.2
2020/09/22;0800 UTC;0.0;954.5;954.6;954.0;;20.4;19.7;20.4;20.3;19.8;19.6;96.0;96.0;96.0;192.0;7.4;4.3
2020/09/22;0900 UTC;0.0;955.2;955.2;954.5;125.4;20.6;19.9;20.6;20.4;19.9;19.7;96.0;96.0;96.0;192.0;7.6;4.1
2020/09/22;1000 UTC;0.0;955.6;955.6;955.2;590.4;21.8;20.3;21.8;20.6;20.3;19.9;96.0;91.0;91.0;185.0;8.1;4.7
2020/09/22;1100 UTC;0.0;956.3;956.3;955.6;1182.0;23.3;19.2;23.5;21.7;20.2;19.1;91.0;77.0;77.0;196.0;8.7;4.9
2020/09/22;1200 UTC;0.0;956.5;956.7;956.3;2609.0;25.7;18.5;25.7;23.3;19.6;18.0;78.0;64.0;64.0;176.0;9.8;5.3
2020/09/22;1300 UTC;0.0;956.1;956.5;956.1;2641.6;26.1;18.2;26.7;25.3;19.2;17.6;66.0;60.0;62.0;184.0;9.6;4.7
2020/09/22;1400 UTC;0.0;955.0;956.1;955.0;3351.8;28.5;17.2;28.5;26.1;18.3;16.2;62.0;50.0;51.0;191.0;9.2;4.6
2020/09/22;1500 UTC;0.0;954.1;955.0;954.1;3092.2;30.0;17.4;30.0;27.6;17.6;16.1;52.0;47.0;47.0;187.0;9.2;4.8
2020/09/22;1600 UTC;0.0;953.5;954.2;953.5;3452.0;30.1;16.6;30.5;28.9;17.3;15.8;48.0;43.0;44.0;179.0;9.2;4.1
2020/09/22;1700 UTC;0.0;952.9;953.5;952.9;2818.8;29.5;15.3;30.7;29.1;16.8;15.2;45.0;42.0;42.0;179.0;9.7;4.9
2020/09/22;1800 UTC;0.0;952.9;952.9;952.8;2190.3;29.4;16.5;30.1;28.9;16.6;15.2;46.0;42.0;46.0;192.0;9.0;4.4
2020/09/22;1900 UTC;0.0;953.4;953.4;952.9;1303.0;27.9;17.2;29.4;27.8;17.2;16.4;52.0;46.0;52.0;194.0;9.0;5.2
2020/09/22;2000 UTC;0.0;953.6;953.6;953.4;326.9;25.7;17.9;27.9;25.7;17.9;17.0;62.0;52.0;62.0;186.0;9.4;5.8
2020/09/22;2100 UTC;0.0;954.2;954.2;953.6;;24.0;18.5;25.7;24.0;18.5;17.9;71.0;62.0;71.0;192.0;9.4;4.9
2020/09/22;2200 UTC;0.0;954.9;954.9;954.2;;22.4;18.6;24.0;22.4;18.7;18.5;79.0;71.0;79.0;189.0;9.3;5.1
2020/09/22;2300 UTC;0.0;955.6;955.6;954.9;;21.7;19.0;22.5;21.7;19.0;18.6;85.0;79.0;85.0;197.0;9.3;5.4
2020/09/23;0000 UTC;0.0;956.0;956.0;955.5;;21.0;19.0;21.7;21.0;19.1;18.9;88.0;85.0;88.0;199.0;8.6;3.9
2020/09/23;0100 UTC;0.0;956.0;956.2;956.0;;20.4;19.0;21.0;20.4;19.1;18.9;92.0;88.0;92.0;207.0;6.8;4.0
2020/09/23;0200 UTC;0.0;955.8;956.1;955.8;;20.2;19.2;20.4;20.1;19.2;19.0;94.0;92.0;94.0;178.0;7.4;3.8
2020/09/23;0300 UTC;0.0;955.3;955.8;955.3;;20.2;19.1;20.2;19.9;19.2;19.0;94.0;93.0;93.0;193.0;7.2;4.0
2020/09/23;0400 UTC;0.0;954.8;955.3;954.8;;20.4;19.3;20.5;20.2;19.3;19.1;93.0;93.0;93.0;190.0;7.0;3.6
2020/09/23;0500 UTC;0.0;954.7;954.8;954.6;;20.0;18.9;20.5;19.9;19.3;18.9;94.0;93.0;94.0;211.0;6.9;3.6
2020/09/23;0600 UTC;0.0;954.8;954.8;954.6;;19.7;18.7;20.0;19.7;19.0;18.7;94.0;94.0;94.0;186.0;6.4;2.9
2020/09/23;0700 UTC;0.0;954.9;954.9;954.8;;19.7;18.7;19.8;19.7;18.8;18.7;94.0;94.0;94.0;181.0;4.7;1.7
2020/09/23;0800 UTC;0.0;955.3;955.3;954.8;;19.8;18.8;19.9;19.7;18.9;18.8;94.0;94.0;94.0;184.0;4.1;2.1
2020/09/23;0900 UTC;0.0;955.6;955.7;955.3;119.8;20.2;18.9;20.2;19.8;19.0;18.7;94.0;92.0;92.0;205.0;6.0;3.4
2020/09/23;1000 UTC;0.0;956.3;956.3;955.6;579.4;21.1;18.9;21.2;20.2;19.3;18.8;92.0;87.0;87.0;173.0;7.9;3.4
2020/09/23;1100 UTC;0.0;956.9;956.9;956.3;828.6;22.8;17.8;23.0;21.1;19.2;17.7;87.0;73.0;73.0;192.0;7.3;4.2
2020/09/23;1200 UTC;0.0;956.9;957.1;956.8;1458.7;24.3;17.3;24.9;22.8;18.2;17.1;73.0;65.0;65.0;188.0;9.5;4.1
2020/09/23;1300 UTC;0.0;956.7;957.0;956.6;1878.6;26.2;16.6;26.8;24.0;17.7;16.2;66.0;55.0;55.0;176.0;8.4;3.4
2020/09/23;1400 UTC;0.0;956.0;956.7;956.0;2808.8;26.9;16.6;28.1;25.9;17.6;16.1;57.0;50.0;53.0;176.0;9.4;3.5
2020/09/23;1500 UTC;0.0;955.0;956.0;955.0;2793.6;27.6;15.9;28.8;26.6;16.9;15.6;53.0;46.0;49.0;176.0;8.2;3.8
2020/09/23;1600 UTC;0.0;954.1;955.1;954.1;2775.3;28.8;16.4;30.0;27.6;16.9;15.3;50.0;43.0;47.0;189.0;9.5;4.3
2020/09/23;1700 UTC;0.0;953.3;954.1;953.3;2835.3;29.4;16.5;30.2;28.4;16.5;15.4;47.0;41.0;46.0;189.0;9.2;4.8
2020/09/23;1800 UTC;0.0;953.4;953.5;953.2;1808.9;28.3;15.8;29.7;28.2;16.6;15.6;47.0;44.0;47.0;183.0;11.0;5.3
2020/09/23;1900 UTC;0.0;953.8;953.8;953.3;1018.9;28.3;16.1;28.7;27.9;16.3;15.6;49.0;46.0;48.0;177.0;9.8;3.8
2020/09/23;2000 UTC;0.0;954.3;954.3;953.8;344.2;26.1;15.8;28.3;26.1;16.4;15.7;53.0;48.0;53.0;183.0;9.6;5.0
2020/09/23;2100 UTC;0.0;954.8;954.8;954.2;;24.4;17.0;26.1;24.3;17.0;15.7;63.0;53.0;63.0;188.0;10.0;4.5
2020/09/23;2200 UTC;0.0;955.4;955.4;954.8;;23.1;17.1;24.4;23.1;17.2;16.9;69.0;63.0;69.0;190.0;8.8;4.4
2020/09/23;2300 UTC;0.0;955.8;955.8;955.4;;21.8;17.7;23.1;21.8;17.7;17.0;78.0;69.0;78.0;192.0;8.9;3.8
2020/09/24;0000 UTC;0.0;956.0;956.0;955.8;;21.0;18.5;21.8;21.0;18.5;17.7;86.0;78.0;86.0;196.0;7.2;4.7
2020/09/24;0100 UTC;0.0;956.2;956.3;955.9;;20.5;18.7;21.0;20.5;18.8;18.5;90.0;86.0;90.0;199.0;7.2;2.5
2020/09/24;0200 UTC;0.0;956.0;956.2;956.0;;20.7;18.8;20.8;20.5;18.9;18.7;90.0;89.0;89.0;172.0;5.2;2.2
2020/09/24;0300 UTC;0.0;955.4;956.0;955.4;;20.9;18.9;20.9;20.6;18.9;18.7;89.0;89.0;89.0;172.0;5.3;2.4
2020/09/24;0400 UTC;0.0;955.2;955.4;955.1;;21.0;19.0;21.0;20.7;19.0;18.8;89.0;88.0;88.0;178.0;5.3;1.6
2020/09/24;0500 UTC;0.0;954.9;955.2;954.9;;20.9;19.0;21.0;20.9;19.0;18.9;89.0;88.0;89.0;175.0;5.8;2.3
2020/09/24;0600 UTC;0.0;954.8;955.0;954.7;;20.7;18.9;21.0;20.7;19.0;18.9;90.0;89.0;89.0;178.0;6.2;3.1
2020/09/24;0700 UTC;0.0;954.6;954.8;954.6;;20.4;18.8;20.8;20.4;18.9;18.7;90.0;89.0;90.0;191.0;6.0;3.4
2020/09/24;0800 UTC;0.0;954.9;955.0;954.6;;20.2;18.7;20.5;20.2;18.9;18.6;91.0;90.0;91.0;190.0;6.3;3.4
2020/09/24;0900 UTC;0.0;955.6;955.6;954.9;186.8;20.8;18.8;20.9;20.2;19.3;18.7;92.0;89.0;89.0;176.0;6.5;2.7
2020/09/24;1000 UTC;0.0;956.1;956.1;955.6;762.4;22.1;18.0;22.5;20.7;18.9;17.8;89.0;77.0;77.0;176.0;6.5;3.2
2020/09/24;1100 UTC;0.0;956.5;956.5;956.1;1164.4;23.1;17.5;23.8;21.5;18.6;17.3;80.0;70.0;71.0;177.0;6.9;3.0
2020/09/24;1200 UTC;0.0;956.3;956.5;956.3;2039.3;23.9;16.8;24.9;22.7;18.0;16.7;72.0;63.0;65.0;180.0;8.6;4.5
2020/09/24;1300 UTC;0.0;955.9;956.3;955.8;2999.7;25.8;17.2;26.6;24.0;17.9;16.0;65.0;54.0;59.0;181.0;8.6;4.8
2020/09/24;1400 UTC;0.0;954.7;955.9;954.7;3262.9;28.2;17.3;28.2;25.8;17.6;15.8;59.0;52.0;52.0;179.0;9.3;3.5
2020/09/24;1500 UTC;0.0;953.8;954.7;953.7;2784.8;27.4;16.9;28.8;26.7;17.3;15.6;54.0;48.0;53.0;178.0;8.0;3.0
2020/09/24;1600 UTC;0.0;952.5;953.8;952.5;2697.2;28.2;15.2;29.6;27.4;17.0;15.0;53.0;44.0;45.0;190.0;8.1;4.2
2020/09/24;1700 UTC;0.0;952.0;952.5;952.0;2327.6;29.2;15.8;29.7;28.1;16.6;14.9;47.0;42.0;44.0;176.0;8.1;3.2
2020/09/24;1800 UTC;0.0;951.8;952.0;951.7;1954.3;28.4;16.2;29.6;27.7;16.8;15.4;50.0;44.0;48.0;176.0;8.7;3.1
2020/09/24;1900 UTC;0.0;952.0;952.0;951.8;1200.9;28.3;16.1;28.8;27.8;16.6;15.4;49.0;45.0;47.0;180.0;7.8;2.8
2020/09/24;2000 UTC;0.0;952.7;952.7;952.0;250.2;26.0;16.7;28.3;26.0;16.7;15.9;57.0;47.0;57.0;172.0;9.3;4.7
2020/09/24;2100 UTC;0.0;953.4;953.4;952.7;;24.4;16.6;26.0;24.4;16.8;16.4;62.0;56.0;62.0;186.0;10.0;3.5
2020/09/24;2200 UTC;0.0;954.2;954.2;953.3;;23.0;17.2;24.4;23.0;17.3;16.7;70.0;62.0;70.0;200.0;10.4;5.2
2020/09/24;2300 UTC;0.0;954.8;954.8;954.2;;22.1;17.6;23.1;22.1;17.6;17.3;76.0;70.0;76.0;178.0;8.9;4.7
2020/09/25;0000 UTC;0.0;955.1;955.1;954.8;;21.1;18.1;22.1;21.1;18.2;17.6;83.0;76.0;83.0;196.0;8.3;4.8
2020/09/25;0100 UTC;0.0;955.3;955.3;955.1;;20.6;18.4;21.1;20.6;18.5;18.2;88.0;83.0;88.0;203.0;8.4;4.1
2020/09/25;0200 UTC;0.0;955.3;955.4;955.2;;20.4;18.4;20.6;20.3;18.5;18.4;89.0;88.0;88.0;178.0;7.0;3.2
2020/09/25;0300 UTC;0.0;954.8;955.3;954.7;;20.2;18.1;20.4;20.1;18.4;18.1;89.0;88.0;88.0;177.0;6.2;2.1
2020/09/25;0400 UTC;0.0;954.5;954.7;954.5;;19.9;18.0;20.2;19.9;18.1;18.0;89.0;88.0;89.0;174.0;5.4;1.7
2020/09/25;0500 UTC;0.0;954.2;954.5;954.2;;19.8;18.1;20.0;19.8;18.3;18.0;90.0;89.0;90.0;180.0;4.6;2.1
2020/09/25;0600 UTC;0.0;954.3;954.3;954.2;;19.8;18.2;19.8;19.6;18.2;18.0;91.0;90.0;91.0;176.0;3.9;1.4
2020/09/25;0700 UTC;0.0;954.6;954.6;954.3;;20.0;18.3;20.0;19.8;18.4;18.2;91.0;90.0;90.0;175.0;3.9;1.5
2020/09/25;0800 UTC;0.0;955.1;955.1;954.6;;20.0;18.4;20.0;19.8;18.4;18.3;91.0;90.0;90.0;171.0;3.8;1.4
2020/09/25;0900 UTC;0.0;955.7;955.7;955.1;166.7;20.2;18.3;20.4;20.0;18.6;18.3;90.0;89.0;89.0;180.0;5.3;2.5
2020/09/25;1000 UTC;0.0;956.0;956.0;955.7;562.4;21.1;18.3;21.7;20.0;19.2;18.3;90.0;84.0;84.0;177.0;5.8;2.8
2020/09/25;1100 UTC;0.0;956.0;956.2;956.0;1186.5;23.4;18.8;23.4;21.1;19.0;18.1;85.0;75.0;76.0;182.0;5.8;3.0
2020/09/25;1200 UTC;0.0;955.8;956.0;955.8;1829.7;24.1;17.6;24.6;23.0;18.9;17.5;76.0;67.0;67.0;176.0;6.4;2.7
2020/09/25;1300 UTC;0.0;955.3;955.8;955.3;2105.4;25.4;17.4;26.3;23.9;18.7;16.8;69.0;60.0;61.0;186.0;6.3;3.0
2020/09/25;1400 UTC;0.0;954.3;955.3;954.3;2865.0;27.4;16.9;27.5;25.0;18.1;16.2;61.0;53.0;53.0;177.0;8.3;2.5
2020/09/25;1500 UTC;0.0;953.0;954.3;953.0;3845.2;28.0;15.2;29.0;27.1;17.4;15.1;53.0;45.0;46.0;184.0;7.6;2.3
2020/09/25;1600 UTC;0.0;952.3;953.0;952.3;3390.1;29.5;15.8;29.8;28.0;16.4;14.7;47.0;42.0;44.0;182.0;7.1;2.7
2020/09/25;1700 UTC;0.0;951.7;952.3;951.6;2358.2;29.6;16.5;29.9;28.4;16.5;14.5;46.0;40.0;45.0;175.0;7.1;3.1
2020/09/25;1800 UTC;0.0;951.4;951.7;951.3;1437.3;27.7;16.8;29.6;27.7;17.0;15.3;52.0;44.0;52.0;184.0;8.3;4.9
2020/09/25;1900 UTC;0.0;951.8;951.8;951.4;651.3;26.6;17.1;27.6;26.3;17.5;16.8;58.0;52.0;56.0;190.0;10.2;4.7
2020/09/25;2000 UTC;0.0;952.3;952.3;951.8;278.4;24.5;17.5;26.6;24.5;17.8;17.0;65.0;56.0;65.0;191.0;9.8;5.1
2020/09/25;2100 UTC;0.0;953.0;953.0;952.3;;23.2;17.5;24.5;23.1;17.8;17.4;70.0;65.0;70.0;200.0;10.2;5.8
2020/09/25;2200 UTC;0.0;953.6;953.7;953.0;;22.5;17.0;23.2;22.5;17.6;17.0;71.0;70.0;71.0;183.0;9.5;5.6
2020/09/25;2300 UTC;0.0;954.2;954.2;953.6;;21.8;17.3;22.6;21.8;17.3;17.1;75.0;71.0;75.0;181.0;8.8;4.4
2020/09/26;0000 UTC;0.0;954.7;954.7;954.2;;21.1;17.5;21.8;21.1;17.5;17.3;80.0;75.0;80.0;176.0;7.9;3.6
2020/09/26;0100 UTC;0.0;954.7;954.8;954.7;;20.6;17.8;21.1;20.6;17.8;17.4;84.0;80.0;84.0;202.0;7.2;3.2
2020/09/26;0200 UTC;0.0;954.2;954.7;954.2;;20.1;18.0;20.6;20.1;18.1;17.7;88.0;84.0;88.0;190.0;6.1;3.4
2020/09/26;0300 UTC;0.0;953.6;954.2;953.6;;19.6;18.3;20.1;19.6;18.3;18.0;92.0;88.0;92.0;185.0;5.7;3.3
2020/09/26;0400 UTC;0.0;953.1;953.6;953.1;;19.6;18.5;19.7;19.6;18.5;18.3;93.0;92.0;93.0;190.0;5.2;2.6
2020/09/26;0500 UTC;0.0;952.9;953.1;952.9;;19.5;18.5;19.6;19.5;18.6;18.5;94.0;93.0;94.0;199.0;5.2;3.4
2020/09/26;0600 UTC;0.0;953.0;953.1;952.9;;19.3;18.4;19.5;19.3;18.5;18.4;94.0;94.0;94.0;183.0;5.2;2.0
2020/09/26;0700 UTC;0.0;952.9;953.1;952.9;;19.5;18.4;19.5;19.2;18.4;18.2;94.0;94.0;94.0;174.0;3.0;1.5
2020/09/26;0800 UTC;0.0;953.5;953.5;953.0;;19.7;18.4;19.8;19.4;18.5;18.3;94.0;92.0;92.0;175.0;5.1;2.2
2020/09/26;0900 UTC;0.0;954.1;954.1;953.5;86.7;19.8;18.5;19.8;19.5;18.5;18.2;92.0;92.0;92.0;175.0;4.6;1.7
2020/09/26;1000 UTC;0.0;954.6;954.7;954.1;678.1;21.2;18.7;21.4;19.8;19.7;18.5;92.0;86.0;86.0;192.0;5.7;2.5
2020/09/26;1100 UTC;0.0;955.0;955.0;954.6;1357.5;22.3;17.7;23.3;21.2;19.4;17.5;86.0;73.0;75.0;174.0;8.4;3.3
2020/09/26;1200 UTC;0.0;954.9;955.1;954.9;1718.7;24.7;18.3;24.9;22.3;18.9;17.7;75.0;66.0;68.0;176.0;7.5;3.0
2020/09/26;1300 UTC;0.0;954.3;954.9;954.2;2516.4;25.9;17.3;26.1;24.2;18.9;17.0;68.0;58.0;59.0;193.0;8.3;4.1
2020/09/26;1400 UTC;0.0;953.2;954.3;953.2;2716.6;27.5;16.2;28.0;25.9;17.5;16.2;59.0;50.0;50.0;187.0;8.4;4.4
2020/09/26;1500 UTC;0.0;952.0;953.2;952.0;3724.5;28.6;15.2;29.1;27.1;17.1;15.1;52.0;43.0;44.0;179.0;8.4;2.5
2020/09/26;1600 UTC;0.0;951.0;952.0;951.0;3134.7;29.9;15.0;30.2;28.2;15.9;14.3;45.0;39.0;40.0;185.0;7.9;3.2
2020/09/26;1700 UTC;0.0;950.1;951.0;950.0;2883.5;29.7;15.4;30.3;29.0;15.5;14.2;42.0;39.0;42.0;183.0;7.0;3.3
2020/09/26;1800 UTC;0.0;949.6;950.1;949.6;2027.7;29.3;14.7;30.3;29.1;15.7;14.5;43.0;39.0;41.0;176.0;7.5;3.3
2020/09/26;1900 UTC;0.0;950.1;950.1;949.5;1106.6;28.5;15.5;29.8;28.5;15.7;14.6;45.0;41.0;45.0;186.0;7.5;3.3
2020/09/26;2000 UTC;0.0;950.8;950.8;950.1;276.3;26.0;18.0;28.6;26.0;18.0;15.4;61.0;45.0;61.0;198.0;10.6;6.0
2020/09/26;2100 UTC;0.0;951.5;951.5;950.8;;24.3;18.1;26.1;24.3;18.2;18.0;68.0;61.0;68.0;186.0;10.3;5.3
2020/09/26;2200 UTC;0.0;952.7;952.7;951.5;;22.6;18.5;24.3;22.6;18.5;18.1;78.0;68.0;78.0;175.0;9.4;4.9
2020/09/26;2300 UTC;0.0;953.4;953.4;952.7;;21.6;19.0;22.6;21.5;19.0;18.5;86.0;78.0;86.0;200.0;9.1;4.9
2020/09/27;0000 UTC;0.0;954.1;954.1;953.4;;20.9;19.0;21.6;20.9;19.2;19.0;89.0;86.0;89.0;196.0;8.6;3.7
2020/09/27;0100 UTC;0.0;954.0;954.2;954.0;;20.5;18.8;20.9;20.5;19.0;18.8;90.0;89.0;90.0;201.0;6.9;4.0
2020/09/27;0200 UTC;0.0;953.4;954.0;953.4;;20.3;18.7;20.6;20.3;18.9;18.7;90.0;90.0;90.0;192.0;6.3;3.3
2020/09/27;0300 UTC;0.0;952.8;953.4;952.8;;20.1;18.7;20.4;20.0;18.8;18.6;92.0;90.0;92.0;181.0;5.7;2.1
2020/09/27;0400 UTC;0.0;952.1;952.8;952.1;;20.1;18.7;20.1;20.0;18.8;18.6;92.0;91.0;92.0;194.0;4.8;2.7
2020/09/27;0500 UTC;0.0;951.8;952.1;951.8;;20.0;18.9;20.1;19.8;18.9;18.7;94.0;92.0;93.0;188.0;5.4;3.1
2020/09/27;0600 UTC;0.0;951.7;951.8;951.6;;20.0;19.0;20.0;19.9;19.1;18.8;94.0;93.0;94.0;178.0;5.7;2.8
2020/09/27;0700 UTC;0.0;952.0;952.0;951.7;;19.9;19.1;20.1;19.9;19.2;19.0;95.0;94.0;95.0;180.0;6.3;3.2
2020/09/27;0800 UTC;0.0;952.5;952.5;951.9;;19.6;18.9;19.9;19.5;19.1;18.9;96.0;95.0;96.0;174.0;6.3;2.6
2020/09/27;0900 UTC;0.0;953.1;953.1;952.5;235.9;20.4;19.4;20.4;19.5;19.5;18.9;96.0;94.0;94.0;179.0;5.1;2.5
2020/09/27;1000 UTC;0.0;953.8;953.8;953.1;1149.9;22.1;18.5;22.1;20.3;19.6;18.3;94.0;80.0;80.0;178.0;5.6;3.0
2020/09/27;1100 UTC;0.0;954.0;954.0;953.8;2060.1;24.3;17.7;24.4;21.8;19.1;17.0;80.0;65.0;66.0;178.0;6.3;2.7
2020/09/27;1200 UTC;0.0;954.0;954.1;953.9;2870.2;25.8;15.5;26.8;24.4;18.1;15.4;67.0;51.0;53.0;183.0;8.0;3.7
2020/09/27;1300 UTC;0.0;953.6;954.1;953.6;3383.1;27.8;14.4;28.1;25.8;16.3;13.4;54.0;43.0;44.0;187.0;9.2;3.2
2020/09/27;1400 UTC;0.0;952.7;953.6;952.7;3574.7;29.2;13.2;29.4;27.5;15.8;12.8;47.0;38.0;38.0;181.0;8.2;4.1
2020/09/27;1500 UTC;0.0;951.4;952.7;951.3;3493.4;29.3;13.6;30.0;28.5;14.7;11.9;40.0;34.0;38.0;187.0;8.2;4.4
2020/09/27;1600 UTC;0.0;950.5;951.4;950.5;3336.3;30.6;12.3;31.3;29.2;15.0;11.7;40.0;31.0;33.0;186.0;8.1;3.9
2020/09/27;1700 UTC;0.0;949.7;950.5;949.7;2883.1;31.0;12.9;31.7;30.2;13.2;11.0;34.0;29.0;33.0;176.0;8.7;3.5
2020/09/27;1800 UTC;0.0;949.6;949.7;949.5;2188.2;30.6;14.8;31.6;30.3;14.8;11.9;38.0;31.0;38.0;184.0;8.4;4.2
2020/09/27;1900 UTC;0.0;950.0;950.0;949.5;1149.8;29.0;16.5;31.0;28.8;16.5;14.9;47.0;38.0;47.0;185.0;9.3;4.6
2020/09/27;2000 UTC;0.0;950.4;950.4;950.0;341.8;27.9;16.8;29.2;27.9;16.8;16.2;51.0;46.0;51.0;181.0;8.3;4.1
2020/09/27;2100 UTC;0.0;951.2;951.2;950.4;;26.2;18.6;27.9;26.2;18.6;16.9;63.0;51.0;63.0;178.0;8.9;3.8
2020/09/27;2200 UTC;0.0;952.1;952.1;951.2;;24.6;19.3;26.2;24.6;19.3;18.6;72.0;63.0;72.0;193.0;9.6;5.5
2020/09/27;2300 UTC;0.0;952.7;952.8;952.1;;23.8;19.7;24.6;23.8;19.7;19.4;78.0;73.0;78.0;195.0;9.6;4.4
2020/09/28;0000 UTC;0.0;953.4;953.4;952.7;;23.4;19.9;23.8;23.3;19.9;19.6;81.0;78.0;81.0;181.0;7.4;3.2
2020/09/28;0100 UTC;0.0;953.5;953.6;953.4;;22.9;20.0;23.4;22.8;20.0;19.8;84.0;81.0;84.0;172.0;6.6;3.2
2020/09/28;0200 UTC;0.0;953.0;953.5;953.0;;21.9;20.2;22.9;21.9;20.2;19.9;90.0;84.0;90.0;182.0;7.0;3.3
2020/09/28;0300 UTC;0.0;952.1;953.0;952.1;;21.4;20.7;21.9;21.3;20.8;20.2;96.0;90.0;96.0;176.0;8.1;3.9
2020/09/28;0400 UTC;0.2;951.4;952.1;951.4;;21.2;20.8;21.4;21.1;20.8;20.6;98.0;96.0;98.0;195.0;7.3;3.6
2020/09/28;0500 UTC;1.0;951.0;951.4;951.0;;21.1;20.7;21.2;21.0;20.8;20.6;98.0;97.0;98.0;187.0;6.4;2.8
2020/09/28;0600 UTC;1.0;950.8;951.0;950.8;;20.8;20.5;21.1;20.8;20.8;20.5;99.0;98.0;98.0;188.0;5.9;2.8
2020/09/28;0700 UTC;0.8;950.9;950.9;950.8;;20.7;20.5;20.9;20.6;20.7;20.4;99.0;98.0;99.0;189.0;7.5;3.6
2020/09/28;0800 UTC;0.2;951.3;951.3;950.9;;20.5;20.3;20.7;20.4;20.6;20.2;99.0;99.0;99.0;191.0;7.4;4.0
2020/09/28;0900 UTC;0.2;952.1;952.1;951.3;105.3;20.5;20.2;20.6;20.4;20.5;20.2;99.0;99.0;99.0;181.0;8.0;4.3
2020/09/28;1000 UTC;0.2;952.9;952.9;952.1;362.5;20.9;20.7;21.1;20.4;20.9;20.2;99.0;98.0;98.0;184.0;8.0;2.7
2020/09/28;1100 UTC;0.6;953.5;953.5;952.9;635.8;21.2;20.9;21.4;20.9;21.2;20.7;99.0;98.0;98.0;173.0;6.9;3.6
2020/09/28;1200 UTC;0.0;953.6;953.8;953.5;1098.6;22.7;22.2;22.7;21.2;22.3;21.0;99.0;97.0;97.0;178.0;6.7;3.0
2020/09/28;1300 UTC;0.2;953.6;953.7;953.6;1498.9;22.1;21.4;23.6;21.8;23.0;21.1;97.0;94.0;96.0;189.0;7.8;4.4
2020/09/28;1400 UTC;0.2;952.7;953.6;952.7;2081.8;24.2;22.5;24.2;22.1;23.4;21.5;98.0;89.0;90.0;188.0;7.8;3.4
2020/09/28;1500 UTC;0.0;951.5;952.7;951.5;2943.8;26.4;20.7;27.2;24.1;23.0;20.6;90.0;70.0;71.0;176.0;6.9;3.5
2020/09/28;1600 UTC;0.0;950.6;951.5;950.5;2479.3;27.2;20.4;28.3;25.8;21.6;20.4;75.0;64.0;66.0;181.0;8.2;3.4
2020/09/28;1700 UTC;0.0;949.8;950.6;949.8;2119.0;28.5;19.8;28.5;26.8;21.2;19.5;69.0;59.0;59.0;175.0;8.3;3.8
2020/09/28;1800 UTC;0.0;950.2;950.2;949.8;1804.9;26.1;20.6;28.8;26.1;21.0;19.6;73.0;59.0;72.0;188.0;9.6;5.6
2020/09/28;1900 UTC;0.0;950.6;950.6;950.2;1269.5;24.9;20.4;26.4;24.9;21.1;20.3;76.0;71.0;76.0;184.0;9.6;4.1
2020/09/28;2000 UTC;0.0;951.2;951.2;950.6;247.8;23.5;20.6;25.0;23.4;20.8;20.4;85.0;76.0;84.0;188.0;8.6;3.9
2020/09/28;2100 UTC;0.0;951.7;951.7;951.2;;23.1;20.7;23.5;23.0;20.8;20.5;87.0;84.0;87.0;201.0;8.3;4.4
2020/09/28;2200 UTC;0.0;952.8;952.8;951.7;;22.4;20.2;23.1;22.4;20.6;20.1;87.0;85.0;87.0;184.0;8.6;4.4
2020/09/28;2300 UTC;0.0;953.6;953.6;952.8;;21.8;20.0;22.4;21.8;20.2;20.0;90.0;87.0;90.0;202.0;8.7;4.1
2020/09/29;0000 UTC;0.0;954.1;954.1;953.6;;21.7;19.8;21.8;21.6;20.1;19.8;90.0;89.0;89.0;178.0;6.8;3.4
2020/09/29;0100 UTC;0.0;954.2;954.3;954.1;;21.7;19.8;21.7;21.6;19.9;19.8;90.0;89.0;89.0;176.0;7.1;3.0
2020/09/29;0200 UTC;0.0;954.0;954.3;954.0;;21.5;19.6;21.7;21.5;19.8;19.6;89.0;89.0;89.0;169.0;6.3;2.4
2020/09/29;0300 UTC;0.0;953.4;954.0;953.4;;21.3;19.5;21.6;21.3;19.7;19.4;89.0;89.0;89.0;173.0;5.3;2.3
2020/09/29;0400 UTC;0.0;953.0;953.4;953.0;;21.1;19.6;21.4;21.1;19.6;19.5;91.0;89.0;91.0;173.0;4.6;2.4
2020/09/29;0500 UTC;0.0;952.5;953.0;952.5;;21.0;19.6;21.1;21.0;19.7;19.5;92.0;91.0;92.0;172.0;4.8;2.4
2020/09/29;0600 UTC;0.0;952.4;952.5;952.4;;20.6;19.7;21.0;20.6;19.7;19.6;94.0;92.0;94.0;176.0;5.1;2.9
2020/09/29;0700 UTC;0.0;952.5;952.5;952.4;;20.3;19.6;20.7;20.3;19.8;19.6;95.0;94.0;95.0;197.0;5.5;3.0
2020/09/29;0800 UTC;0.0;952.8;952.8;952.4;;20.3;19.7;20.5;20.3;19.8;19.6;96.0;95.0;96.0;188.0;7.2;4.5
2020/09/29;0900 UTC;0.0;953.6;953.6;952.8;139.3;20.6;19.8;20.6;20.3;19.8;19.6;96.0;95.0;95.0;183.0;9.0;4.5
2020/09/29;1000 UTC;0.0;954.1;954.1;953.6;605.0;22.0;19.9;22.0;20.6;19.9;19.6;95.0;88.0;88.0;188.0;8.9;4.6
2020/09/29;1100 UTC;0.0;954.7;954.7;954.1;1485.1;23.3;18.6;23.4;21.8;19.9;18.2;88.0;74.0;75.0;177.0;9.7;4.0
2020/09/29;1200 UTC;0.0;954.5;954.8;954.5;2452.2;24.7;17.4;25.5;23.1;18.8;17.0;75.0;61.0;64.0;184.0;10.4;5.1
2020/09/29;1300 UTC;0.0;954.3;954.6;954.3;2816.5;26.8;17.8;26.8;24.6;18.2;17.2;65.0;58.0;58.0;173.0;9.3;5.0
2020/09/29;1400 UTC;0.0;953.5;954.3;953.5;3626.1;27.9;17.1;28.1;26.1;18.0;16.6;59.0;52.0;52.0;188.0;10.7;5.1
2020/09/29;1500 UTC;0.0;952.5;953.5;952.4;3666.8;28.4;16.9;29.0;27.2;18.0;16.7;54.0;49.0;50.0;186.0;11.0;4.8
2020/09/29;1600 UTC;0.0;952.0;952.5;952.0;3414.5;28.6;16.5;30.0;28.1;17.7;15.9;52.0;45.0;48.0;180.0;11.0;5.5
2020/09/29;1700 UTC;0.0;951.5;952.0;951.4;2898.0;29.0;16.6;29.7;28.4;17.5;16.1;49.0;46.0;47.0;189.0;10.5;5.2
2020/09/29;1800 UTC;0.0;951.3;951.5;951.2;2145.2;28.4;17.5;29.2;28.2;17.5;16.5;52.0;47.0;52.0;182.0;10.6;4.4
2020/09/29;1900 UTC;0.0;951.6;951.7;951.3;1226.6;27.0;18.0;28.9;26.7;18.2;16.9;59.0;49.0;58.0;193.0;10.1;5.0
2020/09/29;2000 UTC;0.0;952.2;952.2;951.6;294.9;25.5;18.2;27.0;25.4;18.3;17.9;64.0;58.0;64.0;192.0;9.7;4.5
2020/09/29;2100 UTC;0.0;952.7;952.7;952.2;;24.0;17.9;25.5;23.9;18.2;17.8;69.0;64.0;69.0;196.0;9.1;5.0
2020/09/29;2200 UTC;0.0;953.5;953.6;952.7;;22.9;18.0;24.0;22.9;18.1;17.8;74.0;69.0;74.0;186.0;8.8;4.7
2020/09/29;2300 UTC;0.0;954.1;954.1;953.5;;21.7;18.6;22.9;21.7;18.6;18.0;82.0;74.0;82.0;208.0;8.6;5.0
2020/09/30;0000 UTC;0.0;954.8;954.8;954.1;;21.1;19.0;21.7;21.1;19.1;18.6;88.0;82.0;88.0;195.0;8.1;3.9
2020/09/30;0100 UTC;0.0;954.8;954.9;954.7;;20.7;19.0;21.1;20.7;19.2;19.0;90.0;88.0;90.0;186.0;6.0;3.6
2020/09/30;0200 UTC;0.0;954.5;954.8;954.5;;20.5;19.0;20.7;20.5;19.2;19.0;92.0;90.0;92.0;184.0;6.6;3.6
2020/09/30;0300 UTC;0.0;953.9;954.5;953.9;;20.2;19.0;20.5;20.2;19.1;18.9;92.0;92.0;92.0;181.0;6.4;2.9
2020/09/30;0400 UTC;0.0;953.4;953.9;953.4;;20.2;19.0;20.3;20.2;19.0;18.9;93.0;92.0;93.0;184.0;5.7;2.9
2020/09/30;0500 UTC;0.0;952.9;953.4;952.9;;20.3;19.0;20.4;20.2;19.0;18.9;93.0;92.0;92.0;178.0;6.2;2.8
2020/09/30;0600 UTC;0.0;952.8;952.9;952.7;;20.2;18.9;20.3;20.1;19.0;18.8;92.0;92.0;92.0;185.0;5.9;3.0
2020/09/30;0700 UTC;0.0;953.2;953.2;952.7;;20.1;18.8;20.2;20.1;18.9;18.7;92.0;92.0;92.0;178.0;5.5;2.8
2020/09/30;0800 UTC;0.0;953.6;953.6;953.2;;19.9;18.7;20.2;19.9;18.9;18.6;92.0;92.0;92.0;182.0;5.5;2.1
2020/09/30;0900 UTC;0.0;954.1;954.2;953.6;212.2;20.7;19.2;20.7;19.9;19.2;18.6;93.0;91.0;91.0;181.0;5.3;3.4
2020/09/30;1000 UTC;0.0;954.7;954.8;954.2;855.1;22.3;18.7;22.4;20.7;19.5;18.7;91.0;80.0;80.0;180.0;7.6;4.2
2020/09/30;1100 UTC;0.0;955.2;955.2;954.7;1780.6;24.0;17.8;24.2;22.3;18.8;17.4;80.0;67.0;68.0;182.0;10.7;5.0
2020/09/30;1200 UTC;0.0;955.0;955.2;955.0;2381.5;25.5;17.3;26.0;23.6;18.0;17.1;69.0;60.0;60.0;181.0;12.0;5.1
2020/09/30;1300 UTC;0.0;954.7;955.1;954.7;2452.1;25.7;17.5;26.8;25.3;17.9;16.9;62.0;57.0;60.0;174.0;12.1;5.0
2020/09/30;1400 UTC;0.0;953.6;954.7;953.6;3592.6;27.5;17.8;27.7;25.7;18.1;17.2;60.0;55.0;56.0;185.0;11.8;5.9
2020/09/30;1500 UTC;0.0;952.2;953.6;952.2;3750.8;28.7;17.2;29.0;27.5;18.8;17.1;57.0;50.0;50.0;179.0;11.8;5.4
2020/09/30;1600 UTC;0.0;951.1;952.2;951.1;3413.3;28.9;17.0;29.9;28.4;17.9;16.5;51.0;47.0;49.0;187.0;11.3;5.6
2020/09/30;1700 UTC;0.0;950.2;951.1;950.2;2888.4;29.8;17.3;30.0;28.8;17.6;16.4;49.0;45.0;47.0;183.0;11.9;5.6
2020/09/30;1800 UTC;0.0;950.3;950.3;950.2;2173.3;29.0;16.7;29.9;28.6;17.5;16.2;49.0;46.0;47.0;173.0;11.2;5.5
2020/09/30;1900 UTC;0.0;950.6;950.7;950.2;1254.3;27.6;17.1;29.0;27.6;17.2;16.0;53.0;47.0;53.0;188.0;11.2;5.7
2020/09/30;2000 UTC;0.0;951.3;951.3;950.7;276.1;25.9;17.3;27.8;25.9;17.4;16.7;59.0;52.0;59.0;176.0;11.0;4.9
2020/09/30;2100 UTC;0.0;952.1;952.1;951.3;;24.2;17.9;25.9;24.2;17.9;17.1;68.0;59.0;68.0;191.0;10.0;5.5
2020/09/30;2200 UTC;0.0;952.8;952.8;952.1;;23.2;17.9;24.2;23.2;18.3;17.9;72.0;68.0;72.0;177.0;9.6;4.0
2020/09/30;2300 UTC;0.0;953.3;953.3;952.8;;22.5;18.1;23.2;22.5;18.1;17.8;76.0;72.0;76.0;175.0;9.1;4.7
2020/10/01;0000 UTC;0.0;953.8;953.8;953.3;;21.8;18.2;22.5;21.7;18.4;18.1;80.0;76.0;80.0;172.0;7.8;3.3
2020/10/01;0100 UTC;0.0;953.6;953.8;953.6;;21.2;18.4;21.7;21.1;18.4;18.1;84.0;80.0;84.0;173.0;6.7;2.8
2020/10/01;0200 UTC;0.0;953.2;953.7;953.2;;20.9;18.5;21.2;20.9;18.5;18.4;86.0;84.0;86.0;183.0;6.1;2.8
2020/10/01;0300 UTC;0.0;952.4;953.2;952.4;;20.6;18.6;20.9;20.6;18.6;18.4;88.0;86.0;88.0;173.0;5.4;2.3
2020/10/01;0400 UTC;0.0;951.8;952.4;951.8;;20.5;18.7;20.8;20.5;18.8;18.6;89.0;88.0;89.0;176.0;6.8;2.8
2020/10/01;0500 UTC;0.0;951.6;951.8;951.5;;20.6;18.9;20.6;20.5;19.0;18.7;90.0;89.0;90.0;176.0;5.9;2.8
2020/10/01;0600 UTC;0.0;951.4;951.6;951.3;;20.5;19.0;20.6;20.4;19.0;18.9;91.0;90.0;91.0;182.0;5.6;3.1
2020/10/01;0700 UTC;0.0;951.7;951.7;951.4;;20.4;18.9;20.6;20.4;19.1;18.9;92.0;91.0;91.0;170.0;7.1;3.4
2020/10/01;0800 UTC;0.0;952.1;952.1;951.6;;20.0;18.7;20.4;20.0;18.9;18.7;92.0;91.0;92.0;178.0;6.4;3.1
2020/10/01;0900 UTC;0.0;952.7;952.7;952.1;265.7;20.8;19.2;20.9;19.9;19.2;18.6;92.0;90.0;90.0;176.0;5.5;2.6
2020/10/01;1000 UTC;0.0;953.3;953.3;952.7;1089.2;22.5;19.0;22.6;20.6;20.0;18.8;90.0;81.0;81.0;183.0;8.7;4.8
2020/10/01;1100 UTC;0.0;953.4;953.4;953.2;2134.3;24.5;18.2;24.8;22.4;19.1;17.8;81.0;66.0;68.0;178.0;10.5;4.4
2020/10/01;1200 UTC;0.0;953.5;953.5;953.3;2663.0;25.7;17.6;26.5;24.5;18.4;16.1;68.0;57.0;61.0;175.0;11.8;6.1
2020/10/01;1300 UTC;0.0;952.9;953.5;952.8;3044.7;26.9;17.2;27.0;25.6;17.8;16.3;61.0;53.0;55.0;173.0;11.6;5.1
2020/10/01;1400 UTC;0.0;951.9;952.9;951.9;2519.9;27.7;16.2;28.4;26.5;17.4;15.6;55.0;48.0;50.0;178.0;11.2;4.8
2020/10/01;1500 UTC;0.0;950.6;951.9;950.5;3629.2;29.7;15.7;29.7;27.7;16.4;14.8;50.0;42.0;43.0;174.0;11.4;4.9
2020/10/01;1600 UTC;0.0;949.5;950.6;949.5;3419.6;29.5;15.3;30.3;28.8;15.8;14.5;44.0;40.0;42.0;184.0;11.4;5.6
2020/10/01;1700 UTC;0.0;948.8;949.5;948.8;2909.3;29.0;15.4;30.3;29.0;16.5;15.2;45.0;40.0;44.0;180.0;12.1;5.1
2020/10/01;1800 UTC;0.0;948.6;948.9;948.5;2172.3;28.8;15.0;30.0;28.7;16.3;14.9;45.0;42.0;43.0;185.0;12.4;4.8
2020/10/01;1900 UTC;0.0;948.9;948.9;948.5;1259.8;27.9;15.6;29.1;27.9;15.8;14.6;48.0;43.0;47.0;176.0;10.8;4.2
2020/10/01;2000 UTC;0.0;949.6;949.6;948.9;289.9;26.1;15.9;27.8;26.1;16.0;15.2;53.0;47.0;53.0;171.0;9.8;4.9
2020/10/01;2100 UTC;0.0;950.3;950.3;949.5;;24.6;16.7;26.0;24.6;16.7;15.8;62.0;53.0;62.0;175.0;9.5;4.1
2020/10/01;2200 UTC;0.0;951.0;951.0;950.3;;23.2;17.2;24.6;23.2;17.2;16.7;69.0;62.0;69.0;178.0;9.0;3.4
2020/10/01;2300 UTC;0.0;951.9;951.9;951.0;;22.1;17.9;23.2;22.1;17.9;17.3;77.0;69.0;77.0;174.0;8.3;4.1
2020/10/02;0000 UTC;0.0;952.8;952.8;951.9;;21.6;17.9;22.1;21.6;18.4;17.9;80.0;77.0;80.0;176.0;8.0;2.4
2020/10/02;0100 UTC;0.0;953.1;953.1;952.8;;20.9;17.5;21.6;20.9;17.8;17.2;81.0;77.0;81.0;177.0;6.3;2.7
2020/10/02;0200 UTC;0.0;952.6;953.1;952.6;;21.1;18.2;21.1;20.8;18.2;17.6;84.0;81.0;84.0;175.0;5.7;2.2
2020/10/02;0300 UTC;0.0;951.8;952.6;951.8;;20.9;18.5;21.1;20.8;18.5;18.2;86.0;84.0;86.0;169.0;5.7;2.2
2020/10/02;0400 UTC;0.0;951.0;951.8;950.9;;20.8;18.6;21.0;20.8;18.6;18.5;87.0;86.0;87.0;173.0;4.7;2.2
2020/10/02;0500 UTC;0.0;950.7;951.0;950.6;;20.8;18.9;20.9;20.8;18.9;18.6;89.0;87.0;89.0;173.0;5.4;2.5
2020/10/02;0600 UTC;0.6;950.8;950.8;950.6;;20.1;19.3;20.8;20.0;19.3;18.8;95.0;89.0;95.0;172.0;5.4;2.0
2020/10/02;0700 UTC;0.0;951.2;951.2;950.8;;20.1;19.6;20.1;19.9;19.6;19.2;97.0;95.0;97.0;173.0;6.7;2.4
2020/10/02;0800 UTC;0.0;951.5;951.6;951.2;;20.1;19.6;20.2;20.0;19.7;19.5;97.0;97.0;97.0;177.0;5.1;2.3
2020/10/02;0900 UTC;0.0;952.1;952.1;951.5;136.2;20.5;19.8;20.5;20.0;19.8;19.5;97.0;95.0;95.0;175.0;7.1;2.4
2020/10/02;1000 UTC;0.0;953.0;953.0;952.1;459.8;21.4;20.1;21.4;20.5;20.2;19.7;96.0;93.0;93.0;179.0;5.9;2.6
2020/10/02;1100 UTC;0.0;953.5;953.6;953.0;1085.4;22.8;19.8;22.8;21.3;20.1;19.4;93.0;83.0;83.0;182.0;9.1;3.9
2020/10/02;1200 UTC;0.0;953.3;953.5;953.3;2012.3;25.2;18.6;25.3;22.8;20.2;18.5;84.0;67.0;67.0;173.0;9.5;4.5
2020/10/02;1300 UTC;0.0;953.2;953.4;953.2;2076.9;25.9;18.3;26.2;24.7;19.3;17.9;69.0;62.0;63.0;175.0;9.9;4.4
2020/10/02;1400 UTC;0.0;952.0;953.2;952.0;2625.0;26.9;17.1;28.1;25.4;19.2;17.1;66.0;53.0;55.0;177.0;9.9;4.9
2020/10/02;1500 UTC;0.0;950.6;952.0;950.6;3192.7;28.6;17.3;29.2;26.9;17.9;16.9;56.0;49.0;50.0;173.0;12.2;5.1
2020/10/02;1600 UTC;0.0;949.7;950.7;949.7;3591.0;30.1;16.8;30.2;28.5;17.9;16.5;51.0;45.0;45.0;181.0;9.6;4.8
2020/10/02;1700 UTC;0.0;949.2;949.7;949.2;2752.5;29.8;16.3;30.5;28.8;17.3;16.0;49.0;43.0;44.0;178.0;10.1;3.9
2020/10/02;1800 UTC;0.0;949.2;949.2;949.1;2167.2;29.3;16.6;30.2;29.2;17.0;15.8;46.0;43.0;46.0;171.0;10.0;4.0
2020/10/02;1900 UTC;0.0;949.5;949.5;949.1;1279.7;28.4;17.2;29.4;28.4;17.2;16.0;50.0;46.0;50.0;178.0;9.7;4.0
2020/10/02;2000 UTC;0.0;950.1;950.1;949.5;303.9;26.3;17.5;28.4;26.3;17.7;16.8;59.0;50.0;59.0;185.0;9.5;4.9
2020/10/02;2100 UTC;0.0;950.9;950.9;950.1;;24.8;17.6;26.3;24.8;17.7;17.2;64.0;59.0;64.0;183.0;9.0;4.3
2020/10/02;2200 UTC;0.0;951.8;951.8;950.8;;23.6;18.2;24.8;23.6;18.2;17.5;72.0;64.0;72.0;176.0;8.1;4.5
2020/10/02;2300 UTC;0.0;952.6;952.6;951.8;;22.6;19.1;23.6;22.6;19.1;18.3;80.0;72.0;80.0;177.0;8.9;3.4
2020/10/03;0000 UTC;0.0;953.1;953.1;952.5;;21.7;18.5;22.6;21.7;19.0;18.5;82.0;80.0;82.0;175.0;9.1;3.8
2020/10/03;0100 UTC;0.0;953.3;953.4;953.1;;21.6;18.4;21.7;21.4;18.6;18.3;83.0;82.0;82.0;176.0;6.9;3.1
2020/10/03;0200 UTC;0.0;952.8;953.3;952.8;;21.4;18.6;21.6;21.3;18.6;18.2;84.0;82.0;84.0;175.0;7.4;2.8
2020/10/03;0300 UTC;0.0;952.1;952.8;952.1;;20.7;18.4;21.4;20.7;18.6;18.3;86.0;84.0;86.0;179.0;6.4;2.2
2020/10/03;0400 UTC;0.0;951.7;952.1;951.7;;20.4;18.3;20.7;20.4;18.4;18.2;88.0;86.0;88.0;176.0;5.7;2.3
2020/10/03;0500 UTC;0.0;951.4;951.7;951.3;;20.5;18.7;20.5;20.4;18.7;18.3;89.0;88.0;89.0;179.0;5.0;2.5
2020/10/03;0600 UTC;0.0;951.3;951.5;951.3;;20.8;18.6;20.9;20.5;18.8;18.6;89.0;87.0;87.0;177.0;5.2;2.7
2020/10/03;0700 UTC;0.0;951.8;951.8;951.3;;20.7;18.5;20.9;20.6;18.7;18.5;88.0;87.0;88.0;174.0;6.9;2.6
2020/10/03;0800 UTC;0.0;952.2;952.2;951.8;;20.1;18.4;20.7;20.1;18.6;18.3;90.0;88.0;90.0;178.0;5.4;2.1
2020/10/03;0900 UTC;0.0;952.6;952.7;952.1;172.8;20.7;18.8;20.7;20.1;18.8;18.3;90.0;89.0;89.0;176.0;5.2;2.9
2020/10/03;1000 UTC;0.0;953.2;953.2;952.6;892.6;22.7;19.2;22.7;20.7;19.3;18.6;89.0;80.0;81.0;178.0;6.9;3.6
2020/10/03;1100 UTC;0.0;953.4;953.5;953.2;2140.7;24.4;17.3;25.0;22.5;19.2;17.3;81.0;65.0;65.0;189.0;10.3;5.2
2020/10/03;1200 UTC;0.0;953.6;953.7;953.4;2193.9;25.9;16.3;26.9;24.2;17.8;15.8;65.0;53.0;56.0;177.0;11.9;4.2
2020/10/03;1300 UTC;0.0;953.1;953.7;953.1;3370.4;27.8;15.6;28.2;25.7;16.6;15.3;56.0;47.0;48.0;186.0;10.1;5.8
2020/10/03;1400 UTC;0.0;952.3;953.2;952.3;3600.3;29.4;16.4;29.6;27.3;16.9;15.0;50.0;45.0;45.0;182.0;11.1;4.7
2020/10/03;1500 UTC;0.0;951.3;952.3;951.3;3489.7;29.0;16.7;29.5;28.1;16.9;15.7;48.0;45.0;47.0;197.0;10.6;5.2
2020/10/03;1600 UTC;0.0;950.6;951.4;950.6;3196.1;30.0;17.2;30.3;28.6;17.4;16.4;49.0;45.0;46.0;181.0;10.6;4.0
2020/10/03;1700 UTC;0.0;950.2;950.6;950.1;2288.0;29.2;17.3;30.0;28.1;18.1;16.7;53.0;46.0;49.0;177.0;10.0;4.2
2020/10/03;1800 UTC;0.0;950.0;950.2;950.0;1374.9;28.2;17.0;29.4;27.5;18.2;16.2;53.0;48.0;51.0;180.0;8.5;3.8
2020/10/03;1900 UTC;0.0;950.5;950.5;950.0;795.7;27.3;17.1;28.4;27.3;17.9;16.8;55.0;50.0;54.0;181.0;7.8;3.2
2020/10/03;2000 UTC;0.0;950.9;950.9;950.5;181.9;26.2;17.9;27.3;26.2;17.9;17.1;60.0;54.0;60.0;180.0;7.5;2.9
2020/10/03;2100 UTC;0.0;951.6;951.6;950.9;0.3;25.1;17.4;26.2;25.1;17.9;17.2;63.0;60.0;63.0;174.0;7.4;2.1
2020/10/03;2200 UTC;0.0;952.3;952.3;951.6;;23.9;18.7;25.1;23.9;18.7;17.5;73.0;63.0;73.0;181.0;8.4;4.5
2020/10/03;2300 UTC;0.0;953.2;953.2;952.3;;22.8;18.7;23.9;22.8;18.8;18.6;78.0;73.0;78.0;178.0;8.4;4.2
2020/10/04;0000 UTC;0.0;953.9;953.9;953.2;;21.8;17.8;22.8;21.8;18.8;17.8;78.0;77.0;78.0;192.0;7.4;3.5
2020/10/04;0100 UTC;0.0;954.0;954.1;953.9;;21.0;17.9;21.8;21.0;17.9;17.7;82.0;78.0;82.0;172.0;6.6;3.4
2020/10/04;0200 UTC;0.0;953.9;954.0;953.9;;20.5;18.2;21.0;20.5;18.2;17.9;87.0;82.0;87.0;188.0;7.6;2.4
2020/10/04;0300 UTC;0.0;953.2;953.9;953.2;;20.5;18.5;20.5;20.4;18.5;18.2;89.0;87.0;88.0;179.0;4.4;1.4
2020/10/04;0400 UTC;0.0;952.5;953.2;952.5;;20.4;18.5;20.5;20.3;18.6;18.4;89.0;88.0;89.0;178.0;3.4;1.5
2020/10/04;0500 UTC;0.0;952.1;952.5;952.1;;19.9;18.5;20.4;19.9;18.6;18.4;91.0;89.0;91.0;177.0;3.6;1.6
2020/10/04;0600 UTC;0.0;951.8;952.1;951.8;;19.7;18.4;20.0;19.6;18.5;18.3;92.0;91.0;92.0;177.0;3.8;1.2
2020/10/04;0700 UTC;0.0;952.3;952.3;951.7;;20.2;18.8;20.2;19.7;18.8;18.4;92.0;92.0;92.0;178.0;2.6;1.0
2020/10/04;0800 UTC;0.0;952.7;952.7;952.3;;20.3;18.6;20.5;20.2;18.9;18.5;92.0;89.0;90.0;180.0;3.7;1.5
2020/10/04;0900 UTC;0.0;953.2;953.2;952.7;284.8;21.4;19.1;21.4;20.3;19.2;18.5;90.0;86.0;87.0;181.0;4.1;1.8
2020/10/04;1000 UTC;0.0;953.4;953.4;953.1;1293.5;22.9;18.6;22.9;21.4;19.5;18.2;87.0;76.0;77.0;184.0;7.0;4.0
2020/10/04;1100 UTC;0.0;953.7;953.8;953.4;1309.8;23.6;18.1;23.9;22.5;18.7;17.8;77.0;70.0;71.0;184.0;7.8;4.3
2020/10/04;1200 UTC;0.0;953.8;953.9;953.7;2297.7;25.7;18.5;25.7;23.6;18.8;17.7;71.0;64.0;65.0;184.0;10.4;5.2
2020/10/04;1300 UTC;0.0;953.4;953.8;953.4;3488.4;26.6;17.8;27.3;25.1;18.7;17.4;64.0;57.0;58.0;178.0;10.4;5.7
2020/10/04;1400 UTC;0.0;952.5;953.5;952.5;3746.8;27.9;17.3;28.0;26.6;18.6;17.3;59.0;52.0;52.0;181.0;11.4;4.5
2020/10/04;1500 UTC;0.0;951.4;952.5;951.4;3767.5;29.5;17.1;29.9;27.1;17.7;16.5;55.0;45.0;47.0;182.0;10.4;4.2
2020/10/04;1600 UTC;0.0;950.6;951.4;950.6;3464.0;31.0;16.2;31.0;29.0;17.3;15.0;48.0;40.0;41.0;198.0;10.6;4.8
2020/10/04;1700 UTC;0.0;950.1;950.6;950.0;2960.2;30.5;14.6;31.0;29.9;15.7;13.9;41.0;36.0;38.0;193.0;9.9;5.3
2020/10/04;1800 UTC;0.0;950.0;950.1;949.9;2230.5;30.1;15.2;31.2;30.0;15.2;13.4;41.0;35.0;41.0;172.0;10.0;4.2
2020/10/04;1900 UTC;0.0;950.4;950.4;950.0;1321.1;29.2;14.3;30.6;29.1;15.2;14.3;42.0;38.0;40.0;179.0;8.8;4.2
2020/10/04;2000 UTC;0.0;951.0;951.0;950.4;316.7;27.2;16.1;29.2;27.2;16.1;14.3;51.0;40.0;51.0;190.0;8.7;4.5
2020/10/04;2100 UTC;0.0;951.9;951.9;951.0;;25.0;18.0;27.2;25.0;18.0;16.2;65.0;51.0;65.0;194.0;8.7;5.0
2020/10/04;2200 UTC;0.0;952.9;952.9;951.9;;23.4;18.7;25.0;23.4;18.7;18.0;75.0;65.0;75.0;192.0;9.1;4.0
2020/10/04;2300 UTC;0.0;953.8;953.8;952.9;;22.2;18.9;23.4;22.1;19.1;18.7;82.0;75.0;82.0;175.0;7.4;3.6
2020/10/05;0000 UTC;0.0;954.4;954.4;953.7;;21.4;18.6;22.2;21.4;19.0;18.6;84.0;82.0;84.0;187.0;6.7;3.0
2020/10/05;0100 UTC;0.0;954.5;954.6;954.4;;20.6;18.4;21.4;20.6;18.6;18.4;87.0;84.0;87.0;195.0;6.1;3.7
2020/10/05;0200 UTC;0.0;954.3;954.6;954.3;;20.3;18.1;20.6;20.2;18.4;18.1;87.0;86.0;87.0;189.0;6.1;3.1
2020/10/05;0300 UTC;0.0;953.6;954.3;953.6;;20.0;18.1;20.4;20.0;18.1;18.0;89.0;87.0;89.0;175.0;6.3;2.9
2020/10/05;0400 UTC;0.0;953.2;953.6;953.1;;19.9;18.3;20.0;19.9;18.3;18.1;90.0;89.0;90.0;177.0;7.0;3.9
2020/10/05;0500 UTC;0.0;952.7;953.2;952.7;;19.5;18.2;19.9;19.5;18.3;18.2;92.0;90.0;92.0;169.0;7.0;2.9
2020/10/05;0600 UTC;0.0;952.4;952.8;952.4;;19.5;18.3;19.6;19.5;18.3;18.3;93.0;92.0;93.0;172.0;5.5;1.8
2020/10/05;0700 UTC;0.0;952.5;952.5;952.4;;19.4;18.2;19.5;19.4;18.3;18.2;93.0;93.0;93.0;171.0;4.4;2.1
2020/10/05;0800 UTC;0.0;952.9;952.9;952.5;;19.4;18.0;19.6;19.4;18.2;18.0;93.0;92.0;92.0;174.0;5.6;1.8
2020/10/05;0900 UTC;0.0;953.2;953.2;952.8;270.9;20.7;18.6;21.0;19.4;19.1;18.0;92.0;88.0;88.0;194.0;3.5;1.2
2020/10/05;1000 UTC;0.0;954.0;954.0;953.2;487.9;21.6;18.2;21.6;20.5;18.6;18.0;88.0;81.0;81.0;176.0;4.4;1.9
2020/10/05;1100 UTC;0.0;954.3;954.3;954.0;976.5;23.0;18.4;23.0;21.5;18.7;18.0;81.0;75.0;75.0;178.0;5.6;3.1
2020/10/05;1200 UTC;0.0;954.2;954.4;954.2;1131.5;23.6;19.6;23.6;22.4;19.6;18.2;81.0;75.0;78.0;174.0;7.6;3.6
2020/10/05;1300 UTC;0.0;954.3;954.4;954.2;1152.6;23.8;20.6;24.0;22.7;20.6;19.2;84.0;76.0;82.0;188.0;8.3;4.4
2020/10/05;1400 UTC;0.0;953.5;954.3;953.5;2186.3;25.5;19.8;25.5;23.6;20.7;19.7;82.0;71.0;71.0;187.0;10.0;5.3
2020/10/05;1500 UTC;0.0;952.4;953.5;952.4;2264.7;26.8;19.7;27.2;25.5;20.3;19.3;71.0;65.0;65.0;183.0;10.0;4.9
2020/10/05;1600 UTC;0.0;951.4;952.4;951.4;2860.7;29.0;19.0;29.0;26.7;19.9;18.8;65.0;55.0;55.0;182.0;10.0;4.9
2020/10/05;1700 UTC;0.0;951.0;951.5;951.0;2537.2;28.5;17.8;29.1;28.0;19.0;17.5;57.0;51.0;52.0;187.0;11.5;5.7
2020/10/05;1800 UTC;0.0;950.8;951.0;950.7;1905.5;27.9;18.3;29.6;27.6;18.6;17.3;56.0;49.0;56.0;197.0;10.7;6.5
2020/10/05;1900 UTC;0.0;951.1;951.1;950.7;1265.8;27.3;17.9;28.7;27.3;18.3;17.2;57.0;51.0;56.0;192.0;10.3;6.1
2020/10/05;2000 UTC;0.0;951.9;951.9;951.1;207.0;25.7;18.1;27.3;25.7;18.2;17.6;63.0;57.0;63.0;190.0;11.0;5.5
2020/10/05;2100 UTC;0.0;952.6;952.6;951.9;;24.1;18.2;25.7;24.1;18.4;18.1;70.0;63.0;70.0;200.0;10.9;4.9
2020/10/05;2200 UTC;0.0;953.5;953.5;952.6;;22.9;18.0;24.1;22.9;18.2;18.0;74.0;70.0;74.0;180.0;9.2;4.7
2020/10/05;2300 UTC;0.0;954.2;954.2;953.5;;22.0;17.8;22.9;22.0;18.0;17.8;77.0;74.0;77.0;194.0;8.1;4.5
2020/10/06;0000 UTC;0.0;954.8;954.8;954.2;;21.2;18.0;22.0;21.2;18.0;17.8;82.0;77.0;82.0;196.0;8.0;4.1
2020/10/06;0100 UTC;0.0;954.7;954.9;954.7;;20.7;18.5;21.2;20.7;18.5;18.0;87.0;82.0;87.0;189.0;7.3;3.7
2020/10/06;0200 UTC;0.0;954.5;954.7;954.5;;20.6;18.7;20.7;20.5;18.8;18.5;89.0;87.0;89.0;198.0;6.1;3.0
2020/10/06;0300 UTC;0.0;953.9;954.5;953.9;;20.3;18.8;20.6;20.3;18.9;18.7;92.0;89.0;91.0;198.0;7.0;4.2
2020/10/06;0400 UTC;0.0;953.6;953.9;953.5;;20.0;18.7;20.3;20.0;18.8;18.7;92.0;91.0;92.0;209.0;8.2;4.9
2020/10/06;0500 UTC;0.0;953.2;953.6;953.1;;19.9;18.7;20.0;19.9;18.7;18.7;93.0;92.0;93.0;188.0;8.2;3.8
2020/10/06;0600 UTC;0.0;953.2;953.2;953.1;;19.6;18.6;19.9;19.6;18.7;18.5;94.0;93.0;94.0;186.0;6.6;3.1
2020/10/06;0700 UTC;0.0;953.4;953.4;953.2;;19.4;18.5;19.6;19.4;18.6;18.5;94.0;94.0;94.0;184.0;5.8;2.9
2020/10/06;0800 UTC;0.0;953.5;953.5;953.4;;19.3;18.5;19.4;19.3;18.5;18.4;95.0;94.0;95.0;196.0;5.2;2.9
2020/10/06;0900 UTC;0.0;954.1;954.1;953.5;320.1;20.5;19.0;20.5;19.3;19.1;18.4;95.0;91.0;91.0;180.0;6.3;3.2
2020/10/06;1000 UTC;0.0;954.7;954.7;954.0;1225.7;22.5;18.6;22.5;20.5;19.3;18.5;91.0;79.0;79.0;172.0;7.5;3.9
2020/10/06;1100 UTC;0.0;955.0;955.1;954.7;2057.3;24.4;16.8;24.5;22.3;18.4;16.8;79.0;63.0;63.0;168.0;8.7;4.5
2020/10/06;1200 UTC;0.0;954.9;955.0;954.8;2873.7;25.9;16.8;26.1;24.2;17.4;16.5;64.0;56.0;57.0;181.0;10.1;4.7
2020/10/06;1300 UTC;0.0;954.2;954.9;954.2;3484.8;28.2;16.4;28.2;25.6;17.4;15.4;58.0;48.0;49.0;180.0;9.6;3.9
2020/10/06;1400 UTC;0.0;953.6;954.2;953.5;3725.7;28.6;16.0;29.6;27.5;16.6;15.1;49.0;45.0;46.0;181.0;9.6;3.8
2020/10/06;1500 UTC;0.0;952.6;953.6;952.6;2754.3;28.4;16.5;29.3;27.8;17.1;15.8;49.0;46.0;49.0;175.0;10.6;4.0
2020/10/06;1600 UTC;0.0;952.0;952.6;951.9;3230.8;30.5;15.9;31.1;28.4;17.1;15.7;49.0;41.0;41.0;182.0;8.9;3.7
2020/10/06;1700 UTC;0.0;951.2;952.0;951.2;2667.5;30.4;15.5;31.0;29.2;16.4;15.4;45.0;40.0;41.0;151.0;9.8;3.8
2020/10/06;1800 UTC;0.0;951.2;951.3;951.1;1914.6;29.1;16.2;30.7;29.0;16.3;15.4;46.0;41.0;46.0;195.0;10.0;5.8
2020/10/06;1900 UTC;0.0;951.6;951.6;951.1;1227.0;28.1;16.9;29.4;28.1;17.0;15.8;51.0;45.0;51.0;181.0;10.3;5.2
2020/10/06;2000 UTC;0.0;952.2;952.2;951.6;295.6;26.5;17.4;28.1;26.5;17.4;16.8;57.0;51.0;57.0;180.0;10.2;3.1
2020/10/06;2100 UTC;0.0;952.8;952.8;952.2;;24.8;17.7;26.5;24.8;17.9;17.3;65.0;57.0;65.0;210.0;8.2;3.9
2020/10/06;2200 UTC;0.0;953.8;953.8;952.8;;23.5;17.9;24.7;23.5;17.9;17.7;71.0;65.0;71.0;157.0;7.7;3.1
2020/10/06;2300 UTC;0.0;954.7;954.7;953.8;;22.5;18.3;23.5;22.5;18.3;17.8;77.0;71.0;77.0;191.0;6.4;2.9
2020/10/07;0000 UTC;0.0;955.3;955.3;954.7;;21.6;19.1;22.5;21.6;19.1;18.2;86.0;77.0;86.0;182.0;6.0;3.6
2020/10/07;0100 UTC;0.0;955.4;955.5;955.3;;21.1;19.4;21.6;21.1;19.4;19.1;90.0;86.0;90.0;205.0;6.1;2.8
2020/10/07;0200 UTC;0.0;954.9;955.4;954.9;;20.9;19.2;21.2;20.9;19.4;19.2;90.0;89.0;90.0;174.0;5.0;2.3
2020/10/07;0300 UTC;0.0;953.8;954.9;953.8;;20.6;19.2;21.0;20.6;19.3;19.1;91.0;90.0;91.0;180.0;5.5;2.3
2020/10/07;0400 UTC;0.0;953.5;953.8;953.4;;20.4;19.0;20.6;20.4;19.2;19.0;92.0;91.0;92.0;173.0;4.3;2.2
2020/10/07;0500 UTC;0.0;953.4;953.5;953.4;;20.6;19.2;20.6;20.3;19.3;19.0;92.0;92.0;92.0;173.0;4.5;2.2
2020/10/07;0600 UTC;0.0;953.5;953.5;953.3;;20.3;19.0;20.6;20.3;19.2;19.0;93.0;92.0;93.0;184.0;4.4;1.4
2020/10/07;0700 UTC;0.0;953.7;953.8;953.5;;20.2;19.1;20.3;20.2;19.1;19.0;93.0;93.0;93.0;175.0;3.7;1.9
2020/10/07;0800 UTC;0.0;953.9;953.9;953.7;;20.1;19.1;20.2;20.1;19.1;19.0;94.0;93.0;94.0;171.0;3.9;1.4
2020/10/07;0900 UTC;0.0;954.4;954.4;953.9;290.2;21.3;20.1;21.3;20.1;20.1;19.1;94.0;92.0;92.0;180.0;3.2;1.3
2020/10/07;1000 UTC;0.0;954.9;954.9;954.4;1229.1;23.6;19.8;23.7;21.3;20.6;19.6;92.0;79.0;79.0;179.0;6.0;3.0
2020/10/07;1100 UTC;0.0;955.3;955.4;954.9;1863.4;24.6;19.0;25.2;23.5;19.8;18.8;79.0;70.0;71.0;188.0;8.0;3.9
2020/10/07;1200 UTC;0.0;955.4;955.5;955.3;1975.3;26.7;18.9;26.7;24.6;19.5;18.3;71.0;63.0;63.0;194.0;11.0;5.3
2020/10/07;1300 UTC;0.0;955.2;955.5;955.1;2736.3;27.4;17.9;28.4;26.3;19.4;17.8;62.0;54.0;56.0;180.0;10.6;5.2
2020/10/07;1400 UTC;0.0;954.6;955.2;954.5;2565.1;27.5;20.1;28.9;27.2;20.1;18.0;64.0;55.0;64.0;180.0;11.7;5.0
2020/10/07;1500 UTC;0.0;953.6;954.6;953.6;3536.4;28.5;19.8;28.7;27.1;20.7;19.6;65.0;59.0;59.0;199.0;11.7;4.8
2020/10/07;1600 UTC;0.0;953.0;953.6;953.0;3419.2;29.4;18.7;30.0;28.0;20.6;18.7;61.0;52.0;52.0;190.0;9.4;4.1
2020/10/07;1700 UTC;0.0;952.4;953.0;952.4;2713.5;30.1;18.6;31.2;28.9;19.4;17.4;54.0;45.0;50.0;176.0;11.5;4.8
2020/10/07;1800 UTC;0.0;952.5;952.6;952.3;1824.8;28.9;18.7;30.3;28.5;19.7;18.2;56.0;49.0;54.0;170.0;10.0;4.2
2020/10/07;1900 UTC;0.0;952.6;952.6;952.4;1078.1;28.4;18.4;29.6;28.4;19.2;18.3;56.0;52.0;55.0;179.0;9.7;4.8
2020/10/07;2000 UTC;0.0;953.2;953.2;952.6;309.7;27.0;18.2;28.6;27.0;18.6;18.0;58.0;54.0;58.0;199.0;8.9;4.0
2020/10/07;2100 UTC;0.0;953.7;953.7;953.2;;25.2;18.5;27.0;25.2;18.5;18.1;66.0;58.0;66.0;179.0;9.4;4.5
2020/10/07;2200 UTC;0.0;954.3;954.3;953.7;;23.8;18.5;25.2;23.8;18.5;18.2;72.0;66.0;72.0;181.0;8.4;4.6
2020/10/07;2300 UTC;0.0;954.9;954.9;954.3;;22.5;19.9;23.8;22.5;19.9;18.5;85.0;72.0;85.0;123.0;7.5;4.1
2020/10/08;0000 UTC;0.0;955.3;955.3;954.9;;21.7;19.7;22.6;21.7;20.1;19.7;89.0;85.0;88.0;173.0;7.2;3.4
2020/10/08;0100 UTC;0.0;955.3;955.4;955.3;;21.4;19.8;21.7;21.4;19.8;19.5;91.0;88.0;91.0;19.0;7.0;2.8
2020/10/08;0200 UTC;0.0;954.6;955.3;954.6;;21.4;20.3;21.5;21.2;20.4;19.8;94.0;91.0;93.0;159.0;7.1;3.1
2020/10/08;0300 UTC;0.0;954.2;954.6;954.2;;21.3;20.5;21.4;21.2;20.6;20.2;95.0;93.0;95.0;181.0;6.3;3.6
2020/10/08;0400 UTC;0.0;953.6;954.2;953.6;;21.4;20.7;21.4;21.2;20.7;20.4;96.0;95.0;96.0;182.0;7.1;3.4
2020/10/08;0500 UTC;0.0;953.1;953.6;953.1;;21.3;20.4;21.4;21.1;20.6;20.2;96.0;95.0;95.0;183.0;7.4;3.1
2020/10/08;0600 UTC;0.0;953.0;953.1;953.0;;20.7;20.0;21.3;20.7;20.4;19.9;95.0;94.0;95.0;191.0;6.6;2.6
2020/10/08;0700 UTC;0.0;953.4;953.4;952.9;;20.7;19.8;20.8;20.6;20.0;19.7;96.0;95.0;95.0;194.0;5.0;3.0
2020/10/08;0800 UTC;0.0;953.7;953.7;953.4;0.3;20.6;19.6;20.7;20.6;19.8;19.6;95.0;94.0;95.0;181.0;5.0;1.6
2020/10/08;0900 UTC;0.0;954.2;954.2;953.6;313.9;21.2;20.1;21.5;20.5;20.4;19.6;95.0;93.0;93.0;186.0;4.2;2.1
2020/10/08;1000 UTC;0.0;954.8;954.8;954.2;819.2;21.9;20.2;21.9;21.1;20.3;19.9;93.0;90.0;90.0;199.0;6.3;4.0
2020/10/08;1100 UTC;0.0;954.9;954.9;954.7;2040.8;25.1;19.4;25.3;21.9;21.0;19.4;90.0;71.0;71.0;177.0;7.9;4.0
2020/10/08;1200 UTC;0.0;954.7;954.9;954.7;2743.6;26.8;19.3;27.0;24.9;19.9;18.8;72.0;63.0;64.0;224.0;8.6;4.4
2020/10/08;1300 UTC;0.0;954.1;954.7;954.1;3473.8;28.4;18.6;28.8;26.8;19.4;17.9;64.0;54.0;55.0;203.0;10.3;4.4
2020/10/08;1400 UTC;0.0;953.2;954.2;953.2;3761.0;29.9;17.6;30.5;28.3;19.1;17.2;55.0;46.0;48.0;158.0;10.2;4.1
2020/10/08;1500 UTC;0.0;952.1;953.2;952.1;3734.4;30.9;16.9;31.3;29.4;18.1;16.3;49.0;43.0;43.0;175.0;10.2;4.6
2020/10/08;1600 UTC;0.0;951.4;952.1;951.3;3490.3;31.5;16.2;32.3;30.8;17.8;15.7;44.0;38.0;40.0;360.0;9.5;4.0
2020/10/08;1700 UTC;0.0;950.8;951.3;950.8;2683.2;31.3;15.9;32.2;30.9;16.7;15.1;41.0;37.0;40.0;354.0;8.7;4.0
2020/10/08;1800 UTC;0.0;950.9;950.9;950.7;1991.4;30.8;15.9;31.7;30.6;16.5;15.2;42.0;37.0;41.0;193.0;9.0;4.1
2020/10/08;1900 UTC;0.0;951.4;951.4;950.8;1162.2;29.1;17.9;31.3;29.1;18.2;16.0;51.0;41.0;51.0;186.0;10.8;4.8
2020/10/08;2000 UTC;0.0;952.4;952.4;951.4;299.3;27.2;18.2;29.2;27.2;18.4;18.0;58.0;51.0;58.0;183.0;9.7;4.7
2020/10/08;2100 UTC;0.0;953.1;953.1;952.4;;25.4;18.7;27.2;25.4;18.7;18.1;67.0;58.0;67.0;295.0;10.1;4.7
2020/10/08;2200 UTC;0.0;953.7;953.7;953.1;;23.9;18.9;25.4;23.9;19.2;18.7;74.0;67.0;74.0;161.0;9.6;4.4
2020/10/08;2300 UTC;0.0;954.1;954.1;953.6;;22.5;19.0;23.9;22.4;19.1;18.9;81.0;74.0;81.0;157.0;10.0;4.2
2020/10/09;0000 UTC;0.0;954.6;954.6;954.0;;21.5;19.2;22.5;21.5;19.2;18.9;87.0;81.0;87.0;171.0;9.0;5.0
2020/10/09;0100 UTC;0.0;954.5;954.8;954.5;;21.3;19.7;21.6;21.3;19.7;19.2;91.0;87.0;91.0;87.0;9.5;5.1
2020/10/09;0200 UTC;0.0;954.1;954.6;954.1;;21.1;19.9;21.4;21.1;19.9;19.7;93.0;91.0;93.0;50.0;9.0;3.7
2020/10/09;0300 UTC;0.0;953.4;954.1;953.4;;21.2;20.2;21.3;21.1;20.2;19.9;94.0;93.0;94.0;171.0;9.5;4.8
2020/10/09;0400 UTC;0.0;953.5;953.5;953.4;;21.0;20.1;21.2;21.0;20.2;20.0;95.0;94.0;94.0;161.0;10.0;4.2
2020/10/09;0500 UTC;0.0;953.3;953.5;953.3;;21.1;20.2;21.2;21.0;20.3;20.0;95.0;94.0;95.0;175.0;7.7;3.5
2020/10/09;0600 UTC;0.0;953.0;953.3;953.0;;21.2;20.2;21.2;21.0;20.3;20.1;95.0;94.0;94.0;181.0;6.5;3.1
2020/10/09;0700 UTC;0.0;953.5;953.5;953.0;;21.2;20.3;21.3;21.1;20.4;20.2;95.0;94.0;95.0;157.0;6.7;3.3
2020/10/09;0800 UTC;0.0;953.5;953.6;953.5;1.2;21.1;20.3;21.2;21.1;20.4;20.2;95.0;94.0;95.0;344.0;6.5;2.7
2020/10/09;0900 UTC;0.0;954.1;954.2;953.5;146.3;21.5;20.8;21.5;21.0;20.8;20.2;96.0;95.0;95.0;5.0;6.0;2.9
2020/10/09;1000 UTC;0.0;954.5;954.5;954.1;538.5;22.9;21.0;22.9;21.5;21.3;20.6;95.0;89.0;89.0;178.0;7.8;3.5
2020/10/09;1100 UTC;0.0;954.8;954.8;954.5;988.1;24.5;20.2;24.8;22.8;21.2;20.1;89.0;77.0;77.0;158.0;7.6;3.8
2020/10/09;1200 UTC;0.0;954.9;954.9;954.7;2493.5;26.9;19.4;27.0;24.4;20.5;19.1;77.0;63.0;63.0;163.0;8.8;4.9
2020/10/09;1300 UTC;0.0;954.4;954.9;954.4;3570.0;28.7;18.4;29.1;26.7;19.4;18.3;64.0;53.0;53.0;357.0;8.8;3.6
2020/10/09;1400 UTC;0.0;953.2;954.4;953.2;3802.0;30.0;17.3;30.6;28.5;19.3;17.3;55.0;46.0;47.0;185.0;8.5;4.3
2020/10/09;1500 UTC;0.0;951.9;953.3;951.9;3780.9;31.1;17.7;32.1;29.7;18.5;16.9;49.0;43.0;45.0;3.0;9.2;4.6
2020/10/09;1600 UTC;0.0;950.8;951.9;950.8;3385.4;31.7;17.0;32.4;30.7;18.1;16.1;45.0;39.0;41.0;166.0;12.2;4.0
2020/10/09;1700 UTC;0.0;950.3;950.8;950.3;2952.7;32.0;15.7;32.5;31.0;17.4;15.3;43.0;37.0;37.0;69.0;8.7;3.6
2020/10/09;1800 UTC;0.0;950.4;950.4;950.2;2147.1;30.7;17.6;32.3;30.2;17.6;15.6;45.0;37.0;45.0;352.0;10.0;4.2
2020/10/09;1900 UTC;0.0;950.7;950.7;950.3;1161.2;29.5;17.9;30.7;29.2;17.9;17.2;50.0;45.0;50.0;340.0;10.5;4.6
2020/10/09;2000 UTC;0.0;951.5;951.5;950.7;265.2;27.0;18.7;29.5;27.0;18.7;17.7;61.0;50.0;61.0;355.0;8.3;4.1
2020/10/09;2100 UTC;0.0;952.0;952.0;951.5;;24.8;19.8;27.0;24.8;19.9;18.7;74.0;61.0;74.0;7.0;9.4;4.5
2020/10/09;2200 UTC;0.0;952.5;952.5;952.0;;23.6;20.5;24.8;23.5;20.5;19.8;83.0;74.0;83.0;355.0;8.9;3.4
2020/10/09;2300 UTC;0.0;953.3;953.3;952.4;;22.8;20.6;23.6;22.8;20.8;20.4;87.0;83.0;87.0;349.0;8.9;4.2
2020/10/10;0000 UTC;0.0;953.9;953.9;953.3;;22.1;20.6;22.8;22.1;20.6;20.5;91.0;87.0;91.0;359.0;8.3;3.1
2020/10/10;0100 UTC;0.0;954.1;954.1;953.9;;22.0;20.6;22.2;22.0;20.7;20.5;92.0;91.0;92.0;356.0;6.8;2.9
2020/10/10;0200 UTC;0.0;953.8;954.1;953.8;;22.3;20.8;22.4;22.0;20.9;20.6;92.0;91.0;91.0;171.0;6.4;2.4
2020/10/10;0300 UTC;0.0;953.1;953.8;953.1;;22.1;20.6;22.4;22.0;20.8;20.5;92.0;91.0;91.0;355.0;7.3;2.0
2020/10/10;0400 UTC;0.0;952.6;953.1;952.6;;21.7;20.3;22.2;21.7;20.6;20.2;92.0;91.0;92.0;105.0;5.5;2.4
2020/10/10;0500 UTC;0.0;952.5;952.6;952.4;;21.3;20.1;21.7;21.3;20.3;20.1;93.0;92.0;93.0;139.0;4.7;2.2
2020/10/10;0600 UTC;0.0;952.6;952.6;952.3;;21.1;20.2;21.3;21.0;20.2;20.1;95.0;93.0;95.0;147.0;5.5;2.0
2020/10/10;0700 UTC;0.0;953.1;953.1;952.6;;21.3;20.4;21.4;21.1;20.5;20.2;95.0;95.0;95.0;180.0;4.9;2.3
2020/10/10;0800 UTC;0.0;953.7;953.7;953.1;1.1;21.2;20.3;21.4;21.2;20.5;20.3;95.0;94.0;95.0;132.0;7.2;3.2
2020/10/10;0900 UTC;0.0;954.4;954.4;953.7;233.7;21.3;20.2;21.6;21.1;20.5;20.1;95.0;93.0;93.0;351.0;7.2;2.6
2020/10/10;1000 UTC;0.0;955.0;955.0;954.4;759.7;22.7;20.4;22.8;21.3;21.1;20.2;94.0;87.0;87.0;174.0;5.1;2.9
2020/10/10;1100 UTC;0.0;955.2;955.3;955.0;1938.9;24.8;19.8;25.7;22.7;21.2;19.7;88.0;73.0;74.0;192.0;7.4;3.6
2020/10/10;1200 UTC;0.0;954.9;955.2;954.9;1566.3;26.2;19.6;26.3;24.5;20.7;19.2;76.0;67.0;67.0;7.0;7.4;2.7
2020/10/10;1300 UTC;0.0;954.3;954.9;954.2;3177.4;28.2;19.0;28.4;26.0;20.2;18.2;68.0;57.0;58.0;173.0;8.1;4.1
2020/10/10;1400 UTC;0.0;953.5;954.3;953.5;3706.7;29.5;18.7;30.2;28.2;19.6;18.0;58.0;50.0;52.0;275.0;9.3;4.5
2020/10/10;1500 UTC;0.0;952.5;953.5;952.4;3699.2;31.8;18.7;31.9;29.4;19.1;17.8;53.0;46.0;46.0;163.0;9.4;3.1
2020/10/10;1600 UTC;0.0;951.4;952.5;951.3;3395.7;32.0;17.3;32.0;30.4;18.3;16.4;47.0;40.0;42.0;175.0;10.7;4.4
2020/10/10;1700 UTC;0.0;950.6;951.4;950.6;2917.5;31.7;16.5;32.2;30.7;17.0;14.8;43.0;36.0;40.0;340.0;11.1;4.4
2020/10/10;1800 UTC;0.0;950.5;950.6;950.4;2180.1;31.0;16.7;31.9;30.7;16.9;15.3;43.0;38.0;42.0;357.0;10.1;3.8
2020/10/10;1900 UTC;0.0;951.0;951.0;950.4;1283.3;29.2;17.4;31.1;29.2;17.7;15.0;49.0;39.0;49.0;358.0;9.7;4.5
2020/10/10;2000 UTC;0.0;951.6;951.6;951.0;309.1;27.2;18.4;29.5;27.2;18.4;17.4;59.0;49.0;59.0;344.0;9.3;3.0
2020/10/10;2100 UTC;0.0;952.3;952.3;951.6;;25.4;19.2;27.2;25.4;19.3;18.4;68.0;59.0;68.0;6.0;7.8;2.9
2020/10/10;2200 UTC;0.0;952.5;952.6;952.3;;23.7;19.4;25.4;23.7;19.4;19.1;77.0;69.0;77.0;172.0;7.9;4.3
2020/10/10;2300 UTC;0.0;952.9;952.9;952.5;;22.6;19.9;23.7;22.6;19.9;19.4;85.0;77.0;85.0;4.0;8.3;3.8
2020/10/11;0000 UTC;0.0;953.4;953.5;952.9;;22.3;20.2;22.7;22.3;20.4;19.9;88.0;85.0;88.0;359.0;8.7;4.0
2020/10/11;0100 UTC;0.0;953.3;953.5;953.3;;21.8;20.2;22.3;21.8;20.3;20.1;90.0;88.0;90.0;360.0;9.0;3.8
2020/10/11;0200 UTC;0.0;952.6;953.3;952.6;;21.8;20.3;22.0;21.8;20.5;20.2;91.0;90.0;91.0;180.0;7.8;4.0
2020/10/11;0300 UTC;0.0;952.3;952.6;952.2;;21.5;20.2;21.8;21.5;20.4;20.2;92.0;91.0;92.0;167.0;8.1;1.9
2020/10/11;0400 UTC;0.0;951.9;952.4;951.8;;21.3;20.1;21.5;21.2;20.2;20.1;93.0;92.0;93.0;95.0;6.3;2.5
2020/10/11;0500 UTC;0.0;951.6;951.9;951.6;;21.3;20.1;21.4;21.2;20.3;20.1;94.0;93.0;93.0;51.0;6.0;2.2
2020/10/11;0600 UTC;0.0;951.9;951.9;951.5;;21.0;20.0;21.3;21.0;20.1;19.9;94.0;93.0;94.0;106.0;6.6;3.2
2020/10/11;0700 UTC;0.0;952.4;952.4;951.9;;20.9;19.8;21.1;20.9;20.1;19.8;94.0;93.0;93.0;352.0;6.6;2.4
2020/10/11;0800 UTC;0.0;952.8;952.8;952.3;0.6;20.8;19.8;21.0;20.8;20.0;19.8;95.0;93.0;94.0;190.0;6.2;3.2
2020/10/11;0900 UTC;0.0;953.3;953.3;952.8;274.9;21.8;20.6;21.8;20.8;20.6;19.8;95.0;92.0;93.0;186.0;6.1;2.3
2020/10/11;1000 UTC;0.0;954.4;954.4;953.3;1027.4;22.8;19.9;22.9;21.6;20.7;19.5;93.0;83.0;83.0;7.0;6.7;3.3
2020/10/11;1100 UTC;0.0;955.0;955.0;954.4;921.4;24.3;18.8;24.3;22.6;19.9;18.5;83.0;71.0;72.0;4.0;7.2;2.7
2020/10/11;1200 UTC;0.0;954.9;955.1;954.9;2386.3;26.7;17.9;27.0;24.3;19.3;17.6;72.0;58.0;58.0;191.0;7.6;4.0
2020/10/11;1300 UTC;0.0;954.4;954.9;954.4;3477.4;28.1;16.8;28.8;26.3;18.4;16.4;59.0;49.0;50.0;344.0;9.3;3.9
2020/10/11;1400 UTC;0.0;953.7;954.4;953.6;3721.6;30.1;17.8;30.1;27.5;17.8;16.4;53.0;47.0;48.0;160.0;9.6;4.3
2020/10/11;1500 UTC;0.0;952.6;953.7;952.6;3678.8;30.1;16.8;30.9;29.2;17.3;16.3;48.0;43.0;45.0;177.0;8.9;4.5
2020/10/11;1600 UTC;0.0;951.8;952.6;951.8;3398.2;30.9;15.6;31.8;30.1;17.2;15.6;45.0;39.0;40.0;336.0;10.7;4.2
2020/10/11;1700 UTC;0.0;951.4;951.8;951.4;2900.0;30.3;16.1;31.3;30.3;16.4;15.7;42.0;40.0;42.0;136.0;10.7;4.9
2020/10/11;1800 UTC;0.0;951.1;951.4;951.1;2141.4;30.4;16.1;31.3;29.9;16.8;15.6;43.0;41.0;42.0;354.0;9.5;3.7
2020/10/11;1900 UTC;0.0;951.6;951.7;951.1;1242.9;29.3;16.4;30.4;29.3;16.4;15.4;46.0;42.0;46.0;45.0;10.3;3.3
2020/10/11;2000 UTC;0.0;952.3;952.3;951.6;297.5;27.3;17.0;29.4;27.3;17.0;16.1;53.0;45.0;53.0;117.0;9.3;4.9
2020/10/11;2100 UTC;0.0;952.7;952.7;952.3;;25.3;17.9;27.3;25.3;17.9;16.9;63.0;53.0;63.0;20.0;9.3;3.6
2020/10/11;2200 UTC;0.0;953.4;953.5;952.7;;23.9;18.0;25.3;23.9;18.1;17.9;70.0;63.0;70.0;61.0;8.7;3.4
2020/10/11;2300 UTC;0.0;954.2;954.2;953.4;;22.6;18.3;23.9;22.6;18.3;18.0;77.0;70.0;77.0;168.0;8.4;2.1
2020/10/12;0000 UTC;0.0;954.6;954.6;954.2;;21.7;18.7;22.6;21.7;18.7;18.3;83.0;77.0;83.0;348.0;6.0;2.7
2020/10/12;0100 UTC;0.0;954.4;954.8;954.4;;21.1;19.1;21.7;21.1;19.1;18.8;88.0;84.0;88.0;351.0;6.4;3.1
2020/10/12;0200 UTC;0.0;953.7;954.4;953.7;;20.9;19.3;21.1;20.8;19.3;19.1;91.0;88.0;91.0;4.0;6.6;3.0
2020/10/12;0300 UTC;0.0;952.7;953.7;952.7;;20.6;18.7;21.0;20.6;19.3;18.7;91.0;88.0;89.0;355.0;6.3;3.2
2020/10/12;0400 UTC;0.0;952.1;952.8;952.1;;20.2;18.9;20.6;20.2;18.9;18.6;92.0;89.0;92.0;1.0;7.2;3.8
2020/10/12;0500 UTC;0.0;952.0;952.1;951.9;;20.1;19.3;20.3;20.0;19.3;18.9;95.0;92.0;95.0;170.0;8.4;3.2
2020/10/12;0600 UTC;0.0;952.1;952.1;952.0;;20.1;19.3;20.1;20.0;19.4;19.2;95.0;95.0;95.0;173.0;7.7;3.1
2020/10/12;0700 UTC;0.0;952.6;952.6;952.1;;20.0;19.4;20.2;20.0;19.5;19.3;96.0;95.0;96.0;121.0;6.6;3.3
2020/10/12;0800 UTC;0.0;953.1;953.2;952.5;0.9;20.3;19.6;20.4;20.0;19.7;19.4;96.0;95.0;96.0;156.0;7.3;3.5
2020/10/12;0900 UTC;0.0;954.6;954.6;953.2;116.0;20.4;19.7;20.6;20.3;19.8;19.5;96.0;95.0;96.0;180.0;6.9;2.9
2020/10/12;1000 UTC;0.0;955.0;955.0;954.6;804.4;22.0;20.0;22.3;20.4;20.7;19.7;96.0;88.0;88.0;189.0;8.7;4.5
2020/10/12;1100 UTC;0.0;955.2;955.2;955.0;1544.8;24.4;19.5;24.5;22.0;20.7;19.2;89.0;74.0;74.0;183.0;8.6;3.9
2020/10/12;1200 UTC;0.0;955.1;955.3;955.1;1751.0;25.5;18.9;25.5;23.8;19.9;18.5;75.0;66.0;67.0;162.0;9.1;4.7
2020/10/12;1300 UTC;0.0;954.6;955.1;954.6;2880.0;27.4;17.8;27.6;25.5;19.2;17.8;67.0;56.0;56.0;176.0;9.4;5.5
2020/10/12;1400 UTC;0.0;953.7;954.6;953.7;3599.6;28.8;17.8;29.2;27.4;18.8;17.7;58.0;51.0;51.0;186.0;11.8;4.2
2020/10/12;1500 UTC;0.0;952.6;953.8;952.6;3700.9;30.0;17.0;30.6;28.6;18.3;16.6;52.0;44.0;46.0;185.0;10.8;4.3
2020/10/12;1600 UTC;0.0;951.6;952.6;951.6;3445.4;30.7;15.5;31.6;29.6;17.4;15.5;47.0;39.0;40.0;183.0;10.4;5.0
2020/10/12;1700 UTC;0.0;950.9;951.6;950.8;2922.9;30.8;14.2;31.7;30.3;16.0;14.2;40.0;36.0;37.0;173.0;11.8;5.7
2020/10/12;1800 UTC;0.0;950.7;950.9;950.6;2161.9;30.1;14.5;31.5;30.1;15.2;14.2;40.0;35.0;39.0;188.0;11.8;5.7
2020/10/12;1900 UTC;0.0;951.3;951.3;950.7;1272.7;28.4;16.8;30.2;28.4;16.9;14.5;49.0;39.0;49.0;195.0;10.2;5.8
2020/10/12;2000 UTC;0.0;952.0;952.0;951.2;298.6;26.4;17.2;28.6;26.4;17.7;16.8;57.0;49.0;57.0;199.0;9.8;5.3
2020/10/12;2100 UTC;0.0;953.0;953.0;952.0;;24.7;16.9;26.4;24.7;17.1;16.7;62.0;56.0;62.0;205.0;11.8;5.9
2020/10/12;2200 UTC;0.0;953.7;953.7;953.0;;23.3;18.1;24.7;23.3;18.1;16.9;73.0;62.0;73.0;184.0;10.8;5.0
2020/10/12;2300 UTC;0.0;954.4;954.4;953.7;;22.3;18.6;23.3;22.3;18.7;18.1;80.0;73.0;80.0;193.0;9.9;4.6
2020/10/13;0000 UTC;0.0;954.7;954.7;954.4;;21.8;18.9;22.3;21.8;18.9;18.7;84.0;80.0;84.0;197.0;7.8;3.1
2020/10/13;0100 UTC;0.0;954.7;954.8;954.7;;21.6;19.1;21.8;21.6;19.1;18.8;86.0;84.0;86.0;188.0;5.3;3.2
2020/10/13;0200 UTC;0.0;954.2;954.7;954.2;;21.4;19.3;21.7;21.4;19.3;19.1;88.0;86.0;87.0;178.0;7.4;2.7
2020/10/13;0300 UTC;0.0;953.5;954.3;953.5;;21.3;19.4;21.4;21.2;19.4;19.2;89.0;87.0;89.0;175.0;5.7;2.9
2020/10/13;0400 UTC;0.0;952.9;953.5;952.9;;20.9;19.2;21.3;20.9;19.4;19.1;90.0;89.0;90.0;171.0;6.4;2.7
2020/10/13;0500 UTC;0.0;952.3;952.9;952.3;;20.7;19.1;21.0;20.7;19.3;19.1;91.0;90.0;91.0;187.0;6.5;2.9
2020/10/13;0600 UTC;0.0;952.4;952.4;952.2;;20.4;19.0;20.7;20.4;19.2;19.0;92.0;91.0;92.0;198.0;6.7;3.7
2020/10/13;0700 UTC;0.0;952.6;952.6;952.4;;20.3;18.9;20.4;20.3;19.0;18.9;92.0;92.0;92.0;176.0;5.6;2.3
2020/10/13;0800 UTC;0.0;953.0;953.0;952.5;;20.3;19.1;20.3;20.1;19.1;18.9;93.0;92.0;93.0;172.0;5.4;2.5
2020/10/13;0900 UTC;0.0;953.3;953.3;953.0;241.6;21.1;19.6;21.1;20.3;19.7;19.1;93.0;91.0;91.0;182.0;6.3;2.8
2020/10/13;1000 UTC;0.0;953.9;953.9;953.3;650.5;22.0;19.1;22.0;21.0;20.1;19.0;91.0;83.0;83.0;171.0;6.8;2.9
2020/10/13;1100 UTC;0.0;954.2;954.2;953.9;1420.4;24.0;17.4;24.8;22.0;19.2;17.3;83.0;66.0;67.0;181.0;8.0;4.3
2020/10/13;1200 UTC;0.0;953.9;954.2;953.9;2445.1;26.8;17.4;26.9;23.9;18.1;16.4;68.0;56.0;56.0;179.0;9.5;4.4
2020/10/13;1300 UTC;0.0;953.5;953.9;953.5;3287.4;27.1;16.5;27.5;25.6;17.8;16.4;59.0;52.0;52.0;194.0;11.5;6.2
2020/10/13;1400 UTC;0.0;952.8;953.6;952.7;3616.1;27.9;16.1;28.9;26.6;17.0;16.0;54.0;47.0;49.0;165.0;11.6;5.2
2020/10/13;1500 UTC;0.0;951.7;952.8;951.6;3632.4;29.2;16.3;30.0;27.9;17.0;15.9;50.0;44.0;46.0;179.0;11.6;5.4
2020/10/13;1600 UTC;0.0;950.4;951.7;950.4;3315.8;30.0;15.7;30.4;28.9;16.9;15.3;47.0;42.0;42.0;177.0;11.2;4.3
2020/10/13;1700 UTC;0.0;950.1;950.4;950.0;2868.0;29.6;15.2;30.6;29.2;15.9;14.7;43.0;40.0;42.0;190.0;10.4;5.3
2020/10/13;1800 UTC;0.0;950.2;950.3;950.0;2040.6;29.0;15.8;29.9;28.9;16.0;15.0;45.0;42.0;45.0;175.0;10.6;5.1
2020/10/13;1900 UTC;0.0;950.9;950.9;950.2;1170.0;28.2;17.3;29.1;27.9;17.3;15.7;52.0;45.0;51.0;183.0;10.9;4.7
2020/10/13;2000 UTC;0.0;951.7;951.7;950.9;287.7;25.8;17.7;28.2;25.8;17.8;17.0;61.0;51.0;61.0;186.0;10.4;5.2
2020/10/13;2100 UTC;0.0;952.5;952.5;951.7;;24.6;17.4;25.9;24.6;17.7;17.4;64.0;60.0;64.0;197.0;10.2;5.9
2020/10/13;2200 UTC;0.0;953.4;953.4;952.5;;23.4;17.4;24.6;23.4;17.6;17.3;69.0;64.0;69.0;187.0;10.2;4.0
2020/10/13;2300 UTC;0.0;954.2;954.2;953.5;;22.5;17.6;23.5;22.5;17.7;17.4;74.0;69.0;74.0;179.0;8.5;3.6
2020/10/14;0000 UTC;0.0;954.3;954.4;954.2;;21.8;17.8;22.5;21.8;17.8;17.4;78.0;74.0;78.0;183.0;7.5;3.0
2020/10/14;0100 UTC;0.0;954.2;954.5;954.2;;21.3;18.0;21.8;21.3;18.0;17.8;82.0;78.0;82.0;172.0;8.5;2.8
2020/10/14;0200 UTC;0.0;953.7;954.2;953.7;;20.8;18.4;21.3;20.8;18.4;18.0;86.0;82.0;86.0;172.0;6.6;2.7
2020/10/14;0300 UTC;0.0;953.0;953.7;953.0;;20.8;18.7;20.8;20.7;18.7;18.4;88.0;86.0;88.0;171.0;6.2;2.6
2020/10/14;0400 UTC;0.0;952.6;953.0;952.5;;20.6;18.8;20.9;20.6;18.9;18.7;89.0;88.0;89.0;172.0;5.9;2.9
2020/10/14;0500 UTC;0.0;952.2;952.6;952.2;;20.6;18.9;20.7;20.6;19.0;18.8;90.0;89.0;90.0;173.0;6.1;3.2
2020/10/14;0600 UTC;0.0;951.8;952.2;951.7;;20.0;18.7;20.6;20.0;18.9;18.6;92.0;90.0;92.0;183.0;6.8;3.6
2020/10/14;0700 UTC;0.0;952.3;952.3;951.8;;20.0;18.7;20.1;20.0;18.7;18.6;92.0;92.0;92.0;171.0;5.9;2.1
2020/10/14;0800 UTC;0.0;952.7;952.7;952.3;1.3;20.2;18.5;20.5;20.0;18.9;18.5;92.0;90.0;90.0;180.0;7.0;3.6
2020/10/14;0900 UTC;0.2;953.2;953.2;952.7;89.0;19.8;19.2;20.2;19.5;19.2;18.4;96.0;90.0;96.0;189.0;8.0;3.5
2020/10/14;1000 UTC;0.8;954.0;954.0;953.2;502.0;20.7;20.2;20.7;19.7;20.2;19.2;98.0;96.0;97.0;175.0;9.0;3.5
2020/10/14;1100 UTC;0.0;954.4;954.4;953.9;1297.0;22.5;20.7;22.6;20.6;21.4;20.2;98.0;89.0;89.0;183.0;8.9;4.8
2020/10/14;1200 UTC;0.0;954.5;954.7;954.4;2537.1;24.7;19.3;24.7;22.4;21.0;18.6;89.0;71.0;72.0;178.0;10.4;5.3
2020/10/14;1300 UTC;0.0;954.1;954.5;954.1;2885.9;26.0;17.8;26.9;24.5;19.5;17.8;72.0;60.0;61.0;190.0;9.6;5.2
2020/10/14;1400 UTC;0.0;953.8;954.2;953.8;2373.2;25.2;18.6;27.1;25.2;19.9;17.9;67.0;61.0;67.0;192.0;10.3;5.6
2020/10/14;1500 UTC;0.0;952.7;953.8;952.7;2159.5;26.5;19.3;26.9;24.8;20.5;18.6;72.0;64.0;64.0;179.0;9.4;3.3
2020/10/14;1600 UTC;0.0;951.6;952.7;951.6;2463.3;27.9;19.3;27.9;26.3;19.7;18.6;65.0;59.0;59.0;178.0;9.0;4.1
2020/10/14;1700 UTC;0.0;951.2;951.6;951.1;2092.4;28.0;18.9;28.9;27.1;19.8;18.6;61.0;57.0;58.0;187.0;8.3;4.0
2020/10/14;1800 UTC;0.0;951.2;951.2;951.0;1810.0;27.4;19.0;28.8;27.3;19.6;18.6;60.0;57.0;60.0;197.0;9.8;4.8
2020/10/14;1900 UTC;0.0;951.7;951.7;951.2;1272.5;26.8;19.8;28.2;26.6;19.8;18.8;66.0;59.0;65.0;174.0;9.8;4.6
2020/10/14;2000 UTC;0.0;952.5;952.5;951.7;366.9;24.6;19.8;26.9;24.6;19.9;19.4;75.0;65.0;75.0;183.0;9.8;4.1
2020/10/14;2100 UTC;0.0;953.4;953.4;952.5;;23.2;19.7;24.7;23.1;20.0;19.6;81.0;75.0;81.0;194.0;8.3;4.8
2020/10/14;2200 UTC;0.0;954.1;954.2;953.4;;22.2;19.7;23.2;22.2;19.7;19.4;86.0;80.0;86.0;175.0;9.0;3.5
2020/10/14;2300 UTC;0.0;954.7;954.7;954.1;;22.3;19.9;22.3;21.8;20.0;19.7;89.0;86.0;86.0;180.0;6.9;3.2
2020/10/15;0000 UTC;0.0;954.9;954.9;954.7;;22.1;19.7;22.3;22.0;19.8;19.5;86.0;85.0;86.0;174.0;7.3;2.7
2020/10/15;0100 UTC;0.0;954.7;955.0;954.7;;21.9;19.8;22.2;21.9;19.9;19.6;88.0;86.0;88.0;180.0;6.2;2.7
2020/10/15;0200 UTC;0.0;954.1;954.7;954.1;;21.5;19.9;22.0;21.5;19.9;19.7;90.0;88.0;90.0;176.0;6.0;3.1
2020/10/15;0300 UTC;0.0;953.2;954.1;953.2;;21.1;19.7;21.6;21.1;19.9;19.7;92.0;90.0;92.0;186.0;6.0;3.6
2020/10/15;0400 UTC;0.0;952.6;953.2;952.6;;20.7;19.6;21.1;20.7;19.8;19.5;93.0;92.0;93.0;203.0;6.1;2.8
2020/10/15;0500 UTC;0.0;952.1;952.6;952.1;;20.4;19.4;20.7;20.4;19.6;19.3;94.0;93.0;94.0;188.0;4.8;2.5
2020/10/15;0600 UTC;0.0;952.0;952.1;951.9;;20.2;19.3;20.4;20.1;19.4;19.2;95.0;94.0;95.0;193.0;4.3;2.3
2020/10/15;0700 UTC;0.0;952.1;952.1;951.9;;20.4;19.4;20.5;20.3;19.5;19.3;95.0;94.0;94.0;208.0;4.2;2.6
2020/10/15;0800 UTC;0.0;952.3;952.3;952.1;1.2;20.4;19.5;20.4;20.4;19.5;19.4;94.0;94.0;94.0;198.0;4.2;2.9
2020/10/15;0900 UTC;0.0;952.7;952.7;952.3;168.2;20.8;19.8;20.8;20.4;19.8;19.5;94.0;94.0;94.0;192.0;5.6;3.1
2020/10/15;1000 UTC;0.0;953.3;953.3;952.7;833.1;22.3;19.8;22.5;20.8;20.8;19.7;94.0;86.0;86.0;191.0;6.4;3.7
2020/10/15;1100 UTC;0.0;953.8;953.8;953.3;1388.1;24.6;20.3;24.6;22.3;20.3;19.0;86.0;76.0;77.0;185.0;8.1;4.0
2020/10/15;1200 UTC;0.0;953.9;954.0;953.8;1748.4;25.6;19.4;25.6;23.8;19.9;19.0;77.0;69.0;69.0;180.0;7.4;3.6
2020/10/15;1300 UTC;0.0;953.4;953.9;953.4;2804.1;26.8;19.0;27.9;25.6;20.0;18.5;69.0;60.0;62.0;182.0;8.4;3.8
2020/10/15;1400 UTC;0.0;952.7;953.4;952.7;2860.9;28.8;19.0;29.1;26.6;20.0;17.9;63.0;54.0;55.0;181.0;9.9;3.8
2020/10/15;1500 UTC;0.0;951.4;952.7;951.4;3223.8;29.9;17.3;30.4;28.3;19.2;16.8;56.0;45.0;47.0;188.0;9.7;4.3
2020/10/15;1600 UTC;0.0;950.1;951.4;950.1;3302.4;30.3;17.0;31.0;29.8;17.8;16.6;47.0;43.0;45.0;184.0;10.9;4.1
2020/10/15;1700 UTC;0.0;949.7;950.2;949.7;2738.9;30.5;16.9;31.4;29.9;17.9;16.2;47.0;43.0;44.0;192.0;9.7;4.7
2020/10/15;1800 UTC;0.0;949.7;949.8;949.6;2021.8;30.0;17.0;31.2;29.8;17.7;16.1;47.0;42.0;46.0;184.0;9.1;5.5
2020/10/15;1900 UTC;0.0;950.3;950.4;949.7;1077.5;28.1;18.2;30.0;28.1;18.6;16.9;55.0;46.0;55.0;194.0;9.2;4.9
2020/10/15;2000 UTC;0.0;951.2;951.2;950.3;280.5;26.4;18.9;28.2;26.4;18.9;18.3;63.0;55.0;63.0;184.0;9.0;4.4
2020/10/15;2100 UTC;0.0;951.9;951.9;951.2;;24.5;19.2;26.4;24.5;19.3;18.8;72.0;63.0;72.0;195.0;9.8;5.4
2020/10/15;2200 UTC;0.0;952.8;952.8;951.9;;23.4;19.5;24.5;23.3;19.5;19.2;79.0;72.0;79.0;186.0;9.3;5.1
2020/10/15;2300 UTC;0.0;953.7;953.7;952.8;;22.7;19.3;23.4;22.7;19.6;19.3;82.0;79.0;82.0;162.0;10.0;5.3
2020/10/16;0000 UTC;0.0;954.1;954.2;953.6;;21.8;19.3;22.7;21.8;19.4;19.2;86.0;82.0;86.0;188.0;10.0;5.2
2020/10/16;0100 UTC;0.0;954.4;954.4;954.1;;21.4;19.5;21.8;21.4;19.6;19.4;89.0;86.0;89.0;192.0;9.1;4.7
2020/10/16;0200 UTC;0.0;953.9;954.4;953.9;;21.4;19.7;21.5;21.3;19.7;19.5;90.0;89.0;90.0;197.0;9.1;4.5
2020/10/16;0300 UTC;0.0;953.3;953.9;953.3;;21.1;19.8;21.4;21.1;19.8;19.6;92.0;90.0;92.0;185.0;9.4;3.8
2020/10/16;0400 UTC;0.0;952.8;953.3;952.8;;20.9;19.7;21.2;20.7;19.8;19.5;93.0;92.0;93.0;188.0;7.2;2.9
2020/10/16;0500 UTC;0.0;952.4;952.8;952.4;;20.5;19.5;20.9;20.5;19.8;19.5;94.0;93.0;94.0;181.0;6.8;3.1
2020/10/16;0600 UTC;0.0;952.2;952.4;952.2;;20.4;19.6;20.6;20.3;19.7;19.5;95.0;94.0;95.0;201.0;6.9;3.6
2020/10/16;0700 UTC;0.0;952.5;952.5;952.2;;20.2;19.4;20.5;20.1;19.7;19.4;95.0;95.0;95.0;176.0;6.1;3.0
2020/10/16;0800 UTC;0.0;952.7;952.7;952.5;3.0;20.0;19.3;20.2;20.0;19.5;19.2;96.0;95.0;96.0;190.0;6.6;2.2
2020/10/16;0900 UTC;0.0;953.2;953.2;952.6;243.1;20.5;19.6;20.5;19.9;19.6;19.2;96.0;95.0;95.0;194.0;5.9;2.8
2020/10/16;1000 UTC;0.0;953.9;953.9;953.2;850.8;22.9;20.3;22.9;20.4;20.4;19.5;95.0;85.0;85.0;183.0;7.6;3.1
2020/10/16;1100 UTC;0.0;954.4;954.4;953.9;1801.6;24.9;18.4;24.9;22.1;20.0;18.1;85.0;67.0;67.0;184.0;8.4;3.7
2020/10/16;1200 UTC;0.0;954.2;954.4;954.1;2966.5;26.8;17.1;27.1;24.7;18.4;17.0;67.0;55.0;56.0;191.0;9.0;4.5
2020/10/16;1300 UTC;0.0;954.0;954.4;954.0;3410.0;28.0;16.7;28.3;25.6;17.4;15.9;58.0;48.0;50.0;181.0;8.8;4.3
2020/10/16;1400 UTC;0.0;953.5;954.0;953.5;3619.0;29.4;16.0;29.6;27.2;17.3;15.5;52.0;44.0;44.0;189.0;8.8;3.8
2020/10/16;1500 UTC;0.0;952.4;953.5;952.4;3657.1;30.9;15.8;30.9;28.1;16.7;15.1;47.0;40.0;40.0;175.0;8.9;3.2
2020/10/16;1600 UTC;0.0;951.4;952.5;951.4;3448.9;31.0;14.7;32.0;29.5;15.9;14.1;41.0;36.0;37.0;182.0;8.9;3.7
2020/10/16;1700 UTC;0.0;950.7;951.5;950.7;2748.3;30.7;15.0;31.7;30.1;15.8;14.2;41.0;37.0;39.0;178.0;9.0;3.6
2020/10/16;1800 UTC;0.0;950.4;950.7;950.2;2214.9;30.5;17.0;31.7;30.0;17.0;14.6;44.0;37.0;44.0;173.0;9.0;4.6
2020/10/16;1900 UTC;0.0;950.7;950.7;950.3;1232.7;28.9;18.3;31.1;28.9;18.3;16.7;53.0;43.0;53.0;176.0;9.0;4.3
2020/10/16;2000 UTC;0.0;951.4;951.4;950.6;203.4;27.0;19.3;29.3;26.9;19.3;18.3;63.0;53.0;63.0;184.0;9.8;5.0
2020/10/16;2100 UTC;0.0;952.2;952.2;951.4;;25.4;19.3;27.0;25.4;19.4;19.1;69.0;63.0;69.0;195.0;8.8;4.4
2020/10/16;2200 UTC;0.0;953.0;953.0;952.2;;24.2;19.3;25.4;24.2;19.4;19.2;74.0;69.0;74.0;199.0;9.2;4.7
2020/10/16;2300 UTC;0.0;953.9;953.9;953.0;;23.3;19.6;24.2;23.2;19.7;19.2;80.0;74.0;80.0;204.0;9.0;5.6
2020/10/17;0000 UTC;0.0;954.4;954.4;953.9;;22.6;19.4;23.4;22.6;19.8;19.1;82.0;79.0;82.0;182.0;9.6;4.9
2020/10/17;0100 UTC;0.0;954.3;954.6;954.3;;21.7;19.7;22.6;21.7;19.8;19.4;88.0;82.0;88.0;205.0;8.9;4.1
2020/10/17;0200 UTC;0.0;953.7;954.3;953.7;;21.3;19.7;21.8;21.3;19.8;19.6;91.0;88.0;91.0;165.0;6.3;3.0
2020/10/17;0300 UTC;0.0;953.0;953.7;953.0;;21.4;19.8;21.5;21.3;19.9;19.7;91.0;90.0;90.0;176.0;5.1;2.1
2020/10/17;0400 UTC;0.0;952.2;953.0;952.2;;21.5;19.9;21.5;21.4;19.9;19.7;91.0;90.0;91.0;173.0;4.8;1.7
2020/10/17;0500 UTC;0.0;951.7;952.2;951.7;;21.3;19.9;21.5;21.2;19.9;19.8;92.0;90.0;92.0;182.0;5.0;2.7
2020/10/17;0600 UTC;0.0;951.5;951.7;951.4;;21.0;19.9;21.3;21.0;20.0;19.8;93.0;92.0;93.0;182.0;5.6;3.0
2020/10/17;0700 UTC;0.0;951.7;951.7;951.5;;20.9;19.9;21.1;20.9;20.0;19.8;94.0;93.0;94.0;173.0;6.1;2.5
2020/10/17;0800 UTC;0.0;952.2;952.2;951.7;0.6;21.0;20.0;21.0;20.8;20.0;19.8;95.0;94.0;94.0;182.0;5.0;2.6
2020/10/17;0900 UTC;0.0;952.6;952.6;952.2;257.3;21.5;19.9;21.8;20.9;20.4;19.8;94.0;90.0;90.0;175.0;7.5;3.3
2020/10/17;1000 UTC;0.0;953.3;953.3;952.6;815.9;23.0;18.8;23.3;21.5;20.8;18.8;90.0;77.0;78.0;180.0;8.6;5.1
2020/10/17;1100 UTC;0.0;953.8;953.8;953.2;1277.5;24.9;19.2;24.9;23.0;19.2;18.4;78.0;71.0;71.0;174.0;9.9;3.6
2020/10/17;1200 UTC;0.0;954.0;954.0;953.7;2765.3;26.9;17.4;27.2;24.4;19.6;17.1;71.0;56.0;56.0;174.0;12.0;6.3
2020/10/17;1300 UTC;0.0;953.5;954.0;953.5;3122.4;27.6;16.7;28.7;26.5;18.1;16.4;58.0;49.0;52.0;171.0;11.1;4.7
2020/10/17;1400 UTC;0.0;952.7;953.6;952.7;2062.6;28.3;17.4;29.0;27.3;18.1;16.4;53.0;48.0;52.0;183.0;10.0;3.9
2020/10/17;1500 UTC;0.0;951.7;952.7;951.7;3338.0;29.0;17.1;30.4;28.1;18.5;16.9;53.0;47.0;49.0;179.0;9.9;5.1
2020/10/17;1600 UTC;0.0;950.8;951.7;950.8;2755.2;29.2;17.4;31.1;28.6;17.5;16.3;50.0;43.0;49.0;182.0;10.4;5.2
2020/10/17;1700 UTC;0.0;950.2;950.8;950.2;2409.5;29.4;15.4;30.7;28.8;17.9;15.3;51.0;42.0;43.0;190.0;10.1;4.8
2020/10/17;1800 UTC;0.0;950.2;950.2;950.1;1836.8;29.8;15.5;30.5;29.2;16.0;14.5;43.0;39.0;42.0;189.0;10.3;5.5
2020/10/17;1900 UTC;0.0;950.3;950.3;950.1;1260.6;28.6;14.8;29.8;28.6;16.0;14.8;44.0;42.0;43.0;179.0;9.7;5.2
2020/10/17;2000 UTC;0.0;950.9;950.9;950.3;247.2;27.4;15.1;28.6;27.4;15.4;14.6;47.0;43.0;47.0;176.0;9.7;4.1
2020/10/17;2100 UTC;0.0;951.7;951.7;950.9;;25.9;16.7;27.4;25.9;16.7;15.1;57.0;47.0;57.0;183.0;8.7;3.8
2020/10/17;2200 UTC;0.0;952.5;952.5;951.7;;24.1;18.2;25.9;24.1;18.2;16.8;69.0;57.0;69.0;199.0;9.5;5.8
2020/10/17;2300 UTC;0.0;953.5;953.5;952.5;;22.6;18.4;24.1;22.6;18.4;18.2;77.0;69.0;77.0;203.0;9.2;5.9
2020/10/18;0000 UTC;0.0;954.3;954.3;953.5;;21.9;18.4;22.6;21.9;18.6;18.4;80.0;77.0;80.0;178.0;8.8;3.6
2020/10/18;0100 UTC;0.0;954.0;954.4;954.0;;21.3;18.4;21.9;21.3;18.5;18.2;84.0;80.0;84.0;175.0;7.9;3.2
2020/10/18;0200 UTC;0.0;953.5;954.0;953.5;;20.8;18.5;21.3;20.8;18.5;18.3;87.0;84.0;87.0;174.0;7.8;2.8
2020/10/18;0300 UTC;0.0;952.5;953.5;952.5;;20.4;18.4;20.8;20.4;18.6;18.4;88.0;87.0;88.0;176.0;6.4;2.2
2020/10/18;0400 UTC;0.0;951.6;952.5;951.6;;20.0;18.3;20.4;20.0;18.4;18.2;90.0;88.0;90.0;173.0;4.8;1.8
2020/10/18;0500 UTC;0.0;951.2;951.7;951.2;;19.9;18.4;20.0;19.9;18.4;18.2;91.0;90.0;91.0;174.0;5.4;2.9
2020/10/18;0600 UTC;0.0;950.9;951.2;950.9;;20.0;18.6;20.0;19.8;18.6;18.3;92.0;91.0;92.0;176.0;5.0;1.8
2020/10/18;0700 UTC;0.0;950.9;951.0;950.8;;19.7;18.3;20.1;19.7;18.7;18.3;92.0;91.0;92.0;177.0;4.2;1.4
2020/10/18;0800 UTC;0.0;951.2;951.3;950.9;3.5;19.7;18.4;19.8;19.7;18.5;18.3;92.0;92.0;92.0;173.0;3.8;1.6
2020/10/18;0900 UTC;0.0;951.8;951.8;951.2;384.6;20.8;19.0;20.8;19.7;19.0;18.4;92.0;90.0;90.0;181.0;5.0;2.3
2020/10/18;1000 UTC;0.0;952.2;952.2;951.8;864.1;22.3;18.6;22.3;20.8;19.3;18.5;90.0;79.0;79.0;177.0;7.7;3.6
2020/10/18;1100 UTC;0.0;952.4;952.4;952.2;1649.2;25.2;18.4;25.3;22.3;19.0;17.7;79.0;66.0;66.0;178.0;8.7;3.2
2020/10/18;1200 UTC;0.0;952.3;952.5;952.2;2845.4;26.2;16.2;26.7;24.1;18.5;16.2;67.0;54.0;54.0;186.0;9.4;5.0
2020/10/18;1300 UTC;0.0;952.0;952.3;952.0;3512.0;27.7;16.0;28.4;26.0;17.2;15.2;55.0;48.0;49.0;179.0;10.8;4.2
2020/10/18;1400 UTC;0.0;951.6;952.0;951.5;3729.0;29.1;15.7;29.1;27.7;16.6;14.5;49.0;43.0;44.0;178.0;10.0;4.6
2020/10/18;1500 UTC;0.0;950.6;951.6;950.6;3754.9;29.4;14.0;30.4;28.6;16.1;14.0;44.0;39.0;39.0;189.0;9.9;4.7
2020/10/18;1600 UTC;0.0;949.6;950.6;949.6;3272.4;29.9;15.0;30.8;29.3;15.6;12.7;42.0;34.0;40.0;190.0;9.6;4.8
2020/10/18;1700 UTC;0.0;949.2;949.6;949.2;2866.1;30.4;14.1;31.1;29.8;14.9;13.4;40.0;35.0;37.0;190.0;9.1;4.0
2020/10/18;1800 UTC;0.0;949.2;949.3;949.1;2098.5;29.7;14.4;30.9;29.6;14.9;13.7;39.0;36.0;39.0;183.0;9.2;4.6
2020/10/18;1900 UTC;0.0;949.6;949.6;949.2;1238.0;28.5;15.5;30.5;28.5;15.8;13.6;45.0;37.0;45.0;183.0;10.3;5.4
2020/10/18;2000 UTC;0.0;950.5;950.5;949.6;304.3;26.3;16.4;28.5;26.3;16.5;15.6;55.0;45.0;55.0;199.0;10.4;6.1
2020/10/18;2100 UTC;0.0;951.3;951.3;950.5;;24.9;16.7;26.4;24.9;16.8;16.4;61.0;55.0;61.0;194.0;10.4;5.8
2020/10/18;2200 UTC;0.0;952.2;952.2;951.3;;23.7;16.7;24.9;23.7;16.7;16.5;65.0;61.0;65.0;200.0;9.7;5.1
2020/10/18;2300 UTC;0.0;952.9;952.9;952.2;;22.8;17.0;23.8;22.8;17.0;16.6;70.0;65.0;70.0;181.0;10.0;3.9
2020/10/19;0000 UTC;0.0;953.4;953.4;952.9;;21.8;17.3;22.8;21.8;17.4;17.0;76.0;70.0;76.0;195.0;6.7;4.3
2020/10/19;0100 UTC;0.0;953.5;953.6;953.4;;21.1;17.7;21.9;21.1;17.7;17.4;81.0;76.0;81.0;197.0;6.9;3.4
2020/10/19;0200 UTC;0.0;952.9;953.5;952.9;;20.7;18.1;21.1;20.6;18.1;17.7;85.0;81.0;85.0;183.0;4.9;2.6
2020/10/19;0300 UTC;0.0;952.0;952.9;952.0;;20.3;18.3;20.7;20.3;18.3;18.1;88.0;85.0;88.0;196.0;5.0;3.2
2020/10/19;0400 UTC;0.0;951.3;952.0;951.3;;20.2;18.2;20.4;20.2;18.4;18.2;88.0;88.0;88.0;176.0;7.0;3.3
2020/10/19;0500 UTC;0.0;950.7;951.3;950.7;;20.0;18.2;20.2;19.9;18.3;18.2;90.0;88.0;90.0;177.0;6.5;3.0
2020/10/19;0600 UTC;0.0;950.7;950.8;950.6;;20.1;18.4;20.2;19.9;18.5;18.2;90.0;90.0;90.0;183.0;5.2;2.4
2020/10/19;0700 UTC;0.0;951.0;951.0;950.6;;20.1;18.5;20.1;20.0;18.5;18.4;91.0;90.0;91.0;181.0;5.7;2.7
2020/10/19;0800 UTC;0.0;951.6;951.6;951.0;1.5;20.4;18.8;20.4;20.1;18.8;18.5;91.0;91.0;91.0;193.0;5.7;2.7
2020/10/19;0900 UTC;0.0;952.2;952.2;951.6;215.9;20.9;19.3;20.9;20.3;19.3;18.8;92.0;91.0;91.0;188.0;7.8;4.7
2020/10/19;1000 UTC;0.0;953.0;953.0;952.1;988.2;22.6;18.3;22.6;20.9;19.5;18.1;91.0;76.0;77.0;185.0;9.9;5.8
2020/10/19;1100 UTC;0.0;953.3;953.4;953.0;2328.6;24.8;17.7;24.8;22.5;18.4;17.2;77.0;65.0;65.0;187.0;10.1;5.8
2020/10/19;1200 UTC;0.0;953.3;953.5;953.3;2635.3;26.6;16.4;26.6;24.2;18.0;15.8;65.0;53.0;54.0;183.0;10.3;4.1
2020/10/19;1300 UTC;0.0;952.8;953.3;952.8;3001.1;27.0;16.5;27.6;26.3;16.9;15.7;54.0;51.0;52.0;178.0;10.0;4.0
2020/10/19;1400 UTC;0.0;952.2;952.8;952.2;2613.3;27.9;15.9;28.9;26.6;16.8;15.3;54.0;46.0;48.0;207.0;10.0;4.4
2020/10/19;1500 UTC;0.0;951.0;952.2;951.0;3038.6;30.0;16.4;30.0;27.5;17.2;15.6;50.0;44.0;44.0;192.0;8.6;3.7
2020/10/19;1600 UTC;0.0;950.1;951.0;950.0;2375.5;29.3;16.4;30.9;28.8;16.9;15.2;47.0;41.0;46.0;182.0;10.3;3.6
2020/10/19;1700 UTC;0.0;949.4;950.1;949.4;2708.6;30.1;15.2;30.9;29.0;16.9;15.2;46.0;40.0;40.0;197.0;9.6;3.7
2020/10/19;1800 UTC;0.0;949.5;949.6;949.4;1540.8;29.6;15.6;30.4;28.6;15.9;14.9;45.0;40.0;43.0;186.0;9.7;4.6
2020/10/19;1900 UTC;0.0;949.8;949.8;949.5;1158.4;27.7;16.9;29.8;27.7;17.2;15.4;52.0;43.0;52.0;178.0;10.9;6.2
2020/10/19;2000 UTC;0.0;950.5;950.5;949.8;248.0;25.7;17.5;27.7;25.7;17.6;16.8;60.0;52.0;60.0;163.0;10.9;5.7
2020/10/19;2100 UTC;0.0;951.4;951.4;950.5;;24.3;17.7;25.8;24.2;17.7;17.5;67.0;60.0;67.0;182.0;9.7;5.0
2020/10/19;2200 UTC;0.0;952.5;952.5;951.4;;23.0;18.0;24.3;23.0;18.0;17.7;74.0;67.0;74.0;197.0;8.8;5.2
2020/10/19;2300 UTC;0.0;952.8;952.8;952.4;;22.1;18.2;23.0;22.1;18.2;18.0;79.0;74.0;79.0;164.0;8.8;4.5
2020/10/20;0000 UTC;0.0;953.4;953.4;952.8;;21.5;18.7;22.1;21.5;18.7;18.2;84.0;79.0;84.0;160.0;8.4;3.9
2020/10/20;0100 UTC;0.0;953.9;953.9;953.4;;21.5;19.3;21.6;21.4;19.3;18.7;87.0;84.0;87.0;189.0;7.0;3.6
2020/10/20;0200 UTC;0.0;953.6;954.0;953.6;;21.2;19.6;21.5;21.0;19.6;19.2;90.0;87.0;90.0;190.0;7.2;3.6
2020/10/20;0300 UTC;0.0;953.2;953.6;953.2;;20.7;19.2;21.2;20.7;19.5;19.2;91.0;90.0;91.0;198.0;7.6;4.7
2020/10/20;0400 UTC;0.0;953.2;953.2;953.1;;20.7;19.1;20.8;20.6;19.3;19.1;92.0;91.0;91.0;188.0;7.4;3.8
2020/10/20;0500 UTC;0.0;953.2;953.2;953.1;;20.7;19.1;20.7;20.6;19.2;19.0;91.0;91.0;91.0;175.0;6.9;2.3
2020/10/20;0600 UTC;0.0;953.1;953.3;953.1;;20.2;18.9;20.7;20.2;19.1;18.9;92.0;91.0;92.0;171.0;5.4;2.6
2020/10/20;0700 UTC;0.0;953.3;953.4;953.0;;20.3;19.0;20.3;20.1;19.0;18.9;93.0;92.0;92.0;197.0;5.4;3.0
2020/10/20;0800 UTC;0.0;953.6;953.6;953.2;5.0;20.4;19.1;20.4;20.2;19.1;18.9;92.0;92.0;92.0;183.0;6.2;2.2
2020/10/20;0900 UTC;0.0;953.9;953.9;953.6;425.4;21.5;19.4;21.7;20.3;19.9;19.0;92.0;88.0;88.0;185.0;4.7;2.6
2020/10/20;1000 UTC;0.0;954.7;954.7;953.9;1032.7;22.3;18.5;22.8;21.4;19.7;18.1;88.0;78.0;79.0;178.0;6.1;3.1
2020/10/20;1100 UTC;0.0;954.8;954.8;954.7;1737.7;24.2;17.5;24.9;22.3;18.9;17.4;79.0;66.0;66.0;180.0;9.0;4.6
2020/10/20;1200 UTC;0.0;954.4;954.8;954.4;2448.0;25.8;16.7;26.1;24.1;18.2;16.6;67.0;57.0;57.0;191.0;10.4;6.0
2020/10/20;1300 UTC;0.0;953.8;954.4;953.8;2941.8;27.1;16.4;28.2;25.6;17.5;15.7;59.0;49.0;52.0;184.0;10.9;4.3
2020/10/20;1400 UTC;0.0;953.0;953.8;953.0;2545.6;27.7;15.8;28.9;26.8;17.2;15.7;52.0;47.0;48.0;183.0;11.1;4.6
2020/10/20;1500 UTC;0.0;951.9;953.0;951.9;3332.6;28.7;15.8;30.1;27.7;17.2;15.8;50.0;43.0;46.0;177.0;10.8;4.3
2020/10/20;1600 UTC;0.0;951.1;951.9;951.0;2827.2;29.5;16.1;30.3;28.5;16.4;15.3;47.0;42.0;44.0;194.0;10.0;5.2
2020/10/20;1700 UTC;0.0;950.6;951.1;950.6;2604.4;30.1;15.5;30.6;29.2;16.2;15.0;44.0;40.0;41.0;183.0;10.4;4.3
2020/10/20;1800 UTC;0.0;950.6;950.7;950.4;2119.0;29.0;15.6;30.3;28.6;16.4;15.1;46.0;41.0;44.0;180.0;11.1;4.6
2020/10/20;1900 UTC;0.0;950.8;950.8;950.5;1221.4;28.2;16.0;29.6;27.9;16.2;15.1;48.0;43.0;47.0;183.0;11.0;5.3
2020/10/20;2000 UTC;0.0;951.4;951.4;950.8;303.5;26.4;16.7;28.2;26.4;16.9;15.6;55.0;47.0;55.0;190.0;10.2;4.9
2020/10/20;2100 UTC;0.0;952.4;952.4;951.4;;24.8;16.7;26.4;24.7;16.9;16.6;61.0;55.0;61.0;190.0;10.9;5.3
2020/10/20;2200 UTC;0.0;953.2;953.2;952.4;;23.3;18.0;24.8;23.3;18.0;16.7;72.0;61.0;72.0;199.0;9.4;5.6
2020/10/20;2300 UTC;0.0;953.6;953.6;953.2;;22.6;17.9;23.3;22.6;18.1;17.9;75.0;72.0;75.0;195.0;8.9;3.8
2020/10/21;0000 UTC;0.0;954.2;954.2;953.6;;22.1;18.2;22.6;22.0;18.2;17.9;79.0;75.0;79.0;188.0;6.6;2.6
2020/10/21;0100 UTC;0.0;954.5;954.6;954.2;;21.6;18.5;22.1;21.6;18.5;18.2;82.0;79.0;82.0;202.0;4.6;2.1
2020/10/21;0200 UTC;0.0;954.2;954.5;954.2;;21.5;18.7;21.6;21.4;18.7;18.4;84.0;82.0;84.0;178.0;5.1;1.9
2020/10/21;0300 UTC;0.0;953.5;954.2;953.5;;21.2;18.5;21.6;21.1;18.7;18.4;85.0;83.0;85.0;176.0;4.0;1.2
2020/10/21;0400 UTC;0.0;953.2;953.6;953.2;;20.8;18.4;21.4;20.8;18.7;18.4;86.0;85.0;86.0;177.0;4.0;2.1
2020/10/21;0500 UTC;0.0;952.6;953.2;952.6;;21.2;18.7;21.3;20.6;18.8;18.3;87.0;85.0;85.0;180.0;3.7;1.8
2020/10/21;0600 UTC;0.0;952.9;952.9;952.6;;21.4;18.4;21.5;21.2;18.7;18.4;85.0;83.0;83.0;179.0;3.7;1.8
2020/10/21;0700 UTC;0.0;953.1;953.2;952.8;;21.5;18.1;21.6;21.3;18.5;18.0;83.0;81.0;81.0;178.0;4.5;2.3
2020/10/21;0800 UTC;0.0;953.4;953.4;953.1;1.4;21.5;18.3;21.5;21.3;18.3;18.0;82.0;81.0;82.0;179.0;5.7;2.1
2020/10/21;0900 UTC;0.0;953.6;953.6;953.3;134.1;21.8;18.6;21.9;21.4;18.8;18.2;83.0;82.0;82.0;179.0;5.5;2.6
2020/10/21;1000 UTC;0.0;954.5;954.5;953.6;204.8;22.0;19.0;22.0;21.6;19.1;18.6;84.0;82.0;83.0;178.0;7.4;2.7
2020/10/21;1100 UTC;0.0;954.9;954.9;954.4;325.1;22.9;19.3;22.9;22.0;19.3;19.0;83.0;80.0;80.0;177.0;6.4;2.4
2020/10/21;1200 UTC;0.0;954.8;955.0;954.8;659.2;24.3;19.5;24.3;23.0;19.6;19.1;80.0;74.0;74.0;181.0;7.4;3.5
2020/10/21;1300 UTC;0.0;954.2;954.9;954.2;2125.3;26.7;19.5;27.0;24.1;20.9;19.3;75.0;64.0;65.0;174.0;7.6;3.6
2020/10/21;1400 UTC;0.0;953.9;954.2;953.9;1824.7;27.5;19.8;28.0;26.1;20.4;19.0;67.0;62.0;63.0;179.0;9.3;3.9
2020/10/21;1500 UTC;0.0;952.4;953.9;952.4;2403.3;29.8;19.8;29.8;27.3;20.3;19.1;63.0;55.0;55.0;176.0;9.2;4.5
2020/10/21;1600 UTC;0.0;951.7;952.4;951.6;2307.0;29.2;19.5;29.9;28.5;20.3;18.7;58.0;53.0;56.0;172.0;9.2;4.4
2020/10/21;1700 UTC;0.0;951.4;951.8;951.4;2180.6;27.8;19.9;30.3;27.6;20.4;19.1;63.0;55.0;62.0;195.0;10.1;6.1
2020/10/21;1800 UTC;0.0;951.3;951.5;951.2;1963.1;28.4;19.5;29.6;27.6;20.5;19.1;63.0;57.0;59.0;188.0;10.5;4.3
2020/10/21;1900 UTC;0.0;951.5;951.5;951.2;984.4;27.8;18.9;28.8;27.3;19.8;18.8;61.0;57.0;58.0;173.0;8.2;3.8
2020/10/21;2000 UTC;0.0;951.8;951.8;951.5;331.3;26.7;18.9;28.2;26.7;19.3;18.7;62.0;58.0;62.0;182.0;8.2;3.9
2020/10/21;2100 UTC;0.0;952.5;952.5;951.8;;25.3;19.5;26.8;25.3;19.6;18.7;70.0;62.0;70.0;184.0;10.1;4.7
2020/10/21;2200 UTC;0.0;953.4;953.4;952.5;;24.4;19.3;25.3;24.4;19.6;19.3;73.0;70.0;73.0;174.0;10.0;4.7
2020/10/21;2300 UTC;0.0;954.1;954.1;953.4;;23.5;19.1;24.4;23.5;19.3;19.1;76.0;73.0;76.0;195.0;9.3;4.5
2020/10/22;0000 UTC;0.0;954.6;954.7;954.1;;22.7;19.0;23.5;22.7;19.1;18.9;79.0;76.0;79.0;187.0;7.1;3.0
2020/10/22;0100 UTC;0.0;954.5;954.7;954.5;;22.1;19.0;22.7;22.1;19.0;18.9;82.0;79.0;82.0;183.0;6.5;3.0
2020/10/22;0200 UTC;0.0;954.0;954.5;954.0;;22.0;19.0;22.1;21.9;19.0;18.9;84.0;82.0;83.0;180.0;6.2;2.5
2020/10/22;0300 UTC;0.0;953.4;954.0;953.4;;21.8;19.2;22.0;21.8;19.2;19.0;85.0;83.0;85.0;176.0;7.1;3.2
2020/10/22;0400 UTC;0.0;952.7;953.4;952.7;;21.6;19.2;21.8;21.5;19.2;19.1;87.0;85.0;87.0;177.0;7.1;1.5
2020/10/22;0500 UTC;0.0;952.0;952.7;952.0;;21.4;19.4;21.7;21.4;19.5;19.2;88.0;87.0;88.0;172.0;5.7;2.5
2020/10/22;0600 UTC;0.0;951.8;952.1;951.7;;21.4;19.6;21.5;21.3;19.6;19.4;89.0;88.0;89.0;175.0;5.2;2.3
2020/10/22;0700 UTC;0.0;952.1;952.1;951.7;;21.6;19.6;21.8;21.4;19.8;19.6;89.0;88.0;89.0;177.0;4.7;1.5
2020/10/22;0800 UTC;0.0;952.6;952.6;952.1;;21.8;19.9;21.8;21.6;19.9;19.7;89.0;88.0;89.0;177.0;4.2;1.7
2020/10/22;0900 UTC;0.0;953.1;953.1;952.6;91.2;22.1;20.1;22.1;21.7;20.2;19.8;89.0;89.0;89.0;180.0;4.8;2.6
2020/10/22;1000 UTC;0.0;953.6;953.6;953.1;287.1;23.0;20.7;23.0;22.1;20.7;20.1;89.0;87.0;87.0;173.0;6.3;2.1
2020/10/22;1100 UTC;0.0;954.3;954.3;953.5;397.5;23.2;20.6;23.5;22.9;20.6;20.2;87.0;83.0;85.0;175.0;6.6;2.2
2020/10/22;1200 UTC;0.0;954.2;954.5;954.2;1154.2;24.9;20.8;25.0;22.6;21.6;20.3;88.0;78.0;78.0;176.0;7.7;3.9
2020/10/22;1300 UTC;0.0;953.8;954.2;953.8;1438.3;26.1;20.4;26.5;24.9;20.9;20.0;78.0;69.0;71.0;178.0;7.7;3.4
2020/10/22;1400 UTC;0.0;953.0;953.8;953.0;1863.1;27.4;19.9;27.7;26.1;20.7;19.6;71.0;63.0;63.0;179.0;8.3;3.6
2020/10/22;1500 UTC;0.0;951.9;953.0;951.9;2647.6;29.3;20.9;29.3;27.1;20.9;19.7;65.0;60.0;61.0;175.0;8.8;3.8
2020/10/22;1600 UTC;0.0;951.2;951.9;951.1;2338.7;28.5;20.1;30.3;28.5;20.5;19.7;60.0;56.0;60.0;181.0;9.8;5.5
2020/10/22;1700 UTC;0.0;950.4;951.2;950.4;2051.1;29.1;20.5;30.5;28.3;21.0;19.5;62.0;56.0;60.0;181.0;10.8;5.1
2020/10/22;1800 UTC;0.0;950.7;950.8;950.4;1589.1;28.5;20.2;29.2;28.3;20.8;19.8;62.0;59.0;61.0;176.0;10.2;5.0
2020/10/22;1900 UTC;0.0;950.9;951.0;950.7;766.3;26.9;20.3;28.9;26.8;20.8;19.7;68.0;60.0;67.0;176.0;9.3;4.7
2020/10/22;2000 UTC;0.0;951.6;951.6;950.9;263.6;25.5;20.4;27.2;25.5;20.6;20.3;74.0;67.0;73.0;191.0;10.8;5.5
2020/10/22;2100 UTC;0.0;952.3;952.3;951.6;0.7;24.4;20.4;25.5;24.3;20.4;20.2;79.0;73.0;79.0;189.0;9.5;4.5
2020/10/22;2200 UTC;0.0;953.1;953.1;952.3;;23.6;19.9;24.4;23.6;20.5;19.9;80.0;78.0;80.0;179.0;8.5;4.3
2020/10/22;2300 UTC;0.0;953.5;953.5;953.1;;23.2;19.6;23.7;23.2;20.0;19.6;81.0;80.0;81.0;200.0;7.6;3.9
2020/10/23;0000 UTC;0.0;954.4;954.4;953.5;;22.9;19.7;23.2;22.9;19.9;19.7;82.0;81.0;82.0;191.0;7.3;3.9
2020/10/23;0100 UTC;0.0;954.2;954.4;954.2;;22.3;19.7;22.9;22.3;19.8;19.6;85.0;82.0;85.0;195.0;7.6;3.4
2020/10/23;0200 UTC;0.0;953.5;954.2;953.5;;22.1;20.1;22.4;22.1;20.1;19.7;88.0;85.0;88.0;190.0;6.6;3.0
2020/10/23;0300 UTC;0.0;952.6;953.5;952.6;;22.0;20.4;22.1;22.0;20.4;20.1;91.0;88.0;91.0;199.0;6.6;3.2
2020/10/23;0400 UTC;0.0;952.3;952.6;952.2;;21.8;20.3;22.0;21.8;20.5;20.3;92.0;91.0;92.0;196.0;5.6;3.1
2020/10/23;0500 UTC;0.0;952.0;952.3;952.0;;21.3;19.9;21.8;21.3;20.3;19.9;92.0;91.0;92.0;184.0;5.6;2.5
2020/10/23;0600 UTC;0.0;952.0;952.0;951.9;;21.7;20.1;21.7;21.3;20.1;19.8;92.0;90.0;90.0;177.0;4.9;2.4
2020/10/23;0700 UTC;0.0;952.3;952.4;952.0;;21.7;19.9;21.8;21.6;20.1;19.8;90.0;89.0;89.0;185.0;5.1;1.9
2020/10/23;0800 UTC;0.0;952.8;952.8;952.3;8.2;21.4;20.2;21.8;21.4;20.2;19.8;92.0;89.0;92.0;188.0;4.5;2.4
2020/10/23;0900 UTC;0.0;953.5;953.5;952.8;94.7;21.8;20.6;21.8;21.4;20.6;20.2;93.0;93.0;93.0;178.0;4.9;2.0
2020/10/23;1000 UTC;0.0;954.1;954.1;953.5;391.2;22.9;21.0;22.9;21.8;21.1;20.6;93.0;89.0;89.0;172.0;4.6;2.7
2020/10/23;1100 UTC;0.0;954.1;954.2;954.1;1128.5;24.7;20.1;24.9;22.9;21.2;20.1;89.0;76.0;76.0;178.0;7.1;3.0
2020/10/23;1200 UTC;0.0;953.7;954.1;953.7;1534.9;26.4;20.0;26.4;24.7;20.7;19.5;76.0;68.0;68.0;176.0;8.3;3.1
2020/10/23;1300 UTC;0.0;953.2;953.7;953.2;2435.9;26.9;19.1;28.0;26.2;20.2;18.9;68.0;59.0;62.0;185.0;8.6;4.4
2020/10/23;1400 UTC;0.0;952.6;953.2;952.6;1948.2;27.6;19.5;28.4;26.9;19.8;18.9;63.0;59.0;62.0;176.0;8.2;4.6
2020/10/23;1500 UTC;0.0;951.5;952.6;951.5;3042.2;29.3;19.1;29.6;27.5;20.0;18.7;62.0;54.0;54.0;175.0;8.5;4.0
2020/10/23;1600 UTC;0.0;950.5;951.6;950.5;2458.7;29.2;18.8;30.1;28.7;19.9;18.7;57.0;52.0;53.0;188.0;9.2;4.4
2020/10/23;1700 UTC;0.0;950.0;950.5;949.9;2145.2;30.1;18.4;30.7;28.9;19.2;18.0;55.0;49.0;50.0;182.0;8.6;4.3
2020/10/23;1800 UTC;0.0;949.8;950.0;949.6;1768.1;29.6;18.1;30.4;29.4;18.8;18.0;51.0;49.0;50.0;189.0;9.6;4.6
2020/10/23;1900 UTC;0.0;949.9;949.9;949.7;719.3;28.2;18.1;29.6;28.1;18.3;17.8;54.0;50.0;54.0;200.0;10.4;5.8
2020/10/23;2000 UTC;0.0;950.5;950.6;949.9;221.1;26.9;18.4;28.2;26.9;18.5;18.1;60.0;54.0;60.0;183.0;10.0;4.8
2020/10/23;2100 UTC;0.0;951.4;951.5;950.5;;25.5;19.0;26.9;25.5;19.2;18.4;67.0;60.0;67.0;196.0;9.9;5.6
2020/10/23;2200 UTC;0.0;952.1;952.1;951.4;;24.4;19.2;25.6;24.4;19.3;19.1;73.0;67.0;73.0;188.0;11.0;5.0
2020/10/23;2300 UTC;0.0;952.8;952.8;952.1;;23.3;19.5;24.4;23.3;19.5;19.1;79.0;73.0;79.0;189.0;8.3;4.2
2020/10/24;0000 UTC;0.0;953.0;953.1;952.7;;22.6;19.4;23.3;22.6;19.5;19.3;82.0;79.0;82.0;181.0;7.0;3.9
2020/10/24;0100 UTC;0.0;952.8;953.0;952.8;;22.1;19.4;22.6;22.1;19.5;19.3;85.0;82.0;85.0;193.0;7.0;3.6
2020/10/24;0200 UTC;0.0;952.6;952.9;952.6;;22.1;19.7;22.2;21.9;19.7;19.4;86.0;85.0;86.0;187.0;6.1;3.2
2020/10/24;0300 UTC;0.0;951.9;952.6;951.9;;21.8;19.7;22.1;21.8;19.8;19.6;88.0;86.0;88.0;183.0;6.3;3.7
2020/10/24;0400 UTC;0.0;951.3;951.9;951.3;;21.7;20.1;21.8;21.6;20.1;19.7;90.0;88.0;90.0;183.0;5.9;2.6
2020/10/24;0500 UTC;0.0;950.9;951.4;950.9;;21.9;20.1;21.9;21.6;20.2;20.0;91.0;90.0;90.0;184.0;6.1;3.1
2020/10/24;0600 UTC;0.0;951.1;951.2;950.9;;21.8;20.2;21.9;21.8;20.2;20.1;90.0;90.0;90.0;189.0;6.4;2.9
2020/10/24;0700 UTC;0.0;951.6;951.6;951.1;;21.8;20.4;21.9;21.7;20.5;20.2;92.0;90.0;92.0;184.0;7.5;3.0
2020/10/24;0800 UTC;0.0;952.0;952.0;951.6;3.8;21.6;20.3;21.8;21.6;20.5;20.3;93.0;92.0;92.0;188.0;6.3;3.2
2020/10/24;0900 UTC;0.0;952.4;952.4;952.0;299.9;21.9;20.2;22.0;21.5;20.5;20.1;93.0;90.0;90.0;188.0;6.5;3.3
2020/10/24;1000 UTC;0.0;953.2;953.2;952.3;652.4;22.7;19.8;22.9;21.9;20.4;19.8;90.0;84.0;84.0;183.0;8.4;4.1
2020/10/24;1100 UTC;0.0;953.3;953.3;953.2;1232.2;25.0;20.3;25.1;22.7;20.6;19.6;84.0;74.0;75.0;183.0;7.2;3.2
2020/10/24;1200 UTC;0.0;953.3;953.5;953.2;1860.4;26.4;18.7;27.0;24.8;20.1;18.5;75.0;63.0;63.0;177.0;8.9;3.9
2020/10/24;1300 UTC;0.0;952.9;953.3;952.9;2742.7;28.0;18.1;28.4;26.0;19.2;17.9;63.0;54.0;55.0;171.0;9.3;4.9
2020/10/24;1400 UTC;0.0;952.1;953.0;952.1;3275.2;29.7;18.3;29.7;27.8;18.9;17.4;55.0;50.0;50.0;172.0;9.4;3.4
2020/10/24;1500 UTC;0.0;950.9;952.1;950.9;3119.1;30.6;17.2;31.9;28.7;18.8;17.0;51.0;44.0;45.0;181.0;8.6;3.2
2020/10/24;1600 UTC;0.0;949.9;950.9;949.9;2827.3;30.8;17.4;31.6;30.0;17.9;16.8;47.0;43.0;45.0;177.0;10.2;4.7
2020/10/24;1700 UTC;0.0;949.3;949.9;949.2;2785.3;31.0;17.4;31.5;30.2;17.9;16.8;46.0;43.0;44.0;176.0;10.2;5.0
2020/10/24;1800 UTC;0.0;949.3;949.3;949.1;1765.7;29.5;17.6;31.2;29.4;18.1;17.2;49.0;44.0;49.0;159.0;10.3;5.3
2020/10/24;1900 UTC;0.0;950.0;950.0;949.3;1099.9;28.6;18.7;30.2;28.4;18.7;17.6;55.0;48.0;55.0;183.0;10.1;5.6
2020/10/24;2000 UTC;0.0;950.2;950.2;949.9;295.3;26.7;18.5;28.6;26.7;18.8;18.4;61.0;55.0;61.0;190.0;10.1;5.6
2020/10/24;2100 UTC;0.0;950.9;950.9;950.2;;25.0;19.1;26.7;25.0;19.1;18.5;70.0;61.0;70.0;200.0;10.4;6.4
2020/10/24;2200 UTC;0.0;951.8;951.8;950.9;;23.9;19.5;25.0;23.9;19.5;19.1;77.0;70.0;77.0;192.0;10.4;4.7
2020/10/24;2300 UTC;0.0;952.3;952.3;951.8;;22.9;20.1;23.9;22.9;20.1;19.5;84.0;77.0;84.0;194.0;9.3;4.6
2020/10/25;0000 UTC;0.0;952.5;952.6;952.3;;22.3;20.2;23.0;22.3;20.4;20.1;88.0;84.0;88.0;198.0;8.3;4.2
2020/10/25;0100 UTC;0.0;952.3;952.5;952.3;;21.8;20.4;22.3;21.8;20.4;20.2;91.0;88.0;91.0;189.0;8.3;3.8
2020/10/25;0200 UTC;0.0;951.7;952.3;951.7;;21.4;20.3;21.8;21.4;20.4;20.3;93.0;91.0;93.0;195.0;8.3;4.5
2020/10/25;0300 UTC;0.0;950.9;951.7;950.8;;21.5;20.7;21.5;21.4;20.7;20.3;95.0;93.0;95.0;192.0;8.5;4.7
2020/10/25;0400 UTC;0.0;950.1;950.9;950.1;;21.5;20.7;21.6;21.4;20.8;20.6;96.0;95.0;95.0;200.0;10.1;4.3
2020/10/25;0500 UTC;0.0;949.7;950.1;949.6;;21.4;20.5;21.5;21.2;20.7;20.4;95.0;95.0;95.0;184.0;9.3;4.1
2020/10/25;0600 UTC;0.0;949.9;949.9;949.7;;21.4;20.1;21.4;21.3;20.5;20.1;95.0;93.0;93.0;195.0;9.1;5.3
2020/10/25;0700 UTC;0.0;950.3;950.4;949.9;;21.2;20.2;21.4;21.2;20.2;20.0;94.0;92.0;94.0;196.0;9.1;4.6
2020/10/25;0800 UTC;0.0;950.8;950.8;950.3;5.5;21.1;20.3;21.3;21.1;20.3;20.2;95.0;94.0;95.0;197.0;8.1;4.3
2020/10/25;0900 UTC;0.0;951.6;951.6;950.8;204.3;21.6;20.7;21.7;21.1;20.8;20.3;95.0;94.0;94.0;188.0;7.3;3.0
2020/10/25;1000 UTC;0.0;952.5;952.5;951.6;655.3;22.8;20.2;22.9;21.6;20.9;20.2;94.0;85.0;86.0;200.0;8.6;4.8
2020/10/25;1100 UTC;0.0;952.9;952.9;952.5;1358.5;24.3;20.2;24.8;22.8;20.7;19.7;86.0;77.0;78.0;178.0;8.9;3.6
2020/10/25;1200 UTC;0.0;952.9;953.0;952.8;1987.8;26.5;20.2;26.7;24.3;20.6;19.2;78.0;67.0;68.0;194.0;9.4;5.2
2020/10/25;1300 UTC;0.0;952.3;952.9;952.3;2770.9;28.3;19.4;28.8;26.0;20.7;18.8;68.0;58.0;59.0;182.0;9.4;3.8
2020/10/25;1400 UTC;0.0;951.4;952.3;951.4;3012.6;29.6;18.8;30.0;27.7;20.0;18.4;59.0;52.0;52.0;183.0;8.7;4.8
2020/10/25;1500 UTC;0.0;950.1;951.4;950.1;2999.6;30.6;18.4;31.6;29.5;19.3;17.4;53.0;45.0;48.0;192.0;8.5;4.5
2020/10/25;1600 UTC;0.0;949.2;950.1;949.2;2715.4;31.0;18.0;31.6;30.0;18.9;17.5;49.0;44.0;46.0;147.0;10.0;4.5
2020/10/25;1700 UTC;0.0;948.7;949.2;948.6;2559.2;31.3;17.4;32.4;29.9;18.6;16.7;49.0;41.0;43.0;190.0;10.0;4.2
2020/10/25;1800 UTC;0.0;948.8;948.8;948.6;1844.2;30.6;17.4;32.0;30.1;17.9;16.9;46.0;42.0;45.0;178.0;10.0;4.6
2020/10/25;1900 UTC;0.0;949.2;949.2;948.7;1173.8;29.1;18.3;30.9;29.1;18.7;17.1;52.0;45.0;52.0;182.0;10.1;4.9
2020/10/25;2000 UTC;0.0;949.9;949.9;949.2;334.4;26.8;20.0;29.4;26.8;20.0;18.4;66.0;52.0;66.0;166.0;9.5;5.4
2020/10/25;2100 UTC;0.0;950.7;950.7;949.9;;25.3;20.1;26.8;25.3;20.2;19.9;73.0;66.0;73.0;179.0;9.2;4.4
2020/10/25;2200 UTC;0.0;951.4;951.4;950.7;;24.1;20.5;25.4;24.0;20.5;20.1;81.0;73.0;81.0;180.0;10.7;5.3
2020/10/25;2300 UTC;0.0;951.9;951.9;951.4;;23.0;20.3;24.2;23.0;20.7;20.3;85.0;81.0;85.0;130.0;9.3;4.9
2020/10/26;0000 UTC;0.0;952.1;952.3;951.9;;22.7;19.9;23.0;22.6;20.4;19.9;85.0;84.0;84.0;172.0;9.6;4.4
2020/10/26;0100 UTC;0.0;952.2;952.4;952.1;;22.1;19.6;22.7;22.1;20.2;19.6;86.0;84.0;86.0;182.0;8.3;3.7
2020/10/26;0200 UTC;0.0;951.3;952.2;951.3;;21.6;19.9;22.1;21.6;19.9;19.6;90.0;86.0;90.0;189.0;7.6;2.9
2020/10/26;0300 UTC;0.0;950.8;951.3;950.8;;21.5;20.1;21.6;21.5;20.1;19.9;92.0;90.0;92.0;131.0;7.4;2.6
2020/10/26;0400 UTC;0.0;950.3;950.8;950.3;;21.6;20.2;21.6;21.5;20.3;20.1;92.0;92.0;92.0;156.0;6.3;2.5
2020/10/26;0500 UTC;0.0;950.1;950.3;949.9;;21.3;20.2;21.5;21.3;20.3;20.1;94.0;92.0;93.0;184.0;5.8;2.9
2020/10/26;0600 UTC;0.0;949.9;950.2;949.9;;21.2;20.2;21.4;21.1;20.4;20.1;94.0;93.0;94.0;66.0;7.1;2.9
2020/10/26;0700 UTC;0.0;950.2;950.2;949.9;;21.4;20.4;21.4;21.1;20.5;20.1;94.0;94.0;94.0;154.0;6.3;3.2
2020/10/26;0800 UTC;0.0;950.9;950.9;950.2;6.5;21.4;20.3;21.6;21.4;20.7;20.3;95.0;93.0;93.0;22.0;6.8;3.1
2020/10/26;0900 UTC;0.0;951.1;951.1;950.9;183.4;21.9;20.5;21.9;21.4;20.6;20.3;94.0;92.0;92.0;359.0;6.8;1.9
2020/10/26;1000 UTC;0.0;951.5;951.5;951.0;719.8;23.7;20.9;23.7;21.9;21.1;20.2;92.0;84.0;84.0;1.0;6.3;2.7
2020/10/26;1100 UTC;0.0;951.7;951.8;951.5;1982.2;25.2;19.8;25.8;23.7;21.6;19.0;85.0;69.0;72.0;10.0;9.3;4.0
2020/10/26;1200 UTC;0.0;951.5;951.8;951.5;2754.7;26.8;18.7;28.2;25.2;20.5;18.4;73.0;58.0;61.0;342.0;9.7;3.0
2020/10/26;1300 UTC;0.0;950.8;951.5;950.8;3289.1;28.6;18.0;29.2;26.2;19.6;18.0;64.0;52.0;53.0;355.0;9.4;4.2
2020/10/26;1400 UTC;0.0;949.8;950.9;949.8;3836.2;30.1;17.8;30.8;28.6;18.6;17.5;54.0;47.0;48.0;243.0;9.6;4.7
2020/10/26;1500 UTC;0.0;948.8;949.8;948.8;3712.8;31.3;18.2;31.7;29.7;18.5;17.0;48.0;44.0;46.0;352.0;8.9;3.9
2020/10/26;1600 UTC;0.0;947.9;948.8;947.9;3322.1;31.3;18.0;32.3;30.5;18.7;17.5;47.0;43.0;45.0;344.0;8.8;3.5
2020/10/26;1700 UTC;0.0;947.6;947.9;947.5;2614.6;31.2;17.5;32.3;30.8;18.3;16.6;45.0;40.0;44.0;192.0;10.3;4.0
2020/10/26;1800 UTC;0.0;947.4;947.6;947.4;2154.0;30.7;17.8;31.6;30.4;18.0;17.4;47.0;44.0;46.0;175.0;11.6;4.9
2020/10/26;1900 UTC;0.0;947.5;947.5;947.3;1247.0;29.1;18.3;31.0;29.1;18.3;17.6;52.0;46.0;52.0;134.0;10.3;5.8
2020/10/26;2000 UTC;0.0;948.0;948.0;947.5;291.7;26.8;19.4;29.2;26.8;19.4;18.2;64.0;52.0;64.0;168.0;10.3;5.5
2020/10/26;2100 UTC;0.0;949.0;949.0;947.9;;24.8;19.7;26.8;24.8;19.9;19.5;73.0;64.0;73.0;148.0;11.5;5.5
2020/10/26;2200 UTC;0.0;949.9;950.0;949.0;;23.6;19.8;24.8;23.6;19.9;19.5;79.0;73.0;79.0;105.0;11.1;4.8
2020/10/26;2300 UTC;0.0;950.8;950.8;949.9;;22.8;20.1;23.6;22.8;20.1;19.8;85.0;79.0;85.0;139.0;11.5;5.0
2020/10/27;0000 UTC;0.0;951.0;951.1;950.8;;22.6;20.6;22.9;22.5;20.7;20.1;88.0;85.0;88.0;159.0;10.4;4.3
2020/10/27;0100 UTC;0.0;951.2;951.3;951.0;;22.4;20.5;22.7;22.3;20.7;20.4;89.0;88.0;89.0;352.0;11.0;3.6
2020/10/27;0200 UTC;0.0;951.1;951.4;951.0;;22.4;20.2;22.5;22.3;20.5;20.2;89.0;87.0;88.0;350.0;9.5;1.9
2020/10/27;0300 UTC;0.0;951.2;951.4;951.1;;22.4;20.1;22.6;22.4;20.4;20.1;88.0;87.0;87.0;8.0;5.3;2.2
2020/10/27;0400 UTC;0.0;950.7;951.2;950.7;;22.3;20.3;22.4;22.2;20.3;20.1;89.0;87.0;89.0;204.0;4.9;1.8
2020/10/27;0500 UTC;0.0;950.1;950.7;950.1;;22.0;20.2;22.3;21.8;20.4;20.1;90.0;89.0;90.0;2.0;5.3;1.6
2020/10/27;0600 UTC;0.0;950.1;950.3;950.0;;21.7;19.9;22.0;21.7;20.3;19.9;90.0;90.0;90.0;359.0;4.5;2.0
2020/10/27;0700 UTC;0.0;950.3;950.4;950.1;;21.4;19.9;21.7;21.4;20.0;19.8;91.0;89.0;91.0;352.0;4.5;2.6
2020/10/27;0800 UTC;0.0;950.4;950.5;950.2;5.9;21.3;20.0;21.4;21.2;20.0;19.8;92.0;91.0;92.0;347.0;5.3;2.0
2020/10/27;0900 UTC;0.0;950.8;950.8;950.4;324.7;22.6;20.8;22.6;21.2;20.8;20.0;93.0;89.0;90.0;10.0;5.3;2.5
2020/10/27;1000 UTC;0.0;951.4;951.4;950.8;1072.0;23.8;20.2;24.0;22.3;21.0;19.4;90.0;79.0;80.0;1.0;6.7;3.0
2020/10/27;1100 UTC;0.0;951.4;951.4;951.2;1329.8;25.4;19.7;25.4;23.7;20.7;19.0;80.0;70.0;71.0;360.0;6.7;2.0
2020/10/27;1200 UTC;0.0;951.1;951.4;951.1;2439.7;27.7;18.3;28.0;25.4;19.8;18.1;71.0;56.0;57.0;282.0;6.4;2.2
2020/10/27;1300 UTC;0.0;950.9;951.1;950.7;2413.8;28.4;18.5;29.4;26.8;19.2;18.0;59.0;53.0;55.0;189.0;8.2;3.6
2020/10/27;1400 UTC;0.0;950.0;950.9;950.0;3455.4;30.0;17.7;30.0;28.3;18.7;17.2;55.0;47.0;48.0;356.0;8.2;3.1
2020/10/27;1500 UTC;0.0;948.9;950.0;948.9;3438.5;31.4;17.5;31.5;30.0;18.1;16.9;48.0;43.0;44.0;341.0;7.9;3.4
2020/10/27;1600 UTC;0.0;948.1;948.9;948.1;3257.0;31.8;17.0;32.5;30.7;18.0;17.0;45.0;41.0;41.0;272.0;7.9;3.2
2020/10/27;1700 UTC;0.0;947.7;948.1;947.6;1809.6;31.2;17.5;31.8;30.5;17.9;16.9;45.0;41.0;44.0;52.0;7.7;3.5
2020/10/27;1800 UTC;0.0;947.4;947.7;947.3;1582.0;30.3;18.1;31.6;30.0;18.1;17.2;48.0;44.0;48.0;133.0;8.2;3.6
2020/10/27;1900 UTC;0.0;947.4;947.5;947.3;1169.8;28.5;19.4;31.0;28.5;19.6;18.1;58.0;48.0;58.0;99.0;10.4;4.7
2020/10/27;2000 UTC;0.0;948.2;948.3;947.3;294.9;26.3;19.7;28.5;26.2;19.8;19.3;67.0;58.0;67.0;170.0;11.1;4.0
2020/10/27;2100 UTC;0.0;948.9;948.9;948.2;;24.3;19.7;26.3;24.3;19.7;19.5;75.0;67.0;75.0;127.0;10.3;4.8
2020/10/27;2200 UTC;0.0;949.6;949.6;948.8;;23.4;19.9;24.3;23.3;19.9;19.6;81.0;75.0;81.0;354.0;10.7;5.0
2020/10/27;2300 UTC;0.0;950.4;950.5;949.6;;22.9;20.0;23.4;22.9;20.1;19.8;84.0;81.0;84.0;3.0;10.1;4.9
2020/10/28;0000 UTC;0.0;951.3;951.3;950.4;;22.8;20.2;22.9;22.7;20.3;19.9;85.0;84.0;85.0;171.0;10.1;2.9
2020/10/28;0100 UTC;0.0;951.6;951.7;951.3;;21.8;20.2;22.9;21.8;20.3;20.0;91.0;85.0;91.0;126.0;6.1;3.1
2020/10/28;0200 UTC;0.0;951.0;951.6;951.0;;21.9;20.4;22.0;21.8;20.6;20.3;92.0;91.0;91.0;190.0;6.0;3.2
2020/10/28;0300 UTC;0.0;950.1;951.0;950.1;;21.9;20.2;22.1;21.7;20.4;20.1;92.0;90.0;90.0;185.0;5.9;3.2
2020/10/28;0400 UTC;0.0;949.3;950.1;949.3;;21.1;20.0;22.0;21.1;20.3;20.0;93.0;90.0;93.0;174.0;6.5;3.6
2020/10/28;0500 UTC;0.2;948.8;949.3;948.8;;21.0;20.3;21.1;20.6;20.3;19.6;95.0;93.0;95.0;102.0;6.7;2.8
2020/10/28;0600 UTC;0.0;949.0;949.0;948.7;;21.2;20.6;21.2;21.0;20.6;20.3;96.0;95.0;96.0;170.0;6.8;1.9
2020/10/28;0700 UTC;0.0;949.3;949.3;949.0;;21.4;20.7;21.4;21.2;20.7;20.5;96.0;96.0;96.0;156.0;6.5;3.5
2020/10/28;0800 UTC;0.0;949.7;949.7;949.3;3.4;21.4;20.6;21.5;21.3;20.8;20.5;96.0;95.0;95.0;172.0;6.9;3.1
2020/10/28;0900 UTC;0.0;950.3;950.3;949.7;172.7;21.9;20.8;21.9;21.3;21.0;20.6;96.0;93.0;94.0;191.0;6.8;3.2
2020/10/28;1000 UTC;0.0;951.2;951.2;950.3;432.4;22.4;20.8;22.4;21.9;21.1;20.6;94.0;91.0;91.0;107.0;7.3;3.9
2020/10/28;1100 UTC;0.0;951.7;951.7;951.2;763.7;23.7;20.6;23.7;22.4;21.1;20.2;91.0;83.0;83.0;343.0;7.2;2.8
2020/10/28;1200 UTC;0.0;951.3;951.7;951.3;1877.4;25.9;18.7;26.3;23.6;20.6;18.7;83.0;64.0;64.0;183.0;8.5;3.7
2020/10/28;1300 UTC;0.0;950.9;951.3;950.9;2188.2;27.8;17.6;27.9;25.8;18.8;17.0;65.0;53.0;54.0;186.0;8.9;3.8
2020/10/28;1400 UTC;0.0;950.1;950.9;950.0;2145.4;28.6;17.3;28.8;27.4;18.1;17.1;55.0;50.0;50.0;167.0;8.2;3.6
2020/10/28;1500 UTC;0.0;949.1;950.1;949.1;1824.9;29.0;17.3;29.5;28.2;17.9;16.9;52.0;48.0;49.0;153.0;9.0;4.1
2020/10/28;1600 UTC;0.0;948.5;949.1;948.5;2800.3;30.9;17.3;31.0;28.8;17.6;16.1;49.0;43.0;44.0;181.0;9.0;3.8
2020/10/28;1700 UTC;0.0;948.0;948.5;948.0;2363.9;30.1;16.2;31.3;29.6;17.3;15.9;44.0;42.0;43.0;180.0;8.5;4.3
2020/10/28;1800 UTC;0.0;947.7;948.0;947.7;2166.3;29.7;16.2;30.8;29.7;16.5;15.7;44.0;41.0;44.0;188.0;9.0;5.1
2020/10/28;1900 UTC;0.0;948.1;948.1;947.7;1305.1;28.3;16.6;30.1;28.3;17.0;15.9;49.0;43.0;49.0;188.0;10.4;4.4
2020/10/28;2000 UTC;0.0;948.5;948.5;948.0;318.6;26.5;17.0;28.4;26.5;17.3;16.5;56.0;49.0;56.0;175.0;9.8;4.8
2020/10/28;2100 UTC;0.0;949.4;949.4;948.5;;24.5;18.1;26.5;24.5;18.2;17.0;67.0;56.0;67.0;162.0;9.9;5.2
2020/10/28;2200 UTC;0.0;950.4;950.4;949.4;;23.4;18.6;24.5;23.4;18.6;18.1;75.0;67.0;75.0;74.0;10.6;5.2
2020/10/28;2300 UTC;0.0;951.3;951.3;950.3;;22.5;19.2;23.4;22.5;19.3;18.7;81.0;75.0;81.0;183.0;10.1;3.9
2020/10/29;0000 UTC;0.0;951.9;951.9;951.3;;21.9;19.5;22.5;21.9;19.5;19.1;86.0;81.0;86.0;137.0;9.2;4.2
2020/10/29;0100 UTC;0.0;951.8;952.1;951.8;;21.6;19.9;22.0;21.6;19.9;19.6;90.0;86.0;90.0;168.0;8.5;4.2
2020/10/29;0200 UTC;0.0;951.1;951.8;951.1;;21.3;19.9;21.6;21.3;20.1;19.8;92.0;90.0;92.0;172.0;8.5;3.8
2020/10/29;0300 UTC;0.0;950.5;951.1;950.5;;21.3;20.0;21.4;21.3;20.1;19.9;92.0;92.0;92.0;180.0;8.0;3.4
2020/10/29;0400 UTC;0.0;950.2;950.5;950.2;;21.0;20.0;21.3;21.0;20.1;19.9;94.0;92.0;94.0;180.0;7.9;3.5
2020/10/29;0500 UTC;0.0;950.2;950.5;950.1;;21.0;20.1;21.1;20.9;20.1;19.9;94.0;94.0;94.0;189.0;8.0;3.3
2020/10/29;0600 UTC;0.0;950.6;950.6;950.0;;20.8;19.9;21.0;20.7;20.1;19.9;95.0;94.0;95.0;195.0;6.5;3.0
2020/10/29;0700 UTC;0.0;950.5;950.7;950.5;;20.8;20.0;21.0;20.7;20.1;19.9;95.0;95.0;95.0;201.0;6.1;3.6
2020/10/29;0800 UTC;0.0;951.0;951.0;950.5;4.5;20.8;20.0;20.8;20.7;20.1;19.9;96.0;95.0;95.0;184.0;6.8;3.8
2020/10/29;0900 UTC;0.0;951.7;951.7;951.0;221.7;21.0;20.1;21.1;20.7;20.2;19.9;95.0;94.0;95.0;194.0;7.3;3.6
2020/10/29;1000 UTC;0.0;952.3;952.4;951.7;833.0;23.4;20.3;23.4;21.0;20.5;20.0;95.0;83.0;83.0;166.0;8.5;3.4
2020/10/29;1100 UTC;0.0;952.4;952.5;952.2;2150.8;25.5;17.6;25.7;23.2;20.5;17.1;83.0;61.0;62.0;165.0;7.2;3.5
2020/10/29;1200 UTC;0.0;952.2;952.6;952.2;2250.8;26.6;17.4;26.7;25.3;18.0;16.9;61.0;57.0;57.0;191.0;8.9;4.5
2020/10/29;1300 UTC;0.0;951.9;952.3;951.9;2728.5;27.8;17.4;28.3;26.2;18.0;16.9;58.0;53.0;53.0;192.0;11.4;5.2
2020/10/29;1400 UTC;0.0;951.3;951.9;951.3;2704.9;27.6;17.8;29.0;27.1;18.3;17.1;55.0;50.0;55.0;177.0;10.5;5.1
2020/10/29;1500 UTC;0.0;950.3;951.4;950.3;2178.1;28.4;17.8;28.9;27.3;19.0;17.3;59.0;51.0;53.0;170.0;9.7;4.7
2020/10/29;1600 UTC;0.0;949.2;950.3;949.2;2623.0;29.4;17.5;30.3;28.2;18.3;17.0;53.0;48.0;49.0;176.0;8.8;4.0
2020/10/29;1700 UTC;0.0;948.5;949.2;948.5;2151.0;30.0;17.0;30.6;28.9;18.1;17.0;51.0;46.0;46.0;178.0;8.9;4.8
2020/10/29;1800 UTC;0.0;948.5;948.5;948.3;1824.7;29.4;17.0;30.8;29.1;17.6;16.6;48.0;44.0;47.0;181.0;10.8;5.2
2020/10/29;1900 UTC;0.0;948.7;948.8;948.5;1198.1;28.1;16.7;30.0;28.1;17.3;16.6;50.0;46.0;50.0;186.0;9.9;5.3
2020/10/29;2000 UTC;0.0;949.0;949.0;948.7;272.7;26.4;16.9;28.4;26.4;17.1;16.5;56.0;50.0;56.0;196.0;11.2;5.2
2020/10/29;2100 UTC;0.0;949.9;949.9;949.0;;25.0;17.2;26.4;25.0;17.3;16.9;62.0;56.0;62.0;194.0;8.7;4.2
2020/10/29;2200 UTC;0.0;950.9;950.9;949.9;;23.6;17.8;25.0;23.6;17.8;17.2;70.0;62.0;70.0;179.0;8.6;3.9
2020/10/29;2300 UTC;0.0;951.9;951.9;950.9;;22.6;18.6;23.6;22.6;18.6;17.8;78.0;70.0;78.0;191.0;8.5;3.8
2020/10/30;0000 UTC;0.0;952.2;952.2;951.9;;21.9;19.4;22.6;21.9;19.4;18.6;86.0;78.0;86.0;187.0;8.5;5.0
2020/10/30;0100 UTC;0.0;951.8;952.4;951.7;;21.6;19.8;22.0;21.6;19.9;19.5;89.0;86.0;89.0;189.0;8.2;3.8
2020/10/30;0200 UTC;0.0;951.3;951.9;951.3;;21.6;20.1;21.6;21.5;20.1;19.8;91.0;89.0;91.0;191.0;8.1;3.8
2020/10/30;0300 UTC;0.0;950.7;951.3;950.6;;21.3;19.9;21.6;21.3;20.1;19.9;92.0;91.0;92.0;179.0;7.7;3.9
2020/10/30;0400 UTC;0.0;950.4;950.7;950.4;;21.3;20.1;21.4;21.2;20.2;19.9;93.0;92.0;93.0;199.0;7.9;4.0
2020/10/30;0500 UTC;0.0;950.3;950.4;950.2;;21.1;20.2;21.3;21.0;20.2;20.0;95.0;93.0;95.0;195.0;8.0;4.4
2020/10/30;0600 UTC;0.0;950.3;950.3;950.1;;20.8;20.2;21.1;20.8;20.2;20.1;96.0;95.0;96.0;189.0;8.0;3.1
2020/10/30;0700 UTC;0.0;950.8;950.8;950.3;;20.9;20.2;20.9;20.7;20.3;20.1;96.0;96.0;96.0;188.0;6.3;3.2
2020/10/30;0800 UTC;0.0;951.4;951.4;950.8;7.9;21.1;20.5;21.1;20.9;20.5;20.2;97.0;96.0;96.0;194.0;6.9;3.1
2020/10/30;0900 UTC;0.0;952.2;952.2;951.4;239.1;21.7;20.8;21.7;21.0;20.9;20.4;96.0;95.0;95.0;180.0;8.6;4.2
2020/10/30;1000 UTC;0.0;952.9;952.9;952.2;762.8;22.9;20.6;22.9;21.6;21.2;20.4;95.0;87.0;87.0;191.0;8.6;5.2
2020/10/30;1100 UTC;0.0;953.0;953.1;952.9;1816.2;26.0;19.7;26.1;22.8;20.8;18.8;87.0;68.0;68.0;182.0;9.0;4.4
2020/10/30;1200 UTC;0.0;952.8;953.0;952.8;2754.9;26.6;18.0;27.5;25.0;19.5;18.0;69.0;58.0;59.0;181.0;8.8;4.9
2020/10/30;1300 UTC;0.0;952.5;952.8;952.4;3258.5;29.0;17.6;29.2;26.6;18.7;17.4;61.0;50.0;50.0;183.0;9.1;4.7
2020/10/30;1400 UTC;0.0;951.8;952.5;951.8;3753.1;30.1;17.3;30.6;28.2;17.9;16.7;52.0;45.0;46.0;142.0;9.6;4.1
2020/10/30;1500 UTC;0.0;950.8;951.8;950.8;3745.3;30.8;16.9;31.4;29.5;18.1;16.7;48.0;43.0;43.0;203.0;9.4;4.9
2020/10/30;1600 UTC;0.0;950.0;950.8;950.0;3357.8;31.2;16.1;32.6;30.5;17.1;15.5;43.0;37.0;40.0;196.0;9.2;4.9
2020/10/30;1700 UTC;0.0;949.4;950.0;949.4;2529.9;30.9;16.2;32.1;30.1;16.7;15.6;43.0;38.0;41.0;172.0;11.7;4.8
2020/10/30;1800 UTC;0.0;949.3;949.4;949.2;1813.1;30.7;17.2;31.8;30.0;17.2;15.8;45.0;39.0;44.0;181.0;9.5;4.3
2020/10/30;1900 UTC;0.0;949.6;949.6;949.3;1075.4;29.0;17.1;31.0;28.9;17.3;16.4;49.0;43.0;48.0;196.0;10.5;5.0
2020/10/30;2000 UTC;0.0;950.2;950.2;949.6;282.1;27.0;18.1;29.1;27.0;18.2;16.9;59.0;48.0;59.0;193.0;10.4;5.8
2020/10/30;2100 UTC;0.0;950.9;950.9;950.2;;25.2;19.1;27.0;25.2;19.2;18.2;69.0;59.0;69.0;190.0;11.0;6.4
2020/10/30;2200 UTC;0.0;951.6;951.6;950.9;;23.8;19.8;25.2;23.8;19.8;19.2;78.0;69.0;78.0;169.0;11.5;6.7
2020/10/30;2300 UTC;0.0;952.2;952.2;951.6;;22.9;19.8;23.8;22.9;19.9;19.6;83.0;78.0;83.0;119.0;11.6;4.7
2020/10/31;0000 UTC;0.0;952.3;952.3;952.1;;22.3;20.1;22.9;22.3;20.2;19.8;87.0;83.0;87.0;171.0;9.7;4.1
2020/10/31;0100 UTC;0.0;952.2;952.4;952.2;;22.2;20.7;22.4;22.2;20.7;20.2;91.0;88.0;91.0;184.0;8.5;4.7
2020/10/31;0200 UTC;0.0;951.8;952.2;951.8;;22.0;20.8;22.2;21.9;20.8;20.6;93.0;91.0;93.0;173.0;8.5;3.6
2020/10/31;0300 UTC;0.0;951.3;951.8;951.2;;21.8;20.8;22.0;21.8;20.9;20.7;94.0;93.0;94.0;168.0;9.1;4.6
2020/10/31;0400 UTC;0.0;950.9;951.3;950.9;;21.8;20.7;21.9;21.7;20.8;20.7;94.0;94.0;94.0;181.0;9.1;3.5
2020/10/31;0500 UTC;0.0;950.5;950.9;950.5;;21.5;20.7;21.8;21.5;20.8;20.7;95.0;94.0;95.0;175.0;8.2;3.4
2020/10/31;0600 UTC;0.0;950.5;950.5;950.4;;21.7;20.9;21.7;21.5;20.9;20.7;96.0;95.0;96.0;196.0;7.1;3.0
2020/10/31;0700 UTC;0.0;951.0;951.0;950.5;;21.7;21.0;21.7;21.6;21.0;20.9;96.0;96.0;96.0;196.0;6.8;4.0
2020/10/31;0800 UTC;0.0;951.3;951.3;951.0;3.7;21.7;21.0;21.8;21.7;21.1;20.9;96.0;95.0;95.0;190.0;7.6;3.7
2020/10/31;0900 UTC;0.0;951.9;951.9;951.3;242.2;22.4;21.2;22.4;21.7;21.3;21.0;95.0;93.0;93.0;189.0;8.6;4.1
2020/10/31;1000 UTC;0.0;952.7;952.7;951.9;568.7;23.3;21.1;23.3;22.4;21.5;20.9;93.0;88.0;88.0;181.0;8.0;4.3
2020/10/31;1100 UTC;0.0;953.0;953.0;952.6;1319.6;25.1;19.8;25.3;23.2;21.1;19.5;88.0;72.0;72.0;193.0;9.5;5.0
2020/10/31;1200 UTC;0.0;953.2;953.3;953.0;1729.0;24.9;20.7;25.8;24.4;21.1;19.5;79.0;70.0;78.0;354.0;9.0;3.2
2020/10/31;1300 UTC;0.0;952.9;953.2;952.9;1690.5;24.8;19.8;25.5;24.4;20.9;19.5;78.0;73.0;74.0;195.0;8.0;5.1
2020/10/31;1400 UTC;0.0;952.2;953.0;952.2;2697.7;27.5;20.3;27.5;24.5;22.0;19.7;80.0;65.0;65.0;175.0;9.3;4.8
2020/10/31;1500 UTC;0.0;951.2;952.2;951.2;2451.2;27.8;20.0;27.8;25.7;20.4;19.2;69.0;62.0;63.0;191.0;9.3;4.4
2020/10/31;1600 UTC;0.0;950.1;951.2;950.1;3158.0;27.8;19.9;29.4;27.5;21.1;19.6;65.0;59.0;62.0;99.0;8.5;4.6
2020/10/31;1700 UTC;0.0;949.3;950.1;949.3;2901.5;29.1;19.5;29.7;27.8;20.4;19.2;62.0;55.0;56.0;172.0;10.2;4.1
2020/10/31;1800 UTC;0.0;949.6;949.6;949.3;1743.5;26.0;20.7;29.6;25.8;21.2;19.5;74.0;56.0;73.0;165.0;9.5;4.8
2020/10/31;1900 UTC;0.0;949.8;949.8;949.6;1224.4;26.5;20.3;26.9;25.9;21.0;20.1;73.0;68.0;69.0;134.0;8.4;4.8
2020/10/31;2000 UTC;0.0;950.3;950.3;949.8;362.9;25.0;20.3;26.6;25.0;20.5;19.8;75.0;69.0;75.0;161.0;9.9;5.4
2020/10/31;2100 UTC;0.0;950.6;950.6;950.3;;24.0;20.8;25.1;24.0;20.8;20.4;82.0;75.0;82.0;164.0;9.7;5.0
2020/10/31;2200 UTC;0.0;951.2;951.2;950.6;;23.4;20.8;24.0;23.4;21.2;20.7;87.0;82.0;86.0;171.0;9.4;3.9
2020/10/31;2300 UTC;0.0;951.5;951.5;951.2;;22.7;20.6;23.4;22.7;20.8;20.6;88.0;86.0;88.0;164.0;9.0;4.7
2020/11/01;0000 UTC;0.0;952.1;952.1;951.5;;22.4;20.8;22.8;22.4;20.8;20.6;90.0;88.0;90.0;177.0;8.7;4.2
2020/11/01;0100 UTC;0.0;952.1;952.4;952.1;;22.3;20.9;22.5;22.3;21.0;20.8;92.0;90.0;92.0;180.0;8.7;3.2
2020/11/01;0200 UTC;0.0;951.6;952.1;951.6;;22.3;21.0;22.4;22.2;21.0;20.8;92.0;92.0;92.0;176.0;7.1;3.4
2020/11/01;0300 UTC;0.0;951.2;951.7;951.2;;22.2;21.0;22.4;22.2;21.1;20.8;93.0;92.0;93.0;172.0;8.1;4.1
2020/11/01;0400 UTC;0.0;951.0;951.2;951.0;;22.1;20.9;22.2;22.0;21.0;20.8;93.0;93.0;93.0;167.0;7.5;3.0
2020/11/01;0500 UTC;0.0;950.4;951.1;950.4;;22.0;20.8;22.1;22.0;21.0;20.8;93.0;93.0;93.0;176.0;5.7;3.1
2020/11/01;0600 UTC;0.0;950.3;950.4;950.3;;21.8;20.7;22.0;21.8;20.8;20.6;93.0;93.0;93.0;169.0;6.1;3.0
2020/11/01;0700 UTC;0.0;950.6;950.6;950.3;;21.8;20.8;21.9;21.8;20.8;20.7;94.0;93.0;94.0;188.0;6.3;2.7
2020/11/01;0800 UTC;0.0;950.5;950.8;950.5;0.2;21.8;20.8;21.9;21.7;21.0;20.7;94.0;94.0;94.0;195.0;6.4;3.8
2020/11/01;0900 UTC;0.0;950.9;950.9;950.5;251.1;22.1;21.1;22.1;21.6;21.2;20.8;96.0;94.0;94.0;184.0;7.7;3.7
2020/11/01;1000 UTC;0.0;951.5;951.5;950.8;913.5;23.9;21.4;23.9;22.0;21.5;20.9;94.0;85.0;86.0;203.0;8.5;3.8
2020/11/01;1100 UTC;0.0;952.0;952.0;951.5;1488.0;25.2;20.0;25.6;23.6;21.4;20.0;86.0;72.0;73.0;179.0;9.3;3.5
2020/11/01;1200 UTC;0.0;951.9;952.1;951.9;2025.7;26.5;19.9;26.6;24.9;20.8;19.5;73.0;67.0;67.0;203.0;7.7;3.6
2020/11/01;1300 UTC;0.0;951.5;951.9;951.5;1868.7;27.3;19.4;27.6;26.3;20.4;19.1;67.0;62.0;62.0;359.0;7.4;2.9
2020/11/01;1400 UTC;0.0;950.4;951.5;950.4;3221.8;29.7;18.7;30.1;27.1;19.6;18.5;62.0;52.0;52.0;173.0;7.3;3.4
2020/11/01;1500 UTC;0.0;949.1;950.4;949.1;3001.3;30.7;19.2;30.9;29.0;19.5;18.1;54.0;49.0;50.0;175.0;7.9;3.5
2020/11/01;1600 UTC;0.0;948.2;949.2;948.2;1955.8;30.3;19.2;30.9;29.0;19.4;18.4;55.0;49.0;52.0;318.0;7.0;3.3
2020/11/01;1700 UTC;0.0;947.4;948.2;947.4;2185.5;30.0;19.6;30.5;29.1;19.9;18.5;55.0;51.0;54.0;186.0;8.7;4.9
2020/11/01;1800 UTC;0.0;947.0;947.4;947.0;2108.4;29.0;19.6;30.8;29.0;20.0;19.0;57.0;52.0;57.0;198.0;11.3;4.8
2020/11/01;1900 UTC;0.0;947.0;947.0;946.8;1279.3;28.0;19.8;29.4;27.7;20.1;19.4;62.0;57.0;61.0;179.0;9.7;5.5
2020/11/01;2000 UTC;0.0;947.1;947.1;946.9;302.1;26.2;20.0;28.0;26.2;20.2;19.6;69.0;61.0;69.0;175.0;9.3;4.8
2020/11/01;2100 UTC;0.0;947.8;947.8;947.1;;24.8;20.1;26.3;24.8;20.2;19.9;75.0;69.0;75.0;135.0;12.1;4.9
2020/11/01;2200 UTC;0.0;948.4;948.4;947.7;;23.7;20.5;24.9;23.7;20.6;20.1;83.0;75.0;83.0;169.0;10.1;5.5
2020/11/01;2300 UTC;0.0;949.3;949.3;948.4;;23.0;20.1;23.7;23.0;20.7;20.1;84.0;83.0;84.0;170.0;10.3;4.9
2020/11/02;0000 UTC;0.0;950.0;950.0;949.3;;22.7;20.3;23.1;22.7;20.4;20.2;86.0;84.0;86.0;177.0;9.3;4.5
2020/11/02;0100 UTC;0.0;949.7;950.0;949.7;;22.4;20.5;22.7;22.4;20.6;20.3;89.0;86.0;89.0;177.0;8.1;3.4
2020/11/02;0200 UTC;0.0;949.3;949.7;949.3;;22.3;20.7;22.5;22.2;20.7;20.4;91.0;89.0;91.0;101.0;8.4;2.5
2020/11/02;0300 UTC;0.0;948.9;949.3;948.9;;22.1;20.6;22.4;22.1;20.8;20.5;91.0;91.0;91.0;9.0;7.8;3.6
2020/11/02;0400 UTC;0.0;948.5;948.9;948.4;;22.2;20.7;22.3;22.0;20.8;20.5;91.0;91.0;91.0;167.0;7.9;3.0
2020/11/02;0500 UTC;0.0;948.3;948.6;948.3;;22.2;20.8;22.2;22.0;20.8;20.6;92.0;91.0;92.0;356.0;6.1;2.5
2020/11/02;0600 UTC;0.0;948.2;948.3;948.2;;21.8;20.6;22.2;21.8;20.9;20.5;93.0;92.0;93.0;355.0;6.6;2.3
2020/11/02;0700 UTC;0.0;948.6;948.6;948.2;;21.9;20.7;21.9;21.7;20.7;20.5;93.0;93.0;93.0;325.0;6.4;2.3
2020/11/02;0800 UTC;0.0;949.1;949.1;948.6;3.3;22.0;20.8;22.0;21.9;20.8;20.7;93.0;93.0;93.0;41.0;7.2;1.9
2020/11/02;0900 UTC;0.0;949.6;949.6;949.1;210.9;22.4;20.8;22.4;21.8;20.9;20.6;93.0;91.0;91.0;351.0;6.2;2.7
2020/11/02;1000 UTC;0.0;950.0;950.0;949.6;1126.1;23.5;20.3;24.1;22.4;21.6;20.0;91.0;81.0;82.0;171.0;7.1;2.8
2020/11/02;1100 UTC;0.0;950.2;950.2;950.0;1596.1;25.9;20.1;26.5;23.4;21.0;19.8;83.0;69.0;70.0;28.0;6.5;2.8
2020/11/02;1200 UTC;0.0;949.9;950.2;949.9;1903.8;26.8;20.4;26.8;25.5;20.8;19.8;73.0;67.0;68.0;359.0;6.4;2.8
2020/11/02;1300 UTC;0.0;949.7;949.9;949.6;2807.5;27.6;19.4;29.0;26.5;21.2;19.1;68.0;59.0;61.0;209.0;6.2;2.5
2020/11/02;1400 UTC;0.0;949.0;949.7;949.0;3694.4;30.4;19.8;30.5;27.6;20.6;19.2;62.0;53.0;53.0;144.0;5.8;2.8
2020/11/02;1500 UTC;0.0;948.0;949.0;948.0;3482.7;30.4;19.1;31.8;29.8;20.1;18.9;54.0;48.0;51.0;206.0;7.1;3.6
2020/11/02;1600 UTC;0.0;947.1;948.0;947.1;3034.8;32.9;19.1;32.9;30.2;19.8;18.5;51.0;44.0;44.0;1.0;8.0;3.0
2020/11/02;1700 UTC;0.0;946.2;947.1;946.2;2752.5;32.2;19.3;33.1;30.8;19.7;18.0;49.0;43.0;47.0;357.0;10.3;3.4
2020/11/02;1800 UTC;0.0;946.1;946.3;946.1;2076.0;31.2;18.7;32.2;30.6;19.4;18.6;50.0;46.0;48.0;231.0;9.7;3.7
2020/11/02;1900 UTC;0.0;946.0;946.2;945.9;1111.0;29.1;19.7;31.6;29.1;19.8;18.5;57.0;47.0;57.0;1.0;9.9;5.1
2020/11/02;2000 UTC;0.0;946.6;946.6;946.0;300.3;26.5;20.6;29.2;26.5;20.6;19.8;70.0;57.0;70.0;349.0;10.1;4.4
2020/11/02;2100 UTC;0.0;947.5;947.5;946.6;;24.7;20.3;26.5;24.7;20.7;20.3;77.0;70.0;77.0;310.0;10.0;4.6
2020/11/02;2200 UTC;0.0;948.9;948.9;947.5;;23.7;20.7;24.7;23.7;20.9;20.2;83.0;77.0;83.0;177.0;10.8;6.0
2020/11/02;2300 UTC;0.0;949.8;949.8;948.8;;23.3;20.5;23.7;23.2;20.7;20.4;85.0;83.0;85.0;220.0;12.2;3.7
2020/11/03;0000 UTC;0.0;950.6;950.7;949.8;;23.0;20.3;23.3;23.0;20.5;20.3;85.0;84.0;84.0;77.0;9.4;3.5
2020/11/03;0100 UTC;0.0;951.0;951.0;950.6;;23.0;20.6;23.1;22.8;20.6;20.1;86.0;84.0;86.0;172.0;7.4;2.7
2020/11/03;0200 UTC;0.0;950.6;951.1;950.6;;22.3;20.6;23.0;22.2;20.8;20.4;90.0;86.0;90.0;6.0;7.2;2.8
2020/11/03;0300 UTC;0.0;950.3;950.6;950.2;;22.3;20.7;22.4;22.2;20.8;20.5;91.0;90.0;91.0;359.0;6.8;3.0
2020/11/03;0400 UTC;0.0;950.1;950.3;950.1;;22.3;20.6;22.4;22.2;20.8;20.5;91.0;90.0;90.0;171.0;6.1;2.9
2020/11/03;0500 UTC;0.0;949.8;950.1;949.8;;22.2;20.5;22.4;22.2;20.7;20.4;90.0;89.0;90.0;103.0;5.8;2.6
2020/11/03;0600 UTC;0.0;949.8;949.9;949.8;;22.4;20.5;22.4;22.1;20.6;20.3;90.0;89.0;89.0;3.0;5.5;1.3
2020/11/03;0700 UTC;0.0;950.3;950.3;949.8;;22.1;20.3;22.4;22.1;20.5;20.2;89.0;89.0;89.0;185.0;3.7;2.0
2020/11/03;0800 UTC;0.0;950.9;950.9;950.3;5.6;22.2;20.4;22.2;22.0;20.4;20.2;90.0;89.0;89.0;360.0;3.5;1.1
2020/11/03;0900 UTC;0.0;951.9;951.9;950.9;135.1;22.1;20.4;22.3;22.0;20.6;20.2;90.0;89.0;90.0;5.0;3.3;1.4
2020/11/03;1000 UTC;0.0;952.6;952.6;951.9;278.3;21.9;20.3;22.2;21.5;20.6;19.9;91.0;90.0;91.0;355.0;4.8;1.7
2020/11/03;1100 UTC;0.0;952.8;952.9;952.5;1791.8;24.8;20.6;25.5;21.9;21.9;20.4;91.0;78.0;78.0;5.0;5.0;2.7
2020/11/03;1200 UTC;0.0;952.8;952.9;952.8;2587.5;27.3;21.2;27.3;24.5;21.5;20.5;80.0;69.0;69.0;352.0;5.5;2.3
2020/11/03;1300 UTC;0.0;952.4;952.8;952.4;2351.3;27.4;19.6;27.8;26.3;21.4;19.5;70.0;62.0;63.0;195.0;6.6;3.2
2020/11/03;1400 UTC;0.0;951.6;952.4;951.6;1852.4;28.6;19.6;28.6;27.1;20.3;19.2;64.0;58.0;58.0;342.0;6.0;2.2
2020/11/03;1500 UTC;0.0;950.6;951.6;950.6;2245.2;29.4;19.4;30.2;28.0;20.3;18.9;59.0;53.0;55.0;174.0;7.0;3.3
2020/11/03;1600 UTC;0.0;949.8;950.6;949.8;2349.4;30.1;18.8;30.8;29.4;19.8;18.3;55.0;50.0;51.0;197.0;6.9;3.2
2020/11/03;1700 UTC;0.0;949.0;949.8;949.0;2277.9;31.6;17.9;31.8;30.0;19.1;17.4;51.0;44.0;44.0;358.0;7.4;2.3
2020/11/03;1800 UTC;0.0;948.9;949.0;948.8;1653.6;30.8;18.9;31.9;30.3;18.9;17.2;49.0;43.0;49.0;175.0;7.9;4.1
2020/11/03;1900 UTC;0.0;948.7;948.8;948.7;1191.4;28.8;19.7;30.8;28.6;19.7;18.4;58.0;48.0;58.0;185.0;9.5;5.5
2020/11/03;2000 UTC;0.0;949.4;949.4;948.6;285.6;26.8;19.9;28.9;26.8;19.9;19.6;66.0;58.0;66.0;34.0;10.6;4.4
2020/11/03;2100 UTC;0.0;950.2;950.2;949.3;;25.0;19.9;26.8;24.9;20.0;19.8;73.0;66.0;73.0;357.0;10.9;4.9
2020/11/03;2200 UTC;0.0;951.5;951.5;950.2;;23.9;20.3;25.0;23.8;20.3;19.7;81.0;73.0;81.0;150.0;9.5;4.7
2020/11/03;2300 UTC;0.0;951.9;951.9;951.4;;23.3;20.5;23.9;23.2;20.5;20.2;85.0;80.0;85.0;181.0;9.5;4.9
2020/11/04;0000 UTC;0.0;952.4;952.4;951.9;;22.8;20.5;23.3;22.8;20.6;20.4;87.0;84.0;87.0;172.0;10.9;4.5
2020/11/04;0100 UTC;0.0;952.7;952.8;952.4;;22.7;20.7;22.9;22.6;20.8;20.5;89.0;87.0;89.0;118.0;10.6;4.2
2020/11/04;0200 UTC;0.0;952.3;952.7;952.3;;22.5;20.6;22.7;22.5;20.9;20.6;90.0;89.0;89.0;175.0;8.5;4.7
2020/11/04;0300 UTC;0.0;951.7;952.3;951.6;;22.3;20.5;22.5;22.2;20.7;20.5;90.0;89.0;90.0;355.0;8.1;3.4
2020/11/04;0400 UTC;0.0;951.3;951.7;951.3;;22.1;20.4;22.3;22.0;20.5;20.3;90.0;90.0;90.0;355.0;7.6;1.8
2020/11/04;0500 UTC;0.0;951.1;951.3;951.1;;22.0;20.4;22.4;21.9;20.6;20.3;91.0;90.0;91.0;25.0;6.8;2.1
2020/11/04;0600 UTC;0.0;951.1;951.1;951.0;;22.0;20.5;22.1;21.8;20.6;20.2;91.0;91.0;91.0;359.0;5.5;1.8
2020/11/04;0700 UTC;0.0;951.6;951.6;951.1;;21.7;20.3;22.0;21.7;20.5;20.3;92.0;91.0;92.0;328.0;6.0;2.2
2020/11/04;0800 UTC;0.0;952.1;952.1;951.6;6.8;21.6;20.3;21.8;21.6;20.5;20.3;92.0;92.0;92.0;352.0;5.6;3.0
2020/11/04;0900 UTC;0.0;952.6;952.6;952.1;214.1;22.0;20.5;22.0;21.6;20.6;20.4;93.0;91.0;91.0;345.0;5.7;3.1
2020/11/04;1000 UTC;0.0;953.2;953.2;952.6;739.6;23.3;20.1;23.7;22.0;21.3;19.9;91.0;82.0;82.0;359.0;7.0;2.7
2020/11/04;1100 UTC;0.0;953.7;953.7;953.2;1014.4;25.0;19.5;25.1;23.4;20.6;19.4;82.0;72.0;72.0;3.0;6.2;2.4
2020/11/04;1200 UTC;0.0;953.5;953.7;953.4;2366.7;27.5;18.0;28.1;24.9;20.2;17.3;72.0;54.0;56.0;178.0;8.6;4.2
2020/11/04;1300 UTC;0.0;953.3;953.5;953.3;2858.9;28.7;18.5;30.1;26.9;19.2;17.0;58.0;48.0;54.0;12.0;8.5;3.4
2020/11/04;1400 UTC;0.0;952.6;953.3;952.6;2351.3;28.8;17.6;30.3;28.2;18.9;17.4;55.0;48.0;51.0;8.0;8.2;3.3
2020/11/04;1500 UTC;0.0;952.0;952.6;952.0;2668.1;29.6;17.4;31.4;28.7;18.4;16.5;51.0;43.0;48.0;10.0;8.2;3.3
2020/11/04;1600 UTC;0.0;951.1;952.0;951.0;3528.9;31.8;18.0;32.5;29.6;18.4;16.3;48.0;39.0;44.0;327.0;7.1;3.0
2020/11/04;1700 UTC;0.0;950.5;951.1;950.4;2503.4;31.3;16.8;32.6;30.2;18.0;16.5;47.0;39.0;42.0;186.0;7.5;4.2
2020/11/04;1800 UTC;0.0;950.2;950.5;950.1;2212.7;30.8;17.1;32.5;30.7;17.6;16.7;45.0;40.0;44.0;22.0;8.1;3.9
2020/11/04;1900 UTC;0.0;950.3;950.3;950.1;996.1;29.2;18.4;31.3;29.0;18.5;17.1;53.0;43.0;52.0;352.0;9.5;4.6
2020/11/04;2000 UTC;0.0;950.5;950.5;950.3;106.2;27.0;18.8;29.2;27.0;18.9;18.2;61.0;52.0;61.0;134.0;9.9;4.0
2020/11/04;2100 UTC;0.0;950.9;951.0;950.5;;25.4;19.1;27.0;25.4;19.2;18.8;69.0;61.0;69.0;360.0;9.6;4.0
2020/11/04;2200 UTC;0.0;951.7;951.7;950.9;;23.9;19.6;25.4;23.9;19.6;19.2;77.0;69.0;77.0;71.0;11.1;4.9
2020/11/04;2300 UTC;0.0;952.2;952.2;951.6;;22.9;20.2;23.9;22.9;20.3;19.6;84.0;77.0;84.0;115.0;10.4;4.8
2020/11/05;0000 UTC;0.0;952.5;952.5;952.2;;22.6;20.6;23.0;22.6;20.6;20.2;88.0;85.0;88.0;350.0;10.3;4.2
2020/11/05;0100 UTC;0.0;952.2;952.5;952.2;;22.3;20.5;22.6;22.3;20.6;20.5;90.0;88.0;90.0;80.0;9.7;4.5
2020/11/05;0200 UTC;0.0;952.0;952.3;952.0;;22.1;20.5;22.4;22.1;20.8;20.5;91.0;90.0;91.0;81.0;8.8;4.1
2020/11/05;0300 UTC;0.0;951.2;952.0;951.2;;22.0;20.6;22.2;21.9;20.7;20.5;92.0;91.0;92.0;352.0;8.7;2.5
2020/11/05;0400 UTC;0.0;950.8;951.2;950.8;;21.9;20.6;22.0;21.8;20.6;20.5;92.0;92.0;92.0;356.0;7.7;2.7
2020/11/05;0500 UTC;0.0;950.7;950.9;950.7;;21.8;20.5;22.1;21.8;20.7;20.4;92.0;92.0;92.0;181.0;7.5;3.0
2020/11/05;0600 UTC;0.0;950.7;950.8;950.6;;21.6;20.5;21.8;21.6;20.7;20.4;94.0;92.0;94.0;182.0;7.8;3.9
2020/11/05;0700 UTC;0.0;951.0;951.0;950.7;;21.5;20.5;21.6;21.4;20.6;20.4;94.0;93.0;94.0;174.0;7.8;2.6
2020/11/05;0800 UTC;0.0;951.4;951.4;951.0;2.7;21.5;20.6;21.5;21.4;20.6;20.5;95.0;94.0;95.0;172.0;6.2;3.4
2020/11/05;0900 UTC;0.0;951.7;951.7;951.4;273.6;22.3;21.2;22.4;21.4;21.4;20.5;95.0;93.0;93.0;182.0;7.8;3.9
2020/11/05;1000 UTC;0.0;952.4;952.4;951.7;958.9;23.7;20.9;23.8;22.2;21.6;20.6;93.0;84.0;84.0;189.0;7.8;3.7
2020/11/05;1100 UTC;0.0;952.7;952.8;952.4;1585.3;25.2;19.9;26.1;23.6;21.4;19.9;85.0;72.0;72.0;184.0;8.0;3.1
2020/11/05;1200 UTC;0.0;952.4;952.7;952.4;2049.9;26.5;18.5;27.6;25.0;21.0;18.3;74.0;60.0;62.0;177.0;8.4;3.8
2020/11/05;1300 UTC;0.0;951.7;952.4;951.7;2784.9;28.5;18.4;28.9;26.4;19.5;17.6;62.0;52.0;55.0;179.0;8.6;3.9
2020/11/05;1400 UTC;0.0;950.7;951.7;950.7;2574.1;31.0;17.7;31.0;28.0;18.6;16.8;54.0;45.0;45.0;179.0;9.1;4.4
2020/11/05;1500 UTC;0.0;949.7;950.7;949.7;3082.9;31.0;16.6;31.5;29.4;17.8;16.0;48.0;42.0;42.0;191.0;8.7;5.1
2020/11/05;1600 UTC;0.0;949.0;949.7;949.0;2561.2;31.5;16.5;31.8;30.1;17.0;15.0;44.0;38.0;41.0;219.0;9.5;3.3
2020/11/05;1700 UTC;0.0;948.6;949.0;948.6;2734.0;30.9;16.2;32.5;30.3;17.4;15.4;42.0;37.0;41.0;177.0;9.4;4.4
2020/11/05;1800 UTC;0.0;948.4;948.6;948.3;1680.5;30.0;17.1;31.4;29.6;17.6;16.3;47.0;41.0;46.0;171.0;9.1;4.8
2020/11/05;1900 UTC;0.0;948.5;948.6;948.3;1240.5;29.5;17.0;30.6;29.5;17.4;16.2;48.0;43.0;47.0;167.0;9.5;3.9
2020/11/05;2000 UTC;0.0;949.0;949.0;948.5;299.4;27.8;17.7;29.5;27.8;17.7;16.9;54.0;47.0;54.0;179.0;8.6;4.8
2020/11/05;2100 UTC;0.0;949.7;949.8;949.0;;26.0;18.7;27.8;25.9;18.7;17.7;64.0;54.0;64.0;175.0;11.3;6.1
2020/11/05;2200 UTC;0.0;950.6;950.6;949.8;;24.4;19.4;26.0;24.4;19.4;18.7;74.0;64.0;74.0;189.0;10.6;4.9
2020/11/05;2300 UTC;0.0;951.4;951.4;950.6;;23.3;20.0;24.4;23.3;20.0;19.4;82.0;74.0;82.0;170.0;12.0;4.7
2020/11/06;0000 UTC;0.0;951.6;951.6;951.3;;22.4;20.4;23.3;22.4;20.5;20.1;88.0;82.0;88.0;175.0;10.8;5.1
2020/11/06;0100 UTC;0.0;951.4;951.7;951.4;;22.1;20.3;22.4;22.1;20.5;20.2;90.0;88.0;90.0;176.0;10.4;5.4
2020/11/06;0200 UTC;0.0;951.2;951.4;951.1;;21.5;20.4;22.1;21.5;20.4;20.3;93.0;90.0;93.0;187.0;9.7;4.7
2020/11/06;0300 UTC;0.0;950.5;951.2;950.5;;21.6;20.7;21.7;21.4;20.7;20.4;95.0;93.0;95.0;141.0;7.8;2.8
2020/11/06;0400 UTC;0.0;950.4;950.6;950.4;;21.6;20.9;21.7;21.5;20.9;20.7;96.0;95.0;96.0;180.0;6.4;3.0
2020/11/06;0500 UTC;0.0;949.9;950.4;949.9;;21.6;21.0;21.6;21.5;21.0;20.8;96.0;96.0;96.0;200.0;8.5;4.9
2020/11/06;0600 UTC;0.0;950.3;950.3;949.9;;22.0;21.2;22.0;21.6;21.4;21.0;96.0;96.0;96.0;194.0;8.3;3.8
2020/11/06;0700 UTC;0.0;950.5;950.5;950.3;;21.9;21.2;22.0;21.9;21.3;21.1;96.0;95.0;96.0;204.0;7.9;3.9
2020/11/06;0800 UTC;0.0;951.1;951.1;950.5;0.7;21.7;21.2;22.0;21.6;21.3;21.0;97.0;96.0;97.0;193.0;9.7;3.9
2020/11/06;0900 UTC;0.0;952.2;952.3;951.2;167.4;22.0;21.3;22.1;21.6;21.5;21.1;97.0;96.0;96.0;188.0;8.7;4.4
2020/11/06;1000 UTC;0.0;952.6;952.6;952.2;539.5;22.8;21.6;22.9;22.0;21.8;21.3;96.0;93.0;93.0;191.0;7.3;3.5
2020/11/06;1100 UTC;0.0;953.0;953.0;952.6;1475.4;25.2;21.1;25.5;22.8;22.5;21.0;93.0;77.0;78.0;180.0;7.8;3.9
2020/11/06;1200 UTC;0.0;953.0;953.1;952.9;1583.6;25.6;20.1;26.0;25.0;21.5;19.7;78.0;70.0;72.0;189.0;8.4;4.5
2020/11/06;1300 UTC;0.0;952.3;953.0;952.3;2871.6;28.7;19.3;28.8;25.6;20.8;19.2;72.0;57.0;57.0;175.0;8.9;4.3
2020/11/06;1400 UTC;0.0;951.4;952.4;951.4;3205.3;30.0;19.3;30.1;28.3;19.8;18.6;57.0;52.0;53.0;185.0;9.1;4.2
2020/11/06;1500 UTC;0.0;950.5;951.4;950.5;2524.9;30.1;19.0;30.6;28.7;19.8;18.2;56.0;49.0;51.0;181.0;9.9;5.4
2020/11/06;1600 UTC;0.0;949.6;950.5;949.6;3385.7;30.9;17.1;31.8;29.8;19.2;16.8;51.0;42.0;44.0;180.0;9.9;3.9
2020/11/06;1700 UTC;0.0;949.2;949.7;949.2;2473.0;31.3;17.6;31.5;30.1;18.1;17.1;47.0;44.0;44.0;180.0;10.0;4.2
2020/11/06;1800 UTC;0.0;949.2;949.3;949.0;2024.8;31.0;17.2;31.5;30.2;17.8;17.1;47.0;43.0;44.0;184.0;10.8;4.1
2020/11/06;1900 UTC;0.0;949.4;949.4;949.1;1084.8;28.9;18.4;31.0;28.9;18.5;17.0;53.0;44.0;53.0;189.0;10.3;5.9
2020/11/06;2000 UTC;0.0;950.1;950.1;949.4;330.4;27.1;19.0;29.0;27.1;19.3;18.4;61.0;53.0;61.0;193.0;10.3;5.8
2020/11/06;2100 UTC;0.0;951.2;951.2;950.1;;25.4;20.0;27.1;25.4;20.0;18.9;72.0;61.0;72.0;188.0;10.8;4.9
2020/11/06;2200 UTC;0.0;952.3;952.3;951.2;;24.3;20.1;25.4;24.3;20.1;19.8;77.0;72.0;77.0;197.0;10.5;5.5
2020/11/06;2300 UTC;0.0;952.9;952.9;952.3;;23.5;20.4;24.3;23.5;20.6;20.1;83.0;77.0;83.0;174.0;10.2;4.2
2020/11/07;0000 UTC;0.0;953.8;953.8;952.9;;22.8;20.6;23.5;22.8;20.7;20.4;87.0;83.0;87.0;187.0;8.4;3.9
2020/11/07;0100 UTC;0.0;954.0;954.1;953.8;;22.8;20.8;22.9;22.7;20.9;20.6;89.0;87.0;89.0;188.0;6.4;3.1
2020/11/07;0200 UTC;0.2;954.0;954.0;953.8;;21.5;20.5;22.9;21.5;20.9;20.3;94.0;88.0;94.0;175.0;10.7;5.2
2020/11/07;0300 UTC;0.2;953.3;954.0;953.3;;21.6;20.8;21.6;21.2;20.8;20.4;96.0;94.0;96.0;186.0;9.4;2.8
2020/11/07;0400 UTC;0.0;952.7;953.3;952.7;;21.6;20.7;21.6;21.4;20.8;20.5;96.0;94.0;94.0;188.0;4.9;2.3
2020/11/07;0500 UTC;0.0;952.3;952.8;952.3;;21.6;20.6;21.7;21.5;20.7;20.5;94.0;94.0;94.0;178.0;4.7;2.1
2020/11/07;0600 UTC;0.0;952.6;952.6;952.3;;21.6;20.5;21.7;21.5;20.6;20.5;94.0;93.0;94.0;174.0;5.5;2.6
2020/11/07;0700 UTC;0.0;952.7;952.7;952.5;;21.7;20.7;21.7;21.5;20.7;20.5;94.0;94.0;94.0;182.0;5.0;2.5
2020/11/07;0800 UTC;0.0;953.4;953.4;952.7;4.4;21.7;20.7;21.7;21.6;20.8;20.6;94.0;94.0;94.0;190.0;5.6;2.7
2020/11/07;0900 UTC;0.0;953.8;953.8;953.4;221.6;22.0;21.1;22.0;21.6;21.1;20.6;95.0;94.0;94.0;186.0;7.7;4.2
2020/11/07;1000 UTC;0.0;954.5;954.5;953.8;546.2;23.0;21.3;23.0;22.0;21.5;21.0;94.0;90.0;90.0;187.0;8.9;4.3
2020/11/07;1100 UTC;0.0;954.9;954.9;954.5;1233.7;24.6;20.9;24.8;23.0;21.8;20.7;90.0;80.0;80.0;194.0;9.5;4.9
2020/11/07;1200 UTC;0.2;954.6;954.9;954.6;2407.8;26.8;19.3;27.6;24.6;21.6;19.3;80.0;63.0;64.0;183.0;10.6;5.1
2020/11/07;1300 UTC;0.0;954.4;954.7;954.3;3415.8;28.9;18.9;29.2;26.8;19.8;17.8;65.0;53.0;55.0;179.0;12.1;4.5
2020/11/07;1400 UTC;0.0;953.6;954.4;953.6;3547.5;30.1;18.0;30.6;28.4;19.7;16.7;56.0;46.0;48.0;189.0;12.4;5.5
2020/11/07;1500 UTC;0.0;952.8;953.6;952.8;3725.7;31.7;18.2;31.7;29.6;19.2;16.7;50.0;43.0;45.0;177.0;11.2;4.6
2020/11/07;1600 UTC;0.0;951.8;952.9;951.8;3103.8;31.8;17.5;32.3;30.4;18.2;15.9;47.0;40.0;43.0;173.0;10.4;4.9
2020/11/07;1700 UTC;0.0;951.2;951.8;951.1;2582.3;31.3;16.3;32.0;30.5;17.9;16.1;45.0;40.0;41.0;188.0;10.8;4.7
2020/11/07;1800 UTC;0.0;951.1;951.2;951.0;2082.8;30.7;17.5;32.3;30.4;17.9;16.3;47.0;41.0;45.0;180.0;11.1;4.9
2020/11/07;1900 UTC;0.0;951.6;951.6;951.1;1338.4;29.0;19.4;30.8;28.9;19.6;17.4;57.0;45.0;56.0;184.0;11.4;6.5
2020/11/07;2000 UTC;0.0;952.6;952.6;951.6;303.7;27.3;19.9;29.0;27.0;20.0;19.3;64.0;56.0;64.0;175.0;11.4;4.8
2020/11/07;2100 UTC;0.0;953.3;953.3;952.6;0.2;25.4;20.0;27.3;25.4;20.1;19.6;72.0;64.0;72.0;200.0;11.4;5.6
2020/11/07;2200 UTC;0.0;953.9;953.9;953.3;;24.2;20.2;25.5;24.2;20.4;20.0;78.0;72.0;78.0;191.0;11.4;4.7
2020/11/07;2300 UTC;0.0;954.9;954.9;953.9;;23.4;20.9;24.2;23.4;21.0;20.2;86.0;78.0;86.0;196.0;9.5;5.2
2020/11/08;0000 UTC;0.0;955.3;955.3;954.9;;23.1;20.4;23.4;23.0;20.9;20.4;86.0;85.0;85.0;192.0;10.0;4.6
2020/11/08;0100 UTC;0.0;955.2;955.4;955.2;;22.8;20.5;23.1;22.7;20.5;20.3;87.0;85.0;87.0;193.0;7.3;4.3
2020/11/08;0200 UTC;0.0;954.5;955.2;954.5;;22.6;20.8;22.8;22.6;20.8;20.5;89.0;87.0;89.0;195.0;8.5;4.7
2020/11/08;0300 UTC;0.0;954.0;954.5;954.0;;22.3;20.9;22.7;22.2;21.0;20.8;92.0;89.0;92.0;177.0;7.2;3.0
2020/11/08;0400 UTC;0.0;953.7;954.0;953.6;;22.4;20.6;22.5;22.2;21.0;20.6;92.0;90.0;90.0;178.0;8.1;3.5
2020/11/08;0500 UTC;0.0;953.2;953.7;953.1;;21.9;20.5;22.4;21.9;20.6;20.4;92.0;90.0;92.0;183.0;8.0;3.6
2020/11/08;0600 UTC;0.0;953.1;953.2;953.0;;21.8;20.4;22.0;21.7;20.6;20.4;92.0;92.0;92.0;196.0;8.1;3.6
2020/11/08;0700 UTC;0.0;953.2;953.2;953.0;;21.7;20.5;21.8;21.7;20.5;20.3;93.0;92.0;93.0;179.0;7.6;3.1
2020/11/08;0800 UTC;0.0;953.5;953.5;953.2;10.4;21.4;20.3;21.7;21.4;20.5;20.3;93.0;93.0;93.0;173.0;6.7;3.0
2020/11/08;0900 UTC;0.0;954.0;954.1;953.5;501.5;22.8;20.7;22.8;21.4;20.7;20.3;93.0;88.0;88.0;176.0;6.4;3.5
2020/11/08;1000 UTC;0.0;954.4;954.4;954.0;731.7;23.7;20.0;23.7;22.2;20.6;19.7;88.0;80.0;80.0;175.0;8.9;3.9
2020/11/08;1100 UTC;0.0;954.7;954.8;954.4;1711.2;25.2;18.0;26.1;23.7;20.1;18.0;79.0;64.0;64.0;176.0;8.6;4.3
2020/11/08;1200 UTC;0.0;954.5;954.7;954.5;1591.2;26.1;17.9;26.6;25.2;18.5;17.5;65.0;59.0;61.0;172.0;9.4;5.0
2020/11/08;1300 UTC;0.0;953.8;954.5;953.8;2497.6;27.8;17.6;28.7;26.1;18.5;17.3;61.0;52.0;54.0;183.0;10.3;5.2
2020/11/08;1400 UTC;0.0;953.3;953.8;953.3;2584.5;30.0;17.3;30.3;27.6;18.5;17.1;54.0;46.0;47.0;180.0;10.4;4.2
2020/11/08;1500 UTC;0.0;952.5;953.3;952.5;3102.4;30.0;17.3;31.8;29.0;18.5;16.9;50.0;44.0;47.0;177.0;11.1;4.7
2020/11/08;1600 UTC;0.0;951.6;952.5;951.6;2513.7;30.2;17.5;31.4;29.2;18.0;16.5;48.0;44.0;47.0;185.0;12.4;5.1
2020/11/08;1700 UTC;0.0;951.3;951.6;951.3;2363.9;30.5;17.2;31.4;29.2;17.7;16.8;49.0;43.0;45.0;177.0;10.6;4.6
2020/11/08;1800 UTC;0.0;951.4;951.4;951.3;1608.4;29.4;18.1;30.7;29.0;18.3;17.2;52.0;44.0;51.0;183.0;11.3;5.5
2020/11/08;1900 UTC;0.0;951.7;951.7;951.4;1055.7;28.2;18.7;30.0;27.9;18.8;17.8;57.0;50.0;57.0;182.0;11.5;6.5
2020/11/08;2000 UTC;0.0;952.3;952.3;951.7;302.9;26.5;18.2;28.2;26.5;18.7;18.2;61.0;56.0;60.0;202.0;11.5;5.6
2020/11/08;2100 UTC;0.0;953.1;953.1;952.3;;25.2;18.8;26.5;25.2;18.8;17.9;68.0;60.0;68.0;200.0;9.4;4.8
2020/11/08;2200 UTC;0.0;953.7;953.7;953.1;;24.7;19.0;25.2;24.7;19.0;18.6;70.0;68.0;70.0;185.0;8.4;4.2
2020/11/08;2300 UTC;0.0;954.3;954.3;953.7;;24.2;19.1;24.8;24.1;19.2;18.9;73.0;70.0;73.0;184.0;7.9;3.4
2020/11/09;0000 UTC;0.0;954.4;954.5;954.3;;23.7;19.2;24.3;23.7;19.2;19.1;76.0;73.0;76.0;172.0;6.4;3.1
2020/11/09;0100 UTC;0.0;954.3;954.5;954.3;;23.4;19.7;23.7;23.3;19.7;19.2;80.0;76.0;80.0;179.0;7.3;1.9
2020/11/09;0200 UTC;0.0;953.8;954.3;953.8;;22.3;19.7;23.5;22.3;19.9;19.5;85.0;79.0;85.0;180.0;7.2;3.0
2020/11/09;0300 UTC;0.4;953.0;953.9;953.0;;21.1;20.2;22.3;21.1;20.2;19.7;95.0;85.0;95.0;173.0;6.5;2.6
2020/11/09;0400 UTC;0.0;952.3;953.0;952.3;;21.2;20.6;21.2;21.0;20.6;20.2;96.0;95.0;96.0;177.0;6.1;1.7
2020/11/09;0500 UTC;0.0;951.6;952.3;951.6;;21.4;20.8;21.4;21.1;20.8;20.5;97.0;96.0;96.0;181.0;5.4;2.6
2020/11/09;0600 UTC;0.0;951.4;951.6;951.3;;21.5;20.9;21.5;21.3;20.9;20.7;97.0;96.0;97.0;180.0;5.0;2.1
2020/11/09;0700 UTC;0.0;951.6;951.6;951.3;;21.5;21.0;21.6;21.5;21.0;20.8;97.0;96.0;97.0;178.0;5.3;1.7
2020/11/09;0800 UTC;0.8;951.7;951.8;951.6;3.3;21.4;21.0;21.7;21.3;21.1;20.9;98.0;97.0;98.0;181.0;5.1;2.5
2020/11/09;0900 UTC;1.0;952.2;952.2;951.7;129.9;21.5;21.3;21.6;21.3;21.3;20.9;98.0;98.0;98.0;195.0;10.3;5.6
2020/11/09;1000 UTC;0.4;952.8;952.8;952.1;434.7;21.9;21.6;21.9;21.3;21.7;21.1;99.0;98.0;98.0;190.0;10.3;5.5
2020/11/09;1100 UTC;0.0;953.3;953.3;952.8;940.0;22.8;22.2;22.8;21.9;22.2;21.5;98.0;96.0;97.0;196.0;11.1;5.1
2020/11/09;1200 UTC;0.4;953.5;953.6;953.3;1575.1;22.8;21.6;24.0;22.7;22.8;21.5;97.0;90.0;93.0;159.0;10.3;4.0
2020/11/09;1300 UTC;0.2;953.2;953.6;953.1;2747.3;25.3;22.0;26.0;22.7;23.2;21.5;96.0;80.0;82.0;176.0;10.0;5.4
2020/11/09;1400 UTC;0.2;952.6;953.3;952.6;3050.2;27.1;22.1;27.3;23.6;24.1;21.3;91.0;74.0;74.0;193.0;10.8;5.1
2020/11/09;1500 UTC;0.0;951.6;952.6;951.6;2596.8;29.2;21.0;29.2;26.6;22.6;20.8;76.0;61.0;61.0;180.0;9.3;4.9
2020/11/09;1600 UTC;0.0;950.8;951.6;950.8;2878.0;28.9;20.2;30.0;28.6;21.5;19.7;62.0;57.0;59.0;185.0;11.0;5.3
2020/11/09;1700 UTC;0.0;950.3;950.9;950.3;2415.4;28.6;20.6;30.3;28.0;21.1;19.5;63.0;56.0;62.0;199.0;12.8;6.7
2020/11/09;1800 UTC;0.0;950.4;950.5;950.2;1859.5;28.5;19.8;29.1;27.7;20.8;19.8;63.0;59.0;60.0;192.0;11.5;6.7
2020/11/09;1900 UTC;0.0;950.5;950.6;950.4;1364.4;27.3;19.3;28.8;27.2;20.1;19.0;62.0;58.0;62.0;185.0;11.2;6.2
2020/11/09;2000 UTC;0.0;951.1;951.1;950.5;292.9;25.7;19.7;27.3;25.7;19.7;19.2;70.0;62.0;70.0;193.0;11.3;6.6
2020/11/09;2100 UTC;0.0;951.7;951.8;951.1;;24.5;19.6;25.6;24.5;20.1;19.5;74.0;70.0;74.0;203.0;11.2;5.7
2020/11/09;2200 UTC;0.0;952.4;952.4;951.6;;23.5;20.4;24.5;23.5;20.5;19.6;83.0;74.0;83.0;194.0;10.6;5.7
2020/11/09;2300 UTC;0.0;952.7;952.8;952.3;;22.7;20.6;23.5;22.7;20.7;20.3;88.0;83.0;88.0;202.0;10.6;5.8
2020/11/10;0000 UTC;0.0;953.0;953.1;952.7;;22.3;20.6;22.7;22.3;20.6;20.5;90.0;88.0;90.0;197.0;10.1;4.8
2020/11/10;0100 UTC;0.0;952.5;953.0;952.5;;22.2;20.8;22.3;22.1;20.8;20.6;92.0;90.0;92.0;183.0;8.3;3.0
2020/11/10;0200 UTC;0.2;952.1;952.5;952.1;;21.5;20.6;22.3;21.4;20.9;20.4;95.0;92.0;95.0;185.0;6.8;4.2
2020/11/10;0300 UTC;0.2;951.5;952.1;951.5;;21.3;20.7;21.5;21.2;20.7;20.5;97.0;95.0;97.0;183.0;7.3;3.6
2020/11/10;0400 UTC;2.0;951.0;951.5;951.0;;20.7;20.3;21.4;20.6;20.8;20.1;98.0;97.0;98.0;198.0;10.2;4.4
2020/11/10;0500 UTC;0.2;950.7;951.0;950.7;;20.9;20.5;20.9;20.6;20.5;20.3;98.0;98.0;98.0;187.0;7.5;2.9
2020/11/10;0600 UTC;1.0;950.7;950.8;950.6;;20.6;20.3;21.1;20.6;20.7;20.3;98.0;97.0;98.0;180.0;5.1;2.3
2020/11/10;0700 UTC;2.4;951.2;951.3;950.7;;20.3;20.1;20.7;20.1;20.4;19.8;99.0;98.0;99.0;198.0;8.7;3.4
2020/11/10;0800 UTC;0.2;952.0;952.0;951.2;6.7;20.9;20.6;20.9;20.3;20.6;20.1;99.0;99.0;99.0;184.0;8.7;4.8
2020/11/10;0900 UTC;0.0;952.7;952.7;952.0;241.8;21.2;20.9;21.3;20.9;21.0;20.6;99.0;98.0;98.0;174.0;9.0;3.0
2020/11/10;1000 UTC;0.0;953.4;953.5;952.6;530.4;21.9;21.3;22.0;21.2;21.5;21.0;98.0;96.0;96.0;181.0;6.9;3.0
2020/11/10;1100 UTC;0.0;953.9;953.9;953.4;1682.1;24.3;21.1;24.5;21.9;22.7;21.0;97.0;82.0;82.0;179.0;8.3;3.9
2020/11/10;1200 UTC;0.0;953.8;954.0;953.8;1577.1;24.9;19.6;25.3;24.0;21.0;19.6;82.0;73.0;73.0;191.0;7.4;4.4
2020/11/10;1300 UTC;0.0;953.3;953.8;953.2;2011.2;27.3;20.0;27.3;24.9;20.2;19.1;73.0;64.0;64.0;177.0;7.4;3.2
2020/11/10;1400 UTC;0.0;952.2;953.3;952.2;3134.7;28.6;19.2;28.8;27.1;20.0;18.6;64.0;56.0;57.0;181.0;8.4;4.4
2020/11/10;1500 UTC;0.0;951.6;952.2;951.6;2267.9;28.4;19.2;28.7;27.3;19.9;18.4;62.0;55.0;58.0;178.0;8.8;4.4
2020/11/10;1600 UTC;0.0;950.8;951.6;950.7;2967.7;28.7;18.0;30.1;28.0;19.2;17.5;58.0;50.0;53.0;189.0;9.8;5.1
2020/11/10;1700 UTC;0.0;950.2;950.8;950.2;2978.2;29.3;19.0;30.1;28.6;19.8;18.1;55.0;51.0;54.0;184.0;9.9;4.4
2020/11/10;1800 UTC;0.0;950.1;950.3;950.1;1989.6;28.4;19.2;29.3;27.9;19.8;18.7;60.0;54.0;57.0;188.0;10.0;5.1
2020/11/10;1900 UTC;0.0;950.5;950.5;950.1;1201.0;26.5;20.0;28.4;26.5;20.3;18.8;67.0;57.0;67.0;185.0;10.0;5.4
2020/11/10;2000 UTC;0.0;951.0;951.0;950.5;364.2;24.8;19.8;26.6;24.8;20.5;19.8;74.0;67.0;74.0;183.0;10.0;5.2
2020/11/10;2100 UTC;0.0;951.9;951.9;951.0;;22.8;20.1;24.8;22.8;20.2;19.6;85.0;74.0;85.0;196.0;10.0;4.8
2020/11/10;2200 UTC;0.0;952.6;952.6;951.9;;22.2;20.3;23.0;22.2;20.5;20.1;89.0;85.0;89.0;191.0;8.7;4.8
2020/11/10;2300 UTC;0.0;952.9;952.9;952.6;;21.8;20.4;22.3;21.8;20.5;20.3;92.0;89.0;92.0;197.0;9.3;4.6
2020/11/11;0000 UTC;0.0;953.0;953.1;952.9;;21.8;20.2;21.9;21.8;20.5;20.2;92.0;90.0;91.0;194.0;7.6;3.6
2020/11/11;0100 UTC;0.0;952.6;953.0;952.6;;21.5;20.2;21.8;21.4;20.3;20.1;92.0;91.0;92.0;197.0;7.0;3.8
2020/11/11;0200 UTC;0.0;952.0;952.6;952.0;;21.4;20.0;21.5;21.3;20.2;20.0;92.0;92.0;92.0;180.0;6.8;3.6
2020/11/11;0300 UTC;0.0;951.4;952.0;951.4;;21.2;19.9;21.5;21.2;20.1;19.8;92.0;91.0;92.0;180.0;6.4;3.1
2020/11/11;0400 UTC;0.0;950.9;951.4;950.9;;21.0;19.9;21.4;21.0;20.1;19.8;93.0;92.0;93.0;172.0;5.5;2.3
2020/11/11;0500 UTC;0.0;950.7;950.9;950.6;;21.0;20.1;21.1;20.8;20.1;19.9;95.0;93.0;95.0;173.0;4.6;1.9
2020/11/11;0600 UTC;0.0;950.9;950.9;950.7;;21.1;20.0;21.1;21.0;20.2;20.0;95.0;93.0;93.0;176.0;3.7;1.5
2020/11/11;0700 UTC;0.0;951.3;951.3;950.9;;20.9;19.8;21.1;20.8;20.0;19.8;94.0;93.0;93.0;172.0;4.7;2.7
2020/11/11;0800 UTC;0.0;951.7;951.7;951.3;12.6;20.7;19.7;20.9;20.6;19.8;19.6;94.0;93.0;94.0;172.0;5.1;2.2
2020/11/11;0900 UTC;0.0;952.3;952.3;951.7;518.4;22.2;20.1;22.4;20.7;20.5;19.7;94.0;88.0;88.0;177.0;5.2;2.3
2020/11/11;1000 UTC;0.0;953.3;953.3;952.3;979.5;23.3;19.7;23.4;22.0;20.5;19.2;88.0;80.0;80.0;182.0;8.4;3.5
2020/11/11;1100 UTC;0.0;953.5;953.6;953.2;1266.4;25.0;20.4;25.0;22.9;20.4;19.3;81.0;75.0;76.0;180.0;7.9;2.8
2020/11/11;1200 UTC;0.0;953.4;953.6;953.4;2281.7;26.2;19.0;26.8;24.4;20.4;18.6;76.0;63.0;65.0;184.0;10.5;5.4
2020/11/11;1300 UTC;0.0;953.0;953.4;952.9;2798.4;28.6;18.6;28.7;26.2;19.5;18.4;65.0;55.0;55.0;184.0;10.5;4.3
2020/11/11;1400 UTC;0.0;952.3;953.0;952.3;2980.4;28.8;17.4;29.6;27.3;19.0;17.4;58.0;50.0;50.0;177.0;9.3;4.0
2020/11/11;1500 UTC;0.0;951.3;952.3;951.3;3464.2;29.1;18.4;31.1;28.5;18.4;16.7;53.0;44.0;53.0;183.0;9.4;5.5
2020/11/11;1600 UTC;0.0;950.8;951.4;950.8;2751.4;28.8;19.0;30.1;28.3;19.0;18.1;56.0;50.0;55.0;162.0;10.6;4.6
2020/11/11;1700 UTC;0.0;950.3;950.8;950.3;2092.8;28.3;18.3;29.7;28.3;19.4;18.1;56.0;52.0;55.0;135.0;8.8;4.3
2020/11/11;1800 UTC;0.0;950.2;950.3;950.0;2252.3;29.0;18.5;29.8;28.3;19.3;18.1;56.0;51.0;53.0;186.0;9.8;4.7
2020/11/11;1900 UTC;0.0;950.4;950.4;950.1;1143.3;27.6;18.6;29.0;27.6;18.9;18.2;58.0;53.0;58.0;189.0;10.6;5.4
2020/11/11;2000 UTC;0.0;950.9;950.9;950.3;319.6;25.5;19.1;27.6;25.5;19.1;18.5;68.0;58.0;68.0;187.0;11.0;6.1
2020/11/11;2100 UTC;0.0;951.5;951.5;950.9;0.0;24.0;18.9;25.5;24.0;19.2;18.8;73.0;68.0;73.0;199.0;11.8;7.2
2020/11/11;2200 UTC;0.0;952.1;952.1;951.5;;22.9;19.1;24.0;22.8;19.1;18.7;79.0;73.0;79.0;189.0;13.2;5.7
2020/11/11;2300 UTC;0.0;952.9;952.9;952.1;;22.1;18.8;22.9;22.1;19.1;18.6;82.0;79.0;82.0;195.0;11.1;4.4
2020/11/12;0000 UTC;0.0;953.2;953.3;952.9;;21.7;19.3;22.2;21.6;19.3;18.8;86.0;82.0;86.0;198.0;8.6;4.9
2020/11/12;0100 UTC;0.0;953.0;953.2;953.0;;21.4;19.7;21.7;21.4;19.7;19.2;90.0;86.0;90.0;192.0;9.1;5.3
2020/11/12;0200 UTC;0.0;952.3;953.0;952.3;;21.1;19.9;21.4;21.1;19.9;19.7;93.0;90.0;93.0;201.0;10.4;5.4
2020/11/12;0300 UTC;0.0;951.5;952.3;951.5;;21.1;20.1;21.1;21.0;20.1;19.9;94.0;93.0;94.0;196.0;9.8;5.1
2020/11/12;0400 UTC;0.0;951.1;951.6;951.1;;21.0;19.9;21.1;20.9;20.2;19.9;94.0;94.0;94.0;185.0;10.4;4.9
2020/11/12;0500 UTC;0.0;950.8;951.1;950.8;;20.8;19.8;21.0;20.8;20.0;19.8;94.0;94.0;94.0;184.0;8.6;4.2
2020/11/12;0600 UTC;0.0;950.8;950.9;950.8;;20.7;19.8;20.8;20.7;19.9;19.7;95.0;94.0;94.0;191.0;8.3;4.3
2020/11/12;0700 UTC;0.0;951.0;951.0;950.7;;20.7;19.7;20.9;20.7;20.0;19.7;95.0;94.0;94.0;181.0;8.6;3.5
2020/11/12;0800 UTC;0.0;951.3;951.3;951.0;14.0;20.5;19.6;20.7;20.4;19.7;19.5;95.0;94.0;94.0;210.0;7.5;3.8
2020/11/12;0900 UTC;0.0;951.8;951.9;951.3;368.0;21.3;20.1;21.4;20.5;20.3;19.5;94.0;93.0;93.0;195.0;7.1;3.8
2020/11/12;1000 UTC;0.0;952.7;952.7;951.8;1005.3;23.3;19.7;23.3;21.2;20.5;19.5;93.0;80.0;80.0;177.0;9.4;4.8
2020/11/12;1100 UTC;0.0;953.1;953.1;952.6;1821.9;24.7;18.4;24.9;23.0;19.5;18.1;80.0;68.0;68.0;181.0;9.0;4.8
2020/11/12;1200 UTC;0.0;953.3;953.4;953.1;2580.5;26.1;17.3;26.9;24.5;19.1;17.3;68.0;58.0;59.0;187.0;8.4;4.0
2020/11/12;1300 UTC;0.0;953.0;953.4;953.0;3583.7;28.2;17.4;29.1;26.1;17.8;16.2;59.0;49.0;52.0;186.0;8.7;4.1
2020/11/12;1400 UTC;0.0;952.1;953.0;952.1;3753.5;29.0;16.7;29.6;27.9;18.0;16.3;53.0;46.0;47.0;183.0;10.0;3.8
2020/11/12;1500 UTC;0.0;951.2;952.1;951.2;3482.3;30.7;17.1;30.7;28.8;17.7;15.4;48.0;42.0;44.0;177.0;8.4;3.6
2020/11/12;1600 UTC;0.0;950.3;951.2;950.3;2605.7;30.3;18.0;31.0;29.0;18.0;15.9;48.0;42.0;48.0;193.0;8.2;4.8
2020/11/12;1700 UTC;0.0;949.8;950.3;949.8;2810.7;30.5;17.6;30.7;29.4;18.3;16.3;49.0;43.0;46.0;146.0;10.4;4.7
2020/11/12;1800 UTC;0.0;949.6;949.8;949.6;2173.3;30.4;17.5;31.1;29.4;18.1;16.7;48.0;45.0;46.0;198.0;10.4;3.6
2020/11/12;1900 UTC;0.0;949.9;949.9;949.6;1366.0;28.3;17.9;30.5;28.2;18.4;17.2;54.0;46.0;53.0;195.0;10.0;6.2
2020/11/12;2000 UTC;0.0;950.8;950.8;949.8;350.0;26.4;18.4;28.4;26.4;18.4;17.8;62.0;53.0;62.0;195.0;11.6;5.8
2020/11/12;2100 UTC;0.0;951.6;951.7;950.8;;24.7;19.0;26.4;24.7;19.0;18.3;71.0;62.0;71.0;191.0;11.0;5.7
2020/11/12;2200 UTC;0.0;952.5;952.5;951.6;;23.6;19.1;24.7;23.6;19.1;18.9;76.0;71.0;76.0;172.0;10.0;4.9
2020/11/12;2300 UTC;0.0;953.1;953.1;952.5;;22.7;19.4;23.6;22.7;19.5;19.0;81.0;76.0;81.0;171.0;10.0;4.3
2020/11/13;0000 UTC;0.0;953.5;953.5;953.1;;22.1;19.8;22.7;22.1;19.8;19.3;87.0;81.0;87.0;181.0;8.6;4.9
2020/11/13;0100 UTC;0.0;953.2;953.5;953.2;;22.0;20.2;22.1;21.9;20.3;19.7;89.0;87.0;89.0;192.0;8.2;4.7
2020/11/13;0200 UTC;0.0;952.7;953.2;952.7;;21.8;20.4;22.1;21.8;20.5;20.2;92.0;89.0;91.0;195.0;10.3;4.0
2020/11/13;0300 UTC;0.0;952.0;952.7;952.0;;21.8;20.6;21.9;21.6;20.6;20.3;93.0;91.0;92.0;190.0;8.3;3.4
2020/11/13;0400 UTC;0.0;951.8;952.0;951.8;;21.5;20.5;21.9;21.5;20.6;20.4;94.0;92.0;94.0;202.0;8.1;4.4
2020/11/13;0500 UTC;0.0;951.6;951.9;951.6;;21.4;20.3;21.6;21.4;20.6;20.3;94.0;93.0;94.0;197.0;9.1;4.9
2020/11/13;0600 UTC;0.0;951.4;951.6;951.3;;21.4;20.4;21.5;21.3;20.5;20.2;94.0;94.0;94.0;194.0;9.5;4.2
2020/11/13;0700 UTC;0.0;951.5;951.5;951.3;;21.4;20.3;21.5;21.3;20.5;20.2;94.0;93.0;94.0;186.0;8.6;4.6
2020/11/13;0800 UTC;0.0;952.0;952.0;951.5;6.1;21.3;20.2;21.4;21.2;20.4;20.0;94.0;93.0;94.0;188.0;9.2;4.5
2020/11/13;0900 UTC;0.0;952.4;952.4;952.0;257.6;21.8;20.7;21.8;21.3;20.7;20.3;94.0;93.0;93.0;179.0;8.6;3.6
2020/11/13;1000 UTC;0.0;953.0;953.0;952.4;666.2;23.4;20.2;23.4;21.7;20.8;20.0;93.0;82.0;82.0;184.0;7.4;4.0
2020/11/13;1100 UTC;0.0;953.5;953.5;953.0;1691.6;25.4;19.3;25.6;23.1;20.2;19.0;82.0;69.0;69.0;192.0;8.9;4.9
2020/11/13;1200 UTC;0.0;953.5;953.6;953.5;2789.8;26.9;18.3;26.9;25.3;19.6;17.9;70.0;59.0;59.0;188.0;9.2;4.9
2020/11/13;1300 UTC;0.0;953.4;953.6;953.4;3030.6;29.3;18.6;29.3;26.6;19.2;17.6;61.0;52.0;53.0;166.0;9.4;4.3
2020/11/13;1400 UTC;0.0;952.7;953.5;952.6;3687.2;30.7;17.7;30.9;28.1;18.7;16.8;54.0;44.0;46.0;173.0;9.7;3.8
2020/11/13;1500 UTC;0.0;951.8;952.7;951.8;3643.7;31.0;17.4;31.8;29.4;18.4;16.5;49.0;43.0;44.0;188.0;8.7;4.7
2020/11/13;1600 UTC;0.0;950.7;951.8;950.7;3344.5;31.8;17.4;32.0;30.3;17.7;16.2;45.0;40.0;42.0;189.0;8.9;4.8
2020/11/13;1700 UTC;0.0;950.2;950.7;950.1;2904.9;31.8;17.2;32.0;30.3;17.5;16.7;45.0;40.0;42.0;179.0;10.4;3.5
2020/11/13;1800 UTC;0.0;950.1;950.3;950.0;2018.3;30.6;17.4;31.8;30.2;17.6;16.7;45.0;41.0;45.0;188.0;9.2;5.0
2020/11/13;1900 UTC;0.0;950.1;950.2;950.0;1306.6;29.2;17.7;30.8;29.1;17.7;16.8;50.0;44.0;50.0;174.0;9.5;5.0
2020/11/13;2000 UTC;0.0;950.7;950.8;950.1;348.3;27.1;18.1;29.2;27.1;18.3;17.6;58.0;50.0;58.0;193.0;11.0;6.0
2020/11/13;2100 UTC;0.0;951.4;951.4;950.7;0.9;25.4;19.0;27.1;25.4;19.1;18.1;68.0;58.0;68.0;190.0;10.4;5.4
2020/11/13;2200 UTC;0.0;951.9;952.0;951.4;;24.3;19.1;25.4;24.3;19.3;19.0;73.0;68.0;73.0;191.0;11.6;6.7
2020/11/13;2300 UTC;0.0;952.7;952.7;951.9;;23.4;19.7;24.3;23.4;20.0;19.2;80.0;73.0;80.0;174.0;10.4;5.9
2020/11/14;0000 UTC;0.0;953.2;953.2;952.7;;22.7;19.2;23.4;22.7;19.8;19.1;81.0;79.0;81.0;160.0;10.5;5.7
2020/11/14;0100 UTC;0.0;953.1;953.2;952.9;;22.4;20.2;22.8;22.3;20.2;19.3;87.0;81.0;87.0;177.0;9.1;4.6
2020/11/14;0200 UTC;0.0;952.6;953.2;952.6;;22.4;20.6;22.6;22.3;20.6;20.2;90.0;87.0;90.0;195.0;10.2;4.4
2020/11/14;0300 UTC;0.0;952.0;952.6;951.9;;22.0;20.2;22.4;22.0;20.7;20.1;90.0;88.0;89.0;190.0;8.7;4.5
2020/11/14;0400 UTC;0.0;951.5;952.0;951.5;;21.9;20.3;22.0;21.9;20.4;20.1;91.0;89.0;91.0;182.0;7.6;3.8
2020/11/14;0500 UTC;0.0;951.1;951.5;951.1;;21.6;20.2;21.9;21.6;20.4;20.2;92.0;91.0;92.0;177.0;6.6;2.3
2020/11/14;0600 UTC;0.0;951.2;951.2;951.0;;21.8;20.4;21.8;21.6;20.5;20.2;92.0;92.0;92.0;183.0;5.5;1.8
2020/11/14;0700 UTC;0.0;951.2;951.2;951.1;;21.4;20.3;21.8;21.4;20.4;20.1;93.0;92.0;93.0;175.0;5.3;2.3
2020/11/14;0800 UTC;0.0;951.6;951.7;951.2;10.2;21.4;20.3;21.5;21.3;20.4;20.2;94.0;93.0;93.0;180.0;4.7;2.3
2020/11/14;0900 UTC;0.0;952.1;952.1;951.6;461.9;22.7;20.7;22.8;21.4;20.9;20.2;93.0;88.0;88.0;179.0;6.6;3.4
2020/11/14;1000 UTC;0.0;952.8;952.8;952.1;927.9;23.2;19.5;23.8;22.7;20.9;19.4;88.0;79.0;80.0;176.0;8.8;4.5
2020/11/14;1100 UTC;0.0;953.4;953.4;952.8;1101.1;23.3;20.1;24.3;23.2;20.3;19.4;82.0;77.0;82.0;195.0;8.8;4.0
2020/11/14;1200 UTC;0.0;953.4;953.7;953.4;1939.4;25.1;21.7;25.1;22.5;22.7;20.2;91.0;81.0;82.0;182.0;7.0;3.7
2020/11/14;1300 UTC;0.0;953.1;953.4;953.0;2392.0;27.0;20.8;27.6;25.1;22.4;20.3;82.0;67.0;69.0;174.0;8.2;3.7
2020/11/14;1400 UTC;0.0;952.3;953.1;952.3;2685.9;29.9;19.7;30.1;26.8;21.0;19.2;69.0;54.0;54.0;196.0;8.7;4.9
2020/11/14;1500 UTC;0.0;951.2;952.3;951.2;3869.1;31.3;19.3;31.4;28.7;20.4;18.7;57.0;48.0;49.0;176.0;10.7;4.7
2020/11/14;1600 UTC;0.0;950.4;951.2;950.4;2546.2;30.9;18.2;31.3;29.6;19.6;18.2;52.0;46.0;47.0;173.0;11.1;4.7
2020/11/14;1700 UTC;0.0;949.8;950.5;949.8;2188.4;29.9;18.8;31.0;29.9;18.8;17.7;51.0;46.0;51.0;196.0;11.3;5.8
2020/11/14;1800 UTC;0.0;949.6;949.9;949.6;1697.5;28.9;19.4;30.4;28.8;19.7;18.4;57.0;50.0;57.0;190.0;11.4;6.9
2020/11/14;1900 UTC;0.0;949.9;949.9;949.5;1221.8;28.4;19.0;29.3;28.1;19.4;18.4;57.0;54.0;57.0;195.0;11.4;6.1
2020/11/14;2000 UTC;0.0;950.4;950.4;949.9;355.5;26.8;18.7;28.4;26.8;18.8;18.0;61.0;55.0;61.0;194.0;10.6;5.7
2020/11/14;2100 UTC;0.0;950.8;950.8;950.3;0.2;25.2;19.3;26.8;25.2;19.5;18.8;70.0;61.0;70.0;197.0;10.6;4.8
2020/11/14;2200 UTC;0.0;951.2;951.2;950.8;;24.2;19.9;25.3;24.2;19.9;19.3;77.0;70.0;77.0;201.0;11.2;7.0
2020/11/14;2300 UTC;0.0;951.8;951.8;951.2;;23.4;20.7;24.3;23.4;20.7;19.9;85.0;77.0;85.0;193.0;11.7;6.5
2020/11/15;0000 UTC;0.0;952.3;952.4;951.8;;22.7;20.3;23.4;22.7;20.7;20.1;87.0;84.0;87.0;201.0;12.2;5.1
2020/11/15;0100 UTC;0.0;952.6;952.6;952.3;;22.4;20.7;22.7;22.4;20.7;20.3;90.0;87.0;90.0;198.0;9.5;4.6
2020/11/15;0200 UTC;0.0;952.4;952.6;952.3;;22.2;20.6;22.6;22.2;20.8;20.6;91.0;89.0;91.0;201.0;8.2;4.7
2020/11/15;0300 UTC;0.0;951.7;952.4;951.7;;22.3;20.8;22.4;22.2;20.9;20.6;91.0;91.0;91.0;187.0;7.9;2.9
2020/11/15;0400 UTC;0.0;951.0;951.7;951.0;;22.3;20.9;22.3;22.1;20.9;20.7;92.0;91.0;92.0;182.0;6.6;2.6
2020/11/15;0500 UTC;0.0;950.6;951.0;950.6;;22.0;21.0;22.3;21.9;21.0;20.8;94.0;92.0;94.0;188.0;7.4;3.1
2020/11/15;0600 UTC;0.8;951.0;951.0;950.5;;21.5;20.9;22.1;21.4;21.1;20.8;96.0;94.0;96.0;192.0;8.0;4.5
2020/11/15;0700 UTC;0.0;951.2;951.2;951.0;;21.5;20.9;21.5;21.3;21.0;20.8;97.0;96.0;97.0;177.0;7.7;3.5
2020/11/15;0800 UTC;0.0;951.9;952.0;951.2;6.7;21.5;21.0;21.6;21.4;21.1;20.9;97.0;97.0;97.0;172.0;5.6;1.6
2020/11/15;0900 UTC;0.0;952.6;952.6;951.9;105.1;21.6;21.0;21.7;21.4;21.1;20.9;97.0;96.0;96.0;179.0;3.6;1.7
2020/11/15;1000 UTC;0.0;953.3;953.4;952.6;363.4;22.5;21.7;22.5;21.6;21.7;21.0;97.0;95.0;95.0;182.0;3.8;1.9
2020/11/15;1100 UTC;0.4;953.7;953.7;953.3;921.4;23.4;22.3;23.5;22.0;22.7;21.0;96.0;93.0;94.0;192.0;4.8;2.8
2020/11/15;1200 UTC;0.0;953.7;953.7;953.5;1715.5;24.3;21.9;24.6;23.3;22.7;21.2;94.0;84.0;87.0;195.0;8.5;3.8
2020/11/15;1300 UTC;0.0;953.5;953.7;953.5;3007.9;26.9;21.2;26.9;24.2;22.1;20.7;87.0;71.0;71.0;191.0;9.6;5.2
2020/11/15;1400 UTC;0.0;952.7;953.6;952.6;3420.7;29.9;17.5;30.2;26.6;21.1;17.1;71.0;47.0;47.0;182.0;9.6;4.7
2020/11/15;1500 UTC;0.0;951.5;952.7;951.5;2996.2;30.1;17.6;30.6;28.7;18.3;17.0;51.0;46.0;47.0;184.0;9.6;4.7
2020/11/15;1600 UTC;0.0;950.7;951.5;950.6;2584.2;29.9;17.8;30.6;29.2;18.1;16.6;49.0;45.0;48.0;185.0;11.3;4.1
2020/11/15;1700 UTC;0.0;950.0;950.7;950.0;2601.8;30.2;17.0;31.0;29.3;18.0;16.9;48.0;44.0;45.0;192.0;9.2;4.9
2020/11/15;1800 UTC;0.0;949.8;950.1;949.8;2076.5;30.3;17.5;30.6;29.3;17.6;16.3;48.0;44.0;46.0;198.0;9.8;4.2
2020/11/15;1900 UTC;0.0;949.6;949.9;949.6;1051.2;28.3;18.2;30.2;28.3;18.3;17.3;54.0;46.0;54.0;175.0;9.8;4.3
2020/11/15;2000 UTC;0.0;950.1;950.1;949.6;205.4;26.8;18.9;28.3;26.8;18.9;18.1;62.0;54.0;62.0;181.0;9.1;4.8
2020/11/15;2100 UTC;0.0;950.5;950.5;950.1;;25.5;19.1;26.8;25.5;19.2;18.9;68.0;62.0;68.0;203.0;9.5;5.3
2020/11/15;2200 UTC;0.0;951.1;951.1;950.5;;24.3;19.3;25.5;24.3;19.3;19.0;74.0;68.0;74.0;185.0;8.6;4.4
2020/11/15;2300 UTC;0.0;951.7;951.7;951.1;;23.3;20.2;24.3;23.3;20.2;19.3;83.0;74.0;83.0;159.0;8.3;3.9
2020/11/16;0000 UTC;0.0;951.9;951.9;951.7;;22.8;20.3;23.4;22.8;20.4;20.2;86.0;83.0;86.0;167.0;6.9;3.2
2020/11/16;0100 UTC;0.0;952.0;952.2;951.9;;22.3;20.6;22.8;22.3;20.6;20.2;90.0;86.0;90.0;186.0;7.0;4.0
2020/11/16;0200 UTC;0.0;951.6;952.0;951.6;;22.3;20.9;22.4;22.2;20.9;20.6;92.0;90.0;92.0;173.0;7.6;3.3
2020/11/16;0300 UTC;0.0;950.9;951.6;950.9;;22.2;21.2;22.3;22.1;21.2;20.8;94.0;92.0;94.0;198.0;6.3;3.3
2020/11/16;0400 UTC;0.0;950.4;950.9;950.4;;21.7;20.9;22.3;21.6;21.2;20.8;95.0;94.0;95.0;199.0;6.8;3.3
2020/11/16;0500 UTC;0.0;950.0;950.5;950.0;;21.3;20.6;21.7;21.2;20.9;20.4;96.0;95.0;96.0;184.0;5.9;2.7
2020/11/16;0600 UTC;0.0;949.9;950.0;949.8;;21.4;20.7;21.4;21.3;20.7;20.6;96.0;95.0;96.0;174.0;4.9;2.8
2020/11/16;0700 UTC;0.0;950.1;950.2;949.8;;21.4;20.7;21.5;21.3;20.8;20.6;96.0;95.0;96.0;196.0;5.4;2.7
2020/11/16;0800 UTC;0.0;950.5;950.5;950.1;10.8;21.4;20.8;21.5;21.3;20.9;20.6;96.0;96.0;96.0;210.0;5.5;3.0
2020/11/16;0900 UTC;0.0;951.1;951.1;950.5;194.7;21.9;21.2;21.9;21.4;21.2;20.8;96.0;96.0;96.0;197.0;7.7;3.1
2020/11/16;1000 UTC;0.0;951.6;951.6;951.1;785.4;23.2;21.2;23.2;21.9;21.8;21.2;96.0;89.0;89.0;187.0;8.7;4.8
2020/11/16;1100 UTC;0.0;952.1;952.2;951.5;1501.0;24.7;21.0;24.7;23.2;21.6;20.5;89.0;80.0;80.0;186.0;8.7;3.9
2020/11/16;1200 UTC;0.0;952.2;952.3;952.1;1678.1;26.4;20.0;26.4;24.7;21.4;19.9;80.0;68.0;68.0;183.0;8.1;3.8
2020/11/16;1300 UTC;0.0;951.9;952.2;951.9;2586.1;27.6;19.2;29.0;26.3;20.7;19.2;68.0;59.0;60.0;177.0;7.5;3.1
2020/11/16;1400 UTC;0.0;951.3;952.0;951.2;3264.9;29.7;19.7;29.8;27.6;20.3;18.4;61.0;53.0;55.0;169.0;7.8;4.1
2020/11/16;1500 UTC;0.0;950.1;951.3;950.1;3574.5;30.8;17.5;31.4;29.1;19.7;17.4;55.0;44.0;45.0;224.0;8.0;4.0
2020/11/16;1600 UTC;0.0;949.3;950.1;949.3;3610.3;31.4;18.3;32.3;30.7;19.0;17.4;48.0;43.0;46.0;167.0;9.4;3.4
2020/11/16;1700 UTC;0.0;948.7;949.4;948.6;2644.9;31.1;18.7;32.1;30.7;18.8;17.5;48.0;43.0;48.0;191.0;9.6;4.4
2020/11/16;1800 UTC;0.0;948.5;948.7;948.3;1922.1;29.8;18.9;31.4;29.6;18.9;17.6;52.0;45.0;52.0;182.0;10.8;6.3
2020/11/16;1900 UTC;0.0;948.3;948.5;948.2;955.6;28.6;19.1;29.9;28.6;19.5;18.8;57.0;52.0;57.0;14.0;10.8;4.5
2020/11/16;2000 UTC;0.0;948.6;948.7;948.2;410.0;26.6;19.5;28.8;26.6;19.5;19.0;65.0;56.0;65.0;162.0;11.4;5.8
2020/11/16;2100 UTC;0.0;949.1;949.1;948.5;;25.3;19.9;26.6;25.3;20.0;19.5;72.0;65.0;72.0;184.0;10.9;5.7
2020/11/16;2200 UTC;0.0;949.6;949.6;949.1;;24.0;20.2;25.3;24.0;20.3;19.9;80.0;72.0;80.0;183.0;11.4;5.2
2020/11/16;2300 UTC;0.0;950.5;950.5;949.6;;23.0;20.4;24.0;23.0;20.4;20.0;85.0;80.0;85.0;129.0;10.8;5.6
2020/11/17;0000 UTC;0.0;951.0;951.0;950.4;;23.0;20.9;23.1;22.9;20.9;20.4;88.0;85.0;88.0;183.0;10.8;3.8
2020/11/17;0100 UTC;0.0;950.8;951.1;950.8;;22.6;21.0;23.0;22.6;21.1;20.8;90.0;88.0;90.0;172.0;7.7;3.5
2020/11/17;0200 UTC;0.0;950.7;950.9;950.5;;22.6;21.2;22.7;22.5;21.3;21.0;92.0;90.0;92.0;164.0;7.3;2.9
2020/11/17;0300 UTC;0.0;950.5;950.8;950.5;;22.2;20.8;22.6;22.2;21.3;20.7;92.0;91.0;92.0;65.0;7.6;2.8
2020/11/17;0400 UTC;0.0;950.1;950.5;950.1;;21.8;20.8;22.2;21.8;20.9;20.7;94.0;92.0;94.0;146.0;6.3;2.8
2020/11/17;0500 UTC;0.0;949.7;950.1;949.7;;21.7;20.8;21.9;21.7;20.9;20.8;95.0;94.0;95.0;79.0;6.0;2.6
2020/11/17;0600 UTC;0.0;949.6;949.8;949.6;;21.8;21.0;21.8;21.6;21.1;20.8;95.0;95.0;95.0;166.0;5.2;2.6
2020/11/17;0700 UTC;0.0;949.5;949.7;949.5;;21.7;21.0;21.8;21.7;21.1;20.9;96.0;95.0;96.0;170.0;6.3;3.6
2020/11/17;0800 UTC;0.0;949.9;950.0;949.5;12.3;21.7;21.0;21.7;21.6;21.1;20.9;96.0;95.0;96.0;160.0;6.3;2.7
2020/11/17;0900 UTC;0.0;950.4;950.4;949.9;294.5;22.3;21.4;22.4;21.7;21.4;21.0;96.0;94.0;94.0;99.0;7.3;3.9
2020/11/17;1000 UTC;0.0;950.9;950.9;950.4;1210.8;24.3;21.0;24.3;22.3;21.8;20.7;94.0;82.0;82.0;162.0;10.0;5.3
2020/11/17;1100 UTC;0.0;951.5;951.5;950.9;1395.5;25.6;20.6;25.7;24.1;21.1;20.2;82.0;74.0;74.0;56.0;8.9;4.0
2020/11/17;1200 UTC;0.0;951.4;951.5;951.4;2081.1;27.1;19.9;27.6;25.1;21.3;19.3;74.0;65.0;65.0;2.0;9.2;3.0
2020/11/17;1300 UTC;0.0;950.9;951.4;950.9;2718.1;28.6;20.2;28.6;26.8;20.9;19.2;66.0;60.0;60.0;177.0;9.4;3.9
2020/11/17;1400 UTC;0.0;950.3;950.9;950.3;3670.2;30.1;19.5;30.4;27.7;20.3;19.2;63.0;53.0;53.0;346.0;8.4;4.0
2020/11/17;1500 UTC;0.0;949.8;950.3;949.8;2887.1;30.9;19.3;31.2;29.2;20.0;18.6;55.0;50.0;50.0;11.0;9.2;4.2
2020/11/17;1600 UTC;0.0;948.9;949.8;948.9;3145.6;30.6;18.3;31.7;29.9;19.6;17.9;50.0;46.0;48.0;144.0;9.8;4.5
2020/11/17;1700 UTC;0.0;948.4;948.9;948.3;2916.7;31.0;19.1;31.4;30.1;19.5;18.2;51.0;48.0;49.0;165.0;9.6;4.9
2020/11/17;1800 UTC;0.0;948.2;948.4;948.1;2251.7;29.4;19.5;31.3;29.2;20.0;18.8;56.0;48.0;55.0;113.0;11.2;5.8
2020/11/17;1900 UTC;0.0;948.2;948.3;948.0;1170.3;28.2;19.3;30.1;28.1;19.9;19.1;59.0;54.0;59.0;186.0;11.3;5.9
2020/11/17;2000 UTC;0.0;948.4;948.4;948.2;156.8;26.6;19.5;28.4;26.6;19.6;19.2;65.0;58.0;65.0;172.0;11.3;5.2
2020/11/17;2100 UTC;0.0;948.9;948.9;948.3;0.0;24.9;19.7;26.6;24.9;19.7;19.4;73.0;65.0;73.0;168.0;12.1;6.8
2020/11/17;2200 UTC;0.0;949.5;949.5;948.9;;23.9;20.4;24.9;23.9;20.4;19.7;81.0;73.0;81.0;167.0;11.3;5.9
2020/11/17;2300 UTC;0.0;950.7;950.7;949.5;;23.2;20.5;23.9;23.2;20.6;20.2;85.0;80.0;84.0;136.0;11.2;3.9
2020/11/18;0000 UTC;0.0;951.0;951.0;950.6;;22.9;20.8;23.3;22.9;20.8;20.4;88.0;84.0;88.0;183.0;9.1;4.8
2020/11/18;0100 UTC;0.0;950.8;951.1;950.8;;22.9;21.1;23.0;22.8;21.1;20.8;90.0;88.0;90.0;189.0;8.8;3.9
2020/11/18;0200 UTC;0.0;950.6;950.9;950.6;;22.7;20.9;22.9;22.6;21.1;20.8;90.0;89.0;90.0;188.0;8.8;4.4
2020/11/18;0300 UTC;0.0;950.0;950.6;950.0;;22.3;20.9;22.7;22.2;20.9;20.8;92.0;90.0;92.0;162.0;9.8;4.1
2020/11/18;0400 UTC;0.0;949.8;950.1;949.8;;22.0;20.8;22.3;22.0;21.0;20.7;93.0;92.0;93.0;174.0;7.7;3.6
2020/11/18;0500 UTC;0.0;949.5;949.8;949.4;;21.9;20.7;22.0;21.8;20.8;20.6;93.0;93.0;93.0;1.0;7.7;2.5
2020/11/18;0600 UTC;0.0;949.6;949.7;949.5;;21.8;20.7;22.0;21.8;20.9;20.7;94.0;93.0;94.0;154.0;7.6;2.6
2020/11/18;0700 UTC;0.0;949.3;949.6;949.3;;21.7;20.7;21.8;21.6;20.8;20.6;94.0;93.0;94.0;181.0;6.0;2.5
2020/11/18;0800 UTC;0.0;949.5;949.5;949.3;10.4;21.5;20.5;21.7;21.5;20.7;20.5;94.0;94.0;94.0;173.0;6.9;3.6
2020/11/18;0900 UTC;0.0;950.5;950.5;949.5;239.2;22.2;21.1;22.2;21.5;21.1;20.5;95.0;94.0;94.0;183.0;5.8;2.9
2020/11/18;1000 UTC;0.0;951.2;951.3;950.5;1028.4;23.6;20.9;23.8;22.1;21.6;20.8;93.0;85.0;85.0;347.0;7.9;2.8
2020/11/18;1100 UTC;0.0;951.4;951.5;951.3;1525.6;24.8;20.0;26.0;23.6;21.6;19.9;85.0;73.0;75.0;359.0;7.3;3.5
2020/11/18;1200 UTC;0.0;951.5;951.7;951.4;2559.5;27.8;19.6;28.0;24.8;21.4;19.1;75.0;60.0;61.0;189.0;8.0;4.2
2020/11/18;1300 UTC;0.0;951.1;951.5;951.1;3305.1;28.9;18.4;29.6;27.0;20.1;18.0;63.0;52.0;53.0;54.0;9.1;3.7
2020/11/18;1400 UTC;0.0;950.2;951.2;950.1;3740.3;30.7;18.2;30.8;28.9;19.1;17.1;54.0;46.0;47.0;337.0;9.5;4.4
2020/11/18;1500 UTC;0.0;949.4;950.2;949.3;3080.8;31.1;17.4;31.8;29.7;18.8;17.4;49.0;43.0;44.0;193.0;8.6;3.9
2020/11/18;1600 UTC;0.0;948.7;949.4;948.7;2471.9;31.0;18.2;32.1;30.3;18.4;16.2;48.0;41.0;46.0;357.0;9.3;4.4
2020/11/18;1700 UTC;0.0;948.1;948.7;948.1;2422.9;31.7;17.8;31.8;30.0;18.3;17.3;48.0;43.0;44.0;188.0;11.1;4.1
2020/11/18;1800 UTC;0.0;947.8;948.1;947.7;2146.7;30.2;18.1;31.7;30.0;18.3;17.2;49.0;43.0;48.0;179.0;11.1;5.6
2020/11/18;1900 UTC;0.0;948.0;948.0;947.7;1151.0;29.1;18.4;30.2;28.9;18.5;17.7;53.0;48.0;53.0;360.0;11.1;4.3
2020/11/18;2000 UTC;0.0;948.4;948.4;948.0;336.5;27.3;18.8;29.1;27.2;18.8;18.0;60.0;52.0;60.0;175.0;11.1;5.7
2020/11/18;2100 UTC;0.0;949.1;949.1;948.3;;25.4;19.3;27.3;25.4;19.4;18.8;69.0;60.0;69.0;163.0;11.3;5.8
2020/11/18;2200 UTC;0.0;949.7;949.8;949.1;;24.2;20.0;25.4;24.1;20.0;19.4;77.0;69.0;77.0;69.0;11.3;5.0
2020/11/18;2300 UTC;0.0;950.2;950.2;949.7;;23.4;20.6;24.2;23.4;20.7;20.0;84.0;77.0;84.0;164.0;10.0;4.5
2020/11/19;0000 UTC;0.0;950.7;950.7;950.2;;22.9;20.7;23.4;22.8;20.8;20.5;88.0;84.0;88.0;125.0;9.7;4.6
2020/11/19;0100 UTC;0.0;950.8;950.9;950.7;;22.6;20.8;22.9;22.5;20.8;20.6;90.0;88.0;90.0;177.0;9.1;4.6
2020/11/19;0200 UTC;0.0;950.3;950.8;950.2;;22.3;20.9;22.6;22.3;20.9;20.7;91.0;89.0;91.0;181.0;9.4;3.8
2020/11/19;0300 UTC;0.0;950.0;950.3;950.0;;22.2;20.8;22.4;22.1;20.9;20.6;92.0;91.0;92.0;194.0;7.9;4.2
2020/11/19;0400 UTC;0.0;949.7;950.0;949.6;;22.2;21.0;22.3;22.1;21.0;20.8;93.0;92.0;93.0;186.0;7.9;2.7
2020/11/19;0500 UTC;0.0;949.0;949.7;949.0;;22.1;20.7;22.3;22.0;21.1;20.7;93.0;92.0;92.0;147.0;7.1;3.3
2020/11/19;0600 UTC;0.0;949.5;949.6;949.0;;22.0;20.7;22.1;21.8;20.7;20.5;93.0;92.0;93.0;185.0;6.5;2.6
2020/11/19;0700 UTC;0.0;949.9;950.0;949.5;;21.9;20.8;22.0;21.9;20.8;20.6;93.0;92.0;93.0;178.0;6.4;3.5
2020/11/19;0800 UTC;0.0;950.4;950.4;949.8;15.4;21.9;20.8;22.0;21.8;20.9;20.8;94.0;93.0;94.0;188.0;6.5;3.0
2020/11/19;0900 UTC;0.0;950.6;950.7;950.4;231.7;22.6;21.2;22.6;21.9;21.4;20.8;94.0;91.0;92.0;171.0;7.0;3.3
2020/11/19;1000 UTC;0.0;951.1;951.1;950.5;856.4;24.0;20.7;24.1;22.6;21.4;20.7;92.0;82.0;82.0;181.0;8.8;4.8
2020/11/19;1100 UTC;0.0;951.2;951.2;951.1;2048.2;25.7;19.9;26.2;23.9;21.1;19.7;82.0;70.0;70.0;183.0;10.7;5.2
2020/11/19;1200 UTC;0.0;951.3;951.3;951.1;3054.3;27.0;20.0;28.5;25.7;20.9;19.4;71.0;61.0;65.0;335.0;10.4;4.7
2020/11/19;1300 UTC;0.0;951.2;951.4;951.1;3224.6;29.7;19.3;29.7;26.6;20.8;18.8;66.0;54.0;54.0;66.0;9.4;4.2
2020/11/19;1400 UTC;0.0;950.4;951.2;950.4;3415.5;30.3;18.4;30.9;28.2;19.4;17.9;57.0;48.0;49.0;182.0;9.8;5.0
2020/11/19;1500 UTC;0.0;949.7;950.4;949.7;3061.2;30.4;17.6;31.4;29.4;19.1;17.5;50.0;45.0;46.0;357.0;9.8;4.6
2020/11/19;1600 UTC;0.0;949.0;949.7;949.0;3187.9;31.5;17.2;32.2;29.9;18.2;16.6;46.0;40.0;43.0;7.0;10.0;4.6
2020/11/19;1700 UTC;0.0;948.5;949.1;948.5;2723.1;30.5;17.0;32.6;30.4;18.5;16.9;45.0;42.0;44.0;215.0;9.2;4.2
2020/11/19;1800 UTC;0.0;948.3;948.5;948.2;2109.3;30.5;17.1;32.0;30.5;17.8;16.9;46.0;42.0;45.0;58.0;9.9;5.0
2020/11/19;1900 UTC;0.0;948.0;948.3;948.0;1222.4;29.0;18.1;30.9;29.0;18.5;16.6;52.0;44.0;52.0;139.0;10.4;5.3
2020/11/19;2000 UTC;0.0;948.4;948.4;948.0;294.3;27.1;19.0;29.1;27.0;19.0;17.9;61.0;52.0;61.0;357.0;10.7;5.7
2020/11/19;2100 UTC;0.0;949.1;949.1;948.4;;25.5;19.8;27.1;25.5;19.8;19.0;71.0;61.0;71.0;47.0;11.0;4.5
2020/11/19;2200 UTC;0.0;949.6;949.7;949.1;;24.0;20.5;25.5;24.0;20.6;19.8;81.0;71.0;81.0;351.0;10.1;4.8
2020/11/19;2300 UTC;0.0;950.2;950.2;949.6;;23.5;20.7;24.1;23.4;20.8;20.3;84.0;81.0;84.0;172.0;12.3;3.7
2020/11/20;0000 UTC;0.0;951.2;951.2;950.2;;23.1;20.8;23.6;23.1;20.9;20.7;87.0;84.0;87.0;179.0;11.9;4.7
2020/11/20;0100 UTC;0.0;950.9;951.3;950.9;;22.9;21.1;23.2;22.9;21.2;20.9;89.0;87.0;89.0;119.0;9.2;3.7
2020/11/20;0200 UTC;0.0;950.6;951.0;950.6;;22.4;21.0;22.9;22.4;21.1;20.9;92.0;89.0;91.0;109.0;6.9;3.7
2020/11/20;0300 UTC;0.0;950.3;950.6;950.3;;22.3;20.8;22.5;22.3;21.1;20.8;92.0;91.0;91.0;355.0;6.9;3.5
2020/11/20;0400 UTC;0.0;949.5;950.3;949.5;;22.4;20.9;22.6;22.3;21.1;20.8;91.0;91.0;91.0;176.0;6.8;2.9
2020/11/20;0500 UTC;0.0;949.6;949.6;949.4;;22.4;21.0;22.4;22.3;21.0;20.8;92.0;91.0;92.0;164.0;6.6;2.2
2020/11/20;0600 UTC;0.0;950.0;950.0;949.6;;22.3;20.8;22.4;22.3;21.1;20.8;92.0;91.0;91.0;96.0;5.9;2.1
2020/11/20;0700 UTC;0.0;950.0;950.0;949.8;;21.9;20.7;22.3;21.8;20.9;20.6;93.0;91.0;93.0;173.0;6.3;2.4
2020/11/20;0800 UTC;0.0;950.4;950.5;950.0;12.0;22.1;21.1;22.2;21.9;21.1;20.7;94.0;93.0;94.0;113.0;5.6;2.0
2020/11/20;0900 UTC;0.0;950.9;950.9;950.4;287.9;22.8;21.4;22.9;22.1;21.5;21.0;94.0;91.0;91.0;19.0;7.1;3.2
2020/11/20;1000 UTC;0.0;951.3;951.3;950.9;983.2;24.5;21.3;24.7;22.6;22.1;21.0;91.0;82.0;82.0;183.0;8.0;4.4
2020/11/20;1100 UTC;0.0;951.5;951.5;951.3;1794.4;26.2;20.8;26.8;24.3;21.9;20.5;82.0;72.0;72.0;181.0;8.0;4.1
2020/11/20;1200 UTC;0.0;951.3;951.5;951.3;2061.5;27.0;19.8;27.9;26.0;21.6;19.8;73.0;64.0;65.0;347.0;7.7;2.6
2020/11/20;1300 UTC;0.0;951.1;951.3;951.0;1953.5;28.5;19.2;28.7;26.8;20.4;18.3;66.0;55.0;57.0;97.0;7.3;3.3
2020/11/20;1400 UTC;0.0;950.5;951.1;950.5;2061.8;29.7;18.6;30.1;28.5;19.8;17.8;58.0;50.0;51.0;2.0;7.0;3.1
2020/11/20;1500 UTC;0.0;949.6;950.5;949.6;3036.0;31.9;19.2;31.9;28.9;19.8;18.3;54.0;47.0;47.0;356.0;8.4;2.9
2020/11/20;1600 UTC;0.0;948.8;949.6;948.8;2385.3;30.4;18.5;32.5;30.0;19.2;17.8;50.0;43.0;49.0;360.0;7.6;3.6
2020/11/20;1700 UTC;0.0;948.0;948.8;948.0;2662.9;31.4;18.2;31.7;30.3;19.8;18.2;52.0;45.0;46.0;156.0;8.2;3.0
2020/11/20;1800 UTC;0.0;947.6;948.0;947.6;1548.5;30.4;19.5;31.6;30.0;19.5;17.9;52.0;45.0;52.0;182.0;9.2;3.9
2020/11/20;1900 UTC;0.0;947.7;947.8;947.5;1302.6;28.6;19.9;30.7;28.6;20.3;19.4;60.0;52.0;59.0;21.0;11.3;4.8
2020/11/20;2000 UTC;0.0;948.2;948.2;947.7;288.2;26.1;20.1;28.6;26.1;20.3;19.8;69.0;59.0;69.0;8.0;10.8;4.8
2020/11/20;2100 UTC;0.0;948.9;949.0;948.1;;24.8;20.2;26.1;24.8;20.4;20.0;75.0;69.0;75.0;158.0;10.5;5.0
2020/11/20;2200 UTC;0.0;949.6;949.6;948.9;;23.8;20.3;24.8;23.8;20.5;20.1;81.0;75.0;81.0;47.0;11.0;5.5
2020/11/20;2300 UTC;0.0;950.5;950.5;949.6;;23.3;20.7;23.9;23.2;20.8;20.3;86.0;81.0;86.0;145.0;11.0;5.8
2020/11/21;0000 UTC;0.0;951.1;951.1;950.5;;22.9;20.7;23.3;22.8;20.8;20.5;88.0;85.0;88.0;169.0;11.1;4.6
2020/11/21;0100 UTC;0.0;951.0;951.1;951.0;;22.2;20.8;22.9;22.1;20.8;20.6;92.0;87.0;92.0;182.0;8.5;4.5
2020/11/21;0200 UTC;0.0;950.9;951.1;950.9;;22.5;21.0;22.6;22.2;21.2;20.8;93.0;91.0;91.0;175.0;8.2;3.5
2020/11/21;0300 UTC;0.0;950.3;950.9;950.3;;22.3;20.9;22.5;22.1;21.1;20.8;92.0;91.0;92.0;171.0;8.0;4.0
2020/11/21;0400 UTC;0.8;950.0;950.3;950.0;;21.6;21.0;22.3;21.6;21.0;20.7;96.0;92.0;96.0;187.0;7.0;4.0
2020/11/21;0500 UTC;0.0;950.0;950.0;949.8;;21.6;21.0;21.8;21.6;21.2;21.0;97.0;96.0;97.0;181.0;8.1;4.0
2020/11/21;0600 UTC;0.0;950.1;950.1;949.8;;21.6;21.0;21.7;21.5;21.1;20.9;97.0;96.0;96.0;179.0;8.1;3.8
2020/11/21;0700 UTC;0.0;950.3;950.3;950.0;;21.5;21.0;21.7;21.5;21.1;20.8;97.0;96.0;96.0;166.0;8.3;4.2
2020/11/21;0800 UTC;0.0;950.5;950.6;950.3;11.2;21.3;20.8;21.6;21.3;21.0;20.7;97.0;96.0;97.0;161.0;8.3;3.9
2020/11/21;0900 UTC;0.0;950.9;950.9;950.4;333.0;21.8;21.0;21.9;21.3;21.2;20.8;97.0;96.0;96.0;172.0;7.9;3.5
2020/11/21;1000 UTC;0.0;951.6;951.6;950.9;975.9;23.5;21.5;23.5;21.7;22.1;20.8;96.0;88.0;88.0;195.0;7.1;4.0
2020/11/21;1100 UTC;0.0;951.8;951.9;951.6;2043.4;25.7;20.5;25.8;23.5;21.6;19.6;88.0;73.0;73.0;190.0;7.0;3.3
2020/11/21;1200 UTC;0.0;951.6;951.9;951.6;2388.6;26.8;19.4;26.8;24.7;21.1;18.6;75.0;64.0;64.0;359.0;7.6;3.6
2020/11/21;1300 UTC;0.0;951.1;951.6;951.1;3309.4;28.8;16.6;29.1;26.7;19.6;16.3;64.0;47.0;48.0;185.0;8.3;4.3
2020/11/21;1400 UTC;0.0;950.2;951.1;950.2;3794.8;29.8;15.8;30.3;28.8;16.9;15.1;48.0;41.0;43.0;97.0;8.0;3.1
2020/11/21;1500 UTC;0.0;949.3;950.2;949.2;3115.3;30.7;16.9;31.1;29.6;17.2;15.4;45.0;39.0;44.0;178.0;8.8;4.7
2020/11/21;1600 UTC;0.0;948.7;949.3;948.7;2402.0;29.7;18.0;31.2;29.6;18.6;16.6;50.0;44.0;50.0;171.0;8.4;4.1
2020/11/21;1700 UTC;0.0;948.2;948.7;948.2;1287.5;28.8;18.1;30.0;28.5;18.5;17.6;53.0;48.0;53.0;179.0;9.3;4.8
2020/11/21;1800 UTC;0.0;948.1;948.3;948.0;918.7;28.8;17.8;29.2;28.3;18.4;17.5;53.0;51.0;52.0;198.0;9.2;4.4
2020/11/21;1900 UTC;0.0;948.0;948.1;947.9;865.2;28.2;17.7;28.8;28.0;17.9;17.4;53.0;51.0;53.0;176.0;9.3;4.5
2020/11/21;2000 UTC;0.0;948.5;948.5;948.0;300.9;26.5;17.2;28.3;26.5;17.7;17.2;57.0;52.0;57.0;180.0;9.6;6.2
2020/11/21;2100 UTC;0.0;949.3;949.3;948.5;0.1;24.8;18.0;26.5;24.8;18.0;17.2;66.0;57.0;66.0;179.0;11.2;5.8
2020/11/21;2200 UTC;0.0;950.3;950.3;949.3;;23.5;18.5;24.9;23.5;18.5;18.0;73.0;66.0;73.0;168.0;10.2;5.3
2020/11/21;2300 UTC;0.0;951.0;951.0;950.3;;22.4;19.1;23.5;22.4;19.2;18.4;82.0;73.0;82.0;152.0;10.9;4.8
2020/11/22;0000 UTC;0.0;951.5;951.5;951.0;;21.9;19.7;22.4;21.8;19.7;19.1;87.0;82.0;87.0;176.0;9.4;4.9
2020/11/22;0100 UTC;0.0;951.6;951.7;951.5;;21.6;19.9;21.9;21.6;19.9;19.7;90.0;87.0;90.0;192.0;8.2;3.6
2020/11/22;0200 UTC;0.0;951.1;951.6;951.1;;21.3;19.9;21.6;21.3;20.0;19.9;92.0;90.0;92.0;192.0;7.6;3.8
2020/11/22;0300 UTC;0.0;950.5;951.1;950.5;;21.2;20.0;21.4;21.2;20.0;19.9;93.0;92.0;93.0;182.0;7.0;2.7
2020/11/22;0400 UTC;0.0;950.4;950.6;950.3;;21.0;20.0;21.2;21.0;20.0;19.9;94.0;93.0;94.0;196.0;7.0;3.3
2020/11/22;0500 UTC;0.0;950.0;950.4;950.0;;20.8;20.0;21.0;20.8;20.0;19.9;95.0;94.0;95.0;189.0;6.5;3.6
2020/11/22;0600 UTC;0.0;950.0;950.1;949.8;;20.6;20.0;20.8;20.6;20.0;19.9;96.0;95.0;96.0;186.0;7.1;3.2
2020/11/22;0700 UTC;0.0;950.3;950.3;950.0;;20.5;19.9;20.6;20.5;20.0;19.9;97.0;96.0;97.0;175.0;6.9;2.9
2020/11/22;0800 UTC;0.0;951.0;951.0;950.3;6.0;20.6;20.1;20.7;20.5;20.1;20.0;97.0;97.0;97.0;185.0;6.0;3.4
2020/11/22;0900 UTC;0.0;951.7;951.7;951.0;255.2;21.2;20.5;21.2;20.6;20.6;20.1;97.0;96.0;96.0;184.0;6.2;3.1
2020/11/22;1000 UTC;0.0;951.9;951.9;951.7;699.2;22.7;20.8;22.7;21.2;21.2;20.5;96.0;89.0;89.0;185.0;8.9;4.4
2020/11/22;1100 UTC;0.0;952.2;952.3;951.9;1507.1;24.2;18.6;24.4;22.6;20.8;18.4;89.0;71.0;71.0;192.0;11.0;5.6
2020/11/22;1200 UTC;0.0;952.4;952.5;952.2;2058.5;26.1;16.7;26.6;24.1;18.9;16.7;71.0;56.0;56.0;182.0;10.7;4.2
2020/11/22;1300 UTC;0.0;952.0;952.5;952.0;2912.5;28.2;15.8;28.6;25.8;17.3;15.7;57.0;46.0;47.0;185.0;9.5;5.4
2020/11/22;1400 UTC;0.0;951.3;952.1;951.3;2772.0;29.3;16.8;29.3;27.3;17.1;15.3;50.0;46.0;47.0;184.0;11.0;5.0
2020/11/22;1500 UTC;0.0;950.6;951.3;950.6;2884.5;30.1;16.4;30.1;28.6;17.2;15.6;48.0;43.0;44.0;171.0;11.0;4.5
2020/11/22;1600 UTC;0.0;950.0;950.6;950.0;2077.5;29.4;17.1;30.4;28.7;17.1;15.9;49.0;43.0;48.0;185.0;9.8;4.8
2020/11/22;1700 UTC;0.0;949.5;950.0;949.5;1745.6;30.0;16.7;30.0;28.8;17.1;16.1;47.0;45.0;45.0;180.0;9.8;3.7
2020/11/22;1800 UTC;0.0;949.3;949.5;949.2;1864.8;29.4;16.1;30.4;28.8;16.6;15.7;47.0;42.0;45.0;181.0;9.6;4.5
2020/11/22;1900 UTC;0.0;949.7;949.7;949.3;1488.6;28.0;17.1;30.1;28.0;17.4;15.9;52.0;43.0;52.0;185.0;10.3;6.1
2020/11/22;2000 UTC;0.0;950.1;950.1;949.6;364.3;26.4;17.2;28.1;26.4;17.4;17.1;57.0;52.0;57.0;189.0;10.3;5.4
2020/11/22;2100 UTC;0.0;950.9;950.9;950.1;1.3;25.0;16.7;26.4;25.0;17.3;16.7;60.0;57.0;60.0;185.0;11.7;5.3
2020/11/22;2200 UTC;0.0;951.6;951.6;950.9;;23.8;17.2;25.0;23.8;17.2;16.7;67.0;60.0;67.0;175.0;10.4;5.1
2020/11/22;2300 UTC;0.0;952.1;952.1;951.6;;22.9;17.8;23.8;22.9;17.8;17.3;73.0;67.0;73.0;166.0;10.5;4.5
2020/11/23;0000 UTC;0.0;952.5;952.5;952.1;;22.1;18.5;22.9;22.1;18.5;17.8;80.0;73.0;80.0;179.0;8.2;3.7
2020/11/23;0100 UTC;0.0;952.6;952.7;952.5;;21.6;19.4;22.1;21.6;19.4;18.5;87.0;80.0;87.0;164.0;7.5;3.8
2020/11/23;0200 UTC;0.0;952.4;952.7;952.3;;21.6;19.9;21.6;21.5;19.9;19.4;90.0;87.0;90.0;185.0;7.5;4.4
2020/11/23;0300 UTC;0.0;951.8;952.4;951.8;;21.6;20.0;21.7;21.6;20.1;19.9;91.0;90.0;91.0;179.0;7.6;4.0
2020/11/23;0400 UTC;0.0;951.2;951.8;951.2;;21.4;20.1;21.7;21.3;20.2;20.0;92.0;91.0;92.0;194.0;8.9;4.5
2020/11/23;0500 UTC;0.0;951.0;951.2;950.9;;21.1;20.1;21.4;21.1;20.1;20.0;94.0;92.0;94.0;186.0;8.4;3.5
2020/11/23;0600 UTC;0.0;951.3;951.3;951.0;;20.8;19.9;21.1;20.8;20.1;19.9;95.0;94.0;95.0;197.0;7.0;3.2
2020/11/23;0700 UTC;0.0;951.7;951.7;951.3;;20.8;19.9;20.8;20.7;20.0;19.9;95.0;95.0;95.0;193.0;5.2;2.9
2020/11/23;0800 UTC;0.0;952.3;952.3;951.7;3.4;20.6;19.9;20.8;20.6;19.9;19.8;96.0;95.0;96.0;193.0;5.2;3.0
2020/11/23;0900 UTC;0.0;953.1;953.1;952.3;442.8;21.7;20.6;21.7;20.6;20.6;19.9;96.0;93.0;93.0;190.0;4.7;2.7
2020/11/23;1000 UTC;0.0;953.5;953.5;953.0;1185.8;23.4;19.7;23.4;21.8;20.9;19.6;93.0;80.0;80.0;195.0;6.9;4.3
2020/11/23;1100 UTC;0.0;953.7;953.7;953.5;2312.3;25.2;18.2;25.7;23.4;19.7;18.2;80.0;65.0;65.0;189.0;7.9;4.5
2020/11/23;1200 UTC;0.0;953.6;953.9;953.6;2873.7;27.0;18.4;27.2;25.2;19.0;17.8;66.0;59.0;59.0;185.0;8.2;4.6
2020/11/23;1300 UTC;0.0;953.5;953.7;953.5;3042.2;28.1;17.2;29.1;26.7;19.0;17.2;59.0;51.0;52.0;183.0;8.3;4.3
2020/11/23;1400 UTC;0.0;952.7;953.5;952.6;3624.0;29.9;15.4;30.6;27.6;18.1;14.7;55.0;39.0;41.0;182.0;9.1;3.6
2020/11/23;1500 UTC;0.0;951.7;952.7;951.7;2834.4;30.5;15.2;31.5;29.2;16.0;13.2;43.0;35.0;40.0;178.0;7.8;3.3
2020/11/23;1600 UTC;0.0;950.6;951.7;950.6;2600.1;30.3;15.2;31.7;29.8;16.3;14.2;42.0;37.0;40.0;176.0;9.0;3.2
2020/11/23;1700 UTC;0.0;950.2;950.6;950.2;1575.3;29.4;16.6;30.7;29.3;16.6;14.6;46.0;38.0;46.0;184.0;8.3;4.7
2020/11/23;1800 UTC;0.0;950.3;950.4;950.1;1040.6;28.2;18.6;29.7;28.2;18.6;16.6;56.0;46.0;56.0;187.0;9.5;5.3
2020/11/23;1900 UTC;0.0;950.7;950.8;950.3;548.9;26.5;19.5;28.2;26.5;19.6;18.6;65.0;56.0;65.0;200.0;10.4;6.2
2020/11/23;2000 UTC;0.0;951.3;951.3;950.6;219.7;25.4;19.6;26.5;25.4;19.6;19.3;70.0;65.0;70.0;189.0;10.4;5.2
2020/11/23;2100 UTC;0.0;951.9;952.0;951.2;1.1;24.4;19.5;25.4;24.4;19.8;19.4;74.0;70.0;74.0;195.0;10.0;4.7
2020/11/23;2200 UTC;0.0;952.7;952.7;951.9;;23.7;19.6;24.4;23.7;19.6;19.4;78.0;74.0;78.0;187.0;9.6;5.0
2020/11/23;2300 UTC;0.0;953.4;953.5;952.7;;23.0;19.9;23.8;23.0;20.0;19.6;83.0;78.0;83.0;196.0;9.3;3.9
2020/11/24;0000 UTC;0.0;953.6;953.7;953.4;;22.9;19.8;23.1;22.8;20.0;19.8;84.0;83.0;83.0;183.0;7.6;3.5
2020/11/24;0100 UTC;0.0;953.8;953.8;953.6;;22.4;19.6;22.9;22.4;19.8;19.6;85.0;82.0;84.0;183.0;7.3;3.6
2020/11/24;0200 UTC;0.0;953.5;953.8;953.5;;22.1;19.5;22.4;22.1;19.6;19.4;85.0;84.0;85.0;189.0;6.7;3.0
2020/11/24;0300 UTC;0.0;953.1;953.5;953.1;;21.8;19.8;22.1;21.8;19.8;19.4;89.0;85.0;89.0;175.0;5.6;2.2
2020/11/24;0400 UTC;0.0;952.6;953.1;952.6;;21.7;20.2;21.8;21.6;20.2;19.8;91.0;89.0;91.0;180.0;4.8;1.8
2020/11/24;0500 UTC;0.0;952.3;952.6;952.2;;21.9;20.4;22.0;21.7;20.5;20.1;91.0;91.0;91.0;177.0;4.7;2.2
2020/11/24;0600 UTC;0.0;952.3;952.3;952.1;;21.6;20.3;21.9;21.6;20.5;20.3;92.0;91.0;92.0;187.0;4.9;2.6
2020/11/24;0700 UTC;0.0;952.7;952.7;952.3;;21.6;20.2;21.7;21.5;20.4;20.1;92.0;92.0;92.0;185.0;5.1;2.6
2020/11/24;0800 UTC;0.0;953.0;953.0;952.7;5.3;21.5;20.2;21.6;21.5;20.2;20.1;92.0;92.0;92.0;181.0;4.5;2.1
2020/11/24;0900 UTC;0.6;953.7;953.7;953.0;131.4;21.0;20.2;21.9;20.8;20.5;19.8;95.0;92.0;95.0;184.0;8.5;4.3
2020/11/24;1000 UTC;0.0;954.2;954.2;953.7;628.7;22.0;20.9;22.1;20.9;21.2;20.2;96.0;94.0;94.0;190.0;7.7;3.5
2020/11/24;1100 UTC;0.0;954.6;954.6;954.2;805.0;22.5;20.6;22.9;21.8;21.4;20.6;94.0;89.0;89.0;189.0;6.9;4.3
2020/11/24;1200 UTC;2.6;954.7;954.7;954.6;681.9;21.6;20.6;23.0;21.4;21.1;20.2;94.0;88.0;94.0;178.0;6.9;2.5
2020/11/24;1300 UTC;7.2;954.5;954.8;954.5;883.0;21.2;20.6;21.7;20.4;21.0;19.8;98.0;94.0;97.0;183.0;8.9;2.8
2020/11/24;1400 UTC;0.2;953.7;954.5;953.7;1697.2;23.0;22.0;23.1;21.2;22.1;20.6;97.0;94.0;94.0;65.0;5.6;3.2
2020/11/24;1500 UTC;0.0;952.9;953.7;952.9;2893.3;25.5;21.3;25.5;22.9;23.4;21.1;94.0;78.0;78.0;189.0;7.3;4.7
2020/11/24;1600 UTC;0.0;952.2;952.9;952.2;2429.7;24.6;20.7;26.4;24.6;21.7;20.2;79.0;74.0;79.0;178.0;9.3;4.8
2020/11/24;1700 UTC;0.0;951.6;952.2;951.6;2185.4;24.6;20.4;25.6;24.5;21.5;19.8;79.0;73.0;77.0;183.0;9.4;5.2
2020/11/24;1800 UTC;0.0;951.6;951.7;951.4;1387.8;25.2;20.3;25.2;24.4;21.2;19.9;80.0;74.0;74.0;181.0;9.8;4.6
2020/11/24;1900 UTC;0.0;951.5;951.7;951.5;1044.5;24.4;19.9;25.3;24.4;20.6;19.7;77.0;73.0;76.0;185.0;10.6;5.4
2020/11/24;2000 UTC;0.0;952.2;952.2;951.5;402.7;23.4;20.1;24.6;23.4;20.3;19.9;82.0;76.0;82.0;198.0;10.6;5.5
2020/11/24;2100 UTC;0.0;952.7;952.7;952.2;2.4;23.2;20.2;23.5;23.1;20.2;20.0;83.0;82.0;83.0;198.0;9.6;4.7
2020/11/24;2200 UTC;0.0;953.4;953.4;952.7;;22.9;19.7;23.3;22.9;20.2;19.6;83.0;81.0;82.0;201.0;8.8;5.2
2020/11/24;2300 UTC;0.0;953.7;953.7;953.4;;22.5;19.6;22.9;22.5;19.8;19.6;83.0;82.0;83.0;191.0;8.8;3.9
2020/11/25;0000 UTC;0.0;953.9;954.0;953.7;;21.7;19.4;22.5;21.7;19.6;19.3;87.0;83.0;87.0;173.0;6.9;3.5
2020/11/25;0100 UTC;0.0;954.1;954.1;953.9;;21.5;19.4;21.7;21.5;19.4;19.3;88.0;87.0;88.0;171.0;6.8;3.0
2020/11/25;0200 UTC;0.0;953.6;954.1;953.6;;21.1;19.4;21.5;21.1;19.5;19.4;90.0;88.0;90.0;176.0;6.5;2.6
2020/11/25;0300 UTC;0.0;952.8;953.6;952.8;;20.6;19.2;21.1;20.6;19.4;19.2;92.0;90.0;92.0;170.0;6.9;2.2
2020/11/25;0400 UTC;0.0;952.2;952.8;952.2;;20.3;18.9;20.6;20.3;19.3;18.9;92.0;92.0;92.0;174.0;4.8;2.2
2020/11/25;0500 UTC;0.0;951.8;952.2;951.8;;20.0;18.7;20.3;20.0;18.9;18.7;92.0;92.0;92.0;170.0;4.6;1.6
2020/11/25;0600 UTC;0.0;951.7;951.8;951.6;;19.9;18.8;20.0;19.9;18.8;18.7;93.0;92.0;93.0;177.0;3.8;1.5
2020/11/25;0700 UTC;0.0;952.0;952.0;951.6;;20.0;19.0;20.1;19.9;19.1;18.8;94.0;93.0;94.0;181.0;3.7;1.6
2020/11/25;0800 UTC;0.0;952.4;952.4;952.0;7.3;19.9;19.0;20.0;19.8;19.0;18.9;95.0;94.0;95.0;181.0;3.0;1.3
2020/11/25;0900 UTC;0.0;953.0;953.0;952.4;188.4;20.7;19.7;20.7;19.9;19.7;19.0;95.0;94.0;94.0;182.0;4.8;2.4
2020/11/25;1000 UTC;0.0;953.5;953.5;953.0;590.8;21.9;19.9;22.1;20.7;20.5;19.7;94.0;88.0;89.0;176.0;7.2;3.0
2020/11/25;1100 UTC;0.8;954.0;954.1;953.5;757.8;21.5;20.5;21.9;20.6;20.5;19.2;94.0;88.0;94.0;181.0;7.7;2.0
2020/11/25;1200 UTC;0.0;954.0;954.0;953.9;1118.2;22.4;20.1;22.6;21.1;21.3;20.0;94.0;87.0;87.0;177.0;7.1;3.6
2020/11/25;1300 UTC;0.0;953.4;954.0;953.4;2602.3;25.3;19.6;25.6;21.9;21.1;19.6;89.0;70.0;70.0;181.0;7.1;3.4
2020/11/25;1400 UTC;0.0;952.8;953.4;952.8;2458.0;25.9;19.7;26.4;24.7;20.6;19.0;74.0;67.0;69.0;183.0;8.6;4.2
2020/11/25;1500 UTC;0.0;952.1;952.8;952.1;2342.7;26.2;18.7;26.6;25.5;20.1;18.2;70.0;61.0;63.0;193.0;9.8;5.5
2020/11/25;1600 UTC;0.0;951.2;952.0;951.2;2083.4;25.7;18.9;27.0;25.7;19.3;18.1;66.0;60.0;66.0;150.0;9.1;4.8
2020/11/25;1700 UTC;0.0;950.8;951.2;950.8;1903.7;26.3;19.5;27.0;25.4;19.7;18.5;68.0;62.0;66.0;186.0;9.1;3.8
2020/11/25;1800 UTC;0.0;950.6;950.8;950.6;1251.3;26.6;18.6;27.4;26.0;19.8;18.4;66.0;60.0;62.0;183.0;8.0;4.1
2020/11/25;1900 UTC;0.0;950.8;950.8;950.6;1190.9;26.6;18.3;28.1;26.3;19.1;18.1;62.0;57.0;60.0;158.0;8.7;4.2
2020/11/25;2000 UTC;0.0;950.9;950.9;950.7;413.1;25.6;17.9;26.7;25.6;18.3;17.8;62.0;59.0;62.0;189.0;9.7;5.3
2020/11/25;2100 UTC;0.0;951.5;951.5;950.9;3.2;24.5;18.0;25.6;24.5;18.1;17.8;67.0;62.0;67.0;186.0;9.0;4.4
2020/11/25;2200 UTC;0.0;952.2;952.2;951.5;;23.1;18.2;24.5;23.1;18.2;17.9;74.0;67.0;74.0;187.0;8.9;4.4
2020/11/25;2300 UTC;0.0;952.7;952.8;952.2;;22.2;18.7;23.1;22.2;18.7;18.2;80.0;74.0;80.0;196.0;8.0;3.9
2020/11/26;0000 UTC;0.0;953.0;953.0;952.7;;21.6;19.2;22.2;21.6;19.2;18.7;87.0;80.0;87.0;200.0;7.6;4.3
2020/11/26;0100 UTC;0.0;952.8;953.1;952.8;;21.1;19.6;21.6;21.1;19.6;19.2;91.0;87.0;91.0;203.0;7.8;4.1
2020/11/26;0200 UTC;0.0;952.4;952.9;952.4;;20.9;19.8;21.1;20.9;19.8;19.6;93.0;91.0;93.0;205.0;6.5;3.3
2020/11/26;0300 UTC;0.0;951.6;952.4;951.6;;21.0;20.0;21.1;20.9;20.1;19.8;94.0;93.0;94.0;195.0;6.6;3.2
2020/11/26;0400 UTC;0.0;951.0;951.6;951.0;;20.9;20.0;21.0;20.8;20.1;20.0;95.0;94.0;95.0;201.0;5.9;3.3
2020/11/26;0500 UTC;0.0;950.6;951.0;950.6;;20.6;19.9;20.9;20.6;20.0;19.9;96.0;95.0;96.0;191.0;5.4;2.6
2020/11/26;0600 UTC;0.0;950.6;950.7;950.5;;20.5;19.9;20.7;20.5;20.0;19.9;96.0;96.0;96.0;173.0;4.6;1.7
2020/11/26;0700 UTC;0.0;951.0;951.0;950.6;;20.8;20.1;20.8;20.5;20.2;19.9;96.0;96.0;96.0;183.0;5.6;3.2
2020/11/26;0800 UTC;0.0;951.2;951.3;950.9;7.2;20.6;20.0;20.8;20.6;20.2;20.0;97.0;96.0;97.0;202.0;6.3;3.0
2020/11/26;0900 UTC;0.0;951.7;951.8;951.2;260.4;21.2;20.5;21.2;20.6;20.5;20.0;97.0;96.0;96.0;192.0;6.3;3.2
2020/11/26;1000 UTC;0.0;952.5;952.5;951.7;814.5;23.1;21.3;23.1;21.2;21.3;20.4;96.0;90.0;90.0;179.0;8.4;4.4
2020/11/26;1100 UTC;0.0;953.1;953.1;952.5;1269.3;24.8;19.8;24.8;22.5;21.0;19.1;89.0;74.0;74.0;184.0;9.6;4.8
2020/11/26;1200 UTC;0.0;952.7;953.1;952.7;2114.9;26.1;19.5;26.1;23.8;20.1;18.8;75.0;67.0;67.0;174.0;7.8;3.7
2020/11/26;1300 UTC;0.0;952.4;952.7;952.4;2829.4;27.4;19.1;27.7;26.0;19.8;18.6;67.0;61.0;61.0;181.0;10.1;5.0
2020/11/26;1400 UTC;0.0;951.7;952.4;951.7;3165.0;27.8;18.5;28.7;26.7;19.6;18.3;63.0;56.0;57.0;192.0;9.9;6.0
2020/11/26;1500 UTC;0.0;950.8;951.7;950.8;3095.7;29.3;18.6;29.9;27.6;19.1;17.8;58.0;50.0;52.0;182.0;9.7;4.4
2020/11/26;1600 UTC;0.0;950.0;950.8;950.0;2873.9;29.9;18.0;30.7;28.1;19.3;17.9;56.0;48.0;49.0;187.0;10.0;4.2
2020/11/26;1700 UTC;0.0;949.4;950.0;949.4;2563.6;28.9;18.0;31.0;28.5;18.5;17.3;52.0;47.0;52.0;188.0;10.2;5.9
2020/11/26;1800 UTC;0.0;949.2;949.4;949.1;2199.1;28.7;17.7;29.9;28.6;18.6;17.6;52.0;49.0;51.0;196.0;10.9;5.9
2020/11/26;1900 UTC;0.0;949.6;949.6;949.2;1396.8;27.6;17.8;29.3;27.6;18.1;17.6;55.0;50.0;55.0;195.0;11.5;5.7
2020/11/26;2000 UTC;0.0;950.1;950.1;949.6;408.2;25.8;18.8;27.6;25.8;18.8;17.8;65.0;55.0;65.0;192.0;11.9;7.0
2020/11/26;2100 UTC;0.0;951.1;951.1;950.1;0.9;24.2;18.8;25.8;24.2;18.9;18.7;72.0;65.0;72.0;192.0;11.9;6.1
2020/11/26;2200 UTC;0.0;951.8;951.9;951.1;;23.2;19.1;24.2;23.1;19.2;18.8;78.0;72.0;78.0;182.0;10.7;4.7
2020/11/26;2300 UTC;0.0;952.5;952.6;951.8;;22.4;19.6;23.1;22.4;19.6;19.0;84.0;78.0;84.0;195.0;10.6;5.6
2020/11/27;0000 UTC;0.0;952.9;952.9;952.5;;21.9;19.6;22.5;21.8;19.7;19.5;87.0;84.0;87.0;190.0;10.3;3.8
2020/11/27;0100 UTC;0.0;952.6;952.9;952.6;;21.8;19.6;22.0;21.7;19.6;19.5;87.0;86.0;87.0;195.0;7.4;3.9
2020/11/27;0200 UTC;0.0;952.1;952.6;952.1;;21.2;19.6;21.8;21.2;19.7;19.6;91.0;87.0;91.0;179.0;6.8;3.8
2020/11/27;0300 UTC;0.0;951.2;952.1;951.2;;20.8;19.4;21.2;20.8;19.6;19.4;91.0;91.0;91.0;185.0;6.9;3.3
2020/11/27;0400 UTC;0.0;950.9;951.2;950.8;;20.5;19.1;20.8;20.5;19.4;19.0;91.0;91.0;91.0;178.0;5.6;2.6
2020/11/27;0500 UTC;0.0;950.6;951.0;950.6;;20.4;19.0;20.6;20.4;19.1;18.9;91.0;91.0;91.0;179.0;5.6;2.9
2020/11/27;0600 UTC;0.0;950.9;950.9;950.6;;20.3;19.0;20.4;20.3;19.0;18.9;92.0;91.0;92.0;172.0;5.5;2.5
2020/11/27;0700 UTC;0.0;951.0;951.0;950.8;;20.3;19.0;20.3;20.2;19.1;19.0;93.0;92.0;93.0;186.0;5.4;3.2
2020/11/27;0800 UTC;0.0;951.5;951.5;951.0;11.0;20.5;19.3;20.5;20.2;19.3;19.0;93.0;93.0;93.0;186.0;5.7;3.0
2020/11/27;0900 UTC;0.0;952.3;952.3;951.5;486.1;21.9;20.0;21.9;20.5;20.1;19.3;93.0;89.0;89.0;183.0;6.4;3.7
2020/11/27;1000 UTC;0.0;952.8;952.9;952.3;1216.4;22.9;19.2;23.2;21.9;20.4;19.2;89.0;80.0;80.0;182.0;9.6;5.0
2020/11/27;1100 UTC;0.0;953.4;953.4;952.8;1326.8;24.5;18.5;25.4;22.8;19.8;18.5;80.0;69.0;69.0;180.0;10.0;4.8
2020/11/27;1200 UTC;0.0;953.4;953.6;953.3;2821.7;26.8;18.3;27.1;24.5;19.2;17.1;70.0;57.0;60.0;182.0;11.1;5.6
2020/11/27;1300 UTC;0.0;953.2;953.5;953.1;2660.6;27.4;17.6;27.9;26.1;18.2;16.7;60.0;54.0;55.0;179.0;9.8;4.6
2020/11/27;1400 UTC;0.0;952.3;953.2;952.2;3671.2;29.3;17.5;29.4;27.1;18.4;16.0;55.0;47.0;49.0;179.0;11.2;4.1
2020/11/27;1500 UTC;0.0;951.2;952.3;951.2;3265.0;30.6;16.8;31.5;28.5;18.0;16.7;51.0;42.0;44.0;182.0;8.6;3.9
2020/11/27;1600 UTC;0.0;950.3;951.2;950.3;3554.5;30.9;17.4;31.4;29.6;17.4;15.2;46.0;39.0;44.0;193.0;9.9;5.1
2020/11/27;1700 UTC;0.0;949.6;950.3;949.6;2529.2;30.0;16.8;31.4;29.3;17.3;16.0;47.0;42.0;45.0;185.0;9.9;4.8
2020/11/27;1800 UTC;0.0;949.5;949.6;949.3;2088.4;30.0;18.1;30.6;29.1;18.1;16.7;49.0;45.0;49.0;173.0;11.4;4.8
2020/11/27;1900 UTC;0.0;949.8;949.8;949.5;1294.5;28.3;17.9;29.9;28.2;18.1;17.4;54.0;49.0;53.0;185.0;10.4;5.5
2020/11/27;2000 UTC;0.0;950.5;950.5;949.8;403.9;25.9;18.8;28.3;25.9;18.9;17.9;65.0;53.0;65.0;198.0;11.2;6.5
2020/11/27;2100 UTC;0.0;951.4;951.4;950.5;1.0;24.4;19.2;25.9;24.4;19.2;18.8;73.0;65.0;73.0;188.0;11.2;6.7
2020/11/27;2200 UTC;0.0;952.1;952.1;951.4;;23.3;19.2;24.4;23.3;19.3;19.1;78.0;73.0;78.0;197.0;12.1;6.3
2020/11/27;2300 UTC;0.0;952.8;952.8;952.1;;22.8;19.7;23.3;22.7;19.7;19.2;83.0;78.0;83.0;196.0;10.5;5.4
2020/11/28;0000 UTC;0.0;953.4;953.4;952.8;;22.2;19.5;22.8;22.2;19.7;19.4;85.0;83.0;85.0;195.0;9.2;4.5
2020/11/28;0100 UTC;0.0;953.4;953.5;953.3;;22.1;19.6;22.3;22.1;19.7;19.5;86.0;85.0;86.0;194.0;9.8;3.8
2020/11/28;0200 UTC;0.0;953.2;953.4;953.1;;22.1;19.6;22.2;22.0;19.8;19.6;87.0;86.0;86.0;172.0;7.0;2.9
2020/11/28;0300 UTC;0.0;952.5;953.2;952.5;;22.2;18.8;22.3;22.0;19.7;18.7;86.0;81.0;81.0;173.0;7.4;2.8
2020/11/28;0400 UTC;0.0;951.8;952.5;951.8;;21.8;18.8;22.2;21.8;18.9;18.8;83.0;81.0;83.0;173.0;6.3;2.4
2020/11/28;0500 UTC;0.0;951.2;951.8;951.2;;21.4;19.1;21.8;21.4;19.1;18.8;86.0;83.0;86.0;168.0;6.5;3.2
2020/11/28;0600 UTC;0.0;951.1;951.2;951.0;;21.3;19.1;21.5;21.3;19.3;19.0;88.0;86.0;88.0;178.0;7.4;4.4
2020/11/28;0700 UTC;0.0;951.5;951.5;951.0;;21.3;19.0;21.4;21.2;19.2;19.0;88.0;87.0;87.0;172.0;7.4;3.6
2020/11/28;0800 UTC;0.0;951.9;952.0;951.5;9.7;21.2;18.8;21.3;21.1;19.1;18.8;87.0;86.0;86.0;173.0;7.2;3.8
2020/11/28;0900 UTC;0.0;952.6;952.6;951.9;398.3;21.9;18.8;21.9;21.2;19.0;18.6;86.0;82.0;83.0;187.0;9.1;5.4
2020/11/28;1000 UTC;0.0;953.2;953.2;952.6;1084.5;23.2;19.2;23.2;21.9;19.3;18.6;83.0;77.0;78.0;188.0;9.1;4.1
2020/11/28;1100 UTC;0.0;953.4;953.5;953.2;2356.9;25.2;18.1;25.6;23.2;19.2;17.8;78.0;64.0;65.0;178.0;11.1;4.7
2020/11/28;1200 UTC;0.0;953.5;953.6;953.4;2565.1;25.7;18.7;26.8;25.2;19.2;17.9;66.0;62.0;65.0;186.0;10.4;4.8
2020/11/28;1300 UTC;0.0;953.1;953.5;953.1;3145.5;29.2;18.3;29.2;25.6;19.3;17.1;66.0;52.0;52.0;177.0;9.3;4.3
2020/11/28;1400 UTC;0.0;952.6;953.1;952.6;3149.8;28.3;16.8;30.3;28.1;18.0;15.8;52.0;45.0;50.0;179.0;8.8;4.4
2020/11/28;1500 UTC;0.0;951.8;952.6;951.7;3476.7;30.7;16.2;31.0;28.3;17.4;14.6;50.0;40.0;42.0;181.0;8.8;3.7
2020/11/28;1600 UTC;0.0;950.9;951.8;950.8;3347.0;31.0;16.0;31.5;29.7;16.8;15.0;43.0;38.0;40.0;179.0;9.3;4.5
2020/11/28;1700 UTC;0.0;950.1;950.9;950.1;2332.9;30.1;16.1;31.9;29.9;16.6;14.9;43.0;38.0;43.0;179.0;9.6;4.6
2020/11/28;1800 UTC;0.0;950.0;950.2;949.9;1786.0;29.8;15.7;30.5;29.5;16.3;15.5;43.0;41.0;42.0;181.0;9.3;4.8
2020/11/28;1900 UTC;0.0;950.3;950.4;950.0;860.7;28.2;15.8;29.8;28.2;16.0;15.3;47.0;42.0;47.0;189.0;9.8;5.1
2020/11/28;2000 UTC;0.0;951.1;951.1;950.3;199.1;26.7;17.0;28.3;26.7;17.0;15.7;55.0;47.0;55.0;188.0;10.3;4.5
2020/11/28;2100 UTC;0.0;952.0;952.0;951.1;1.6;25.3;17.3;26.7;25.3;17.4;17.1;61.0;55.0;61.0;187.0;9.6;5.7
2020/11/28;2200 UTC;0.0;952.8;952.8;952.0;;24.1;17.7;25.3;24.1;17.7;17.3;67.0;61.0;67.0;179.0;9.1;4.9
2020/11/28;2300 UTC;0.0;953.6;953.6;952.8;;23.1;17.7;24.1;23.1;17.8;17.6;72.0;67.0;72.0;180.0;9.4;4.1
2020/11/29;0000 UTC;0.0;954.1;954.1;953.6;;22.4;17.9;23.1;22.3;17.9;17.6;76.0;72.0;76.0;185.0;8.8;3.4
2020/11/29;0100 UTC;0.0;954.2;954.2;954.1;;21.9;18.2;22.4;21.8;18.3;17.9;80.0;76.0;80.0;183.0;7.6;3.7
2020/11/29;0200 UTC;0.0;953.9;954.2;953.9;;21.4;18.5;21.9;21.4;18.5;18.2;83.0;80.0;83.0;170.0;6.2;3.0
2020/11/29;0300 UTC;0.0;953.3;953.9;953.3;;21.0;18.6;21.4;21.0;18.6;18.4;86.0;83.0;86.0;185.0;5.4;3.4
2020/11/29;0400 UTC;0.0;952.7;953.3;952.7;;20.8;18.6;21.1;20.8;18.6;18.5;87.0;86.0;87.0;205.0;6.2;3.1
2020/11/29;0500 UTC;0.0;952.3;952.7;952.3;;20.8;18.8;20.8;20.7;18.8;18.6;88.0;87.0;88.0;194.0;5.2;3.0
2020/11/29;0600 UTC;0.0;952.0;952.3;952.0;;20.6;18.8;20.8;20.6;18.9;18.8;90.0;88.0;90.0;183.0;5.3;2.9
2020/11/29;0700 UTC;0.0;952.1;952.1;952.0;;20.5;18.9;20.6;20.5;18.9;18.8;91.0;90.0;91.0;194.0;5.3;2.8
2020/11/29;0800 UTC;0.0;952.6;952.6;952.1;8.9;20.5;19.1;20.5;20.3;19.1;18.9;92.0;91.0;92.0;183.0;4.5;2.4
2020/11/29;0900 UTC;0.0;952.9;952.9;952.6;411.7;21.7;20.0;21.7;20.5;20.0;19.1;92.0;90.0;90.0;176.0;5.4;2.8
2020/11/29;1000 UTC;0.0;953.3;953.4;952.9;967.3;22.9;19.5;23.3;21.7;20.3;19.5;90.0;81.0;81.0;184.0;6.7;3.3
2020/11/29;1100 UTC;0.0;953.6;953.6;953.3;1579.6;24.6;18.7;25.2;22.8;19.8;18.3;82.0;68.0;70.0;183.0;8.5;4.5
2020/11/29;1200 UTC;0.0;953.4;953.7;953.4;2533.9;26.8;17.9;27.2;24.3;19.7;17.7;70.0;58.0;58.0;182.0;9.0;4.7
2020/11/29;1300 UTC;0.0;952.8;953.4;952.8;2991.9;27.7;17.1;28.6;26.4;18.8;16.9;61.0;52.0;53.0;184.0;9.0;3.5
2020/11/29;1400 UTC;0.0;951.8;952.8;951.8;3279.3;29.4;16.0;29.9;27.8;17.6;15.6;52.0;45.0;45.0;176.0;8.3;4.0
2020/11/29;1500 UTC;0.0;950.9;951.8;950.9;3482.3;30.4;15.8;31.0;28.6;16.9;15.1;46.0;40.0;41.0;171.0;7.7;3.3
2020/11/29;1600 UTC;0.0;949.9;950.9;949.9;3587.9;31.0;16.5;32.0;29.9;17.1;15.2;44.0;38.0;42.0;191.0;8.9;3.6
2020/11/29;1700 UTC;0.0;949.4;949.9;949.4;3365.0;30.4;18.7;31.9;30.0;18.9;15.9;50.0;39.0;50.0;168.0;10.5;5.4
2020/11/29;1800 UTC;0.0;949.3;949.4;949.2;2211.1;29.0;18.2;30.4;28.7;19.0;18.2;54.0;50.0;52.0;186.0;10.5;5.5
2020/11/29;1900 UTC;0.0;949.6;949.6;949.2;961.5;27.5;17.8;29.2;27.5;18.5;17.7;56.0;52.0;56.0;186.0;11.1;5.9
2020/11/29;2000 UTC;0.0;950.3;950.3;949.6;409.3;26.3;17.9;27.6;26.2;18.3;17.8;60.0;56.0;60.0;180.0;11.1;5.2
2020/11/29;2100 UTC;0.0;951.3;951.3;950.3;3.7;24.7;18.1;26.3;24.7;18.1;17.6;66.0;60.0;66.0;190.0;10.8;6.1
2020/11/29;2200 UTC;0.0;952.1;952.2;951.3;;23.8;17.9;24.7;23.8;18.2;17.8;70.0;66.0;70.0;199.0;10.8;5.0
2020/11/29;2300 UTC;0.0;952.9;952.9;952.1;;23.0;18.4;23.9;23.0;18.4;17.8;75.0;70.0;75.0;176.0;10.4;3.8
2020/11/30;0000 UTC;0.0;953.3;953.4;952.9;;22.3;18.2;23.0;22.2;18.7;18.2;79.0;75.0;78.0;181.0;8.2;4.6
2020/11/30;0100 UTC;0.0;953.5;953.6;953.3;;21.7;18.5;22.3;21.7;18.6;18.1;82.0;78.0;82.0;185.0;8.3;2.8
2020/11/30;0200 UTC;0.0;953.3;953.6;953.3;;21.3;18.5;21.7;21.3;18.5;18.4;84.0;82.0;84.0;196.0;5.9;3.6
2020/11/30;0300 UTC;0.0;952.6;953.4;952.6;;21.0;18.7;21.4;21.0;18.8;18.5;87.0;84.0;87.0;199.0;5.8;3.4
2020/11/30;0400 UTC;0.0;952.1;952.6;952.1;;20.9;18.9;21.0;20.9;18.9;18.7;88.0;87.0;88.0;196.0;5.3;2.7
2020/11/30;0500 UTC;0.0;951.8;952.2;951.8;;20.6;18.9;21.0;20.6;18.9;18.8;90.0;88.0;90.0;207.0;5.5;2.9
2020/11/30;0600 UTC;0.0;951.8;952.0;951.8;;20.8;19.2;20.8;20.5;19.3;18.9;91.0;90.0;91.0;177.0;5.4;2.4
2020/11/30;0700 UTC;0.0;951.7;951.8;951.7;;20.5;19.4;20.8;20.4;19.4;19.1;93.0;91.0;93.0;179.0;4.6;2.7
2020/11/30;0800 UTC;0.0;952.1;952.1;951.7;8.3;20.6;19.4;20.7;20.5;19.5;19.4;93.0;93.0;93.0;181.0;4.4;1.8
2020/11/30;0900 UTC;0.0;952.6;952.6;952.1;368.7;22.0;20.0;22.0;20.6;20.3;19.4;93.0;89.0;89.0;177.0;5.0;2.4
2020/11/30;1000 UTC;0.0;953.2;953.2;952.6;623.8;22.7;19.0;22.7;21.9;20.4;18.8;89.0;80.0;80.0;176.0;7.2;3.1
2020/11/30;1100 UTC;0.0;953.5;953.5;953.1;1362.1;24.2;18.1;25.1;22.6;20.0;18.1;80.0;68.0;69.0;179.0;6.9;3.2
2020/11/30;1200 UTC;0.0;953.3;953.5;953.3;2094.2;25.7;17.7;27.0;24.1;19.4;17.7;70.0;61.0;61.0;183.0;7.9;3.2
2020/11/30;1300 UTC;0.0;952.8;953.3;952.8;2608.5;27.8;18.1;28.7;25.5;19.1;17.7;64.0;55.0;55.0;173.0;7.4;3.4
2020/11/30;1400 UTC;0.0;952.2;952.8;952.2;2979.1;29.3;17.8;29.6;26.8;18.6;17.6;58.0;50.0;50.0;182.0;7.4;3.0
2020/11/30;1500 UTC;0.0;951.2;952.2;951.2;2944.5;30.1;17.5;30.6;27.7;18.6;16.8;54.0;46.0;47.0;176.0;8.5;2.9
2020/11/30;1600 UTC;0.0;950.0;951.2;950.0;3495.9;30.9;16.7;31.6;29.6;18.5;16.2;48.0;42.0;43.0;186.0;10.0;2.4
2020/11/30;1700 UTC;0.0;949.2;950.0;949.2;2428.6;30.6;16.0;32.0;29.8;17.3;15.7;44.0;38.0;41.0;196.0;7.8;3.8
2020/11/30;1800 UTC;0.0;949.2;949.3;949.0;2039.2;29.7;18.2;31.1;29.4;18.2;16.4;50.0;41.0;50.0;163.0;9.5;5.2
2020/11/30;1900 UTC;0.0;949.4;949.4;949.1;1359.3;28.5;17.9;30.1;28.5;18.3;17.6;53.0;48.0;53.0;187.0;8.9;5.2
2020/11/30;2000 UTC;0.0;950.2;950.2;949.4;412.1;26.4;18.4;28.6;26.4;18.4;17.9;62.0;53.0;62.0;185.0;9.4;6.0
2020/11/30;2100 UTC;0.0;951.2;951.2;950.2;5.2;24.6;18.7;26.4;24.6;18.8;18.4;70.0;62.0;70.0;197.0;10.9;6.1
2020/11/30;2200 UTC;0.0;951.8;951.8;951.2;;23.5;18.4;24.6;23.5;18.8;18.3;73.0;70.0;73.0;190.0;11.6;6.3
2020/11/30;2300 UTC;0.0;952.7;952.7;951.8;;22.6;18.5;23.5;22.6;18.5;18.3;78.0;73.0;78.0;198.0;10.9;5.7
2020/12/01;0000 UTC;0.0;952.9;953.0;952.7;;22.0;19.1;22.6;22.0;19.1;18.5;84.0;78.0;84.0;198.0;10.9;4.7
2020/12/01;0100 UTC;0.0;953.1;953.3;952.9;;21.6;19.4;22.0;21.5;19.4;19.0;88.0;84.0;88.0;192.0;8.4;4.7
2020/12/01;0200 UTC;0.0;952.7;953.1;952.6;;21.2;19.4;21.6;21.2;19.5;19.4;89.0;88.0;89.0;185.0;7.8;3.6
2020/12/01;0300 UTC;0.0;952.2;952.7;952.2;;21.1;19.4;21.2;21.1;19.4;19.3;90.0;89.0;90.0;193.0;6.1;2.5
2020/12/01;0400 UTC;0.0;951.8;952.2;951.8;;21.1;19.4;21.2;21.1;19.5;19.4;90.0;90.0;90.0;196.0;5.3;2.4
2020/12/01;0500 UTC;0.0;951.4;951.8;951.4;;21.1;19.5;21.2;21.1;19.5;19.4;90.0;90.0;90.0;176.0;4.8;2.6
2020/12/01;0600 UTC;0.0;951.2;951.4;951.1;;21.2;19.6;21.2;21.0;19.6;19.4;91.0;90.0;91.0;171.0;4.6;2.1
2020/12/01;0700 UTC;0.0;951.5;951.5;951.2;;20.8;19.4;21.2;20.8;19.6;19.4;92.0;91.0;92.0;172.0;4.6;2.2
2020/12/01;0800 UTC;0.0;952.0;952.0;951.5;8.7;20.7;19.5;20.8;20.6;19.5;19.4;93.0;92.0;93.0;176.0;4.1;2.0
2020/12/01;0900 UTC;0.0;952.7;952.8;952.0;423.5;22.1;20.5;22.1;20.7;20.5;19.5;93.0;90.0;91.0;172.0;4.5;2.4
2020/12/01;1000 UTC;0.0;953.2;953.2;952.7;1145.7;22.9;19.3;23.3;21.9;20.6;19.2;91.0;80.0;80.0;192.0;7.8;4.6
2020/12/01;1100 UTC;0.0;953.7;953.7;953.2;1322.4;25.1;19.5;25.1;22.9;19.7;18.7;80.0;71.0;71.0;184.0;9.2;4.3
2020/12/01;1200 UTC;0.0;953.8;953.9;953.7;2290.0;26.4;19.0;26.7;25.0;19.6;18.4;71.0;64.0;64.0;183.0;9.9;5.2
2020/12/01;1300 UTC;0.0;953.3;953.9;953.2;2304.2;27.7;17.8;28.8;25.5;19.3;17.8;66.0;54.0;55.0;180.0;10.2;3.9
2020/12/01;1400 UTC;0.0;952.6;953.3;952.6;3034.7;28.3;17.5;29.4;27.3;18.9;17.3;56.0;51.0;52.0;195.0;9.7;4.9
2020/12/01;1500 UTC;0.0;951.9;952.6;951.9;2762.2;30.3;18.5;30.4;28.2;18.8;17.3;53.0;47.0;49.0;178.0;8.9;3.9
2020/12/01;1600 UTC;0.0;950.9;951.9;950.9;3124.5;31.4;17.8;31.5;29.4;18.6;17.4;50.0;44.0;44.0;185.0;8.7;3.7
2020/12/01;1700 UTC;0.0;950.2;950.9;950.2;2428.5;30.3;17.4;31.5;30.0;18.3;17.1;47.0;44.0;46.0;106.0;8.8;4.4
2020/12/01;1800 UTC;0.0;949.9;950.2;949.8;1949.6;30.3;18.5;31.3;29.6;18.7;17.4;50.0;44.0;49.0;180.0;9.7;5.0
2020/12/01;1900 UTC;0.0;950.3;950.3;949.8;1344.9;28.2;19.1;30.8;28.2;19.1;18.3;58.0;49.0;58.0;194.0;10.4;6.2
2020/12/01;2000 UTC;0.0;950.8;950.8;950.2;434.4;26.6;19.3;28.2;26.6;19.5;19.0;64.0;58.0;64.0;193.0;10.6;5.0
2020/12/01;2100 UTC;0.0;951.6;951.6;950.8;4.1;24.8;19.0;26.6;24.8;19.5;19.0;71.0;64.0;70.0;193.0;11.5;6.2
2020/12/01;2200 UTC;0.0;952.4;952.4;951.6;;23.7;19.0;24.9;23.7;19.0;18.7;75.0;70.0;75.0;197.0;12.3;6.3
2020/12/01;2300 UTC;0.0;953.1;953.1;952.4;;23.0;19.7;23.7;23.0;19.8;19.0;82.0;75.0;82.0;195.0;11.6;6.6
2020/12/02;0000 UTC;0.0;953.4;953.4;953.0;;22.5;19.7;23.1;22.5;19.9;19.3;84.0;81.0;84.0;195.0;12.3;6.0
2020/12/02;0100 UTC;0.0;953.1;953.4;953.0;;22.1;20.1;22.4;22.1;20.1;19.7;88.0;84.0;88.0;189.0;9.8;5.8
2020/12/02;0200 UTC;0.0;952.5;953.1;952.5;;22.0;20.3;22.3;22.0;20.3;20.1;90.0;88.0;90.0;197.0;10.5;6.0
2020/12/02;0300 UTC;0.0;951.8;952.6;951.8;;21.8;20.3;22.1;21.7;20.4;20.3;92.0;90.0;92.0;202.0;10.0;5.6
2020/12/02;0400 UTC;0.0;951.4;951.8;951.4;;21.9;20.5;21.9;21.7;20.5;20.3;92.0;92.0;92.0;193.0;10.1;4.1
2020/12/02;0500 UTC;0.0;951.0;951.4;951.0;;21.7;20.5;21.9;21.6;20.6;20.3;93.0;92.0;93.0;182.0;9.6;4.5
2020/12/02;0600 UTC;0.0;950.8;951.0;950.8;;21.4;20.2;21.7;21.4;20.6;20.2;93.0;93.0;93.0;189.0;8.5;4.7
2020/12/02;0700 UTC;0.0;951.1;951.1;950.8;;21.6;20.4;21.6;21.4;20.4;20.2;93.0;92.0;93.0;189.0;9.7;4.5
2020/12/02;0800 UTC;0.0;951.4;951.4;951.1;4.5;21.5;20.4;21.6;21.3;20.5;20.2;94.0;93.0;93.0;189.0;9.0;4.9
2020/12/02;0900 UTC;0.0;952.1;952.1;951.4;206.1;21.9;20.8;21.9;21.5;20.8;20.4;94.0;93.0;93.0;187.0;9.5;5.1
2020/12/02;1000 UTC;0.0;952.8;952.8;952.1;600.2;22.6;20.8;22.8;21.8;21.2;20.6;93.0;89.0;89.0;185.0;8.9;5.2
2020/12/02;1100 UTC;0.0;953.2;953.2;952.7;1134.4;23.9;20.2;24.1;22.6;21.1;20.0;89.0;80.0;80.0;185.0;8.7;4.8
2020/12/02;1200 UTC;0.0;953.4;953.6;953.2;994.7;24.4;21.3;24.7;23.3;22.0;19.9;86.0;79.0;83.0;301.0;8.1;2.1
2020/12/02;1300 UTC;0.0;952.9;953.4;952.8;1805.4;27.5;19.6;28.0;24.3;21.7;19.4;83.0;62.0;62.0;145.0;6.4;2.7
2020/12/02;1400 UTC;0.0;952.6;952.9;952.6;1740.2;27.8;18.6;28.4;26.6;19.7;18.2;63.0;55.0;57.0;173.0;7.5;3.7
2020/12/02;1500 UTC;0.0;952.0;952.6;952.0;1627.4;28.4;18.9;28.7;27.6;19.5;18.6;59.0;56.0;56.0;144.0;7.5;3.1
2020/12/02;1600 UTC;0.0;951.2;952.0;951.2;1436.5;28.7;19.3;29.3;28.0;19.3;18.5;57.0;54.0;57.0;188.0;8.4;4.7
2020/12/02;1700 UTC;0.0;950.9;951.2;950.7;2593.0;28.5;20.5;29.5;27.2;21.3;19.0;66.0;56.0;62.0;197.0;9.6;4.8
2020/12/02;1800 UTC;0.0;950.8;951.0;950.7;1162.6;26.4;20.9;29.0;25.7;21.3;19.8;75.0;60.0;72.0;161.0;8.9;4.9
2020/12/02;1900 UTC;0.0;950.9;951.0;950.7;1437.8;26.9;19.4;27.2;26.3;21.0;19.4;72.0;63.0;63.0;179.0;11.4;5.1
2020/12/02;2000 UTC;0.0;951.3;951.3;950.9;501.9;25.8;19.3;27.5;25.8;20.0;19.2;67.0;63.0;67.0;204.0;9.9;4.8
2020/12/02;2100 UTC;0.0;951.7;951.7;951.2;3.6;25.0;19.4;25.8;25.0;19.4;18.9;71.0;67.0;71.0;191.0;8.8;4.8
2020/12/02;2200 UTC;0.0;952.6;952.6;951.7;;23.9;19.8;25.0;23.9;19.9;19.4;78.0;71.0;78.0;178.0;9.0;3.8
2020/12/02;2300 UTC;0.0;953.1;953.1;952.6;;22.9;20.4;23.9;22.9;20.4;19.8;86.0;78.0;86.0;145.0;8.5;3.8
2020/12/03;0000 UTC;0.0;953.3;953.4;953.1;;22.3;20.4;22.9;22.3;20.5;20.3;89.0;86.0;89.0;46.0;7.3;3.3
2020/12/03;0100 UTC;0.0;953.4;953.5;953.3;;21.7;20.2;22.3;21.7;20.4;20.2;91.0;89.0;91.0;167.0;6.7;2.9
2020/12/03;0200 UTC;0.0;952.9;953.4;952.9;;21.6;20.4;21.7;21.5;20.4;20.2;93.0;91.0;93.0;195.0;5.6;3.1
2020/12/03;0300 UTC;0.0;952.3;952.9;952.3;;21.7;20.7;21.7;21.5;20.7;20.3;94.0;93.0;94.0;174.0;6.5;3.4
2020/12/03;0400 UTC;0.0;951.8;952.3;951.8;;21.7;20.8;21.8;21.6;20.8;20.6;94.0;94.0;94.0;193.0;8.3;3.4
2020/12/03;0500 UTC;0.0;951.6;951.8;951.5;;21.8;21.0;21.8;21.7;21.0;20.7;95.0;94.0;95.0;185.0;7.3;2.7
2020/12/03;0600 UTC;0.0;951.3;951.6;951.3;;21.7;20.9;21.8;21.6;21.0;20.9;96.0;95.0;96.0;189.0;8.5;4.7
2020/12/03;0700 UTC;0.0;951.6;951.6;951.2;;21.6;21.0;21.7;21.5;21.1;20.9;96.0;96.0;96.0;196.0;9.0;4.4
2020/12/03;0800 UTC;0.0;951.9;951.9;951.5;5.4;21.7;21.1;21.7;21.6;21.1;21.0;97.0;96.0;97.0;195.0;8.6;4.9
2020/12/03;0900 UTC;0.0;952.6;952.6;951.9;218.4;22.0;21.2;22.0;21.6;21.3;21.0;97.0;95.0;95.0;196.0;8.6;3.4
2020/12/03;1000 UTC;0.0;953.2;953.2;952.6;518.1;23.1;21.4;23.1;22.0;21.8;21.2;95.0;90.0;90.0;193.0;6.7;3.9
2020/12/03;1100 UTC;0.0;953.5;953.5;953.1;765.8;24.2;20.9;24.2;23.1;21.9;20.6;90.0;82.0;82.0;184.0;7.5;3.9
2020/12/03;1200 UTC;0.0;953.2;953.5;953.2;2517.3;26.3;21.2;26.5;24.0;21.6;20.2;83.0;72.0;74.0;180.0;7.5;3.6
2020/12/03;1300 UTC;0.0;952.9;953.3;952.9;2413.3;27.3;19.7;28.2;26.4;22.0;19.6;74.0;63.0;63.0;193.0;7.6;3.4
2020/12/03;1400 UTC;0.0;952.1;952.9;952.1;2401.0;29.2;19.8;29.9;27.3;20.8;19.7;64.0;55.0;57.0;184.0;7.8;4.1
2020/12/03;1500 UTC;0.0;951.7;952.1;951.4;3141.4;28.4;19.5;30.6;28.4;20.6;19.0;59.0;51.0;58.0;187.0;10.1;5.3
2020/12/03;1600 UTC;0.0;951.0;951.7;950.9;2691.2;28.3;20.5;29.8;27.1;20.6;18.3;65.0;53.0;63.0;212.0;10.1;5.8
2020/12/03;1700 UTC;0.0;950.4;951.1;950.4;1504.5;28.1;20.4;29.6;27.3;21.3;19.4;66.0;59.0;63.0;357.0;10.0;4.3
2020/12/03;1800 UTC;0.0;950.7;950.7;950.4;1120.7;26.0;20.5;28.5;25.5;20.5;17.5;72.0;55.0;72.0;347.0;9.9;3.6
2020/12/03;1900 UTC;7.2;950.8;951.0;950.6;1185.9;22.6;20.8;26.6;22.6;22.0;20.5;93.0;71.0;90.0;10.0;11.6;5.2
2020/12/03;2000 UTC;9.2;950.9;951.2;950.6;349.3;23.4;22.2;23.6;21.1;22.3;19.9;96.0;89.0;93.0;196.0;11.9;6.5
2020/12/03;2100 UTC;1.4;951.3;951.3;950.7;30.9;23.5;21.5;23.7;22.7;22.2;21.5;94.0;88.0;88.0;175.0;11.5;5.2
2020/12/03;2200 UTC;0.0;952.3;952.4;951.3;;23.2;21.4;23.5;23.2;21.5;21.3;90.0;88.0;90.0;169.0;9.4;4.0
2020/12/03;2300 UTC;0.0;953.2;953.2;952.3;;22.7;21.3;23.2;22.6;21.4;21.3;92.0;90.0;92.0;102.0;8.7;4.4
2020/12/04;0000 UTC;0.0;953.8;953.8;953.2;;22.5;21.5;22.7;22.5;21.5;21.2;94.0;92.0;94.0;197.0;8.8;3.4
2020/12/04;0100 UTC;0.0;953.7;953.9;953.7;;22.4;21.6;22.5;22.4;21.6;21.5;95.0;94.0;95.0;185.0;9.6;4.3
2020/12/04;0200 UTC;0.0;953.3;953.8;953.3;;22.3;21.6;22.5;22.3;21.7;21.6;96.0;95.0;96.0;187.0;8.5;4.0
2020/12/04;0300 UTC;2.6;953.1;953.3;953.1;;21.9;21.4;22.4;21.9;21.7;21.4;97.0;96.0;97.0;173.0;8.7;4.4
2020/12/04;0400 UTC;0.0;952.4;953.1;952.4;;21.9;21.5;22.1;21.9;21.6;21.4;97.0;97.0;97.0;173.0;7.9;3.9
2020/12/04;0500 UTC;0.0;952.3;952.4;952.1;;21.9;21.5;22.0;21.9;21.6;21.4;97.0;97.0;97.0;181.0;9.5;3.9
2020/12/04;0600 UTC;0.0;952.6;952.6;952.3;;21.7;21.3;22.0;21.7;21.5;21.3;98.0;97.0;97.0;173.0;8.4;3.1
2020/12/04;0700 UTC;0.0;952.8;952.8;952.6;;21.8;21.4;21.9;21.7;21.5;21.3;98.0;97.0;98.0;188.0;7.0;4.0
2020/12/04;0800 UTC;0.0;953.3;953.3;952.7;7.5;21.9;21.5;22.0;21.8;21.6;21.3;98.0;97.0;97.0;179.0;8.6;4.5
2020/12/04;0900 UTC;0.0;953.9;953.9;953.3;342.7;22.3;21.7;22.4;21.9;21.8;21.4;98.0;96.0;96.0;191.0;10.1;5.6
2020/12/04;1000 UTC;0.0;954.6;954.6;953.9;780.0;22.9;21.7;23.2;22.2;22.2;21.5;97.0;93.0;93.0;190.0;10.1;4.4
2020/12/04;1100 UTC;0.0;954.8;954.8;954.6;1012.3;24.9;22.2;24.9;22.9;22.2;21.2;93.0;85.0;85.0;180.0;9.4;4.5
2020/12/04;1200 UTC;0.0;954.8;955.0;954.8;2092.8;26.8;21.2;26.8;24.8;22.0;20.0;85.0;70.0;72.0;174.0;7.9;3.7
2020/12/04;1300 UTC;0.0;954.3;954.9;954.3;2758.7;28.1;19.9;28.4;26.3;21.4;19.7;71.0;61.0;61.0;187.0;9.2;4.6
2020/12/04;1400 UTC;0.0;953.7;954.3;953.7;2787.8;28.4;19.6;29.5;27.5;20.9;19.3;65.0;57.0;59.0;179.0;10.8;4.8
2020/12/04;1500 UTC;0.0;952.9;953.7;952.8;3164.8;29.6;19.6;30.0;28.2;20.3;18.7;60.0;52.0;55.0;184.0;10.9;4.9
2020/12/04;1600 UTC;0.0;951.9;952.9;951.9;2857.8;30.3;18.2;30.8;28.9;19.7;18.0;56.0;48.0;48.0;187.0;10.9;5.2
2020/12/04;1700 UTC;0.0;951.1;951.9;951.1;2357.6;29.7;18.6;31.0;29.2;19.1;17.6;52.0;46.0;51.0;190.0;11.4;6.2
2020/12/04;1800 UTC;0.0;950.8;951.1;950.7;2284.7;30.3;18.1;30.7;29.7;19.1;17.2;52.0;45.0;48.0;182.0;12.1;4.5
2020/12/04;1900 UTC;0.0;950.8;950.9;950.7;1333.6;29.0;17.8;30.3;29.0;18.7;17.4;51.0;48.0;51.0;204.0;10.9;5.7
2020/12/04;2000 UTC;0.0;950.9;950.9;950.7;437.2;27.6;18.6;29.1;27.6;18.7;17.5;58.0;50.0;58.0;183.0;10.6;5.1
2020/12/04;2100 UTC;0.0;951.3;951.3;950.9;11.0;25.7;19.8;27.6;25.7;19.8;18.6;70.0;58.0;70.0;183.0;10.3;4.9
2020/12/04;2200 UTC;0.0;952.3;952.3;951.3;;24.4;20.3;25.7;24.4;20.3;19.8;78.0;70.0;78.0;177.0;10.8;4.6
2020/12/04;2300 UTC;0.0;952.8;952.8;952.3;;23.1;20.5;24.5;23.1;20.6;20.1;85.0;78.0;85.0;165.0;10.8;5.7
2020/12/05;0000 UTC;0.0;952.9;953.0;952.8;;22.5;20.9;23.1;22.5;20.9;20.5;91.0;85.0;91.0;168.0;10.8;5.4
2020/12/05;0100 UTC;0.0;953.0;953.1;952.9;;22.5;21.2;22.6;22.4;21.3;20.9;93.0;91.0;92.0;188.0;8.7;4.0
2020/12/05;0200 UTC;0.0;952.3;953.0;952.3;;22.3;21.0;22.5;22.2;21.2;21.0;93.0;92.0;93.0;196.0;9.1;5.2
2020/12/05;0300 UTC;0.0;952.2;952.4;952.2;;22.0;20.8;22.3;22.0;21.1;20.8;94.0;93.0;93.0;200.0;9.9;5.2
2020/12/05;0400 UTC;0.0;951.7;952.2;951.7;;22.0;20.8;22.1;21.9;20.9;20.8;93.0;93.0;93.0;191.0;9.7;5.0
2020/12/05;0500 UTC;0.0;951.5;951.7;951.5;;21.9;20.8;22.1;21.8;21.0;20.7;94.0;93.0;94.0;194.0;9.2;4.6
2020/12/05;0600 UTC;0.0;951.3;951.6;951.3;;21.8;20.8;22.0;21.7;20.9;20.6;94.0;93.0;94.0;177.0;9.1;3.1
2020/12/05;0700 UTC;0.0;951.6;951.6;951.2;;21.8;20.9;21.9;21.7;21.0;20.8;95.0;94.0;95.0;193.0;9.5;5.7
2020/12/05;0800 UTC;0.0;952.0;952.1;951.6;8.4;21.6;20.6;21.8;21.6;20.9;20.6;95.0;94.0;94.0;193.0;11.1;5.4
2020/12/05;0900 UTC;0.0;952.6;952.6;952.0;254.5;21.9;20.6;21.9;21.6;20.7;20.5;94.0;92.0;92.0;187.0;9.9;4.6
2020/12/05;1000 UTC;0.0;953.3;953.3;952.6;622.2;23.4;21.0;23.4;21.9;21.0;20.4;92.0;87.0;87.0;186.0;10.0;4.1
2020/12/05;1100 UTC;0.0;953.6;953.6;953.3;1799.6;24.8;19.5;25.4;23.2;21.0;19.2;86.0;71.0;72.0;187.0;8.9;4.4
2020/12/05;1200 UTC;0.0;953.6;953.7;953.5;2279.0;27.2;18.8;27.4;24.6;20.1;18.7;73.0;60.0;60.0;183.0;9.9;4.7
2020/12/05;1300 UTC;0.0;953.3;953.6;953.3;3485.3;28.7;18.6;28.7;26.6;19.6;17.4;63.0;52.0;54.0;173.0;9.4;4.9
2020/12/05;1400 UTC;0.0;952.5;953.3;952.5;3411.6;29.3;17.3;29.4;27.7;18.5;17.3;55.0;48.0;48.0;198.0;9.4;4.3
2020/12/05;1500 UTC;0.0;951.9;952.5;951.8;3475.1;30.5;16.9;30.9;28.8;17.9;16.4;50.0;43.0;44.0;182.0;9.3;4.2
2020/12/05;1600 UTC;0.0;951.2;951.9;951.1;3452.6;29.6;16.2;31.8;29.6;17.0;15.3;44.0;38.0;44.0;175.0;9.7;4.2
2020/12/05;1700 UTC;0.0;950.7;951.2;950.6;2244.4;30.3;16.5;31.6;29.5;16.8;15.3;45.0;39.0;43.0;182.0;9.3;4.6
2020/12/05;1800 UTC;0.0;950.6;950.7;950.5;2376.6;30.2;16.1;31.2;29.9;16.9;16.0;44.0;41.0;43.0;191.0;9.9;5.0
2020/12/05;1900 UTC;0.0;950.6;950.7;950.5;1428.6;29.3;17.3;30.1;29.0;17.3;16.0;48.0;43.0;48.0;181.0;9.9;5.2
2020/12/05;2000 UTC;0.0;951.0;951.0;950.6;451.5;27.0;18.8;29.3;26.9;18.8;17.0;61.0;48.0;61.0;186.0;10.5;5.7
2020/12/05;2100 UTC;0.0;951.6;951.7;951.0;6.8;24.5;19.7;27.1;24.5;20.0;18.7;75.0;61.0;74.0;177.0;11.7;6.3
2020/12/05;2200 UTC;0.0;952.3;952.3;951.6;;23.6;19.5;24.5;23.6;19.6;19.4;77.0;74.0;77.0;166.0;10.9;4.7
2020/12/05;2300 UTC;0.0;952.8;952.8;952.3;;22.6;19.2;23.6;22.6;19.4;19.2;81.0;77.0;81.0;122.0;10.3;4.6
2020/12/06;0000 UTC;0.0;952.9;953.0;952.8;;22.0;19.4;22.6;22.0;19.4;19.0;85.0;81.0;85.0;171.0;9.3;4.7
2020/12/06;0100 UTC;0.0;952.9;953.2;952.9;;21.9;20.1;22.0;21.8;20.2;19.4;90.0;85.0;90.0;180.0;9.2;3.8
2020/12/06;0200 UTC;0.0;952.6;952.9;952.6;;21.8;20.1;22.1;21.8;20.3;20.0;90.0;89.0;90.0;197.0;9.9;6.0
2020/12/06;0300 UTC;0.0;952.2;952.7;952.2;;21.5;20.3;21.8;21.4;20.3;20.0;93.0;90.0;93.0;198.0;9.9;3.5
2020/12/06;0400 UTC;0.0;951.8;952.2;951.8;;21.5;20.5;21.6;21.4;20.5;20.2;94.0;93.0;94.0;185.0;10.1;5.0
2020/12/06;0500 UTC;0.0;951.6;951.8;951.6;;21.6;20.5;21.6;21.4;20.5;20.3;94.0;93.0;94.0;191.0;8.5;3.7
2020/12/06;0600 UTC;0.0;951.6;951.7;951.5;;21.4;20.5;21.6;21.4;20.6;20.4;95.0;94.0;95.0;203.0;7.9;5.2
2020/12/06;0700 UTC;0.0;952.0;952.0;951.6;;21.3;20.5;21.5;21.2;20.7;20.4;96.0;95.0;95.0;196.0;8.6;4.6
2020/12/06;0800 UTC;0.0;952.2;952.2;952.0;3.9;21.2;20.6;21.4;21.1;20.6;20.4;96.0;95.0;96.0;199.0;9.8;3.4
2020/12/06;0900 UTC;0.0;952.9;953.0;952.2;165.9;21.6;20.9;21.6;21.0;20.9;20.4;96.0;95.0;95.0;193.0;8.4;4.3
2020/12/06;1000 UTC;0.0;953.6;953.6;952.9;664.5;22.7;20.9;23.0;21.6;21.4;20.6;95.0;89.0;89.0;181.0;8.4;4.2
2020/12/06;1100 UTC;0.0;953.7;953.9;953.6;1272.7;24.7;20.3;24.7;22.7;21.2;20.0;89.0;76.0;76.0;187.0;7.8;3.6
2020/12/06;1200 UTC;0.0;953.7;953.8;953.7;2705.7;26.3;18.2;26.8;24.6;20.2;18.2;76.0;61.0;61.0;191.0;8.4;5.1
2020/12/06;1300 UTC;0.0;953.5;953.8;953.4;3261.4;28.7;18.9;28.7;26.1;19.3;17.6;63.0;54.0;55.0;182.0;8.8;4.2
2020/12/06;1400 UTC;0.0;953.0;953.5;952.9;3416.8;29.1;17.5;29.7;27.6;18.2;17.1;56.0;48.0;50.0;177.0;8.1;4.3
2020/12/06;1500 UTC;0.0;952.0;953.0;952.0;3596.5;29.8;16.5;31.2;28.5;18.7;16.5;52.0;44.0;45.0;152.0;9.9;3.9
2020/12/06;1600 UTC;0.0;951.1;952.0;951.1;2953.8;30.6;16.6;31.7;29.4;17.8;16.0;47.0;40.0;43.0;186.0;8.7;4.1
2020/12/06;1700 UTC;0.0;950.8;951.1;950.7;2982.3;29.8;15.9;31.7;29.8;16.9;15.6;43.0;39.0;43.0;357.0;9.0;4.4
2020/12/06;1800 UTC;0.0;950.5;950.8;950.5;2091.9;30.4;16.3;31.0;29.7;17.2;15.8;44.0;41.0;43.0;175.0;10.1;3.7
2020/12/06;1900 UTC;0.0;950.7;950.7;950.5;1089.1;28.9;17.2;30.6;28.8;17.2;16.1;49.0;43.0;49.0;187.0;9.4;5.4
2020/12/06;2000 UTC;0.0;951.2;951.2;950.7;534.7;26.9;18.7;29.0;26.9;18.7;16.9;61.0;48.0;61.0;111.0;10.2;5.1
2020/12/06;2100 UTC;0.0;952.0;952.0;951.2;11.3;25.1;19.4;26.9;25.1;19.4;18.7;71.0;61.0;71.0;155.0;10.5;5.6
2020/12/06;2200 UTC;0.0;952.6;952.6;952.0;;23.8;20.0;25.1;23.8;20.0;19.4;79.0;71.0;79.0;172.0;10.6;5.6
2020/12/06;2300 UTC;0.0;952.9;952.9;952.5;;23.0;20.3;23.9;23.0;20.4;19.9;85.0;79.0;85.0;167.0;10.7;4.4
2020/12/07;0000 UTC;0.0;953.3;953.3;952.9;;22.5;20.2;23.1;22.4;20.4;20.2;88.0;85.0;87.0;158.0;11.2;4.8
2020/12/07;0100 UTC;0.0;952.7;953.3;952.7;;22.3;20.5;22.5;22.3;20.5;20.2;90.0;87.0;89.0;180.0;10.6;5.4
2020/12/07;0200 UTC;0.0;952.5;952.8;952.4;;21.8;20.5;22.3;21.8;20.5;20.4;92.0;89.0;92.0;193.0;10.7;5.9
2020/12/07;0300 UTC;0.0;951.9;952.5;951.8;;21.7;20.7;21.8;21.7;20.7;20.4;94.0;92.0;94.0;203.0;10.0;5.6
2020/12/07;0400 UTC;0.0;951.5;951.9;951.5;;21.7;20.4;21.9;21.6;20.7;20.4;94.0;92.0;93.0;202.0;9.8;4.8
2020/12/07;0500 UTC;0.0;951.6;951.6;951.5;;21.7;20.3;21.7;21.6;20.5;20.2;93.0;92.0;92.0;187.0;8.4;3.2
2020/12/07;0600 UTC;0.0;951.7;951.7;951.5;;21.5;20.3;21.7;21.5;20.4;20.3;93.0;92.0;93.0;189.0;8.0;4.7
2020/12/07;0700 UTC;0.0;952.1;952.1;951.6;;21.6;20.6;21.6;21.5;20.6;20.3;94.0;93.0;94.0;182.0;8.6;3.3
2020/12/07;0800 UTC;0.0;952.5;952.5;952.1;4.5;21.4;20.5;21.6;21.4;20.6;20.3;94.0;93.0;94.0;175.0;7.8;4.5
2020/12/07;0900 UTC;0.0;953.4;953.4;952.5;174.0;21.8;20.6;21.9;21.4;20.7;20.3;94.0;93.0;93.0;182.0;7.8;2.7
2020/12/07;1000 UTC;0.0;954.0;954.0;953.4;1045.8;23.6;20.2;23.6;21.8;21.0;19.9;93.0;81.0;81.0;192.0;7.9;4.4
2020/12/07;1100 UTC;0.0;953.9;954.1;953.8;2100.1;25.0;19.1;25.5;23.6;20.2;18.9;81.0;70.0;70.0;175.0;8.0;3.7
2020/12/07;1200 UTC;0.0;953.7;953.9;953.6;2513.2;26.2;18.9;26.9;24.6;19.9;18.2;71.0;61.0;64.0;191.0;9.3;5.0
2020/12/07;1300 UTC;0.0;953.3;953.7;953.2;2920.9;26.7;18.4;28.4;26.3;19.2;17.9;64.0;56.0;61.0;191.0;9.5;5.8
2020/12/07;1400 UTC;0.0;952.7;953.3;952.7;1920.4;27.3;18.7;28.3;26.7;19.7;18.3;61.0;58.0;59.0;179.0;9.5;4.7
2020/12/07;1500 UTC;0.0;951.9;952.7;951.9;2423.9;28.7;19.8;28.8;27.3;19.9;18.8;61.0;58.0;59.0;179.0;8.9;4.3
2020/12/07;1600 UTC;0.0;951.1;952.0;951.1;3329.6;30.0;18.3;30.6;27.7;20.7;18.0;61.0;48.0;49.0;186.0;9.2;5.0
2020/12/07;1700 UTC;0.0;950.3;951.1;950.3;2930.8;30.2;17.3;30.9;29.3;19.1;17.3;53.0;46.0;46.0;183.0;10.6;6.1
2020/12/07;1800 UTC;0.0;950.5;950.5;950.3;2469.2;29.2;18.0;30.6;29.1;18.6;16.8;51.0;45.0;51.0;183.0;11.2;6.0
2020/12/07;1900 UTC;0.0;950.9;950.9;950.4;1062.5;27.5;18.1;30.1;27.5;18.5;17.8;57.0;49.0;57.0;198.0;11.6;5.9
2020/12/07;2000 UTC;0.0;951.7;951.7;950.9;323.8;26.2;18.1;27.5;26.2;18.2;18.0;61.0;57.0;61.0;189.0;11.1;5.3
2020/12/07;2100 UTC;0.0;952.4;952.4;951.7;4.3;24.6;18.3;26.2;24.6;18.4;18.1;68.0;61.0;68.0;195.0;9.8;5.3
2020/12/07;2200 UTC;0.0;953.1;953.1;952.4;;23.6;18.6;24.6;23.6;18.7;18.3;73.0;68.0;73.0;185.0;10.1;5.0
2020/12/07;2300 UTC;0.0;953.4;953.4;953.1;;22.7;19.0;23.6;22.7;19.0;18.6;80.0;73.0;80.0;198.0;9.8;5.5
2020/12/08;0000 UTC;0.0;953.7;953.7;953.4;;22.2;19.3;22.7;22.2;19.3;19.1;84.0;80.0;84.0;187.0;9.1;3.9
2020/12/08;0100 UTC;0.0;953.3;953.7;953.3;;21.9;19.7;22.3;21.9;19.7;19.3;87.0;84.0;87.0;186.0;10.3;5.5
2020/12/08;0200 UTC;0.0;952.6;953.3;952.5;;21.6;19.9;21.9;21.5;19.9;19.7;90.0;87.0;90.0;184.0;10.3;4.8
2020/12/08;0300 UTC;0.0;952.2;952.6;952.2;;21.6;20.0;21.7;21.5;20.1;19.9;91.0;90.0;91.0;192.0;8.5;4.4
2020/12/08;0400 UTC;0.0;951.8;952.2;951.8;;21.4;20.1;21.7;21.4;20.2;19.9;92.0;90.0;92.0;196.0;9.5;5.0
2020/12/08;0500 UTC;0.0;951.7;951.8;951.6;;21.2;20.2;21.4;21.1;20.2;20.0;94.0;92.0;94.0;192.0;8.8;4.7
2020/12/08;0600 UTC;0.0;951.7;951.7;951.5;;21.1;20.2;21.3;21.1;20.3;20.1;95.0;94.0;95.0;188.0;8.8;4.2
2020/12/08;0700 UTC;0.0;952.2;952.2;951.7;;21.1;20.3;21.1;20.9;20.3;20.1;95.0;95.0;95.0;174.0;7.7;2.8
2020/12/08;0800 UTC;0.2;952.9;952.9;952.2;1.5;20.7;20.1;21.1;20.7;20.4;20.1;97.0;95.0;97.0;173.0;5.7;2.6
2020/12/08;0900 UTC;0.6;953.9;953.9;952.9;213.0;21.1;20.7;21.2;20.7;20.7;20.1;97.0;97.0;97.0;181.0;7.5;3.0
2020/12/08;1000 UTC;0.0;954.1;954.2;953.9;939.8;22.5;21.3;22.6;21.1;21.5;20.6;97.0;92.0;92.0;190.0;8.9;4.5
2020/12/08;1100 UTC;0.0;954.2;954.2;954.0;1828.9;24.1;19.9;24.2;22.5;21.5;19.7;93.0;77.0;77.0;190.0;10.6;5.5
2020/12/08;1200 UTC;0.0;954.2;954.3;954.1;2355.5;25.9;18.7;26.3;24.1;19.9;18.1;77.0;62.0;65.0;185.0;11.0;4.9
2020/12/08;1300 UTC;0.0;953.8;954.2;953.8;2639.0;27.5;16.8;28.2;25.6;18.4;16.5;64.0;52.0;52.0;180.0;9.5;4.3
2020/12/08;1400 UTC;0.0;953.2;953.8;953.2;3504.7;28.9;15.7;29.3;27.2;17.7;15.6;54.0;45.0;45.0;180.0;9.8;4.7
2020/12/08;1500 UTC;0.0;952.3;953.2;952.3;2805.7;28.7;15.6;29.7;27.8;16.6;15.0;48.0;43.0;45.0;180.0;11.9;5.5
2020/12/08;1600 UTC;0.0;951.6;952.3;951.6;3749.9;30.0;12.8;30.7;28.5;16.2;12.0;46.0;33.0;35.0;180.0;10.9;6.0
2020/12/08;1700 UTC;0.0;951.1;951.6;951.1;3042.5;29.3;13.5;30.6;29.3;14.5;12.4;39.0;34.0;38.0;24.0;11.3;5.7
2020/12/08;1800 UTC;0.0;951.0;951.1;950.9;2167.1;28.8;14.0;30.0;28.8;14.2;11.7;40.0;34.0;40.0;190.0;10.7;5.6
2020/12/08;1900 UTC;0.0;951.2;951.3;950.9;1492.9;28.1;15.8;29.4;28.0;16.0;13.8;48.0;39.0;47.0;196.0;10.9;5.5
2020/12/08;2000 UTC;0.0;952.0;952.1;951.2;585.5;26.5;15.7;28.2;26.5;16.4;15.2;52.0;47.0;52.0;199.0;10.0;5.4
2020/12/08;2100 UTC;0.0;952.8;952.8;952.0;10.8;25.1;16.5;26.5;25.1;16.5;15.5;59.0;52.0;59.0;199.0;9.9;5.6
2020/12/08;2200 UTC;0.0;953.6;953.6;952.8;;23.8;17.4;25.1;23.8;17.4;16.6;68.0;59.0;68.0;185.0;8.6;4.0
2020/12/08;2300 UTC;0.0;954.0;954.0;953.6;;22.9;18.1;23.8;22.9;18.1;17.5;74.0;68.0;74.0;205.0;7.3;3.5
2020/12/09;0000 UTC;0.0;954.3;954.5;954.0;;22.4;19.2;22.9;22.4;19.2;18.1;82.0;74.0;82.0;196.0;6.9;3.4
2020/12/09;0100 UTC;0.0;954.2;954.4;954.2;;22.0;19.8;22.4;21.9;19.8;19.2;87.0;82.0;87.0;199.0;7.2;4.2
2020/12/09;0200 UTC;0.0;953.6;954.2;953.6;;21.7;20.1;22.0;21.7;20.1;19.7;90.0;87.0;90.0;189.0;6.5;3.1
2020/12/09;0300 UTC;0.0;953.1;953.7;953.1;;21.4;20.0;21.7;21.4;20.2;20.0;92.0;90.0;92.0;187.0;6.4;3.8
2020/12/09;0400 UTC;0.0;952.5;953.1;952.5;;21.2;20.0;21.5;21.2;20.1;20.0;93.0;92.0;93.0;190.0;6.3;2.2
2020/12/09;0500 UTC;0.0;952.3;952.5;952.3;;21.0;19.9;21.3;21.0;20.0;19.9;94.0;93.0;94.0;192.0;5.0;2.5
2020/12/09;0600 UTC;0.0;952.4;952.5;952.2;;20.7;19.7;21.0;20.7;19.9;19.7;94.0;94.0;94.0;167.0;5.0;2.2
2020/12/09;0700 UTC;0.0;952.7;952.7;952.4;;20.7;19.7;20.8;20.6;19.8;19.7;94.0;94.0;94.0;192.0;4.3;2.0
2020/12/09;0800 UTC;0.0;953.4;953.4;952.7;7.7;20.8;19.9;20.8;20.6;19.9;19.7;94.0;94.0;94.0;172.0;3.8;1.9
2020/12/09;0900 UTC;0.0;954.3;954.3;953.4;172.6;21.2;20.1;21.3;20.8;20.3;19.9;94.0;94.0;94.0;179.0;4.4;1.8
2020/12/09;1000 UTC;0.0;954.5;954.5;954.3;848.3;23.3;21.2;23.3;21.2;21.5;20.1;94.0;88.0;88.0;181.0;5.8;3.0
2020/12/09;1100 UTC;0.0;954.6;954.8;954.5;1731.8;24.1;19.5;24.9;23.3;21.4;19.3;88.0;74.0;76.0;188.0;6.8;3.9
2020/12/09;1200 UTC;0.0;954.7;954.8;954.5;1632.2;26.2;19.6;26.5;24.0;20.3;19.0;76.0;67.0;67.0;4.0;7.8;3.1
2020/12/09;1300 UTC;0.0;954.3;954.7;954.2;2210.1;27.0;19.5;27.1;25.8;19.9;18.8;67.0;63.0;63.0;193.0;7.7;3.9
2020/12/09;1400 UTC;0.0;953.9;954.3;953.9;2585.5;27.9;18.8;29.4;27.0;20.3;18.5;64.0;55.0;58.0;160.0;7.8;3.3
2020/12/09;1500 UTC;0.0;953.0;953.9;953.0;2951.2;30.0;18.1;30.2;27.8;19.7;18.1;59.0;49.0;49.0;163.0;8.6;3.5
2020/12/09;1600 UTC;0.0;952.0;953.1;952.0;2918.2;29.1;18.7;31.5;29.0;18.8;17.1;54.0;43.0;54.0;175.0;8.6;5.0
2020/12/09;1700 UTC;0.0;951.8;952.1;951.8;1112.8;29.0;19.2;29.5;28.4;19.4;18.3;57.0;52.0;56.0;196.0;9.1;4.2
2020/12/09;1800 UTC;0.0;951.9;952.1;951.8;2185.4;29.2;19.3;29.5;28.2;19.9;18.9;59.0;54.0;55.0;193.0;9.6;4.6
2020/12/09;1900 UTC;0.0;951.9;952.0;951.7;1391.8;28.1;18.8;29.6;27.9;19.5;18.7;58.0;54.0;57.0;184.0;10.5;5.5
2020/12/09;2000 UTC;0.0;952.5;952.5;951.9;499.9;26.1;19.6;28.4;26.0;19.8;18.8;67.0;57.0;67.0;187.0;10.9;6.1
2020/12/09;2100 UTC;0.0;953.0;953.0;952.5;8.5;24.9;19.7;26.1;24.9;19.7;19.5;73.0;67.0;73.0;180.0;10.7;5.6
2020/12/09;2200 UTC;0.0;953.9;953.9;953.0;;23.7;19.6;24.9;23.7;19.8;19.4;78.0;73.0;78.0;189.0;11.0;4.6
2020/12/09;2300 UTC;0.0;954.4;954.4;953.8;;22.5;19.9;23.7;22.5;19.9;19.5;85.0;78.0;85.0;166.0;9.9;5.0
2020/12/10;0000 UTC;0.0;954.4;954.5;954.3;;22.2;20.2;22.5;22.1;20.2;19.9;89.0;85.0;89.0;188.0;9.1;4.2
2020/12/10;0100 UTC;0.0;954.4;954.5;954.3;;22.0;20.2;22.2;21.9;20.2;20.1;90.0;89.0;90.0;201.0;8.4;4.1
2020/12/10;0200 UTC;0.0;953.9;954.4;953.9;;21.9;20.2;22.1;21.9;20.3;20.1;90.0;89.0;90.0;178.0;9.2;4.2
2020/12/10;0300 UTC;0.0;953.2;953.9;953.2;;21.6;20.1;21.9;21.6;20.2;20.1;92.0;90.0;92.0;189.0;8.2;3.1
2020/12/10;0400 UTC;0.0;952.8;953.3;952.8;;21.5;20.2;21.6;21.4;20.3;20.1;93.0;92.0;92.0;150.0;7.9;3.8
2020/12/10;0500 UTC;0.0;952.4;952.8;952.4;;21.2;20.0;21.6;21.2;20.3;20.0;93.0;92.0;93.0;166.0;7.0;3.8
2020/12/10;0600 UTC;0.0;951.9;952.4;951.9;;21.2;20.2;21.3;21.2;20.3;20.0;94.0;93.0;94.0;185.0;8.0;3.7
2020/12/10;0700 UTC;0.0;952.2;952.2;951.9;;21.0;20.3;21.2;21.0;20.4;20.2;96.0;94.0;96.0;184.0;8.0;3.4
2020/12/10;0800 UTC;0.0;952.6;952.6;952.1;1.4;21.3;20.6;21.3;21.0;20.6;20.2;96.0;96.0;96.0;187.0;5.5;2.3
2020/12/10;0900 UTC;0.0;953.4;953.4;952.6;180.1;21.5;20.8;21.7;21.2;21.0;20.5;96.0;95.0;96.0;184.0;6.0;3.5
2020/12/10;1000 UTC;0.4;953.8;953.9;953.4;528.6;22.0;21.3;22.1;21.3;21.5;20.7;97.0;95.0;96.0;162.0;6.8;3.1
2020/12/10;1100 UTC;0.0;954.1;954.1;953.8;1141.9;23.3;21.5;23.3;21.9;22.0;21.2;96.0;89.0;90.0;190.0;7.8;4.5
2020/12/10;1200 UTC;0.0;954.1;954.3;954.1;1744.0;25.5;21.1;25.6;23.3;21.8;20.4;90.0;77.0;77.0;184.0;7.8;3.6
2020/12/10;1300 UTC;0.0;953.8;954.1;953.8;2131.7;26.5;20.0;26.9;25.1;21.0;19.5;77.0;66.0;67.0;195.0;7.2;4.0
2020/12/10;1400 UTC;0.0;952.9;953.8;952.9;3139.1;29.2;17.7;29.2;26.5;20.4;17.0;67.0;50.0;50.0;176.0;9.5;4.2
2020/12/10;1500 UTC;0.0;951.9;952.9;951.9;3495.1;29.6;17.0;30.6;29.2;18.2;16.7;50.0;45.0;47.0;177.0;8.9;4.3
2020/12/10;1600 UTC;0.0;951.0;952.0;951.0;3371.6;31.9;17.3;32.0;29.4;18.7;16.9;50.0;42.0;42.0;178.0;8.7;3.7
2020/12/10;1700 UTC;0.0;950.6;951.1;950.6;2454.8;31.1;16.9;31.9;30.0;17.8;16.4;47.0;41.0;43.0;177.0;9.6;4.5
2020/12/10;1800 UTC;0.0;950.4;950.7;950.4;2189.6;30.3;16.8;31.7;30.2;17.0;15.4;44.0;40.0;44.0;187.0;10.4;5.2
2020/12/10;1900 UTC;0.0;950.7;950.7;950.4;1236.6;29.6;17.9;30.6;28.9;18.2;16.5;51.0;43.0;50.0;189.0;10.3;4.4
2020/12/10;2000 UTC;0.0;951.2;951.2;950.6;483.9;27.2;18.4;29.6;27.2;18.5;17.9;59.0;50.0;59.0;181.0;10.6;6.3
2020/12/10;2100 UTC;0.0;951.8;951.8;951.2;3.0;25.4;19.0;27.2;25.4;19.0;18.4;68.0;59.0;68.0;195.0;10.3;6.6
2020/12/10;2200 UTC;0.0;952.5;952.5;951.7;;23.7;19.5;25.4;23.7;19.5;19.0;78.0;68.0;78.0;192.0;10.6;5.5
2020/12/10;2300 UTC;0.0;953.0;953.0;952.5;;22.7;19.6;23.7;22.6;19.7;19.5;83.0;78.0;83.0;190.0;9.5;4.7
2020/12/11;0000 UTC;0.0;953.3;953.4;953.0;;22.1;19.8;22.7;22.0;19.8;19.6;87.0;83.0;87.0;135.0;8.8;4.5
2020/12/11;0100 UTC;0.0;953.1;953.4;953.0;;21.7;19.9;22.1;21.7;20.0;19.8;90.0;87.0;90.0;174.0;7.6;3.6
2020/12/11;0200 UTC;0.0;952.7;953.1;952.7;;21.6;20.1;21.8;21.5;20.1;19.9;91.0;90.0;91.0;181.0;6.2;2.9
2020/12/11;0300 UTC;0.0;952.4;952.8;952.4;;21.3;20.0;21.6;21.3;20.1;19.9;92.0;91.0;92.0;193.0;6.8;3.5
2020/12/11;0400 UTC;0.0;951.9;952.4;951.9;;21.5;20.1;21.6;21.3;20.2;19.9;92.0;91.0;91.0;185.0;6.8;3.6
2020/12/11;0500 UTC;0.0;951.9;951.9;951.7;;21.1;19.9;21.5;21.0;20.0;19.8;93.0;91.0;93.0;188.0;6.8;2.3
2020/12/11;0600 UTC;0.0;952.0;952.1;951.8;;21.1;20.0;21.2;21.0;20.1;19.8;93.0;93.0;93.0;174.0;5.6;2.8
2020/12/11;0700 UTC;0.0;952.1;952.1;951.9;;20.9;19.9;21.2;20.9;20.0;19.8;94.0;93.0;94.0;177.0;7.4;3.1
2020/12/11;0800 UTC;0.0;952.7;952.7;952.1;5.3;20.6;19.8;20.9;20.5;19.9;19.7;96.0;94.0;96.0;193.0;6.2;2.5
2020/12/11;0900 UTC;0.0;953.2;953.2;952.7;465.3;21.4;20.1;21.8;20.6;20.6;19.8;96.0;92.0;92.0;195.0;7.0;4.2
2020/12/11;1000 UTC;0.0;953.6;953.6;953.2;1102.1;23.1;19.8;23.3;21.3;20.6;19.8;93.0;82.0;82.0;185.0;8.9;5.0
2020/12/11;1100 UTC;0.0;953.9;953.9;953.6;1887.5;25.0;19.1;25.0;22.8;20.2;18.6;82.0;69.0;70.0;185.0;10.5;5.2
2020/12/11;1200 UTC;0.0;953.9;954.1;953.8;2363.1;26.3;18.2;26.9;24.1;19.6;17.7;72.0;59.0;61.0;186.0;10.8;5.5
2020/12/11;1300 UTC;0.0;953.5;953.9;953.5;3395.4;28.3;17.0;28.7;26.3;18.7;17.0;61.0;50.0;50.0;178.0;10.4;4.7
2020/12/11;1400 UTC;0.0;952.7;953.6;952.7;3779.1;28.9;17.1;29.8;27.8;18.1;16.7;52.0;47.0;49.0;188.0;9.6;4.6
2020/12/11;1500 UTC;0.0;951.7;952.7;951.7;3744.9;30.8;17.4;30.9;28.9;18.1;16.6;50.0;44.0;45.0;177.0;9.9;4.3
2020/12/11;1600 UTC;0.0;950.6;951.7;950.6;3439.4;31.6;16.3;31.8;30.3;17.4;15.4;45.0;39.0;40.0;175.0;10.8;4.7
2020/12/11;1700 UTC;0.0;949.8;950.7;949.8;2998.3;32.0;15.3;32.1;30.6;17.3;14.1;43.0;34.0;37.0;181.0;10.3;4.2
2020/12/11;1800 UTC;0.0;949.6;949.9;949.6;2296.9;30.5;16.1;32.1;30.5;16.6;14.2;42.0;36.0;42.0;190.0;9.7;5.1
2020/12/11;1900 UTC;0.0;949.9;949.9;949.6;1446.8;29.1;16.4;31.0;29.1;16.6;15.5;46.0;40.0;46.0;172.0;9.8;5.6
2020/12/11;2000 UTC;0.0;950.6;950.6;949.9;499.4;27.2;17.3;29.3;27.2;17.3;16.5;55.0;46.0;55.0;183.0;10.4;6.6
2020/12/11;2100 UTC;0.0;951.6;951.6;950.6;9.4;24.7;18.1;27.3;24.7;18.1;17.1;67.0;54.0;67.0;188.0;11.0;6.5
2020/12/11;2200 UTC;0.0;952.3;952.3;951.6;;23.4;17.7;24.7;23.4;18.2;17.4;70.0;67.0;70.0;192.0;10.4;6.0
2020/12/11;2300 UTC;0.0;952.9;952.9;952.2;;22.7;17.9;23.4;22.7;18.0;17.7;74.0;70.0;74.0;197.0;10.6;5.7
2020/12/12;0000 UTC;0.0;952.9;953.2;952.9;;22.1;17.7;22.7;22.1;17.8;17.6;76.0;74.0;76.0;194.0;11.3;4.9
2020/12/12;0100 UTC;0.0;952.9;952.9;952.8;;21.7;18.2;22.1;21.7;18.2;17.7;81.0;76.0;81.0;181.0;8.4;3.1
2020/12/12;0200 UTC;0.0;952.4;952.9;952.4;;21.3;18.5;21.7;21.3;18.5;18.2;84.0;81.0;84.0;187.0;6.7;3.4
2020/12/12;0300 UTC;0.0;951.8;952.4;951.8;;21.0;18.6;21.3;21.0;18.6;18.4;86.0;84.0;86.0;187.0;6.1;2.5
2020/12/12;0400 UTC;0.0;951.1;951.8;951.1;;20.9;18.9;21.0;20.8;18.9;18.6;88.0;86.0;88.0;196.0;5.4;3.3
2020/12/12;0500 UTC;0.0;951.0;951.2;951.0;;20.8;19.0;20.9;20.8;19.0;18.9;89.0;88.0;89.0;189.0;5.4;2.8
2020/12/12;0600 UTC;0.0;951.3;951.3;951.0;;20.9;19.1;21.0;20.7;19.2;18.9;90.0;89.0;90.0;180.0;5.3;2.3
2020/12/12;0700 UTC;0.0;951.5;951.5;951.2;;20.9;19.2;21.0;20.8;19.2;19.0;90.0;89.0;90.0;179.0;4.3;1.6
2020/12/12;0800 UTC;0.0;952.1;952.1;951.5;2.2;20.8;19.4;20.9;20.8;19.4;19.1;92.0;90.0;92.0;171.0;4.4;2.3
2020/12/12;0900 UTC;0.0;952.9;952.9;952.1;120.6;21.2;19.8;21.4;20.8;19.9;19.4;92.0;91.0;91.0;199.0;6.8;3.7
2020/12/12;1000 UTC;0.2;953.5;953.5;952.8;388.9;21.2;20.1;22.0;21.2;20.4;19.8;93.0;90.0;93.0;179.0;6.9;3.7
2020/12/12;1100 UTC;1.6;953.9;953.9;953.5;594.8;21.4;20.8;21.5;21.1;21.0;20.0;97.0;93.0;97.0;181.0;6.6;3.8
2020/12/12;1200 UTC;0.0;954.0;954.0;953.9;829.4;22.2;21.7;22.3;21.4;21.8;20.8;97.0;97.0;97.0;191.0;8.4;4.6
2020/12/12;1300 UTC;0.0;953.7;954.0;953.6;2479.7;24.8;22.1;25.2;22.2;23.3;21.7;97.0;85.0;85.0;191.0;9.1;4.3
2020/12/12;1400 UTC;0.0;953.1;953.7;953.1;2940.6;27.6;21.1;27.6;24.6;22.5;20.4;85.0;68.0;68.0;177.0;8.8;4.7
2020/12/12;1500 UTC;0.2;952.1;953.1;952.1;3716.2;28.8;18.5;29.9;27.6;21.5;18.5;68.0;52.0;54.0;180.0;9.0;4.9
2020/12/12;1600 UTC;0.0;951.1;952.2;951.1;2667.9;30.4;18.3;30.5;28.4;19.2;17.6;55.0;48.0;48.0;181.0;9.7;4.0
2020/12/12;1700 UTC;0.0;950.5;951.2;950.5;2149.7;29.2;18.2;30.5;28.7;18.9;17.7;53.0;48.0;52.0;196.0;10.8;5.8
2020/12/12;1800 UTC;0.0;950.3;950.5;950.3;2155.3;29.2;17.8;29.7;28.9;18.4;17.4;52.0;48.0;50.0;186.0;9.8;5.3
2020/12/12;1900 UTC;0.0;950.5;950.5;950.2;1192.7;28.4;17.2;29.6;28.4;18.1;17.1;52.0;49.0;51.0;176.0;9.5;4.8
2020/12/12;2000 UTC;0.0;951.2;951.2;950.5;441.8;26.8;17.9;28.4;26.8;17.9;17.1;58.0;51.0;58.0;193.0;9.5;5.2
2020/12/12;2100 UTC;0.0;951.8;951.9;951.2;9.8;25.0;18.9;26.9;25.0;19.0;17.9;69.0;58.0;69.0;189.0;10.1;4.7
2020/12/12;2200 UTC;0.0;952.5;952.5;951.8;;23.9;19.0;25.0;23.9;19.0;18.8;74.0;69.0;74.0;191.0;9.4;4.8
2020/12/12;2300 UTC;0.0;953.3;953.3;952.5;;22.9;19.1;23.9;22.9;19.2;19.0;79.0;74.0;79.0;189.0;9.3;4.3
2020/12/13;0000 UTC;0.0;953.5;953.5;953.3;;22.2;19.4;22.9;22.2;19.4;19.1;84.0;79.0;84.0;207.0;8.2;4.2
2020/12/13;0100 UTC;0.0;953.2;953.5;953.2;;21.7;19.6;22.2;21.7;19.6;19.3;88.0;84.0;88.0;188.0;7.2;3.7
2020/12/13;0200 UTC;0.0;952.7;953.2;952.6;;21.7;19.5;21.7;21.5;19.6;19.5;89.0;87.0;87.0;198.0;6.5;3.7
2020/12/13;0300 UTC;0.0;951.9;952.7;951.9;;21.5;19.8;21.7;21.4;19.8;19.4;90.0;87.0;90.0;192.0;6.4;3.2
2020/12/13;0400 UTC;0.0;951.4;951.9;951.4;;21.3;19.8;21.5;21.3;19.8;19.7;91.0;90.0;91.0;183.0;6.7;2.4
2020/12/13;0500 UTC;0.0;951.2;951.4;951.2;;21.0;19.8;21.3;21.0;19.9;19.8;93.0;91.0;93.0;189.0;4.8;2.6
2020/12/13;0600 UTC;0.0;950.8;951.2;950.8;;20.7;19.6;21.0;20.7;19.8;19.6;93.0;93.0;93.0;175.0;4.5;1.7
2020/12/13;0700 UTC;0.0;951.4;951.4;950.8;;20.8;19.7;20.9;20.7;19.8;19.6;94.0;93.0;93.0;177.0;4.4;2.0
2020/12/13;0800 UTC;0.0;952.1;952.1;951.4;2.0;21.0;19.9;21.0;20.7;19.9;19.6;94.0;93.0;93.0;176.0;4.2;1.2
2020/12/13;0900 UTC;0.0;952.6;952.6;952.0;426.2;22.3;20.4;22.4;20.9;20.5;19.8;94.0;89.0;89.0;177.0;5.0;2.3
2020/12/13;1000 UTC;0.0;952.9;953.0;952.6;933.9;23.1;19.9;23.5;21.9;20.6;19.8;89.0;82.0;82.0;186.0;5.2;2.8
2020/12/13;1100 UTC;0.0;953.0;953.1;952.9;936.8;23.5;19.5;24.4;22.8;20.5;19.5;82.0;77.0;79.0;183.0;6.1;3.3
2020/12/13;1200 UTC;0.0;953.3;953.3;953.0;1006.9;23.9;20.0;24.4;23.5;20.3;19.7;80.0;77.0;79.0;183.0;6.5;3.3
2020/12/13;1300 UTC;0.0;953.0;953.4;952.9;2190.4;27.5;20.6;27.5;23.9;20.8;19.7;79.0;66.0;66.0;183.0;6.4;3.3
2020/12/13;1400 UTC;0.0;952.3;953.0;952.3;2810.0;27.9;19.4;28.9;26.7;20.6;19.0;66.0;57.0;60.0;179.0;7.1;3.7
2020/12/13;1500 UTC;0.0;951.7;952.3;951.6;2929.4;28.6;19.8;30.0;27.7;20.7;19.1;62.0;55.0;59.0;181.0;8.3;4.4
2020/12/13;1600 UTC;0.0;951.1;951.7;951.1;2751.8;29.5;18.8;30.3;28.4;20.3;18.5;60.0;51.0;53.0;178.0;8.8;4.0
2020/12/13;1700 UTC;0.0;950.6;951.1;950.6;1683.7;28.6;18.9;30.0;28.4;19.0;17.9;56.0;51.0;56.0;191.0;8.8;4.0
2020/12/13;1800 UTC;0.0;950.4;950.6;950.3;1096.9;28.1;19.3;29.3;28.1;19.6;18.7;59.0;54.0;59.0;192.0;9.5;5.6
2020/12/13;1900 UTC;0.0;950.7;950.7;950.4;717.2;26.9;19.8;28.4;26.8;20.1;19.3;66.0;58.0;65.0;188.0;10.1;5.7
2020/12/13;2000 UTC;0.0;951.7;951.7;950.7;131.0;25.1;19.9;26.9;25.1;20.0;19.5;73.0;65.0;73.0;179.0;9.5;5.0
2020/12/13;2100 UTC;0.0;952.1;952.1;951.7;9.2;24.3;20.4;25.1;24.2;20.5;19.9;79.0;73.0;79.0;190.0;9.0;4.7
2020/12/13;2200 UTC;0.0;953.0;953.0;952.1;;23.5;20.5;24.4;23.5;20.5;20.3;83.0;79.0;83.0;193.0;10.0;5.5
2020/12/13;2300 UTC;0.0;953.7;953.7;953.0;;23.2;20.3;23.5;23.1;20.6;20.2;84.0;83.0;84.0;181.0;9.0;3.5
2020/12/14;0000 UTC;0.0;954.0;954.1;953.7;;22.8;20.1;23.3;22.7;20.3;19.9;85.0;83.0;85.0;188.0;6.8;3.4
2020/12/14;0100 UTC;0.0;954.0;954.2;954.0;;22.5;19.9;22.8;22.5;20.1;19.8;85.0;84.0;85.0;186.0;6.6;3.4
2020/12/14;0200 UTC;0.0;953.4;954.0;953.4;;22.4;20.0;22.5;22.3;20.0;19.9;86.0;85.0;86.0;196.0;6.3;3.0
2020/12/14;0300 UTC;0.0;952.5;953.4;952.5;;22.0;20.0;22.4;21.9;20.0;19.8;89.0;86.0;89.0;179.0;5.6;3.4
2020/12/14;0400 UTC;0.0;952.3;952.5;952.2;;21.8;20.2;22.0;21.8;20.2;19.9;91.0;89.0;91.0;189.0;5.8;3.4
2020/12/14;0500 UTC;0.0;952.1;952.3;952.1;;21.8;20.4;21.9;21.7;20.4;20.2;92.0;90.0;92.0;180.0;6.1;2.6
2020/12/14;0600 UTC;0.0;951.4;952.2;951.4;;21.3;20.1;21.8;21.3;20.3;20.1;93.0;92.0;93.0;196.0;5.7;3.6
2020/12/14;0700 UTC;0.0;951.8;951.8;951.4;;21.3;20.2;21.3;21.1;20.2;20.0;94.0;93.0;93.0;191.0;6.1;3.0
2020/12/14;0800 UTC;0.2;952.0;952.1;951.8;3.2;20.7;20.0;21.3;20.7;20.3;19.9;95.0;93.0;95.0;173.0;6.2;2.8
2020/12/14;0900 UTC;0.0;952.2;952.3;952.0;306.7;21.3;20.5;21.3;20.7;20.7;19.9;96.0;95.0;95.0;183.0;5.6;3.1
2020/12/14;1000 UTC;0.0;952.5;952.6;952.1;851.3;22.4;20.7;22.6;21.3;21.3;20.5;96.0;90.0;90.0;183.0;7.8;3.7
2020/12/14;1100 UTC;0.0;952.6;952.7;952.5;909.2;24.1;20.7;24.1;22.4;20.8;20.1;90.0;81.0;81.0;186.0;7.0;3.5
2020/12/14;1200 UTC;0.0;952.5;952.6;952.4;1890.6;25.4;18.9;25.9;23.9;20.6;18.9;81.0;67.0;68.0;184.0;7.5;4.1
2020/12/14;1300 UTC;0.0;952.1;952.5;952.1;2061.5;27.1;18.8;27.8;25.4;20.0;18.7;69.0;60.0;60.0;176.0;9.1;2.8
2020/12/14;1400 UTC;0.0;951.3;952.2;951.2;2855.9;29.1;18.9;29.1;26.8;19.2;17.6;62.0;54.0;54.0;179.0;7.7;3.2
2020/12/14;1500 UTC;0.0;950.3;951.3;950.3;3692.4;29.9;17.9;30.4;28.2;19.1;17.5;55.0;48.0;49.0;180.0;7.6;3.2
2020/12/14;1600 UTC;0.0;949.3;950.3;949.3;3253.0;31.3;17.6;31.3;29.4;18.1;17.0;49.0;43.0;44.0;180.0;8.3;2.9
2020/12/14;1700 UTC;0.0;948.7;949.4;948.7;2817.4;31.5;17.6;31.8;30.1;17.6;16.1;45.0;40.0;43.0;175.0;8.0;2.1
2020/12/14;1800 UTC;0.0;948.2;948.7;948.2;2268.2;31.1;17.1;32.4;30.8;17.6;16.4;44.0;40.0;43.0;96.0;7.1;3.6
2020/12/14;1900 UTC;0.0;948.1;948.2;948.1;1123.7;30.4;16.6;31.5;30.2;17.4;16.4;44.0;42.0;44.0;186.0;6.9;3.4
2020/12/14;2000 UTC;0.0;948.6;948.6;948.1;432.2;28.3;18.1;30.5;28.3;18.1;16.4;54.0;43.0;54.0;193.0;9.0;5.5
2020/12/14;2100 UTC;0.0;949.5;949.5;948.6;14.0;25.9;18.7;28.3;25.9;18.8;18.1;65.0;54.0;65.0;191.0;10.0;6.1
2020/12/14;2200 UTC;0.0;950.5;950.5;949.5;;24.2;18.8;25.9;24.2;19.0;18.7;72.0;65.0;72.0;163.0;11.1;4.5
2020/12/14;2300 UTC;0.0;951.3;951.3;950.5;;23.2;19.8;24.2;23.2;19.8;18.9;81.0;72.0;81.0;187.0;9.5;4.6
2020/12/15;0000 UTC;0.0;951.8;951.8;951.3;;22.7;20.1;23.3;22.7;20.3;19.7;86.0;81.0;86.0;196.0;9.1;4.9
2020/12/15;0100 UTC;0.0;952.0;952.1;951.8;;22.4;20.2;22.6;22.4;20.4;20.1;88.0;86.0;87.0;190.0;9.1;3.8
2020/12/15;0200 UTC;0.0;951.7;952.1;951.7;;22.4;19.5;22.6;22.3;20.4;19.5;88.0;84.0;84.0;174.0;8.0;3.7
2020/12/15;0300 UTC;0.0;951.1;951.8;951.1;;22.1;19.4;22.5;22.1;19.5;19.1;85.0;82.0;85.0;176.0;8.0;2.5
2020/12/15;0400 UTC;0.0;950.6;951.1;950.5;;21.7;19.4;22.1;21.6;19.4;19.3;87.0;85.0;87.0;187.0;6.9;3.3
2020/12/15;0500 UTC;0.0;950.1;950.6;950.1;;21.6;19.5;21.8;21.6;19.6;19.4;88.0;87.0;88.0;183.0;5.9;2.5
2020/12/15;0600 UTC;0.0;950.1;950.1;949.9;;21.3;19.4;21.6;21.3;19.6;19.4;89.0;88.0;89.0;178.0;5.6;2.7
2020/12/15;0700 UTC;0.0;950.4;950.4;950.1;;21.1;19.4;21.3;21.1;19.5;19.3;90.0;89.0;90.0;174.0;4.9;2.3
2020/12/15;0800 UTC;0.0;950.8;950.8;950.3;2.3;21.3;19.5;21.3;21.1;19.6;19.3;90.0;90.0;90.0;185.0;5.0;2.4
2020/12/15;0900 UTC;0.0;951.1;951.1;950.8;154.6;21.2;19.9;21.4;20.8;20.0;19.4;93.0;89.0;92.0;177.0;4.4;2.4
2020/12/15;1000 UTC;0.0;951.7;951.7;951.0;619.3;22.4;20.2;22.4;21.2;20.6;20.0;92.0;87.0;87.0;186.0;6.1;2.8
2020/12/15;1100 UTC;0.0;952.3;952.4;951.7;875.9;23.4;20.4;23.4;22.4;20.7;20.1;87.0;83.0;83.0;175.0;6.0;3.4
2020/12/15;1200 UTC;0.0;952.1;952.4;952.0;1903.4;25.6;20.5;25.6;23.4;21.6;20.0;83.0;73.0;74.0;191.0;6.3;3.9
2020/12/15;1300 UTC;0.0;951.5;952.1;951.5;3085.6;27.8;19.3;28.3;25.1;21.4;19.3;74.0;60.0;60.0;179.0;6.9;3.7
2020/12/15;1400 UTC;0.0;950.8;951.5;950.8;3138.4;28.3;18.4;29.9;27.4;20.4;18.4;62.0;53.0;55.0;189.0;9.4;3.3
2020/12/15;1500 UTC;0.0;950.0;950.8;950.0;2777.1;29.8;17.7;30.7;28.3;19.2;17.6;56.0;47.0;48.0;191.0;9.1;3.4
2020/12/15;1600 UTC;0.0;949.2;949.9;949.2;3608.3;31.8;17.9;32.4;29.7;19.0;17.2;50.0;43.0;44.0;185.0;7.1;3.5
2020/12/15;1700 UTC;0.0;948.3;949.2;948.3;2238.7;31.8;18.5;32.2;30.1;18.9;17.4;48.0;43.0;45.0;179.0;7.2;2.8
2020/12/15;1800 UTC;0.0;947.7;948.3;947.7;2431.4;31.3;18.5;31.9;30.9;18.7;17.5;47.0;43.0;47.0;186.0;8.9;4.8
2020/12/15;1900 UTC;0.0;947.8;947.9;947.6;1402.4;29.6;19.3;31.3;29.6;19.5;17.9;54.0;46.0;54.0;189.0;11.4;5.4
2020/12/15;2000 UTC;0.0;948.2;948.3;947.8;566.2;27.2;19.8;29.6;27.2;20.0;19.3;64.0;54.0;64.0;174.0;11.4;6.7
2020/12/15;2100 UTC;0.0;949.1;949.1;948.2;15.8;25.7;20.3;27.2;25.6;20.3;19.8;72.0;64.0;72.0;174.0;11.7;5.5
2020/12/15;2200 UTC;0.0;949.9;949.9;949.1;;24.3;20.0;25.7;24.3;20.2;19.8;77.0;72.0;77.0;178.0;11.7;6.3
2020/12/15;2300 UTC;0.0;950.8;950.8;949.9;;23.6;20.7;24.3;23.6;20.8;20.1;84.0;77.0;84.0;187.0;11.7;5.1
2020/12/16;0000 UTC;0.0;951.4;951.5;950.8;;23.0;20.1;23.6;22.9;20.7;20.0;84.0;83.0;84.0;186.0;10.0;4.8
2020/12/16;0100 UTC;0.0;951.4;951.5;951.3;;23.0;20.5;23.0;22.8;20.5;20.1;86.0;84.0;86.0;197.0;9.8;4.7
2020/12/16;0200 UTC;0.0;950.9;951.4;950.9;;22.7;20.4;23.0;22.6;20.5;20.2;87.0;86.0;87.0;201.0;8.2;4.4
2020/12/16;0300 UTC;0.0;950.6;950.9;950.6;;22.5;20.6;22.7;22.3;20.7;20.4;90.0;87.0;89.0;193.0;7.7;4.0
2020/12/16;0400 UTC;0.0;950.1;950.6;950.0;;22.4;20.4;22.5;22.3;20.6;20.4;89.0;88.0;89.0;160.0;7.7;3.9
2020/12/16;0500 UTC;0.0;950.0;950.1;950.0;;22.2;20.5;22.4;22.1;20.5;20.3;91.0;89.0;91.0;199.0;8.4;3.8
2020/12/16;0600 UTC;0.0;949.9;950.1;949.9;;21.8;20.6;22.2;21.8;20.7;20.5;93.0;91.0;93.0;183.0;6.7;3.9
2020/12/16;0700 UTC;0.0;950.1;950.1;949.8;;21.9;20.5;21.9;21.7;20.6;20.5;93.0;92.0;92.0;2.0;6.7;3.4
2020/12/16;0800 UTC;0.0;951.0;951.0;950.1;2.6;21.6;20.4;21.9;21.5;20.5;20.3;93.0;92.0;93.0;181.0;6.6;2.6
2020/12/16;0900 UTC;0.0;951.7;951.7;951.0;269.4;22.2;21.1;22.2;21.5;21.1;20.4;94.0;93.0;94.0;185.0;5.4;2.7
2020/12/16;1000 UTC;0.0;952.2;952.2;951.7;617.4;23.0;21.1;23.2;22.0;21.5;20.8;94.0;89.0;89.0;184.0;6.5;3.3
2020/12/16;1100 UTC;0.0;952.4;952.5;952.2;1656.9;25.6;19.9;25.6;22.8;21.7;19.9;89.0;71.0;71.0;198.0;7.3;3.8
2020/12/16;1200 UTC;0.0;952.4;952.6;952.4;2426.6;26.9;19.7;27.0;25.5;20.3;19.0;71.0;64.0;65.0;352.0;8.1;3.1
2020/12/16;1300 UTC;0.0;952.2;952.4;952.1;2737.5;28.0;18.3;29.4;26.8;20.0;18.3;65.0;54.0;56.0;178.0;7.1;3.1
2020/12/16;1400 UTC;0.0;951.8;952.2;951.8;3097.0;29.1;18.2;29.6;27.8;19.0;17.7;57.0;50.0;52.0;170.0;7.7;3.6
2020/12/16;1500 UTC;0.0;951.2;951.8;951.2;2805.7;30.4;17.7;31.7;28.5;19.1;17.5;53.0;45.0;47.0;321.0;7.7;2.7
2020/12/16;1600 UTC;0.0;950.3;951.2;950.3;3568.3;31.5;17.8;32.3;29.9;18.4;17.3;49.0;42.0;44.0;180.0;7.1;3.2
2020/12/16;1700 UTC;0.0;949.4;950.3;949.4;3096.0;31.9;17.1;32.2;30.9;18.1;16.8;45.0;41.0;41.0;183.0;8.4;4.3
2020/12/16;1800 UTC;0.0;948.8;949.4;948.8;2343.7;31.1;17.8;32.3;31.1;17.9;16.2;45.0;39.0;45.0;230.0;8.3;4.4
2020/12/16;1900 UTC;0.0;949.2;949.2;948.7;1115.9;29.0;19.6;31.6;28.9;19.7;17.9;57.0;45.0;57.0;181.0;10.0;5.3
2020/12/16;2000 UTC;0.0;949.5;949.5;949.2;560.6;27.4;19.8;29.3;27.3;19.9;19.5;63.0;57.0;63.0;172.0;10.6;6.1
2020/12/16;2100 UTC;0.0;950.3;950.3;949.4;9.2;25.5;19.7;27.5;25.5;19.9;19.6;70.0;63.0;70.0;145.0;11.7;6.3
2020/12/16;2200 UTC;0.0;951.2;951.2;950.3;;24.3;19.7;25.6;24.3;19.9;19.7;76.0;70.0;75.0;182.0;11.3;5.6
2020/12/16;2300 UTC;0.0;952.0;952.1;951.1;;23.2;19.7;24.3;23.2;19.7;19.4;80.0;75.0;80.0;172.0;10.8;4.9
2020/12/17;0000 UTC;0.0;952.2;952.3;952.0;;22.7;20.1;23.2;22.7;20.1;19.7;85.0;81.0;85.0;187.0;9.0;4.5
2020/12/17;0100 UTC;0.0;952.5;952.7;952.2;;22.5;20.3;22.8;22.4;20.3;20.1;88.0;85.0;88.0;185.0;8.7;3.8
2020/12/17;0200 UTC;0.0;952.3;952.8;952.3;;22.4;20.6;22.4;22.3;20.6;20.2;90.0;88.0;90.0;197.0;8.7;4.7
2020/12/17;0300 UTC;0.0;952.0;952.3;951.9;;22.2;20.6;22.4;22.1;20.7;20.6;91.0;90.0;91.0;179.0;8.3;3.9
2020/12/17;0400 UTC;0.0;951.7;952.0;951.7;;22.1;20.8;22.2;22.0;20.9;20.6;92.0;91.0;92.0;193.0;7.2;3.0
2020/12/17;0500 UTC;0.0;951.2;951.7;951.2;;22.0;20.9;22.1;22.0;20.9;20.7;93.0;92.0;93.0;204.0;6.4;3.7
2020/12/17;0600 UTC;0.0;951.2;951.3;951.0;;21.9;20.9;22.0;21.9;21.0;20.8;94.0;93.0;94.0;197.0;7.2;3.3
2020/12/17;0700 UTC;0.0;951.6;951.6;951.2;;22.0;21.0;22.0;21.8;21.1;20.8;94.0;94.0;94.0;183.0;6.2;3.2
2020/12/17;0800 UTC;0.0;952.0;952.1;951.6;1.9;21.9;21.0;22.0;21.8;21.0;20.8;94.0;94.0;94.0;190.0;7.1;3.0
2020/12/17;0900 UTC;0.0;952.5;952.5;952.0;243.7;22.2;21.2;22.3;21.9;21.3;20.9;95.0;94.0;94.0;180.0;7.5;3.3
2020/12/17;1000 UTC;0.0;953.1;953.1;952.5;575.0;23.2;21.2;23.3;22.2;21.6;21.1;94.0;88.0;88.0;182.0;8.1;3.0
2020/12/17;1100 UTC;0.0;953.3;953.3;953.1;1008.2;25.0;20.1;25.7;23.2;21.4;20.0;88.0;74.0;74.0;187.0;7.4;4.2
2020/12/17;1200 UTC;0.0;953.3;953.3;953.2;2361.2;27.5;20.2;27.5;24.7;21.0;19.5;76.0;64.0;65.0;36.0;10.3;4.0
2020/12/17;1300 UTC;0.0;952.9;953.3;952.9;2524.2;28.1;18.2;28.5;26.9;20.1;18.0;65.0;54.0;55.0;183.0;8.1;4.1
2020/12/17;1400 UTC;0.0;952.2;952.9;952.2;3277.8;30.3;18.0;30.7;28.0;19.1;17.5;55.0;48.0;48.0;184.0;7.9;3.8
2020/12/17;1500 UTC;0.0;951.7;952.2;951.7;2836.6;30.9;18.7;31.6;29.5;18.9;17.6;50.0;46.0;48.0;180.0;7.6;3.8
2020/12/17;1600 UTC;0.0;951.0;951.7;951.0;3263.8;31.9;18.0;32.4;30.4;19.0;17.4;48.0;43.0;44.0;180.0;7.4;3.4
2020/12/17;1700 UTC;0.0;950.4;951.0;950.3;2514.9;31.3;18.6;32.4;30.5;19.0;17.7;47.0;43.0;47.0;183.0;9.3;4.3
2020/12/17;1800 UTC;0.0;950.0;950.4;950.0;2145.4;30.4;19.5;31.9;30.0;19.7;18.5;52.0;46.0;52.0;176.0;9.8;4.7
2020/12/17;1900 UTC;0.0;950.2;950.2;950.0;829.2;28.4;19.8;30.4;28.1;20.0;19.1;60.0;52.0;60.0;166.0;11.0;6.1
2020/12/17;2000 UTC;0.0;950.3;950.6;950.2;312.0;26.7;19.6;28.4;26.7;19.9;19.5;65.0;60.0;65.0;183.0;11.8;6.7
2020/12/17;2100 UTC;0.0;951.1;951.1;950.3;11.5;25.1;20.1;26.7;25.1;20.2;19.6;74.0;65.0;74.0;177.0;12.4;6.0
2020/12/17;2200 UTC;0.0;952.0;952.0;951.1;;24.1;20.0;25.1;24.1;20.2;20.0;78.0;74.0;78.0;111.0;13.0;5.6
2020/12/17;2300 UTC;0.0;952.7;952.7;952.0;;23.4;19.9;24.1;23.3;20.0;19.6;81.0;77.0;81.0;172.0;10.5;4.4
2020/12/18;0000 UTC;0.0;952.8;953.0;952.7;;22.7;20.1;23.4;22.6;20.1;19.5;85.0;80.0;85.0;190.0;9.0;4.5
2020/12/18;0100 UTC;0.0;952.6;952.7;952.4;;22.5;20.5;22.6;22.4;20.5;20.0;89.0;85.0;89.0;191.0;9.5;4.1
2020/12/18;0200 UTC;0.0;951.7;952.6;951.7;;22.4;20.8;22.5;22.3;20.8;20.5;91.0;89.0;91.0;183.0;9.2;4.2
2020/12/18;0300 UTC;0.0;951.1;951.7;951.1;;22.0;20.6;22.4;21.9;20.8;20.5;92.0;91.0;92.0;195.0;9.2;4.3
2020/12/18;0400 UTC;0.0;950.7;951.2;950.7;;22.1;20.8;22.1;21.9;20.8;20.5;93.0;92.0;92.0;177.0;8.3;3.5
2020/12/18;0500 UTC;0.0;950.7;950.9;950.6;;21.7;20.5;22.1;21.6;20.8;20.4;93.0;92.0;93.0;120.0;7.1;2.6
2020/12/18;0600 UTC;0.0;950.4;950.7;950.4;;21.7;20.6;21.8;21.6;20.7;20.4;94.0;93.0;94.0;154.0;5.8;2.6
2020/12/18;0700 UTC;0.0;950.6;950.6;950.3;;21.8;20.8;21.8;21.7;20.8;20.6;94.0;94.0;94.0;8.0;5.9;2.5
2020/12/18;0800 UTC;0.0;951.1;951.1;950.6;;21.8;20.8;21.9;21.8;20.9;20.8;94.0;94.0;94.0;180.0;7.3;3.5
2020/12/18;0900 UTC;0.2;951.9;951.9;951.1;109.5;21.8;21.1;21.9;21.7;21.2;20.8;96.0;94.0;96.0;195.0;7.5;3.9
2020/12/18;1000 UTC;0.0;952.0;952.1;951.8;729.0;22.5;21.3;22.7;21.7;21.7;21.0;96.0;93.0;93.0;186.0;8.1;3.8
2020/12/18;1100 UTC;0.0;952.5;952.5;952.0;934.7;23.3;21.1;24.1;22.4;22.2;21.0;94.0;87.0;87.0;163.0;7.5;4.0
2020/12/18;1200 UTC;0.0;952.3;952.5;952.3;2142.1;26.9;20.6;26.9;23.0;22.2;19.8;88.0;68.0;68.0;185.0;8.0;3.9
2020/12/18;1300 UTC;0.0;951.9;952.6;951.9;2133.8;26.7;19.1;27.3;25.4;21.1;19.1;72.0;62.0;63.0;169.0;9.8;4.6
2020/12/18;1400 UTC;0.0;951.3;952.0;951.3;3152.5;28.6;18.0;29.8;26.6;20.1;17.5;65.0;51.0;53.0;187.0;10.1;5.6
2020/12/18;1500 UTC;0.0;950.4;951.3;950.4;2733.9;30.0;17.8;30.2;28.4;19.5;17.1;56.0;47.0;48.0;117.0;10.5;3.9
2020/12/18;1600 UTC;0.0;949.7;950.5;949.7;2099.7;29.6;17.2;30.3;29.3;17.8;16.9;48.0;46.0;47.0;200.0;9.6;4.0
2020/12/18;1700 UTC;0.0;949.1;949.7;949.0;1771.3;29.1;18.1;30.9;28.8;18.3;17.1;52.0;45.0;51.0;172.0;10.1;5.2
2020/12/18;1800 UTC;0.0;948.8;949.1;948.8;1550.6;29.3;18.0;29.6;28.9;18.5;17.8;53.0;50.0;51.0;165.0;10.1;4.9
2020/12/18;1900 UTC;0.0;948.9;948.9;948.6;1144.2;27.6;18.2;29.4;27.6;18.5;17.7;57.0;51.0;56.0;169.0;11.4;6.7
2020/12/18;2000 UTC;0.0;949.2;949.2;948.9;507.6;26.4;18.1;27.8;26.4;18.6;18.1;60.0;56.0;60.0;170.0;10.8;5.5
2020/12/18;2100 UTC;0.0;949.5;949.5;949.1;17.0;25.1;18.1;26.4;25.1;18.2;17.9;65.0;60.0;65.0;183.0;10.6;5.5
2020/12/18;2200 UTC;0.0;950.3;950.3;949.5;;23.9;18.2;25.1;23.9;18.5;18.1;71.0;65.0;71.0;158.0;10.8;4.9
2020/12/18;2300 UTC;0.0;950.8;950.8;950.2;;23.1;18.3;23.9;23.1;18.3;18.2;74.0;71.0;74.0;183.0;9.0;5.3
2020/12/19;0000 UTC;0.0;951.4;951.4;950.8;;22.5;19.1;23.1;22.4;19.1;18.3;81.0;74.0;81.0;59.0;9.8;3.0
2020/12/19;0100 UTC;0.0;951.3;951.4;951.3;;22.1;19.9;22.5;22.1;19.9;19.1;87.0;81.0;87.0;179.0;7.8;3.6
2020/12/19;0200 UTC;0.0;951.0;951.3;951.0;;21.7;20.1;22.1;21.7;20.2;19.8;91.0;87.0;91.0;190.0;8.0;3.9
2020/12/19;0300 UTC;0.0;950.9;951.1;950.8;;21.7;20.4;21.8;21.7;20.5;20.2;93.0;91.0;93.0;190.0;8.2;3.8
2020/12/19;0400 UTC;0.0;950.4;950.9;950.4;;21.6;20.5;21.7;21.6;20.6;20.4;94.0;93.0;94.0;201.0;7.2;3.9
2020/12/19;0500 UTC;0.0;950.0;950.4;950.0;;21.5;20.5;21.7;21.4;20.7;20.4;94.0;93.0;94.0;189.0;7.2;2.5
2020/12/19;0600 UTC;0.0;949.7;950.0;949.7;;21.5;20.5;21.6;21.4;20.6;20.5;94.0;94.0;94.0;169.0;5.3;2.8
2020/12/19;0700 UTC;0.0;949.8;949.8;949.6;;21.3;20.6;21.6;21.2;20.7;20.4;96.0;94.0;96.0;188.0;7.7;2.8
2020/12/19;0800 UTC;0.0;950.4;950.4;949.8;1.6;21.2;20.6;21.3;21.1;20.7;20.5;97.0;96.0;97.0;175.0;7.4;3.4
2020/12/19;0900 UTC;0.0;951.1;951.1;950.4;193.2;21.6;21.1;21.6;21.2;21.1;20.6;97.0;96.0;97.0;190.0;7.1;3.7
2020/12/19;1000 UTC;0.0;951.6;951.6;951.0;927.7;23.1;21.5;23.2;21.5;21.8;20.9;97.0;90.0;91.0;193.0;8.4;4.4
2020/12/19;1100 UTC;0.0;951.6;951.7;951.5;1799.6;24.7;18.9;25.4;22.9;22.0;18.9;91.0;70.0;70.0;175.0;8.4;4.5
2020/12/19;1200 UTC;0.0;951.4;951.6;951.4;2552.5;27.0;19.2;27.1;24.5;20.0;18.7;73.0;62.0;62.0;184.0;9.4;4.8
2020/12/19;1300 UTC;0.0;951.2;951.5;951.2;1836.1;27.7;18.6;27.7;26.1;19.8;18.1;64.0;58.0;58.0;185.0;9.4;3.6
2020/12/19;1400 UTC;0.0;950.6;951.2;950.6;2007.1;28.0;17.2;28.9;26.8;19.0;17.0;60.0;51.0;52.0;159.0;8.4;4.5
2020/12/19;1500 UTC;0.0;949.6;950.6;949.6;2609.5;30.0;16.5;30.0;27.8;18.3;16.2;54.0;44.0;44.0;180.0;10.5;4.4
2020/12/19;1600 UTC;0.0;948.7;949.7;948.7;3314.0;30.4;16.3;31.2;29.4;16.4;15.0;45.0;40.0;43.0;192.0;9.3;4.5
2020/12/19;1700 UTC;0.0;948.3;948.7;948.3;2116.3;30.5;15.9;31.3;29.8;16.4;15.2;43.0;40.0;41.0;170.0;9.2;4.2
2020/12/19;1800 UTC;0.0;948.1;948.3;948.1;2144.5;29.6;16.5;31.0;29.5;16.5;15.4;45.0;40.0;45.0;175.0;10.2;5.3
2020/12/19;1900 UTC;0.0;948.2;948.3;948.1;1344.4;28.8;16.3;29.7;28.5;17.0;16.0;48.0;45.0;47.0;180.0;10.2;5.2
2020/12/19;2000 UTC;0.0;948.7;948.7;948.2;503.9;26.3;18.2;29.0;26.3;18.4;15.9;61.0;46.0;61.0;129.0;11.5;5.4
2020/12/19;2100 UTC;0.0;949.1;949.1;948.7;14.5;25.1;17.5;26.4;25.1;18.3;17.5;63.0;61.0;63.0;185.0;10.9;5.4
2020/12/19;2200 UTC;0.0;949.8;949.8;949.1;;24.0;18.1;25.1;24.0;18.1;17.0;70.0;62.0;70.0;158.0;10.2;5.6
2020/12/19;2300 UTC;0.0;950.8;950.8;949.8;;23.0;18.4;24.0;23.0;18.5;18.1;76.0;70.0;76.0;175.0;9.9;4.6
2020/12/20;0000 UTC;0.0;950.8;951.0;950.8;;22.3;18.9;23.0;22.3;18.9;18.4;81.0;76.0;81.0;168.0;8.1;3.9
2020/12/20;0100 UTC;0.0;950.9;951.0;950.8;;22.0;19.4;22.3;21.9;19.4;18.9;85.0;81.0;85.0;175.0;6.2;2.9
2020/12/20;0200 UTC;0.0;950.4;950.9;950.4;;21.7;19.8;22.0;21.7;19.8;19.4;89.0;85.0;89.0;174.0;5.9;2.6
2020/12/20;0300 UTC;0.0;949.9;950.4;949.9;;21.5;20.1;21.7;21.5;20.1;19.8;92.0;89.0;92.0;171.0;7.9;3.8
2020/12/20;0400 UTC;0.0;949.5;949.9;949.5;;21.4;20.2;21.5;21.4;20.3;20.1;93.0;92.0;93.0;169.0;7.9;4.0
2020/12/20;0500 UTC;0.0;949.4;949.5;949.3;;21.3;20.2;21.5;21.3;20.3;20.1;94.0;93.0;94.0;166.0;7.5;4.3
2020/12/20;0600 UTC;0.0;949.7;949.7;949.4;;21.2;20.2;21.3;21.1;20.2;20.1;94.0;94.0;94.0;154.0;7.5;3.2
2020/12/20;0700 UTC;0.0;950.3;950.3;949.6;;21.2;20.3;21.2;21.1;20.3;20.1;94.0;94.0;94.0;161.0;6.2;2.3
2020/12/20;0800 UTC;0.0;950.8;950.8;950.3;0.8;21.1;20.3;21.2;21.0;20.3;20.2;95.0;94.0;95.0;197.0;5.6;3.0
2020/12/20;0900 UTC;0.0;951.2;951.2;950.8;149.1;21.4;20.6;21.4;21.0;20.6;20.2;96.0;95.0;95.0;196.0;6.1;2.8
2020/12/20;1000 UTC;0.0;951.9;951.9;951.2;424.0;21.3;20.6;21.4;20.7;20.6;20.0;97.0;95.0;95.0;158.0;8.2;3.5
2020/12/20;1100 UTC;0.2;952.0;952.1;951.9;856.7;23.3;20.6;23.3;21.3;21.6;20.6;96.0;85.0;85.0;185.0;8.8;4.8
2020/12/20;1200 UTC;0.0;951.9;952.1;951.9;2069.3;26.1;19.0;26.4;23.3;20.8;19.0;85.0;65.0;65.0;182.0;10.1;5.4
2020/12/20;1300 UTC;0.0;951.7;952.0;951.6;2984.5;28.1;17.6;28.5;25.9;19.3;17.4;65.0;53.0;53.0;195.0;10.9;4.8
2020/12/20;1400 UTC;0.0;951.0;951.7;951.0;3505.8;29.7;17.7;30.4;27.8;18.7;17.2;55.0;47.0;49.0;184.0;10.3;4.6
2020/12/20;1500 UTC;0.0;950.1;951.0;950.1;3570.5;30.0;17.1;30.4;28.6;18.4;17.0;52.0;46.0;46.0;180.0;11.2;4.6
2020/12/20;1600 UTC;0.0;949.6;950.1;949.6;2974.3;29.6;17.9;31.3;29.3;18.1;16.9;49.0;43.0;49.0;182.0;11.3;5.9
2020/12/20;1700 UTC;0.0;949.1;949.7;949.0;2955.8;29.8;18.5;30.8;29.2;19.3;17.9;52.0;47.0;51.0;131.0;11.5;5.4
2020/12/20;1800 UTC;0.0;949.2;949.2;948.9;1424.0;28.4;18.3;30.1;28.0;18.8;18.0;55.0;50.0;54.0;187.0;10.6;5.5
2020/12/20;1900 UTC;0.0;949.3;949.3;949.1;1197.9;27.6;18.7;29.3;27.5;19.0;17.8;59.0;52.0;59.0;176.0;10.1;5.3
2020/12/20;2000 UTC;0.0;949.7;949.7;949.3;593.5;26.6;19.1;27.6;26.6;19.1;18.2;64.0;58.0;64.0;182.0;10.3;5.2
2020/12/20;2100 UTC;0.0;950.2;950.2;949.7;21.1;24.8;19.0;26.6;24.7;19.7;18.9;72.0;64.0;70.0;158.0;10.8;4.8
2020/12/20;2200 UTC;0.0;951.0;951.0;950.2;;23.8;18.9;24.9;23.8;19.0;18.8;74.0;70.0;74.0;166.0;11.1;6.0
2020/12/20;2300 UTC;0.0;951.2;951.2;951.0;;22.9;19.3;23.9;22.9;19.3;18.9;80.0;74.0;80.0;166.0;11.9;7.2
2020/12/21;0000 UTC;0.0;951.7;951.7;951.2;;22.3;19.7;22.9;22.3;19.7;19.3;85.0;80.0;85.0;177.0;12.5;6.4
2020/12/21;0100 UTC;0.0;951.5;951.7;951.4;;22.0;19.9;22.3;22.0;19.9;19.7;88.0;85.0;88.0;192.0;12.1;7.5
2020/12/21;0200 UTC;0.0;951.6;951.9;951.5;;21.7;20.0;22.0;21.7;20.0;19.9;90.0;88.0;90.0;195.0;11.5;3.9
2020/12/21;0300 UTC;0.0;951.2;951.6;951.2;;21.6;20.2;21.8;21.6;20.2;20.0;91.0;90.0;91.0;188.0;6.9;3.4
2020/12/21;0400 UTC;0.0;950.8;951.2;950.8;;21.5;20.3;21.6;21.5;20.3;20.1;93.0;91.0;93.0;192.0;6.5;3.5
2020/12/21;0500 UTC;0.0;950.8;951.0;950.8;;21.4;20.3;21.6;21.4;20.4;20.2;93.0;92.0;93.0;325.0;7.9;3.5
2020/12/21;0600 UTC;0.0;951.0;951.0;950.7;;21.3;20.3;21.5;21.3;20.5;20.3;94.0;93.0;94.0;182.0;8.0;3.7
2020/12/21;0700 UTC;0.0;951.2;951.2;950.9;;21.1;20.3;21.4;21.1;20.5;20.3;95.0;94.0;95.0;200.0;6.8;3.5
2020/12/21;0800 UTC;0.0;952.0;952.0;951.2;0.8;21.1;20.4;21.1;21.0;20.4;20.2;96.0;95.0;96.0;191.0;6.1;2.7
2020/12/21;0900 UTC;0.0;952.5;952.5;952.0;223.0;21.6;20.8;21.6;21.0;20.8;20.3;96.0;95.0;95.0;192.0;6.4;3.1
2020/12/21;1000 UTC;0.0;952.7;952.8;952.5;820.0;22.9;20.6;23.1;21.4;21.2;20.6;95.0;87.0;87.0;188.0;8.4;4.7
2020/12/21;1100 UTC;0.0;953.0;953.0;952.7;1756.0;25.3;19.8;25.3;22.8;20.9;19.0;87.0;70.0;72.0;193.0;8.4;4.6
2020/12/21;1200 UTC;0.0;952.9;953.1;952.9;2505.3;26.6;18.5;26.9;25.0;19.5;18.0;72.0;59.0;61.0;187.0;9.0;5.4
2020/12/21;1300 UTC;0.0;952.6;953.0;952.6;2891.4;28.4;17.9;28.4;26.6;18.9;16.8;61.0;52.0;53.0;189.0;9.0;5.1
2020/12/21;1400 UTC;0.0;951.8;952.7;951.8;3909.6;30.0;17.3;30.7;28.0;18.0;16.7;53.0;45.0;47.0;177.0;10.8;5.1
2020/12/21;1500 UTC;0.0;951.1;951.8;951.1;3661.5;30.6;16.6;31.4;29.1;17.8;16.2;48.0;41.0;43.0;175.0;10.6;5.4
2020/12/21;1600 UTC;0.0;950.4;951.1;950.4;3284.7;31.3;16.5;31.7;29.8;16.8;15.6;44.0;38.0;41.0;171.0;10.6;5.0
2020/12/21;1700 UTC;0.0;950.0;950.4;949.9;2885.4;30.9;16.4;31.4;29.9;16.6;15.3;44.0;39.0;42.0;184.0;11.5;5.0
2020/12/21;1800 UTC;0.0;949.8;950.0;949.7;2026.6;29.8;16.9;30.9;29.1;17.5;15.6;47.0;40.0;46.0;193.0;11.7;5.9
2020/12/21;1900 UTC;0.0;950.1;950.1;949.7;1468.8;28.9;17.3;29.9;28.6;17.6;16.9;50.0;46.0;49.0;180.0;11.4;4.8
2020/12/21;2000 UTC;0.0;950.5;950.5;950.1;644.1;26.6;18.6;29.1;26.6;19.0;17.1;62.0;49.0;62.0;173.0;11.7;5.8
2020/12/21;2100 UTC;0.0;951.1;951.1;950.5;16.8;25.0;19.2;26.8;25.0;19.5;18.7;71.0;62.0;71.0;176.0;11.7;5.3
2020/12/21;2200 UTC;0.0;951.8;951.8;951.1;;23.7;19.6;25.0;23.7;19.8;19.2;78.0;71.0;78.0;189.0;11.9;5.5
2020/12/21;2300 UTC;0.0;952.1;952.2;951.8;;23.0;19.7;23.7;23.0;20.0;19.6;82.0;78.0;82.0;181.0;11.1;6.5
2020/12/22;0000 UTC;0.0;952.6;952.6;952.1;;22.5;20.0;23.0;22.5;20.1;19.7;86.0;82.0;86.0;187.0;10.8;4.9
2020/12/22;0100 UTC;0.0;952.7;952.7;952.4;;22.1;19.9;22.6;22.1;20.1;19.9;88.0;86.0;87.0;171.0;9.3;3.9
2020/12/22;0200 UTC;0.0;952.1;952.7;952.1;;21.8;20.1;22.1;21.8;20.1;19.9;90.0;87.0;90.0;171.0;8.9;4.3
2020/12/22;0300 UTC;0.0;951.3;952.1;951.3;;21.6;20.1;21.9;21.6;20.3;20.0;92.0;90.0;92.0;192.0;8.9;4.7
2020/12/22;0400 UTC;0.0;950.9;951.3;950.8;;21.1;20.0;21.6;21.1;20.2;20.0;93.0;92.0;93.0;180.0;9.7;4.1
2020/12/22;0500 UTC;0.0;951.1;951.1;950.9;;21.0;20.0;21.1;20.9;20.0;19.9;94.0;93.0;94.0;171.0;7.0;3.7
2020/12/22;0600 UTC;0.0;951.0;951.1;950.9;;20.9;20.0;21.1;20.8;20.1;19.9;95.0;94.0;95.0;183.0;7.1;2.6
2020/12/22;0700 UTC;0.0;951.0;951.0;950.9;;20.8;20.0;20.9;20.8;20.0;19.9;95.0;95.0;95.0;199.0;6.7;3.6
2020/12/22;0800 UTC;0.0;951.2;951.2;950.9;1.7;20.8;20.1;20.8;20.7;20.1;19.9;96.0;95.0;96.0;188.0;7.2;3.3
2020/12/22;0900 UTC;0.0;951.6;951.8;951.2;208.4;21.2;20.5;21.2;20.8;20.5;20.1;96.0;95.0;96.0;184.0;6.9;4.2
2020/12/22;1000 UTC;0.0;952.3;952.3;951.6;488.3;22.3;20.5;22.3;21.2;20.9;20.5;96.0;89.0;89.0;181.0;8.6;3.3
2020/12/22;1100 UTC;0.0;952.5;952.6;952.3;1165.3;24.1;18.5;24.4;22.3;20.6;18.5;89.0;71.0;71.0;183.0;7.9;4.4
2020/12/22;1200 UTC;0.0;952.8;952.8;952.5;2466.8;25.9;18.0;26.3;24.0;19.3;17.5;72.0;60.0;62.0;184.0;9.1;4.5
2020/12/22;1300 UTC;0.0;952.3;952.8;952.3;2953.7;27.7;16.5;28.2;25.7;18.7;16.5;63.0;51.0;51.0;202.0;11.1;5.0
2020/12/22;1400 UTC;0.0;951.6;952.3;951.6;3733.8;29.2;16.9;30.1;27.4;17.4;16.0;51.0;46.0;48.0;183.0;9.7;4.8
2020/12/22;1500 UTC;0.0;950.8;951.6;950.8;3253.1;30.3;16.6;30.4;28.9;17.2;16.0;48.0;42.0;44.0;11.0;9.1;4.9
2020/12/22;1600 UTC;0.0;950.0;950.8;950.0;3176.5;30.6;16.7;31.4;29.5;17.2;16.0;45.0;41.0;43.0;180.0;10.4;4.7
2020/12/22;1700 UTC;0.0;949.5;950.0;949.5;1563.4;28.7;16.8;30.7;28.6;17.1;16.4;49.0;43.0;48.0;188.0;10.4;5.2
2020/12/22;1800 UTC;0.0;949.2;949.5;949.2;1665.1;29.1;16.5;30.1;28.7;17.1;16.3;48.0;45.0;47.0;183.0;9.1;4.7
2020/12/22;1900 UTC;0.0;949.3;949.4;949.2;1123.0;28.3;16.6;29.8;28.3;17.1;16.4;49.0;46.0;49.0;189.0;9.0;5.1
2020/12/22;2000 UTC;0.0;949.7;949.7;949.3;296.8;27.0;17.0;28.4;27.0;17.1;16.6;54.0;49.0;54.0;191.0;10.3;5.1
2020/12/22;2100 UTC;0.0;950.3;950.3;949.7;17.2;25.3;17.9;27.1;25.3;17.9;17.0;64.0;54.0;64.0;189.0;10.6;5.9
2020/12/22;2200 UTC;0.0;951.1;951.1;950.2;;24.0;18.4;25.3;23.9;18.5;18.0;71.0;64.0;71.0;181.0;10.5;5.3
2020/12/22;2300 UTC;0.0;951.5;951.5;951.1;;23.0;18.9;24.0;23.0;18.9;18.3;78.0;71.0;78.0;185.0;9.5;5.2
2020/12/23;0000 UTC;0.0;951.7;951.9;951.5;;22.3;19.7;23.0;22.3;19.8;18.9;85.0;78.0;85.0;182.0;9.3;5.4
2020/12/23;0100 UTC;0.0;951.8;951.9;951.6;;22.0;20.0;22.3;22.0;20.0;19.7;88.0;86.0;88.0;197.0;9.6;3.8
2020/12/23;0200 UTC;0.0;951.4;951.8;951.3;;21.8;20.1;22.1;21.8;20.1;19.9;90.0;88.0;90.0;189.0;8.6;4.7
2020/12/23;0300 UTC;0.0;950.7;951.4;950.7;;21.7;20.0;22.0;21.7;20.3;20.0;90.0;90.0;90.0;189.0;8.5;4.6
2020/12/23;0400 UTC;0.0;950.2;950.7;950.2;;21.4;20.0;21.7;21.4;20.2;20.0;92.0;90.0;92.0;179.0;8.2;4.6
2020/12/23;0500 UTC;0.0;950.1;950.3;950.1;;21.3;20.2;21.4;21.2;20.2;20.0;94.0;92.0;94.0;189.0;7.8;3.8
2020/12/23;0600 UTC;0.0;950.2;950.4;950.1;;21.3;20.3;21.4;21.2;20.3;20.2;94.0;94.0;94.0;186.0;6.1;3.4
2020/12/23;0700 UTC;0.0;950.4;950.4;950.1;;21.3;20.4;21.3;21.2;20.4;20.2;95.0;94.0;95.0;189.0;6.0;2.9
2020/12/23;0800 UTC;0.0;950.8;950.9;950.3;0.0;21.1;20.4;21.3;21.1;20.4;20.3;96.0;94.0;96.0;189.0;5.5;3.8
2020/12/23;0900 UTC;0.0;951.6;951.6;950.7;213.0;21.5;20.7;21.5;21.1;20.7;20.4;96.0;95.0;95.0;178.0;6.5;3.7
2020/12/23;1000 UTC;0.0;951.7;951.7;951.5;617.3;22.8;20.6;23.0;21.4;21.1;20.6;95.0;87.0;87.0;185.0;7.8;4.0
2020/12/23;1100 UTC;0.0;952.2;952.2;951.6;947.7;23.9;19.7;24.1;22.8;20.7;19.5;87.0;77.0;77.0;184.0;8.5;3.6
2020/12/23;1200 UTC;0.0;951.8;952.2;951.8;2667.5;27.1;19.2;27.2;23.9;20.3;18.7;78.0;62.0;62.0;182.0;9.7;4.8
2020/12/23;1300 UTC;0.0;951.6;951.9;951.5;2727.4;27.4;18.5;28.6;26.4;19.5;18.1;63.0;56.0;58.0;190.0;9.7;3.9
2020/12/23;1400 UTC;0.0;950.9;951.6;950.8;3606.8;29.9;19.0;29.9;27.2;19.2;17.8;59.0;51.0;52.0;110.0;8.7;3.8
2020/12/23;1500 UTC;0.0;950.2;950.9;950.2;2117.4;29.0;17.2;30.6;28.3;18.7;17.0;54.0;48.0;49.0;182.0;8.7;3.2
2020/12/23;1600 UTC;0.0;949.5;950.2;949.5;2444.0;30.1;16.8;31.1;28.7;17.8;16.7;51.0;43.0;45.0;166.0;7.8;2.9
2020/12/23;1700 UTC;0.0;948.8;949.5;948.8;2111.4;30.1;17.1;31.3;30.0;17.9;16.7;46.0;43.0;46.0;210.0;6.7;3.7
2020/12/23;1800 UTC;0.0;948.7;948.8;948.6;1563.4;30.1;17.3;30.6;29.6;17.5;16.8;47.0;44.0;46.0;166.0;10.4;3.1
2020/12/23;1900 UTC;0.0;948.9;949.0;948.6;989.3;28.6;18.6;30.1;28.5;18.7;17.1;55.0;46.0;55.0;185.0;9.5;5.3
2020/12/23;2000 UTC;0.0;949.5;949.5;948.8;362.4;26.5;18.8;28.6;26.5;18.9;18.4;63.0;54.0;63.0;187.0;10.3;5.1
2020/12/23;2100 UTC;0.0;950.0;950.0;949.5;12.7;24.9;19.5;26.6;24.9;19.6;18.8;72.0;63.0;72.0;187.0;10.3;6.0
2020/12/23;2200 UTC;0.0;950.5;950.5;949.9;;23.9;19.7;24.9;23.8;19.8;19.4;77.0;72.0;77.0;178.0;11.3;5.6
2020/12/23;2300 UTC;0.0;951.1;951.1;950.5;;23.2;19.7;23.9;23.2;19.8;19.6;81.0;77.0;81.0;194.0;11.0;5.1
2020/12/24;0000 UTC;0.0;951.4;951.4;951.1;;22.8;20.1;23.2;22.7;20.1;19.7;85.0;81.0;85.0;177.0;11.3;5.7
2020/12/24;0100 UTC;0.0;951.5;951.5;951.3;;22.4;20.2;22.8;22.2;20.4;20.0;89.0;85.0;87.0;191.0;11.3;5.5
2020/12/24;0200 UTC;0.0;950.7;951.5;950.7;;22.3;20.4;22.5;22.2;20.4;20.1;89.0;87.0;89.0;184.0;9.0;4.8
2020/12/24;0300 UTC;0.0;950.3;950.7;950.3;;21.8;20.4;22.3;21.7;20.5;20.2;92.0;89.0;92.0;187.0;9.1;3.9
2020/12/24;0400 UTC;0.0;950.1;950.3;950.1;;21.7;20.4;22.0;21.7;20.6;20.4;92.0;92.0;92.0;194.0;7.8;4.4
2020/12/24;0500 UTC;0.0;949.8;950.1;949.8;;21.6;20.4;21.7;21.6;20.5;20.3;93.0;92.0;93.0;188.0;8.3;4.3
2020/12/24;0600 UTC;0.0;949.8;949.9;949.8;;21.6;20.4;21.7;21.5;20.5;20.3;93.0;93.0;93.0;182.0;7.1;3.5
2020/12/24;0700 UTC;0.0;949.8;949.9;949.6;;21.4;20.3;21.6;21.4;20.5;20.3;94.0;93.0;94.0;191.0;7.1;2.8
2020/12/24;0800 UTC;0.0;950.3;950.3;949.8;;21.4;20.4;21.5;21.3;20.5;20.3;94.0;93.0;94.0;185.0;5.7;2.9
2020/12/24;0900 UTC;0.0;951.0;951.0;950.3;74.9;20.8;19.9;21.6;20.8;20.7;19.8;95.0;93.0;94.0;356.0;8.3;3.0
2020/12/24;1000 UTC;0.4;951.2;951.3;951.0;276.5;21.1;20.4;21.1;20.4;20.4;19.7;96.0;94.0;96.0;350.0;8.5;3.7
2020/12/24;1100 UTC;0.0;951.6;951.6;951.2;1367.2;23.1;21.8;23.7;21.0;22.5;20.3;96.0;92.0;92.0;153.0;8.2;3.6
2020/12/24;1200 UTC;0.0;951.8;951.8;951.5;1905.1;25.0;21.1;25.1;23.1;22.2;20.8;93.0;78.0;79.0;115.0;8.2;4.0
2020/12/24;1300 UTC;0.0;951.4;951.8;951.4;2174.5;26.0;19.7;26.2;24.7;21.5;19.6;79.0;68.0;69.0;182.0;7.7;4.1
2020/12/24;1400 UTC;0.0;950.8;951.5;950.8;3084.3;28.5;18.8;29.7;25.8;20.3;18.7;70.0;54.0;56.0;187.0;7.9;4.2
2020/12/24;1500 UTC;0.0;950.2;950.8;950.2;2000.4;28.4;19.0;28.7;27.5;19.3;18.5;59.0;55.0;57.0;174.0;7.9;2.5
2020/12/24;1600 UTC;0.0;949.4;950.2;949.4;1699.3;28.5;18.5;30.0;27.7;19.4;17.7;57.0;51.0;55.0;183.0;7.0;3.5
2020/12/24;1700 UTC;0.0;948.5;949.4;948.5;2952.6;30.7;18.2;30.7;28.5;19.1;17.9;55.0;48.0;48.0;270.0;8.2;3.7
2020/12/24;1800 UTC;0.0;948.3;948.5;948.2;1421.3;29.4;18.1;30.7;28.8;18.5;17.1;52.0;47.0;51.0;223.0;8.9;4.0
2020/12/24;1900 UTC;0.0;948.4;948.4;948.0;712.1;27.6;18.0;29.3;27.6;18.5;17.8;56.0;51.0;56.0;162.0;10.0;4.6
2020/12/24;2000 UTC;0.0;948.7;948.7;948.4;472.7;26.6;18.8;27.9;26.6;18.8;18.1;62.0;56.0;62.0;175.0;8.9;4.5
2020/12/24;2100 UTC;0.0;949.3;949.3;948.7;20.7;25.3;19.7;26.6;25.3;19.7;18.9;71.0;62.0;71.0;180.0;9.3;4.9
2020/12/24;2200 UTC;0.0;949.7;949.7;949.3;;24.3;19.9;25.3;24.3;19.9;19.7;76.0;71.0;76.0;170.0;10.7;4.5
2020/12/24;2300 UTC;0.0;950.4;950.4;949.7;;23.3;20.5;24.3;23.3;20.5;19.9;84.0;76.0;84.0;117.0;9.3;4.0
2020/12/25;0000 UTC;0.0;950.9;951.0;950.4;;22.6;20.7;23.3;22.6;20.8;20.5;89.0;84.0;89.0;185.0;10.2;4.6
2020/12/25;0100 UTC;0.0;951.0;951.1;950.9;;22.5;21.0;22.7;22.5;21.2;20.7;91.0;89.0;91.0;175.0;9.5;4.3
2020/12/25;0200 UTC;0.0;950.5;951.0;950.4;;22.2;21.0;22.5;22.2;21.1;20.9;93.0;91.0;93.0;175.0;8.7;4.7
2020/12/25;0300 UTC;0.0;949.9;950.5;949.9;;22.1;21.0;22.2;22.0;21.1;20.9;94.0;92.0;94.0;205.0;9.3;4.0
2020/12/25;0400 UTC;0.0;949.9;949.9;949.7;;21.8;20.8;22.1;21.8;21.0;20.8;94.0;94.0;94.0;171.0;8.7;4.0
2020/12/25;0500 UTC;0.0;949.6;949.9;949.6;;21.8;20.9;21.9;21.7;20.9;20.8;95.0;94.0;95.0;194.0;6.9;3.7
2020/12/25;0600 UTC;0.0;949.4;949.7;949.3;;21.7;20.8;21.8;21.7;21.0;20.8;95.0;94.0;95.0;192.0;7.3;3.7
2020/12/25;0700 UTC;0.0;949.8;949.8;949.3;;21.7;20.8;21.8;21.6;20.9;20.7;95.0;94.0;95.0;204.0;8.2;3.6
2020/12/25;0800 UTC;0.0;950.3;950.3;949.8;;21.5;20.7;21.7;21.5;20.9;20.6;95.0;94.0;95.0;159.0;8.8;3.4
2020/12/25;0900 UTC;0.0;950.8;950.8;950.3;85.7;21.7;20.9;21.7;21.4;20.9;20.6;95.0;95.0;95.0;172.0;8.9;3.8
2020/12/25;1000 UTC;0.0;951.3;951.3;950.8;393.1;22.4;20.9;22.4;21.7;21.1;20.8;95.0;91.0;91.0;176.0;8.2;4.3
2020/12/25;1100 UTC;0.0;951.3;951.4;951.2;813.1;23.3;20.4;23.3;22.3;20.9;20.1;91.0;84.0;84.0;186.0;10.2;5.6
2020/12/25;1200 UTC;0.0;951.2;951.4;951.2;1486.1;24.7;19.3;25.1;23.3;20.5;19.2;84.0;71.0;72.0;118.0;10.2;4.9
2020/12/25;1300 UTC;0.0;951.2;951.4;951.1;1706.0;26.3;18.3;26.3;24.6;19.6;18.0;72.0;62.0;62.0;181.0;9.6;4.6
2020/12/25;1400 UTC;0.0;950.3;951.2;950.3;3515.1;27.7;18.0;28.9;26.1;19.0;17.4;62.0;53.0;56.0;182.0;10.4;5.4
2020/12/25;1500 UTC;0.0;949.9;950.3;949.9;1858.3;27.7;17.7;28.3;26.5;19.0;17.1;61.0;54.0;54.0;192.0;9.5;4.9
2020/12/25;1600 UTC;0.0;948.8;950.0;948.8;3237.7;29.4;16.5;30.4;27.7;18.6;16.2;55.0;44.0;46.0;181.0;11.2;5.1
2020/12/25;1700 UTC;0.0;948.0;948.8;948.0;2347.8;29.0;15.4;30.3;28.3;16.5;14.5;46.0;41.0;44.0;194.0;10.3;5.4
2020/12/25;1800 UTC;0.0;947.8;948.0;947.8;1920.7;28.3;17.5;30.3;27.7;17.5;14.9;53.0;40.0;52.0;174.0;10.0;5.5
2020/12/25;1900 UTC;0.0;947.9;948.0;947.7;870.4;26.2;18.2;28.4;26.1;18.6;17.0;61.0;51.0;61.0;193.0;10.8;6.0
2020/12/25;2000 UTC;0.0;948.3;948.3;947.9;371.6;25.6;16.8;26.5;25.6;18.3;16.8;62.0;58.0;58.0;192.0;11.0;5.8
2020/12/25;2100 UTC;0.0;948.9;948.9;948.3;21.9;24.5;15.0;25.6;24.5;16.8;15.0;60.0;55.0;55.0;193.0;10.2;4.1
2020/12/25;2200 UTC;0.0;949.2;949.2;948.9;;23.5;14.9;24.5;23.5;14.9;14.0;59.0;53.0;59.0;179.0;7.5;3.4
2020/12/25;2300 UTC;0.0;949.8;949.8;949.2;;22.5;16.5;23.5;22.5;16.5;15.0;69.0;59.0;69.0;197.0;7.4;3.7
2020/12/26;0000 UTC;0.0;950.1;950.1;949.8;;22.0;17.9;22.5;22.0;17.9;16.5;78.0;69.0;78.0;188.0;6.9;3.5
2020/12/26;0100 UTC;0.0;950.0;950.2;949.9;;21.6;19.2;22.0;21.6;19.3;18.1;86.0;78.0;86.0;209.0;7.1;4.4
2020/12/26;0200 UTC;0.0;949.9;950.1;949.9;;21.8;19.8;21.8;21.6;19.8;19.3;89.0;86.0;89.0;192.0;7.1;3.8
2020/12/26;0300 UTC;0.0;949.5;949.9;949.5;;21.5;19.9;21.8;21.5;19.9;19.7;91.0;89.0;91.0;200.0;7.3;3.7
2020/12/26;0400 UTC;0.0;949.1;949.6;949.1;;21.2;20.0;21.5;21.2;20.0;19.9;93.0;91.0;93.0;195.0;6.4;3.2
2020/12/26;0500 UTC;0.0;949.1;949.2;949.0;;21.1;20.2;21.2;21.1;20.2;20.0;94.0;93.0;94.0;192.0;5.7;2.9
2020/12/26;0600 UTC;0.0;948.9;949.1;948.9;;20.9;20.1;21.2;20.9;20.2;20.1;95.0;94.0;95.0;208.0;5.6;3.6
2020/12/26;0700 UTC;0.0;948.9;949.0;948.8;;21.0;20.1;21.1;20.9;20.2;20.1;95.0;95.0;95.0;187.0;5.6;2.8
2020/12/26;0800 UTC;0.0;949.8;949.8;948.9;;20.6;19.9;21.0;20.6;20.1;19.9;95.0;95.0;95.0;186.0;5.7;2.5
2020/12/26;0900 UTC;0.0;950.6;950.6;949.8;199.3;21.5;20.6;21.5;20.6;20.6;19.9;96.0;94.0;94.0;170.0;5.4;3.0
2020/12/26;1000 UTC;0.0;951.0;951.0;950.6;606.4;22.4;20.6;22.4;21.5;20.8;20.3;94.0;89.0;89.0;190.0;8.2;4.9
2020/12/26;1100 UTC;0.0;951.6;951.7;951.0;1272.5;24.5;20.3;24.5;22.4;20.6;19.7;89.0;78.0;78.0;182.0;10.2;5.6
2020/12/26;1200 UTC;0.0;951.6;951.7;951.4;1445.1;25.1;18.6;25.3;24.1;20.3;18.6;78.0;67.0;67.0;187.0;10.0;4.5
2020/12/26;1300 UTC;0.0;951.2;951.6;951.1;3374.5;27.7;15.8;28.7;25.1;19.4;14.5;69.0;44.0;48.0;191.0;11.2;6.3
2020/12/26;1400 UTC;0.0;950.6;951.2;950.6;3361.1;29.5;15.3;29.6;26.7;17.2;14.5;54.0;41.0;42.0;184.0;12.6;5.6
2020/12/26;1500 UTC;0.0;950.1;950.6;950.1;2843.5;28.3;14.1;29.6;27.7;16.6;14.1;50.0;42.0;42.0;184.0;13.3;6.6
2020/12/26;1600 UTC;0.0;949.3;950.1;949.3;2794.3;28.9;16.1;29.2;27.2;17.4;14.2;54.0;41.0;46.0;135.0;13.8;5.8
2020/12/26;1700 UTC;0.0;948.6;949.3;948.6;2038.2;28.1;14.0;30.2;28.1;16.4;12.4;46.0;35.0;42.0;189.0;11.5;6.3
2020/12/26;1800 UTC;0.0;948.5;948.7;948.4;2026.5;28.5;15.1;28.8;27.8;15.6;12.8;46.0;38.0;44.0;186.0;12.2;4.9
2020/12/26;1900 UTC;0.0;948.9;948.9;948.4;1621.4;26.7;16.0;28.6;26.7;16.7;14.6;52.0;44.0;52.0;184.0;11.0;6.0
2020/12/26;2000 UTC;0.0;949.5;949.6;948.8;580.3;25.5;17.4;27.2;25.5;17.4;15.7;61.0;51.0;61.0;189.0;12.0;6.7
2020/12/26;2100 UTC;0.0;950.1;950.1;949.5;34.2;24.3;16.7;25.5;24.3;17.4;16.6;63.0;61.0;62.0;181.0;11.1;4.4
2020/12/26;2200 UTC;0.0;950.4;950.5;950.1;;23.6;17.5;24.3;23.6;17.5;16.7;69.0;62.0;69.0;198.0;8.7;4.2
2020/12/26;2300 UTC;0.0;951.0;951.0;950.4;;22.7;18.3;23.6;22.7;18.4;17.5;76.0;69.0;76.0;189.0;9.0;4.5
2020/12/27;0000 UTC;0.0;951.1;951.1;951.0;;22.1;19.3;22.7;22.1;19.3;18.3;84.0;76.0;84.0;191.0;9.9;4.6
2020/12/27;0100 UTC;0.0;951.0;951.1;951.0;;21.7;19.6;22.2;21.7;19.7;19.3;88.0;84.0;88.0;190.0;7.5;4.3
2020/12/27;0200 UTC;0.0;950.8;951.0;950.8;;21.6;20.0;21.7;21.6;20.0;19.7;91.0;88.0;91.0;194.0;7.7;4.6
2020/12/27;0300 UTC;0.0;950.4;950.8;950.4;;21.4;20.2;21.6;21.4;20.3;20.0;93.0;91.0;93.0;192.0;7.7;3.9
2020/12/27;0400 UTC;0.0;950.0;950.4;950.0;;21.6;20.5;21.7;21.4;20.6;20.2;93.0;93.0;93.0;194.0;7.7;4.5
2020/12/27;0500 UTC;0.0;949.8;950.1;949.8;;21.5;20.5;21.7;21.4;20.6;20.4;95.0;93.0;95.0;186.0;8.1;4.3
2020/12/27;0600 UTC;0.0;950.0;950.0;949.7;;21.1;20.4;21.5;21.1;20.6;20.3;95.0;94.0;95.0;196.0;8.7;4.9
2020/12/27;0700 UTC;0.0;950.3;950.3;950.0;;21.0;20.4;21.2;21.0;20.5;20.3;96.0;95.0;96.0;195.0;8.1;4.2
2020/12/27;0800 UTC;0.0;950.9;950.9;950.3;;21.3;20.8;21.3;21.0;20.8;20.4;97.0;96.0;97.0;190.0;8.8;4.2
2020/12/27;0900 UTC;0.2;951.7;951.7;950.9;86.4;21.3;20.8;21.4;21.0;20.9;20.5;97.0;97.0;97.0;170.0;9.2;4.4
2020/12/27;1000 UTC;0.2;952.2;952.2;951.6;368.2;22.0;21.3;22.0;21.2;21.3;20.8;97.0;96.0;96.0;186.0;10.2;4.4
2020/12/27;1100 UTC;0.0;952.7;952.7;952.2;1384.6;24.3;20.1;24.3;21.8;22.0;20.1;96.0;77.0;77.0;177.0;10.6;5.6
2020/12/27;1200 UTC;0.0;952.9;953.0;952.6;1960.7;25.7;18.5;25.7;24.2;20.1;17.8;77.0;64.0;64.0;175.0;10.7;5.2
2020/12/27;1300 UTC;0.0;952.6;953.0;952.5;3050.9;26.6;18.5;27.5;25.5;18.5;16.8;64.0;54.0;61.0;180.0;11.1;5.9
2020/12/27;1400 UTC;0.0;952.1;952.6;952.0;2565.1;27.4;18.4;28.1;26.0;19.9;18.2;66.0;56.0;58.0;184.0;11.8;5.5
2020/12/27;1500 UTC;0.0;951.8;952.1;951.6;3385.0;27.6;19.4;28.8;27.2;20.1;18.3;62.0;55.0;61.0;189.0;11.6;6.3
2020/12/27;1600 UTC;0.0;951.4;951.9;951.4;2709.5;27.5;19.1;28.3;26.3;19.9;18.1;64.0;57.0;60.0;183.0;11.5;5.3
2020/12/27;1700 UTC;0.0;950.3;951.5;950.3;2381.8;27.6;17.9;28.7;26.9;19.4;17.9;60.0;55.0;55.0;192.0;10.7;5.7
2020/12/27;1800 UTC;0.0;949.9;950.3;949.8;1890.3;28.3;17.4;29.5;27.2;18.9;17.1;56.0;49.0;52.0;196.0;11.8;6.1
2020/12/27;1900 UTC;0.0;949.9;949.9;949.7;1641.5;27.7;18.2;29.0;27.6;18.4;17.5;56.0;51.0;56.0;196.0;12.8;6.1
2020/12/27;2000 UTC;0.0;950.5;950.5;949.9;628.3;26.5;18.0;27.7;26.5;18.4;17.7;60.0;56.0;60.0;180.0;12.8;5.6
2020/12/27;2100 UTC;0.0;951.4;951.4;950.5;23.2;24.8;18.6;26.5;24.8;18.7;17.9;69.0;60.0;69.0;191.0;10.8;4.8
2020/12/27;2200 UTC;0.0;952.1;952.1;951.4;;23.8;18.8;24.8;23.8;18.8;18.5;74.0;69.0;74.0;193.0;10.4;5.4
2020/12/27;2300 UTC;0.0;952.9;952.9;952.1;;23.1;19.4;23.8;23.1;19.4;18.8;80.0;74.0;80.0;201.0;9.5;4.4
2020/12/28;0000 UTC;0.0;953.0;953.1;952.8;;22.7;19.6;23.1;22.6;19.7;19.4;83.0;80.0;83.0;187.0;7.5;3.3
2020/12/28;0100 UTC;0.0;952.9;953.1;952.9;;22.3;19.6;22.7;22.3;19.7;19.5;85.0;83.0;85.0;191.0;6.2;2.6
2020/12/28;0200 UTC;0.0;952.2;952.9;952.2;;22.2;20.0;22.3;22.1;20.1;19.6;88.0;85.0;88.0;180.0;6.6;3.2
2020/12/28;0300 UTC;0.0;951.6;952.2;951.6;;21.9;20.3;22.1;21.8;20.3;19.9;91.0;88.0;90.0;193.0;7.0;3.6
2020/12/28;0400 UTC;0.0;951.2;951.6;951.1;;21.8;19.8;21.9;21.8;20.3;19.8;90.0;88.0;89.0;193.0;8.2;3.8
2020/12/28;0500 UTC;0.0;950.9;951.2;950.9;;21.5;19.6;21.8;21.5;19.8;19.6;89.0;88.0;89.0;193.0;8.4;4.5
2020/12/28;0600 UTC;0.0;950.6;950.9;950.5;;21.2;19.7;21.5;21.2;19.8;19.6;91.0;89.0;91.0;181.0;8.4;3.9
2020/12/28;0700 UTC;0.0;951.0;951.0;950.6;;21.0;19.4;21.2;21.0;19.6;19.4;91.0;91.0;91.0;191.0;8.2;3.5
2020/12/28;0800 UTC;0.0;951.3;951.3;951.0;;21.1;19.4;21.1;21.0;19.5;19.4;91.0;90.0;90.0;188.0;6.8;3.2
2020/12/28;0900 UTC;0.0;951.8;951.8;951.2;166.4;21.4;19.7;21.4;21.0;19.7;19.4;91.0;90.0;90.0;188.0;6.1;3.5
2020/12/28;1000 UTC;0.0;952.4;952.4;951.8;531.2;22.4;19.9;22.6;21.4;20.2;19.7;90.0;85.0;85.0;191.0;9.5;4.8
2020/12/28;1100 UTC;0.0;952.7;952.8;952.3;1237.6;24.7;19.5;24.8;22.4;20.4;19.3;85.0;73.0;73.0;180.0;10.2;4.9
2020/12/28;1200 UTC;0.0;952.5;952.8;952.5;1971.9;26.0;18.3;26.8;24.3;19.4;17.9;73.0;60.0;63.0;181.0;11.2;5.2
2020/12/28;1300 UTC;0.0;952.3;952.5;952.2;2778.2;27.7;18.7;27.8;25.7;18.9;17.6;64.0;58.0;58.0;176.0;11.4;4.3
2020/12/28;1400 UTC;0.0;951.6;952.3;951.6;1862.4;27.4;17.8;28.7;26.3;19.4;17.8;63.0;54.0;56.0;176.0;12.2;4.7
2020/12/28;1500 UTC;0.0;950.9;951.7;950.8;2881.8;29.3;15.7;29.7;27.3;18.4;15.4;57.0;43.0;44.0;169.0;11.6;5.0
2020/12/28;1600 UTC;0.0;949.9;950.9;949.9;3212.6;29.8;14.7;30.9;29.0;16.0;14.4;44.0;39.0;40.0;180.0;10.4;5.4
2020/12/28;1700 UTC;0.0;949.2;949.9;949.1;3012.8;30.3;14.7;31.7;29.8;15.3;13.8;40.0;36.0;39.0;183.0;10.1;4.9
2020/12/28;1800 UTC;0.0;949.2;949.3;949.1;1821.1;29.3;16.3;30.9;28.7;16.7;14.6;47.0;39.0;45.0;176.0;11.0;4.5
2020/12/28;1900 UTC;0.0;949.5;949.5;949.1;1175.4;28.4;15.8;30.0;28.2;16.4;15.3;46.0;43.0;46.0;175.0;10.2;5.5
2020/12/28;2000 UTC;0.0;950.3;950.4;949.5;478.6;26.6;16.9;28.5;26.6;17.0;15.7;55.0;46.0;55.0;184.0;12.0;6.0
2020/12/28;2100 UTC;0.0;950.9;950.9;950.3;30.3;25.3;17.7;26.7;25.3;17.7;16.9;63.0;55.0;63.0;174.0;10.4;3.9
2020/12/28;2200 UTC;0.0;951.7;951.7;950.9;;24.1;17.8;25.3;24.1;18.1;17.8;68.0;63.0;68.0;174.0;9.6;4.3
2020/12/28;2300 UTC;0.0;952.6;952.6;951.7;;23.2;17.6;24.1;23.2;17.8;17.2;71.0;66.0;71.0;184.0;8.1;3.3
2020/12/29;0000 UTC;0.0;953.0;953.0;952.6;;22.4;17.5;23.2;22.4;17.8;17.5;74.0;71.0;73.0;174.0;8.3;3.7
2020/12/29;0100 UTC;0.0;952.9;953.2;952.9;;21.8;17.4;22.4;21.8;17.5;17.4;76.0;73.0;76.0;174.0;7.1;2.1
2020/12/29;0200 UTC;0.0;952.3;952.9;952.3;;21.3;17.5;21.8;21.3;17.5;17.3;79.0;76.0;79.0;172.0;4.7;2.1
2020/12/29;0300 UTC;0.0;951.5;952.3;951.5;;20.9;18.2;21.3;20.9;18.2;17.5;85.0;79.0;85.0;172.0;6.7;2.5
2020/12/29;0400 UTC;0.0;950.8;951.5;950.8;;20.8;18.5;21.0;20.8;18.5;18.2;87.0;85.0;87.0;180.0;5.7;2.3
2020/12/29;0500 UTC;0.0;950.2;950.9;950.2;;20.3;18.3;20.8;20.3;18.5;18.3;88.0;87.0;88.0;177.0;4.8;1.9
2020/12/29;0600 UTC;0.0;949.9;950.2;949.9;;20.5;18.5;20.6;20.2;18.6;18.3;89.0;88.0;89.0;179.0;3.7;1.7
2020/12/29;0700 UTC;0.0;950.1;950.1;949.8;;20.8;18.6;20.8;20.5;18.7;18.5;89.0;87.0;87.0;173.0;5.0;1.8
2020/12/29;0800 UTC;0.0;950.4;950.4;950.1;;20.4;18.4;20.8;20.4;18.7;18.4;88.0;87.0;88.0;175.0;5.1;2.0
2020/12/29;0900 UTC;0.0;950.7;950.7;950.3;323.0;21.3;18.9;21.4;20.3;19.1;18.3;89.0;86.0;86.0;174.0;5.2;2.7
2020/12/29;1000 UTC;0.0;951.3;951.3;950.7;1063.2;22.9;18.2;23.1;21.3;19.5;18.1;86.0;75.0;75.0;179.0;6.6;3.3
2020/12/29;1100 UTC;0.0;951.5;951.6;951.3;1757.1;24.1;18.1;24.2;22.6;18.6;17.3;75.0;68.0;69.0;179.0;7.6;3.2
2020/12/29;1200 UTC;0.0;951.4;951.6;951.4;1488.2;25.2;17.8;25.4;23.5;18.4;17.2;70.0;63.0;64.0;176.0;7.1;2.6
2020/12/29;1300 UTC;0.0;950.9;951.4;950.9;2571.5;27.7;17.0;27.8;25.2;18.4;15.7;64.0;51.0;52.0;178.0;7.9;3.0
2020/12/29;1400 UTC;0.0;950.3;950.9;950.3;2794.2;28.5;16.0;29.3;26.7;16.8;15.2;52.0;44.0;47.0;171.0;8.5;3.2
2020/12/29;1500 UTC;0.0;949.7;950.3;949.6;3775.3;29.8;15.0;30.8;28.4;16.5;14.9;46.0;40.0;41.0;175.0;7.7;3.5
2020/12/29;1600 UTC;0.0;948.9;949.7;948.9;2601.3;30.4;15.4;30.4;28.8;15.8;14.6;44.0;39.0;40.0;173.0;8.6;3.7
2020/12/29;1700 UTC;0.0;948.1;948.9;948.1;2472.8;30.1;14.6;31.5;29.2;15.4;14.2;42.0;36.0;39.0;184.0;9.7;3.8
2020/12/29;1800 UTC;0.0;947.7;948.1;947.7;2349.4;31.0;14.4;31.4;29.6;15.3;14.1;40.0;36.0;37.0;173.0;7.4;2.4
2020/12/29;1900 UTC;0.0;948.0;948.0;947.6;1219.1;30.4;15.0;31.6;29.5;15.2;14.4;41.0;36.0;39.0;177.0;9.2;4.3
2020/12/29;2000 UTC;0.0;948.5;948.5;948.0;443.1;27.9;16.6;30.3;27.9;16.6;14.9;50.0;39.0;50.0;195.0;8.3;4.7
2020/12/29;2100 UTC;0.0;949.4;949.4;948.5;17.0;25.7;18.8;27.9;25.7;18.8;16.7;66.0;50.0;66.0;179.0;10.5;4.9
2020/12/29;2200 UTC;0.0;950.1;950.1;949.3;;24.4;18.7;25.7;24.3;18.9;18.6;71.0;66.0;71.0;192.0;9.3;4.8
2020/12/29;2300 UTC;0.0;950.6;950.6;950.0;;23.4;18.5;24.4;23.4;18.8;18.5;74.0;71.0;74.0;177.0;10.2;4.4
2020/12/30;0000 UTC;0.0;951.0;951.0;950.6;;22.6;18.0;23.4;22.6;18.5;18.0;75.0;74.0;75.0;154.0;7.7;4.1
2020/12/30;0100 UTC;0.0;950.9;951.1;950.9;;22.0;18.3;22.6;22.0;18.3;18.0;80.0;75.0;80.0;192.0;6.9;3.8
2020/12/30;0200 UTC;0.0;950.5;950.9;950.5;;21.6;18.0;22.0;21.6;18.3;18.0;80.0;80.0;80.0;193.0;7.3;3.2
2020/12/30;0300 UTC;0.0;949.8;950.6;949.8;;21.1;18.1;21.6;21.1;18.1;17.9;83.0;80.0;83.0;202.0;8.5;4.5
2020/12/30;0400 UTC;0.0;949.3;949.8;949.2;;20.8;18.6;21.1;20.8;18.6;18.1;87.0;83.0;87.0;205.0;8.5;4.4
2020/12/30;0500 UTC;0.0;949.3;949.4;949.2;;20.8;18.8;20.9;20.8;18.9;18.6;89.0;87.0;89.0;176.0;6.9;3.0
2020/12/30;0600 UTC;0.0;949.3;949.3;949.2;;20.9;19.0;20.9;20.8;19.0;18.8;89.0;89.0;89.0;175.0;4.7;2.5
2020/12/30;0700 UTC;0.0;949.4;949.4;949.2;;20.8;18.9;20.9;20.7;18.9;18.9;89.0;89.0;89.0;173.0;5.9;2.5
2020/12/30;0800 UTC;0.0;949.8;949.8;949.4;;20.7;18.9;20.9;20.7;19.0;18.8;89.0;89.0;89.0;171.0;4.8;1.7
2020/12/30;0900 UTC;0.0;950.4;950.5;949.8;213.1;21.6;19.5;21.7;20.7;19.7;18.9;89.0;88.0;88.0;170.0;4.6;2.6
2020/12/30;1000 UTC;0.0;950.8;950.8;950.4;916.6;22.9;19.6;23.0;21.6;20.0;19.2;88.0;82.0;82.0;180.0;7.2;3.3
2020/12/30;1100 UTC;0.0;951.4;951.4;950.8;851.2;23.2;19.2;23.5;22.8;19.9;19.1;82.0;78.0;78.0;180.0;7.4;3.3
2020/12/30;1200 UTC;0.0;951.4;951.6;951.4;961.5;24.5;19.6;24.6;23.2;19.7;19.0;78.0;73.0;74.0;190.0;6.4;2.7
2020/12/30;1300 UTC;0.0;951.2;951.5;951.2;1315.4;25.3;19.1;25.8;24.2;20.0;18.9;74.0;68.0;68.0;181.0;6.7;3.5
2020/12/30;1400 UTC;0.0;951.0;951.3;951.0;1847.1;26.2;19.1;26.7;25.3;19.6;18.7;68.0;63.0;65.0;194.0;7.9;4.0
2020/12/30;1500 UTC;0.0;950.4;951.0;950.4;2329.6;27.0;19.5;27.3;26.1;20.1;19.1;67.0;63.0;64.0;181.0;7.4;3.8
2020/12/30;1600 UTC;0.0;949.8;950.4;949.8;2626.0;26.9;19.8;28.5;26.4;20.6;19.3;67.0;61.0;65.0;189.0;8.3;4.3
2020/12/30;1700 UTC;0.0;949.1;949.8;949.1;2771.1;27.9;19.2;28.7;26.7;20.9;18.9;66.0;58.0;59.0;180.0;7.4;4.4
2020/12/30;1800 UTC;0.0;949.0;949.1;948.9;2098.0;28.7;20.1;29.0;27.5;20.1;19.1;61.0;57.0;60.0;185.0;8.5;4.4
2020/12/30;1900 UTC;0.0;949.3;949.4;949.0;1594.1;27.6;19.2;29.5;27.3;20.3;19.0;62.0;56.0;60.0;187.0;8.5;4.7
2020/12/30;2000 UTC;0.0;949.8;949.8;949.3;633.6;26.9;19.0;27.9;26.9;19.5;18.9;62.0;60.0;62.0;195.0;8.1;4.8
2020/12/30;2100 UTC;0.0;950.1;950.1;949.7;20.3;26.0;19.0;26.9;26.0;19.1;18.7;65.0;62.0;65.0;195.0;8.2;4.4
2020/12/30;2200 UTC;0.0;950.6;950.6;950.1;;25.2;19.6;26.0;25.2;19.6;18.9;71.0;65.0;71.0;191.0;8.4;4.1
2020/12/30;2300 UTC;0.0;951.4;951.4;950.6;;24.1;20.1;25.2;24.1;20.1;19.6;78.0;71.0;78.0;176.0;10.0;4.7
2020/12/31;0000 UTC;0.0;952.0;952.0;951.4;;23.1;20.3;24.2;23.1;20.4;20.0;84.0;78.0;84.0;186.0;9.9;5.5
2020/12/31;0100 UTC;0.0;952.3;952.3;952.0;;22.6;20.4;23.1;22.6;20.4;20.3;87.0;84.0;87.0;188.0;9.9;4.5
2020/12/31;0200 UTC;0.0;952.0;952.4;952.0;;22.7;20.0;22.8;22.5;20.4;19.9;87.0;84.0;85.0;182.0;7.4;2.5
2020/12/31;0300 UTC;0.0;951.3;952.0;951.3;;22.2;20.1;22.7;22.2;20.2;19.9;88.0;85.0;88.0;191.0;5.4;3.0
2020/12/31;0400 UTC;0.0;950.9;951.3;950.9;;22.2;20.3;22.3;22.1;20.4;20.1;90.0;88.0;89.0;175.0;7.0;3.2
2020/12/31;0500 UTC;0.0;950.6;950.9;950.6;;21.5;20.1;22.3;21.5;20.4;19.9;91.0;88.0;91.0;174.0;7.0;1.9
2020/12/31;0600 UTC;0.0;950.6;950.7;950.6;;21.2;20.4;21.6;21.1;20.4;20.1;95.0;91.0;95.0;173.0;6.4;2.1
2020/12/31;0700 UTC;0.2;951.1;951.1;950.6;;21.3;20.7;21.4;21.2;20.7;20.4;96.0;95.0;96.0;175.0;6.4;1.2
2020/12/31;0800 UTC;0.4;951.4;951.4;951.1;;21.2;20.7;21.4;21.2;20.8;20.6;97.0;96.0;97.0;176.0;4.6;2.4
2020/12/31;0900 UTC;0.0;952.0;952.0;951.4;114.3;21.3;20.9;21.3;21.0;20.9;20.6;98.0;97.0;98.0;176.0;5.7;2.2
2020/12/31;1000 UTC;0.0;952.4;952.4;952.0;452.7;22.2;21.4;22.3;21.2;21.7;20.8;98.0;96.0;96.0;178.0;5.5;2.5
2020/12/31;1100 UTC;0.0;952.8;952.8;952.4;334.0;22.3;21.2;22.4;21.9;21.7;21.0;96.0;94.0;94.0;186.0;5.1;2.8
2020/12/31;1200 UTC;0.2;952.9;953.0;952.8;1209.0;23.0;22.0;23.3;22.2;22.4;21.2;95.0;93.0;94.0;182.0;5.0;2.1
2020/12/31;1300 UTC;0.2;952.8;952.9;952.8;1917.7;24.4;22.5;25.8;23.1;24.5;21.3;94.0;85.0;90.0;176.0;6.2;2.3
2020/12/31;1400 UTC;0.0;952.2;952.8;952.2;2299.9;25.7;22.3;25.8;24.2;23.4;21.6;90.0;81.0;82.0;176.0;6.7;3.4
2020/12/31;1500 UTC;0.0;951.6;952.2;951.6;3309.1;28.3;21.8;28.4;25.5;22.7;21.3;82.0;68.0;68.0;185.0;7.0;3.7
2020/12/31;1600 UTC;0.0;950.7;951.6;950.7;3182.9;28.4;21.0;29.5;27.8;22.4;20.7;68.0;63.0;64.0;176.0;8.2;3.5
2020/12/31;1700 UTC;0.0;950.0;950.7;950.0;2080.3;29.1;20.6;30.3;28.0;21.8;20.6;66.0;59.0;60.0;180.0;7.8;3.7
2020/12/31;1800 UTC;0.0;949.8;950.1;949.8;1883.4;30.2;21.4;30.2;28.3;21.6;20.5;64.0;58.0;59.0;175.0;8.0;3.7
2020/12/31;1900 UTC;0.0;950.2;950.2;949.8;1358.3;27.8;20.6;30.7;27.8;21.6;20.3;65.0;57.0;65.0;181.0;9.9;5.2
2020/12/31;2000 UTC;0.0;950.8;950.8;950.2;284.7;26.3;20.6;27.8;26.3;20.8;20.4;71.0;65.0;71.0;191.0;9.8;5.8
2020/12/31;2100 UTC;0.0;951.4;951.4;950.7;19.1;25.0;20.4;26.3;25.0;20.8;20.4;76.0;71.0;76.0;196.0;9.6;5.6
2020/12/31;2200 UTC;0.0;952.0;952.0;951.4;;24.2;20.8;25.0;24.2;20.9;20.4;81.0;76.0;81.0;170.0;9.4;4.0
2020/12/31;2300 UTC;0.0;952.5;952.5;952.0;;23.3;20.8;24.3;23.3;20.9;20.6;86.0;81.0;86.0;198.0;9.2;4.2
