Data;Hora UTC;PRECIPITAÇÃO TOTAL, HORÁRIO (mm);PRESSAO ATMOSFERICA AO NIVEL DA ESTACAO, HORARIA (mB);PRESSÃO ATMOSFERICA MAX.NA HORA ANT. (AUT) (mB);PRESSÃO ATMOSFERICA MIN. NA HORA ANT. (AUT) (mB);RADIACAO GLOBAL (Kj/m²);TEMPERATURA DO AR - BULBO SECO, HORARIA (°C);TEMPERATURA DO PONTO DE ORVALHO (°C);TEMPERATURA MÁXIMA NA HORA ANT. (AUT) (°C);TEMPERATURA MÍNIMA NA HORA ANT. (AUT) (°C);TEMPERATURA ORVALHO MAX. NA HORA ANT. (AUT) (°C);TEMPERATURA ORVALHO MIN. NA HORA ANT. (AUT) (°C);UMIDADE REL. MAX. NA HORA ANT. (AUT) (%);UMIDADE REL. MIN. NA HORA ANT. (AUT) (%);UMIDADE RELATIVA DO AR, HORARIA (%);VENTO, DIREÇÃO HORARIA (gr) (° (gr));VENTO, RAJADA MAXIMA (m/s);VENTO, VELOCIDADE HORARIA (m/s)
2022/01/01;0000 UTC;;;;;;;;;;;;;;;;;
2022/01/01;0100 UTC;;;;;;;;;;;;;;;;;
2022/01/01;0200 UTC;;;;;;;;;;;;;;;;;
2022/01/01;0300 UTC;;;;;;;;;;;;;;;;;
2022/01/01;0400 UTC;;;;;;;;;;;;;;;;;
2022/01/01;0500 UTC;;;;;;;;;;;;;;;;;
2022/01/01;0600 UTC;;;;;;;;;;;;;;;;;
2022/01/01;0700 UTC;;;;;;;;;;;;;;;;;
2022/01/01;0800 UTC;;;;;;;;;;;;;;;;;
2022/01/01;0900 UTC;;;;;;;;;;;;;;;;;
2022/01/01;1000 UTC;;;;;;;;;;;;;;;;;
2022/01/01;1100 UTC;;;;;;;;;;;;;;;;;
2022/01/01;1200 UTC;;;;;;;;;;;;;;;;;
2022/01/01;1300 UTC;;;;;;;;;;;;;;;;;
2022/01/01;1400 UTC;;;;;;;;;;;;;;;;;
2022/01/01;1500 UTC;;;;;;;;;;;;;;;;;
2022/01/01;1600 UTC;;;;;;;;;;;;;;;;;
2022/01/01;1700 UTC;;;;;;;;;;;;;;;;;
2022/01/01;1800 UTC;;;;;;;;;;;;;;;;;
2022/01/01;1900 UTC;;;;;;;;;;;;;;;;;
2022/01/01;2000 UTC;;;;;;;;;;;;;;;;;
2022/01/01;2100 UTC;;;;;;;;;;;;;;;;;
2022/01/01;2200 UTC;;;;;;;;;;;;;;;;;
2022/01/01;2300 UTC;;;;;;;;;;;;;;;;;
2022/01/02;0000 UTC;;;;;;;;;;;;;;;;;
2022/01/02;0100 UTC;;;;;;;;;;;;;;;;;
2022/01/02;0200 UTC;;;;;;;;;;;;;;;;;
2022/01/02;0300 UTC;;;;;;;;;;;;;;;;;
2022/01/02;0400 UTC;;;;;;;;;;;;;;;;;
2022/01/02;0500 UTC;;;;;;;;;;;;;;;;;
2022/01/02;0600 UTC;;;;;;;;;;;;;;;;;
2022/01/02;0700 UTC;;;;;;;;;;;;;;;;;
2022/01/02;0800 UTC;;;;;;;;;;;;;;;;;
2022/01/02;0900 UTC;;;;;;;;;;;;;;;;;
2022/01/02;1000 UTC;;;;;;;;;;;;;;;;;
2022/01/02;1100 UTC;;;;;;;;;;;;;;;;;
2022/01/02;1200 UTC;;;;;;;;;;;;;;;;;
2022/01/02;1300 UTC;;;;;;;;;;;;;;;;;
2022/01/02;1400 UTC;;;;;;;;;;;;;;;;;
2022/01/02;1500 UTC;;;;;;;;;;;;;;;;;
2022/01/02;1600 UTC;;;;;;;;;;;;;;;;;
2022/01/02;1700 UTC;;;;;;;;;;;;;;;;;
2022/01/02;1800 UTC;;;;;;;;;;;;;;;;;
2022/01/02;1900 UTC;;;;;;;;;;;;;;;;;
2022/01/02;2000 UTC;;;;;;;;;;;;;;;;;
2022/01/02;2100 UTC;;;;;;;;;;;;;;;;;
2022/01/02;2200 UTC;;;;;;;;;;;;;;;;;
2022/01/02;2300 UTC;;;;;;;;;;;;;;;;;
2022/01/03;0000 UTC;;;;;;;;;;;;;;;;;
2022/01/03;0100 UTC;;;;;;;;;;;;;;;;;
2022/01/03;0200 UTC;;;;;;;;;;;;;;;;;
2022/01/03;0300 UTC;;;;;;;;;;;;;;;;;
2022/01/03;0400 UTC;;;;;;;;;;;;;;;;;
2022/01/03;0500 UTC;;;;;;;;;;;;;;;;;
2022/01/03;0600 UTC;;;;;;;;;;;;;;;;;
2022/01/03;0700 UTC;;;;;;;;;;;;;;;;;
2022/01/03;0800 UTC;;;;;;;;;;;;;;;;;
2022/01/03;0900 UTC;;;;;;;;;;;;;;;;;
2022/01/03;1000 UTC;;;;;;;;;;;;;;;;;
2022/01/03;1100 UTC;;;;;;;;;;;;;;;;;
2022/01/03;1200 UTC;;;;;;;;;;;;;;;;;
2022/01/03;1300 UTC;;;;;;;;;;;;;;;;;
2022/01/03;1400 UTC;;;;;;;;;;;;;;;;;
2022/01/03;1500 UTC;;;;;;;;;;;;;;;;;
2022/01/03;1600 UTC;;;;;;;;;;;;;;;;;
2022/01/03;1700 UTC;;;;;;;;;;;;;;;;;
2022/01/03;1800 UTC;;;;;;;;;;;;;;;;;
2022/01/03;1900 UTC;;;;;;;;;;;;;;;;;
2022/01/03;2000 UTC;;;;;;;;;;;;;;;;;
2022/01/03;2100 UTC;;;;;;;;;;;;;;;;;
2022/01/03;2200 UTC;;;;;;;;;;;;;;;;;
2022/01/03;2300 UTC;;;;;;;;;;;;;;;;;
2022/01/04;0000 UTC;;;;;;;;;;;;;;;;;
2022/01/04;0100 UTC;;;;;;;;;;;;;;;;;
2022/01/04;0200 UTC;;;;;;;;;;;;;;;;;
2022/01/04;0300 UTC;;;;;;;;;;;;;;;;;
2022/01/04;0400 UTC;;;;;;;;;;;;;;;;;
2022/01/04;0500 UTC;;;;;;;;;;;;;;;;;
2022/01/04;0600 UTC;;;;;;;;;;;;;;;;;
2022/01/04;0700 UTC;;;;;;;;;;;;;;;;;
2022/01/04;0800 UTC;;;;;;;;;;;;;;;;;
2022/01/04;0900 UTC;;;;;;;;;;;;;;;;;
2022/01/04;1000 UTC;;;;;;;;;;;;;;;;;
2022/01/04;1100 UTC;;;;;;;;;;;;;;;;;
2022/01/04;1200 UTC;;;;;;;;;;;;;;;;;
2022/01/04;1300 UTC;;;;;;;;;;;;;;;;;
2022/01/04;1400 UTC;;;;;;;;;;;;;;;;;
2022/01/04;1500 UTC;;;;;;;;;;;;;;;;;
2022/01/04;1600 UTC;;;;;;;;;;;;;;;;;
2022/01/04;1700 UTC;;;;;;;;;;;;;;;;;
2022/01/04;1800 UTC;;;;;;;;;;;;;;;;;
2022/01/04;1900 UTC;;;;;;;;;;;;;;;;;
2022/01/04;2000 UTC;;;;;;;;;;;;;;;;;
2022/01/04;2100 UTC;;;;;;;;;;;;;;;;;
2022/01/04;2200 UTC;;;;;;;;;;;;;;;;;
2022/01/04;2300 UTC;;;;;;;;;;;;;;;;;
2022/01/05;0000 UTC;;;;;;;;;;;;;;;;;
2022/01/05;0100 UTC;;;;;;;;;;;;;;;;;
2022/01/05;0200 UTC;;;;;;;;;;;;;;;;;
2022/01/05;0300 UTC;;;;;;;;;;;;;;;;;
2022/01/05;0400 UTC;;;;;;;;;;;;;;;;;
2022/01/05;0500 UTC;;;;;;;;;;;;;;;;;
2022/01/05;0600 UTC;;;;;;;;;;;;;;;;;
2022/01/05;0700 UTC;;;;;;;;;;;;;;;;;
2022/01/05;0800 UTC;;;;;;;;;;;;;;;;;
2022/01/05;0900 UTC;;;;;;;;;;;;;;;;;
2022/01/05;1000 UTC;;;;;;;;;;;;;;;;;
2022/01/05;1100 UTC;;;;;;;;;;;;;;;;;
2022/01/05;1200 UTC;;;;;;;;;;;;;;;;;
2022/01/05;1300 UTC;;;;;;;;;;;;;;;;;
2022/01/05;1400 UTC;;;;;;;;;;;;;;;;;
2022/01/05;1500 UTC;;;;;;;;;;;;;;;;;
2022/01/05;1600 UTC;;;;;;;;;;;;;;;;;
2022/01/05;1700 UTC;;;;;;;;;;;;;;;;;
2022/01/05;1800 UTC;;;;;;;;;;;;;;;;;
2022/01/05;1900 UTC;;;;;;;;;;;;;;;;;
2022/01/05;2000 UTC;;;;;;;;;;;;;;;;;
2022/01/05;2100 UTC;;;;;;;;;;;;;;;;;
2022/01/05;2200 UTC;;;;;;;;;;;;;;;;;
2022/01/05;2300 UTC;;;;;;;;;;;;;;;;;
2022/01/06;0000 UTC;;;;;;;;;;;;;;;;;
2022/01/06;0100 UTC;;;;;;;;;;;;;;;;;
2022/01/06;0200 UTC;;;;;;;;;;;;;;;;;
2022/01/06;0300 UTC;;;;;;;;;;;;;;;;;
2022/01/06;0400 UTC;;;;;;;;;;;;;;;;;
2022/01/06;0500 UTC;;;;;;;;;;;;;;;;;
2022/01/06;0600 UTC;;;;;;;;;;;;;;;;;
2022/01/06;0700 UTC;;;;;;;;;;;;;;;;;
2022/01/06;0800 UTC;;;;;;;;;;;;;;;;;
2022/01/06;0900 UTC;;;;;;;;;;;;;;;;;
2022/01/06;1000 UTC;;;;;;;;;;;;;;;;;
2022/01/06;1100 UTC;;;;;;;;;;;;;;;;;
2022/01/06;1200 UTC;;;;;;;;;;;;;;;;;
2022/01/06;1300 UTC;;;;;;;;;;;;;;;;;
2022/01/06;1400 UTC;;;;;;;;;;;;;;;;;
2022/01/06;1500 UTC;;;;;;;;;;;;;;;;;
2022/01/06;1600 UTC;;;;;;;;;;;;;;;;;
2022/01/06;1700 UTC;;;;;;;;;;;;;;;;;
2022/01/06;1800 UTC;;;;;;;;;;;;;;;;;
2022/01/06;1900 UTC;;;;;;;;;;;;;;;;;
2022/01/06;2000 UTC;;;;;;;;;;;;;;;;;
2022/01/06;2100 UTC;;;;;;;;;;;;;;;;;
2022/01/06;2200 UTC;;;;;;;;;;;;;;;;;
2022/01/06;2300 UTC;;;;;;;;;;;;;;;;;
2022/01/07;0000 UTC;;;;;;;;;;;;;;;;;
2022/01/07;0100 UTC;;;;;;;;;;;;;;;;;
2022/01/07;0200 UTC;;;;;;;;;;;;;;;;;
2022/01/07;0300 UTC;;;;;;;;;;;;;;;;;
2022/01/07;0400 UTC;;;;;;;;;;;;;;;;;
2022/01/07;0500 UTC;;;;;;;;;;;;;;;;;
2022/01/07;0600 UTC;;;;;;;;;;;;;;;;;
2022/01/07;0700 UTC;;;;;;;;;;;;;;;;;
2022/01/07;0800 UTC;;;;;;;;;;;;;;;;;
2022/01/07;0900 UTC;;;;;;;;;;;;;;;;;
2022/01/07;1000 UTC;;;;;;;;;;;;;;;;;
2022/01/07;1100 UTC;;;;;;;;;;;;;;;;;
2022/01/07;1200 UTC;;;;;;;;;;;;;;;;;
2022/01/07;1300 UTC;;;;;;;;;;;;;;;;;
2022/01/07;1400 UTC;;;;;;;;;;;;;;;;;
2022/01/07;1500 UTC;;;;;;;;;;;;;;;;;
2022/01/07;1600 UTC;;;;;;;;;;;;;;;;;
2022/01/07;1700 UTC;;;;;;;;;;;;;;;;;
2022/01/07;1800 UTC;;;;;;;;;;;;;;;;;
2022/01/07;1900 UTC;;;;;;;;;;;;;;;;;
2022/01/07;2000 UTC;;;;;;;;;;;;;;;;;
2022/01/07;2100 UTC;;;;;;;;;;;;;;;;;
2022/01/07;2200 UTC;;;;;;;;;;;;;;;;;
2022/01/07;2300 UTC;;;;;;;;;;;;;;;;;
2022/01/08;0000 UTC;;;;;;;;;;;;;;;;;
2022/01/08;0100 UTC;;;;;;;;;;;;;;;;;
2022/01/08;0200 UTC;;;;;;;;;;;;;;;;;
2022/01/08;0300 UTC;;;;;;;;;;;;;;;;;
2022/01/08;0400 UTC;;;;;;;;;;;;;;;;;
2022/01/08;0500 UTC;;;;;;;;;;;;;;;;;
2022/01/08;0600 UTC;;;;;;;;;;;;;;;;;
2022/01/08;0700 UTC;;;;;;;;;;;;;;;;;
2022/01/08;0800 UTC;;;;;;;;;;;;;;;;;
2022/01/08;0900 UTC;;;;;;;;;;;;;;;;;
2022/01/08;1000 UTC;;;;;;;;;;;;;;;;;
2022/01/08;1100 UTC;;;;;;;;;;;;;;;;;
2022/01/08;1200 UTC;;;;;;;;;;;;;;;;;
2022/01/08;1300 UTC;;;;;;;;;;;;;;;;;
2022/01/08;1400 UTC;;;;;;;;;;;;;;;;;
2022/01/08;1500 UTC;;;;;;;;;;;;;;;;;
2022/01/08;1600 UTC;;;;;;;;;;;;;;;;;
2022/01/08;1700 UTC;;;;;;;;;;;;;;;;;
2022/01/08;1800 UTC;;;;;;;;;;;;;;;;;
2022/01/08;1900 UTC;;;;;;;;;;;;;;;;;
2022/01/08;2000 UTC;;;;;;;;;;;;;;;;;
2022/01/08;2100 UTC;;;;;;;;;;;;;;;;;
2022/01/08;2200 UTC;;;;;;;;;;;;;;;;;
2022/01/08;2300 UTC;;;;;;;;;;;;;;;;;
2022/01/09;0000 UTC;;;;;;;;;;;;;;;;;
2022/01/09;0100 UTC;;;;;;;;;;;;;;;;;
2022/01/09;0200 UTC;;;;;;;;;;;;;;;;;
2022/01/09;0300 UTC;;;;;;;;;;;;;;;;;
2022/01/09;0400 UTC;;;;;;;;;;;;;;;;;
2022/01/09;0500 UTC;;;;;;;;;;;;;;;;;
2022/01/09;0600 UTC;;;;;;;;;;;;;;;;;
2022/01/09;0700 UTC;;;;;;;;;;;;;;;;;
2022/01/09;0800 UTC;;;;;;;;;;;;;;;;;
2022/01/09;0900 UTC;;;;;;;;;;;;;;;;;
2022/01/09;1000 UTC;;;;;;;;;;;;;;;;;
2022/01/09;1100 UTC;;;;;;;;;;;;;;;;;
2022/01/09;1200 UTC;;;;;;;;;;;;;;;;;
2022/01/09;1300 UTC;;;;;;;;;;;;;;;;;
2022/01/09;1400 UTC;;;;;;;;;;;;;;;;;
2022/01/09;1500 UTC;;;;;;;;;;;;;;;;;
2022/01/09;1600 UTC;;;;;;;;;;;;;;;;;
2022/01/09;1700 UTC;;;;;;;;;;;;;;;;;
2022/01/09;1800 UTC;;;;;;;;;;;;;;;;;
2022/01/09;1900 UTC;;;;;;;;;;;;;;;;;
2022/01/09;2000 UTC;;;;;;;;;;;;;;;;;
2022/01/09;2100 UTC;;;;;;;;;;;;;;;;;
2022/01/09;2200 UTC;;;;;;;;;;;;;;;;;
2022/01/09;2300 UTC;;;;;;;;;;;;;;;;;
2022/01/10;0000 UTC;;;;;;;;;;;;;;;;;
2022/01/10;0100 UTC;;;;;;;;;;;;;;;;;
2022/01/10;0200 UTC;;;;;;;;;;;;;;;;;
2022/01/10;0300 UTC;;;;;;;;;;;;;;;;;
2022/01/10;0400 UTC;;;;;;;;;;;;;;;;;
2022/01/10;0500 UTC;;;;;;;;;;;;;;;;;
2022/01/10;0600 UTC;;;;;;;;;;;;;;;;;
2022/01/10;0700 UTC;;;;;;;;;;;;;;;;;
2022/01/10;0800 UTC;;;;;;;;;;;;;;;;;
2022/01/10;0900 UTC;;;;;;;;;;;;;;;;;
2022/01/10;1000 UTC;;;;;;;;;;;;;;;;;
2022/01/10;1100 UTC;;;;;;;;;;;;;;;;;
2022/01/10;1200 UTC;;;;;;;;;;;;;;;;;
2022/01/10;1300 UTC;;;;;;;;;;;;;;;;;
2022/01/10;1400 UTC;;;;;;;;;;;;;;;;;
2022/01/10;1500 UTC;;;;;;;;;;;;;;;;;
2022/01/10;1600 UTC;;;;;;;;;;;;;;;;;
2022/01/10;1700 UTC;;;;;;;;;;;;;;;;;
2022/01/10;1800 UTC;;;;;;;;;;;;;;;;;
2022/01/10;1900 UTC;;;;;;;;;;;;;;;;;
2022/01/10;2000 UTC;;;;;;;;;;;;;;;;;
2022/01/10;2100 UTC;;;;;;;;;;;;;;;;;
2022/01/10;2200 UTC;;;;;;;;;;;;;;;;;
2022/01/10;2300 UTC;;;;;;;;;;;;;;;;;
2022/01/11;0000 UTC;;;;;;;;;;;;;;;;;
2022/01/11;0100 UTC;;;;;;;;;;;;;;;;;
2022/01/11;0200 UTC;;;;;;;;;;;;;;;;;
2022/01/11;0300 UTC;;;;;;;;;;;;;;;;;
2022/01/11;0400 UTC;;;;;;;;;;;;;;;;;
2022/01/11;0500 UTC;;;;;;;;;;;;;;;;;
2022/01/11;0600 UTC;;;;;;;;;;;;;;;;;
2022/01/11;0700 UTC;;;;;;;;;;;;;;;;;
2022/01/11;0800 UTC;;;;;;;;;;;;;;;;;
2022/01/11;0900 UTC;;;;;;;;;;;;;;;;;
2022/01/11;1000 UTC;;;;;;;;;;;;;;;;;
2022/01/11;1100 UTC;;;;;;;;;;;;;;;;;
2022/01/11;1200 UTC;;;;;;;;;;;;;;;;;
2022/01/11;1300 UTC;;;;;;;;;;;;;;;;;
2022/01/11;1400 UTC;;;;;;;;;;;;;;;;;
2022/01/11;1500 UTC;;;;;;;;;;;;;;;;;
2022/01/11;1600 UTC;;;;;;;;;;;;;;;;;
2022/01/11;1700 UTC;;;;;;;;;;;;;;;;;
2022/01/11;1800 UTC;;;;;;;;;;;;;;;;;
2022/01/11;1900 UTC;;;;;;;;;;;;;;;;;
2022/01/11;2000 UTC;;;;;;;;;;;;;;;;;
2022/01/11;2100 UTC;;;;;;;;;;;;;;;;;
2022/01/11;2200 UTC;;;;;;;;;;;;;;;;;
2022/01/11;2300 UTC;;;;;;;;;;;;;;;;;
2022/01/12;0000 UTC;;;;;;;;;;;;;;;;;
2022/01/12;0100 UTC;;;;;;;;;;;;;;;;;
2022/01/12;0200 UTC;;;;;;;;;;;;;;;;;
2022/01/12;0300 UTC;;;;;;;;;;;;;;;;;
2022/01/12;0400 UTC;;;;;;;;;;;;;;;;;
2022/01/12;0500 UTC;;;;;;;;;;;;;;;;;
2022/01/12;0600 UTC;;;;;;;;;;;;;;;;;
2022/01/12;0700 UTC;;;;;;;;;;;;;;;;;
2022/01/12;0800 UTC;;;;;;;;;;;;;;;;;
2022/01/12;0900 UTC;;;;;;;;;;;;;;;;;
2022/01/12;1000 UTC;;;;;;;;;;;;;;;;;
2022/01/12;1100 UTC;;;;;;;;;;;;;;;;;
2022/01/12;1200 UTC;;;;;;;;;;;;;;;;;
2022/01/12;1300 UTC;;;;;;;;;;;;;;;;;
2022/01/12;1400 UTC;;;;;;;;;;;;;;;;;
2022/01/12;1500 UTC;;;;;;;;;;;;;;;;;
2022/01/12;1600 UTC;;;;;;;;;;;;;;;;;
2022/01/12;1700 UTC;;;;;;;;;;;;;;;;;
2022/01/12;1800 UTC;;;;;;;;;;;;;;;;;
2022/01/12;1900 UTC;;;;;;;;;;;;;;;;;
2022/01/12;2000 UTC;;;;;;;;;;;;;;;;;
2022/01/12;2100 UTC;;;;;;;;;;;;;;;;;
2022/01/12;2200 UTC;;;;;;;;;;;;;;;;;
2022/01/12;2300 UTC;;;;;;;;;;;;;;;;;
2022/01/13;0000 UTC;;;;;;;;;;;;;;;;;
2022/01/13;0100 UTC;;;;;;;;;;;;;;;;;
2022/01/13;0200 UTC;;;;;;;;;;;;;;;;;
2022/01/13;0300 UTC;;;;;;;;;;;;;;;;;
2022/01/13;0400 UTC;;;;;;;;;;;;;;;;;
2022/01/13;0500 UTC;;;;;;;;;;;;;;;;;
2022/01/13;0600 UTC;;;;;;;;;;;;;;;;;
2022/01/13;0700 UTC;;;;;;;;;;;;;;;;;
2022/01/13;0800 UTC;;;;;;;;;;;;;;;;;
2022/01/13;0900 UTC;;;;;;;;;;;;;;;;;
2022/01/13;1000 UTC;;;;;;;;;;;;;;;;;
2022/01/13;1100 UTC;;;;;;;;;;;;;;;;;
2022/01/13;1200 UTC;;;;;;;;;;;;;;;;;
2022/01/13;1300 UTC;;;;;;;;;;;;;;;;;
2022/01/13;1400 UTC;;;;;;;;;;;;;;;;;
2022/01/13;1500 UTC;;;;;;;;;;;;;;;;;
2022/01/13;1600 UTC;;;;;;;;;;;;;;;;;
2022/01/13;1700 UTC;;;;;;;;;;;;;;;;;
2022/01/13;1800 UTC;;;;;;;;;;;;;;;;;
2022/01/13;1900 UTC;;;;;;;;;;;;;;;;;
2022/01/13;2000 UTC;;;;;;;;;;;;;;;;;
2022/01/13;2100 UTC;;;;;;;;;;;;;;;;;
2022/01/13;2200 UTC;;;;;;;;;;;;;;;;;
2022/01/13;2300 UTC;;;;;;;;;;;;;;;;;
2022/01/14;0000 UTC;;;;;;;;;;;;;;;;;
2022/01/14;0100 UTC;;;;;;;;;;;;;;;;;
2022/01/14;0200 UTC;;;;;;;;;;;;;;;;;
2022/01/14;0300 UTC;;;;;;;;;;;;;;;;;
2022/01/14;0400 UTC;;;;;;;;;;;;;;;;;
2022/01/14;0500 UTC;;;;;;;;;;;;;;;;;
2022/01/14;0600 UTC;;;;;;;;;;;;;;;;;
2022/01/14;0700 UTC;;;;;;;;;;;;;;;;;
2022/01/14;0800 UTC;;;;;;;;;;;;;;;;;
2022/01/14;0900 UTC;;;;;;;;;;;;;;;;;
2022/01/14;1000 UTC;;;;;;;;;;;;;;;;;
2022/01/14;1100 UTC;;;;;;;;;;;;;;;;;
2022/01/14;1200 UTC;;;;;;;;;;;;;;;;;
2022/01/14;1300 UTC;;;;;;;;;;;;;;;;;
2022/01/14;1400 UTC;;;;;;;;;;;;;;;;;
2022/01/14;1500 UTC;;;;;;;;;;;;;;;;;
2022/01/14;1600 UTC;;;;;;;;;;;;;;;;;
2022/01/14;1700 UTC;;;;;;;;;;;;;;;;;
2022/01/14;1800 UTC;;;;;;;;;;;;;;;;;
2022/01/14;1900 UTC;;;;;;;;;;;;;;;;;
2022/01/14;2000 UTC;;;;;;;;;;;;;;;;;
2022/01/14;2100 UTC;;;;;;;;;;;;;;;;;
2022/01/14;2200 UTC;;;;;;;;;;;;;;;;;
2022/01/14;2300 UTC;;;;;;;;;;;;;;;;;
2022/01/15;0000 UTC;;;;;;;;;;;;;;;;;
2022/01/15;0100 UTC;;;;;;;;;;;;;;;;;
2022/01/15;0200 UTC;;;;;;;;;;;;;;;;;
2022/01/15;0300 UTC;;;;;;;;;;;;;;;;;
2022/01/15;0400 UTC;;;;;;;;;;;;;;;;;
2022/01/15;0500 UTC;;;;;;;;;;;;;;;;;
2022/01/15;0600 UTC;;;;;;;;;;;;;;;;;
2022/01/15;0700 UTC;;;;;;;;;;;;;;;;;
2022/01/15;0800 UTC;;;;;;;;;;;;;;;;;
2022/01/15;0900 UTC;;;;;;;;;;;;;;;;;
2022/01/15;1000 UTC;;;;;;;;;;;;;;;;;
2022/01/15;1100 UTC;;;;;;;;;;;;;;;;;
2022/01/15;1200 UTC;;;;;;;;;;;;;;;;;
2022/01/15;1300 UTC;;;;;;;;;;;;;;;;;
2022/01/15;1400 UTC;;;;;;;;;;;;;;;;;
2022/01/15;1500 UTC;;;;;;;;;;;;;;;;;
2022/01/15;1600 UTC;;;;;;;;;;;;;;;;;
2022/01/15;1700 UTC;;;;;;;;;;;;;;;;;
2022/01/15;1800 UTC;;;;;;;;;;;;;;;;;
2022/01/15;1900 UTC;;;;;;;;;;;;;;;;;
2022/01/15;2000 UTC;;;;;;;;;;;;;;;;;
2022/01/15;2100 UTC;;;;;;;;;;;;;;;;;
2022/01/15;2200 UTC;;;;;;;;;;;;;;;;;
2022/01/15;2300 UTC;;;;;;;;;;;;;;;;;
2022/01/16;0000 UTC;;;;;;;;;;;;;;;;;
2022/01/16;0100 UTC;;;;;;;;;;;;;;;;;
2022/01/16;0200 UTC;;;;;;;;;;;;;;;;;
2022/01/16;0300 UTC;;;;;;;;;;;;;;;;;
2022/01/16;0400 UTC;;;;;;;;;;;;;;;;;
2022/01/16;0500 UTC;;;;;;;;;;;;;;;;;
2022/01/16;0600 UTC;;;;;;;;;;;;;;;;;
2022/01/16;0700 UTC;;;;;;;;;;;;;;;;;
2022/01/16;0800 UTC;;;;;;;;;;;;;;;;;
2022/01/16;0900 UTC;;;;;;;;;;;;;;;;;
2022/01/16;1000 UTC;;;;;;;;;;;;;;;;;
2022/01/16;1100 UTC;;;;;;;;;;;;;;;;;
2022/01/16;1200 UTC;;;;;;;;;;;;;;;;;
2022/01/16;1300 UTC;;;;;;;;;;;;;;;;;
2022/01/16;1400 UTC;;;;;;;;;;;;;;;;;
2022/01/16;1500 UTC;;;;;;;;;;;;;;;;;
2022/01/16;1600 UTC;;;;;;;;;;;;;;;;;
2022/01/16;1700 UTC;;;;;;;;;;;;;;;;;
2022/01/16;1800 UTC;;;;;;;;;;;;;;;;;
2022/01/16;1900 UTC;;;;;;;;;;;;;;;;;
2022/01/16;2000 UTC;;;;;;;;;;;;;;;;;
2022/01/16;2100 UTC;;;;;;;;;;;;;;;;;
2022/01/16;2200 UTC;;;;;;;;;;;;;;;;;
2022/01/16;2300 UTC;;;;;;;;;;;;;;;;;
2022/01/17;0000 UTC;;;;;;;;;;;;;;;;;
2022/01/17;0100 UTC;;;;;;;;;;;;;;;;;
2022/01/17;0200 UTC;;;;;;;;;;;;;;;;;
2022/01/17;0300 UTC;;;;;;;;;;;;;;;;;
2022/01/17;0400 UTC;;;;;;;;;;;;;;;;;
2022/01/17;0500 UTC;;;;;;;;;;;;;;;;;
2022/01/17;0600 UTC;;;;;;;;;;;;;;;;;
2022/01/17;0700 UTC;;;;;;;;;;;;;;;;;
2022/01/17;0800 UTC;;;;;;;;;;;;;;;;;
2022/01/17;0900 UTC;;;;;;;;;;;;;;;;;
2022/01/17;1000 UTC;;;;;;;;;;;;;;;;;
2022/01/17;1100 UTC;;;;;;;;;;;;;;;;;
2022/01/17;1200 UTC;;;;;;;;;;;;;;;;;
2022/01/17;1300 UTC;;;;;;;;;;;;;;;;;
2022/01/17;1400 UTC;;;;;;;;;;;;;;;;;
2022/01/17;1500 UTC;;;;;;;;;;;;;;;;;
2022/01/17;1600 UTC;;;;;;;;;;;;;;;;;
2022/01/17;1700 UTC;;;;;;;;;;;;;;;;;
2022/01/17;1800 UTC;;;;;;;;;;;;;;;;;
2022/01/17;1900 UTC;;;;;;;;;;;;;;;;;
2022/01/17;2000 UTC;;;;;;;;;;;;;;;;;
2022/01/17;2100 UTC;;;;;;;;;;;;;;;;;
2022/01/17;2200 UTC;;;;;;;;;;;;;;;;;
2022/01/17;2300 UTC;;;;;;;;;;;;;;;;;
2022/01/18;0000 UTC;;;;;;;;;;;;;;;;;
2022/01/18;0100 UTC;;;;;;;;;;;;;;;;;
2022/01/18;0200 UTC;;;;;;;;;;;;;;;;;
2022/01/18;0300 UTC;;;;;;;;;;;;;;;;;
2022/01/18;0400 UTC;;;;;;;;;;;;;;;;;
2022/01/18;0500 UTC;;;;;;;;;;;;;;;;;
2022/01/18;0600 UTC;;;;;;;;;;;;;;;;;
2022/01/18;0700 UTC;;;;;;;;;;;;;;;;;
2022/01/18;0800 UTC;;;;;;;;;;;;;;;;;
2022/01/18;0900 UTC;;;;;;;;;;;;;;;;;
2022/01/18;1000 UTC;;;;;;;;;;;;;;;;;
2022/01/18;1100 UTC;;;;;;;;;;;;;;;;;
2022/01/18;1200 UTC;;;;;;;;;;;;;;;;;
2022/01/18;1300 UTC;;;;;;;;;;;;;;;;;
2022/01/18;1400 UTC;;;;;;;;;;;;;;;;;
2022/01/18;1500 UTC;;;;;;;;;;;;;;;;;
2022/01/18;1600 UTC;;;;;;;;;;;;;;;;;
2022/01/18;1700 UTC;;;;;;;;;;;;;;;;;
2022/01/18;1800 UTC;;;;;;;;;;;;;;;;;
2022/01/18;1900 UTC;;;;;;;;;;;;;;;;;
2022/01/18;2000 UTC;;;;;;;;;;;;;;;;;
2022/01/18;2100 UTC;;;;;;;;;;;;;;;;;
2022/01/18;2200 UTC;;;;;;;;;;;;;;;;;
2022/01/18;2300 UTC;;;;;;;;;;;;;;;;;
2022/01/19;0000 UTC;;;;;;;;;;;;;;;;;
2022/01/19;0100 UTC;;;;;;;;;;;;;;;;;
2022/01/19;0200 UTC;;;;;;;;;;;;;;;;;
2022/01/19;0300 UTC;;;;;;;;;;;;;;;;;
2022/01/19;0400 UTC;;;;;;;;;;;;;;;;;
2022/01/19;0500 UTC;;;;;;;;;;;;;;;;;
2022/01/19;0600 UTC;;;;;;;;;;;;;;;;;
2022/01/19;0700 UTC;;;;;;;;;;;;;;;;;
2022/01/19;0800 UTC;;;;;;;;;;;;;;;;;
2022/01/19;0900 UTC;;;;;;;;;;;;;;;;;
2022/01/19;1000 UTC;;;;;;;;;;;;;;;;;
2022/01/19;1100 UTC;;;;;;;;;;;;;;;;;
2022/01/19;1200 UTC;;;;;;;;;;;;;;;;;
2022/01/19;1300 UTC;;;;;;;;;;;;;;;;;
2022/01/19;1400 UTC;;;;;;;;;;;;;;;;;
2022/01/19;1500 UTC;;;;;;;;;;;;;;;;;
2022/01/19;1600 UTC;;;;;;;;;;;;;;;;;
2022/01/19;1700 UTC;;;;;;;;;;;;;;;;;
2022/01/19;1800 UTC;;;;;;;;;;;;;;;;;
2022/01/19;1900 UTC;;;;;;;;;;;;;;;;;
2022/01/19;2000 UTC;;;;;;;;;;;;;;;;;
2022/01/19;2100 UTC;;;;;;;;;;;;;;;;;
2022/01/19;2200 UTC;;;;;;;;;;;;;;;;;
2022/01/19;2300 UTC;;;;;;;;;;;;;;;;;
2022/01/20;0000 UTC;;;;;;;;;;;;;;;;;
2022/01/20;0100 UTC;;;;;;;;;;;;;;;;;
2022/01/20;0200 UTC;;;;;;;;;;;;;;;;;
2022/01/20;0300 UTC;;;;;;;;;;;;;;;;;
2022/01/20;0400 UTC;;;;;;;;;;;;;;;;;
2022/01/20;0500 UTC;;;;;;;;;;;;;;;;;
2022/01/20;0600 UTC;;;;;;;;;;;;;;;;;
2022/01/20;0700 UTC;;;;;;;;;;;;;;;;;
2022/01/20;0800 UTC;;;;;;;;;;;;;;;;;
2022/01/20;0900 UTC;;;;;;;;;;;;;;;;;
2022/01/20;1000 UTC;;;;;;;;;;;;;;;;;
2022/01/20;1100 UTC;;;;;;;;;;;;;;;;;
2022/01/20;1200 UTC;;;;;;;;;;;;;;;;;
2022/01/20;1300 UTC;;;;;;;;;;;;;;;;;
2022/01/20;1400 UTC;;;;;;;;;;;;;;;;;
2022/01/20;1500 UTC;;;;;;;;;;;;;;;;;
2022/01/20;1600 UTC;;;;;;;;;;;;;;;;;
2022/01/20;1700 UTC;;;;;;;;;;;;;;;;;
2022/01/20;1800 UTC;;;;;;;;;;;;;;;;;
2022/01/20;1900 UTC;;;;;;;;;;;;;;;;;
2022/01/20;2000 UTC;;;;;;;;;;;;;;;;;
2022/01/20;2100 UTC;;;;;;;;;;;;;;;;;
2022/01/20;2200 UTC;;;;;;;;;;;;;;;;;
2022/01/20;2300 UTC;;;;;;;;;;;;;;;;;
2022/01/21;0000 UTC;;;;;;;;;;;;;;;;;
2022/01/21;0100 UTC;;;;;;;;;;;;;;;;;
2022/01/21;0200 UTC;;;;;;;;;;;;;;;;;
2022/01/21;0300 UTC;;;;;;;;;;;;;;;;;
2022/01/21;0400 UTC;;;;;;;;;;;;;;;;;
2022/01/21;0500 UTC;;;;;;;;;;;;;;;;;
2022/01/21;0600 UTC;;;;;;;;;;;;;;;;;
2022/01/21;0700 UTC;;;;;;;;;;;;;;;;;
2022/01/21;0800 UTC;;;;;;;;;;;;;;;;;
2022/01/21;0900 UTC;;;;;;;;;;;;;;;;;
2022/01/21;1000 UTC;;;;;;;;;;;;;;;;;
2022/01/21;1100 UTC;;;;;;;;;;;;;;;;;
2022/01/21;1200 UTC;;;;;;;;;;;;;;;;;
2022/01/21;1300 UTC;;;;;;;;;;;;;;;;;
2022/01/21;1400 UTC;;;;;;;;;;;;;;;;;
2022/01/21;1500 UTC;;;;;;;;;;;;;;;;;
2022/01/21;1600 UTC;;;;;;;;;;;;;;;;;
2022/01/21;1700 UTC;;;;;;;;;;;;;;;;;
2022/01/21;1800 UTC;;;;;;;;;;;;;;;;;
2022/01/21;1900 UTC;;;;;;;;;;;;;;;;;
2022/01/21;2000 UTC;;;;;;;;;;;;;;;;;
2022/01/21;2100 UTC;;;;;;;;;;;;;;;;;
2022/01/21;2200 UTC;;;;;;;;;;;;;;;;;
2022/01/21;2300 UTC;;;;;;;;;;;;;;;;;
2022/01/22;0000 UTC;;;;;;;;;;;;;;;;;
2022/01/22;0100 UTC;;;;;;;;;;;;;;;;;
2022/01/22;0200 UTC;;;;;;;;;;;;;;;;;
2022/01/22;0300 UTC;;;;;;;;;;;;;;;;;
2022/01/22;0400 UTC;;;;;;;;;;;;;;;;;
2022/01/22;0500 UTC;;;;;;;;;;;;;;;;;
2022/01/22;0600 UTC;;;;;;;;;;;;;;;;;
2022/01/22;0700 UTC;;;;;;;;;;;;;;;;;
2022/01/22;0800 UTC;;;;;;;;;;;;;;;;;
2022/01/22;0900 UTC;;;;;;;;;;;;;;;;;
2022/01/22;1000 UTC;;;;;;;;;;;;;;;;;
2022/01/22;1100 UTC;;;;;;;;;;;;;;;;;
2022/01/22;1200 UTC;;;;;;;;;;;;;;;;;
2022/01/22;1300 UTC;;;;;;;;;;;;;;;;;
2022/01/22;1400 UTC;;;;;;;;;;;;;;;;;
2022/01/22;1500 UTC;;;;;;;;;;;;;;;;;
2022/01/22;1600 UTC;;;;;;;;;;;;;;;;;
2022/01/22;1700 UTC;;;;;;;;;;;;;;;;;
2022/01/22;1800 UTC;;;;;;;;;;;;;;;;;
2022/01/22;1900 UTC;;;;;;;;;;;;;;;;;
2022/01/22;2000 UTC;;;;;;;;;;;;;;;;;
2022/01/22;2100 UTC;;;;;;;;;;;;;;;;;
2022/01/22;2200 UTC;;;;;;;;;;;;;;;;;
2022/01/22;2300 UTC;;;;;;;;;;;;;;;;;
2022/01/23;0000 UTC;;;;;;;;;;;;;;;;;
2022/01/23;0100 UTC;;;;;;;;;;;;;;;;;
2022/01/23;0200 UTC;;;;;;;;;;;;;;;;;
2022/01/23;0300 UTC;;;;;;;;;;;;;;;;;
2022/01/23;0400 UTC;;;;;;;;;;;;;;;;;
2022/01/23;0500 UTC;;;;;;;;;;;;;;;;;
2022/01/23;0600 UTC;;;;;;;;;;;;;;;;;
2022/01/23;0700 UTC;;;;;;;;;;;;;;;;;
2022/01/23;0800 UTC;;;;;;;;;;;;;;;;;
2022/01/23;0900 UTC;;;;;;;;;;;;;;;;;
2022/01/23;1000 UTC;;;;;;;;;;;;;;;;;
2022/01/23;1100 UTC;;;;;;;;;;;;;;;;;
2022/01/23;1200 UTC;;;;;;;;;;;;;;;;;
2022/01/23;1300 UTC;;;;;;;;;;;;;;;;;
2022/01/23;1400 UTC;;;;;;;;;;;;;;;;;
2022/01/23;1500 UTC;;;;;;;;;;;;;;;;;
2022/01/23;1600 UTC;;;;;;;;;;;;;;;;;
2022/01/23;1700 UTC;;;;;;;;;;;;;;;;;
2022/01/23;1800 UTC;;;;;;;;;;;;;;;;;
2022/01/23;1900 UTC;;;;;;;;;;;;;;;;;
2022/01/23;2000 UTC;;;;;;;;;;;;;;;;;
2022/01/23;2100 UTC;;;;;;;;;;;;;;;;;
2022/01/23;2200 UTC;;;;;;;;;;;;;;;;;
2022/01/23;2300 UTC;;;;;;;;;;;;;;;;;
2022/01/24;0000 UTC;;;;;;;;;;;;;;;;;
2022/01/24;0100 UTC;;;;;;;;;;;;;;;;;
2022/01/24;0200 UTC;;;;;;;;;;;;;;;;;
2022/01/24;0300 UTC;;;;;;;;;;;;;;;;;
2022/01/24;0400 UTC;;;;;;;;;;;;;;;;;
2022/01/24;0500 UTC;;;;;;;;;;;;;;;;;
2022/01/24;0600 UTC;;;;;;;;;;;;;;;;;
2022/01/24;0700 UTC;;;;;;;;;;;;;;;;;
2022/01/24;0800 UTC;;;;;;;;;;;;;;;;;
2022/01/24;0900 UTC;;;;;;;;;;;;;;;;;
2022/01/24;1000 UTC;;;;;;;;;;;;;;;;;
2022/01/24;1100 UTC;;;;;;;;;;;;;;;;;
2022/01/24;1200 UTC;;;;;;;;;;;;;;;;;
2022/01/24;1300 UTC;;;;;;;;;;;;;;;;;
2022/01/24;1400 UTC;;;;;;;;;;;;;;;;;
2022/01/24;1500 UTC;;;;;;;;;;;;;;;;;
2022/01/24;1600 UTC;;;;;;;;;;;;;;;;;
2022/01/24;1700 UTC;;;;;;;;;;;;;;;;;
2022/01/24;1800 UTC;;;;;;;;;;;;;;;;;
2022/01/24;1900 UTC;;;;;;;;;;;;;;;;;
2022/01/24;2000 UTC;;;;;;;;;;;;;;;;;
2022/01/24;2100 UTC;;;;;;;;;;;;;;;;;
2022/01/24;2200 UTC;;;;;;;;;;;;;;;;;
2022/01/24;2300 UTC;;;;;;;;;;;;;;;;;
2022/01/25;0000 UTC;;;;;;;;;;;;;;;;;
2022/01/25;0100 UTC;;;;;;;;;;;;;;;;;
2022/01/25;0200 UTC;;;;;;;;;;;;;;;;;
2022/01/25;0300 UTC;;;;;;;;;;;;;;;;;
2022/01/25;0400 UTC;;;;;;;;;;;;;;;;;
2022/01/25;0500 UTC;;;;;;;;;;;;;;;;;
2022/01/25;0600 UTC;;;;;;;;;;;;;;;;;
2022/01/25;0700 UTC;;;;;;;;;;;;;;;;;
2022/01/25;0800 UTC;;;;;;;;;;;;;;;;;
2022/01/25;0900 UTC;;;;;;;;;;;;;;;;;
2022/01/25;1000 UTC;;;;;;;;;;;;;;;;;
2022/01/25;1100 UTC;;;;;;;;;;;;;;;;;
2022/01/25;1200 UTC;;;;;;;;;;;;;;;;;
2022/01/25;1300 UTC;;;;;;;;;;;;;;;;;
2022/01/25;1400 UTC;;;;;;;;;;;;;;;;;
2022/01/25;1500 UTC;;;;;;;;;;;;;;;;;
2022/01/25;1600 UTC;;;;;;;;;;;;;;;;;
2022/01/25;1700 UTC;;;;;;;;;;;;;;;;;
2022/01/25;1800 UTC;;;;;;;;;;;;;;;;;
2022/01/25;1900 UTC;;;;;;;;;;;;;;;;;
2022/01/25;2000 UTC;;;;;;;;;;;;;;;;;
2022/01/25;2100 UTC;;;;;;;;;;;;;;;;;
2022/01/25;2200 UTC;;;;;;;;;;;;;;;;;
2022/01/25;2300 UTC;;;;;;;;;;;;;;;;;
2022/01/26;0000 UTC;;;;;;;;;;;;;;;;;
2022/01/26;0100 UTC;;;;;;;;;;;;;;;;;
2022/01/26;0200 UTC;;;;;;;;;;;;;;;;;
2022/01/26;0300 UTC;;;;;;;;;;;;;;;;;
2022/01/26;0400 UTC;;;;;;;;;;;;;;;;;
2022/01/26;0500 UTC;;;;;;;;;;;;;;;;;
2022/01/26;0600 UTC;;;;;;;;;;;;;;;;;
2022/01/26;0700 UTC;;;;;;;;;;;;;;;;;
2022/01/26;0800 UTC;;;;;;;;;;;;;;;;;
2022/01/26;0900 UTC;;;;;;;;;;;;;;;;;
2022/01/26;1000 UTC;;;;;;;;;;;;;;;;;
2022/01/26;1100 UTC;;;;;;;;;;;;;;;;;
2022/01/26;1200 UTC;;;;;;;;;;;;;;;;;
2022/01/26;1300 UTC;;;;;;;;;;;;;;;;;
2022/01/26;1400 UTC;;;;;;;;;;;;;;;;;
2022/01/26;1500 UTC;;;;;;;;;;;;;;;;;
2022/01/26;1600 UTC;;;;;;;;;;;;;;;;;
2022/01/26;1700 UTC;;;;;;;;;;;;;;;;;
2022/01/26;1800 UTC;;;;;;;;;;;;;;;;;
2022/01/26;1900 UTC;;;;;;;;;;;;;;;;;
2022/01/26;2000 UTC;;;;;;;;;;;;;;;;;
2022/01/26;2100 UTC;;;;;;;;;;;;;;;;;
2022/01/26;2200 UTC;;;;;;;;;;;;;;;;;
2022/01/26;2300 UTC;;;;;;;;;;;;;;;;;
2022/01/27;0000 UTC;;;;;;;;;;;;;;;;;
2022/01/27;0100 UTC;;;;;;;;;;;;;;;;;
2022/01/27;0200 UTC;;;;;;;;;;;;;;;;;
2022/01/27;0300 UTC;;;;;;;;;;;;;;;;;
2022/01/27;0400 UTC;;;;;;;;;;;;;;;;;
2022/01/27;0500 UTC;;;;;;;;;;;;;;;;;
2022/01/27;0600 UTC;;;;;;;;;;;;;;;;;
2022/01/27;0700 UTC;;;;;;;;;;;;;;;;;
2022/01/27;0800 UTC;;;;;;;;;;;;;;;;;
2022/01/27;0900 UTC;;;;;;;;;;;;;;;;;
2022/01/27;1000 UTC;;;;;;;;;;;;;;;;;
2022/01/27;1100 UTC;;;;;;;;;;;;;;;;;
2022/01/27;1200 UTC;;;;;;;;;;;;;;;;;
2022/01/27;1300 UTC;;;;;;;;;;;;;;;;;
2022/01/27;1400 UTC;;;;;;;;;;;;;;;;;
2022/01/27;1500 UTC;;;;;;;;;;;;;;;;;
2022/01/27;1600 UTC;;;;;;;;;;;;;;;;;
2022/01/27;1700 UTC;;;;;;;;;;;;;;;;;
2022/01/27;1800 UTC;;;;;;;;;;;;;;;;;
2022/01/27;1900 UTC;;;;;;;;;;;;;;;;;
2022/01/27;2000 UTC;;;;;;;;;;;;;;;;;
2022/01/27;2100 UTC;;;;;;;;;;;;;;;;;
2022/01/27;2200 UTC;;;;;;;;;;;;;;;;;
2022/01/27;2300 UTC;;;;;;;;;;;;;;;;;
2022/01/28;0000 UTC;;;;;;;;;;;;;;;;;
2022/01/28;0100 UTC;;;;;;;;;;;;;;;;;
2022/01/28;0200 UTC;;;;;;;;;;;;;;;;;
2022/01/28;0300 UTC;;;;;;;;;;;;;;;;;
2022/01/28;0400 UTC;;;;;;;;;;;;;;;;;
2022/01/28;0500 UTC;;;;;;;;;;;;;;;;;
2022/01/28;0600 UTC;;;;;;;;;;;;;;;;;
2022/01/28;0700 UTC;;;;;;;;;;;;;;;;;
2022/01/28;0800 UTC;;;;;;;;;;;;;;;;;
2022/01/28;0900 UTC;;;;;;;;;;;;;;;;;
2022/01/28;1000 UTC;;;;;;;;;;;;;;;;;
2022/01/28;1100 UTC;;;;;;;;;;;;;;;;;
2022/01/28;1200 UTC;;;;;;;;;;;;;;;;;
2022/01/28;1300 UTC;;;;;;;;;;;;;;;;;
2022/01/28;1400 UTC;;;;;;;;;;;;;;;;;
2022/01/28;1500 UTC;;;;;;;;;;;;;;;;;
2022/01/28;1600 UTC;;;;;;;;;;;;;;;;;
2022/01/28;1700 UTC;;;;;;;;;;;;;;;;;
2022/01/28;1800 UTC;;;;;;;;;;;;;;;;;
2022/01/28;1900 UTC;;;;;;;;;;;;;;;;;
2022/01/28;2000 UTC;;;;;;;;;;;;;;;;;
2022/01/28;2100 UTC;;;;;;;;;;;;;;;;;
2022/01/28;2200 UTC;;;;;;;;;;;;;;;;;
2022/01/28;2300 UTC;;;;;;;;;;;;;;;;;
2022/01/29;0000 UTC;;;;;;;;;;;;;;;;;
2022/01/29;0100 UTC;;;;;;;;;;;;;;;;;
2022/01/29;0200 UTC;;;;;;;;;;;;;;;;;
2022/01/29;0300 UTC;;;;;;;;;;;;;;;;;
2022/01/29;0400 UTC;;;;;;;;;;;;;;;;;
2022/01/29;0500 UTC;;;;;;;;;;;;;;;;;
2022/01/29;0600 UTC;;;;;;;;;;;;;;;;;
2022/01/29;0700 UTC;;;;;;;;;;;;;;;;;
2022/01/29;0800 UTC;;;;;;;;;;;;;;;;;
2022/01/29;0900 UTC;;;;;;;;;;;;;;;;;
2022/01/29;1000 UTC;;;;;;;;;;;;;;;;;
2022/01/29;1100 UTC;;;;;;;;;;;;;;;;;
2022/01/29;1200 UTC;;;;;;;;;;;;;;;;;
2022/01/29;1300 UTC;;;;;;;;;;;;;;;;;
2022/01/29;1400 UTC;;;;;;;;;;;;;;;;;
2022/01/29;1500 UTC;;;;;;;;;;;;;;;;;
2022/01/29;1600 UTC;;;;;;;;;;;;;;;;;
2022/01/29;1700 UTC;;;;;;;;;;;;;;;;;
2022/01/29;1800 UTC;;;;;;;;;;;;;;;;;
2022/01/29;1900 UTC;;;;;;;;;;;;;;;;;
2022/01/29;2000 UTC;;;;;;;;;;;;;;;;;
2022/01/29;2100 UTC;;;;;;;;;;;;;;;;;
2022/01/29;2200 UTC;;;;;;;;;;;;;;;;;
2022/01/29;2300 UTC;;;;;;;;;;;;;;;;;
2022/01/30;0000 UTC;;;;;;;;;;;;;;;;;
2022/01/30;0100 UTC;;;;;;;;;;;;;;;;;
2022/01/30;0200 UTC;;;;;;;;;;;;;;;;;
2022/01/30;0300 UTC;;;;;;;;;;;;;;;;;
2022/01/30;0400 UTC;;;;;;;;;;;;;;;;;
2022/01/30;0500 UTC;;;;;;;;;;;;;;;;;
2022/01/30;0600 UTC;;;;;;;;;;;;;;;;;
2022/01/30;0700 UTC;;;;;;;;;;;;;;;;;
2022/01/30;0800 UTC;;;;;;;;;;;;;;;;;
2022/01/30;0900 UTC;;;;;;;;;;;;;;;;;
2022/01/30;1000 UTC;;;;;;;;;;;;;;;;;
2022/01/30;1100 UTC;;;;;;;;;;;;;;;;;
2022/01/30;1200 UTC;;;;;;;;;;;;;;;;;
2022/01/30;1300 UTC;;;;;;;;;;;;;;;;;
2022/01/30;1400 UTC;;;;;;;;;;;;;;;;;
2022/01/30;1500 UTC;;;;;;;;;;;;;;;;;
2022/01/30;1600 UTC;;;;;;;;;;;;;;;;;
2022/01/30;1700 UTC;;;;;;;;;;;;;;;;;
2022/01/30;1800 UTC;;;;;;;;;;;;;;;;;
2022/01/30;1900 UTC;;;;;;;;;;;;;;;;;
2022/01/30;2000 UTC;;;;;;;;;;;;;;;;;
2022/01/30;2100 UTC;;;;;;;;;;;;;;;;;
2022/01/30;2200 UTC;;;;;;;;;;;;;;;;;
2022/01/30;2300 UTC;;;;;;;;;;;;;;;;;
2022/01/31;0000 UTC;;;;;;;;;;;;;;;;;
2022/01/31;0100 UTC;;;;;;;;;;;;;;;;;
2022/01/31;0200 UTC;;;;;;;;;;;;;;;;;
2022/01/31;0300 UTC;;;;;;;;;;;;;;;;;
2022/01/31;0400 UTC;;;;;;;;;;;;;;;;;
2022/01/31;0500 UTC;;;;;;;;;;;;;;;;;
2022/01/31;0600 UTC;;;;;;;;;;;;;;;;;
2022/01/31;0700 UTC;;;;;;;;;;;;;;;;;
2022/01/31;0800 UTC;;;;;;;;;;;;;;;;;
2022/01/31;0900 UTC;;;;;;;;;;;;;;;;;
2022/01/31;1000 UTC;;;;;;;;;;;;;;;;;
2022/01/31;1100 UTC;;;;;;;;;;;;;;;;;
2022/01/31;1200 UTC;;;;;;;;;;;;;;;;;
2022/01/31;1300 UTC;;;;;;;;;;;;;;;;;
2022/01/31;1400 UTC;;;;;;;;;;;;;;;;;
2022/01/31;1500 UTC;;;;;;;;;;;;;;;;;
2022/01/31;1600 UTC;;;;;;;;;;;;;;;;;
2022/01/31;1700 UTC;;;;;;;;;;;;;;;;;
2022/01/31;1800 UTC;;;;;;;;;;;;;;;;;
2022/01/31;1900 UTC;;;;;;;;;;;;;;;;;
2022/01/31;2000 UTC;;;;;;;;;;;;;;;;;
2022/01/31;2100 UTC;;;;;;;;;;;;;;;;;
2022/01/31;2200 UTC;;;;;;;;;;;;;;;;;
2022/01/31;2300 UTC;;;;;;;;;;;;;;;;;
2022/02/01;0000 UTC;;;;;;;;;;;;;;;;;
2022/02/01;0100 UTC;;;;;;;;;;;;;;;;;
2022/02/01;0200 UTC;;;;;;;;;;;;;;;;;
2022/02/01;0300 UTC;;;;;;;;;;;;;;;;;
2022/02/01;0400 UTC;;;;;;;;;;;;;;;;;
2022/02/01;0500 UTC;;;;;;;;;;;;;;;;;
2022/02/01;0600 UTC;;;;;;;;;;;;;;;;;
2022/02/01;0700 UTC;;;;;;;;;;;;;;;;;
2022/02/01;0800 UTC;;;;;;;;;;;;;;;;;
2022/02/01;0900 UTC;;;;;;;;;;;;;;;;;
2022/02/01;1000 UTC;;;;;;;;;;;;;;;;;
2022/02/01;1100 UTC;;;;;;;;;;;;;;;;;
2022/02/01;1200 UTC;;;;;;;;;;;;;;;;;
2022/02/01;1300 UTC;;;;;;;;;;;;;;;;;
2022/02/01;1400 UTC;;;;;;;;;;;;;;;;;
2022/02/01;1500 UTC;;;;;;;;;;;;;;;;;
2022/02/01;1600 UTC;;;;;;;;;;;;;;;;;
2022/02/01;1700 UTC;;;;;;;;;;;;;;;;;
2022/02/01;1800 UTC;;;;;;;;;;;;;;;;;
2022/02/01;1900 UTC;;;;;;;;;;;;;;;;;
2022/02/01;2000 UTC;;;;;;;;;;;;;;;;;
2022/02/01;2100 UTC;;;;;;;;;;;;;;;;;
2022/02/01;2200 UTC;;;;;;;;;;;;;;;;;
2022/02/01;2300 UTC;;;;;;;;;;;;;;;;;
2022/02/02;0000 UTC;;;;;;;;;;;;;;;;;
2022/02/02;0100 UTC;;;;;;;;;;;;;;;;;
2022/02/02;0200 UTC;;;;;;;;;;;;;;;;;
2022/02/02;0300 UTC;;;;;;;;;;;;;;;;;
2022/02/02;0400 UTC;;;;;;;;;;;;;;;;;
2022/02/02;0500 UTC;;;;;;;;;;;;;;;;;
2022/02/02;0600 UTC;;;;;;;;;;;;;;;;;
2022/02/02;0700 UTC;;;;;;;;;;;;;;;;;
2022/02/02;0800 UTC;;;;;;;;;;;;;;;;;
2022/02/02;0900 UTC;;;;;;;;;;;;;;;;;
2022/02/02;1000 UTC;;;;;;;;;;;;;;;;;
2022/02/02;1100 UTC;;;;;;;;;;;;;;;;;
2022/02/02;1200 UTC;;;;;;;;;;;;;;;;;
2022/02/02;1300 UTC;;;;;;;;;;;;;;;;;
2022/02/02;1400 UTC;;;;;;;;;;;;;;;;;
2022/02/02;1500 UTC;;;;;;;;;;;;;;;;;
2022/02/02;1600 UTC;;;;;;;;;;;;;;;;;
2022/02/02;1700 UTC;;;;;;;;;;;;;;;;;
2022/02/02;1800 UTC;;;;;;;;;;;;;;;;;
2022/02/02;1900 UTC;;;;;;;;;;;;;;;;;
2022/02/02;2000 UTC;;;;;;;;;;;;;;;;;
2022/02/02;2100 UTC;;;;;;;;;;;;;;;;;
2022/02/02;2200 UTC;;;;;;;;;;;;;;;;;
2022/02/02;2300 UTC;;;;;;;;;;;;;;;;;
2022/02/03;0000 UTC;;;;;;;;;;;;;;;;;
2022/02/03;0100 UTC;;;;;;;;;;;;;;;;;
2022/02/03;0200 UTC;;;;;;;;;;;;;;;;;
2022/02/03;0300 UTC;;;;;;;;;;;;;;;;;
2022/02/03;0400 UTC;;;;;;;;;;;;;;;;;
2022/02/03;0500 UTC;;;;;;;;;;;;;;;;;
2022/02/03;0600 UTC;;;;;;;;;;;;;;;;;
2022/02/03;0700 UTC;;;;;;;;;;;;;;;;;
2022/02/03;0800 UTC;;;;;;;;;;;;;;;;;
2022/02/03;0900 UTC;;;;;;;;;;;;;;;;;
2022/02/03;1000 UTC;;;;;;;;;;;;;;;;;
2022/02/03;1100 UTC;;;;;;;;;;;;;;;;;
2022/02/03;1200 UTC;;;;;;;;;;;;;;;;;
2022/02/03;1300 UTC;;;;;;;;;;;;;;;;;
2022/02/03;1400 UTC;;;;;;;;;;;;;;;;;
2022/02/03;1500 UTC;;;;;;;;;;;;;;;;;
2022/02/03;1600 UTC;;;;;;;;;;;;;;;;;
2022/02/03;1700 UTC;;;;;;;;;;;;;;;;;
2022/02/03;1800 UTC;;;;;;;;;;;;;;;;;
2022/02/03;1900 UTC;;;;;;;;;;;;;;;;;
2022/02/03;2000 UTC;;;;;;;;;;;;;;;;;
2022/02/03;2100 UTC;;;;;;;;;;;;;;;;;
2022/02/03;2200 UTC;;;;;;;;;;;;;;;;;
2022/02/03;2300 UTC;;;;;;;;;;;;;;;;;
2022/02/04;0000 UTC;;;;;;;;;;;;;;;;;
2022/02/04;0100 UTC;;;;;;;;;;;;;;;;;
2022/02/04;0200 UTC;;;;;;;;;;;;;;;;;
2022/02/04;0300 UTC;;;;;;;;;;;;;;;;;
2022/02/04;0400 UTC;;;;;;;;;;;;;;;;;
2022/02/04;0500 UTC;;;;;;;;;;;;;;;;;
2022/02/04;0600 UTC;;;;;;;;;;;;;;;;;
2022/02/04;0700 UTC;;;;;;;;;;;;;;;;;
2022/02/04;0800 UTC;;;;;;;;;;;;;;;;;
2022/02/04;0900 UTC;;;;;;;;;;;;;;;;;
2022/02/04;1000 UTC;;;;;;;;;;;;;;;;;
2022/02/04;1100 UTC;;;;;;;;;;;;;;;;;
2022/02/04;1200 UTC;;;;;;;;;;;;;;;;;
2022/02/04;1300 UTC;;;;;;;;;;;;;;;;;
2022/02/04;1400 UTC;;;;;;;;;;;;;;;;;
2022/02/04;1500 UTC;;;;;;;;;;;;;;;;;
2022/02/04;1600 UTC;;;;;;;;;;;;;;;;;
2022/02/04;1700 UTC;;;;;;;;;;;;;;;;;
2022/02/04;1800 UTC;;;;;;;;;;;;;;;;;
2022/02/04;1900 UTC;;;;;;;;;;;;;;;;;
2022/02/04;2000 UTC;;;;;;;;;;;;;;;;;
2022/02/04;2100 UTC;;;;;;;;;;;;;;;;;
2022/02/04;2200 UTC;;;;;;;;;;;;;;;;;
2022/02/04;2300 UTC;;;;;;;;;;;;;;;;;
2022/02/05;0000 UTC;;;;;;;;;;;;;;;;;
2022/02/05;0100 UTC;;;;;;;;;;;;;;;;;
2022/02/05;0200 UTC;;;;;;;;;;;;;;;;;
2022/02/05;0300 UTC;;;;;;;;;;;;;;;;;
2022/02/05;0400 UTC;;;;;;;;;;;;;;;;;
2022/02/05;0500 UTC;;;;;;;;;;;;;;;;;
2022/02/05;0600 UTC;;;;;;;;;;;;;;;;;
2022/02/05;0700 UTC;;;;;;;;;;;;;;;;;
2022/02/05;0800 UTC;;;;;;;;;;;;;;;;;
2022/02/05;0900 UTC;;;;;;;;;;;;;;;;;
2022/02/05;1000 UTC;;;;;;;;;;;;;;;;;
2022/02/05;1100 UTC;;;;;;;;;;;;;;;;;
2022/02/05;1200 UTC;;;;;;;;;;;;;;;;;
2022/02/05;1300 UTC;;;;;;;;;;;;;;;;;
2022/02/05;1400 UTC;;;;;;;;;;;;;;;;;
2022/02/05;1500 UTC;;;;;;;;;;;;;;;;;
2022/02/05;1600 UTC;;;;;;;;;;;;;;;;;
2022/02/05;1700 UTC;;;;;;;;;;;;;;;;;
2022/02/05;1800 UTC;;;;;;;;;;;;;;;;;
2022/02/05;1900 UTC;;;;;;;;;;;;;;;;;
2022/02/05;2000 UTC;;;;;;;;;;;;;;;;;
2022/02/05;2100 UTC;;;;;;;;;;;;;;;;;
2022/02/05;2200 UTC;;;;;;;;;;;;;;;;;
2022/02/05;2300 UTC;;;;;;;;;;;;;;;;;
2022/02/06;0000 UTC;;;;;;;;;;;;;;;;;
2022/02/06;0100 UTC;;;;;;;;;;;;;;;;;
2022/02/06;0200 UTC;;;;;;;;;;;;;;;;;
2022/02/06;0300 UTC;;;;;;;;;;;;;;;;;
2022/02/06;0400 UTC;;;;;;;;;;;;;;;;;
2022/02/06;0500 UTC;;;;;;;;;;;;;;;;;
2022/02/06;0600 UTC;;;;;;;;;;;;;;;;;
2022/02/06;0700 UTC;;;;;;;;;;;;;;;;;
2022/02/06;0800 UTC;;;;;;;;;;;;;;;;;
2022/02/06;0900 UTC;;;;;;;;;;;;;;;;;
2022/02/06;1000 UTC;;;;;;;;;;;;;;;;;
2022/02/06;1100 UTC;;;;;;;;;;;;;;;;;
2022/02/06;1200 UTC;;;;;;;;;;;;;;;;;
2022/02/06;1300 UTC;;;;;;;;;;;;;;;;;
2022/02/06;1400 UTC;;;;;;;;;;;;;;;;;
2022/02/06;1500 UTC;;;;;;;;;;;;;;;;;
2022/02/06;1600 UTC;;;;;;;;;;;;;;;;;
2022/02/06;1700 UTC;;;;;;;;;;;;;;;;;
2022/02/06;1800 UTC;;;;;;;;;;;;;;;;;
2022/02/06;1900 UTC;;;;;;;;;;;;;;;;;
2022/02/06;2000 UTC;;;;;;;;;;;;;;;;;
2022/02/06;2100 UTC;;;;;;;;;;;;;;;;;
2022/02/06;2200 UTC;;;;;;;;;;;;;;;;;
2022/02/06;2300 UTC;;;;;;;;;;;;;;;;;
2022/02/07;0000 UTC;;;;;;;;;;;;;;;;;
2022/02/07;0100 UTC;;;;;;;;;;;;;;;;;
2022/02/07;0200 UTC;;;;;;;;;;;;;;;;;
2022/02/07;0300 UTC;;;;;;;;;;;;;;;;;
2022/02/07;0400 UTC;;;;;;;;;;;;;;;;;
2022/02/07;0500 UTC;;;;;;;;;;;;;;;;;
2022/02/07;0600 UTC;;;;;;;;;;;;;;;;;
2022/02/07;0700 UTC;;;;;;;;;;;;;;;;;
2022/02/07;0800 UTC;;;;;;;;;;;;;;;;;
2022/02/07;0900 UTC;;;;;;;;;;;;;;;;;
2022/02/07;1000 UTC;;;;;;;;;;;;;;;;;
2022/02/07;1100 UTC;;;;;;;;;;;;;;;;;
2022/02/07;1200 UTC;;;;;;;;;;;;;;;;;
2022/02/07;1300 UTC;;;;;;;;;;;;;;;;;
2022/02/07;1400 UTC;;;;;;;;;;;;;;;;;
2022/02/07;1500 UTC;;;;;;;;;;;;;;;;;
2022/02/07;1600 UTC;;;;;;;;;;;;;;;;;
2022/02/07;1700 UTC;;;;;;;;;;;;;;;;;
2022/02/07;1800 UTC;;;;;;;;;;;;;;;;;
2022/02/07;1900 UTC;;;;;;;;;;;;;;;;;
2022/02/07;2000 UTC;;;;;;;;;;;;;;;;;
2022/02/07;2100 UTC;;;;;;;;;;;;;;;;;
2022/02/07;2200 UTC;;;;;;;;;;;;;;;;;
2022/02/07;2300 UTC;;;;;;;;;;;;;;;;;
2022/02/08;0000 UTC;;;;;;;;;;;;;;;;;
2022/02/08;0100 UTC;;;;;;;;;;;;;;;;;
2022/02/08;0200 UTC;;;;;;;;;;;;;;;;;
2022/02/08;0300 UTC;;;;;;;;;;;;;;;;;
2022/02/08;0400 UTC;;;;;;;;;;;;;;;;;
2022/02/08;0500 UTC;;;;;;;;;;;;;;;;;
2022/02/08;0600 UTC;;;;;;;;;;;;;;;;;
2022/02/08;0700 UTC;;;;;;;;;;;;;;;;;
2022/02/08;0800 UTC;;;;;;;;;;;;;;;;;
2022/02/08;0900 UTC;;;;;;;;;;;;;;;;;
2022/02/08;1000 UTC;;;;;;;;;;;;;;;;;
2022/02/08;1100 UTC;;;;;;;;;;;;;;;;;
2022/02/08;1200 UTC;;;;;;;;;;;;;;;;;
2022/02/08;1300 UTC;;;;;;;;;;;;;;;;;
2022/02/08;1400 UTC;;;;;;;;;;;;;;;;;
2022/02/08;1500 UTC;;;;;;;;;;;;;;;;;
2022/02/08;1600 UTC;;;;;;;;;;;;;;;;;
2022/02/08;1700 UTC;;;;;;;;;;;;;;;;;
2022/02/08;1800 UTC;;;;;;;;;;;;;;;;;
2022/02/08;1900 UTC;;;;;;;;;;;;;;;;;
2022/02/08;2000 UTC;;;;;;;;;;;;;;;;;
2022/02/08;2100 UTC;;;;;;;;;;;;;;;;;
2022/02/08;2200 UTC;;;;;;;;;;;;;;;;;
2022/02/08;2300 UTC;;;;;;;;;;;;;;;;;
2022/02/09;0000 UTC;;;;;;;;;;;;;;;;;
2022/02/09;0100 UTC;;;;;;;;;;;;;;;;;
2022/02/09;0200 UTC;;;;;;;;;;;;;;;;;
2022/02/09;0300 UTC;;;;;;;;;;;;;;;;;
2022/02/09;0400 UTC;;;;;;;;;;;;;;;;;
2022/02/09;0500 UTC;;;;;;;;;;;;;;;;;
2022/02/09;0600 UTC;;;;;;;;;;;;;;;;;
2022/02/09;0700 UTC;;;;;;;;;;;;;;;;;
2022/02/09;0800 UTC;;;;;;;;;;;;;;;;;
2022/02/09;0900 UTC;;;;;;;;;;;;;;;;;
2022/02/09;1000 UTC;;;;;;;;;;;;;;;;;
2022/02/09;1100 UTC;;;;;;;;;;;;;;;;;
2022/02/09;1200 UTC;;;;;;;;;;;;;;;;;
2022/02/09;1300 UTC;;;;;;;;;;;;;;;;;
2022/02/09;1400 UTC;;;;;;;;;;;;;;;;;
2022/02/09;1500 UTC;;;;;;;;;;;;;;;;;
2022/02/09;1600 UTC;;;;;;;;;;;;;;;;;
2022/02/09;1700 UTC;;;;;;;;;;;;;;;;;
2022/02/09;1800 UTC;;;;;;;;;;;;;;;;;
2022/02/09;1900 UTC;;;;;;;;;;;;;;;;;
2022/02/09;2000 UTC;;;;;;;;;;;;;;;;;
2022/02/09;2100 UTC;;;;;;;;;;;;;;;;;
2022/02/09;2200 UTC;;;;;;;;;;;;;;;;;
2022/02/09;2300 UTC;;;;;;;;;;;;;;;;;
2022/02/10;0000 UTC;;;;;;;;;;;;;;;;;
2022/02/10;0100 UTC;;;;;;;;;;;;;;;;;
2022/02/10;0200 UTC;;;;;;;;;;;;;;;;;
2022/02/10;0300 UTC;;;;;;;;;;;;;;;;;
2022/02/10;0400 UTC;;;;;;;;;;;;;;;;;
2022/02/10;0500 UTC;;;;;;;;;;;;;;;;;
2022/02/10;0600 UTC;;;;;;;;;;;;;;;;;
2022/02/10;0700 UTC;;;;;;;;;;;;;;;;;
2022/02/10;0800 UTC;;;;;;;;;;;;;;;;;
2022/02/10;0900 UTC;;;;;;;;;;;;;;;;;
2022/02/10;1000 UTC;;;;;;;;;;;;;;;;;
2022/02/10;1100 UTC;;;;;;;;;;;;;;;;;
2022/02/10;1200 UTC;;;;;;;;;;;;;;;;;
2022/02/10;1300 UTC;;;;;;;;;;;;;;;;;
2022/02/10;1400 UTC;;;;;;;;;;;;;;;;;
2022/02/10;1500 UTC;;;;;;;;;;;;;;;;;
2022/02/10;1600 UTC;;;;;;;;;;;;;;;;;
2022/02/10;1700 UTC;;;;;;;;;;;;;;;;;
2022/02/10;1800 UTC;;;;;;;;;;;;;;;;;
2022/02/10;1900 UTC;;;;;;;;;;;;;;;;;
2022/02/10;2000 UTC;;;;;;;;;;;;;;;;;
2022/02/10;2100 UTC;;;;;;;;;;;;;;;;;
2022/02/10;2200 UTC;;;;;;;;;;;;;;;;;
2022/02/10;2300 UTC;;;;;;;;;;;;;;;;;
2022/02/11;0000 UTC;;;;;;;;;;;;;;;;;
2022/02/11;0100 UTC;;;;;;;;;;;;;;;;;
2022/02/11;0200 UTC;;;;;;;;;;;;;;;;;
2022/02/11;0300 UTC;;;;;;;;;;;;;;;;;
2022/02/11;0400 UTC;;;;;;;;;;;;;;;;;
2022/02/11;0500 UTC;;;;;;;;;;;;;;;;;
2022/02/11;0600 UTC;;;;;;;;;;;;;;;;;
2022/02/11;0700 UTC;;;;;;;;;;;;;;;;;
2022/02/11;0800 UTC;;;;;;;;;;;;;;;;;
2022/02/11;0900 UTC;;;;;;;;;;;;;;;;;
2022/02/11;1000 UTC;;;;;;;;;;;;;;;;;
2022/02/11;1100 UTC;;;;;;;;;;;;;;;;;
2022/02/11;1200 UTC;;;;;;;;;;;;;;;;;
2022/02/11;1300 UTC;;;;;;;;;;;;;;;;;
2022/02/11;1400 UTC;;;;;;;;;;;;;;;;;
2022/02/11;1500 UTC;;;;;;;;;;;;;;;;;
2022/02/11;1600 UTC;;;;;;;;;;;;;;;;;
2022/02/11;1700 UTC;;;;;;;;;;;;;;;;;
2022/02/11;1800 UTC;;;;;;;;;;;;;;;;;
2022/02/11;1900 UTC;;;;;;;;;;;;;;;;;
2022/02/11;2000 UTC;;;;;;;;;;;;;;;;;
2022/02/11;2100 UTC;;;;;;;;;;;;;;;;;
2022/02/11;2200 UTC;;;;;;;;;;;;;;;;;
2022/02/11;2300 UTC;;;;;;;;;;;;;;;;;
2022/02/12;0000 UTC;;;;;;;;;;;;;;;;;
2022/02/12;0100 UTC;;;;;;;;;;;;;;;;;
2022/02/12;0200 UTC;;;;;;;;;;;;;;;;;
2022/02/12;0300 UTC;;;;;;;;;;;;;;;;;
2022/02/12;0400 UTC;;;;;;;;;;;;;;;;;
2022/02/12;0500 UTC;;;;;;;;;;;;;;;;;
2022/02/12;0600 UTC;;;;;;;;;;;;;;;;;
2022/02/12;0700 UTC;;;;;;;;;;;;;;;;;
2022/02/12;0800 UTC;;;;;;;;;;;;;;;;;
2022/02/12;0900 UTC;;;;;;;;;;;;;;;;;
2022/02/12;1000 UTC;;;;;;;;;;;;;;;;;
2022/02/12;1100 UTC;;;;;;;;;;;;;;;;;
2022/02/12;1200 UTC;;;;;;;;;;;;;;;;;
2022/02/12;1300 UTC;;;;;;;;;;;;;;;;;
2022/02/12;1400 UTC;;;;;;;;;;;;;;;;;
2022/02/12;1500 UTC;;;;;;;;;;;;;;;;;
2022/02/12;1600 UTC;;;;;;;;;;;;;;;;;
2022/02/12;1700 UTC;;;;;;;;;;;;;;;;;
2022/02/12;1800 UTC;;;;;;;;;;;;;;;;;
2022/02/12;1900 UTC;;;;;;;;;;;;;;;;;
2022/02/12;2000 UTC;;;;;;;;;;;;;;;;;
2022/02/12;2100 UTC;;;;;;;;;;;;;;;;;
2022/02/12;2200 UTC;;;;;;;;;;;;;;;;;
2022/02/12;2300 UTC;;;;;;;;;;;;;;;;;
2022/02/13;0000 UTC;;;;;;;;;;;;;;;;;
2022/02/13;0100 UTC;;;;;;;;;;;;;;;;;
2022/02/13;0200 UTC;;;;;;;;;;;;;;;;;
2022/02/13;0300 UTC;;;;;;;;;;;;;;;;;
2022/02/13;0400 UTC;;;;;;;;;;;;;;;;;
2022/02/13;0500 UTC;;;;;;;;;;;;;;;;;
2022/02/13;0600 UTC;;;;;;;;;;;;;;;;;
2022/02/13;0700 UTC;;;;;;;;;;;;;;;;;
2022/02/13;0800 UTC;;;;;;;;;;;;;;;;;
2022/02/13;0900 UTC;;;;;;;;;;;;;;;;;
2022/02/13;1000 UTC;;;;;;;;;;;;;;;;;
2022/02/13;1100 UTC;;;;;;;;;;;;;;;;;
2022/02/13;1200 UTC;;;;;;;;;;;;;;;;;
2022/02/13;1300 UTC;;;;;;;;;;;;;;;;;
2022/02/13;1400 UTC;;;;;;;;;;;;;;;;;
2022/02/13;1500 UTC;;;;;;;;;;;;;;;;;
2022/02/13;1600 UTC;;;;;;;;;;;;;;;;;
2022/02/13;1700 UTC;;;;;;;;;;;;;;;;;
2022/02/13;1800 UTC;;;;;;;;;;;;;;;;;
2022/02/13;1900 UTC;;;;;;;;;;;;;;;;;
2022/02/13;2000 UTC;;;;;;;;;;;;;;;;;
2022/02/13;2100 UTC;;;;;;;;;;;;;;;;;
2022/02/13;2200 UTC;;;;;;;;;;;;;;;;;
2022/02/13;2300 UTC;;;;;;;;;;;;;;;;;
2022/02/14;0000 UTC;;;;;;;;;;;;;;;;;
2022/02/14;0100 UTC;;;;;;;;;;;;;;;;;
2022/02/14;0200 UTC;;;;;;;;;;;;;;;;;
2022/02/14;0300 UTC;;;;;;;;;;;;;;;;;
2022/02/14;0400 UTC;;;;;;;;;;;;;;;;;
2022/02/14;0500 UTC;;;;;;;;;;;;;;;;;
2022/02/14;0600 UTC;;;;;;;;;;;;;;;;;
2022/02/14;0700 UTC;;;;;;;;;;;;;;;;;
2022/02/14;0800 UTC;;;;;;;;;;;;;;;;;
2022/02/14;0900 UTC;;;;;;;;;;;;;;;;;
2022/02/14;1000 UTC;;;;;;;;;;;;;;;;;
2022/02/14;1100 UTC;;;;;;;;;;;;;;;;;
2022/02/14;1200 UTC;;;;;;;;;;;;;;;;;
2022/02/14;1300 UTC;;;;;;;;;;;;;;;;;
2022/02/14;1400 UTC;;;;;;;;;;;;;;;;;
2022/02/14;1500 UTC;;;;;;;;;;;;;;;;;
2022/02/14;1600 UTC;;;;;;;;;;;;;;;;;
2022/02/14;1700 UTC;;;;;;;;;;;;;;;;;
2022/02/14;1800 UTC;;;;;;;;;;;;;;;;;
2022/02/14;1900 UTC;;;;;;;;;;;;;;;;;
2022/02/14;2000 UTC;;;;;;;;;;;;;;;;;
2022/02/14;2100 UTC;;;;;;;;;;;;;;;;;
2022/02/14;2200 UTC;;;;;;;;;;;;;;;;;
2022/02/14;2300 UTC;;;;;;;;;;;;;;;;;
2022/02/15;0000 UTC;;;;;;;;;;;;;;;;;
2022/02/15;0100 UTC;;;;;;;;;;;;;;;;;
2022/02/15;0200 UTC;;;;;;;;;;;;;;;;;
2022/02/15;0300 UTC;;;;;;;;;;;;;;;;;
2022/02/15;0400 UTC;;;;;;;;;;;;;;;;;
2022/02/15;0500 UTC;;;;;;;;;;;;;;;;;
2022/02/15;0600 UTC;;;;;;;;;;;;;;;;;
2022/02/15;0700 UTC;;;;;;;;;;;;;;;;;
2022/02/15;0800 UTC;;;;;;;;;;;;;;;;;
2022/02/15;0900 UTC;;;;;;;;;;;;;;;;;
2022/02/15;1000 UTC;;;;;;;;;;;;;;;;;
2022/02/15;1100 UTC;;;;;;;;;;;;;;;;;
2022/02/15;1200 UTC;;;;;;;;;;;;;;;;;
2022/02/15;1300 UTC;;;;;;;;;;;;;;;;;
2022/02/15;1400 UTC;;;;;;;;;;;;;;;;;
2022/02/15;1500 UTC;;;;;;;;;;;;;;;;;
2022/02/15;1600 UTC;;;;;;;;;;;;;;;;;
2022/02/15;1700 UTC;;;;;;;;;;;;;;;;;
2022/02/15;1800 UTC;;;;;;;;;;;;;;;;;
2022/02/15;1900 UTC;;;;;;;;;;;;;;;;;
2022/02/15;2000 UTC;;;;;;;;;;;;;;;;;
2022/02/15;2100 UTC;;;;;;;;;;;;;;;;;
2022/02/15;2200 UTC;;;;;;;;;;;;;;;;;
2022/02/15;2300 UTC;;;;;;;;;;;;;;;;;
2022/02/16;0000 UTC;;;;;;;;;;;;;;;;;
2022/02/16;0100 UTC;;;;;;;;;;;;;;;;;
2022/02/16;0200 UTC;;;;;;;;;;;;;;;;;
2022/02/16;0300 UTC;;;;;;;;;;;;;;;;;
2022/02/16;0400 UTC;;;;;;;;;;;;;;;;;
2022/02/16;0500 UTC;;;;;;;;;;;;;;;;;
2022/02/16;0600 UTC;;;;;;;;;;;;;;;;;
2022/02/16;0700 UTC;;;;;;;;;;;;;;;;;
2022/02/16;0800 UTC;;;;;;;;;;;;;;;;;
2022/02/16;0900 UTC;;;;;;;;;;;;;;;;;
2022/02/16;1000 UTC;;;;;;;;;;;;;;;;;
2022/02/16;1100 UTC;;;;;;;;;;;;;;;;;
2022/02/16;1200 UTC;;;;;;;;;;;;;;;;;
2022/02/16;1300 UTC;;;;;;;;;;;;;;;;;
2022/02/16;1400 UTC;;;;;;;;;;;;;;;;;
2022/02/16;1500 UTC;;;;;;;;;;;;;;;;;
2022/02/16;1600 UTC;;;;;;;;;;;;;;;;;
2022/02/16;1700 UTC;;;;;;;;;;;;;;;;;
2022/02/16;1800 UTC;;;;;;;;;;;;;;;;;
2022/02/16;1900 UTC;;;;;;;;;;;;;;;;;
2022/02/16;2000 UTC;;;;;;;;;;;;;;;;;
2022/02/16;2100 UTC;;;;;;;;;;;;;;;;;
2022/02/16;2200 UTC;;;;;;;;;;;;;;;;;
2022/02/16;2300 UTC;;;;;;;;;;;;;;;;;
2022/02/17;0000 UTC;;;;;;;;;;;;;;;;;
2022/02/17;0100 UTC;;;;;;;;;;;;;;;;;
2022/02/17;0200 UTC;;;;;;;;;;;;;;;;;
2022/02/17;0300 UTC;;;;;;;;;;;;;;;;;
2022/02/17;0400 UTC;;;;;;;;;;;;;;;;;
2022/02/17;0500 UTC;;;;;;;;;;;;;;;;;
2022/02/17;0600 UTC;;;;;;;;;;;;;;;;;
2022/02/17;0700 UTC;;;;;;;;;;;;;;;;;
2022/02/17;0800 UTC;;;;;;;;;;;;;;;;;
2022/02/17;0900 UTC;;;;;;;;;;;;;;;;;
2022/02/17;1000 UTC;;;;;;;;;;;;;;;;;
2022/02/17;1100 UTC;;;;;;;;;;;;;;;;;
2022/02/17;1200 UTC;;;;;;;;;;;;;;;;;
2022/02/17;1300 UTC;;;;;;;;;;;;;;;;;
2022/02/17;1400 UTC;;;;;;;;;;;;;;;;;
2022/02/17;1500 UTC;;;;;;;;;;;;;;;;;
2022/02/17;1600 UTC;;;;;;;;;;;;;;;;;
2022/02/17;1700 UTC;;;;;;;;;;;;;;;;;
2022/02/17;1800 UTC;;;;;;;;;;;;;;;;;
2022/02/17;1900 UTC;;;;;;;;;;;;;;;;;
2022/02/17;2000 UTC;;;;;;;;;;;;;;;;;
2022/02/17;2100 UTC;;;;;;;;;;;;;;;;;
2022/02/17;2200 UTC;;;;;;;;;;;;;;;;;
2022/02/17;2300 UTC;;;;;;;;;;;;;;;;;
2022/02/18;0000 UTC;;;;;;;;;;;;;;;;;
2022/02/18;0100 UTC;;;;;;;;;;;;;;;;;
2022/02/18;0200 UTC;;;;;;;;;;;;;;;;;
2022/02/18;0300 UTC;;;;;;;;;;;;;;;;;
2022/02/18;0400 UTC;;;;;;;;;;;;;;;;;
2022/02/18;0500 UTC;;;;;;;;;;;;;;;;;
2022/02/18;0600 UTC;;;;;;;;;;;;;;;;;
2022/02/18;0700 UTC;;;;;;;;;;;;;;;;;
2022/02/18;0800 UTC;;;;;;;;;;;;;;;;;
2022/02/18;0900 UTC;;;;;;;;;;;;;;;;;
2022/02/18;1000 UTC;;;;;;;;;;;;;;;;;
2022/02/18;1100 UTC;;;;;;;;;;;;;;;;;
2022/02/18;1200 UTC;;;;;;;;;;;;;;;;;
2022/02/18;1300 UTC;;;;;;;;;;;;;;;;;
2022/02/18;1400 UTC;;;;;;;;;;;;;;;;;
2022/02/18;1500 UTC;;;;;;;;;;;;;;;;;
2022/02/18;1600 UTC;;;;;;;;;;;;;;;;;
2022/02/18;1700 UTC;;;;;;;;;;;;;;;;;
2022/02/18;1800 UTC;;;;;;;;;;;;;;;;;
2022/02/18;1900 UTC;;;;;;;;;;;;;;;;;
2022/02/18;2000 UTC;;;;;;;;;;;;;;;;;
2022/02/18;2100 UTC;;;;;;;;;;;;;;;;;
2022/02/18;2200 UTC;;;;;;;;;;;;;;;;;
2022/02/18;2300 UTC;;;;;;;;;;;;;;;;;
2022/02/19;0000 UTC;;;;;;;;;;;;;;;;;
2022/02/19;0100 UTC;;;;;;;;;;;;;;;;;
2022/02/19;0200 UTC;;;;;;;;;;;;;;;;;
2022/02/19;0300 UTC;;;;;;;;;;;;;;;;;
2022/02/19;0400 UTC;;;;;;;;;;;;;;;;;
2022/02/19;0500 UTC;;;;;;;;;;;;;;;;;
2022/02/19;0600 UTC;;;;;;;;;;;;;;;;;
2022/02/19;0700 UTC;;;;;;;;;;;;;;;;;
2022/02/19;0800 UTC;;;;;;;;;;;;;;;;;
2022/02/19;0900 UTC;;;;;;;;;;;;;;;;;
2022/02/19;1000 UTC;;;;;;;;;;;;;;;;;
2022/02/19;1100 UTC;;;;;;;;;;;;;;;;;
2022/02/19;1200 UTC;;;;;;;;;;;;;;;;;
2022/02/19;1300 UTC;;;;;;;;;;;;;;;;;
2022/02/19;1400 UTC;;;;;;;;;;;;;;;;;
2022/02/19;1500 UTC;;;;;;;;;;;;;;;;;
2022/02/19;1600 UTC;;;;;;;;;;;;;;;;;
2022/02/19;1700 UTC;;;;;;;;;;;;;;;;;
2022/02/19;1800 UTC;;;;;;;;;;;;;;;;;
2022/02/19;1900 UTC;;;;;;;;;;;;;;;;;
2022/02/19;2000 UTC;;;;;;;;;;;;;;;;;
2022/02/19;2100 UTC;;;;;;;;;;;;;;;;;
2022/02/19;2200 UTC;;;;;;;;;;;;;;;;;
2022/02/19;2300 UTC;;;;;;;;;;;;;;;;;
2022/02/20;0000 UTC;;;;;;;;;;;;;;;;;
2022/02/20;0100 UTC;;;;;;;;;;;;;;;;;
2022/02/20;0200 UTC;;;;;;;;;;;;;;;;;
2022/02/20;0300 UTC;;;;;;;;;;;;;;;;;
2022/02/20;0400 UTC;;;;;;;;;;;;;;;;;
2022/02/20;0500 UTC;;;;;;;;;;;;;;;;;
2022/02/20;0600 UTC;;;;;;;;;;;;;;;;;
2022/02/20;0700 UTC;;;;;;;;;;;;;;;;;
2022/02/20;0800 UTC;;;;;;;;;;;;;;;;;
2022/02/20;0900 UTC;;;;;;;;;;;;;;;;;
2022/02/20;1000 UTC;;;;;;;;;;;;;;;;;
2022/02/20;1100 UTC;;;;;;;;;;;;;;;;;
2022/02/20;1200 UTC;;;;;;;;;;;;;;;;;
2022/02/20;1300 UTC;;;;;;;;;;;;;;;;;
2022/02/20;1400 UTC;;;;;;;;;;;;;;;;;
2022/02/20;1500 UTC;;;;;;;;;;;;;;;;;
2022/02/20;1600 UTC;;;;;;;;;;;;;;;;;
2022/02/20;1700 UTC;;;;;;;;;;;;;;;;;
2022/02/20;1800 UTC;;;;;;;;;;;;;;;;;
2022/02/20;1900 UTC;;;;;;;;;;;;;;;;;
2022/02/20;2000 UTC;;;;;;;;;;;;;;;;;
2022/02/20;2100 UTC;;;;;;;;;;;;;;;;;
2022/02/20;2200 UTC;;;;;;;;;;;;;;;;;
2022/02/20;2300 UTC;;;;;;;;;;;;;;;;;
2022/02/21;0000 UTC;;;;;;;;;;;;;;;;;
2022/02/21;0100 UTC;;;;;;;;;;;;;;;;;
2022/02/21;0200 UTC;;;;;;;;;;;;;;;;;
2022/02/21;0300 UTC;;;;;;;;;;;;;;;;;
2022/02/21;0400 UTC;;;;;;;;;;;;;;;;;
2022/02/21;0500 UTC;;;;;;;;;;;;;;;;;
2022/02/21;0600 UTC;;;;;;;;;;;;;;;;;
2022/02/21;0700 UTC;;;;;;;;;;;;;;;;;
2022/02/21;0800 UTC;;;;;;;;;;;;;;;;;
2022/02/21;0900 UTC;;;;;;;;;;;;;;;;;
2022/02/21;1000 UTC;;;;;;;;;;;;;;;;;
2022/02/21;1100 UTC;;;;;;;;;;;;;;;;;
2022/02/21;1200 UTC;;;;;;;;;;;;;;;;;
2022/02/21;1300 UTC;;;;;;;;;;;;;;;;;
2022/02/21;1400 UTC;;;;;;;;;;;;;;;;;
2022/02/21;1500 UTC;;;;;;;;;;;;;;;;;
2022/02/21;1600 UTC;;;;;;;;;;;;;;;;;
2022/02/21;1700 UTC;;;;;;;;;;;;;;;;;
2022/02/21;1800 UTC;;;;;;;;;;;;;;;;;
2022/02/21;1900 UTC;;;;;;;;;;;;;;;;;
2022/02/21;2000 UTC;;;;;;;;;;;;;;;;;
2022/02/21;2100 UTC;;;;;;;;;;;;;;;;;
2022/02/21;2200 UTC;;;;;;;;;;;;;;;;;
2022/02/21;2300 UTC;;;;;;;;;;;;;;;;;
2022/02/22;0000 UTC;;;;;;;;;;;;;;;;;
2022/02/22;0100 UTC;;;;;;;;;;;;;;;;;
2022/02/22;0200 UTC;;;;;;;;;;;;;;;;;
2022/02/22;0300 UTC;;;;;;;;;;;;;;;;;
2022/02/22;0400 UTC;;;;;;;;;;;;;;;;;
2022/02/22;0500 UTC;;;;;;;;;;;;;;;;;
2022/02/22;0600 UTC;;;;;;;;;;;;;;;;;
2022/02/22;0700 UTC;;;;;;;;;;;;;;;;;
2022/02/22;0800 UTC;;;;;;;;;;;;;;;;;
2022/02/22;0900 UTC;;;;;;;;;;;;;;;;;
2022/02/22;1000 UTC;;;;;;;;;;;;;;;;;
2022/02/22;1100 UTC;;;;;;;;;;;;;;;;;
2022/02/22;1200 UTC;;;;;;;;;;;;;;;;;
2022/02/22;1300 UTC;;;;;;;;;;;;;;;;;
2022/02/22;1400 UTC;;;;;;;;;;;;;;;;;
2022/02/22;1500 UTC;;;;;;;;;;;;;;;;;
2022/02/22;1600 UTC;;;;;;;;;;;;;;;;;
2022/02/22;1700 UTC;;;;;;;;;;;;;;;;;
2022/02/22;1800 UTC;;;;;;;;;;;;;;;;;
2022/02/22;1900 UTC;;;;;;;;;;;;;;;;;
2022/02/22;2000 UTC;;;;;;;;;;;;;;;;;
2022/02/22;2100 UTC;;;;;;;;;;;;;;;;;
2022/02/22;2200 UTC;;;;;;;;;;;;;;;;;
2022/02/22;2300 UTC;;;;;;;;;;;;;;;;;
2022/02/23;0000 UTC;;;;;;;;;;;;;;;;;
2022/02/23;0100 UTC;;;;;;;;;;;;;;;;;
2022/02/23;0200 UTC;;;;;;;;;;;;;;;;;
2022/02/23;0300 UTC;;;;;;;;;;;;;;;;;
2022/02/23;0400 UTC;;;;;;;;;;;;;;;;;
2022/02/23;0500 UTC;;;;;;;;;;;;;;;;;
2022/02/23;0600 UTC;;;;;;;;;;;;;;;;;
2022/02/23;0700 UTC;;;;;;;;;;;;;;;;;
2022/02/23;0800 UTC;;;;;;;;;;;;;;;;;
2022/02/23;0900 UTC;;;;;;;;;;;;;;;;;
2022/02/23;1000 UTC;;;;;;;;;;;;;;;;;
2022/02/23;1100 UTC;;;;;;;;;;;;;;;;;
2022/02/23;1200 UTC;;;;;;;;;;;;;;;;;
2022/02/23;1300 UTC;;;;;;;;;;;;;;;;;
2022/02/23;1400 UTC;;;;;;;;;;;;;;;;;
2022/02/23;1500 UTC;;;;;;;;;;;;;;;;;
2022/02/23;1600 UTC;;;;;;;;;;;;;;;;;
2022/02/23;1700 UTC;;;;;;;;;;;;;;;;;
2022/02/23;1800 UTC;;;;;;;;;;;;;;;;;
2022/02/23;1900 UTC;;;;;;;;;;;;;;;;;
2022/02/23;2000 UTC;;;;;;;;;;;;;;;;;
2022/02/23;2100 UTC;;;;;;;;;;;;;;;;;
2022/02/23;2200 UTC;;;;;;;;;;;;;;;;;
2022/02/23;2300 UTC;;;;;;;;;;;;;;;;;
2022/02/24;0000 UTC;;;;;;;;;;;;;;;;;
2022/02/24;0100 UTC;;;;;;;;;;;;;;;;;
2022/02/24;0200 UTC;;;;;;;;;;;;;;;;;
2022/02/24;0300 UTC;;;;;;;;;;;;;;;;;
2022/02/24;0400 UTC;;;;;;;;;;;;;;;;;
2022/02/24;0500 UTC;;;;;;;;;;;;;;;;;
2022/02/24;0600 UTC;;;;;;;;;;;;;;;;;
2022/02/24;0700 UTC;;;;;;;;;;;;;;;;;
2022/02/24;0800 UTC;;;;;;;;;;;;;;;;;
2022/02/24;0900 UTC;;;;;;;;;;;;;;;;;
2022/02/24;1000 UTC;;;;;;;;;;;;;;;;;
2022/02/24;1100 UTC;;;;;;;;;;;;;;;;;
2022/02/24;1200 UTC;;;;;;;;;;;;;;;;;
2022/02/24;1300 UTC;;;;;;;;;;;;;;;;;
2022/02/24;1400 UTC;;;;;;;;;;;;;;;;;
2022/02/24;1500 UTC;;;;;;;;;;;;;;;;;
2022/02/24;1600 UTC;;;;;;;;;;;;;;;;;
2022/02/24;1700 UTC;;;;;;;;;;;;;;;;;
2022/02/24;1800 UTC;;;;;;;;;;;;;;;;;
2022/02/24;1900 UTC;;;;;;;;;;;;;;;;;
2022/02/24;2000 UTC;;;;;;;;;;;;;;;;;
2022/02/24;2100 UTC;;;;;;;;;;;;;;;;;
2022/02/24;2200 UTC;;;;;;;;;;;;;;;;;
2022/02/24;2300 UTC;;;;;;;;;;;;;;;;;
2022/02/25;0000 UTC;;;;;;;;;;;;;;;;;
2022/02/25;0100 UTC;;;;;;;;;;;;;;;;;
2022/02/25;0200 UTC;;;;;;;;;;;;;;;;;
2022/02/25;0300 UTC;;;;;;;;;;;;;;;;;
2022/02/25;0400 UTC;;;;;;;;;;;;;;;;;
2022/02/25;0500 UTC;;;;;;;;;;;;;;;;;
2022/02/25;0600 UTC;;;;;;;;;;;;;;;;;
2022/02/25;0700 UTC;;;;;;;;;;;;;;;;;
2022/02/25;0800 UTC;;;;;;;;;;;;;;;;;
2022/02/25;0900 UTC;;;;;;;;;;;;;;;;;
2022/02/25;1000 UTC;;;;;;;;;;;;;;;;;
2022/02/25;1100 UTC;;;;;;;;;;;;;;;;;
2022/02/25;1200 UTC;;;;;;;;;;;;;;;;;
2022/02/25;1300 UTC;;;;;;;;;;;;;;;;;
2022/02/25;1400 UTC;;;;;;;;;;;;;;;;;
2022/02/25;1500 UTC;;;;;;;;;;;;;;;;;
2022/02/25;1600 UTC;;;;;;;;;;;;;;;;;
2022/02/25;1700 UTC;;;;;;;;;;;;;;;;;
2022/02/25;1800 UTC;;;;;;;;;;;;;;;;;
2022/02/25;1900 UTC;;;;;;;;;;;;;;;;;
2022/02/25;2000 UTC;;;;;;;;;;;;;;;;;
2022/02/25;2100 UTC;;;;;;;;;;;;;;;;;
2022/02/25;2200 UTC;;;;;;;;;;;;;;;;;
2022/02/25;2300 UTC;;;;;;;;;;;;;;;;;
2022/02/26;0000 UTC;;;;;;;;;;;;;;;;;
2022/02/26;0100 UTC;;;;;;;;;;;;;;;;;
2022/02/26;0200 UTC;;;;;;;;;;;;;;;;;
2022/02/26;0300 UTC;;;;;;;;;;;;;;;;;
2022/02/26;0400 UTC;;;;;;;;;;;;;;;;;
2022/02/26;0500 UTC;;;;;;;;;;;;;;;;;
2022/02/26;0600 UTC;;;;;;;;;;;;;;;;;
2022/02/26;0700 UTC;;;;;;;;;;;;;;;;;
2022/02/26;0800 UTC;;;;;;;;;;;;;;;;;
2022/02/26;0900 UTC;;;;;;;;;;;;;;;;;
2022/02/26;1000 UTC;;;;;;;;;;;;;;;;;
2022/02/26;1100 UTC;;;;;;;;;;;;;;;;;
2022/02/26;1200 UTC;;;;;;;;;;;;;;;;;
2022/02/26;1300 UTC;;;;;;;;;;;;;;;;;
2022/02/26;1400 UTC;;;;;;;;;;;;;;;;;
2022/02/26;1500 UTC;;;;;;;;;;;;;;;;;
2022/02/26;1600 UTC;;;;;;;;;;;;;;;;;
2022/02/26;1700 UTC;;;;;;;;;;;;;;;;;
2022/02/26;1800 UTC;;;;;;;;;;;;;;;;;
2022/02/26;1900 UTC;;;;;;;;;;;;;;;;;
2022/02/26;2000 UTC;;;;;;;;;;;;;;;;;
2022/02/26;2100 UTC;;;;;;;;;;;;;;;;;
2022/02/26;2200 UTC;;;;;;;;;;;;;;;;;
2022/02/26;2300 UTC;;;;;;;;;;;;;;;;;
2022/02/27;0000 UTC;;;;;;;;;;;;;;;;;
2022/02/27;0100 UTC;;;;;;;;;;;;;;;;;
2022/02/27;0200 UTC;;;;;;;;;;;;;;;;;
2022/02/27;0300 UTC;;;;;;;;;;;;;;;;;
2022/02/27;0400 UTC;;;;;;;;;;;;;;;;;
2022/02/27;0500 UTC;;;;;;;;;;;;;;;;;
2022/02/27;0600 UTC;;;;;;;;;;;;;;;;;
2022/02/27;0700 UTC;;;;;;;;;;;;;;;;;
2022/02/27;0800 UTC;;;;;;;;;;;;;;;;;
2022/02/27;0900 UTC;;;;;;;;;;;;;;;;;
2022/02/27;1000 UTC;;;;;;;;;;;;;;;;;
2022/02/27;1100 UTC;;;;;;;;;;;;;;;;;
2022/02/27;1200 UTC;;;;;;;;;;;;;;;;;
2022/02/27;1300 UTC;;;;;;;;;;;;;;;;;
2022/02/27;1400 UTC;;;;;;;;;;;;;;;;;
2022/02/27;1500 UTC;;;;;;;;;;;;;;;;;
2022/02/27;1600 UTC;;;;;;;;;;;;;;;;;
2022/02/27;1700 UTC;;;;;;;;;;;;;;;;;
2022/02/27;1800 UTC;;;;;;;;;;;;;;;;;
2022/02/27;1900 UTC;;;;;;;;;;;;;;;;;
2022/02/27;2000 UTC;;;;;;;;;;;;;;;;;
2022/02/27;2100 UTC;;;;;;;;;;;;;;;;;
2022/02/27;2200 UTC;;;;;;;;;;;;;;;;;
2022/02/27;2300 UTC;;;;;;;;;;;;;;;;;
2022/02/28;0000 UTC;;;;;;;;;;;;;;;;;
2022/02/28;0100 UTC;;;;;;;;;;;;;;;;;
2022/02/28;0200 UTC;;;;;;;;;;;;;;;;;
2022/02/28;0300 UTC;;;;;;;;;;;;;;;;;
2022/02/28;0400 UTC;;;;;;;;;;;;;;;;;
2022/02/28;0500 UTC;;;;;;;;;;;;;;;;;
2022/02/28;0600 UTC;;;;;;;;;;;;;;;;;
2022/02/28;0700 UTC;;;;;;;;;;;;;;;;;
2022/02/28;0800 UTC;;;;;;;;;;;;;;;;;
2022/02/28;0900 UTC;;;;;;;;;;;;;;;;;
2022/02/28;1000 UTC;;;;;;;;;;;;;;;;;
2022/02/28;1100 UTC;;;;;;;;;;;;;;;;;
2022/02/28;1200 UTC;;;;;;;;;;;;;;;;;
2022/02/28;1300 UTC;;;;;;;;;;;;;;;;;
2022/02/28;1400 UTC;;;;;;;;;;;;;;;;;
2022/02/28;1500 UTC;;;;;;;;;;;;;;;;;
2022/02/28;1600 UTC;;;;;;;;;;;;;;;;;
2022/02/28;1700 UTC;;;;;;;;;;;;;;;;;
2022/02/28;1800 UTC;;;;;;;;;;;;;;;;;
2022/02/28;1900 UTC;;;;;;;;;;;;;;;;;
2022/02/28;2000 UTC;;;;;;;;;;;;;;;;;
2022/02/28;2100 UTC;;;;;;;;;;;;;;;;;
2022/02/28;2200 UTC;;;;;;;;;;;;;;;;;
2022/02/28;2300 UTC;;;;;;;;;;;;;;;;;
2022/03/01;0000 UTC;;;;;;;;;;;;;;;;;
2022/03/01;0100 UTC;;;;;;;;;;;;;;;;;
2022/03/01;0200 UTC;;;;;;;;;;;;;;;;;
2022/03/01;0300 UTC;;;;;;;;;;;;;;;;;
2022/03/01;0400 UTC;;;;;;;;;;;;;;;;;
2022/03/01;0500 UTC;;;;;;;;;;;;;;;;;
2022/03/01;0600 UTC;;;;;;;;;;;;;;;;;
2022/03/01;0700 UTC;;;;;;;;;;;;;;;;;
2022/03/01;0800 UTC;;;;;;;;;;;;;;;;;
2022/03/01;0900 UTC;;;;;;;;;;;;;;;;;
2022/03/01;1000 UTC;;;;;;;;;;;;;;;;;
2022/03/01;1100 UTC;;;;;;;;;;;;;;;;;
2022/03/01;1200 UTC;;;;;;;;;;;;;;;;;
2022/03/01;1300 UTC;;;;;;;;;;;;;;;;;
2022/03/01;1400 UTC;;;;;;;;;;;;;;;;;
2022/03/01;1500 UTC;;;;;;;;;;;;;;;;;
2022/03/01;1600 UTC;;;;;;;;;;;;;;;;;
2022/03/01;1700 UTC;;;;;;;;;;;;;;;;;
2022/03/01;1800 UTC;;;;;;;;;;;;;;;;;
2022/03/01;1900 UTC;;;;;;;;;;;;;;;;;
2022/03/01;2000 UTC;;;;;;;;;;;;;;;;;
2022/03/01;2100 UTC;;;;;;;;;;;;;;;;;
2022/03/01;2200 UTC;;;;;;;;;;;;;;;;;
2022/03/01;2300 UTC;;;;;;;;;;;;;;;;;
2022/03/02;0000 UTC;;;;;;;;;;;;;;;;;
2022/03/02;0100 UTC;;;;;;;;;;;;;;;;;
2022/03/02;0200 UTC;;;;;;;;;;;;;;;;;
2022/03/02;0300 UTC;;;;;;;;;;;;;;;;;
2022/03/02;0400 UTC;;;;;;;;;;;;;;;;;
2022/03/02;0500 UTC;;;;;;;;;;;;;;;;;
2022/03/02;0600 UTC;;;;;;;;;;;;;;;;;
2022/03/02;0700 UTC;;;;;;;;;;;;;;;;;
2022/03/02;0800 UTC;;;;;;;;;;;;;;;;;
2022/03/02;0900 UTC;;;;;;;;;;;;;;;;;
2022/03/02;1000 UTC;;;;;;;;;;;;;;;;;
2022/03/02;1100 UTC;;;;;;;;;;;;;;;;;
2022/03/02;1200 UTC;;;;;;;;;;;;;;;;;
2022/03/02;1300 UTC;;;;;;;;;;;;;;;;;
2022/03/02;1400 UTC;;;;;;;;;;;;;;;;;
2022/03/02;1500 UTC;;;;;;;;;;;;;;;;;
2022/03/02;1600 UTC;;;;;;;;;;;;;;;;;
2022/03/02;1700 UTC;;;;;;;;;;;;;;;;;
2022/03/02;1800 UTC;;;;;;;;;;;;;;;;;
2022/03/02;1900 UTC;;;;;;;;;;;;;;;;;
2022/03/02;2000 UTC;;;;;;;;;;;;;;;;;
2022/03/02;2100 UTC;;;;;;;;;;;;;;;;;
2022/03/02;2200 UTC;;;;;;;;;;;;;;;;;
2022/03/02;2300 UTC;;;;;;;;;;;;;;;;;
2022/03/03;0000 UTC;;;;;;;;;;;;;;;;;
2022/03/03;0100 UTC;;;;;;;;;;;;;;;;;
2022/03/03;0200 UTC;;;;;;;;;;;;;;;;;
2022/03/03;0300 UTC;;;;;;;;;;;;;;;;;
2022/03/03;0400 UTC;;;;;;;;;;;;;;;;;
2022/03/03;0500 UTC;;;;;;;;;;;;;;;;;
2022/03/03;0600 UTC;;;;;;;;;;;;;;;;;
2022/03/03;0700 UTC;;;;;;;;;;;;;;;;;
2022/03/03;0800 UTC;;;;;;;;;;;;;;;;;
2022/03/03;0900 UTC;;;;;;;;;;;;;;;;;
2022/03/03;1000 UTC;;;;;;;;;;;;;;;;;
2022/03/03;1100 UTC;;;;;;;;;;;;;;;;;
2022/03/03;1200 UTC;;;;;;;;;;;;;;;;;
2022/03/03;1300 UTC;;;;;;;;;;;;;;;;;
2022/03/03;1400 UTC;;;;;;;;;;;;;;;;;
2022/03/03;1500 UTC;;;;;;;;;;;;;;;;;
2022/03/03;1600 UTC;;;;;;;;;;;;;;;;;
2022/03/03;1700 UTC;;;;;;;;;;;;;;;;;
2022/03/03;1800 UTC;;;;;;;;;;;;;;;;;
2022/03/03;1900 UTC;;;;;;;;;;;;;;;;;
2022/03/03;2000 UTC;;;;;;;;;;;;;;;;;
2022/03/03;2100 UTC;;;;;;;;;;;;;;;;;
2022/03/03;2200 UTC;;;;;;;;;;;;;;;;;
2022/03/03;2300 UTC;;;;;;;;;;;;;;;;;
2022/03/04;0000 UTC;;;;;;;;;;;;;;;;;
2022/03/04;0100 UTC;;;;;;;;;;;;;;;;;
2022/03/04;0200 UTC;;;;;;;;;;;;;;;;;
2022/03/04;0300 UTC;;;;;;;;;;;;;;;;;
2022/03/04;0400 UTC;;;;;;;;;;;;;;;;;
2022/03/04;0500 UTC;;;;;;;;;;;;;;;;;
2022/03/04;0600 UTC;;;;;;;;;;;;;;;;;
2022/03/04;0700 UTC;;;;;;;;;;;;;;;;;
2022/03/04;0800 UTC;;;;;;;;;;;;;;;;;
2022/03/04;0900 UTC;;;;;;;;;;;;;;;;;
2022/03/04;1000 UTC;;;;;;;;;;;;;;;;;
2022/03/04;1100 UTC;;;;;;;;;;;;;;;;;
2022/03/04;1200 UTC;;;;;;;;;;;;;;;;;
2022/03/04;1300 UTC;;;;;;;;;;;;;;;;;
2022/03/04;1400 UTC;;;;;;;;;;;;;;;;;
2022/03/04;1500 UTC;;;;;;;;;;;;;;;;;
2022/03/04;1600 UTC;;;;;;;;;;;;;;;;;
2022/03/04;1700 UTC;;;;;;;;;;;;;;;;;
2022/03/04;1800 UTC;;;;;;;;;;;;;;;;;
2022/03/04;1900 UTC;;;;;;;;;;;;;;;;;
2022/03/04;2000 UTC;;;;;;;;;;;;;;;;;
2022/03/04;2100 UTC;;;;;;;;;;;;;;;;;
2022/03/04;2200 UTC;;;;;;;;;;;;;;;;;
2022/03/04;2300 UTC;;;;;;;;;;;;;;;;;
2022/03/05;0000 UTC;;;;;;;;;;;;;;;;;
2022/03/05;0100 UTC;;;;;;;;;;;;;;;;;
2022/03/05;0200 UTC;;;;;;;;;;;;;;;;;
2022/03/05;0300 UTC;;;;;;;;;;;;;;;;;
2022/03/05;0400 UTC;;;;;;;;;;;;;;;;;
2022/03/05;0500 UTC;;;;;;;;;;;;;;;;;
2022/03/05;0600 UTC;;;;;;;;;;;;;;;;;
2022/03/05;0700 UTC;;;;;;;;;;;;;;;;;
2022/03/05;0800 UTC;;;;;;;;;;;;;;;;;
2022/03/05;0900 UTC;;;;;;;;;;;;;;;;;
2022/03/05;1000 UTC;;;;;;;;;;;;;;;;;
2022/03/05;1100 UTC;;;;;;;;;;;;;;;;;
2022/03/05;1200 UTC;;;;;;;;;;;;;;;;;
2022/03/05;1300 UTC;;;;;;;;;;;;;;;;;
2022/03/05;1400 UTC;;;;;;;;;;;;;;;;;
2022/03/05;1500 UTC;;;;;;;;;;;;;;;;;
2022/03/05;1600 UTC;;;;;;;;;;;;;;;;;
2022/03/05;1700 UTC;;;;;;;;;;;;;;;;;
2022/03/05;1800 UTC;;;;;;;;;;;;;;;;;
2022/03/05;1900 UTC;;;;;;;;;;;;;;;;;
2022/03/05;2000 UTC;;;;;;;;;;;;;;;;;
2022/03/05;2100 UTC;;;;;;;;;;;;;;;;;
2022/03/05;2200 UTC;;;;;;;;;;;;;;;;;
2022/03/05;2300 UTC;;;;;;;;;;;;;;;;;
2022/03/06;0000 UTC;;;;;;;;;;;;;;;;;
2022/03/06;0100 UTC;;;;;;;;;;;;;;;;;
2022/03/06;0200 UTC;;;;;;;;;;;;;;;;;
2022/03/06;0300 UTC;;;;;;;;;;;;;;;;;
2022/03/06;0400 UTC;;;;;;;;;;;;;;;;;
2022/03/06;0500 UTC;;;;;;;;;;;;;;;;;
2022/03/06;0600 UTC;;;;;;;;;;;;;;;;;
2022/03/06;0700 UTC;;;;;;;;;;;;;;;;;
2022/03/06;0800 UTC;;;;;;;;;;;;;;;;;
2022/03/06;0900 UTC;;;;;;;;;;;;;;;;;
2022/03/06;1000 UTC;;;;;;;;;;;;;;;;;
2022/03/06;1100 UTC;;;;;;;;;;;;;;;;;
2022/03/06;1200 UTC;;;;;;;;;;;;;;;;;
2022/03/06;1300 UTC;;;;;;;;;;;;;;;;;
2022/03/06;1400 UTC;;;;;;;;;;;;;;;;;
2022/03/06;1500 UTC;;;;;;;;;;;;;;;;;
2022/03/06;1600 UTC;;;;;;;;;;;;;;;;;
2022/03/06;1700 UTC;;;;;;;;;;;;;;;;;
2022/03/06;1800 UTC;;;;;;;;;;;;;;;;;
2022/03/06;1900 UTC;;;;;;;;;;;;;;;;;
2022/03/06;2000 UTC;;;;;;;;;;;;;;;;;
2022/03/06;2100 UTC;;;;;;;;;;;;;;;;;
2022/03/06;2200 UTC;;;;;;;;;;;;;;;;;
2022/03/06;2300 UTC;;;;;;;;;;;;;;;;;
2022/03/07;0000 UTC;;;;;;;;;;;;;;;;;
2022/03/07;0100 UTC;;;;;;;;;;;;;;;;;
2022/03/07;0200 UTC;;;;;;;;;;;;;;;;;
2022/03/07;0300 UTC;;;;;;;;;;;;;;;;;
2022/03/07;0400 UTC;;;;;;;;;;;;;;;;;
2022/03/07;0500 UTC;;;;;;;;;;;;;;;;;
2022/03/07;0600 UTC;;;;;;;;;;;;;;;;;
2022/03/07;0700 UTC;;;;;;;;;;;;;;;;;
2022/03/07;0800 UTC;;;;;;;;;;;;;;;;;
2022/03/07;0900 UTC;;;;;;;;;;;;;;;;;
2022/03/07;1000 UTC;;;;;;;;;;;;;;;;;
2022/03/07;1100 UTC;;;;;;;;;;;;;;;;;
2022/03/07;1200 UTC;;;;;;;;;;;;;;;;;
2022/03/07;1300 UTC;;;;;;;;;;;;;;;;;
2022/03/07;1400 UTC;;;;;;;;;;;;;;;;;
2022/03/07;1500 UTC;;;;;;;;;;;;;;;;;
2022/03/07;1600 UTC;;;;;;;;;;;;;;;;;
2022/03/07;1700 UTC;;;;;;;;;;;;;;;;;
2022/03/07;1800 UTC;;;;;;;;;;;;;;;;;
2022/03/07;1900 UTC;;;;;;;;;;;;;;;;;
2022/03/07;2000 UTC;;;;;;;;;;;;;;;;;
2022/03/07;2100 UTC;;;;;;;;;;;;;;;;;
2022/03/07;2200 UTC;;;;;;;;;;;;;;;;;
2022/03/07;2300 UTC;;;;;;;;;;;;;;;;;
2022/03/08;0000 UTC;;;;;;;;;;;;;;;;;
2022/03/08;0100 UTC;;;;;;;;;;;;;;;;;
2022/03/08;0200 UTC;;;;;;;;;;;;;;;;;
2022/03/08;0300 UTC;;;;;;;;;;;;;;;;;
2022/03/08;0400 UTC;;;;;;;;;;;;;;;;;
2022/03/08;0500 UTC;;;;;;;;;;;;;;;;;
2022/03/08;0600 UTC;;;;;;;;;;;;;;;;;
2022/03/08;0700 UTC;;;;;;;;;;;;;;;;;
2022/03/08;0800 UTC;;;;;;;;;;;;;;;;;
2022/03/08;0900 UTC;;;;;;;;;;;;;;;;;
2022/03/08;1000 UTC;;;;;;;;;;;;;;;;;
2022/03/08;1100 UTC;;;;;;;;;;;;;;;;;
2022/03/08;1200 UTC;;;;;;;;;;;;;;;;;
2022/03/08;1300 UTC;;;;;;;;;;;;;;;;;
2022/03/08;1400 UTC;;;;;;;;;;;;;;;;;
2022/03/08;1500 UTC;;;;;;;;;;;;;;;;;
2022/03/08;1600 UTC;;;;;;;;;;;;;;;;;
2022/03/08;1700 UTC;;;;;;;;;;;;;;;;;
2022/03/08;1800 UTC;;;;;;;;;;;;;;;;;
2022/03/08;1900 UTC;;;;;;;;;;;;;;;;;
2022/03/08;2000 UTC;;;;;;;;;;;;;;;;;
2022/03/08;2100 UTC;;;;;;;;;;;;;;;;;
2022/03/08;2200 UTC;;;;;;;;;;;;;;;;;
2022/03/08;2300 UTC;;;;;;;;;;;;;;;;;
2022/03/09;0000 UTC;;;;;;;;;;;;;;;;;
2022/03/09;0100 UTC;;;;;;;;;;;;;;;;;
2022/03/09;0200 UTC;;;;;;;;;;;;;;;;;
2022/03/09;0300 UTC;;;;;;;;;;;;;;;;;
2022/03/09;0400 UTC;;;;;;;;;;;;;;;;;
2022/03/09;0500 UTC;;;;;;;;;;;;;;;;;
2022/03/09;0600 UTC;;;;;;;;;;;;;;;;;
2022/03/09;0700 UTC;;;;;;;;;;;;;;;;;
2022/03/09;0800 UTC;;;;;;;;;;;;;;;;;
2022/03/09;0900 UTC;;;;;;;;;;;;;;;;;
2022/03/09;1000 UTC;;;;;;;;;;;;;;;;;
2022/03/09;1100 UTC;;;;;;;;;;;;;;;;;
2022/03/09;1200 UTC;;;;;;;;;;;;;;;;;
2022/03/09;1300 UTC;;;;;;;;;;;;;;;;;
2022/03/09;1400 UTC;;;;;;;;;;;;;;;;;
2022/03/09;1500 UTC;;;;;;;;;;;;;;;;;
2022/03/09;1600 UTC;;;;;;;;;;;;;;;;;
2022/03/09;1700 UTC;;;;;;;;;;;;;;;;;
2022/03/09;1800 UTC;;;;;;;;;;;;;;;;;
2022/03/09;1900 UTC;;;;;;;;;;;;;;;;;
2022/03/09;2000 UTC;;;;;;;;;;;;;;;;;
2022/03/09;2100 UTC;;;;;;;;;;;;;;;;;
2022/03/09;2200 UTC;;;;;;;;;;;;;;;;;
2022/03/09;2300 UTC;;;;;;;;;;;;;;;;;
2022/03/10;0000 UTC;;;;;;;;;;;;;;;;;
2022/03/10;0100 UTC;;;;;;;;;;;;;;;;;
2022/03/10;0200 UTC;;;;;;;;;;;;;;;;;
2022/03/10;0300 UTC;;;;;;;;;;;;;;;;;
2022/03/10;0400 UTC;;;;;;;;;;;;;;;;;
2022/03/10;0500 UTC;;;;;;;;;;;;;;;;;
2022/03/10;0600 UTC;;;;;;;;;;;;;;;;;
2022/03/10;0700 UTC;;;;;;;;;;;;;;;;;
2022/03/10;0800 UTC;;;;;;;;;;;;;;;;;
2022/03/10;0900 UTC;;;;;;;;;;;;;;;;;
2022/03/10;1000 UTC;;;;;;;;;;;;;;;;;
2022/03/10;1100 UTC;;;;;;;;;;;;;;;;;
2022/03/10;1200 UTC;;;;;;;;;;;;;;;;;
2022/03/10;1300 UTC;;;;;;;;;;;;;;;;;
2022/03/10;1400 UTC;;;;;;;;;;;;;;;;;
2022/03/10;1500 UTC;;;;;;;;;;;;;;;;;
2022/03/10;1600 UTC;;;;;;;;;;;;;;;;;
2022/03/10;1700 UTC;;;;;;;;;;;;;;;;;
2022/03/10;1800 UTC;;;;;;;;;;;;;;;;;
2022/03/10;1900 UTC;;;;;;;;;;;;;;;;;
2022/03/10;2000 UTC;;;;;;;;;;;;;;;;;
2022/03/10;2100 UTC;;;;;;;;;;;;;;;;;
2022/03/10;2200 UTC;;;;;;;;;;;;;;;;;
2022/03/10;2300 UTC;;;;;;;;;;;;;;;;;
2022/03/11;0000 UTC;;;;;;;;;;;;;;;;;
2022/03/11;0100 UTC;;;;;;;;;;;;;;;;;
2022/03/11;0200 UTC;;;;;;;;;;;;;;;;;
2022/03/11;0300 UTC;;;;;;;;;;;;;;;;;
2022/03/11;0400 UTC;;;;;;;;;;;;;;;;;
2022/03/11;0500 UTC;;;;;;;;;;;;;;;;;
2022/03/11;0600 UTC;;;;;;;;;;;;;;;;;
2022/03/11;0700 UTC;;;;;;;;;;;;;;;;;
2022/03/11;0800 UTC;;;;;;;;;;;;;;;;;
2022/03/11;0900 UTC;;;;;;;;;;;;;;;;;
2022/03/11;1000 UTC;;;;;;;;;;;;;;;;;
2022/03/11;1100 UTC;;;;;;;;;;;;;;;;;
2022/03/11;1200 UTC;;;;;;;;;;;;;;;;;
2022/03/11;1300 UTC;;;;;;;;;;;;;;;;;
2022/03/11;1400 UTC;;;;;;;;;;;;;;;;;
2022/03/11;1500 UTC;;;;;;;;;;;;;;;;;
2022/03/11;1600 UTC;;;;;;;;;;;;;;;;;
2022/03/11;1700 UTC;;;;;;;;;;;;;;;;;
2022/03/11;1800 UTC;;;;;;;;;;;;;;;;;
2022/03/11;1900 UTC;;;;;;;;;;;;;;;;;
2022/03/11;2000 UTC;;;;;;;;;;;;;;;;;
2022/03/11;2100 UTC;;;;;;;;;;;;;;;;;
2022/03/11;2200 UTC;;;;;;;;;;;;;;;;;
2022/03/11;2300 UTC;;;;;;;;;;;;;;;;;
2022/03/12;0000 UTC;;;;;;;;;;;;;;;;;
2022/03/12;0100 UTC;;;;;;;;;;;;;;;;;
2022/03/12;0200 UTC;;;;;;;;;;;;;;;;;
2022/03/12;0300 UTC;;;;;;;;;;;;;;;;;
2022/03/12;0400 UTC;;;;;;;;;;;;;;;;;
2022/03/12;0500 UTC;;;;;;;;;;;;;;;;;
2022/03/12;0600 UTC;;;;;;;;;;;;;;;;;
2022/03/12;0700 UTC;;;;;;;;;;;;;;;;;
2022/03/12;0800 UTC;;;;;;;;;;;;;;;;;
2022/03/12;0900 UTC;;;;;;;;;;;;;;;;;
2022/03/12;1000 UTC;;;;;;;;;;;;;;;;;
2022/03/12;1100 UTC;;;;;;;;;;;;;;;;;
2022/03/12;1200 UTC;;;;;;;;;;;;;;;;;
2022/03/12;1300 UTC;;;;;;;;;;;;;;;;;
2022/03/12;1400 UTC;;;;;;;;;;;;;;;;;
2022/03/12;1500 UTC;;;;;;;;;;;;;;;;;
2022/03/12;1600 UTC;;;;;;;;;;;;;;;;;
2022/03/12;1700 UTC;;;;;;;;;;;;;;;;;
2022/03/12;1800 UTC;;;;;;;;;;;;;;;;;
2022/03/12;1900 UTC;;;;;;;;;;;;;;;;;
2022/03/12;2000 UTC;;;;;;;;;;;;;;;;;
2022/03/12;2100 UTC;;;;;;;;;;;;;;;;;
2022/03/12;2200 UTC;;;;;;;;;;;;;;;;;
2022/03/12;2300 UTC;;;;;;;;;;;;;;;;;
2022/03/13;0000 UTC;;;;;;;;;;;;;;;;;
2022/03/13;0100 UTC;;;;;;;;;;;;;;;;;
2022/03/13;0200 UTC;;;;;;;;;;;;;;;;;
2022/03/13;0300 UTC;;;;;;;;;;;;;;;;;
2022/03/13;0400 UTC;;;;;;;;;;;;;;;;;
2022/03/13;0500 UTC;;;;;;;;;;;;;;;;;
2022/03/13;0600 UTC;;;;;;;;;;;;;;;;;
2022/03/13;0700 UTC;;;;;;;;;;;;;;;;;
2022/03/13;0800 UTC;;;;;;;;;;;;;;;;;
2022/03/13;0900 UTC;;;;;;;;;;;;;;;;;
2022/03/13;1000 UTC;;;;;;;;;;;;;;;;;
2022/03/13;1100 UTC;;;;;;;;;;;;;;;;;
2022/03/13;1200 UTC;;;;;;;;;;;;;;;;;
2022/03/13;1300 UTC;;;;;;;;;;;;;;;;;
2022/03/13;1400 UTC;;;;;;;;;;;;;;;;;
2022/03/13;1500 UTC;;;;;;;;;;;;;;;;;
2022/03/13;1600 UTC;;;;;;;;;;;;;;;;;
2022/03/13;1700 UTC;;;;;;;;;;;;;;;;;
2022/03/13;1800 UTC;;;;;;;;;;;;;;;;;
2022/03/13;1900 UTC;;;;;;;;;;;;;;;;;
2022/03/13;2000 UTC;;;;;;;;;;;;;;;;;
2022/03/13;2100 UTC;;;;;;;;;;;;;;;;;
2022/03/13;2200 UTC;;;;;;;;;;;;;;;;;
2022/03/13;2300 UTC;;;;;;;;;;;;;;;;;
2022/03/14;0000 UTC;;;;;;;;;;;;;;;;;
2022/03/14;0100 UTC;;;;;;;;;;;;;;;;;
2022/03/14;0200 UTC;;;;;;;;;;;;;;;;;
2022/03/14;0300 UTC;;;;;;;;;;;;;;;;;
2022/03/14;0400 UTC;;;;;;;;;;;;;;;;;
2022/03/14;0500 UTC;;;;;;;;;;;;;;;;;
2022/03/14;0600 UTC;;;;;;;;;;;;;;;;;
2022/03/14;0700 UTC;;;;;;;;;;;;;;;;;
2022/03/14;0800 UTC;;;;;;;;;;;;;;;;;
2022/03/14;0900 UTC;;;;;;;;;;;;;;;;;
2022/03/14;1000 UTC;;;;;;;;;;;;;;;;;
2022/03/14;1100 UTC;;;;;;;;;;;;;;;;;
2022/03/14;1200 UTC;;;;;;;;;;;;;;;;;
2022/03/14;1300 UTC;;;;;;;;;;;;;;;;;
2022/03/14;1400 UTC;;;;;;;;;;;;;;;;;
2022/03/14;1500 UTC;;;;;;;;;;;;;;;;;
2022/03/14;1600 UTC;;;;;;;;;;;;;;;;;
2022/03/14;1700 UTC;;;;;;;;;;;;;;;;;
2022/03/14;1800 UTC;;;;;;;;;;;;;;;;;
2022/03/14;1900 UTC;;;;;;;;;;;;;;;;;
2022/03/14;2000 UTC;;;;;;;;;;;;;;;;;
2022/03/14;2100 UTC;;;;;;;;;;;;;;;;;
2022/03/14;2200 UTC;;;;;;;;;;;;;;;;;
2022/03/14;2300 UTC;;;;;;;;;;;;;;;;;
2022/03/15;0000 UTC;;;;;;;;;;;;;;;;;
2022/03/15;0100 UTC;;;;;;;;;;;;;;;;;
2022/03/15;0200 UTC;;;;;;;;;;;;;;;;;
2022/03/15;0300 UTC;;;;;;;;;;;;;;;;;
2022/03/15;0400 UTC;;;;;;;;;;;;;;;;;
2022/03/15;0500 UTC;;;;;;;;;;;;;;;;;
2022/03/15;0600 UTC;;;;;;;;;;;;;;;;;
2022/03/15;0700 UTC;;;;;;;;;;;;;;;;;
2022/03/15;0800 UTC;;;;;;;;;;;;;;;;;
2022/03/15;0900 UTC;;;;;;;;;;;;;;;;;
2022/03/15;1000 UTC;;;;;;;;;;;;;;;;;
2022/03/15;1100 UTC;;;;;;;;;;;;;;;;;
2022/03/15;1200 UTC;;;;;;;;;;;;;;;;;
2022/03/15;1300 UTC;;;;;;;;;;;;;;;;;
2022/03/15;1400 UTC;;;;;;;;;;;;;;;;;
2022/03/15;1500 UTC;;;;;;;;;;;;;;;;;
2022/03/15;1600 UTC;;;;;;;;;;;;;;;;;
2022/03/15;1700 UTC;;;;;;;;;;;;;;;;;
2022/03/15;1800 UTC;;;;;;;;;;;;;;;;;
2022/03/15;1900 UTC;;;;;;;;;;;;;;;;;
2022/03/15;2000 UTC;;;;;;;;;;;;;;;;;
2022/03/15;2100 UTC;;;;;;;;;;;;;;;;;
2022/03/15;2200 UTC;;;;;;;;;;;;;;;;;
2022/03/15;2300 UTC;;;;;;;;;;;;;;;;;
2022/03/16;0000 UTC;;;;;;;;;;;;;;;;;
2022/03/16;0100 UTC;;;;;;;;;;;;;;;;;
2022/03/16;0200 UTC;;;;;;;;;;;;;;;;;
2022/03/16;0300 UTC;;;;;;;;;;;;;;;;;
2022/03/16;0400 UTC;;;;;;;;;;;;;;;;;
2022/03/16;0500 UTC;;;;;;;;;;;;;;;;;
2022/03/16;0600 UTC;;;;;;;;;;;;;;;;;
2022/03/16;0700 UTC;;;;;;;;;;;;;;;;;
2022/03/16;0800 UTC;;;;;;;;;;;;;;;;;
2022/03/16;0900 UTC;;;;;;;;;;;;;;;;;
2022/03/16;1000 UTC;;;;;;;;;;;;;;;;;
2022/03/16;1100 UTC;;;;;;;;;;;;;;;;;
2022/03/16;1200 UTC;;;;;;;;;;;;;;;;;
2022/03/16;1300 UTC;;;;;;;;;;;;;;;;;
2022/03/16;1400 UTC;;;;;;;;;;;;;;;;;
2022/03/16;1500 UTC;;;;;;;;;;;;;;;;;
2022/03/16;1600 UTC;;;;;;;;;;;;;;;;;
2022/03/16;1700 UTC;;;;;;;;;;;;;;;;;
2022/03/16;1800 UTC;;;;;;;;;;;;;;;;;
2022/03/16;1900 UTC;;;;;;;;;;;;;;;;;
2022/03/16;2000 UTC;;;;;;;;;;;;;;;;;
2022/03/16;2100 UTC;;;;;;;;;;;;;;;;;
2022/03/16;2200 UTC;;;;;;;;;;;;;;;;;
2022/03/16;2300 UTC;;;;;;;;;;;;;;;;;
2022/03/17;0000 UTC;;;;;;;;;;;;;;;;;
2022/03/17;0100 UTC;;;;;;;;;;;;;;;;;
2022/03/17;0200 UTC;;;;;;;;;;;;;;;;;
2022/03/17;0300 UTC;;;;;;;;;;;;;;;;;
2022/03/17;0400 UTC;;;;;;;;;;;;;;;;;
2022/03/17;0500 UTC;;;;;;;;;;;;;;;;;
2022/03/17;0600 UTC;;;;;;;;;;;;;;;;;
2022/03/17;0700 UTC;;;;;;;;;;;;;;;;;
2022/03/17;0800 UTC;;;;;;;;;;;;;;;;;
2022/03/17;0900 UTC;;;;;;;;;;;;;;;;;
2022/03/17;1000 UTC;;;;;;;;;;;;;;;;;
2022/03/17;1100 UTC;;;;;;;;;;;;;;;;;
2022/03/17;1200 UTC;;;;;;;;;;;;;;;;;
2022/03/17;1300 UTC;;;;;;;;;;;;;;;;;
2022/03/17;1400 UTC;;;;;;;;;;;;;;;;;
2022/03/17;1500 UTC;;;;;;;;;;;;;;;;;
2022/03/17;1600 UTC;;;;;;;;;;;;;;;;;
2022/03/17;1700 UTC;;;;;;;;;;;;;;;;;
2022/03/17;1800 UTC;;;;;;;;;;;;;;;;;
2022/03/17;1900 UTC;;;;;;;;;;;;;;;;;
2022/03/17;2000 UTC;;;;;;;;;;;;;;;;;
2022/03/17;2100 UTC;;;;;;;;;;;;;;;;;
2022/03/17;2200 UTC;;;;;;;;;;;;;;;;;
2022/03/17;2300 UTC;;;;;;;;;;;;;;;;;
2022/03/18;0000 UTC;;;;;;;;;;;;;;;;;
2022/03/18;0100 UTC;;;;;;;;;;;;;;;;;
2022/03/18;0200 UTC;;;;;;;;;;;;;;;;;
2022/03/18;0300 UTC;;;;;;;;;;;;;;;;;
2022/03/18;0400 UTC;;;;;;;;;;;;;;;;;
2022/03/18;0500 UTC;;;;;;;;;;;;;;;;;
2022/03/18;0600 UTC;;;;;;;;;;;;;;;;;
2022/03/18;0700 UTC;;;;;;;;;;;;;;;;;
2022/03/18;0800 UTC;;;;;;;;;;;;;;;;;
2022/03/18;0900 UTC;;;;;;;;;;;;;;;;;
2022/03/18;1000 UTC;;;;;;;;;;;;;;;;;
2022/03/18;1100 UTC;;;;;;;;;;;;;;;;;
2022/03/18;1200 UTC;;;;;;;;;;;;;;;;;
2022/03/18;1300 UTC;;;;;;;;;;;;;;;;;
2022/03/18;1400 UTC;;;;;;;;;;;;;;;;;
2022/03/18;1500 UTC;;;;;;;;;;;;;;;;;
2022/03/18;1600 UTC;;;;;;;;;;;;;;;;;
2022/03/18;1700 UTC;;;;;;;;;;;;;;;;;
2022/03/18;1800 UTC;;;;;;;;;;;;;;;;;
2022/03/18;1900 UTC;;;;;;;;;;;;;;;;;
2022/03/18;2000 UTC;;;;;;;;;;;;;;;;;
2022/03/18;2100 UTC;;;;;;;;;;;;;;;;;
2022/03/18;2200 UTC;;;;;;;;;;;;;;;;;
2022/03/18;2300 UTC;;;;;;;;;;;;;;;;;
2022/03/19;0000 UTC;;;;;;;;;;;;;;;;;
2022/03/19;0100 UTC;;;;;;;;;;;;;;;;;
2022/03/19;0200 UTC;;;;;;;;;;;;;;;;;
2022/03/19;0300 UTC;;;;;;;;;;;;;;;;;
2022/03/19;0400 UTC;;;;;;;;;;;;;;;;;
2022/03/19;0500 UTC;;;;;;;;;;;;;;;;;
2022/03/19;0600 UTC;;;;;;;;;;;;;;;;;
2022/03/19;0700 UTC;;;;;;;;;;;;;;;;;
2022/03/19;0800 UTC;;;;;;;;;;;;;;;;;
2022/03/19;0900 UTC;;;;;;;;;;;;;;;;;
2022/03/19;1000 UTC;;;;;;;;;;;;;;;;;
2022/03/19;1100 UTC;;;;;;;;;;;;;;;;;
2022/03/19;1200 UTC;;;;;;;;;;;;;;;;;
2022/03/19;1300 UTC;;;;;;;;;;;;;;;;;
2022/03/19;1400 UTC;;;;;;;;;;;;;;;;;
2022/03/19;1500 UTC;;;;;;;;;;;;;;;;;
2022/03/19;1600 UTC;;;;;;;;;;;;;;;;;
2022/03/19;1700 UTC;;;;;;;;;;;;;;;;;
2022/03/19;1800 UTC;;;;;;;;;;;;;;;;;
2022/03/19;1900 UTC;;;;;;;;;;;;;;;;;
2022/03/19;2000 UTC;;;;;;;;;;;;;;;;;
2022/03/19;2100 UTC;;;;;;;;;;;;;;;;;
2022/03/19;2200 UTC;;;;;;;;;;;;;;;;;
2022/03/19;2300 UTC;;;;;;;;;;;;;;;;;
2022/03/20;0000 UTC;;;;;;;;;;;;;;;;;
2022/03/20;0100 UTC;;;;;;;;;;;;;;;;;
2022/03/20;0200 UTC;;;;;;;;;;;;;;;;;
2022/03/20;0300 UTC;;;;;;;;;;;;;;;;;
2022/03/20;0400 UTC;;;;;;;;;;;;;;;;;
2022/03/20;0500 UTC;;;;;;;;;;;;;;;;;
2022/03/20;0600 UTC;;;;;;;;;;;;;;;;;
2022/03/20;0700 UTC;;;;;;;;;;;;;;;;;
2022/03/20;0800 UTC;;;;;;;;;;;;;;;;;
2022/03/20;0900 UTC;;;;;;;;;;;;;;;;;
2022/03/20;1000 UTC;;;;;;;;;;;;;;;;;
2022/03/20;1100 UTC;;;;;;;;;;;;;;;;;
2022/03/20;1200 UTC;;;;;;;;;;;;;;;;;
2022/03/20;1300 UTC;;;;;;;;;;;;;;;;;
2022/03/20;1400 UTC;;;;;;;;;;;;;;;;;
2022/03/20;1500 UTC;;;;;;;;;;;;;;;;;
2022/03/20;1600 UTC;;;;;;;;;;;;;;;;;
2022/03/20;1700 UTC;;;;;;;;;;;;;;;;;
2022/03/20;1800 UTC;;;;;;;;;;;;;;;;;
2022/03/20;1900 UTC;;;;;;;;;;;;;;;;;
2022/03/20;2000 UTC;;;;;;;;;;;;;;;;;
2022/03/20;2100 UTC;;;;;;;;;;;;;;;;;
2022/03/20;2200 UTC;;;;;;;;;;;;;;;;;
2022/03/20;2300 UTC;;;;;;;;;;;;;;;;;
2022/03/21;0000 UTC;;;;;;;;;;;;;;;;;
2022/03/21;0100 UTC;;;;;;;;;;;;;;;;;
2022/03/21;0200 UTC;;;;;;;;;;;;;;;;;
2022/03/21;0300 UTC;;;;;;;;;;;;;;;;;
2022/03/21;0400 UTC;;;;;;;;;;;;;;;;;
2022/03/21;0500 UTC;;;;;;;;;;;;;;;;;
2022/03/21;0600 UTC;;;;;;;;;;;;;;;;;
2022/03/21;0700 UTC;;;;;;;;;;;;;;;;;
2022/03/21;0800 UTC;;;;;;;;;;;;;;;;;
2022/03/21;0900 UTC;;;;;;;;;;;;;;;;;
2022/03/21;1000 UTC;;;;;;;;;;;;;;;;;
2022/03/21;1100 UTC;;;;;;;;;;;;;;;;;
2022/03/21;1200 UTC;;;;;;;;;;;;;;;;;
2022/03/21;1300 UTC;;;;;;;;;;;;;;;;;
2022/03/21;1400 UTC;;;;;;;;;;;;;;;;;
2022/03/21;1500 UTC;;;;;;;;;;;;;;;;;
2022/03/21;1600 UTC;;;;;;;;;;;;;;;;;
2022/03/21;1700 UTC;;;;;;;;;;;;;;;;;
2022/03/21;1800 UTC;;;;;;;;;;;;;;;;;
2022/03/21;1900 UTC;;;;;;;;;;;;;;;;;
2022/03/21;2000 UTC;;;;;;;;;;;;;;;;;
2022/03/21;2100 UTC;;;;;;;;;;;;;;;;;
2022/03/21;2200 UTC;;;;;;;;;;;;;;;;;
2022/03/21;2300 UTC;;;;;;;;;;;;;;;;;
2022/03/22;0000 UTC;;;;;;;;;;;;;;;;;
2022/03/22;0100 UTC;;;;;;;;;;;;;;;;;
2022/03/22;0200 UTC;;;;;;;;;;;;;;;;;
2022/03/22;0300 UTC;;;;;;;;;;;;;;;;;
2022/03/22;0400 UTC;;;;;;;;;;;;;;;;;
2022/03/22;0500 UTC;;;;;;;;;;;;;;;;;
2022/03/22;0600 UTC;;;;;;;;;;;;;;;;;
2022/03/22;0700 UTC;;;;;;;;;;;;;;;;;
2022/03/22;0800 UTC;;;;;;;;;;;;;;;;;
2022/03/22;0900 UTC;;;;;;;;;;;;;;;;;
2022/03/22;1000 UTC;;;;;;;;;;;;;;;;;
2022/03/22;1100 UTC;;;;;;;;;;;;;;;;;
2022/03/22;1200 UTC;;;;;;;;;;;;;;;;;
2022/03/22;1300 UTC;;;;;;;;;;;;;;;;;
2022/03/22;1400 UTC;;;;;;;;;;;;;;;;;
2022/03/22;1500 UTC;;;;;;;;;;;;;;;;;
2022/03/22;1600 UTC;;;;;;;;;;;;;;;;;
2022/03/22;1700 UTC;;;;;;;;;;;;;;;;;
2022/03/22;1800 UTC;;;;;;;;;;;;;;;;;
2022/03/22;1900 UTC;;;;;;;;;;;;;;;;;
2022/03/22;2000 UTC;;;;;;;;;;;;;;;;;
2022/03/22;2100 UTC;;;;;;;;;;;;;;;;;
2022/03/22;2200 UTC;;;;;;;;;;;;;;;;;
2022/03/22;2300 UTC;;;;;;;;;;;;;;;;;
2022/03/23;0000 UTC;;;;;;;;;;;;;;;;;
2022/03/23;0100 UTC;;;;;;;;;;;;;;;;;
2022/03/23;0200 UTC;;;;;;;;;;;;;;;;;
2022/03/23;0300 UTC;;;;;;;;;;;;;;;;;
2022/03/23;0400 UTC;;;;;;;;;;;;;;;;;
2022/03/23;0500 UTC;;;;;;;;;;;;;;;;;
2022/03/23;0600 UTC;;;;;;;;;;;;;;;;;
2022/03/23;0700 UTC;;;;;;;;;;;;;;;;;
2022/03/23;0800 UTC;;;;;;;;;;;;;;;;;
2022/03/23;0900 UTC;;;;;;;;;;;;;;;;;
2022/03/23;1000 UTC;;;;;;;;;;;;;;;;;
2022/03/23;1100 UTC;;;;;;;;;;;;;;;;;
2022/03/23;1200 UTC;;;;;;;;;;;;;;;;;
2022/03/23;1300 UTC;;;;;;;;;;;;;;;;;
2022/03/23;1400 UTC;;;;;;;;;;;;;;;;;
2022/03/23;1500 UTC;;;;;;;;;;;;;;;;;
2022/03/23;1600 UTC;;;;;;;;;;;;;;;;;
2022/03/23;1700 UTC;;;;;;;;;;;;;;;;;
2022/03/23;1800 UTC;;;;;;;;;;;;;;;;;
2022/03/23;1900 UTC;;;;;;;;;;;;;;;;;
2022/03/23;2000 UTC;;;;;;;;;;;;;;;;;
2022/03/23;2100 UTC;;;;;;;;;;;;;;;;;
2022/03/23;2200 UTC;;;;;;;;;;;;;;;;;
2022/03/23;2300 UTC;;;;;;;;;;;;;;;;;
2022/03/24;0000 UTC;;;;;;;;;;;;;;;;;
2022/03/24;0100 UTC;;;;;;;;;;;;;;;;;
2022/03/24;0200 UTC;;;;;;;;;;;;;;;;;
2022/03/24;0300 UTC;;;;;;;;;;;;;;;;;
2022/03/24;0400 UTC;;;;;;;;;;;;;;;;;
2022/03/24;0500 UTC;;;;;;;;;;;;;;;;;
2022/03/24;0600 UTC;;;;;;;;;;;;;;;;;
2022/03/24;0700 UTC;;;;;;;;;;;;;;;;;
2022/03/24;0800 UTC;;;;;;;;;;;;;;;;;
2022/03/24;0900 UTC;;;;;;;;;;;;;;;;;
2022/03/24;1000 UTC;;;;;;;;;;;;;;;;;
2022/03/24;1100 UTC;;;;;;;;;;;;;;;;;
2022/03/24;1200 UTC;;;;;;;;;;;;;;;;;
2022/03/24;1300 UTC;;;;;;;;;;;;;;;;;
2022/03/24;1400 UTC;;;;;;;;;;;;;;;;;
2022/03/24;1500 UTC;;;;;;;;;;;;;;;;;
2022/03/24;1600 UTC;;;;;;;;;;;;;;;;;
2022/03/24;1700 UTC;;;;;;;;;;;;;;;;;
2022/03/24;1800 UTC;;;;;;;;;;;;;;;;;
2022/03/24;1900 UTC;;;;;;;;;;;;;;;;;
2022/03/24;2000 UTC;;;;;;;;;;;;;;;;;
2022/03/24;2100 UTC;;;;;;;;;;;;;;;;;
2022/03/24;2200 UTC;;;;;;;;;;;;;;;;;
2022/03/24;2300 UTC;;;;;;;;;;;;;;;;;
2022/03/25;0000 UTC;;;;;;;;;;;;;;;;;
2022/03/25;0100 UTC;;;;;;;;;;;;;;;;;
2022/03/25;0200 UTC;;;;;;;;;;;;;;;;;
2022/03/25;0300 UTC;;;;;;;;;;;;;;;;;
2022/03/25;0400 UTC;;;;;;;;;;;;;;;;;
2022/03/25;0500 UTC;;;;;;;;;;;;;;;;;
2022/03/25;0600 UTC;;;;;;;;;;;;;;;;;
2022/03/25;0700 UTC;;;;;;;;;;;;;;;;;
2022/03/25;0800 UTC;;;;;;;;;;;;;;;;;
2022/03/25;0900 UTC;;;;;;;;;;;;;;;;;
2022/03/25;1000 UTC;;;;;;;;;;;;;;;;;
2022/03/25;1100 UTC;;;;;;;;;;;;;;;;;
2022/03/25;1200 UTC;;;;;;;;;;;;;;;;;
2022/03/25;1300 UTC;;;;;;;;;;;;;;;;;
2022/03/25;1400 UTC;;;;;;;;;;;;;;;;;
2022/03/25;1500 UTC;;;;;;;;;;;;;;;;;
2022/03/25;1600 UTC;;;;;;;;;;;;;;;;;
2022/03/25;1700 UTC;;;;;;;;;;;;;;;;;
2022/03/25;1800 UTC;;;;;;;;;;;;;;;;;
2022/03/25;1900 UTC;;;;;;;;;;;;;;;;;
2022/03/25;2000 UTC;;;;;;;;;;;;;;;;;
2022/03/25;2100 UTC;;;;;;;;;;;;;;;;;
2022/03/25;2200 UTC;;;;;;;;;;;;;;;;;
2022/03/25;2300 UTC;;;;;;;;;;;;;;;;;
2022/03/26;0000 UTC;;;;;;;;;;;;;;;;;
2022/03/26;0100 UTC;;;;;;;;;;;;;;;;;
2022/03/26;0200 UTC;;;;;;;;;;;;;;;;;
2022/03/26;0300 UTC;;;;;;;;;;;;;;;;;
2022/03/26;0400 UTC;;;;;;;;;;;;;;;;;
2022/03/26;0500 UTC;;;;;;;;;;;;;;;;;
2022/03/26;0600 UTC;;;;;;;;;;;;;;;;;
2022/03/26;0700 UTC;;;;;;;;;;;;;;;;;
2022/03/26;0800 UTC;;;;;;;;;;;;;;;;;
2022/03/26;0900 UTC;;;;;;;;;;;;;;;;;
2022/03/26;1000 UTC;;;;;;;;;;;;;;;;;
2022/03/26;1100 UTC;;;;;;;;;;;;;;;;;
2022/03/26;1200 UTC;;;;;;;;;;;;;;;;;
2022/03/26;1300 UTC;;;;;;;;;;;;;;;;;
2022/03/26;1400 UTC;;;;;;;;;;;;;;;;;
2022/03/26;1500 UTC;;;;;;;;;;;;;;;;;
2022/03/26;1600 UTC;;;;;;;;;;;;;;;;;
2022/03/26;1700 UTC;;;;;;;;;;;;;;;;;
2022/03/26;1800 UTC;;;;;;;;;;;;;;;;;
2022/03/26;1900 UTC;;;;;;;;;;;;;;;;;
2022/03/26;2000 UTC;;;;;;;;;;;;;;;;;
2022/03/26;2100 UTC;;;;;;;;;;;;;;;;;
2022/03/26;2200 UTC;;;;;;;;;;;;;;;;;
2022/03/26;2300 UTC;;;;;;;;;;;;;;;;;
2022/03/27;0000 UTC;;;;;;;;;;;;;;;;;
2022/03/27;0100 UTC;;;;;;;;;;;;;;;;;
2022/03/27;0200 UTC;;;;;;;;;;;;;;;;;
2022/03/27;0300 UTC;;;;;;;;;;;;;;;;;
2022/03/27;0400 UTC;;;;;;;;;;;;;;;;;
2022/03/27;0500 UTC;;;;;;;;;;;;;;;;;
2022/03/27;0600 UTC;;;;;;;;;;;;;;;;;
2022/03/27;0700 UTC;;;;;;;;;;;;;;;;;
2022/03/27;0800 UTC;;;;;;;;;;;;;;;;;
2022/03/27;0900 UTC;;;;;;;;;;;;;;;;;
2022/03/27;1000 UTC;;;;;;;;;;;;;;;;;
2022/03/27;1100 UTC;;;;;;;;;;;;;;;;;
2022/03/27;1200 UTC;;;;;;;;;;;;;;;;;
2022/03/27;1300 UTC;;;;;;;;;;;;;;;;;
2022/03/27;1400 UTC;;;;;;;;;;;;;;;;;
2022/03/27;1500 UTC;;;;;;;;;;;;;;;;;
2022/03/27;1600 UTC;;;;;;;;;;;;;;;;;
2022/03/27;1700 UTC;;;;;;;;;;;;;;;;;
2022/03/27;1800 UTC;;;;;;;;;;;;;;;;;
2022/03/27;1900 UTC;;;;;;;;;;;;;;;;;
2022/03/27;2000 UTC;;;;;;;;;;;;;;;;;
2022/03/27;2100 UTC;;;;;;;;;;;;;;;;;
2022/03/27;2200 UTC;;;;;;;;;;;;;;;;;
2022/03/27;2300 UTC;;;;;;;;;;;;;;;;;
2022/03/28;0000 UTC;;;;;;;;;;;;;;;;;
2022/03/28;0100 UTC;;;;;;;;;;;;;;;;;
2022/03/28;0200 UTC;;;;;;;;;;;;;;;;;
2022/03/28;0300 UTC;;;;;;;;;;;;;;;;;
2022/03/28;0400 UTC;;;;;;;;;;;;;;;;;
2022/03/28;0500 UTC;;;;;;;;;;;;;;;;;
2022/03/28;0600 UTC;;;;;;;;;;;;;;;;;
2022/03/28;0700 UTC;;;;;;;;;;;;;;;;;
2022/03/28;0800 UTC;;;;;;;;;;;;;;;;;
2022/03/28;0900 UTC;;;;;;;;;;;;;;;;;
2022/03/28;1000 UTC;;;;;;;;;;;;;;;;;
2022/03/28;1100 UTC;;;;;;;;;;;;;;;;;
2022/03/28;1200 UTC;;;;;;;;;;;;;;;;;
2022/03/28;1300 UTC;;;;;;;;;;;;;;;;;
2022/03/28;1400 UTC;;;;;;;;;;;;;;;;;
2022/03/28;1500 UTC;;;;;;;;;;;;;;;;;
2022/03/28;1600 UTC;;;;;;;;;;;;;;;;;
2022/03/28;1700 UTC;;;;;;;;;;;;;;;;;
2022/03/28;1800 UTC;;;;;;;;;;;;;;;;;
2022/03/28;1900 UTC;;;;;;;;;;;;;;;;;
2022/03/28;2000 UTC;;;;;;;;;;;;;;;;;
2022/03/28;2100 UTC;;;;;;;;;;;;;;;;;
2022/03/28;2200 UTC;;;;;;;;;;;;;;;;;
2022/03/28;2300 UTC;;;;;;;;;;;;;;;;;
2022/03/29;0000 UTC;;;;;;;;;;;;;;;;;
2022/03/29;0100 UTC;;;;;;;;;;;;;;;;;
2022/03/29;0200 UTC;;;;;;;;;;;;;;;;;
2022/03/29;0300 UTC;;;;;;;;;;;;;;;;;
2022/03/29;0400 UTC;;;;;;;;;;;;;;;;;
2022/03/29;0500 UTC;;;;;;;;;;;;;;;;;
2022/03/29;0600 UTC;;;;;;;;;;;;;;;;;
2022/03/29;0700 UTC;;;;;;;;;;;;;;;;;
2022/03/29;0800 UTC;;;;;;;;;;;;;;;;;
2022/03/29;0900 UTC;;;;;;;;;;;;;;;;;
2022/03/29;1000 UTC;;;;;;;;;;;;;;;;;
2022/03/29;1100 UTC;;;;;;;;;;;;;;;;;
2022/03/29;1200 UTC;;;;;;;;;;;;;;;;;
2022/03/29;1300 UTC;;;;;;;;;;;;;;;;;
2022/03/29;1400 UTC;;;;;;;;;;;;;;;;;
2022/03/29;1500 UTC;;;;;;;;;;;;;;;;;
2022/03/29;1600 UTC;;;;;;;;;;;;;;;;;
2022/03/29;1700 UTC;;;;;;;;;;;;;;;;;
2022/03/29;1800 UTC;;;;;;;;;;;;;;;;;
2022/03/29;1900 UTC;;;;;;;;;;;;;;;;;
2022/03/29;2000 UTC;;;;;;;;;;;;;;;;;
2022/03/29;2100 UTC;;;;;;;;;;;;;;;;;
2022/03/29;2200 UTC;;;;;;;;;;;;;;;;;
2022/03/29;2300 UTC;;;;;;;;;;;;;;;;;
2022/03/30;0000 UTC;;;;;;;;;;;;;;;;;
2022/03/30;0100 UTC;;;;;;;;;;;;;;;;;
2022/03/30;0200 UTC;;;;;;;;;;;;;;;;;
2022/03/30;0300 UTC;;;;;;;;;;;;;;;;;
2022/03/30;0400 UTC;;;;;;;;;;;;;;;;;
2022/03/30;0500 UTC;;;;;;;;;;;;;;;;;
2022/03/30;0600 UTC;;;;;;;;;;;;;;;;;
2022/03/30;0700 UTC;;;;;;;;;;;;;;;;;
2022/03/30;0800 UTC;;;;;;;;;;;;;;;;;
2022/03/30;0900 UTC;;;;;;;;;;;;;;;;;
2022/03/30;1000 UTC;;;;;;;;;;;;;;;;;
2022/03/30;1100 UTC;;;;;;;;;;;;;;;;;
2022/03/30;1200 UTC;;;;;;;;;;;;;;;;;
2022/03/30;1300 UTC;;;;;;;;;;;;;;;;;
2022/03/30;1400 UTC;;;;;;;;;;;;;;;;;
2022/03/30;1500 UTC;;;;;;;;;;;;;;;;;
2022/03/30;1600 UTC;;;;;;;;;;;;;;;;;
2022/03/30;1700 UTC;;;;;;;;;;;;;;;;;
2022/03/30;1800 UTC;;;;;;;;;;;;;;;;;
2022/03/30;1900 UTC;;;;;;;;;;;;;;;;;
2022/03/30;2000 UTC;;;;;;;;;;;;;;;;;
2022/03/30;2100 UTC;;;;;;;;;;;;;;;;;
2022/03/30;2200 UTC;;;;;;;;;;;;;;;;;
2022/03/30;2300 UTC;;;;;;;;;;;;;;;;;
2022/03/31;0000 UTC;;;;;;;;;;;;;;;;;
2022/03/31;0100 UTC;;;;;;;;;;;;;;;;;
2022/03/31;0200 UTC;;;;;;;;;;;;;;;;;
2022/03/31;0300 UTC;;;;;;;;;;;;;;;;;
2022/03/31;0400 UTC;;;;;;;;;;;;;;;;;
2022/03/31;0500 UTC;;;;;;;;;;;;;;;;;
2022/03/31;0600 UTC;;;;;;;;;;;;;;;;;
2022/03/31;0700 UTC;;;;;;;;;;;;;;;;;
2022/03/31;0800 UTC;;;;;;;;;;;;;;;;;
2022/03/31;0900 UTC;;;;;;;;;;;;;;;;;
2022/03/31;1000 UTC;;;;;;;;;;;;;;;;;
2022/03/31;1100 UTC;;;;;;;;;;;;;;;;;
2022/03/31;1200 UTC;;;;;;;;;;;;;;;;;
2022/03/31;1300 UTC;;;;;;;;;;;;;;;;;
2022/03/31;1400 UTC;;;;;;;;;;;;;;;;;
2022/03/31;1500 UTC;;;;;;;;;;;;;;;;;
2022/03/31;1600 UTC;;;;;;;;;;;;;;;;;
2022/03/31;1700 UTC;;;;;;;;;;;;;;;;;
2022/03/31;1800 UTC;;;;;;;;;;;;;;;;;
2022/03/31;1900 UTC;;;;;;;;;;;;;;;;;
2022/03/31;2000 UTC;;;;;;;;;;;;;;;;;
2022/03/31;2100 UTC;;;;;;;;;;;;;;;;;
2022/03/31;2200 UTC;;;;;;;;;;;;;;;;;
2022/03/31;2300 UTC;;;;;;;;;;;;;;;;;
2022/04/01;0000 UTC;;;;;;;;;;;;;;;;;
2022/04/01;0100 UTC;;;;;;;;;;;;;;;;;
2022/04/01;0200 UTC;;;;;;;;;;;;;;;;;
2022/04/01;0300 UTC;;;;;;;;;;;;;;;;;
2022/04/01;0400 UTC;;;;;;;;;;;;;;;;;
2022/04/01;0500 UTC;;;;;;;;;;;;;;;;;
2022/04/01;0600 UTC;;;;;;;;;;;;;;;;;
2022/04/01;0700 UTC;;;;;;;;;;;;;;;;;
2022/04/01;0800 UTC;;;;;;;;;;;;;;;;;
2022/04/01;0900 UTC;;;;;;;;;;;;;;;;;
2022/04/01;1000 UTC;;;;;;;;;;;;;;;;;
2022/04/01;1100 UTC;;;;;;;;;;;;;;;;;
2022/04/01;1200 UTC;;;;;;;;;;;;;;;;;
2022/04/01;1300 UTC;;;;;;;;;;;;;;;;;
2022/04/01;1400 UTC;;;;;;;;;;;;;;;;;
2022/04/01;1500 UTC;;;;;;;;;;;;;;;;;
2022/04/01;1600 UTC;;;;;;;;;;;;;;;;;
2022/04/01;1700 UTC;;;;;;;;;;;;;;;;;
2022/04/01;1800 UTC;;;;;;;;;;;;;;;;;
2022/04/01;1900 UTC;;;;;;;;;;;;;;;;;
2022/04/01;2000 UTC;;;;;;;;;;;;;;;;;
2022/04/01;2100 UTC;;;;;;;;;;;;;;;;;
2022/04/01;2200 UTC;;;;;;;;;;;;;;;;;
2022/04/01;2300 UTC;;;;;;;;;;;;;;;;;
2022/04/02;0000 UTC;;;;;;;;;;;;;;;;;
2022/04/02;0100 UTC;;;;;;;;;;;;;;;;;
2022/04/02;0200 UTC;;;;;;;;;;;;;;;;;
2022/04/02;0300 UTC;;;;;;;;;;;;;;;;;
2022/04/02;0400 UTC;;;;;;;;;;;;;;;;;
2022/04/02;0500 UTC;;;;;;;;;;;;;;;;;
2022/04/02;0600 UTC;;;;;;;;;;;;;;;;;
2022/04/02;0700 UTC;;;;;;;;;;;;;;;;;
2022/04/02;0800 UTC;;;;;;;;;;;;;;;;;
2022/04/02;0900 UTC;;;;;;;;;;;;;;;;;
2022/04/02;1000 UTC;;;;;;;;;;;;;;;;;
2022/04/02;1100 UTC;;;;;;;;;;;;;;;;;
2022/04/02;1200 UTC;;;;;;;;;;;;;;;;;
2022/04/02;1300 UTC;;;;;;;;;;;;;;;;;
2022/04/02;1400 UTC;;;;;;;;;;;;;;;;;
2022/04/02;1500 UTC;;;;;;;;;;;;;;;;;
2022/04/02;1600 UTC;;;;;;;;;;;;;;;;;
2022/04/02;1700 UTC;;;;;;;;;;;;;;;;;
2022/04/02;1800 UTC;;;;;;;;;;;;;;;;;
2022/04/02;1900 UTC;;;;;;;;;;;;;;;;;
2022/04/02;2000 UTC;;;;;;;;;;;;;;;;;
2022/04/02;2100 UTC;;;;;;;;;;;;;;;;;
2022/04/02;2200 UTC;;;;;;;;;;;;;;;;;
2022/04/02;2300 UTC;;;;;;;;;;;;;;;;;
2022/04/03;0000 UTC;;;;;;;;;;;;;;;;;
2022/04/03;0100 UTC;;;;;;;;;;;;;;;;;
2022/04/03;0200 UTC;;;;;;;;;;;;;;;;;
2022/04/03;0300 UTC;;;;;;;;;;;;;;;;;
2022/04/03;0400 UTC;;;;;;;;;;;;;;;;;
2022/04/03;0500 UTC;;;;;;;;;;;;;;;;;
2022/04/03;0600 UTC;;;;;;;;;;;;;;;;;
2022/04/03;0700 UTC;;;;;;;;;;;;;;;;;
2022/04/03;0800 UTC;;;;;;;;;;;;;;;;;
2022/04/03;0900 UTC;;;;;;;;;;;;;;;;;
2022/04/03;1000 UTC;;;;;;;;;;;;;;;;;
2022/04/03;1100 UTC;;;;;;;;;;;;;;;;;
2022/04/03;1200 UTC;;;;;;;;;;;;;;;;;
2022/04/03;1300 UTC;;;;;;;;;;;;;;;;;
2022/04/03;1400 UTC;;;;;;;;;;;;;;;;;
2022/04/03;1500 UTC;;;;;;;;;;;;;;;;;
2022/04/03;1600 UTC;;;;;;;;;;;;;;;;;
2022/04/03;1700 UTC;;;;;;;;;;;;;;;;;
2022/04/03;1800 UTC;;;;;;;;;;;;;;;;;
2022/04/03;1900 UTC;;;;;;;;;;;;;;;;;
2022/04/03;2000 UTC;;;;;;;;;;;;;;;;;
2022/04/03;2100 UTC;;;;;;;;;;;;;;;;;
2022/04/03;2200 UTC;;;;;;;;;;;;;;;;;
2022/04/03;2300 UTC;;;;;;;;;;;;;;;;;
2022/04/04;0000 UTC;;;;;;;;;;;;;;;;;
2022/04/04;0100 UTC;;;;;;;;;;;;;;;;;
2022/04/04;0200 UTC;;;;;;;;;;;;;;;;;
2022/04/04;0300 UTC;;;;;;;;;;;;;;;;;
2022/04/04;0400 UTC;;;;;;;;;;;;;;;;;
2022/04/04;0500 UTC;;;;;;;;;;;;;;;;;
2022/04/04;0600 UTC;;;;;;;;;;;;;;;;;
2022/04/04;0700 UTC;;;;;;;;;;;;;;;;;
2022/04/04;0800 UTC;;;;;;;;;;;;;;;;;
2022/04/04;0900 UTC;;;;;;;;;;;;;;;;;
2022/04/04;1000 UTC;;;;;;;;;;;;;;;;;
2022/04/04;1100 UTC;;;;;;;;;;;;;;;;;
2022/04/04;1200 UTC;;;;;;;;;;;;;;;;;
2022/04/04;1300 UTC;;;;;;;;;;;;;;;;;
2022/04/04;1400 UTC;;;;;;;;;;;;;;;;;
2022/04/04;1500 UTC;;;;;;;;;;;;;;;;;
2022/04/04;1600 UTC;;;;;;;;;;;;;;;;;
2022/04/04;1700 UTC;;;;;;;;;;;;;;;;;
2022/04/04;1800 UTC;;;;;;;;;;;;;;;;;
2022/04/04;1900 UTC;;;;;;;;;;;;;;;;;
2022/04/04;2000 UTC;;;;;;;;;;;;;;;;;
2022/04/04;2100 UTC;;;;;;;;;;;;;;;;;
2022/04/04;2200 UTC;;;;;;;;;;;;;;;;;
2022/04/04;2300 UTC;;;;;;;;;;;;;;;;;
2022/04/05;0000 UTC;;;;;;;;;;;;;;;;;
2022/04/05;0100 UTC;;;;;;;;;;;;;;;;;
2022/04/05;0200 UTC;;;;;;;;;;;;;;;;;
2022/04/05;0300 UTC;;;;;;;;;;;;;;;;;
2022/04/05;0400 UTC;;;;;;;;;;;;;;;;;
2022/04/05;0500 UTC;;;;;;;;;;;;;;;;;
2022/04/05;0600 UTC;;;;;;;;;;;;;;;;;
2022/04/05;0700 UTC;;;;;;;;;;;;;;;;;
2022/04/05;0800 UTC;;;;;;;;;;;;;;;;;
2022/04/05;0900 UTC;;;;;;;;;;;;;;;;;
2022/04/05;1000 UTC;;;;;;;;;;;;;;;;;
2022/04/05;1100 UTC;;;;;;;;;;;;;;;;;
2022/04/05;1200 UTC;;;;;;;;;;;;;;;;;
2022/04/05;1300 UTC;;;;;;;;;;;;;;;;;
2022/04/05;1400 UTC;;;;;;;;;;;;;;;;;
2022/04/05;1500 UTC;;;;;;;;;;;;;;;;;
2022/04/05;1600 UTC;;;;;;;;;;;;;;;;;
2022/04/05;1700 UTC;;;;;;;;;;;;;;;;;
2022/04/05;1800 UTC;;;;;;;;;;;;;;;;;
2022/04/05;1900 UTC;;;;;;;;;;;;;;;;;
2022/04/05;2000 UTC;;;;;;;;;;;;;;;;;
2022/04/05;2100 UTC;;;;;;;;;;;;;;;;;
2022/04/05;2200 UTC;;;;;;;;;;;;;;;;;
2022/04/05;2300 UTC;;;;;;;;;;;;;;;;;
2022/04/06;0000 UTC;;;;;;;;;;;;;;;;;
2022/04/06;0100 UTC;;;;;;;;;;;;;;;;;
2022/04/06;0200 UTC;;;;;;;;;;;;;;;;;
2022/04/06;0300 UTC;;;;;;;;;;;;;;;;;
2022/04/06;0400 UTC;;;;;;;;;;;;;;;;;
2022/04/06;0500 UTC;;;;;;;;;;;;;;;;;
2022/04/06;0600 UTC;;;;;;;;;;;;;;;;;
2022/04/06;0700 UTC;;;;;;;;;;;;;;;;;
2022/04/06;0800 UTC;;;;;;;;;;;;;;;;;
2022/04/06;0900 UTC;;;;;;;;;;;;;;;;;
2022/04/06;1000 UTC;;;;;;;;;;;;;;;;;
2022/04/06;1100 UTC;;;;;;;;;;;;;;;;;
2022/04/06;1200 UTC;;;;;;;;;;;;;;;;;
2022/04/06;1300 UTC;;;;;;;;;;;;;;;;;
2022/04/06;1400 UTC;;;;;;;;;;;;;;;;;
2022/04/06;1500 UTC;;;;;;;;;;;;;;;;;
2022/04/06;1600 UTC;;;;;;;;;;;;;;;;;
2022/04/06;1700 UTC;;;;;;;;;;;;;;;;;
2022/04/06;1800 UTC;;;;;;;;;;;;;;;;;
2022/04/06;1900 UTC;;;;;;;;;;;;;;;;;
2022/04/06;2000 UTC;;;;;;;;;;;;;;;;;
2022/04/06;2100 UTC;;;;;;;;;;;;;;;;;
2022/04/06;2200 UTC;;;;;;;;;;;;;;;;;
2022/04/06;2300 UTC;;;;;;;;;;;;;;;;;
2022/04/07;0000 UTC;;;;;;;;;;;;;;;;;
2022/04/07;0100 UTC;;;;;;;;;;;;;;;;;
2022/04/07;0200 UTC;;;;;;;;;;;;;;;;;
2022/04/07;0300 UTC;;;;;;;;;;;;;;;;;
2022/04/07;0400 UTC;;;;;;;;;;;;;;;;;
2022/04/07;0500 UTC;;;;;;;;;;;;;;;;;
2022/04/07;0600 UTC;;;;;;;;;;;;;;;;;
2022/04/07;0700 UTC;;;;;;;;;;;;;;;;;
2022/04/07;0800 UTC;;;;;;;;;;;;;;;;;
2022/04/07;0900 UTC;;;;;;;;;;;;;;;;;
2022/04/07;1000 UTC;;;;;;;;;;;;;;;;;
2022/04/07;1100 UTC;;;;;;;;;;;;;;;;;
2022/04/07;1200 UTC;;;;;;;;;;;;;;;;;
2022/04/07;1300 UTC;;;;;;;;;;;;;;;;;
2022/04/07;1400 UTC;;;;;;;;;;;;;;;;;
2022/04/07;1500 UTC;;;;;;;;;;;;;;;;;
2022/04/07;1600 UTC;;;;;;;;;;;;;;;;;
2022/04/07;1700 UTC;;;;;;;;;;;;;;;;;
2022/04/07;1800 UTC;;;;;;;;;;;;;;;;;
2022/04/07;1900 UTC;;;;;;;;;;;;;;;;;
2022/04/07;2000 UTC;;;;;;;;;;;;;;;;;
2022/04/07;2100 UTC;;;;;;;;;;;;;;;;;
2022/04/07;2200 UTC;;;;;;;;;;;;;;;;;
2022/04/07;2300 UTC;;;;;;;;;;;;;;;;;
2022/04/08;0000 UTC;;;;;;;;;;;;;;;;;
2022/04/08;0100 UTC;;;;;;;;;;;;;;;;;
2022/04/08;0200 UTC;;;;;;;;;;;;;;;;;
2022/04/08;0300 UTC;;;;;;;;;;;;;;;;;
2022/04/08;0400 UTC;;;;;;;;;;;;;;;;;
2022/04/08;0500 UTC;;;;;;;;;;;;;;;;;
2022/04/08;0600 UTC;;;;;;;;;;;;;;;;;
2022/04/08;0700 UTC;;;;;;;;;;;;;;;;;
2022/04/08;0800 UTC;;;;;;;;;;;;;;;;;
2022/04/08;0900 UTC;;;;;;;;;;;;;;;;;
2022/04/08;1000 UTC;;;;;;;;;;;;;;;;;
2022/04/08;1100 UTC;;;;;;;;;;;;;;;;;
2022/04/08;1200 UTC;;;;;;;;;;;;;;;;;
2022/04/08;1300 UTC;;;;;;;;;;;;;;;;;
2022/04/08;1400 UTC;;;;;;;;;;;;;;;;;
2022/04/08;1500 UTC;;;;;;;;;;;;;;;;;
2022/04/08;1600 UTC;;;;;;;;;;;;;;;;;
2022/04/08;1700 UTC;;;;;;;;;;;;;;;;;
2022/04/08;1800 UTC;;;;;;;;;;;;;;;;;
2022/04/08;1900 UTC;;;;;;;;;;;;;;;;;
2022/04/08;2000 UTC;;;;;;;;;;;;;;;;;
2022/04/08;2100 UTC;;;;;;;;;;;;;;;;;
2022/04/08;2200 UTC;;;;;;;;;;;;;;;;;
2022/04/08;2300 UTC;;;;;;;;;;;;;;;;;
2022/04/09;0000 UTC;;;;;;;;;;;;;;;;;
2022/04/09;0100 UTC;;;;;;;;;;;;;;;;;
2022/04/09;0200 UTC;;;;;;;;;;;;;;;;;
2022/04/09;0300 UTC;;;;;;;;;;;;;;;;;
2022/04/09;0400 UTC;;;;;;;;;;;;;;;;;
2022/04/09;0500 UTC;;;;;;;;;;;;;;;;;
2022/04/09;0600 UTC;;;;;;;;;;;;;;;;;
2022/04/09;0700 UTC;;;;;;;;;;;;;;;;;
2022/04/09;0800 UTC;;;;;;;;;;;;;;;;;
2022/04/09;0900 UTC;;;;;;;;;;;;;;;;;
2022/04/09;1000 UTC;;;;;;;;;;;;;;;;;
2022/04/09;1100 UTC;;;;;;;;;;;;;;;;;
2022/04/09;1200 UTC;;;;;;;;;;;;;;;;;
2022/04/09;1300 UTC;;;;;;;;;;;;;;;;;
2022/04/09;1400 UTC;;;;;;;;;;;;;;;;;
2022/04/09;1500 UTC;;;;;;;;;;;;;;;;;
2022/04/09;1600 UTC;;;;;;;;;;;;;;;;;
2022/04/09;1700 UTC;;;;;;;;;;;;;;;;;
2022/04/09;1800 UTC;;;;;;;;;;;;;;;;;
2022/04/09;1900 UTC;;;;;;;;;;;;;;;;;
2022/04/09;2000 UTC;;;;;;;;;;;;;;;;;
2022/04/09;2100 UTC;;;;;;;;;;;;;;;;;
2022/04/09;2200 UTC;;;;;;;;;;;;;;;;;
2022/04/09;2300 UTC;;;;;;;;;;;;;;;;;
2022/04/10;0000 UTC;;;;;;;;;;;;;;;;;
2022/04/10;0100 UTC;;;;;;;;;;;;;;;;;
2022/04/10;0200 UTC;;;;;;;;;;;;;;;;;
2022/04/10;0300 UTC;;;;;;;;;;;;;;;;;
2022/04/10;0400 UTC;;;;;;;;;;;;;;;;;
2022/04/10;0500 UTC;;;;;;;;;;;;;;;;;
2022/04/10;0600 UTC;;;;;;;;;;;;;;;;;
2022/04/10;0700 UTC;;;;;;;;;;;;;;;;;
2022/04/10;0800 UTC;;;;;;;;;;;;;;;;;
2022/04/10;0900 UTC;;;;;;;;;;;;;;;;;
2022/04/10;1000 UTC;;;;;;;;;;;;;;;;;
2022/04/10;1100 UTC;;;;;;;;;;;;;;;;;
2022/04/10;1200 UTC;;;;;;;;;;;;;;;;;
2022/04/10;1300 UTC;;;;;;;;;;;;;;;;;
2022/04/10;1400 UTC;;;;;;;;;;;;;;;;;
2022/04/10;1500 UTC;;;;;;;;;;;;;;;;;
2022/04/10;1600 UTC;;;;;;;;;;;;;;;;;
2022/04/10;1700 UTC;;;;;;;;;;;;;;;;;
2022/04/10;1800 UTC;;;;;;;;;;;;;;;;;
2022/04/10;1900 UTC;;;;;;;;;;;;;;;;;
2022/04/10;2000 UTC;;;;;;;;;;;;;;;;;
2022/04/10;2100 UTC;;;;;;;;;;;;;;;;;
2022/04/10;2200 UTC;;;;;;;;;;;;;;;;;
2022/04/10;2300 UTC;;;;;;;;;;;;;;;;;
2022/04/11;0000 UTC;;;;;;;;;;;;;;;;;
2022/04/11;0100 UTC;;;;;;;;;;;;;;;;;
2022/04/11;0200 UTC;;;;;;;;;;;;;;;;;
2022/04/11;0300 UTC;;;;;;;;;;;;;;;;;
2022/04/11;0400 UTC;;;;;;;;;;;;;;;;;
2022/04/11;0500 UTC;;;;;;;;;;;;;;;;;
2022/04/11;0600 UTC;;;;;;;;;;;;;;;;;
2022/04/11;0700 UTC;;;;;;;;;;;;;;;;;
2022/04/11;0800 UTC;;;;;;;;;;;;;;;;;
2022/04/11;0900 UTC;;;;;;;;;;;;;;;;;
2022/04/11;1000 UTC;;;;;;;;;;;;;;;;;
2022/04/11;1100 UTC;;;;;;;;;;;;;;;;;
2022/04/11;1200 UTC;;;;;;;;;;;;;;;;;
2022/04/11;1300 UTC;;;;;;;;;;;;;;;;;
2022/04/11;1400 UTC;;;;;;;;;;;;;;;;;
2022/04/11;1500 UTC;;;;;;;;;;;;;;;;;
2022/04/11;1600 UTC;;;;;;;;;;;;;;;;;
2022/04/11;1700 UTC;;;;;;;;;;;;;;;;;
2022/04/11;1800 UTC;;;;;;;;;;;;;;;;;
2022/04/11;1900 UTC;;;;;;;;;;;;;;;;;
2022/04/11;2000 UTC;;;;;;;;;;;;;;;;;
2022/04/11;2100 UTC;;;;;;;;;;;;;;;;;
2022/04/11;2200 UTC;;;;;;;;;;;;;;;;;
2022/04/11;2300 UTC;;;;;;;;;;;;;;;;;
2022/04/12;0000 UTC;;;;;;;;;;;;;;;;;
2022/04/12;0100 UTC;;;;;;;;;;;;;;;;;
2022/04/12;0200 UTC;;;;;;;;;;;;;;;;;
2022/04/12;0300 UTC;;;;;;;;;;;;;;;;;
2022/04/12;0400 UTC;;;;;;;;;;;;;;;;;
2022/04/12;0500 UTC;;;;;;;;;;;;;;;;;
2022/04/12;0600 UTC;;;;;;;;;;;;;;;;;
2022/04/12;0700 UTC;;;;;;;;;;;;;;;;;
2022/04/12;0800 UTC;;;;;;;;;;;;;;;;;
2022/04/12;0900 UTC;;;;;;;;;;;;;;;;;
2022/04/12;1000 UTC;;;;;;;;;;;;;;;;;
2022/04/12;1100 UTC;;;;;;;;;;;;;;;;;
2022/04/12;1200 UTC;;;;;;;;;;;;;;;;;
2022/04/12;1300 UTC;;;;;;;;;;;;;;;;;
2022/04/12;1400 UTC;;;;;;;;;;;;;;;;;
2022/04/12;1500 UTC;;;;;;;;;;;;;;;;;
2022/04/12;1600 UTC;;;;;;;;;;;;;;;;;
2022/04/12;1700 UTC;;;;;;;;;;;;;;;;;
2022/04/12;1800 UTC;;;;;;;;;;;;;;;;;
2022/04/12;1900 UTC;;;;;;;;;;;;;;;;;
2022/04/12;2000 UTC;;;;;;;;;;;;;;;;;
2022/04/12;2100 UTC;;;;;;;;;;;;;;;;;
2022/04/12;2200 UTC;;;;;;;;;;;;;;;;;
2022/04/12;2300 UTC;;;;;;;;;;;;;;;;;
2022/04/13;0000 UTC;;;;;;;;;;;;;;;;;
2022/04/13;0100 UTC;;;;;;;;;;;;;;;;;
2022/04/13;0200 UTC;;;;;;;;;;;;;;;;;
2022/04/13;0300 UTC;;;;;;;;;;;;;;;;;
2022/04/13;0400 UTC;;;;;;;;;;;;;;;;;
2022/04/13;0500 UTC;;;;;;;;;;;;;;;;;
2022/04/13;0600 UTC;;;;;;;;;;;;;;;;;
2022/04/13;0700 UTC;;;;;;;;;;;;;;;;;
2022/04/13;0800 UTC;;;;;;;;;;;;;;;;;
2022/04/13;0900 UTC;;;;;;;;;;;;;;;;;
2022/04/13;1000 UTC;;;;;;;;;;;;;;;;;
2022/04/13;1100 UTC;;;;;;;;;;;;;;;;;
2022/04/13;1200 UTC;;;;;;;;;;;;;;;;;
2022/04/13;1300 UTC;;;;;;;;;;;;;;;;;
2022/04/13;1400 UTC;;;;;;;;;;;;;;;;;
2022/04/13;1500 UTC;;;;;;;;;;;;;;;;;
2022/04/13;1600 UTC;;;;;;;;;;;;;;;;;
2022/04/13;1700 UTC;;;;;;;;;;;;;;;;;
2022/04/13;1800 UTC;;;;;;;;;;;;;;;;;
2022/04/13;1900 UTC;;;;;;;;;;;;;;;;;
2022/04/13;2000 UTC;;;;;;;;;;;;;;;;;
2022/04/13;2100 UTC;;;;;;;;;;;;;;;;;
2022/04/13;2200 UTC;;;;;;;;;;;;;;;;;
2022/04/13;2300 UTC;;;;;;;;;;;;;;;;;
2022/04/14;0000 UTC;;;;;;;;;;;;;;;;;
2022/04/14;0100 UTC;;;;;;;;;;;;;;;;;
2022/04/14;0200 UTC;;;;;;;;;;;;;;;;;
2022/04/14;0300 UTC;;;;;;;;;;;;;;;;;
2022/04/14;0400 UTC;;;;;;;;;;;;;;;;;
2022/04/14;0500 UTC;;;;;;;;;;;;;;;;;
2022/04/14;0600 UTC;;;;;;;;;;;;;;;;;
2022/04/14;0700 UTC;;;;;;;;;;;;;;;;;
2022/04/14;0800 UTC;;;;;;;;;;;;;;;;;
2022/04/14;0900 UTC;;;;;;;;;;;;;;;;;
2022/04/14;1000 UTC;;;;;;;;;;;;;;;;;
2022/04/14;1100 UTC;;;;;;;;;;;;;;;;;
2022/04/14;1200 UTC;;;;;;;;;;;;;;;;;
2022/04/14;1300 UTC;;;;;;;;;;;;;;;;;
2022/04/14;1400 UTC;;;;;;;;;;;;;;;;;
2022/04/14;1500 UTC;;;;;;;;;;;;;;;;;
2022/04/14;1600 UTC;;;;;;;;;;;;;;;;;
2022/04/14;1700 UTC;;;;;;;;;;;;;;;;;
2022/04/14;1800 UTC;;;;;;;;;;;;;;;;;
2022/04/14;1900 UTC;;;;;;;;;;;;;;;;;
2022/04/14;2000 UTC;;;;;;;;;;;;;;;;;
2022/04/14;2100 UTC;;;;;;;;;;;;;;;;;
2022/04/14;2200 UTC;;;;;;;;;;;;;;;;;
2022/04/14;2300 UTC;;;;;;;;;;;;;;;;;
2022/04/15;0000 UTC;;;;;;;;;;;;;;;;;
2022/04/15;0100 UTC;;;;;;;;;;;;;;;;;
2022/04/15;0200 UTC;;;;;;;;;;;;;;;;;
2022/04/15;0300 UTC;;;;;;;;;;;;;;;;;
2022/04/15;0400 UTC;;;;;;;;;;;;;;;;;
2022/04/15;0500 UTC;;;;;;;;;;;;;;;;;
2022/04/15;0600 UTC;;;;;;;;;;;;;;;;;
2022/04/15;0700 UTC;;;;;;;;;;;;;;;;;
2022/04/15;0800 UTC;;;;;;;;;;;;;;;;;
2022/04/15;0900 UTC;;;;;;;;;;;;;;;;;
2022/04/15;1000 UTC;;;;;;;;;;;;;;;;;
2022/04/15;1100 UTC;;;;;;;;;;;;;;;;;
2022/04/15;1200 UTC;;;;;;;;;;;;;;;;;
2022/04/15;1300 UTC;;;;;;;;;;;;;;;;;
2022/04/15;1400 UTC;;;;;;;;;;;;;;;;;
2022/04/15;1500 UTC;;;;;;;;;;;;;;;;;
2022/04/15;1600 UTC;;;;;;;;;;;;;;;;;
2022/04/15;1700 UTC;;;;;;;;;;;;;;;;;
2022/04/15;1800 UTC;;;;;;;;;;;;;;;;;
2022/04/15;1900 UTC;;;;;;;;;;;;;;;;;
2022/04/15;2000 UTC;;;;;;;;;;;;;;;;;
2022/04/15;2100 UTC;;;;;;;;;;;;;;;;;
2022/04/15;2200 UTC;;;;;;;;;;;;;;;;;
2022/04/15;2300 UTC;;;;;;;;;;;;;;;;;
2022/04/16;0000 UTC;;;;;;;;;;;;;;;;;
2022/04/16;0100 UTC;;;;;;;;;;;;;;;;;
2022/04/16;0200 UTC;;;;;;;;;;;;;;;;;
2022/04/16;0300 UTC;;;;;;;;;;;;;;;;;
2022/04/16;0400 UTC;;;;;;;;;;;;;;;;;
2022/04/16;0500 UTC;;;;;;;;;;;;;;;;;
2022/04/16;0600 UTC;;;;;;;;;;;;;;;;;
2022/04/16;0700 UTC;;;;;;;;;;;;;;;;;
2022/04/16;0800 UTC;;;;;;;;;;;;;;;;;
2022/04/16;0900 UTC;;;;;;;;;;;;;;;;;
2022/04/16;1000 UTC;;;;;;;;;;;;;;;;;
2022/04/16;1100 UTC;;;;;;;;;;;;;;;;;
2022/04/16;1200 UTC;;;;;;;;;;;;;;;;;
2022/04/16;1300 UTC;;;;;;;;;;;;;;;;;
2022/04/16;1400 UTC;;;;;;;;;;;;;;;;;
2022/04/16;1500 UTC;;;;;;;;;;;;;;;;;
2022/04/16;1600 UTC;;;;;;;;;;;;;;;;;
2022/04/16;1700 UTC;;;;;;;;;;;;;;;;;
2022/04/16;1800 UTC;;;;;;;;;;;;;;;;;
2022/04/16;1900 UTC;;;;;;;;;;;;;;;;;
2022/04/16;2000 UTC;;;;;;;;;;;;;;;;;
2022/04/16;2100 UTC;;;;;;;;;;;;;;;;;
2022/04/16;2200 UTC;;;;;;;;;;;;;;;;;
2022/04/16;2300 UTC;;;;;;;;;;;;;;;;;
2022/04/17;0000 UTC;;;;;;;;;;;;;;;;;
2022/04/17;0100 UTC;;;;;;;;;;;;;;;;;
2022/04/17;0200 UTC;;;;;;;;;;;;;;;;;
2022/04/17;0300 UTC;;;;;;;;;;;;;;;;;
2022/04/17;0400 UTC;;;;;;;;;;;;;;;;;
2022/04/17;0500 UTC;;;;;;;;;;;;;;;;;
2022/04/17;0600 UTC;;;;;;;;;;;;;;;;;
2022/04/17;0700 UTC;;;;;;;;;;;;;;;;;
2022/04/17;0800 UTC;;;;;;;;;;;;;;;;;
2022/04/17;0900 UTC;;;;;;;;;;;;;;;;;
2022/04/17;1000 UTC;;;;;;;;;;;;;;;;;
2022/04/17;1100 UTC;;;;;;;;;;;;;;;;;
2022/04/17;1200 UTC;;;;;;;;;;;;;;;;;
2022/04/17;1300 UTC;;;;;;;;;;;;;;;;;
2022/04/17;1400 UTC;;;;;;;;;;;;;;;;;
2022/04/17;1500 UTC;;;;;;;;;;;;;;;;;
2022/04/17;1600 UTC;;;;;;;;;;;;;;;;;
2022/04/17;1700 UTC;;;;;;;;;;;;;;;;;
2022/04/17;1800 UTC;;;;;;;;;;;;;;;;;
2022/04/17;1900 UTC;;;;;;;;;;;;;;;;;
2022/04/17;2000 UTC;;;;;;;;;;;;;;;;;
2022/04/17;2100 UTC;;;;;;;;;;;;;;;;;
2022/04/17;2200 UTC;;;;;;;;;;;;;;;;;
2022/04/17;2300 UTC;;;;;;;;;;;;;;;;;
2022/04/18;0000 UTC;;;;;;;;;;;;;;;;;
2022/04/18;0100 UTC;;;;;;;;;;;;;;;;;
2022/04/18;0200 UTC;;;;;;;;;;;;;;;;;
2022/04/18;0300 UTC;;;;;;;;;;;;;;;;;
2022/04/18;0400 UTC;;;;;;;;;;;;;;;;;
2022/04/18;0500 UTC;;;;;;;;;;;;;;;;;
2022/04/18;0600 UTC;;;;;;;;;;;;;;;;;
2022/04/18;0700 UTC;;;;;;;;;;;;;;;;;
2022/04/18;0800 UTC;;;;;;;;;;;;;;;;;
2022/04/18;0900 UTC;;;;;;;;;;;;;;;;;
2022/04/18;1000 UTC;;;;;;;;;;;;;;;;;
2022/04/18;1100 UTC;;;;;;;;;;;;;;;;;
2022/04/18;1200 UTC;;;;;;;;;;;;;;;;;
2022/04/18;1300 UTC;;;;;;;;;;;;;;;;;
2022/04/18;1400 UTC;;;;;;;;;;;;;;;;;
2022/04/18;1500 UTC;;;;;;;;;;;;;;;;;
2022/04/18;1600 UTC;;;;;;;;;;;;;;;;;
2022/04/18;1700 UTC;;;;;;;;;;;;;;;;;
2022/04/18;1800 UTC;;;;;;;;;;;;;;;;;
2022/04/18;1900 UTC;;;;;;;;;;;;;;;;;
2022/04/18;2000 UTC;;;;;;;;;;;;;;;;;
2022/04/18;2100 UTC;;;;;;;;;;;;;;;;;
2022/04/18;2200 UTC;;;;;;;;;;;;;;;;;
2022/04/18;2300 UTC;;;;;;;;;;;;;;;;;
2022/04/19;0000 UTC;;;;;;;;;;;;;;;;;
2022/04/19;0100 UTC;;;;;;;;;;;;;;;;;
2022/04/19;0200 UTC;;;;;;;;;;;;;;;;;
2022/04/19;0300 UTC;;;;;;;;;;;;;;;;;
2022/04/19;0400 UTC;;;;;;;;;;;;;;;;;
2022/04/19;0500 UTC;;;;;;;;;;;;;;;;;
2022/04/19;0600 UTC;;;;;;;;;;;;;;;;;
2022/04/19;0700 UTC;;;;;;;;;;;;;;;;;
2022/04/19;0800 UTC;;;;;;;;;;;;;;;;;
2022/04/19;0900 UTC;;;;;;;;;;;;;;;;;
2022/04/19;1000 UTC;;;;;;;;;;;;;;;;;
2022/04/19;1100 UTC;;;;;;;;;;;;;;;;;
2022/04/19;1200 UTC;;;;;;;;;;;;;;;;;
2022/04/19;1300 UTC;;;;;;;;;;;;;;;;;
2022/04/19;1400 UTC;;;;;;;;;;;;;;;;;
2022/04/19;1500 UTC;;;;;;;;;;;;;;;;;
2022/04/19;1600 UTC;;;;;;;;;;;;;;;;;
2022/04/19;1700 UTC;;;;;;;;;;;;;;;;;
2022/04/19;1800 UTC;;;;;;;;;;;;;;;;;
2022/04/19;1900 UTC;;;;;;;;;;;;;;;;;
2022/04/19;2000 UTC;;;;;;;;;;;;;;;;;
2022/04/19;2100 UTC;;;;;;;;;;;;;;;;;
2022/04/19;2200 UTC;;;;;;;;;;;;;;;;;
2022/04/19;2300 UTC;;;;;;;;;;;;;;;;;
2022/04/20;0000 UTC;;;;;;;;;;;;;;;;;
2022/04/20;0100 UTC;;;;;;;;;;;;;;;;;
2022/04/20;0200 UTC;;;;;;;;;;;;;;;;;
2022/04/20;0300 UTC;;;;;;;;;;;;;;;;;
2022/04/20;0400 UTC;;;;;;;;;;;;;;;;;
2022/04/20;0500 UTC;;;;;;;;;;;;;;;;;
2022/04/20;0600 UTC;;;;;;;;;;;;;;;;;
2022/04/20;0700 UTC;;;;;;;;;;;;;;;;;
2022/04/20;0800 UTC;;;;;;;;;;;;;;;;;
2022/04/20;0900 UTC;;;;;;;;;;;;;;;;;
2022/04/20;1000 UTC;;;;;;;;;;;;;;;;;
2022/04/20;1100 UTC;;;;;;;;;;;;;;;;;
2022/04/20;1200 UTC;;;;;;;;;;;;;;;;;
2022/04/20;1300 UTC;;;;;;;;;;;;;;;;;
2022/04/20;1400 UTC;;;;;;;;;;;;;;;;;
2022/04/20;1500 UTC;;;;;;;;;;;;;;;;;
2022/04/20;1600 UTC;;;;;;;;;;;;;;;;;
2022/04/20;1700 UTC;;;;;;;;;;;;;;;;;
2022/04/20;1800 UTC;;;;;;;;;;;;;;;;;
2022/04/20;1900 UTC;;;;;;;;;;;;;;;;;
2022/04/20;2000 UTC;;;;;;;;;;;;;;;;;
2022/04/20;2100 UTC;;;;;;;;;;;;;;;;;
2022/04/20;2200 UTC;;;;;;;;;;;;;;;;;
2022/04/20;2300 UTC;;;;;;;;;;;;;;;;;
2022/04/21;0000 UTC;;;;;;;;;;;;;;;;;
2022/04/21;0100 UTC;;;;;;;;;;;;;;;;;
2022/04/21;0200 UTC;;;;;;;;;;;;;;;;;
2022/04/21;0300 UTC;;;;;;;;;;;;;;;;;
2022/04/21;0400 UTC;;;;;;;;;;;;;;;;;
2022/04/21;0500 UTC;;;;;;;;;;;;;;;;;
2022/04/21;0600 UTC;;;;;;;;;;;;;;;;;
2022/04/21;0700 UTC;;;;;;;;;;;;;;;;;
2022/04/21;0800 UTC;;;;;;;;;;;;;;;;;
2022/04/21;0900 UTC;;;;;;;;;;;;;;;;;
2022/04/21;1000 UTC;;;;;;;;;;;;;;;;;
2022/04/21;1100 UTC;;;;;;;;;;;;;;;;;
2022/04/21;1200 UTC;;;;;;;;;;;;;;;;;
2022/04/21;1300 UTC;;;;;;;;;;;;;;;;;
2022/04/21;1400 UTC;;;;;;;;;;;;;;;;;
2022/04/21;1500 UTC;;;;;;;;;;;;;;;;;
2022/04/21;1600 UTC;;;;;;;;;;;;;;;;;
2022/04/21;1700 UTC;;;;;;;;;;;;;;;;;
2022/04/21;1800 UTC;;;;;;;;;;;;;;;;;
2022/04/21;1900 UTC;;;;;;;;;;;;;;;;;
2022/04/21;2000 UTC;;;;;;;;;;;;;;;;;
2022/04/21;2100 UTC;;;;;;;;;;;;;;;;;
2022/04/21;2200 UTC;;;;;;;;;;;;;;;;;
2022/04/21;2300 UTC;;;;;;;;;;;;;;;;;
2022/04/22;0000 UTC;;;;;;;;;;;;;;;;;
2022/04/22;0100 UTC;;;;;;;;;;;;;;;;;
2022/04/22;0200 UTC;;;;;;;;;;;;;;;;;
2022/04/22;0300 UTC;;;;;;;;;;;;;;;;;
2022/04/22;0400 UTC;;;;;;;;;;;;;;;;;
2022/04/22;0500 UTC;;;;;;;;;;;;;;;;;
2022/04/22;0600 UTC;;;;;;;;;;;;;;;;;
2022/04/22;0700 UTC;;;;;;;;;;;;;;;;;
2022/04/22;0800 UTC;;;;;;;;;;;;;;;;;
2022/04/22;0900 UTC;;;;;;;;;;;;;;;;;
2022/04/22;1000 UTC;;;;;;;;;;;;;;;;;
2022/04/22;1100 UTC;;;;;;;;;;;;;;;;;
2022/04/22;1200 UTC;;;;;;;;;;;;;;;;;
2022/04/22;1300 UTC;;;;;;;;;;;;;;;;;
2022/04/22;1400 UTC;;;;;;;;;;;;;;;;;
2022/04/22;1500 UTC;;;;;;;;;;;;;;;;;
2022/04/22;1600 UTC;;;;;;;;;;;;;;;;;
2022/04/22;1700 UTC;;;;;;;;;;;;;;;;;
2022/04/22;1800 UTC;;;;;;;;;;;;;;;;;
2022/04/22;1900 UTC;;;;;;;;;;;;;;;;;
2022/04/22;2000 UTC;;;;;;;;;;;;;;;;;
2022/04/22;2100 UTC;;;;;;;;;;;;;;;;;
2022/04/22;2200 UTC;;;;;;;;;;;;;;;;;
2022/04/22;2300 UTC;;;;;;;;;;;;;;;;;
2022/04/23;0000 UTC;;;;;;;;;;;;;;;;;
2022/04/23;0100 UTC;;;;;;;;;;;;;;;;;
2022/04/23;0200 UTC;;;;;;;;;;;;;;;;;
2022/04/23;0300 UTC;;;;;;;;;;;;;;;;;
2022/04/23;0400 UTC;;;;;;;;;;;;;;;;;
2022/04/23;0500 UTC;;;;;;;;;;;;;;;;;
2022/04/23;0600 UTC;;;;;;;;;;;;;;;;;
2022/04/23;0700 UTC;;;;;;;;;;;;;;;;;
2022/04/23;0800 UTC;;;;;;;;;;;;;;;;;
2022/04/23;0900 UTC;;;;;;;;;;;;;;;;;
2022/04/23;1000 UTC;;;;;;;;;;;;;;;;;
2022/04/23;1100 UTC;;;;;;;;;;;;;;;;;
2022/04/23;1200 UTC;;;;;;;;;;;;;;;;;
2022/04/23;1300 UTC;;;;;;;;;;;;;;;;;
2022/04/23;1400 UTC;;;;;;;;;;;;;;;;;
2022/04/23;1500 UTC;;;;;;;;;;;;;;;;;
2022/04/23;1600 UTC;;;;;;;;;;;;;;;;;
2022/04/23;1700 UTC;;;;;;;;;;;;;;;;;
2022/04/23;1800 UTC;;;;;;;;;;;;;;;;;
2022/04/23;1900 UTC;;;;;;;;;;;;;;;;;
2022/04/23;2000 UTC;;;;;;;;;;;;;;;;;
2022/04/23;2100 UTC;;;;;;;;;;;;;;;;;
2022/04/23;2200 UTC;;;;;;;;;;;;;;;;;
2022/04/23;2300 UTC;;;;;;;;;;;;;;;;;
2022/04/24;0000 UTC;;;;;;;;;;;;;;;;;
2022/04/24;0100 UTC;;;;;;;;;;;;;;;;;
2022/04/24;0200 UTC;;;;;;;;;;;;;;;;;
2022/04/24;0300 UTC;;;;;;;;;;;;;;;;;
2022/04/24;0400 UTC;;;;;;;;;;;;;;;;;
2022/04/24;0500 UTC;;;;;;;;;;;;;;;;;
2022/04/24;0600 UTC;;;;;;;;;;;;;;;;;
2022/04/24;0700 UTC;;;;;;;;;;;;;;;;;
2022/04/24;0800 UTC;;;;;;;;;;;;;;;;;
2022/04/24;0900 UTC;;;;;;;;;;;;;;;;;
2022/04/24;1000 UTC;;;;;;;;;;;;;;;;;
2022/04/24;1100 UTC;;;;;;;;;;;;;;;;;
2022/04/24;1200 UTC;;;;;;;;;;;;;;;;;
2022/04/24;1300 UTC;;;;;;;;;;;;;;;;;
2022/04/24;1400 UTC;;;;;;;;;;;;;;;;;
2022/04/24;1500 UTC;;;;;;;;;;;;;;;;;
2022/04/24;1600 UTC;;;;;;;;;;;;;;;;;
2022/04/24;1700 UTC;;;;;;;;;;;;;;;;;
2022/04/24;1800 UTC;;;;;;;;;;;;;;;;;
2022/04/24;1900 UTC;;;;;;;;;;;;;;;;;
2022/04/24;2000 UTC;;;;;;;;;;;;;;;;;
2022/04/24;2100 UTC;;;;;;;;;;;;;;;;;
2022/04/24;2200 UTC;;;;;;;;;;;;;;;;;
2022/04/24;2300 UTC;;;;;;;;;;;;;;;;;
2022/04/25;0000 UTC;;;;;;;;;;;;;;;;;
2022/04/25;0100 UTC;;;;;;;;;;;;;;;;;
2022/04/25;0200 UTC;;;;;;;;;;;;;;;;;
2022/04/25;0300 UTC;;;;;;;;;;;;;;;;;
2022/04/25;0400 UTC;;;;;;;;;;;;;;;;;
2022/04/25;0500 UTC;;;;;;;;;;;;;;;;;
2022/04/25;0600 UTC;;;;;;;;;;;;;;;;;
2022/04/25;0700 UTC;;;;;;;;;;;;;;;;;
2022/04/25;0800 UTC;;;;;;;;;;;;;;;;;
2022/04/25;0900 UTC;;;;;;;;;;;;;;;;;
2022/04/25;1000 UTC;;;;;;;;;;;;;;;;;
2022/04/25;1100 UTC;;;;;;;;;;;;;;;;;
2022/04/25;1200 UTC;;;;;;;;;;;;;;;;;
2022/04/25;1300 UTC;;;;;;;;;;;;;;;;;
2022/04/25;1400 UTC;;;;;;;;;;;;;;;;;
2022/04/25;1500 UTC;;;;;;;;;;;;;;;;;
2022/04/25;1600 UTC;;;;;;;;;;;;;;;;;
2022/04/25;1700 UTC;;;;;;;;;;;;;;;;;
2022/04/25;1800 UTC;;;;;;;;;;;;;;;;;
2022/04/25;1900 UTC;;;;;;;;;;;;;;;;;
2022/04/25;2000 UTC;;;;;;;;;;;;;;;;;
2022/04/25;2100 UTC;;;;;;;;;;;;;;;;;
2022/04/25;2200 UTC;;;;;;;;;;;;;;;;;
2022/04/25;2300 UTC;;;;;;;;;;;;;;;;;
2022/04/26;0000 UTC;;;;;;;;;;;;;;;;;
2022/04/26;0100 UTC;;;;;;;;;;;;;;;;;
2022/04/26;0200 UTC;;;;;;;;;;;;;;;;;
2022/04/26;0300 UTC;;;;;;;;;;;;;;;;;
2022/04/26;0400 UTC;;;;;;;;;;;;;;;;;
2022/04/26;0500 UTC;;;;;;;;;;;;;;;;;
2022/04/26;0600 UTC;;;;;;;;;;;;;;;;;
2022/04/26;0700 UTC;;;;;;;;;;;;;;;;;
2022/04/26;0800 UTC;;;;;;;;;;;;;;;;;
2022/04/26;0900 UTC;;;;;;;;;;;;;;;;;
2022/04/26;1000 UTC;;;;;;;;;;;;;;;;;
2022/04/26;1100 UTC;;;;;;;;;;;;;;;;;
2022/04/26;1200 UTC;;;;;;;;;;;;;;;;;
2022/04/26;1300 UTC;;;;;;;;;;;;;;;;;
2022/04/26;1400 UTC;;;;;;;;;;;;;;;;;
2022/04/26;1500 UTC;;;;;;;;;;;;;;;;;
2022/04/26;1600 UTC;;;;;;;;;;;;;;;;;
2022/04/26;1700 UTC;;;;;;;;;;;;;;;;;
2022/04/26;1800 UTC;;;;;;;;;;;;;;;;;
2022/04/26;1900 UTC;;;;;;;;;;;;;;;;;
2022/04/26;2000 UTC;;;;;;;;;;;;;;;;;
2022/04/26;2100 UTC;;;;;;;;;;;;;;;;;
2022/04/26;2200 UTC;;;;;;;;;;;;;;;;;
2022/04/26;2300 UTC;;;;;;;;;;;;;;;;;
2022/04/27;0000 UTC;;;;;;;;;;;;;;;;;
2022/04/27;0100 UTC;;;;;;;;;;;;;;;;;
2022/04/27;0200 UTC;;;;;;;;;;;;;;;;;
2022/04/27;0300 UTC;;;;;;;;;;;;;;;;;
2022/04/27;0400 UTC;;;;;;;;;;;;;;;;;
2022/04/27;0500 UTC;;;;;;;;;;;;;;;;;
2022/04/27;0600 UTC;;;;;;;;;;;;;;;;;
2022/04/27;0700 UTC;;;;;;;;;;;;;;;;;
2022/04/27;0800 UTC;;;;;;;;;;;;;;;;;
2022/04/27;0900 UTC;;;;;;;;;;;;;;;;;
2022/04/27;1000 UTC;;;;;;;;;;;;;;;;;
2022/04/27;1100 UTC;;;;;;;;;;;;;;;;;
2022/04/27;1200 UTC;;;;;;;;;;;;;;;;;
2022/04/27;1300 UTC;;;;;;;;;;;;;;;;;
2022/04/27;1400 UTC;;;;;;;;;;;;;;;;;
2022/04/27;1500 UTC;;;;;;;;;;;;;;;;;
2022/04/27;1600 UTC;;;;;;;;;;;;;;;;;
2022/04/27;1700 UTC;;;;;;;;;;;;;;;;;
2022/04/27;1800 UTC;;;;;;;;;;;;;;;;;
2022/04/27;1900 UTC;;;;;;;;;;;;;;;;;
2022/04/27;2000 UTC;;;;;;;;;;;;;;;;;
2022/04/27;2100 UTC;;;;;;;;;;;;;;;;;
2022/04/27;2200 UTC;;;;;;;;;;;;;;;;;
2022/04/27;2300 UTC;;;;;;;;;;;;;;;;;
2022/04/28;0000 UTC;;;;;;;;;;;;;;;;;
2022/04/28;0100 UTC;;;;;;;;;;;;;;;;;
2022/04/28;0200 UTC;;;;;;;;;;;;;;;;;
2022/04/28;0300 UTC;;;;;;;;;;;;;;;;;
2022/04/28;0400 UTC;;;;;;;;;;;;;;;;;
2022/04/28;0500 UTC;;;;;;;;;;;;;;;;;
2022/04/28;0600 UTC;;;;;;;;;;;;;;;;;
2022/04/28;0700 UTC;;;;;;;;;;;;;;;;;
2022/04/28;0800 UTC;;;;;;;;;;;;;;;;;
2022/04/28;0900 UTC;;;;;;;;;;;;;;;;;
2022/04/28;1000 UTC;;;;;;;;;;;;;;;;;
2022/04/28;1100 UTC;;;;;;;;;;;;;;;;;
2022/04/28;1200 UTC;;;;;;;;;;;;;;;;;
2022/04/28;1300 UTC;;;;;;;;;;;;;;;;;
2022/04/28;1400 UTC;;;;;;;;;;;;;;;;;
2022/04/28;1500 UTC;;;;;;;;;;;;;;;;;
2022/04/28;1600 UTC;;;;;;;;;;;;;;;;;
2022/04/28;1700 UTC;;;;;;;;;;;;;;;;;
2022/04/28;1800 UTC;;;;;;;;;;;;;;;;;
2022/04/28;1900 UTC;;;;;;;;;;;;;;;;;
2022/04/28;2000 UTC;;;;;;;;;;;;;;;;;
2022/04/28;2100 UTC;;;;;;;;;;;;;;;;;
2022/04/28;2200 UTC;;;;;;;;;;;;;;;;;
2022/04/28;2300 UTC;;;;;;;;;;;;;;;;;
2022/04/29;0000 UTC;;;;;;;;;;;;;;;;;
2022/04/29;0100 UTC;;;;;;;;;;;;;;;;;
2022/04/29;0200 UTC;;;;;;;;;;;;;;;;;
2022/04/29;0300 UTC;;;;;;;;;;;;;;;;;
2022/04/29;0400 UTC;;;;;;;;;;;;;;;;;
2022/04/29;0500 UTC;;;;;;;;;;;;;;;;;
2022/04/29;0600 UTC;;;;;;;;;;;;;;;;;
2022/04/29;0700 UTC;;;;;;;;;;;;;;;;;
2022/04/29;0800 UTC;;;;;;;;;;;;;;;;;
2022/04/29;0900 UTC;;;;;;;;;;;;;;;;;
2022/04/29;1000 UTC;;;;;;;;;;;;;;;;;
2022/04/29;1100 UTC;;;;;;;;;;;;;;;;;
2022/04/29;1200 UTC;;;;;;;;;;;;;;;;;
2022/04/29;1300 UTC;;;;;;;;;;;;;;;;;
2022/04/29;1400 UTC;;;;;;;;;;;;;;;;;
2022/04/29;1500 UTC;;;;;;;;;;;;;;;;;
2022/04/29;1600 UTC;;;;;;;;;;;;;;;;;
2022/04/29;1700 UTC;;;;;;;;;;;;;;;;;
2022/04/29;1800 UTC;;;;;;;;;;;;;;;;;
2022/04/29;1900 UTC;;;;;;;;;;;;;;;;;
2022/04/29;2000 UTC;;;;;;;;;;;;;;;;;
2022/04/29;2100 UTC;;;;;;;;;;;;;;;;;
2022/04/29;2200 UTC;;;;;;;;;;;;;;;;;
2022/04/29;2300 UTC;;;;;;;;;;;;;;;;;
2022/04/30;0000 UTC;;;;;;;;;;;;;;;;;
2022/04/30;0100 UTC;;;;;;;;;;;;;;;;;
2022/04/30;0200 UTC;;;;;;;;;;;;;;;;;
2022/04/30;0300 UTC;;;;;;;;;;;;;;;;;
2022/04/30;0400 UTC;;;;;;;;;;;;;;;;;
2022/04/30;0500 UTC;;;;;;;;;;;;;;;;;
2022/04/30;0600 UTC;;;;;;;;;;;;;;;;;
2022/04/30;0700 UTC;;;;;;;;;;;;;;;;;
2022/04/30;0800 UTC;;;;;;;;;;;;;;;;;
2022/04/30;0900 UTC;;;;;;;;;;;;;;;;;
2022/04/30;1000 UTC;;;;;;;;;;;;;;;;;
2022/04/30;1100 UTC;;;;;;;;;;;;;;;;;
2022/04/30;1200 UTC;;;;;;;;;;;;;;;;;
2022/04/30;1300 UTC;;;;;;;;;;;;;;;;;
2022/04/30;1400 UTC;;;;;;;;;;;;;;;;;
2022/04/30;1500 UTC;;;;;;;;;;;;;;;;;
2022/04/30;1600 UTC;;;;;;;;;;;;;;;;;
2022/04/30;1700 UTC;;;;;;;;;;;;;;;;;
2022/04/30;1800 UTC;;;;;;;;;;;;;;;;;
2022/04/30;1900 UTC;;;;;;;;;;;;;;;;;
2022/04/30;2000 UTC;;;;;;;;;;;;;;;;;
2022/04/30;2100 UTC;;;;;;;;;;;;;;;;;
2022/04/30;2200 UTC;;;;;;;;;;;;;;;;;
2022/04/30;2300 UTC;;;;;;;;;;;;;;;;;
2022/05/01;0000 UTC;;;;;;;;;;;;;;;;;
2022/05/01;0100 UTC;;;;;;;;;;;;;;;;;
2022/05/01;0200 UTC;;;;;;;;;;;;;;;;;
2022/05/01;0300 UTC;;;;;;;;;;;;;;;;;
2022/05/01;0400 UTC;;;;;;;;;;;;;;;;;
2022/05/01;0500 UTC;;;;;;;;;;;;;;;;;
2022/05/01;0600 UTC;;;;;;;;;;;;;;;;;
2022/05/01;0700 UTC;;;;;;;;;;;;;;;;;
2022/05/01;0800 UTC;;;;;;;;;;;;;;;;;
2022/05/01;0900 UTC;;;;;;;;;;;;;;;;;
2022/05/01;1000 UTC;;;;;;;;;;;;;;;;;
2022/05/01;1100 UTC;;;;;;;;;;;;;;;;;
2022/05/01;1200 UTC;;;;;;;;;;;;;;;;;
2022/05/01;1300 UTC;;;;;;;;;;;;;;;;;
2022/05/01;1400 UTC;;;;;;;;;;;;;;;;;
2022/05/01;1500 UTC;;;;;;;;;;;;;;;;;
2022/05/01;1600 UTC;;;;;;;;;;;;;;;;;
2022/05/01;1700 UTC;;;;;;;;;;;;;;;;;
2022/05/01;1800 UTC;;;;;;;;;;;;;;;;;
2022/05/01;1900 UTC;;;;;;;;;;;;;;;;;
2022/05/01;2000 UTC;;;;;;;;;;;;;;;;;
2022/05/01;2100 UTC;;;;;;;;;;;;;;;;;
2022/05/01;2200 UTC;;;;;;;;;;;;;;;;;
2022/05/01;2300 UTC;;;;;;;;;;;;;;;;;
2022/05/02;0000 UTC;;;;;;;;;;;;;;;;;
2022/05/02;0100 UTC;;;;;;;;;;;;;;;;;
2022/05/02;0200 UTC;;;;;;;;;;;;;;;;;
2022/05/02;0300 UTC;;;;;;;;;;;;;;;;;
2022/05/02;0400 UTC;;;;;;;;;;;;;;;;;
2022/05/02;0500 UTC;;;;;;;;;;;;;;;;;
2022/05/02;0600 UTC;;;;;;;;;;;;;;;;;
2022/05/02;0700 UTC;;;;;;;;;;;;;;;;;
2022/05/02;0800 UTC;;;;;;;;;;;;;;;;;
2022/05/02;0900 UTC;;;;;;;;;;;;;;;;;
2022/05/02;1000 UTC;;;;;;;;;;;;;;;;;
2022/05/02;1100 UTC;;;;;;;;;;;;;;;;;
2022/05/02;1200 UTC;;;;;;;;;;;;;;;;;
2022/05/02;1300 UTC;;;;;;;;;;;;;;;;;
2022/05/02;1400 UTC;;;;;;;;;;;;;;;;;
2022/05/02;1500 UTC;;;;;;;;;;;;;;;;;
2022/05/02;1600 UTC;;;;;;;;;;;;;;;;;
2022/05/02;1700 UTC;;;;;;;;;;;;;;;;;
2022/05/02;1800 UTC;;;;;;;;;;;;;;;;;
2022/05/02;1900 UTC;;;;;;;;;;;;;;;;;
2022/05/02;2000 UTC;;;;;;;;;;;;;;;;;
2022/05/02;2100 UTC;;;;;;;;;;;;;;;;;
2022/05/02;2200 UTC;;;;;;;;;;;;;;;;;
2022/05/02;2300 UTC;;;;;;;;;;;;;;;;;
2022/05/03;0000 UTC;;;;;;;;;;;;;;;;;
2022/05/03;0100 UTC;;;;;;;;;;;;;;;;;
2022/05/03;0200 UTC;;;;;;;;;;;;;;;;;
2022/05/03;0300 UTC;;;;;;;;;;;;;;;;;
2022/05/03;0400 UTC;;;;;;;;;;;;;;;;;
2022/05/03;0500 UTC;;;;;;;;;;;;;;;;;
2022/05/03;0600 UTC;;;;;;;;;;;;;;;;;
2022/05/03;0700 UTC;;;;;;;;;;;;;;;;;
2022/05/03;0800 UTC;;;;;;;;;;;;;;;;;
2022/05/03;0900 UTC;;;;;;;;;;;;;;;;;
2022/05/03;1000 UTC;;;;;;;;;;;;;;;;;
2022/05/03;1100 UTC;;;;;;;;;;;;;;;;;
2022/05/03;1200 UTC;;;;;;;;;;;;;;;;;
2022/05/03;1300 UTC;;;;;;;;;;;;;;;;;
2022/05/03;1400 UTC;;;;;;;;;;;;;;;;;
2022/05/03;1500 UTC;;;;;;;;;;;;;;;;;
2022/05/03;1600 UTC;;;;;;;;;;;;;;;;;
2022/05/03;1700 UTC;;;;;;;;;;;;;;;;;
2022/05/03;1800 UTC;;;;;;;;;;;;;;;;;
2022/05/03;1900 UTC;;;;;;;;;;;;;;;;;
2022/05/03;2000 UTC;;;;;;;;;;;;;;;;;
2022/05/03;2100 UTC;;;;;;;;;;;;;;;;;
2022/05/03;2200 UTC;;;;;;;;;;;;;;;;;
2022/05/03;2300 UTC;;;;;;;;;;;;;;;;;
2022/05/04;0000 UTC;;;;;;;;;;;;;;;;;
2022/05/04;0100 UTC;;;;;;;;;;;;;;;;;
2022/05/04;0200 UTC;;;;;;;;;;;;;;;;;
2022/05/04;0300 UTC;;;;;;;;;;;;;;;;;
2022/05/04;0400 UTC;;;;;;;;;;;;;;;;;
2022/05/04;0500 UTC;;;;;;;;;;;;;;;;;
2022/05/04;0600 UTC;;;;;;;;;;;;;;;;;
2022/05/04;0700 UTC;;;;;;;;;;;;;;;;;
2022/05/04;0800 UTC;;;;;;;;;;;;;;;;;
2022/05/04;0900 UTC;;;;;;;;;;;;;;;;;
2022/05/04;1000 UTC;;;;;;;;;;;;;;;;;
2022/05/04;1100 UTC;;;;;;;;;;;;;;;;;
2022/05/04;1200 UTC;;;;;;;;;;;;;;;;;
2022/05/04;1300 UTC;;;;;;;;;;;;;;;;;
2022/05/04;1400 UTC;;;;;;;;;;;;;;;;;
2022/05/04;1500 UTC;;;;;;;;;;;;;;;;;
2022/05/04;1600 UTC;;;;;;;;;;;;;;;;;
2022/05/04;1700 UTC;;;;;;;;;;;;;;;;;
2022/05/04;1800 UTC;;;;;;;;;;;;;;;;;
2022/05/04;1900 UTC;;;;;;;;;;;;;;;;;
2022/05/04;2000 UTC;;;;;;;;;;;;;;;;;
2022/05/04;2100 UTC;;;;;;;;;;;;;;;;;
2022/05/04;2200 UTC;;;;;;;;;;;;;;;;;
2022/05/04;2300 UTC;;;;;;;;;;;;;;;;;
2022/05/05;0000 UTC;;;;;;;;;;;;;;;;;
2022/05/05;0100 UTC;;;;;;;;;;;;;;;;;
2022/05/05;0200 UTC;;;;;;;;;;;;;;;;;
2022/05/05;0300 UTC;;;;;;;;;;;;;;;;;
2022/05/05;0400 UTC;;;;;;;;;;;;;;;;;
2022/05/05;0500 UTC;;;;;;;;;;;;;;;;;
2022/05/05;0600 UTC;;;;;;;;;;;;;;;;;
2022/05/05;0700 UTC;;;;;;;;;;;;;;;;;
2022/05/05;0800 UTC;;;;;;;;;;;;;;;;;
2022/05/05;0900 UTC;;;;;;;;;;;;;;;;;
2022/05/05;1000 UTC;;;;;;;;;;;;;;;;;
2022/05/05;1100 UTC;;;;;;;;;;;;;;;;;
2022/05/05;1200 UTC;;;;;;;;;;;;;;;;;
2022/05/05;1300 UTC;;;;;;;;;;;;;;;;;
2022/05/05;1400 UTC;;;;;;;;;;;;;;;;;
2022/05/05;1500 UTC;;;;;;;;;;;;;;;;;
2022/05/05;1600 UTC;;;;;;;;;;;;;;;;;
2022/05/05;1700 UTC;;;;;;;;;;;;;;;;;
2022/05/05;1800 UTC;;;;;;;;;;;;;;;;;
2022/05/05;1900 UTC;;;;;;;;;;;;;;;;;
2022/05/05;2000 UTC;;;;;;;;;;;;;;;;;
2022/05/05;2100 UTC;;;;;;;;;;;;;;;;;
2022/05/05;2200 UTC;;;;;;;;;;;;;;;;;
2022/05/05;2300 UTC;;;;;;;;;;;;;;;;;
2022/05/06;0000 UTC;;;;;;;;;;;;;;;;;
2022/05/06;0100 UTC;;;;;;;;;;;;;;;;;
2022/05/06;0200 UTC;;;;;;;;;;;;;;;;;
2022/05/06;0300 UTC;;;;;;;;;;;;;;;;;
2022/05/06;0400 UTC;;;;;;;;;;;;;;;;;
2022/05/06;0500 UTC;;;;;;;;;;;;;;;;;
2022/05/06;0600 UTC;;;;;;;;;;;;;;;;;
2022/05/06;0700 UTC;;;;;;;;;;;;;;;;;
2022/05/06;0800 UTC;;;;;;;;;;;;;;;;;
2022/05/06;0900 UTC;;;;;;;;;;;;;;;;;
2022/05/06;1000 UTC;;;;;;;;;;;;;;;;;
2022/05/06;1100 UTC;;;;;;;;;;;;;;;;;
2022/05/06;1200 UTC;;;;;;;;;;;;;;;;;
2022/05/06;1300 UTC;;;;;;;;;;;;;;;;;
2022/05/06;1400 UTC;;;;;;;;;;;;;;;;;
2022/05/06;1500 UTC;;;;;;;;;;;;;;;;;
2022/05/06;1600 UTC;;;;;;;;;;;;;;;;;
2022/05/06;1700 UTC;;;;;;;;;;;;;;;;;
2022/05/06;1800 UTC;;;;;;;;;;;;;;;;;
2022/05/06;1900 UTC;;;;;;;;;;;;;;;;;
2022/05/06;2000 UTC;;;;;;;;;;;;;;;;;
2022/05/06;2100 UTC;;;;;;;;;;;;;;;;;
2022/05/06;2200 UTC;;;;;;;;;;;;;;;;;
2022/05/06;2300 UTC;;;;;;;;;;;;;;;;;
2022/05/07;0000 UTC;;;;;;;;;;;;;;;;;
2022/05/07;0100 UTC;;;;;;;;;;;;;;;;;
2022/05/07;0200 UTC;;;;;;;;;;;;;;;;;
2022/05/07;0300 UTC;;;;;;;;;;;;;;;;;
2022/05/07;0400 UTC;;;;;;;;;;;;;;;;;
2022/05/07;0500 UTC;;;;;;;;;;;;;;;;;
2022/05/07;0600 UTC;;;;;;;;;;;;;;;;;
2022/05/07;0700 UTC;;;;;;;;;;;;;;;;;
2022/05/07;0800 UTC;;;;;;;;;;;;;;;;;
2022/05/07;0900 UTC;;;;;;;;;;;;;;;;;
2022/05/07;1000 UTC;;;;;;;;;;;;;;;;;
2022/05/07;1100 UTC;;;;;;;;;;;;;;;;;
2022/05/07;1200 UTC;;;;;;;;;;;;;;;;;
2022/05/07;1300 UTC;;;;;;;;;;;;;;;;;
2022/05/07;1400 UTC;;;;;;;;;;;;;;;;;
2022/05/07;1500 UTC;;;;;;;;;;;;;;;;;
2022/05/07;1600 UTC;;;;;;;;;;;;;;;;;
2022/05/07;1700 UTC;;;;;;;;;;;;;;;;;
2022/05/07;1800 UTC;;;;;;;;;;;;;;;;;
2022/05/07;1900 UTC;;;;;;;;;;;;;;;;;
2022/05/07;2000 UTC;;;;;;;;;;;;;;;;;
2022/05/07;2100 UTC;;;;;;;;;;;;;;;;;
2022/05/07;2200 UTC;;;;;;;;;;;;;;;;;
2022/05/07;2300 UTC;;;;;;;;;;;;;;;;;
2022/05/08;0000 UTC;;;;;;;;;;;;;;;;;
2022/05/08;0100 UTC;;;;;;;;;;;;;;;;;
2022/05/08;0200 UTC;;;;;;;;;;;;;;;;;
2022/05/08;0300 UTC;;;;;;;;;;;;;;;;;
2022/05/08;0400 UTC;;;;;;;;;;;;;;;;;
2022/05/08;0500 UTC;;;;;;;;;;;;;;;;;
2022/05/08;0600 UTC;;;;;;;;;;;;;;;;;
2022/05/08;0700 UTC;;;;;;;;;;;;;;;;;
2022/05/08;0800 UTC;;;;;;;;;;;;;;;;;
2022/05/08;0900 UTC;;;;;;;;;;;;;;;;;
2022/05/08;1000 UTC;;;;;;;;;;;;;;;;;
2022/05/08;1100 UTC;;;;;;;;;;;;;;;;;
2022/05/08;1200 UTC;;;;;;;;;;;;;;;;;
2022/05/08;1300 UTC;;;;;;;;;;;;;;;;;
2022/05/08;1400 UTC;;;;;;;;;;;;;;;;;
2022/05/08;1500 UTC;;;;;;;;;;;;;;;;;
2022/05/08;1600 UTC;;;;;;;;;;;;;;;;;
2022/05/08;1700 UTC;;;;;;;;;;;;;;;;;
2022/05/08;1800 UTC;;;;;;;;;;;;;;;;;
2022/05/08;1900 UTC;;;;;;;;;;;;;;;;;
2022/05/08;2000 UTC;;;;;;;;;;;;;;;;;
2022/05/08;2100 UTC;;;;;;;;;;;;;;;;;
2022/05/08;2200 UTC;;;;;;;;;;;;;;;;;
2022/05/08;2300 UTC;;;;;;;;;;;;;;;;;
2022/05/09;0000 UTC;;;;;;;;;;;;;;;;;
2022/05/09;0100 UTC;;;;;;;;;;;;;;;;;
2022/05/09;0200 UTC;;;;;;;;;;;;;;;;;
2022/05/09;0300 UTC;;;;;;;;;;;;;;;;;
2022/05/09;0400 UTC;;;;;;;;;;;;;;;;;
2022/05/09;0500 UTC;;;;;;;;;;;;;;;;;
2022/05/09;0600 UTC;;;;;;;;;;;;;;;;;
2022/05/09;0700 UTC;;;;;;;;;;;;;;;;;
2022/05/09;0800 UTC;;;;;;;;;;;;;;;;;
2022/05/09;0900 UTC;;;;;;;;;;;;;;;;;
2022/05/09;1000 UTC;;;;;;;;;;;;;;;;;
2022/05/09;1100 UTC;;;;;;;;;;;;;;;;;
2022/05/09;1200 UTC;;;;;;;;;;;;;;;;;
2022/05/09;1300 UTC;;;;;;;;;;;;;;;;;
2022/05/09;1400 UTC;;;;;;;;;;;;;;;;;
2022/05/09;1500 UTC;;;;;;;;;;;;;;;;;
2022/05/09;1600 UTC;;;;;;;;;;;;;;;;;
2022/05/09;1700 UTC;;;;;;;;;;;;;;;;;
2022/05/09;1800 UTC;;;;;;;;;;;;;;;;;
2022/05/09;1900 UTC;;;;;;;;;;;;;;;;;
2022/05/09;2000 UTC;;;;;;;;;;;;;;;;;
2022/05/09;2100 UTC;;;;;;;;;;;;;;;;;
2022/05/09;2200 UTC;;;;;;;;;;;;;;;;;
2022/05/09;2300 UTC;;;;;;;;;;;;;;;;;
2022/05/10;0000 UTC;;;;;;;;;;;;;;;;;
2022/05/10;0100 UTC;;;;;;;;;;;;;;;;;
2022/05/10;0200 UTC;;;;;;;;;;;;;;;;;
2022/05/10;0300 UTC;;;;;;;;;;;;;;;;;
2022/05/10;0400 UTC;;;;;;;;;;;;;;;;;
2022/05/10;0500 UTC;;;;;;;;;;;;;;;;;
2022/05/10;0600 UTC;;;;;;;;;;;;;;;;;
2022/05/10;0700 UTC;;;;;;;;;;;;;;;;;
2022/05/10;0800 UTC;;;;;;;;;;;;;;;;;
2022/05/10;0900 UTC;;;;;;;;;;;;;;;;;
2022/05/10;1000 UTC;;;;;;;;;;;;;;;;;
2022/05/10;1100 UTC;;;;;;;;;;;;;;;;;
2022/05/10;1200 UTC;;;;;;;;;;;;;;;;;
2022/05/10;1300 UTC;;;;;;;;;;;;;;;;;
2022/05/10;1400 UTC;;;;;;;;;;;;;;;;;
2022/05/10;1500 UTC;;;;;;;;;;;;;;;;;
2022/05/10;1600 UTC;;;;;;;;;;;;;;;;;
2022/05/10;1700 UTC;;;;;;;;;;;;;;;;;
2022/05/10;1800 UTC;;;;;;;;;;;;;;;;;
2022/05/10;1900 UTC;;;;;;;;;;;;;;;;;
2022/05/10;2000 UTC;;;;;;;;;;;;;;;;;
2022/05/10;2100 UTC;;;;;;;;;;;;;;;;;
2022/05/10;2200 UTC;;;;;;;;;;;;;;;;;
2022/05/10;2300 UTC;;;;;;;;;;;;;;;;;
2022/05/11;0000 UTC;;;;;;;;;;;;;;;;;
2022/05/11;0100 UTC;;;;;;;;;;;;;;;;;
2022/05/11;0200 UTC;;;;;;;;;;;;;;;;;
2022/05/11;0300 UTC;;;;;;;;;;;;;;;;;
2022/05/11;0400 UTC;;;;;;;;;;;;;;;;;
2022/05/11;0500 UTC;;;;;;;;;;;;;;;;;
2022/05/11;0600 UTC;;;;;;;;;;;;;;;;;
2022/05/11;0700 UTC;;;;;;;;;;;;;;;;;
2022/05/11;0800 UTC;;;;;;;;;;;;;;;;;
2022/05/11;0900 UTC;;;;;;;;;;;;;;;;;
2022/05/11;1000 UTC;;;;;;;;;;;;;;;;;
2022/05/11;1100 UTC;;;;;;;;;;;;;;;;;
2022/05/11;1200 UTC;;;;;;;;;;;;;;;;;
2022/05/11;1300 UTC;;;;;;;;;;;;;;;;;
2022/05/11;1400 UTC;;;;;;;;;;;;;;;;;
2022/05/11;1500 UTC;;;;;;;;;;;;;;;;;
2022/05/11;1600 UTC;;;;;;;;;;;;;;;;;
2022/05/11;1700 UTC;;;;;;;;;;;;;;;;;
2022/05/11;1800 UTC;;;;;;;;;;;;;;;;;
2022/05/11;1900 UTC;;;;;;;;;;;;;;;;;
2022/05/11;2000 UTC;;;;;;;;;;;;;;;;;
2022/05/11;2100 UTC;;;;;;;;;;;;;;;;;
2022/05/11;2200 UTC;;;;;;;;;;;;;;;;;
2022/05/11;2300 UTC;;;;;;;;;;;;;;;;;
2022/05/12;0000 UTC;;;;;;;;;;;;;;;;;
2022/05/12;0100 UTC;;;;;;;;;;;;;;;;;
2022/05/12;0200 UTC;;;;;;;;;;;;;;;;;
2022/05/12;0300 UTC;;;;;;;;;;;;;;;;;
2022/05/12;0400 UTC;;;;;;;;;;;;;;;;;
2022/05/12;0500 UTC;;;;;;;;;;;;;;;;;
2022/05/12;0600 UTC;;;;;;;;;;;;;;;;;
2022/05/12;0700 UTC;;;;;;;;;;;;;;;;;
2022/05/12;0800 UTC;;;;;;;;;;;;;;;;;
2022/05/12;0900 UTC;;;;;;;;;;;;;;;;;
2022/05/12;1000 UTC;;;;;;;;;;;;;;;;;
2022/05/12;1100 UTC;;;;;;;;;;;;;;;;;
2022/05/12;1200 UTC;;;;;;;;;;;;;;;;;
2022/05/12;1300 UTC;;;;;;;;;;;;;;;;;
2022/05/12;1400 UTC;;;;;;;;;;;;;;;;;
2022/05/12;1500 UTC;;;;;;;;;;;;;;;;;
2022/05/12;1600 UTC;;;;;;;;;;;;;;;;;
2022/05/12;1700 UTC;;;;;;;;;;;;;;;;;
2022/05/12;1800 UTC;;;;;;;;;;;;;;;;;
2022/05/12;1900 UTC;;;;;;;;;;;;;;;;;
2022/05/12;2000 UTC;;;;;;;;;;;;;;;;;
2022/05/12;2100 UTC;;;;;;;;;;;;;;;;;
2022/05/12;2200 UTC;;;;;;;;;;;;;;;;;
2022/05/12;2300 UTC;;;;;;;;;;;;;;;;;
2022/05/13;0000 UTC;;;;;;;;;;;;;;;;;
2022/05/13;0100 UTC;;;;;;;;;;;;;;;;;
2022/05/13;0200 UTC;;;;;;;;;;;;;;;;;
2022/05/13;0300 UTC;;;;;;;;;;;;;;;;;
2022/05/13;0400 UTC;;;;;;;;;;;;;;;;;
2022/05/13;0500 UTC;;;;;;;;;;;;;;;;;
2022/05/13;0600 UTC;;;;;;;;;;;;;;;;;
2022/05/13;0700 UTC;;;;;;;;;;;;;;;;;
2022/05/13;0800 UTC;;;;;;;;;;;;;;;;;
2022/05/13;0900 UTC;;;;;;;;;;;;;;;;;
2022/05/13;1000 UTC;;;;;;;;;;;;;;;;;
2022/05/13;1100 UTC;;;;;;;;;;;;;;;;;
2022/05/13;1200 UTC;;;;;;;;;;;;;;;;;
2022/05/13;1300 UTC;;;;;;;;;;;;;;;;;
2022/05/13;1400 UTC;;;;;;;;;;;;;;;;;
2022/05/13;1500 UTC;;;;;;;;;;;;;;;;;
2022/05/13;1600 UTC;;;;;;;;;;;;;;;;;
2022/05/13;1700 UTC;;;;;;;;;;;;;;;;;
2022/05/13;1800 UTC;;;;;;;;;;;;;;;;;
2022/05/13;1900 UTC;;;;;;;;;;;;;;;;;
2022/05/13;2000 UTC;;;;;;;;;;;;;;;;;
2022/05/13;2100 UTC;;;;;;;;;;;;;;;;;
2022/05/13;2200 UTC;;;;;;;;;;;;;;;;;
2022/05/13;2300 UTC;;;;;;;;;;;;;;;;;
2022/05/14;0000 UTC;;;;;;;;;;;;;;;;;
2022/05/14;0100 UTC;;;;;;;;;;;;;;;;;
2022/05/14;0200 UTC;;;;;;;;;;;;;;;;;
2022/05/14;0300 UTC;;;;;;;;;;;;;;;;;
2022/05/14;0400 UTC;;;;;;;;;;;;;;;;;
2022/05/14;0500 UTC;;;;;;;;;;;;;;;;;
2022/05/14;0600 UTC;;;;;;;;;;;;;;;;;
2022/05/14;0700 UTC;;;;;;;;;;;;;;;;;
2022/05/14;0800 UTC;;;;;;;;;;;;;;;;;
2022/05/14;0900 UTC;;;;;;;;;;;;;;;;;
2022/05/14;1000 UTC;;;;;;;;;;;;;;;;;
2022/05/14;1100 UTC;;;;;;;;;;;;;;;;;
2022/05/14;1200 UTC;;;;;;;;;;;;;;;;;
2022/05/14;1300 UTC;;;;;;;;;;;;;;;;;
2022/05/14;1400 UTC;;;;;;;;;;;;;;;;;
2022/05/14;1500 UTC;;;;;;;;;;;;;;;;;
2022/05/14;1600 UTC;;;;;;;;;;;;;;;;;
2022/05/14;1700 UTC;;;;;;;;;;;;;;;;;
2022/05/14;1800 UTC;;;;;;;;;;;;;;;;;
2022/05/14;1900 UTC;;;;;;;;;;;;;;;;;
2022/05/14;2000 UTC;;;;;;;;;;;;;;;;;
2022/05/14;2100 UTC;;;;;;;;;;;;;;;;;
2022/05/14;2200 UTC;;;;;;;;;;;;;;;;;
2022/05/14;2300 UTC;;;;;;;;;;;;;;;;;
2022/05/15;0000 UTC;;;;;;;;;;;;;;;;;
2022/05/15;0100 UTC;;;;;;;;;;;;;;;;;
2022/05/15;0200 UTC;;;;;;;;;;;;;;;;;
2022/05/15;0300 UTC;;;;;;;;;;;;;;;;;
2022/05/15;0400 UTC;;;;;;;;;;;;;;;;;
2022/05/15;0500 UTC;;;;;;;;;;;;;;;;;
2022/05/15;0600 UTC;;;;;;;;;;;;;;;;;
2022/05/15;0700 UTC;;;;;;;;;;;;;;;;;
2022/05/15;0800 UTC;;;;;;;;;;;;;;;;;
2022/05/15;0900 UTC;;;;;;;;;;;;;;;;;
2022/05/15;1000 UTC;;;;;;;;;;;;;;;;;
2022/05/15;1100 UTC;;;;;;;;;;;;;;;;;
2022/05/15;1200 UTC;;;;;;;;;;;;;;;;;
2022/05/15;1300 UTC;;;;;;;;;;;;;;;;;
2022/05/15;1400 UTC;;;;;;;;;;;;;;;;;
2022/05/15;1500 UTC;;;;;;;;;;;;;;;;;
2022/05/15;1600 UTC;;;;;;;;;;;;;;;;;
2022/05/15;1700 UTC;;;;;;;;;;;;;;;;;
2022/05/15;1800 UTC;;;;;;;;;;;;;;;;;
2022/05/15;1900 UTC;;;;;;;;;;;;;;;;;
2022/05/15;2000 UTC;;;;;;;;;;;;;;;;;
2022/05/15;2100 UTC;;;;;;;;;;;;;;;;;
2022/05/15;2200 UTC;;;;;;;;;;;;;;;;;
2022/05/15;2300 UTC;;;;;;;;;;;;;;;;;
2022/05/16;0000 UTC;;;;;;;;;;;;;;;;;
2022/05/16;0100 UTC;;;;;;;;;;;;;;;;;
2022/05/16;0200 UTC;;;;;;;;;;;;;;;;;
2022/05/16;0300 UTC;;;;;;;;;;;;;;;;;
2022/05/16;0400 UTC;;;;;;;;;;;;;;;;;
2022/05/16;0500 UTC;;;;;;;;;;;;;;;;;
2022/05/16;0600 UTC;;;;;;;;;;;;;;;;;
2022/05/16;0700 UTC;;;;;;;;;;;;;;;;;
2022/05/16;0800 UTC;;;;;;;;;;;;;;;;;
2022/05/16;0900 UTC;;;;;;;;;;;;;;;;;
2022/05/16;1000 UTC;;;;;;;;;;;;;;;;;
2022/05/16;1100 UTC;;;;;;;;;;;;;;;;;
2022/05/16;1200 UTC;;;;;;;;;;;;;;;;;
2022/05/16;1300 UTC;;;;;;;;;;;;;;;;;
2022/05/16;1400 UTC;;;;;;;;;;;;;;;;;
2022/05/16;1500 UTC;;;;;;;;;;;;;;;;;
2022/05/16;1600 UTC;;;;;;;;;;;;;;;;;
2022/05/16;1700 UTC;;;;;;;;;;;;;;;;;
2022/05/16;1800 UTC;;;;;;;;;;;;;;;;;
2022/05/16;1900 UTC;;;;;;;;;;;;;;;;;
2022/05/16;2000 UTC;;;;;;;;;;;;;;;;;
2022/05/16;2100 UTC;;;;;;;;;;;;;;;;;
2022/05/16;2200 UTC;;;;;;;;;;;;;;;;;
2022/05/16;2300 UTC;;;;;;;;;;;;;;;;;
2022/05/17;0000 UTC;;;;;;;;;;;;;;;;;
2022/05/17;0100 UTC;;;;;;;;;;;;;;;;;
2022/05/17;0200 UTC;;;;;;;;;;;;;;;;;
2022/05/17;0300 UTC;;;;;;;;;;;;;;;;;
2022/05/17;0400 UTC;;;;;;;;;;;;;;;;;
2022/05/17;0500 UTC;;;;;;;;;;;;;;;;;
2022/05/17;0600 UTC;;;;;;;;;;;;;;;;;
2022/05/17;0700 UTC;;;;;;;;;;;;;;;;;
2022/05/17;0800 UTC;;;;;;;;;;;;;;;;;
2022/05/17;0900 UTC;;;;;;;;;;;;;;;;;
2022/05/17;1000 UTC;;;;;;;;;;;;;;;;;
2022/05/17;1100 UTC;;;;;;;;;;;;;;;;;
2022/05/17;1200 UTC;;;;;;;;;;;;;;;;;
2022/05/17;1300 UTC;;;;;;;;;;;;;;;;;
2022/05/17;1400 UTC;;;;;;;;;;;;;;;;;
2022/05/17;1500 UTC;;;;;;;;;;;;;;;;;
2022/05/17;1600 UTC;;;;;;;;;;;;;;;;;
2022/05/17;1700 UTC;;;;;;;;;;;;;;;;;
2022/05/17;1800 UTC;;;;;;;;;;;;;;;;;
2022/05/17;1900 UTC;;;;;;;;;;;;;;;;;
2022/05/17;2000 UTC;;;;;;;;;;;;;;;;;
2022/05/17;2100 UTC;;;;;;;;;;;;;;;;;
2022/05/17;2200 UTC;;;;;;;;;;;;;;;;;
2022/05/17;2300 UTC;;;;;;;;;;;;;;;;;
2022/05/18;0000 UTC;;;;;;;;;;;;;;;;;
2022/05/18;0100 UTC;;;;;;;;;;;;;;;;;
2022/05/18;0200 UTC;;;;;;;;;;;;;;;;;
2022/05/18;0300 UTC;;;;;;;;;;;;;;;;;
2022/05/18;0400 UTC;;;;;;;;;;;;;;;;;
2022/05/18;0500 UTC;;;;;;;;;;;;;;;;;
2022/05/18;0600 UTC;;;;;;;;;;;;;;;;;
2022/05/18;0700 UTC;;;;;;;;;;;;;;;;;
2022/05/18;0800 UTC;;;;;;;;;;;;;;;;;
2022/05/18;0900 UTC;;;;;;;;;;;;;;;;;
2022/05/18;1000 UTC;;;;;;;;;;;;;;;;;
2022/05/18;1100 UTC;;;;;;;;;;;;;;;;;
2022/05/18;1200 UTC;;;;;;;;;;;;;;;;;
2022/05/18;1300 UTC;;;;;;;;;;;;;;;;;
2022/05/18;1400 UTC;;;;;;;;;;;;;;;;;
2022/05/18;1500 UTC;;;;;;;;;;;;;;;;;
2022/05/18;1600 UTC;;;;;;;;;;;;;;;;;
2022/05/18;1700 UTC;;;;;;;;;;;;;;;;;
2022/05/18;1800 UTC;;;;;;;;;;;;;;;;;
2022/05/18;1900 UTC;;;;;;;;;;;;;;;;;
2022/05/18;2000 UTC;;;;;;;;;;;;;;;;;
2022/05/18;2100 UTC;;;;;;;;;;;;;;;;;
2022/05/18;2200 UTC;;;;;;;;;;;;;;;;;
2022/05/18;2300 UTC;;;;;;;;;;;;;;;;;
2022/05/19;0000 UTC;;;;;;;;;;;;;;;;;
2022/05/19;0100 UTC;;;;;;;;;;;;;;;;;
2022/05/19;0200 UTC;;;;;;;;;;;;;;;;;
2022/05/19;0300 UTC;;;;;;;;;;;;;;;;;
2022/05/19;0400 UTC;;;;;;;;;;;;;;;;;
2022/05/19;0500 UTC;;;;;;;;;;;;;;;;;
2022/05/19;0600 UTC;;;;;;;;;;;;;;;;;
2022/05/19;0700 UTC;;;;;;;;;;;;;;;;;
2022/05/19;0800 UTC;;;;;;;;;;;;;;;;;
2022/05/19;0900 UTC;;;;;;;;;;;;;;;;;
2022/05/19;1000 UTC;;;;;;;;;;;;;;;;;
2022/05/19;1100 UTC;;;;;;;;;;;;;;;;;
2022/05/19;1200 UTC;;;;;;;;;;;;;;;;;
2022/05/19;1300 UTC;;;;;;;;;;;;;;;;;
2022/05/19;1400 UTC;;;;;;;;;;;;;;;;;
2022/05/19;1500 UTC;;;;;;;;;;;;;;;;;
2022/05/19;1600 UTC;;;;;;;;;;;;;;;;;
2022/05/19;1700 UTC;;;;;;;;;;;;;;;;;
2022/05/19;1800 UTC;;;;;;;;;;;;;;;;;
2022/05/19;1900 UTC;;;;;;;;;;;;;;;;;
2022/05/19;2000 UTC;;;;;;;;;;;;;;;;;
2022/05/19;2100 UTC;;;;;;;;;;;;;;;;;
2022/05/19;2200 UTC;;;;;;;;;;;;;;;;;
2022/05/19;2300 UTC;;;;;;;;;;;;;;;;;
2022/05/20;0000 UTC;;;;;;;;;;;;;;;;;
2022/05/20;0100 UTC;;;;;;;;;;;;;;;;;
2022/05/20;0200 UTC;;;;;;;;;;;;;;;;;
2022/05/20;0300 UTC;;;;;;;;;;;;;;;;;
2022/05/20;0400 UTC;;;;;;;;;;;;;;;;;
2022/05/20;0500 UTC;;;;;;;;;;;;;;;;;
2022/05/20;0600 UTC;;;;;;;;;;;;;;;;;
2022/05/20;0700 UTC;;;;;;;;;;;;;;;;;
2022/05/20;0800 UTC;;;;;;;;;;;;;;;;;
2022/05/20;0900 UTC;;;;;;;;;;;;;;;;;
2022/05/20;1000 UTC;;;;;;;;;;;;;;;;;
2022/05/20;1100 UTC;;;;;;;;;;;;;;;;;
2022/05/20;1200 UTC;;;;;;;;;;;;;;;;;
2022/05/20;1300 UTC;;;;;;;;;;;;;;;;;
2022/05/20;1400 UTC;;;;;;;;;;;;;;;;;
2022/05/20;1500 UTC;;;;;;;;;;;;;;;;;
2022/05/20;1600 UTC;;;;;;;;;;;;;;;;;
2022/05/20;1700 UTC;;;;;;;;;;;;;;;;;
2022/05/20;1800 UTC;;;;;;;;;;;;;;;;;
2022/05/20;1900 UTC;;;;;;;;;;;;;;;;;
2022/05/20;2000 UTC;;;;;;;;;;;;;;;;;
2022/05/20;2100 UTC;;;;;;;;;;;;;;;;;
2022/05/20;2200 UTC;;;;;;;;;;;;;;;;;
2022/05/20;2300 UTC;;;;;;;;;;;;;;;;;
2022/05/21;0000 UTC;;;;;;;;;;;;;;;;;
2022/05/21;0100 UTC;;;;;;;;;;;;;;;;;
2022/05/21;0200 UTC;;;;;;;;;;;;;;;;;
2022/05/21;0300 UTC;;;;;;;;;;;;;;;;;
2022/05/21;0400 UTC;;;;;;;;;;;;;;;;;
2022/05/21;0500 UTC;;;;;;;;;;;;;;;;;
2022/05/21;0600 UTC;;;;;;;;;;;;;;;;;
2022/05/21;0700 UTC;;;;;;;;;;;;;;;;;
2022/05/21;0800 UTC;;;;;;;;;;;;;;;;;
2022/05/21;0900 UTC;;;;;;;;;;;;;;;;;
2022/05/21;1000 UTC;;;;;;;;;;;;;;;;;
2022/05/21;1100 UTC;;;;;;;;;;;;;;;;;
2022/05/21;1200 UTC;;;;;;;;;;;;;;;;;
2022/05/21;1300 UTC;;;;;;;;;;;;;;;;;
2022/05/21;1400 UTC;;;;;;;;;;;;;;;;;
2022/05/21;1500 UTC;;;;;;;;;;;;;;;;;
2022/05/21;1600 UTC;;;;;;;;;;;;;;;;;
2022/05/21;1700 UTC;;;;;;;;;;;;;;;;;
2022/05/21;1800 UTC;;;;;;;;;;;;;;;;;
2022/05/21;1900 UTC;;;;;;;;;;;;;;;;;
2022/05/21;2000 UTC;;;;;;;;;;;;;;;;;
2022/05/21;2100 UTC;;;;;;;;;;;;;;;;;
2022/05/21;2200 UTC;;;;;;;;;;;;;;;;;
2022/05/21;2300 UTC;;;;;;;;;;;;;;;;;
2022/05/22;0000 UTC;;;;;;;;;;;;;;;;;
2022/05/22;0100 UTC;;;;;;;;;;;;;;;;;
2022/05/22;0200 UTC;;;;;;;;;;;;;;;;;
2022/05/22;0300 UTC;;;;;;;;;;;;;;;;;
2022/05/22;0400 UTC;;;;;;;;;;;;;;;;;
2022/05/22;0500 UTC;;;;;;;;;;;;;;;;;
2022/05/22;0600 UTC;;;;;;;;;;;;;;;;;
2022/05/22;0700 UTC;;;;;;;;;;;;;;;;;
2022/05/22;0800 UTC;;;;;;;;;;;;;;;;;
2022/05/22;0900 UTC;;;;;;;;;;;;;;;;;
2022/05/22;1000 UTC;;;;;;;;;;;;;;;;;
2022/05/22;1100 UTC;;;;;;;;;;;;;;;;;
2022/05/22;1200 UTC;;;;;;;;;;;;;;;;;
2022/05/22;1300 UTC;;;;;;;;;;;;;;;;;
2022/05/22;1400 UTC;;;;;;;;;;;;;;;;;
2022/05/22;1500 UTC;;;;;;;;;;;;;;;;;
2022/05/22;1600 UTC;;;;;;;;;;;;;;;;;
2022/05/22;1700 UTC;;;;;;;;;;;;;;;;;
2022/05/22;1800 UTC;;;;;;;;;;;;;;;;;
2022/05/22;1900 UTC;;;;;;;;;;;;;;;;;
2022/05/22;2000 UTC;;;;;;;;;;;;;;;;;
2022/05/22;2100 UTC;;;;;;;;;;;;;;;;;
2022/05/22;2200 UTC;;;;;;;;;;;;;;;;;
2022/05/22;2300 UTC;;;;;;;;;;;;;;;;;
2022/05/23;0000 UTC;;;;;;;;;;;;;;;;;
2022/05/23;0100 UTC;;;;;;;;;;;;;;;;;
2022/05/23;0200 UTC;;;;;;;;;;;;;;;;;
2022/05/23;0300 UTC;;;;;;;;;;;;;;;;;
2022/05/23;0400 UTC;;;;;;;;;;;;;;;;;
2022/05/23;0500 UTC;;;;;;;;;;;;;;;;;
2022/05/23;0600 UTC;;;;;;;;;;;;;;;;;
2022/05/23;0700 UTC;;;;;;;;;;;;;;;;;
2022/05/23;0800 UTC;;;;;;;;;;;;;;;;;
2022/05/23;0900 UTC;;;;;;;;;;;;;;;;;
2022/05/23;1000 UTC;;;;;;;;;;;;;;;;;
2022/05/23;1100 UTC;;;;;;;;;;;;;;;;;
2022/05/23;1200 UTC;;;;;;;;;;;;;;;;;
2022/05/23;1300 UTC;;;;;;;;;;;;;;;;;
2022/05/23;1400 UTC;;;;;;;;;;;;;;;;;
2022/05/23;1500 UTC;;;;;;;;;;;;;;;;;
2022/05/23;1600 UTC;;;;;;;;;;;;;;;;;
2022/05/23;1700 UTC;;;;;;;;;;;;;;;;;
2022/05/23;1800 UTC;;;;;;;;;;;;;;;;;
2022/05/23;1900 UTC;;;;;;;;;;;;;;;;;
2022/05/23;2000 UTC;;;;;;;;;;;;;;;;;
2022/05/23;2100 UTC;;;;;;;;;;;;;;;;;
2022/05/23;2200 UTC;;;;;;;;;;;;;;;;;
2022/05/23;2300 UTC;;;;;;;;;;;;;;;;;
2022/05/24;0000 UTC;;;;;;;;;;;;;;;;;
2022/05/24;0100 UTC;;;;;;;;;;;;;;;;;
2022/05/24;0200 UTC;;;;;;;;;;;;;;;;;
2022/05/24;0300 UTC;;;;;;;;;;;;;;;;;
2022/05/24;0400 UTC;;;;;;;;;;;;;;;;;
2022/05/24;0500 UTC;;;;;;;;;;;;;;;;;
2022/05/24;0600 UTC;;;;;;;;;;;;;;;;;
2022/05/24;0700 UTC;;;;;;;;;;;;;;;;;
2022/05/24;0800 UTC;;;;;;;;;;;;;;;;;
2022/05/24;0900 UTC;;;;;;;;;;;;;;;;;
2022/05/24;1000 UTC;;;;;;;;;;;;;;;;;
2022/05/24;1100 UTC;;;;;;;;;;;;;;;;;
2022/05/24;1200 UTC;;;;;;;;;;;;;;;;;
2022/05/24;1300 UTC;;;;;;;;;;;;;;;;;
2022/05/24;1400 UTC;;;;;;;;;;;;;;;;;
2022/05/24;1500 UTC;;;;;;;;;;;;;;;;;
2022/05/24;1600 UTC;;;;;;;;;;;;;;;;;
2022/05/24;1700 UTC;;;;;;;;;;;;;;;;;
2022/05/24;1800 UTC;;;;;;;;;;;;;;;;;
2022/05/24;1900 UTC;;;;;;;;;;;;;;;;;
2022/05/24;2000 UTC;;;;;;;;;;;;;;;;;
2022/05/24;2100 UTC;;;;;;;;;;;;;;;;;
2022/05/24;2200 UTC;;;;;;;;;;;;;;;;;
2022/05/24;2300 UTC;;;;;;;;;;;;;;;;;
2022/05/25;0000 UTC;;;;;;;;;;;;;;;;;
2022/05/25;0100 UTC;;;;;;;;;;;;;;;;;
2022/05/25;0200 UTC;;;;;;;;;;;;;;;;;
2022/05/25;0300 UTC;;;;;;;;;;;;;;;;;
2022/05/25;0400 UTC;;;;;;;;;;;;;;;;;
2022/05/25;0500 UTC;;;;;;;;;;;;;;;;;
2022/05/25;0600 UTC;;;;;;;;;;;;;;;;;
2022/05/25;0700 UTC;;;;;;;;;;;;;;;;;
2022/05/25;0800 UTC;;;;;;;;;;;;;;;;;
2022/05/25;0900 UTC;;;;;;;;;;;;;;;;;
2022/05/25;1000 UTC;;;;;;;;;;;;;;;;;
2022/05/25;1100 UTC;;;;;;;;;;;;;;;;;
2022/05/25;1200 UTC;;;;;;;;;;;;;;;;;
2022/05/25;1300 UTC;;;;;;;;;;;;;;;;;
2022/05/25;1400 UTC;;;;;;;;;;;;;;;;;
2022/05/25;1500 UTC;;;;;;;;;;;;;;;;;
2022/05/25;1600 UTC;;;;;;;;;;;;;;;;;
2022/05/25;1700 UTC;;;;;;;;;;;;;;;;;
2022/05/25;1800 UTC;;;;;;;;;;;;;;;;;
2022/05/25;1900 UTC;;;;;;;;;;;;;;;;;
2022/05/25;2000 UTC;;;;;;;;;;;;;;;;;
2022/05/25;2100 UTC;;;;;;;;;;;;;;;;;
2022/05/25;2200 UTC;;;;;;;;;;;;;;;;;
2022/05/25;2300 UTC;;;;;;;;;;;;;;;;;
2022/05/26;0000 UTC;;;;;;;;;;;;;;;;;
2022/05/26;0100 UTC;;;;;;;;;;;;;;;;;
2022/05/26;0200 UTC;;;;;;;;;;;;;;;;;
2022/05/26;0300 UTC;;;;;;;;;;;;;;;;;
2022/05/26;0400 UTC;;;;;;;;;;;;;;;;;
2022/05/26;0500 UTC;;;;;;;;;;;;;;;;;
2022/05/26;0600 UTC;;;;;;;;;;;;;;;;;
2022/05/26;0700 UTC;;;;;;;;;;;;;;;;;
2022/05/26;0800 UTC;;;;;;;;;;;;;;;;;
2022/05/26;0900 UTC;;;;;;;;;;;;;;;;;
2022/05/26;1000 UTC;;;;;;;;;;;;;;;;;
2022/05/26;1100 UTC;;;;;;;;;;;;;;;;;
2022/05/26;1200 UTC;;;;;;;;;;;;;;;;;
2022/05/26;1300 UTC;;;;;;;;;;;;;;;;;
2022/05/26;1400 UTC;;;;;;;;;;;;;;;;;
2022/05/26;1500 UTC;;;;;;;;;;;;;;;;;
2022/05/26;1600 UTC;;;;;;;;;;;;;;;;;
2022/05/26;1700 UTC;;;;;;;;;;;;;;;;;
2022/05/26;1800 UTC;;;;;;;;;;;;;;;;;
2022/05/26;1900 UTC;;;;;;;;;;;;;;;;;
2022/05/26;2000 UTC;;;;;;;;;;;;;;;;;
2022/05/26;2100 UTC;;;;;;;;;;;;;;;;;
2022/05/26;2200 UTC;;;;;;;;;;;;;;;;;
2022/05/26;2300 UTC;;;;;;;;;;;;;;;;;
2022/05/27;0000 UTC;;;;;;;;;;;;;;;;;
2022/05/27;0100 UTC;;;;;;;;;;;;;;;;;
2022/05/27;0200 UTC;;;;;;;;;;;;;;;;;
2022/05/27;0300 UTC;;;;;;;;;;;;;;;;;
2022/05/27;0400 UTC;;;;;;;;;;;;;;;;;
2022/05/27;0500 UTC;;;;;;;;;;;;;;;;;
2022/05/27;0600 UTC;;;;;;;;;;;;;;;;;
2022/05/27;0700 UTC;;;;;;;;;;;;;;;;;
2022/05/27;0800 UTC;;;;;;;;;;;;;;;;;
2022/05/27;0900 UTC;;;;;;;;;;;;;;;;;
2022/05/27;1000 UTC;;;;;;;;;;;;;;;;;
2022/05/27;1100 UTC;;;;;;;;;;;;;;;;;
2022/05/27;1200 UTC;;;;;;;;;;;;;;;;;
2022/05/27;1300 UTC;;;;;;;;;;;;;;;;;
2022/05/27;1400 UTC;;;;;;;;;;;;;;;;;
2022/05/27;1500 UTC;;;;;;;;;;;;;;;;;
2022/05/27;1600 UTC;;;;;;;;;;;;;;;;;
2022/05/27;1700 UTC;;;;;;;;;;;;;;;;;
2022/05/27;1800 UTC;;;;;;;;;;;;;;;;;
2022/05/27;1900 UTC;;;;;;;;;;;;;;;;;
2022/05/27;2000 UTC;;;;;;;;;;;;;;;;;
2022/05/27;2100 UTC;;;;;;;;;;;;;;;;;
2022/05/27;2200 UTC;;;;;;;;;;;;;;;;;
2022/05/27;2300 UTC;;;;;;;;;;;;;;;;;
2022/05/28;0000 UTC;;;;;;;;;;;;;;;;;
2022/05/28;0100 UTC;;;;;;;;;;;;;;;;;
2022/05/28;0200 UTC;;;;;;;;;;;;;;;;;
2022/05/28;0300 UTC;;;;;;;;;;;;;;;;;
2022/05/28;0400 UTC;;;;;;;;;;;;;;;;;
2022/05/28;0500 UTC;;;;;;;;;;;;;;;;;
2022/05/28;0600 UTC;;;;;;;;;;;;;;;;;
2022/05/28;0700 UTC;;;;;;;;;;;;;;;;;
2022/05/28;0800 UTC;;;;;;;;;;;;;;;;;
2022/05/28;0900 UTC;;;;;;;;;;;;;;;;;
2022/05/28;1000 UTC;;;;;;;;;;;;;;;;;
2022/05/28;1100 UTC;;;;;;;;;;;;;;;;;
2022/05/28;1200 UTC;;;;;;;;;;;;;;;;;
2022/05/28;1300 UTC;;;;;;;;;;;;;;;;;
2022/05/28;1400 UTC;;;;;;;;;;;;;;;;;
2022/05/28;1500 UTC;;;;;;;;;;;;;;;;;
2022/05/28;1600 UTC;;;;;;;;;;;;;;;;;
2022/05/28;1700 UTC;;;;;;;;;;;;;;;;;
2022/05/28;1800 UTC;;;;;;;;;;;;;;;;;
2022/05/28;1900 UTC;;;;;;;;;;;;;;;;;
2022/05/28;2000 UTC;;;;;;;;;;;;;;;;;
2022/05/28;2100 UTC;;;;;;;;;;;;;;;;;
2022/05/28;2200 UTC;;;;;;;;;;;;;;;;;
2022/05/28;2300 UTC;;;;;;;;;;;;;;;;;
2022/05/29;0000 UTC;;;;;;;;;;;;;;;;;
2022/05/29;0100 UTC;;;;;;;;;;;;;;;;;
2022/05/29;0200 UTC;;;;;;;;;;;;;;;;;
2022/05/29;0300 UTC;;;;;;;;;;;;;;;;;
2022/05/29;0400 UTC;;;;;;;;;;;;;;;;;
2022/05/29;0500 UTC;;;;;;;;;;;;;;;;;
2022/05/29;0600 UTC;;;;;;;;;;;;;;;;;
2022/05/29;0700 UTC;;;;;;;;;;;;;;;;;
2022/05/29;0800 UTC;;;;;;;;;;;;;;;;;
2022/05/29;0900 UTC;;;;;;;;;;;;;;;;;
2022/05/29;1000 UTC;;;;;;;;;;;;;;;;;
2022/05/29;1100 UTC;;;;;;;;;;;;;;;;;
2022/05/29;1200 UTC;;;;;;;;;;;;;;;;;
2022/05/29;1300 UTC;;;;;;;;;;;;;;;;;
2022/05/29;1400 UTC;;;;;;;;;;;;;;;;;
2022/05/29;1500 UTC;;;;;;;;;;;;;;;;;
2022/05/29;1600 UTC;;;;;;;;;;;;;;;;;
2022/05/29;1700 UTC;;;;;;;;;;;;;;;;;
2022/05/29;1800 UTC;;;;;;;;;;;;;;;;;
2022/05/29;1900 UTC;;;;;;;;;;;;;;;;;
2022/05/29;2000 UTC;;;;;;;;;;;;;;;;;
2022/05/29;2100 UTC;;;;;;;;;;;;;;;;;
2022/05/29;2200 UTC;;;;;;;;;;;;;;;;;
2022/05/29;2300 UTC;;;;;;;;;;;;;;;;;
2022/05/30;0000 UTC;;;;;;;;;;;;;;;;;
2022/05/30;0100 UTC;;;;;;;;;;;;;;;;;
2022/05/30;0200 UTC;;;;;;;;;;;;;;;;;
2022/05/30;0300 UTC;;;;;;;;;;;;;;;;;
2022/05/30;0400 UTC;;;;;;;;;;;;;;;;;
2022/05/30;0500 UTC;;;;;;;;;;;;;;;;;
2022/05/30;0600 UTC;;;;;;;;;;;;;;;;;
2022/05/30;0700 UTC;;;;;;;;;;;;;;;;;
2022/05/30;0800 UTC;;;;;;;;;;;;;;;;;
2022/05/30;0900 UTC;;;;;;;;;;;;;;;;;
2022/05/30;1000 UTC;;;;;;;;;;;;;;;;;
2022/05/30;1100 UTC;;;;;;;;;;;;;;;;;
2022/05/30;1200 UTC;;;;;;;;;;;;;;;;;
2022/05/30;1300 UTC;;;;;;;;;;;;;;;;;
2022/05/30;1400 UTC;;;;;;;;;;;;;;;;;
2022/05/30;1500 UTC;;;;;;;;;;;;;;;;;
2022/05/30;1600 UTC;;;;;;;;;;;;;;;;;
2022/05/30;1700 UTC;;;;;;;;;;;;;;;;;
2022/05/30;1800 UTC;;;;;;;;;;;;;;;;;
2022/05/30;1900 UTC;;;;;;;;;;;;;;;;;
2022/05/30;2000 UTC;;;;;;;;;;;;;;;;;
2022/05/30;2100 UTC;;;;;;;;;;;;;;;;;
2022/05/30;2200 UTC;;;;;;;;;;;;;;;;;
2022/05/30;2300 UTC;;;;;;;;;;;;;;;;;
2022/05/31;0000 UTC;;;;;;;;;;;;;;;;;
2022/05/31;0100 UTC;;;;;;;;;;;;;;;;;
2022/05/31;0200 UTC;;;;;;;;;;;;;;;;;
2022/05/31;0300 UTC;;;;;;;;;;;;;;;;;
2022/05/31;0400 UTC;;;;;;;;;;;;;;;;;
2022/05/31;0500 UTC;;;;;;;;;;;;;;;;;
2022/05/31;0600 UTC;;;;;;;;;;;;;;;;;
2022/05/31;0700 UTC;;;;;;;;;;;;;;;;;
2022/05/31;0800 UTC;;;;;;;;;;;;;;;;;
2022/05/31;0900 UTC;;;;;;;;;;;;;;;;;
2022/05/31;1000 UTC;;;;;;;;;;;;;;;;;
2022/05/31;1100 UTC;;;;;;;;;;;;;;;;;
2022/05/31;1200 UTC;;;;;;;;;;;;;;;;;
2022/05/31;1300 UTC;;;;;;;;;;;;;;;;;
2022/05/31;1400 UTC;;;;;;;;;;;;;;;;;
2022/05/31;1500 UTC;;;;;;;;;;;;;;;;;
2022/05/31;1600 UTC;;;;;;;;;;;;;;;;;
2022/05/31;1700 UTC;;;;;;;;;;;;;;;;;
2022/05/31;1800 UTC;;;;;;;;;;;;;;;;;
2022/05/31;1900 UTC;;;;;;;;;;;;;;;;;
2022/05/31;2000 UTC;;;;;;;;;;;;;;;;;
2022/05/31;2100 UTC;;;;;;;;;;;;;;;;;
2022/05/31;2200 UTC;;;;;;;;;;;;;;;;;
2022/05/31;2300 UTC;;;;;;;;;;;;;;;;;
2022/06/01;0000 UTC;;;;;;;;;;;;;;;;;
2022/06/01;0100 UTC;;;;;;;;;;;;;;;;;
2022/06/01;0200 UTC;;;;;;;;;;;;;;;;;
2022/06/01;0300 UTC;;;;;;;;;;;;;;;;;
2022/06/01;0400 UTC;;;;;;;;;;;;;;;;;
2022/06/01;0500 UTC;;;;;;;;;;;;;;;;;
2022/06/01;0600 UTC;;;;;;;;;;;;;;;;;
2022/06/01;0700 UTC;;;;;;;;;;;;;;;;;
2022/06/01;0800 UTC;;;;;;;;;;;;;;;;;
2022/06/01;0900 UTC;;;;;;;;;;;;;;;;;
2022/06/01;1000 UTC;;;;;;;;;;;;;;;;;
2022/06/01;1100 UTC;;;;;;;;;;;;;;;;;
2022/06/01;1200 UTC;;;;;;;;;;;;;;;;;
2022/06/01;1300 UTC;;;;;;;;;;;;;;;;;
2022/06/01;1400 UTC;;;;;;;;;;;;;;;;;
2022/06/01;1500 UTC;;;;;;;;;;;;;;;;;
2022/06/01;1600 UTC;;;;;;;;;;;;;;;;;
2022/06/01;1700 UTC;;;;;;;;;;;;;;;;;
2022/06/01;1800 UTC;;;;;;;;;;;;;;;;;
2022/06/01;1900 UTC;;;;;;;;;;;;;;;;;
2022/06/01;2000 UTC;;;;;;;;;;;;;;;;;
2022/06/01;2100 UTC;;;;;;;;;;;;;;;;;
2022/06/01;2200 UTC;;;;;;;;;;;;;;;;;
2022/06/01;2300 UTC;;;;;;;;;;;;;;;;;
2022/06/02;0000 UTC;;;;;;;;;;;;;;;;;
2022/06/02;0100 UTC;;;;;;;;;;;;;;;;;
2022/06/02;0200 UTC;;;;;;;;;;;;;;;;;
2022/06/02;0300 UTC;;;;;;;;;;;;;;;;;
2022/06/02;0400 UTC;;;;;;;;;;;;;;;;;
2022/06/02;0500 UTC;;;;;;;;;;;;;;;;;
2022/06/02;0600 UTC;;;;;;;;;;;;;;;;;
2022/06/02;0700 UTC;;;;;;;;;;;;;;;;;
2022/06/02;0800 UTC;;;;;;;;;;;;;;;;;
2022/06/02;0900 UTC;;;;;;;;;;;;;;;;;
2022/06/02;1000 UTC;;;;;;;;;;;;;;;;;
2022/06/02;1100 UTC;;;;;;;;;;;;;;;;;
2022/06/02;1200 UTC;;;;;;;;;;;;;;;;;
2022/06/02;1300 UTC;;;;;;;;;;;;;;;;;
2022/06/02;1400 UTC;;;;;;;;;;;;;;;;;
2022/06/02;1500 UTC;;;;;;;;;;;;;;;;;
2022/06/02;1600 UTC;;;;;;;;;;;;;;;;;
2022/06/02;1700 UTC;;;;;;;;;;;;;;;;;
2022/06/02;1800 UTC;;;;;;;;;;;;;;;;;
2022/06/02;1900 UTC;;;;;;;;;;;;;;;;;
2022/06/02;2000 UTC;;;;;;;;;;;;;;;;;
2022/06/02;2100 UTC;;;;;;;;;;;;;;;;;
2022/06/02;2200 UTC;;;;;;;;;;;;;;;;;
2022/06/02;2300 UTC;;;;;;;;;;;;;;;;;
2022/06/03;0000 UTC;;;;;;;;;;;;;;;;;
2022/06/03;0100 UTC;;;;;;;;;;;;;;;;;
2022/06/03;0200 UTC;;;;;;;;;;;;;;;;;
2022/06/03;0300 UTC;;;;;;;;;;;;;;;;;
2022/06/03;0400 UTC;;;;;;;;;;;;;;;;;
2022/06/03;0500 UTC;;;;;;;;;;;;;;;;;
2022/06/03;0600 UTC;;;;;;;;;;;;;;;;;
2022/06/03;0700 UTC;;;;;;;;;;;;;;;;;
2022/06/03;0800 UTC;;;;;;;;;;;;;;;;;
2022/06/03;0900 UTC;;;;;;;;;;;;;;;;;
2022/06/03;1000 UTC;;;;;;;;;;;;;;;;;
2022/06/03;1100 UTC;;;;;;;;;;;;;;;;;
2022/06/03;1200 UTC;;;;;;;;;;;;;;;;;
2022/06/03;1300 UTC;;;;;;;;;;;;;;;;;
2022/06/03;1400 UTC;;;;;;;;;;;;;;;;;
2022/06/03;1500 UTC;;;;;;;;;;;;;;;;;
2022/06/03;1600 UTC;;;;;;;;;;;;;;;;;
2022/06/03;1700 UTC;;;;;;;;;;;;;;;;;
2022/06/03;1800 UTC;;;;;;;;;;;;;;;;;
2022/06/03;1900 UTC;;;;;;;;;;;;;;;;;
2022/06/03;2000 UTC;;;;;;;;;;;;;;;;;
2022/06/03;2100 UTC;;;;;;;;;;;;;;;;;
2022/06/03;2200 UTC;;;;;;;;;;;;;;;;;
2022/06/03;2300 UTC;;;;;;;;;;;;;;;;;
2022/06/04;0000 UTC;;;;;;;;;;;;;;;;;
2022/06/04;0100 UTC;;;;;;;;;;;;;;;;;
2022/06/04;0200 UTC;;;;;;;;;;;;;;;;;
2022/06/04;0300 UTC;;;;;;;;;;;;;;;;;
2022/06/04;0400 UTC;;;;;;;;;;;;;;;;;
2022/06/04;0500 UTC;;;;;;;;;;;;;;;;;
2022/06/04;0600 UTC;;;;;;;;;;;;;;;;;
2022/06/04;0700 UTC;;;;;;;;;;;;;;;;;
2022/06/04;0800 UTC;;;;;;;;;;;;;;;;;
2022/06/04;0900 UTC;;;;;;;;;;;;;;;;;
2022/06/04;1000 UTC;;;;;;;;;;;;;;;;;
2022/06/04;1100 UTC;;;;;;;;;;;;;;;;;
2022/06/04;1200 UTC;;;;;;;;;;;;;;;;;
2022/06/04;1300 UTC;;;;;;;;;;;;;;;;;
2022/06/04;1400 UTC;;;;;;;;;;;;;;;;;
2022/06/04;1500 UTC;;;;;;;;;;;;;;;;;
2022/06/04;1600 UTC;;;;;;;;;;;;;;;;;
2022/06/04;1700 UTC;;;;;;;;;;;;;;;;;
2022/06/04;1800 UTC;;;;;;;;;;;;;;;;;
2022/06/04;1900 UTC;;;;;;;;;;;;;;;;;
2022/06/04;2000 UTC;;;;;;;;;;;;;;;;;
2022/06/04;2100 UTC;;;;;;;;;;;;;;;;;
2022/06/04;2200 UTC;;;;;;;;;;;;;;;;;
2022/06/04;2300 UTC;;;;;;;;;;;;;;;;;
2022/06/05;0000 UTC;;;;;;;;;;;;;;;;;
2022/06/05;0100 UTC;;;;;;;;;;;;;;;;;
2022/06/05;0200 UTC;;;;;;;;;;;;;;;;;
2022/06/05;0300 UTC;;;;;;;;;;;;;;;;;
2022/06/05;0400 UTC;;;;;;;;;;;;;;;;;
2022/06/05;0500 UTC;;;;;;;;;;;;;;;;;
2022/06/05;0600 UTC;;;;;;;;;;;;;;;;;
2022/06/05;0700 UTC;;;;;;;;;;;;;;;;;
2022/06/05;0800 UTC;;;;;;;;;;;;;;;;;
2022/06/05;0900 UTC;;;;;;;;;;;;;;;;;
2022/06/05;1000 UTC;;;;;;;;;;;;;;;;;
2022/06/05;1100 UTC;;;;;;;;;;;;;;;;;
2022/06/05;1200 UTC;;;;;;;;;;;;;;;;;
2022/06/05;1300 UTC;;;;;;;;;;;;;;;;;
2022/06/05;1400 UTC;;;;;;;;;;;;;;;;;
2022/06/05;1500 UTC;;;;;;;;;;;;;;;;;
2022/06/05;1600 UTC;;;;;;;;;;;;;;;;;
2022/06/05;1700 UTC;;;;;;;;;;;;;;;;;
2022/06/05;1800 UTC;;;;;;;;;;;;;;;;;
2022/06/05;1900 UTC;;;;;;;;;;;;;;;;;
2022/06/05;2000 UTC;;;;;;;;;;;;;;;;;
2022/06/05;2100 UTC;;;;;;;;;;;;;;;;;
2022/06/05;2200 UTC;;;;;;;;;;;;;;;;;
2022/06/05;2300 UTC;;;;;;;;;;;;;;;;;
2022/06/06;0000 UTC;;;;;;;;;;;;;;;;;
2022/06/06;0100 UTC;;;;;;;;;;;;;;;;;
2022/06/06;0200 UTC;;;;;;;;;;;;;;;;;
2022/06/06;0300 UTC;;;;;;;;;;;;;;;;;
2022/06/06;0400 UTC;;;;;;;;;;;;;;;;;
2022/06/06;0500 UTC;;;;;;;;;;;;;;;;;
2022/06/06;0600 UTC;;;;;;;;;;;;;;;;;
2022/06/06;0700 UTC;;;;;;;;;;;;;;;;;
2022/06/06;0800 UTC;;;;;;;;;;;;;;;;;
2022/06/06;0900 UTC;;;;;;;;;;;;;;;;;
2022/06/06;1000 UTC;;;;;;;;;;;;;;;;;
2022/06/06;1100 UTC;;;;;;;;;;;;;;;;;
2022/06/06;1200 UTC;;;;;;;;;;;;;;;;;
2022/06/06;1300 UTC;;;;;;;;;;;;;;;;;
2022/06/06;1400 UTC;;;;;;;;;;;;;;;;;
2022/06/06;1500 UTC;;;;;;;;;;;;;;;;;
2022/06/06;1600 UTC;;;;;;;;;;;;;;;;;
2022/06/06;1700 UTC;;;;;;;;;;;;;;;;;
2022/06/06;1800 UTC;;;;;;;;;;;;;;;;;
2022/06/06;1900 UTC;;;;;;;;;;;;;;;;;
2022/06/06;2000 UTC;;;;;;;;;;;;;;;;;
2022/06/06;2100 UTC;;;;;;;;;;;;;;;;;
2022/06/06;2200 UTC;;;;;;;;;;;;;;;;;
2022/06/06;2300 UTC;;;;;;;;;;;;;;;;;
2022/06/07;0000 UTC;;;;;;;;;;;;;;;;;
2022/06/07;0100 UTC;;;;;;;;;;;;;;;;;
2022/06/07;0200 UTC;;;;;;;;;;;;;;;;;
2022/06/07;0300 UTC;;;;;;;;;;;;;;;;;
2022/06/07;0400 UTC;;;;;;;;;;;;;;;;;
2022/06/07;0500 UTC;;;;;;;;;;;;;;;;;
2022/06/07;0600 UTC;;;;;;;;;;;;;;;;;
2022/06/07;0700 UTC;;;;;;;;;;;;;;;;;
2022/06/07;0800 UTC;;;;;;;;;;;;;;;;;
2022/06/07;0900 UTC;;;;;;;;;;;;;;;;;
2022/06/07;1000 UTC;;;;;;;;;;;;;;;;;
2022/06/07;1100 UTC;;;;;;;;;;;;;;;;;
2022/06/07;1200 UTC;;;;;;;;;;;;;;;;;
2022/06/07;1300 UTC;;;;;;;;;;;;;;;;;
2022/06/07;1400 UTC;;;;;;;;;;;;;;;;;
2022/06/07;1500 UTC;;;;;;;;;;;;;;;;;
2022/06/07;1600 UTC;;;;;;;;;;;;;;;;;
2022/06/07;1700 UTC;;;;;;;;;;;;;;;;;
2022/06/07;1800 UTC;;;;;;;;;;;;;;;;;
2022/06/07;1900 UTC;;;;;;;;;;;;;;;;;
2022/06/07;2000 UTC;;;;;;;;;;;;;;;;;
2022/06/07;2100 UTC;;;;;;;;;;;;;;;;;
2022/06/07;2200 UTC;;;;;;;;;;;;;;;;;
2022/06/07;2300 UTC;;;;;;;;;;;;;;;;;
2022/06/08;0000 UTC;;;;;;;;;;;;;;;;;
2022/06/08;0100 UTC;;;;;;;;;;;;;;;;;
2022/06/08;0200 UTC;;;;;;;;;;;;;;;;;
2022/06/08;0300 UTC;;;;;;;;;;;;;;;;;
2022/06/08;0400 UTC;;;;;;;;;;;;;;;;;
2022/06/08;0500 UTC;;;;;;;;;;;;;;;;;
2022/06/08;0600 UTC;;;;;;;;;;;;;;;;;
2022/06/08;0700 UTC;;;;;;;;;;;;;;;;;
2022/06/08;0800 UTC;;;;;;;;;;;;;;;;;
2022/06/08;0900 UTC;;;;;;;;;;;;;;;;;
2022/06/08;1000 UTC;;;;;;;;;;;;;;;;;
2022/06/08;1100 UTC;;;;;;;;;;;;;;;;;
2022/06/08;1200 UTC;;;;;;;;;;;;;;;;;
2022/06/08;1300 UTC;;;;;;;;;;;;;;;;;
2022/06/08;1400 UTC;;;;;;;;;;;;;;;;;
2022/06/08;1500 UTC;;;;;;;;;;;;;;;;;
2022/06/08;1600 UTC;;;;;;;;;;;;;;;;;
2022/06/08;1700 UTC;;;;;;;;;;;;;;;;;
2022/06/08;1800 UTC;;;;;;;;;;;;;;;;;
2022/06/08;1900 UTC;;;;;;;;;;;;;;;;;
2022/06/08;2000 UTC;;;;;;;;;;;;;;;;;
2022/06/08;2100 UTC;;;;;;;;;;;;;;;;;
2022/06/08;2200 UTC;;;;;;;;;;;;;;;;;
2022/06/08;2300 UTC;;;;;;;;;;;;;;;;;
2022/06/09;0000 UTC;;;;;;;;;;;;;;;;;
2022/06/09;0100 UTC;;;;;;;;;;;;;;;;;
2022/06/09;0200 UTC;;;;;;;;;;;;;;;;;
2022/06/09;0300 UTC;;;;;;;;;;;;;;;;;
2022/06/09;0400 UTC;;;;;;;;;;;;;;;;;
2022/06/09;0500 UTC;;;;;;;;;;;;;;;;;
2022/06/09;0600 UTC;;;;;;;;;;;;;;;;;
2022/06/09;0700 UTC;;;;;;;;;;;;;;;;;
2022/06/09;0800 UTC;;;;;;;;;;;;;;;;;
2022/06/09;0900 UTC;;;;;;;;;;;;;;;;;
2022/06/09;1000 UTC;;;;;;;;;;;;;;;;;
2022/06/09;1100 UTC;;;;;;;;;;;;;;;;;
2022/06/09;1200 UTC;;;;;;;;;;;;;;;;;
2022/06/09;1300 UTC;;;;;;;;;;;;;;;;;
2022/06/09;1400 UTC;;;;;;;;;;;;;;;;;
2022/06/09;1500 UTC;;;;;;;;;;;;;;;;;
2022/06/09;1600 UTC;;;;;;;;;;;;;;;;;
2022/06/09;1700 UTC;;;;;;;;;;;;;;;;;
2022/06/09;1800 UTC;;;;;;;;;;;;;;;;;
2022/06/09;1900 UTC;;;;;;;;;;;;;;;;;
2022/06/09;2000 UTC;;;;;;;;;;;;;;;;;
2022/06/09;2100 UTC;;;;;;;;;;;;;;;;;
2022/06/09;2200 UTC;;;;;;;;;;;;;;;;;
2022/06/09;2300 UTC;;;;;;;;;;;;;;;;;
2022/06/10;0000 UTC;;;;;;;;;;;;;;;;;
2022/06/10;0100 UTC;;;;;;;;;;;;;;;;;
2022/06/10;0200 UTC;;;;;;;;;;;;;;;;;
2022/06/10;0300 UTC;;;;;;;;;;;;;;;;;
2022/06/10;0400 UTC;;;;;;;;;;;;;;;;;
2022/06/10;0500 UTC;;;;;;;;;;;;;;;;;
2022/06/10;0600 UTC;;;;;;;;;;;;;;;;;
2022/06/10;0700 UTC;;;;;;;;;;;;;;;;;
2022/06/10;0800 UTC;;;;;;;;;;;;;;;;;
2022/06/10;0900 UTC;;;;;;;;;;;;;;;;;
2022/06/10;1000 UTC;;;;;;;;;;;;;;;;;
2022/06/10;1100 UTC;;;;;;;;;;;;;;;;;
2022/06/10;1200 UTC;;;;;;;;;;;;;;;;;
2022/06/10;1300 UTC;;;;;;;;;;;;;;;;;
2022/06/10;1400 UTC;;;;;;;;;;;;;;;;;
2022/06/10;1500 UTC;;;;;;;;;;;;;;;;;
2022/06/10;1600 UTC;;;;;;;;;;;;;;;;;
2022/06/10;1700 UTC;;;;;;;;;;;;;;;;;
2022/06/10;1800 UTC;;;;;;;;;;;;;;;;;
2022/06/10;1900 UTC;;;;;;;;;;;;;;;;;
2022/06/10;2000 UTC;;;;;;;;;;;;;;;;;
2022/06/10;2100 UTC;;;;;;;;;;;;;;;;;
2022/06/10;2200 UTC;;;;;;;;;;;;;;;;;
2022/06/10;2300 UTC;;;;;;;;;;;;;;;;;
2022/06/11;0000 UTC;;;;;;;;;;;;;;;;;
2022/06/11;0100 UTC;;;;;;;;;;;;;;;;;
2022/06/11;0200 UTC;;;;;;;;;;;;;;;;;
2022/06/11;0300 UTC;;;;;;;;;;;;;;;;;
2022/06/11;0400 UTC;;;;;;;;;;;;;;;;;
2022/06/11;0500 UTC;;;;;;;;;;;;;;;;;
2022/06/11;0600 UTC;;;;;;;;;;;;;;;;;
2022/06/11;0700 UTC;;;;;;;;;;;;;;;;;
2022/06/11;0800 UTC;;;;;;;;;;;;;;;;;
2022/06/11;0900 UTC;;;;;;;;;;;;;;;;;
2022/06/11;1000 UTC;;;;;;;;;;;;;;;;;
2022/06/11;1100 UTC;;;;;;;;;;;;;;;;;
2022/06/11;1200 UTC;;;;;;;;;;;;;;;;;
2022/06/11;1300 UTC;;;;;;;;;;;;;;;;;
2022/06/11;1400 UTC;;;;;;;;;;;;;;;;;
2022/06/11;1500 UTC;;;;;;;;;;;;;;;;;
2022/06/11;1600 UTC;;;;;;;;;;;;;;;;;
2022/06/11;1700 UTC;;;;;;;;;;;;;;;;;
2022/06/11;1800 UTC;;;;;;;;;;;;;;;;;
2022/06/11;1900 UTC;;;;;;;;;;;;;;;;;
2022/06/11;2000 UTC;;;;;;;;;;;;;;;;;
2022/06/11;2100 UTC;;;;;;;;;;;;;;;;;
2022/06/11;2200 UTC;;;;;;;;;;;;;;;;;
2022/06/11;2300 UTC;;;;;;;;;;;;;;;;;
2022/06/12;0000 UTC;;;;;;;;;;;;;;;;;
2022/06/12;0100 UTC;;;;;;;;;;;;;;;;;
2022/06/12;0200 UTC;;;;;;;;;;;;;;;;;
2022/06/12;0300 UTC;;;;;;;;;;;;;;;;;
2022/06/12;0400 UTC;;;;;;;;;;;;;;;;;
2022/06/12;0500 UTC;;;;;;;;;;;;;;;;;
2022/06/12;0600 UTC;;;;;;;;;;;;;;;;;
2022/06/12;0700 UTC;;;;;;;;;;;;;;;;;
2022/06/12;0800 UTC;;;;;;;;;;;;;;;;;
2022/06/12;0900 UTC;;;;;;;;;;;;;;;;;
2022/06/12;1000 UTC;;;;;;;;;;;;;;;;;
2022/06/12;1100 UTC;;;;;;;;;;;;;;;;;
2022/06/12;1200 UTC;;;;;;;;;;;;;;;;;
2022/06/12;1300 UTC;;;;;;;;;;;;;;;;;
2022/06/12;1400 UTC;;;;;;;;;;;;;;;;;
2022/06/12;1500 UTC;;;;;;;;;;;;;;;;;
2022/06/12;1600 UTC;;;;;;;;;;;;;;;;;
2022/06/12;1700 UTC;;;;;;;;;;;;;;;;;
2022/06/12;1800 UTC;;;;;;;;;;;;;;;;;
2022/06/12;1900 UTC;;;;;;;;;;;;;;;;;
2022/06/12;2000 UTC;;;;;;;;;;;;;;;;;
2022/06/12;2100 UTC;;;;;;;;;;;;;;;;;
2022/06/12;2200 UTC;;;;;;;;;;;;;;;;;
2022/06/12;2300 UTC;;;;;;;;;;;;;;;;;
2022/06/13;0000 UTC;;;;;;;;;;;;;;;;;
2022/06/13;0100 UTC;;;;;;;;;;;;;;;;;
2022/06/13;0200 UTC;;;;;;;;;;;;;;;;;
2022/06/13;0300 UTC;;;;;;;;;;;;;;;;;
2022/06/13;0400 UTC;;;;;;;;;;;;;;;;;
2022/06/13;0500 UTC;;;;;;;;;;;;;;;;;
2022/06/13;0600 UTC;;;;;;;;;;;;;;;;;
2022/06/13;0700 UTC;;;;;;;;;;;;;;;;;
2022/06/13;0800 UTC;;;;;;;;;;;;;;;;;
2022/06/13;0900 UTC;;;;;;;;;;;;;;;;;
2022/06/13;1000 UTC;;;;;;;;;;;;;;;;;
2022/06/13;1100 UTC;;;;;;;;;;;;;;;;;
2022/06/13;1200 UTC;;;;;;;;;;;;;;;;;
2022/06/13;1300 UTC;;;;;;;;;;;;;;;;;
2022/06/13;1400 UTC;;;;;;;;;;;;;;;;;
2022/06/13;1500 UTC;;;;;;;;;;;;;;;;;
2022/06/13;1600 UTC;;;;;;;;;;;;;;;;;
2022/06/13;1700 UTC;;;;;;;;;;;;;;;;;
2022/06/13;1800 UTC;;;;;;;;;;;;;;;;;
2022/06/13;1900 UTC;;;;;;;;;;;;;;;;;
2022/06/13;2000 UTC;;;;;;;;;;;;;;;;;
2022/06/13;2100 UTC;;;;;;;;;;;;;;;;;
2022/06/13;2200 UTC;;;;;;;;;;;;;;;;;
2022/06/13;2300 UTC;;;;;;;;;;;;;;;;;
2022/06/14;0000 UTC;;;;;;;;;;;;;;;;;
2022/06/14;0100 UTC;;;;;;;;;;;;;;;;;
2022/06/14;0200 UTC;;;;;;;;;;;;;;;;;
2022/06/14;0300 UTC;;;;;;;;;;;;;;;;;
2022/06/14;0400 UTC;;;;;;;;;;;;;;;;;
2022/06/14;0500 UTC;;;;;;;;;;;;;;;;;
2022/06/14;0600 UTC;;;;;;;;;;;;;;;;;
2022/06/14;0700 UTC;;;;;;;;;;;;;;;;;
2022/06/14;0800 UTC;;;;;;;;;;;;;;;;;
2022/06/14;0900 UTC;;;;;;;;;;;;;;;;;
2022/06/14;1000 UTC;;;;;;;;;;;;;;;;;
2022/06/14;1100 UTC;;;;;;;;;;;;;;;;;
2022/06/14;1200 UTC;;;;;;;;;;;;;;;;;
2022/06/14;1300 UTC;;;;;;;;;;;;;;;;;
2022/06/14;1400 UTC;;;;;;;;;;;;;;;;;
2022/06/14;1500 UTC;;;;;;;;;;;;;;;;;
2022/06/14;1600 UTC;;;;;;;;;;;;;;;;;
2022/06/14;1700 UTC;;;;;;;;;;;;;;;;;
2022/06/14;1800 UTC;;;;;;;;;;;;;;;;;
2022/06/14;1900 UTC;;;;;;;;;;;;;;;;;
2022/06/14;2000 UTC;;;;;;;;;;;;;;;;;
2022/06/14;2100 UTC;;;;;;;;;;;;;;;;;
2022/06/14;2200 UTC;;;;;;;;;;;;;;;;;
2022/06/14;2300 UTC;;;;;;;;;;;;;;;;;
2022/06/15;0000 UTC;;;;;;;;;;;;;;;;;
2022/06/15;0100 UTC;;;;;;;;;;;;;;;;;
2022/06/15;0200 UTC;;;;;;;;;;;;;;;;;
2022/06/15;0300 UTC;;;;;;;;;;;;;;;;;
2022/06/15;0400 UTC;;;;;;;;;;;;;;;;;
2022/06/15;0500 UTC;;;;;;;;;;;;;;;;;
2022/06/15;0600 UTC;;;;;;;;;;;;;;;;;
2022/06/15;0700 UTC;;;;;;;;;;;;;;;;;
2022/06/15;0800 UTC;;;;;;;;;;;;;;;;;
2022/06/15;0900 UTC;;;;;;;;;;;;;;;;;
2022/06/15;1000 UTC;;;;;;;;;;;;;;;;;
2022/06/15;1100 UTC;;;;;;;;;;;;;;;;;
2022/06/15;1200 UTC;;;;;;;;;;;;;;;;;
2022/06/15;1300 UTC;;;;;;;;;;;;;;;;;
2022/06/15;1400 UTC;;;;;;;;;;;;;;;;;
2022/06/15;1500 UTC;;;;;;;;;;;;;;;;;
2022/06/15;1600 UTC;;;;;;;;;;;;;;;;;
2022/06/15;1700 UTC;;;;;;;;;;;;;;;;;
2022/06/15;1800 UTC;;;;;;;;;;;;;;;;;
2022/06/15;1900 UTC;;;;;;;;;;;;;;;;;
2022/06/15;2000 UTC;;;;;;;;;;;;;;;;;
2022/06/15;2100 UTC;;;;;;;;;;;;;;;;;
2022/06/15;2200 UTC;;;;;;;;;;;;;;;;;
2022/06/15;2300 UTC;;;;;;;;;;;;;;;;;
2022/06/16;0000 UTC;;;;;;;;;;;;;;;;;
2022/06/16;0100 UTC;;;;;;;;;;;;;;;;;
2022/06/16;0200 UTC;;;;;;;;;;;;;;;;;
2022/06/16;0300 UTC;;;;;;;;;;;;;;;;;
2022/06/16;0400 UTC;;;;;;;;;;;;;;;;;
2022/06/16;0500 UTC;;;;;;;;;;;;;;;;;
2022/06/16;0600 UTC;;;;;;;;;;;;;;;;;
2022/06/16;0700 UTC;;;;;;;;;;;;;;;;;
2022/06/16;0800 UTC;;;;;;;;;;;;;;;;;
2022/06/16;0900 UTC;;;;;;;;;;;;;;;;;
2022/06/16;1000 UTC;;;;;;;;;;;;;;;;;
2022/06/16;1100 UTC;;;;;;;;;;;;;;;;;
2022/06/16;1200 UTC;;;;;;;;;;;;;;;;;
2022/06/16;1300 UTC;;;;;;;;;;;;;;;;;
2022/06/16;1400 UTC;;;;;;;;;;;;;;;;;
2022/06/16;1500 UTC;;;;;;;;;;;;;;;;;
2022/06/16;1600 UTC;;;;;;;;;;;;;;;;;
2022/06/16;1700 UTC;;;;;;;;;;;;;;;;;
2022/06/16;1800 UTC;;;;;;;;;;;;;;;;;
2022/06/16;1900 UTC;;;;;;;;;;;;;;;;;
2022/06/16;2000 UTC;;;;;;;;;;;;;;;;;
2022/06/16;2100 UTC;;;;;;;;;;;;;;;;;
2022/06/16;2200 UTC;;;;;;;;;;;;;;;;;
2022/06/16;2300 UTC;;;;;;;;;;;;;;;;;
2022/06/17;0000 UTC;;;;;;;;;;;;;;;;;
2022/06/17;0100 UTC;;;;;;;;;;;;;;;;;
2022/06/17;0200 UTC;;;;;;;;;;;;;;;;;
2022/06/17;0300 UTC;;;;;;;;;;;;;;;;;
2022/06/17;0400 UTC;;;;;;;;;;;;;;;;;
2022/06/17;0500 UTC;;;;;;;;;;;;;;;;;
2022/06/17;0600 UTC;;;;;;;;;;;;;;;;;
2022/06/17;0700 UTC;;;;;;;;;;;;;;;;;
2022/06/17;0800 UTC;;;;;;;;;;;;;;;;;
2022/06/17;0900 UTC;;;;;;;;;;;;;;;;;
2022/06/17;1000 UTC;;;;;;;;;;;;;;;;;
2022/06/17;1100 UTC;;;;;;;;;;;;;;;;;
2022/06/17;1200 UTC;;;;;;;;;;;;;;;;;
2022/06/17;1300 UTC;;;;;;;;;;;;;;;;;
2022/06/17;1400 UTC;;;;;;;;;;;;;;;;;
2022/06/17;1500 UTC;;;;;;;;;;;;;;;;;
2022/06/17;1600 UTC;;;;;;;;;;;;;;;;;
2022/06/17;1700 UTC;;;;;;;;;;;;;;;;;
2022/06/17;1800 UTC;;;;;;;;;;;;;;;;;
2022/06/17;1900 UTC;;;;;;;;;;;;;;;;;
2022/06/17;2000 UTC;;;;;;;;;;;;;;;;;
2022/06/17;2100 UTC;;;;;;;;;;;;;;;;;
2022/06/17;2200 UTC;;;;;;;;;;;;;;;;;
2022/06/17;2300 UTC;;;;;;;;;;;;;;;;;
2022/06/18;0000 UTC;;;;;;;;;;;;;;;;;
2022/06/18;0100 UTC;;;;;;;;;;;;;;;;;
2022/06/18;0200 UTC;;;;;;;;;;;;;;;;;
2022/06/18;0300 UTC;;;;;;;;;;;;;;;;;
2022/06/18;0400 UTC;;;;;;;;;;;;;;;;;
2022/06/18;0500 UTC;;;;;;;;;;;;;;;;;
2022/06/18;0600 UTC;;;;;;;;;;;;;;;;;
2022/06/18;0700 UTC;;;;;;;;;;;;;;;;;
2022/06/18;0800 UTC;;;;;;;;;;;;;;;;;
2022/06/18;0900 UTC;;;;;;;;;;;;;;;;;
2022/06/18;1000 UTC;;;;;;;;;;;;;;;;;
2022/06/18;1100 UTC;;;;;;;;;;;;;;;;;
2022/06/18;1200 UTC;;;;;;;;;;;;;;;;;
2022/06/18;1300 UTC;;;;;;;;;;;;;;;;;
2022/06/18;1400 UTC;;;;;;;;;;;;;;;;;
2022/06/18;1500 UTC;;;;;;;;;;;;;;;;;
2022/06/18;1600 UTC;;;;;;;;;;;;;;;;;
2022/06/18;1700 UTC;;;;;;;;;;;;;;;;;
2022/06/18;1800 UTC;;;;;;;;;;;;;;;;;
2022/06/18;1900 UTC;;;;;;;;;;;;;;;;;
2022/06/18;2000 UTC;;;;;;;;;;;;;;;;;
2022/06/18;2100 UTC;;;;;;;;;;;;;;;;;
2022/06/18;2200 UTC;;;;;;;;;;;;;;;;;
2022/06/18;2300 UTC;;;;;;;;;;;;;;;;;
2022/06/19;0000 UTC;;;;;;;;;;;;;;;;;
2022/06/19;0100 UTC;;;;;;;;;;;;;;;;;
2022/06/19;0200 UTC;;;;;;;;;;;;;;;;;
2022/06/19;0300 UTC;;;;;;;;;;;;;;;;;
2022/06/19;0400 UTC;;;;;;;;;;;;;;;;;
2022/06/19;0500 UTC;;;;;;;;;;;;;;;;;
2022/06/19;0600 UTC;;;;;;;;;;;;;;;;;
2022/06/19;0700 UTC;;;;;;;;;;;;;;;;;
2022/06/19;0800 UTC;;;;;;;;;;;;;;;;;
2022/06/19;0900 UTC;;;;;;;;;;;;;;;;;
2022/06/19;1000 UTC;;;;;;;;;;;;;;;;;
2022/06/19;1100 UTC;;;;;;;;;;;;;;;;;
2022/06/19;1200 UTC;;;;;;;;;;;;;;;;;
2022/06/19;1300 UTC;;;;;;;;;;;;;;;;;
2022/06/19;1400 UTC;;;;;;;;;;;;;;;;;
2022/06/19;1500 UTC;;;;;;;;;;;;;;;;;
2022/06/19;1600 UTC;;;;;;;;;;;;;;;;;
2022/06/19;1700 UTC;;;;;;;;;;;;;;;;;
2022/06/19;1800 UTC;;;;;;;;;;;;;;;;;
2022/06/19;1900 UTC;;;;;;;;;;;;;;;;;
2022/06/19;2000 UTC;;;;;;;;;;;;;;;;;
2022/06/19;2100 UTC;;;;;;;;;;;;;;;;;
2022/06/19;2200 UTC;;;;;;;;;;;;;;;;;
2022/06/19;2300 UTC;;;;;;;;;;;;;;;;;
2022/06/20;0000 UTC;;;;;;;;;;;;;;;;;
2022/06/20;0100 UTC;;;;;;;;;;;;;;;;;
2022/06/20;0200 UTC;;;;;;;;;;;;;;;;;
2022/06/20;0300 UTC;;;;;;;;;;;;;;;;;
2022/06/20;0400 UTC;;;;;;;;;;;;;;;;;
2022/06/20;0500 UTC;;;;;;;;;;;;;;;;;
2022/06/20;0600 UTC;;;;;;;;;;;;;;;;;
2022/06/20;0700 UTC;;;;;;;;;;;;;;;;;
2022/06/20;0800 UTC;;;;;;;;;;;;;;;;;
2022/06/20;0900 UTC;;;;;;;;;;;;;;;;;
2022/06/20;1000 UTC;;;;;;;;;;;;;;;;;
2022/06/20;1100 UTC;;;;;;;;;;;;;;;;;
2022/06/20;1200 UTC;;;;;;;;;;;;;;;;;
2022/06/20;1300 UTC;;;;;;;;;;;;;;;;;
2022/06/20;1400 UTC;;;;;;;;;;;;;;;;;
2022/06/20;1500 UTC;;;;;;;;;;;;;;;;;
2022/06/20;1600 UTC;;;;;;;;;;;;;;;;;
2022/06/20;1700 UTC;;;;;;;;;;;;;;;;;
2022/06/20;1800 UTC;;;;;;;;;;;;;;;;;
2022/06/20;1900 UTC;;;;;;;;;;;;;;;;;
2022/06/20;2000 UTC;;;;;;;;;;;;;;;;;
2022/06/20;2100 UTC;;;;;;;;;;;;;;;;;
2022/06/20;2200 UTC;;;;;;;;;;;;;;;;;
2022/06/20;2300 UTC;;;;;;;;;;;;;;;;;
2022/06/21;0000 UTC;;;;;;;;;;;;;;;;;
2022/06/21;0100 UTC;;;;;;;;;;;;;;;;;
2022/06/21;0200 UTC;;;;;;;;;;;;;;;;;
2022/06/21;0300 UTC;;;;;;;;;;;;;;;;;
2022/06/21;0400 UTC;;;;;;;;;;;;;;;;;
2022/06/21;0500 UTC;;;;;;;;;;;;;;;;;
2022/06/21;0600 UTC;;;;;;;;;;;;;;;;;
2022/06/21;0700 UTC;;;;;;;;;;;;;;;;;
2022/06/21;0800 UTC;;;;;;;;;;;;;;;;;
2022/06/21;0900 UTC;;;;;;;;;;;;;;;;;
2022/06/21;1000 UTC;;;;;;;;;;;;;;;;;
2022/06/21;1100 UTC;;;;;;;;;;;;;;;;;
2022/06/21;1200 UTC;;;;;;;;;;;;;;;;;
2022/06/21;1300 UTC;;;;;;;;;;;;;;;;;
2022/06/21;1400 UTC;;;;;;;;;;;;;;;;;
2022/06/21;1500 UTC;;;;;;;;;;;;;;;;;
2022/06/21;1600 UTC;;;;;;;;;;;;;;;;;
2022/06/21;1700 UTC;;;;;;;;;;;;;;;;;
2022/06/21;1800 UTC;;;;;;;;;;;;;;;;;
2022/06/21;1900 UTC;;;;;;;;;;;;;;;;;
2022/06/21;2000 UTC;;;;;;;;;;;;;;;;;
2022/06/21;2100 UTC;;;;;;;;;;;;;;;;;
2022/06/21;2200 UTC;;;;;;;;;;;;;;;;;
2022/06/21;2300 UTC;;;;;;;;;;;;;;;;;
2022/06/22;0000 UTC;;;;;;;;;;;;;;;;;
2022/06/22;0100 UTC;;;;;;;;;;;;;;;;;
2022/06/22;0200 UTC;;;;;;;;;;;;;;;;;
2022/06/22;0300 UTC;;;;;;;;;;;;;;;;;
2022/06/22;0400 UTC;;;;;;;;;;;;;;;;;
2022/06/22;0500 UTC;;;;;;;;;;;;;;;;;
2022/06/22;0600 UTC;;;;;;;;;;;;;;;;;
2022/06/22;0700 UTC;;;;;;;;;;;;;;;;;
2022/06/22;0800 UTC;;;;;;;;;;;;;;;;;
2022/06/22;0900 UTC;;;;;;;;;;;;;;;;;
2022/06/22;1000 UTC;;;;;;;;;;;;;;;;;
2022/06/22;1100 UTC;;;;;;;;;;;;;;;;;
2022/06/22;1200 UTC;;;;;;;;;;;;;;;;;
2022/06/22;1300 UTC;;;;;;;;;;;;;;;;;
2022/06/22;1400 UTC;;;;;;;;;;;;;;;;;
2022/06/22;1500 UTC;;;;;;;;;;;;;;;;;
2022/06/22;1600 UTC;;;;;;;;;;;;;;;;;
2022/06/22;1700 UTC;;;;;;;;;;;;;;;;;
2022/06/22;1800 UTC;;;;;;;;;;;;;;;;;
2022/06/22;1900 UTC;;;;;;;;;;;;;;;;;
2022/06/22;2000 UTC;;;;;;;;;;;;;;;;;
2022/06/22;2100 UTC;;;;;;;;;;;;;;;;;
2022/06/22;2200 UTC;;;;;;;;;;;;;;;;;
2022/06/22;2300 UTC;;;;;;;;;;;;;;;;;
2022/06/23;0000 UTC;;;;;;;;;;;;;;;;;
2022/06/23;0100 UTC;;;;;;;;;;;;;;;;;
2022/06/23;0200 UTC;;;;;;;;;;;;;;;;;
2022/06/23;0300 UTC;;;;;;;;;;;;;;;;;
2022/06/23;0400 UTC;;;;;;;;;;;;;;;;;
2022/06/23;0500 UTC;;;;;;;;;;;;;;;;;
2022/06/23;0600 UTC;;;;;;;;;;;;;;;;;
2022/06/23;0700 UTC;;;;;;;;;;;;;;;;;
2022/06/23;0800 UTC;;;;;;;;;;;;;;;;;
2022/06/23;0900 UTC;;;;;;;;;;;;;;;;;
2022/06/23;1000 UTC;;;;;;;;;;;;;;;;;
2022/06/23;1100 UTC;;;;;;;;;;;;;;;;;
2022/06/23;1200 UTC;;;;;;;;;;;;;;;;;
2022/06/23;1300 UTC;;;;;;;;;;;;;;;;;
2022/06/23;1400 UTC;;;;;;;;;;;;;;;;;
2022/06/23;1500 UTC;;;;;;;;;;;;;;;;;
2022/06/23;1600 UTC;;;;;;;;;;;;;;;;;
2022/06/23;1700 UTC;;;;;;;;;;;;;;;;;
2022/06/23;1800 UTC;;;;;;;;;;;;;;;;;
2022/06/23;1900 UTC;;;;;;;;;;;;;;;;;
2022/06/23;2000 UTC;;;;;;;;;;;;;;;;;
2022/06/23;2100 UTC;;;;;;;;;;;;;;;;;
2022/06/23;2200 UTC;;;;;;;;;;;;;;;;;
2022/06/23;2300 UTC;;;;;;;;;;;;;;;;;
2022/06/24;0000 UTC;;;;;;;;;;;;;;;;;
2022/06/24;0100 UTC;;;;;;;;;;;;;;;;;
2022/06/24;0200 UTC;;;;;;;;;;;;;;;;;
2022/06/24;0300 UTC;;;;;;;;;;;;;;;;;
2022/06/24;0400 UTC;;;;;;;;;;;;;;;;;
2022/06/24;0500 UTC;;;;;;;;;;;;;;;;;
2022/06/24;0600 UTC;;;;;;;;;;;;;;;;;
2022/06/24;0700 UTC;;;;;;;;;;;;;;;;;
2022/06/24;0800 UTC;;;;;;;;;;;;;;;;;
2022/06/24;0900 UTC;;;;;;;;;;;;;;;;;
2022/06/24;1000 UTC;;;;;;;;;;;;;;;;;
2022/06/24;1100 UTC;;;;;;;;;;;;;;;;;
2022/06/24;1200 UTC;;;;;;;;;;;;;;;;;
2022/06/24;1300 UTC;;;;;;;;;;;;;;;;;
2022/06/24;1400 UTC;;;;;;;;;;;;;;;;;
2022/06/24;1500 UTC;;;;;;;;;;;;;;;;;
2022/06/24;1600 UTC;;;;;;;;;;;;;;;;;
2022/06/24;1700 UTC;;;;;;;;;;;;;;;;;
2022/06/24;1800 UTC;;;;;;;;;;;;;;;;;
2022/06/24;1900 UTC;;;;;;;;;;;;;;;;;
2022/06/24;2000 UTC;;;;;;;;;;;;;;;;;
2022/06/24;2100 UTC;;;;;;;;;;;;;;;;;
2022/06/24;2200 UTC;;;;;;;;;;;;;;;;;
2022/06/24;2300 UTC;;;;;;;;;;;;;;;;;
2022/06/25;0000 UTC;;;;;;;;;;;;;;;;;
2022/06/25;0100 UTC;;;;;;;;;;;;;;;;;
2022/06/25;0200 UTC;;;;;;;;;;;;;;;;;
2022/06/25;0300 UTC;;;;;;;;;;;;;;;;;
2022/06/25;0400 UTC;;;;;;;;;;;;;;;;;
2022/06/25;0500 UTC;;;;;;;;;;;;;;;;;
2022/06/25;0600 UTC;;;;;;;;;;;;;;;;;
2022/06/25;0700 UTC;;;;;;;;;;;;;;;;;
2022/06/25;0800 UTC;;;;;;;;;;;;;;;;;
2022/06/25;0900 UTC;;;;;;;;;;;;;;;;;
2022/06/25;1000 UTC;;;;;;;;;;;;;;;;;
2022/06/25;1100 UTC;;;;;;;;;;;;;;;;;
2022/06/25;1200 UTC;;;;;;;;;;;;;;;;;
2022/06/25;1300 UTC;;;;;;;;;;;;;;;;;
2022/06/25;1400 UTC;;;;;;;;;;;;;;;;;
2022/06/25;1500 UTC;;;;;;;;;;;;;;;;;
2022/06/25;1600 UTC;;;;;;;;;;;;;;;;;
2022/06/25;1700 UTC;;;;;;;;;;;;;;;;;
2022/06/25;1800 UTC;;;;;;;;;;;;;;;;;
2022/06/25;1900 UTC;;;;;;;;;;;;;;;;;
2022/06/25;2000 UTC;;;;;;;;;;;;;;;;;
2022/06/25;2100 UTC;;;;;;;;;;;;;;;;;
2022/06/25;2200 UTC;;;;;;;;;;;;;;;;;
2022/06/25;2300 UTC;;;;;;;;;;;;;;;;;
2022/06/26;0000 UTC;;;;;;;;;;;;;;;;;
2022/06/26;0100 UTC;;;;;;;;;;;;;;;;;
2022/06/26;0200 UTC;;;;;;;;;;;;;;;;;
2022/06/26;0300 UTC;;;;;;;;;;;;;;;;;
2022/06/26;0400 UTC;;;;;;;;;;;;;;;;;
2022/06/26;0500 UTC;;;;;;;;;;;;;;;;;
2022/06/26;0600 UTC;;;;;;;;;;;;;;;;;
2022/06/26;0700 UTC;;;;;;;;;;;;;;;;;
2022/06/26;0800 UTC;;;;;;;;;;;;;;;;;
2022/06/26;0900 UTC;;;;;;;;;;;;;;;;;
2022/06/26;1000 UTC;;;;;;;;;;;;;;;;;
2022/06/26;1100 UTC;;;;;;;;;;;;;;;;;
2022/06/26;1200 UTC;;;;;;;;;;;;;;;;;
2022/06/26;1300 UTC;;;;;;;;;;;;;;;;;
2022/06/26;1400 UTC;;;;;;;;;;;;;;;;;
2022/06/26;1500 UTC;;;;;;;;;;;;;;;;;
2022/06/26;1600 UTC;;;;;;;;;;;;;;;;;
2022/06/26;1700 UTC;;;;;;;;;;;;;;;;;
2022/06/26;1800 UTC;;;;;;;;;;;;;;;;;
2022/06/26;1900 UTC;;;;;;;;;;;;;;;;;
2022/06/26;2000 UTC;;;;;;;;;;;;;;;;;
2022/06/26;2100 UTC;;;;;;;;;;;;;;;;;
2022/06/26;2200 UTC;;;;;;;;;;;;;;;;;
2022/06/26;2300 UTC;;;;;;;;;;;;;;;;;
2022/06/27;0000 UTC;;;;;;;;;;;;;;;;;
2022/06/27;0100 UTC;;;;;;;;;;;;;;;;;
2022/06/27;0200 UTC;;;;;;;;;;;;;;;;;
2022/06/27;0300 UTC;;;;;;;;;;;;;;;;;
2022/06/27;0400 UTC;;;;;;;;;;;;;;;;;
2022/06/27;0500 UTC;;;;;;;;;;;;;;;;;
2022/06/27;0600 UTC;;;;;;;;;;;;;;;;;
2022/06/27;0700 UTC;;;;;;;;;;;;;;;;;
2022/06/27;0800 UTC;;;;;;;;;;;;;;;;;
2022/06/27;0900 UTC;;;;;;;;;;;;;;;;;
2022/06/27;1000 UTC;;;;;;;;;;;;;;;;;
2022/06/27;1100 UTC;;;;;;;;;;;;;;;;;
2022/06/27;1200 UTC;;;;;;;;;;;;;;;;;
2022/06/27;1300 UTC;;;;;;;;;;;;;;;;;
2022/06/27;1400 UTC;;;;;;;;;;;;;;;;;
2022/06/27;1500 UTC;;;;;;;;;;;;;;;;;
2022/06/27;1600 UTC;;;;;;;;;;;;;;;;;
2022/06/27;1700 UTC;;;;;;;;;;;;;;;;;
2022/06/27;1800 UTC;;;;;;;;;;;;;;;;;
2022/06/27;1900 UTC;;;;;;;;;;;;;;;;;
2022/06/27;2000 UTC;;;;;;;;;;;;;;;;;
2022/06/27;2100 UTC;;;;;;;;;;;;;;;;;
2022/06/27;2200 UTC;;;;;;;;;;;;;;;;;
2022/06/27;2300 UTC;;;;;;;;;;;;;;;;;
2022/06/28;0000 UTC;;;;;;;;;;;;;;;;;
2022/06/28;0100 UTC;;;;;;;;;;;;;;;;;
2022/06/28;0200 UTC;;;;;;;;;;;;;;;;;
2022/06/28;0300 UTC;;;;;;;;;;;;;;;;;
2022/06/28;0400 UTC;;;;;;;;;;;;;;;;;
2022/06/28;0500 UTC;;;;;;;;;;;;;;;;;
2022/06/28;0600 UTC;;;;;;;;;;;;;;;;;
2022/06/28;0700 UTC;;;;;;;;;;;;;;;;;
2022/06/28;0800 UTC;;;;;;;;;;;;;;;;;
2022/06/28;0900 UTC;;;;;;;;;;;;;;;;;
2022/06/28;1000 UTC;;;;;;;;;;;;;;;;;
2022/06/28;1100 UTC;;;;;;;;;;;;;;;;;
2022/06/28;1200 UTC;;;;;;;;;;;;;;;;;
2022/06/28;1300 UTC;;;;;;;;;;;;;;;;;
2022/06/28;1400 UTC;;;;;;;;;;;;;;;;;
2022/06/28;1500 UTC;;;;;;;;;;;;;;;;;
2022/06/28;1600 UTC;;;;;;;;;;;;;;;;;
2022/06/28;1700 UTC;;;;;;;;;;;;;;;;;
2022/06/28;1800 UTC;;;;;;;;;;;;;;;;;
2022/06/28;1900 UTC;;;;;;;;;;;;;;;;;
2022/06/28;2000 UTC;;;;;;;;;;;;;;;;;
2022/06/28;2100 UTC;;;;;;;;;;;;;;;;;
2022/06/28;2200 UTC;;;;;;;;;;;;;;;;;
2022/06/28;2300 UTC;;;;;;;;;;;;;;;;;
2022/06/29;0000 UTC;;;;;;;;;;;;;;;;;
2022/06/29;0100 UTC;;;;;;;;;;;;;;;;;
2022/06/29;0200 UTC;;;;;;;;;;;;;;;;;
2022/06/29;0300 UTC;;;;;;;;;;;;;;;;;
2022/06/29;0400 UTC;;;;;;;;;;;;;;;;;
2022/06/29;0500 UTC;;;;;;;;;;;;;;;;;
2022/06/29;0600 UTC;;;;;;;;;;;;;;;;;
2022/06/29;0700 UTC;;;;;;;;;;;;;;;;;
2022/06/29;0800 UTC;;;;;;;;;;;;;;;;;
2022/06/29;0900 UTC;;;;;;;;;;;;;;;;;
2022/06/29;1000 UTC;;;;;;;;;;;;;;;;;
2022/06/29;1100 UTC;;;;;;;;;;;;;;;;;
2022/06/29;1200 UTC;;;;;;;;;;;;;;;;;
2022/06/29;1300 UTC;;;;;;;;;;;;;;;;;
2022/06/29;1400 UTC;;;;;;;;;;;;;;;;;
2022/06/29;1500 UTC;;;;;;;;;;;;;;;;;
2022/06/29;1600 UTC;;;;;;;;;;;;;;;;;
2022/06/29;1700 UTC;;;;;;;;;;;;;;;;;
2022/06/29;1800 UTC;;;;;;;;;;;;;;;;;
2022/06/29;1900 UTC;;;;;;;;;;;;;;;;;
2022/06/29;2000 UTC;;;;;;;;;;;;;;;;;
2022/06/29;2100 UTC;;;;;;;;;;;;;;;;;
2022/06/29;2200 UTC;;;;;;;;;;;;;;;;;
2022/06/29;2300 UTC;;;;;;;;;;;;;;;;;
2022/06/30;0000 UTC;;;;;;;;;;;;;;;;;
2022/06/30;0100 UTC;;;;;;;;;;;;;;;;;
2022/06/30;0200 UTC;;;;;;;;;;;;;;;;;
2022/06/30;0300 UTC;;;;;;;;;;;;;;;;;
2022/06/30;0400 UTC;;;;;;;;;;;;;;;;;
2022/06/30;0500 UTC;;;;;;;;;;;;;;;;;
2022/06/30;0600 UTC;;;;;;;;;;;;;;;;;
2022/06/30;0700 UTC;;;;;;;;;;;;;;;;;
2022/06/30;0800 UTC;;;;;;;;;;;;;;;;;
2022/06/30;0900 UTC;;;;;;;;;;;;;;;;;
2022/06/30;1000 UTC;;;;;;;;;;;;;;;;;
2022/06/30;1100 UTC;;;;;;;;;;;;;;;;;
2022/06/30;1200 UTC;;;;;;;;;;;;;;;;;
2022/06/30;1300 UTC;;;;;;;;;;;;;;;;;
2022/06/30;1400 UTC;;;;;;;;;;;;;;;;;
2022/06/30;1500 UTC;;;;;;;;;;;;;;;;;
2022/06/30;1600 UTC;;;;;;;;;;;;;;;;;
2022/06/30;1700 UTC;;;;;;;;;;;;;;;;;
2022/06/30;1800 UTC;;;;;;;;;;;;;;;;;
2022/06/30;1900 UTC;;;;;;;;;;;;;;;;;
2022/06/30;2000 UTC;;;;;;;;;;;;;;;;;
2022/06/30;2100 UTC;;;;;;;;;;;;;;;;;
2022/06/30;2200 UTC;;;;;;;;;;;;;;;;;
2022/06/30;2300 UTC;;;;;;;;;;;;;;;;;
2022/07/01;0000 UTC;;;;;;;;;;;;;;;;;
2022/07/01;0100 UTC;;;;;;;;;;;;;;;;;
2022/07/01;0200 UTC;;;;;;;;;;;;;;;;;
2022/07/01;0300 UTC;;;;;;;;;;;;;;;;;
2022/07/01;0400 UTC;;;;;;;;;;;;;;;;;
2022/07/01;0500 UTC;;;;;;;;;;;;;;;;;
2022/07/01;0600 UTC;;;;;;;;;;;;;;;;;
2022/07/01;0700 UTC;;;;;;;;;;;;;;;;;
2022/07/01;0800 UTC;;;;;;;;;;;;;;;;;
2022/07/01;0900 UTC;;;;;;;;;;;;;;;;;
2022/07/01;1000 UTC;;;;;;;;;;;;;;;;;
2022/07/01;1100 UTC;;;;;;;;;;;;;;;;;
2022/07/01;1200 UTC;;;;;;;;;;;;;;;;;
2022/07/01;1300 UTC;;;;;;;;;;;;;;;;;
2022/07/01;1400 UTC;;;;;;;;;;;;;;;;;
2022/07/01;1500 UTC;;;;;;;;;;;;;;;;;
2022/07/01;1600 UTC;;;;;;;;;;;;;;;;;
2022/07/01;1700 UTC;;;;;;;;;;;;;;;;;
2022/07/01;1800 UTC;;;;;;;;;;;;;;;;;
2022/07/01;1900 UTC;;;;;;;;;;;;;;;;;
2022/07/01;2000 UTC;;;;;;;;;;;;;;;;;
2022/07/01;2100 UTC;;;;;;;;;;;;;;;;;
2022/07/01;2200 UTC;;;;;;;;;;;;;;;;;
2022/07/01;2300 UTC;;;;;;;;;;;;;;;;;
2022/07/02;0000 UTC;;;;;;;;;;;;;;;;;
2022/07/02;0100 UTC;;;;;;;;;;;;;;;;;
2022/07/02;0200 UTC;;;;;;;;;;;;;;;;;
2022/07/02;0300 UTC;;;;;;;;;;;;;;;;;
2022/07/02;0400 UTC;;;;;;;;;;;;;;;;;
2022/07/02;0500 UTC;;;;;;;;;;;;;;;;;
2022/07/02;0600 UTC;;;;;;;;;;;;;;;;;
2022/07/02;0700 UTC;;;;;;;;;;;;;;;;;
2022/07/02;0800 UTC;;;;;;;;;;;;;;;;;
2022/07/02;0900 UTC;;;;;;;;;;;;;;;;;
2022/07/02;1000 UTC;;;;;;;;;;;;;;;;;
2022/07/02;1100 UTC;;;;;;;;;;;;;;;;;
2022/07/02;1200 UTC;;;;;;;;;;;;;;;;;
2022/07/02;1300 UTC;;;;;;;;;;;;;;;;;
2022/07/02;1400 UTC;;;;;;;;;;;;;;;;;
2022/07/02;1500 UTC;;;;;;;;;;;;;;;;;
2022/07/02;1600 UTC;;;;;;;;;;;;;;;;;
2022/07/02;1700 UTC;;;;;;;;;;;;;;;;;
2022/07/02;1800 UTC;;;;;;;;;;;;;;;;;
2022/07/02;1900 UTC;;;;;;;;;;;;;;;;;
2022/07/02;2000 UTC;;;;;;;;;;;;;;;;;
2022/07/02;2100 UTC;;;;;;;;;;;;;;;;;
2022/07/02;2200 UTC;;;;;;;;;;;;;;;;;
2022/07/02;2300 UTC;;;;;;;;;;;;;;;;;
2022/07/03;0000 UTC;;;;;;;;;;;;;;;;;
2022/07/03;0100 UTC;;;;;;;;;;;;;;;;;
2022/07/03;0200 UTC;;;;;;;;;;;;;;;;;
2022/07/03;0300 UTC;;;;;;;;;;;;;;;;;
2022/07/03;0400 UTC;;;;;;;;;;;;;;;;;
2022/07/03;0500 UTC;;;;;;;;;;;;;;;;;
2022/07/03;0600 UTC;;;;;;;;;;;;;;;;;
2022/07/03;0700 UTC;;;;;;;;;;;;;;;;;
2022/07/03;0800 UTC;;;;;;;;;;;;;;;;;
2022/07/03;0900 UTC;;;;;;;;;;;;;;;;;
2022/07/03;1000 UTC;;;;;;;;;;;;;;;;;
2022/07/03;1100 UTC;;;;;;;;;;;;;;;;;
2022/07/03;1200 UTC;;;;;;;;;;;;;;;;;
2022/07/03;1300 UTC;;;;;;;;;;;;;;;;;
2022/07/03;1400 UTC;;;;;;;;;;;;;;;;;
2022/07/03;1500 UTC;;;;;;;;;;;;;;;;;
2022/07/03;1600 UTC;;;;;;;;;;;;;;;;;
2022/07/03;1700 UTC;;;;;;;;;;;;;;;;;
2022/07/03;1800 UTC;;;;;;;;;;;;;;;;;
2022/07/03;1900 UTC;;;;;;;;;;;;;;;;;
2022/07/03;2000 UTC;;;;;;;;;;;;;;;;;
2022/07/03;2100 UTC;;;;;;;;;;;;;;;;;
2022/07/03;2200 UTC;;;;;;;;;;;;;;;;;
2022/07/03;2300 UTC;;;;;;;;;;;;;;;;;
2022/07/04;0000 UTC;;;;;;;;;;;;;;;;;
2022/07/04;0100 UTC;;;;;;;;;;;;;;;;;
2022/07/04;0200 UTC;;;;;;;;;;;;;;;;;
2022/07/04;0300 UTC;;;;;;;;;;;;;;;;;
2022/07/04;0400 UTC;;;;;;;;;;;;;;;;;
2022/07/04;0500 UTC;;;;;;;;;;;;;;;;;
2022/07/04;0600 UTC;;;;;;;;;;;;;;;;;
2022/07/04;0700 UTC;;;;;;;;;;;;;;;;;
2022/07/04;0800 UTC;;;;;;;;;;;;;;;;;
2022/07/04;0900 UTC;;;;;;;;;;;;;;;;;
2022/07/04;1000 UTC;;;;;;;;;;;;;;;;;
2022/07/04;1100 UTC;;;;;;;;;;;;;;;;;
2022/07/04;1200 UTC;;;;;;;;;;;;;;;;;
2022/07/04;1300 UTC;;;;;;;;;;;;;;;;;
2022/07/04;1400 UTC;;;;;;;;;;;;;;;;;
2022/07/04;1500 UTC;;;;;;;;;;;;;;;;;
2022/07/04;1600 UTC;;;;;;;;;;;;;;;;;
2022/07/04;1700 UTC;;;;;;;;;;;;;;;;;
2022/07/04;1800 UTC;;;;;;;;;;;;;;;;;
2022/07/04;1900 UTC;;;;;;;;;;;;;;;;;
2022/07/04;2000 UTC;;;;;;;;;;;;;;;;;
2022/07/04;2100 UTC;;;;;;;;;;;;;;;;;
2022/07/04;2200 UTC;;;;;;;;;;;;;;;;;
2022/07/04;2300 UTC;;;;;;;;;;;;;;;;;
2022/07/05;0000 UTC;;;;;;;;;;;;;;;;;
2022/07/05;0100 UTC;;;;;;;;;;;;;;;;;
2022/07/05;0200 UTC;;;;;;;;;;;;;;;;;
2022/07/05;0300 UTC;;;;;;;;;;;;;;;;;
2022/07/05;0400 UTC;;;;;;;;;;;;;;;;;
2022/07/05;0500 UTC;;;;;;;;;;;;;;;;;
2022/07/05;0600 UTC;;;;;;;;;;;;;;;;;
2022/07/05;0700 UTC;;;;;;;;;;;;;;;;;
2022/07/05;0800 UTC;;;;;;;;;;;;;;;;;
2022/07/05;0900 UTC;;;;;;;;;;;;;;;;;
2022/07/05;1000 UTC;;;;;;;;;;;;;;;;;
2022/07/05;1100 UTC;;;;;;;;;;;;;;;;;
2022/07/05;1200 UTC;;;;;;;;;;;;;;;;;
2022/07/05;1300 UTC;;;;;;;;;;;;;;;;;
2022/07/05;1400 UTC;;;;;;;;;;;;;;;;;
2022/07/05;1500 UTC;;;;;;;;;;;;;;;;;
2022/07/05;1600 UTC;;;;;;;;;;;;;;;;;
2022/07/05;1700 UTC;;;;;;;;;;;;;;;;;
2022/07/05;1800 UTC;;;;;;;;;;;;;;;;;
2022/07/05;1900 UTC;;;;;;;;;;;;;;;;;
2022/07/05;2000 UTC;;;;;;;;;;;;;;;;;
2022/07/05;2100 UTC;;;;;;;;;;;;;;;;;
2022/07/05;2200 UTC;;;;;;;;;;;;;;;;;
2022/07/05;2300 UTC;;;;;;;;;;;;;;;;;
2022/07/06;0000 UTC;;;;;;;;;;;;;;;;;
2022/07/06;0100 UTC;;;;;;;;;;;;;;;;;
2022/07/06;0200 UTC;;;;;;;;;;;;;;;;;
2022/07/06;0300 UTC;;;;;;;;;;;;;;;;;
2022/07/06;0400 UTC;;;;;;;;;;;;;;;;;
2022/07/06;0500 UTC;;;;;;;;;;;;;;;;;
2022/07/06;0600 UTC;;;;;;;;;;;;;;;;;
2022/07/06;0700 UTC;;;;;;;;;;;;;;;;;
2022/07/06;0800 UTC;;;;;;;;;;;;;;;;;
2022/07/06;0900 UTC;;;;;;;;;;;;;;;;;
2022/07/06;1000 UTC;;;;;;;;;;;;;;;;;
2022/07/06;1100 UTC;;;;;;;;;;;;;;;;;
2022/07/06;1200 UTC;;;;;;;;;;;;;;;;;
2022/07/06;1300 UTC;;;;;;;;;;;;;;;;;
2022/07/06;1400 UTC;;;;;;;;;;;;;;;;;
2022/07/06;1500 UTC;;;;;;;;;;;;;;;;;
2022/07/06;1600 UTC;;;;;;;;;;;;;;;;;
2022/07/06;1700 UTC;;;;;;;;;;;;;;;;;
2022/07/06;1800 UTC;;;;;;;;;;;;;;;;;
2022/07/06;1900 UTC;;;;;;;;;;;;;;;;;
2022/07/06;2000 UTC;;;;;;;;;;;;;;;;;
2022/07/06;2100 UTC;;;;;;;;;;;;;;;;;
2022/07/06;2200 UTC;;;;;;;;;;;;;;;;;
2022/07/06;2300 UTC;;;;;;;;;;;;;;;;;
2022/07/07;0000 UTC;;;;;;;;;;;;;;;;;
2022/07/07;0100 UTC;;;;;;;;;;;;;;;;;
2022/07/07;0200 UTC;;;;;;;;;;;;;;;;;
2022/07/07;0300 UTC;;;;;;;;;;;;;;;;;
2022/07/07;0400 UTC;;;;;;;;;;;;;;;;;
2022/07/07;0500 UTC;;;;;;;;;;;;;;;;;
2022/07/07;0600 UTC;;;;;;;;;;;;;;;;;
2022/07/07;0700 UTC;;;;;;;;;;;;;;;;;
2022/07/07;0800 UTC;;;;;;;;;;;;;;;;;
2022/07/07;0900 UTC;;;;;;;;;;;;;;;;;
2022/07/07;1000 UTC;;;;;;;;;;;;;;;;;
2022/07/07;1100 UTC;;;;;;;;;;;;;;;;;
2022/07/07;1200 UTC;;;;;;;;;;;;;;;;;
2022/07/07;1300 UTC;;;;;;;;;;;;;;;;;
2022/07/07;1400 UTC;;;;;;;;;;;;;;;;;
2022/07/07;1500 UTC;;;;;;;;;;;;;;;;;
2022/07/07;1600 UTC;;;;;;;;;;;;;;;;;
2022/07/07;1700 UTC;;;;;;;;;;;;;;;;;
2022/07/07;1800 UTC;;;;;;;;;;;;;;;;;
2022/07/07;1900 UTC;;;;;;;;;;;;;;;;;
2022/07/07;2000 UTC;;;;;;;;;;;;;;;;;
2022/07/07;2100 UTC;;;;;;;;;;;;;;;;;
2022/07/07;2200 UTC;;;;;;;;;;;;;;;;;
2022/07/07;2300 UTC;;;;;;;;;;;;;;;;;
2022/07/08;0000 UTC;;;;;;;;;;;;;;;;;
2022/07/08;0100 UTC;;;;;;;;;;;;;;;;;
2022/07/08;0200 UTC;;;;;;;;;;;;;;;;;
2022/07/08;0300 UTC;;;;;;;;;;;;;;;;;
2022/07/08;0400 UTC;;;;;;;;;;;;;;;;;
2022/07/08;0500 UTC;;;;;;;;;;;;;;;;;
2022/07/08;0600 UTC;;;;;;;;;;;;;;;;;
2022/07/08;0700 UTC;;;;;;;;;;;;;;;;;
2022/07/08;0800 UTC;;;;;;;;;;;;;;;;;
2022/07/08;0900 UTC;;;;;;;;;;;;;;;;;
2022/07/08;1000 UTC;;;;;;;;;;;;;;;;;
2022/07/08;1100 UTC;;;;;;;;;;;;;;;;;
2022/07/08;1200 UTC;;;;;;;;;;;;;;;;;
2022/07/08;1300 UTC;;;;;;;;;;;;;;;;;
2022/07/08;1400 UTC;;;;;;;;;;;;;;;;;
2022/07/08;1500 UTC;;;;;;;;;;;;;;;;;
2022/07/08;1600 UTC;;;;;;;;;;;;;;;;;
2022/07/08;1700 UTC;;;;;;;;;;;;;;;;;
2022/07/08;1800 UTC;;;;;;;;;;;;;;;;;
2022/07/08;1900 UTC;;;;;;;;;;;;;;;;;
2022/07/08;2000 UTC;;;;;;;;;;;;;;;;;
2022/07/08;2100 UTC;;;;;;;;;;;;;;;;;
2022/07/08;2200 UTC;;;;;;;;;;;;;;;;;
2022/07/08;2300 UTC;;;;;;;;;;;;;;;;;
2022/07/09;0000 UTC;;;;;;;;;;;;;;;;;
2022/07/09;0100 UTC;;;;;;;;;;;;;;;;;
2022/07/09;0200 UTC;;;;;;;;;;;;;;;;;
2022/07/09;0300 UTC;;;;;;;;;;;;;;;;;
2022/07/09;0400 UTC;;;;;;;;;;;;;;;;;
2022/07/09;0500 UTC;;;;;;;;;;;;;;;;;
2022/07/09;0600 UTC;;;;;;;;;;;;;;;;;
2022/07/09;0700 UTC;;;;;;;;;;;;;;;;;
2022/07/09;0800 UTC;;;;;;;;;;;;;;;;;
2022/07/09;0900 UTC;;;;;;;;;;;;;;;;;
2022/07/09;1000 UTC;;;;;;;;;;;;;;;;;
2022/07/09;1100 UTC;;;;;;;;;;;;;;;;;
2022/07/09;1200 UTC;;;;;;;;;;;;;;;;;
2022/07/09;1300 UTC;;;;;;;;;;;;;;;;;
2022/07/09;1400 UTC;;;;;;;;;;;;;;;;;
2022/07/09;1500 UTC;;;;;;;;;;;;;;;;;
2022/07/09;1600 UTC;;;;;;;;;;;;;;;;;
2022/07/09;1700 UTC;;;;;;;;;;;;;;;;;
2022/07/09;1800 UTC;;;;;;;;;;;;;;;;;
2022/07/09;1900 UTC;;;;;;;;;;;;;;;;;
2022/07/09;2000 UTC;;;;;;;;;;;;;;;;;
2022/07/09;2100 UTC;;;;;;;;;;;;;;;;;
2022/07/09;2200 UTC;;;;;;;;;;;;;;;;;
2022/07/09;2300 UTC;;;;;;;;;;;;;;;;;
2022/07/10;0000 UTC;;;;;;;;;;;;;;;;;
2022/07/10;0100 UTC;;;;;;;;;;;;;;;;;
2022/07/10;0200 UTC;;;;;;;;;;;;;;;;;
2022/07/10;0300 UTC;;;;;;;;;;;;;;;;;
2022/07/10;0400 UTC;;;;;;;;;;;;;;;;;
2022/07/10;0500 UTC;;;;;;;;;;;;;;;;;
2022/07/10;0600 UTC;;;;;;;;;;;;;;;;;
2022/07/10;0700 UTC;;;;;;;;;;;;;;;;;
2022/07/10;0800 UTC;;;;;;;;;;;;;;;;;
2022/07/10;0900 UTC;;;;;;;;;;;;;;;;;
2022/07/10;1000 UTC;;;;;;;;;;;;;;;;;
2022/07/10;1100 UTC;;;;;;;;;;;;;;;;;
2022/07/10;1200 UTC;;;;;;;;;;;;;;;;;
2022/07/10;1300 UTC;;;;;;;;;;;;;;;;;
2022/07/10;1400 UTC;;;;;;;;;;;;;;;;;
2022/07/10;1500 UTC;;;;;;;;;;;;;;;;;
2022/07/10;1600 UTC;;;;;;;;;;;;;;;;;
2022/07/10;1700 UTC;;;;;;;;;;;;;;;;;
2022/07/10;1800 UTC;;;;;;;;;;;;;;;;;
2022/07/10;1900 UTC;;;;;;;;;;;;;;;;;
2022/07/10;2000 UTC;;;;;;;;;;;;;;;;;
2022/07/10;2100 UTC;;;;;;;;;;;;;;;;;
2022/07/10;2200 UTC;;;;;;;;;;;;;;;;;
2022/07/10;2300 UTC;;;;;;;;;;;;;;;;;
2022/07/11;0000 UTC;;;;;;;;;;;;;;;;;
2022/07/11;0100 UTC;;;;;;;;;;;;;;;;;
2022/07/11;0200 UTC;;;;;;;;;;;;;;;;;
2022/07/11;0300 UTC;;;;;;;;;;;;;;;;;
2022/07/11;0400 UTC;;;;;;;;;;;;;;;;;
2022/07/11;0500 UTC;;;;;;;;;;;;;;;;;
2022/07/11;0600 UTC;;;;;;;;;;;;;;;;;
2022/07/11;0700 UTC;;;;;;;;;;;;;;;;;
2022/07/11;0800 UTC;;;;;;;;;;;;;;;;;
2022/07/11;0900 UTC;;;;;;;;;;;;;;;;;
2022/07/11;1000 UTC;;;;;;;;;;;;;;;;;
2022/07/11;1100 UTC;;;;;;;;;;;;;;;;;
2022/07/11;1200 UTC;;;;;;;;;;;;;;;;;
2022/07/11;1300 UTC;;;;;;;;;;;;;;;;;
2022/07/11;1400 UTC;;;;;;;;;;;;;;;;;
2022/07/11;1500 UTC;;;;;;;;;;;;;;;;;
2022/07/11;1600 UTC;;;;;;;;;;;;;;;;;
2022/07/11;1700 UTC;;;;;;;;;;;;;;;;;
2022/07/11;1800 UTC;;;;;;;;;;;;;;;;;
2022/07/11;1900 UTC;;;;;;;;;;;;;;;;;
2022/07/11;2000 UTC;;;;;;;;;;;;;;;;;
2022/07/11;2100 UTC;;;;;;;;;;;;;;;;;
2022/07/11;2200 UTC;;;;;;;;;;;;;;;;;
2022/07/11;2300 UTC;;;;;;;;;;;;;;;;;
2022/07/12;0000 UTC;;;;;;;;;;;;;;;;;
2022/07/12;0100 UTC;;;;;;;;;;;;;;;;;
2022/07/12;0200 UTC;;;;;;;;;;;;;;;;;
2022/07/12;0300 UTC;;;;;;;;;;;;;;;;;
2022/07/12;0400 UTC;;;;;;;;;;;;;;;;;
2022/07/12;0500 UTC;;;;;;;;;;;;;;;;;
2022/07/12;0600 UTC;;;;;;;;;;;;;;;;;
2022/07/12;0700 UTC;;;;;;;;;;;;;;;;;
2022/07/12;0800 UTC;;;;;;;;;;;;;;;;;
2022/07/12;0900 UTC;;;;;;;;;;;;;;;;;
2022/07/12;1000 UTC;;;;;;;;;;;;;;;;;
2022/07/12;1100 UTC;;;;;;;;;;;;;;;;;
2022/07/12;1200 UTC;;;;;;;;;;;;;;;;;
2022/07/12;1300 UTC;;;;;;;;;;;;;;;;;
2022/07/12;1400 UTC;;;;;;;;;;;;;;;;;
2022/07/12;1500 UTC;;;;;;;;;;;;;;;;;
2022/07/12;1600 UTC;;;;;;;;;;;;;;;;;
2022/07/12;1700 UTC;;;;;;;;;;;;;;;;;
2022/07/12;1800 UTC;;;;;;;;;;;;;;;;;
2022/07/12;1900 UTC;;;;;;;;;;;;;;;;;
2022/07/12;2000 UTC;;;;;;;;;;;;;;;;;
2022/07/12;2100 UTC;;;;;;;;;;;;;;;;;
2022/07/12;2200 UTC;;;;;;;;;;;;;;;;;
2022/07/12;2300 UTC;;;;;;;;;;;;;;;;;
2022/07/13;0000 UTC;;;;;;;;;;;;;;;;;
2022/07/13;0100 UTC;;;;;;;;;;;;;;;;;
2022/07/13;0200 UTC;;;;;;;;;;;;;;;;;
2022/07/13;0300 UTC;;;;;;;;;;;;;;;;;
2022/07/13;0400 UTC;;;;;;;;;;;;;;;;;
2022/07/13;0500 UTC;;;;;;;;;;;;;;;;;
2022/07/13;0600 UTC;;;;;;;;;;;;;;;;;
2022/07/13;0700 UTC;;;;;;;;;;;;;;;;;
2022/07/13;0800 UTC;;;;;;;;;;;;;;;;;
2022/07/13;0900 UTC;;;;;;;;;;;;;;;;;
2022/07/13;1000 UTC;;;;;;;;;;;;;;;;;
2022/07/13;1100 UTC;;;;;;;;;;;;;;;;;
2022/07/13;1200 UTC;;;;;;;;;;;;;;;;;
2022/07/13;1300 UTC;;;;;;;;;;;;;;;;;
2022/07/13;1400 UTC;;;;;;;;;;;;;;;;;
2022/07/13;1500 UTC;;;;;;;;;;;;;;;;;
2022/07/13;1600 UTC;;;;;;;;;;;;;;;;;
2022/07/13;1700 UTC;;;;;;;;;;;;;;;;;
2022/07/13;1800 UTC;;;;;;;;;;;;;;;;;
2022/07/13;1900 UTC;;;;;;;;;;;;;;;;;
2022/07/13;2000 UTC;;;;;;;;;;;;;;;;;
2022/07/13;2100 UTC;;;;;;;;;;;;;;;;;
2022/07/13;2200 UTC;;;;;;;;;;;;;;;;;
2022/07/13;2300 UTC;;;;;;;;;;;;;;;;;
2022/07/14;0000 UTC;;;;;;;;;;;;;;;;;
2022/07/14;0100 UTC;;;;;;;;;;;;;;;;;
2022/07/14;0200 UTC;;;;;;;;;;;;;;;;;
2022/07/14;0300 UTC;;;;;;;;;;;;;;;;;
2022/07/14;0400 UTC;;;;;;;;;;;;;;;;;
2022/07/14;0500 UTC;;;;;;;;;;;;;;;;;
2022/07/14;0600 UTC;;;;;;;;;;;;;;;;;
2022/07/14;0700 UTC;;;;;;;;;;;;;;;;;
2022/07/14;0800 UTC;;;;;;;;;;;;;;;;;
2022/07/14;0900 UTC;;;;;;;;;;;;;;;;;
2022/07/14;1000 UTC;;;;;;;;;;;;;;;;;
2022/07/14;1100 UTC;;;;;;;;;;;;;;;;;
2022/07/14;1200 UTC;;;;;;;;;;;;;;;;;
2022/07/14;1300 UTC;;;;;;;;;;;;;;;;;
2022/07/14;1400 UTC;;;;;;;;;;;;;;;;;
2022/07/14;1500 UTC;;;;;;;;;;;;;;;;;
2022/07/14;1600 UTC;;;;;;;;;;;;;;;;;
2022/07/14;1700 UTC;;;;;;;;;;;;;;;;;
2022/07/14;1800 UTC;;;;;;;;;;;;;;;;;
2022/07/14;1900 UTC;;;;;;;;;;;;;;;;;
2022/07/14;2000 UTC;;;;;;;;;;;;;;;;;
2022/07/14;2100 UTC;;;;;;;;;;;;;;;;;
2022/07/14;2200 UTC;;;;;;;;;;;;;;;;;
2022/07/14;2300 UTC;;;;;;;;;;;;;;;;;
2022/07/15;0000 UTC;;;;;;;;;;;;;;;;;
2022/07/15;0100 UTC;;;;;;;;;;;;;;;;;
2022/07/15;0200 UTC;;;;;;;;;;;;;;;;;
2022/07/15;0300 UTC;;;;;;;;;;;;;;;;;
2022/07/15;0400 UTC;;;;;;;;;;;;;;;;;
2022/07/15;0500 UTC;;;;;;;;;;;;;;;;;
2022/07/15;0600 UTC;;;;;;;;;;;;;;;;;
2022/07/15;0700 UTC;;;;;;;;;;;;;;;;;
2022/07/15;0800 UTC;;;;;;;;;;;;;;;;;
2022/07/15;0900 UTC;;;;;;;;;;;;;;;;;
2022/07/15;1000 UTC;;;;;;;;;;;;;;;;;
2022/07/15;1100 UTC;;;;;;;;;;;;;;;;;
2022/07/15;1200 UTC;;;;;;;;;;;;;;;;;
2022/07/15;1300 UTC;;;;;;;;;;;;;;;;;
2022/07/15;1400 UTC;;;;;;;;;;;;;;;;;
2022/07/15;1500 UTC;;;;;;;;;;;;;;;;;
2022/07/15;1600 UTC;;;;;;;;;;;;;;;;;
2022/07/15;1700 UTC;;;;;;;;;;;;;;;;;
2022/07/15;1800 UTC;;;;;;;;;;;;;;;;;
2022/07/15;1900 UTC;;;;;;;;;;;;;;;;;
2022/07/15;2000 UTC;;;;;;;;;;;;;;;;;
2022/07/15;2100 UTC;;;;;;;;;;;;;;;;;
2022/07/15;2200 UTC;;;;;;;;;;;;;;;;;
2022/07/15;2300 UTC;;;;;;;;;;;;;;;;;
2022/07/16;0000 UTC;;;;;;;;;;;;;;;;;
2022/07/16;0100 UTC;;;;;;;;;;;;;;;;;
2022/07/16;0200 UTC;;;;;;;;;;;;;;;;;
2022/07/16;0300 UTC;;;;;;;;;;;;;;;;;
2022/07/16;0400 UTC;;;;;;;;;;;;;;;;;
2022/07/16;0500 UTC;;;;;;;;;;;;;;;;;
2022/07/16;0600 UTC;;;;;;;;;;;;;;;;;
2022/07/16;0700 UTC;;;;;;;;;;;;;;;;;
2022/07/16;0800 UTC;;;;;;;;;;;;;;;;;
2022/07/16;0900 UTC;;;;;;;;;;;;;;;;;
2022/07/16;1000 UTC;;;;;;;;;;;;;;;;;
2022/07/16;1100 UTC;;;;;;;;;;;;;;;;;
2022/07/16;1200 UTC;;;;;;;;;;;;;;;;;
2022/07/16;1300 UTC;;;;;;;;;;;;;;;;;
2022/07/16;1400 UTC;;;;;;;;;;;;;;;;;
2022/07/16;1500 UTC;;;;;;;;;;;;;;;;;
2022/07/16;1600 UTC;;;;;;;;;;;;;;;;;
2022/07/16;1700 UTC;;;;;;;;;;;;;;;;;
2022/07/16;1800 UTC;;;;;;;;;;;;;;;;;
2022/07/16;1900 UTC;;;;;;;;;;;;;;;;;
2022/07/16;2000 UTC;;;;;;;;;;;;;;;;;
2022/07/16;2100 UTC;;;;;;;;;;;;;;;;;
2022/07/16;2200 UTC;;;;;;;;;;;;;;;;;
2022/07/16;2300 UTC;;;;;;;;;;;;;;;;;
2022/07/17;0000 UTC;;;;;;;;;;;;;;;;;
2022/07/17;0100 UTC;;;;;;;;;;;;;;;;;
2022/07/17;0200 UTC;;;;;;;;;;;;;;;;;
2022/07/17;0300 UTC;;;;;;;;;;;;;;;;;
2022/07/17;0400 UTC;;;;;;;;;;;;;;;;;
2022/07/17;0500 UTC;;;;;;;;;;;;;;;;;
2022/07/17;0600 UTC;;;;;;;;;;;;;;;;;
2022/07/17;0700 UTC;;;;;;;;;;;;;;;;;
2022/07/17;0800 UTC;;;;;;;;;;;;;;;;;
2022/07/17;0900 UTC;;;;;;;;;;;;;;;;;
2022/07/17;1000 UTC;;;;;;;;;;;;;;;;;
2022/07/17;1100 UTC;;;;;;;;;;;;;;;;;
2022/07/17;1200 UTC;;;;;;;;;;;;;;;;;
2022/07/17;1300 UTC;;;;;;;;;;;;;;;;;
2022/07/17;1400 UTC;;;;;;;;;;;;;;;;;
2022/07/17;1500 UTC;;;;;;;;;;;;;;;;;
2022/07/17;1600 UTC;;;;;;;;;;;;;;;;;
2022/07/17;1700 UTC;;;;;;;;;;;;;;;;;
2022/07/17;1800 UTC;;;;;;;;;;;;;;;;;
2022/07/17;1900 UTC;;;;;;;;;;;;;;;;;
2022/07/17;2000 UTC;;;;;;;;;;;;;;;;;
2022/07/17;2100 UTC;;;;;;;;;;;;;;;;;
2022/07/17;2200 UTC;;;;;;;;;;;;;;;;;
2022/07/17;2300 UTC;;;;;;;;;;;;;;;;;
2022/07/18;0000 UTC;;;;;;;;;;;;;;;;;
2022/07/18;0100 UTC;;;;;;;;;;;;;;;;;
2022/07/18;0200 UTC;;;;;;;;;;;;;;;;;
2022/07/18;0300 UTC;;;;;;;;;;;;;;;;;
2022/07/18;0400 UTC;;;;;;;;;;;;;;;;;
2022/07/18;0500 UTC;;;;;;;;;;;;;;;;;
2022/07/18;0600 UTC;;;;;;;;;;;;;;;;;
2022/07/18;0700 UTC;;;;;;;;;;;;;;;;;
2022/07/18;0800 UTC;;;;;;;;;;;;;;;;;
2022/07/18;0900 UTC;;;;;;;;;;;;;;;;;
2022/07/18;1000 UTC;;;;;;;;;;;;;;;;;
2022/07/18;1100 UTC;;;;;;;;;;;;;;;;;
2022/07/18;1200 UTC;;;;;;;;;;;;;;;;;
2022/07/18;1300 UTC;;;;;;;;;;;;;;;;;
2022/07/18;1400 UTC;;;;;;;;;;;;;;;;;
2022/07/18;1500 UTC;;;;;;;;;;;;;;;;;
2022/07/18;1600 UTC;;;;;;;;;;;;;;;;;
2022/07/18;1700 UTC;;;;;;;;;;;;;;;;;
2022/07/18;1800 UTC;;;;;;;;;;;;;;;;;
2022/07/18;1900 UTC;;;;;;;;;;;;;;;;;
2022/07/18;2000 UTC;;;;;;;;;;;;;;;;;
2022/07/18;2100 UTC;;;;;;;;;;;;;;;;;
2022/07/18;2200 UTC;;;;;;;;;;;;;;;;;
2022/07/18;2300 UTC;;;;;;;;;;;;;;;;;
2022/07/19;0000 UTC;;;;;;;;;;;;;;;;;
2022/07/19;0100 UTC;;;;;;;;;;;;;;;;;
2022/07/19;0200 UTC;;;;;;;;;;;;;;;;;
2022/07/19;0300 UTC;;;;;;;;;;;;;;;;;
2022/07/19;0400 UTC;;;;;;;;;;;;;;;;;
2022/07/19;0500 UTC;;;;;;;;;;;;;;;;;
2022/07/19;0600 UTC;;;;;;;;;;;;;;;;;
2022/07/19;0700 UTC;;;;;;;;;;;;;;;;;
2022/07/19;0800 UTC;;;;;;;;;;;;;;;;;
2022/07/19;0900 UTC;;;;;;;;;;;;;;;;;
2022/07/19;1000 UTC;;;;;;;;;;;;;;;;;
2022/07/19;1100 UTC;;;;;;;;;;;;;;;;;
2022/07/19;1200 UTC;;;;;;;;;;;;;;;;;
2022/07/19;1300 UTC;;;;;;;;;;;;;;;;;
2022/07/19;1400 UTC;;;;;;;;;;;;;;;;;
2022/07/19;1500 UTC;;;;;;;;;;;;;;;;;
2022/07/19;1600 UTC;;;;;;;;;;;;;;;;;
2022/07/19;1700 UTC;;;;;;;;;;;;;;;;;
2022/07/19;1800 UTC;;;;;;;;;;;;;;;;;
2022/07/19;1900 UTC;;;;;;;;;;;;;;;;;
2022/07/19;2000 UTC;;;;;;;;;;;;;;;;;
2022/07/19;2100 UTC;;;;;;;;;;;;;;;;;
2022/07/19;2200 UTC;;;;;;;;;;;;;;;;;
2022/07/19;2300 UTC;;;;;;;;;;;;;;;;;
2022/07/20;0000 UTC;;;;;;;;;;;;;;;;;
2022/07/20;0100 UTC;;;;;;;;;;;;;;;;;
2022/07/20;0200 UTC;;;;;;;;;;;;;;;;;
2022/07/20;0300 UTC;;;;;;;;;;;;;;;;;
2022/07/20;0400 UTC;;;;;;;;;;;;;;;;;
2022/07/20;0500 UTC;;;;;;;;;;;;;;;;;
2022/07/20;0600 UTC;;;;;;;;;;;;;;;;;
2022/07/20;0700 UTC;;;;;;;;;;;;;;;;;
2022/07/20;0800 UTC;;;;;;;;;;;;;;;;;
2022/07/20;0900 UTC;;;;;;;;;;;;;;;;;
2022/07/20;1000 UTC;;;;;;;;;;;;;;;;;
2022/07/20;1100 UTC;;;;;;;;;;;;;;;;;
2022/07/20;1200 UTC;;;;;;;;;;;;;;;;;
2022/07/20;1300 UTC;;;;;;;;;;;;;;;;;
2022/07/20;1400 UTC;;;;;;;;;;;;;;;;;
2022/07/20;1500 UTC;;;;;;;;;;;;;;;;;
2022/07/20;1600 UTC;;;;;;;;;;;;;;;;;
2022/07/20;1700 UTC;;;;;;;;;;;;;;;;;
2022/07/20;1800 UTC;;;;;;;;;;;;;;;;;
2022/07/20;1900 UTC;;;;;;;;;;;;;;;;;
2022/07/20;2000 UTC;;;;;;;;;;;;;;;;;
2022/07/20;2100 UTC;;;;;;;;;;;;;;;;;
2022/07/20;2200 UTC;;;;;;;;;;;;;;;;;
2022/07/20;2300 UTC;;;;;;;;;;;;;;;;;
2022/07/21;0000 UTC;;;;;;;;;;;;;;;;;
2022/07/21;0100 UTC;;;;;;;;;;;;;;;;;
2022/07/21;0200 UTC;;;;;;;;;;;;;;;;;
2022/07/21;0300 UTC;;;;;;;;;;;;;;;;;
2022/07/21;0400 UTC;;;;;;;;;;;;;;;;;
2022/07/21;0500 UTC;;;;;;;;;;;;;;;;;
2022/07/21;0600 UTC;;;;;;;;;;;;;;;;;
2022/07/21;0700 UTC;;;;;;;;;;;;;;;;;
2022/07/21;0800 UTC;;;;;;;;;;;;;;;;;
2022/07/21;0900 UTC;;;;;;;;;;;;;;;;;
2022/07/21;1000 UTC;;;;;;;;;;;;;;;;;
2022/07/21;1100 UTC;;;;;;;;;;;;;;;;;
2022/07/21;1200 UTC;;;;;;;;;;;;;;;;;
2022/07/21;1300 UTC;;;;;;;;;;;;;;;;;
2022/07/21;1400 UTC;;;;;;;;;;;;;;;;;
2022/07/21;1500 UTC;;;;;;;;;;;;;;;;;
2022/07/21;1600 UTC;;;;;;;;;;;;;;;;;
2022/07/21;1700 UTC;;;;;;;;;;;;;;;;;
2022/07/21;1800 UTC;;;;;;;;;;;;;;;;;
2022/07/21;1900 UTC;;;;;;;;;;;;;;;;;
2022/07/21;2000 UTC;;;;;;;;;;;;;;;;;
2022/07/21;2100 UTC;;;;;;;;;;;;;;;;;
2022/07/21;2200 UTC;;;;;;;;;;;;;;;;;
2022/07/21;2300 UTC;;;;;;;;;;;;;;;;;
2022/07/22;0000 UTC;;;;;;;;;;;;;;;;;
2022/07/22;0100 UTC;;;;;;;;;;;;;;;;;
2022/07/22;0200 UTC;;;;;;;;;;;;;;;;;
2022/07/22;0300 UTC;;;;;;;;;;;;;;;;;
2022/07/22;0400 UTC;;;;;;;;;;;;;;;;;
2022/07/22;0500 UTC;;;;;;;;;;;;;;;;;
2022/07/22;0600 UTC;;;;;;;;;;;;;;;;;
2022/07/22;0700 UTC;;;;;;;;;;;;;;;;;
2022/07/22;0800 UTC;;;;;;;;;;;;;;;;;
2022/07/22;0900 UTC;;;;;;;;;;;;;;;;;
2022/07/22;1000 UTC;;;;;;;;;;;;;;;;;
2022/07/22;1100 UTC;;;;;;;;;;;;;;;;;
2022/07/22;1200 UTC;;;;;;;;;;;;;;;;;
2022/07/22;1300 UTC;;;;;;;;;;;;;;;;;
2022/07/22;1400 UTC;;;;;;;;;;;;;;;;;
2022/07/22;1500 UTC;;;;;;;;;;;;;;;;;
2022/07/22;1600 UTC;;;;;;;;;;;;;;;;;
2022/07/22;1700 UTC;;;;;;;;;;;;;;;;;
2022/07/22;1800 UTC;;;;;;;;;;;;;;;;;
2022/07/22;1900 UTC;;;;;;;;;;;;;;;;;
2022/07/22;2000 UTC;;;;;;;;;;;;;;;;;
2022/07/22;2100 UTC;;;;;;;;;;;;;;;;;
2022/07/22;2200 UTC;;;;;;;;;;;;;;;;;
2022/07/22;2300 UTC;;;;;;;;;;;;;;;;;
2022/07/23;0000 UTC;;;;;;;;;;;;;;;;;
2022/07/23;0100 UTC;;;;;;;;;;;;;;;;;
2022/07/23;0200 UTC;;;;;;;;;;;;;;;;;
2022/07/23;0300 UTC;;;;;;;;;;;;;;;;;
2022/07/23;0400 UTC;;;;;;;;;;;;;;;;;
2022/07/23;0500 UTC;;;;;;;;;;;;;;;;;
2022/07/23;0600 UTC;;;;;;;;;;;;;;;;;
2022/07/23;0700 UTC;;;;;;;;;;;;;;;;;
2022/07/23;0800 UTC;;;;;;;;;;;;;;;;;
2022/07/23;0900 UTC;;;;;;;;;;;;;;;;;
2022/07/23;1000 UTC;;;;;;;;;;;;;;;;;
2022/07/23;1100 UTC;;;;;;;;;;;;;;;;;
2022/07/23;1200 UTC;;;;;;;;;;;;;;;;;
2022/07/23;1300 UTC;;;;;;;;;;;;;;;;;
2022/07/23;1400 UTC;;;;;;;;;;;;;;;;;
2022/07/23;1500 UTC;;;;;;;;;;;;;;;;;
2022/07/23;1600 UTC;;;;;;;;;;;;;;;;;
2022/07/23;1700 UTC;;;;;;;;;;;;;;;;;
2022/07/23;1800 UTC;;;;;;;;;;;;;;;;;
2022/07/23;1900 UTC;;;;;;;;;;;;;;;;;
2022/07/23;2000 UTC;;;;;;;;;;;;;;;;;
2022/07/23;2100 UTC;;;;;;;;;;;;;;;;;
2022/07/23;2200 UTC;;;;;;;;;;;;;;;;;
2022/07/23;2300 UTC;;;;;;;;;;;;;;;;;
2022/07/24;0000 UTC;;;;;;;;;;;;;;;;;
2022/07/24;0100 UTC;;;;;;;;;;;;;;;;;
2022/07/24;0200 UTC;;;;;;;;;;;;;;;;;
2022/07/24;0300 UTC;;;;;;;;;;;;;;;;;
2022/07/24;0400 UTC;;;;;;;;;;;;;;;;;
2022/07/24;0500 UTC;;;;;;;;;;;;;;;;;
2022/07/24;0600 UTC;;;;;;;;;;;;;;;;;
2022/07/24;0700 UTC;;;;;;;;;;;;;;;;;
2022/07/24;0800 UTC;;;;;;;;;;;;;;;;;
2022/07/24;0900 UTC;;;;;;;;;;;;;;;;;
2022/07/24;1000 UTC;;;;;;;;;;;;;;;;;
2022/07/24;1100 UTC;;;;;;;;;;;;;;;;;
2022/07/24;1200 UTC;;;;;;;;;;;;;;;;;
2022/07/24;1300 UTC;;;;;;;;;;;;;;;;;
2022/07/24;1400 UTC;;;;;;;;;;;;;;;;;
2022/07/24;1500 UTC;;;;;;;;;;;;;;;;;
2022/07/24;1600 UTC;;;;;;;;;;;;;;;;;
2022/07/24;1700 UTC;;;;;;;;;;;;;;;;;
2022/07/24;1800 UTC;;;;;;;;;;;;;;;;;
2022/07/24;1900 UTC;;;;;;;;;;;;;;;;;
2022/07/24;2000 UTC;;;;;;;;;;;;;;;;;
2022/07/24;2100 UTC;;;;;;;;;;;;;;;;;
2022/07/24;2200 UTC;;;;;;;;;;;;;;;;;
2022/07/24;2300 UTC;;;;;;;;;;;;;;;;;
2022/07/25;0000 UTC;;;;;;;;;;;;;;;;;
2022/07/25;0100 UTC;;;;;;;;;;;;;;;;;
2022/07/25;0200 UTC;;;;;;;;;;;;;;;;;
2022/07/25;0300 UTC;;;;;;;;;;;;;;;;;
2022/07/25;0400 UTC;;;;;;;;;;;;;;;;;
2022/07/25;0500 UTC;;;;;;;;;;;;;;;;;
2022/07/25;0600 UTC;;;;;;;;;;;;;;;;;
2022/07/25;0700 UTC;;;;;;;;;;;;;;;;;
2022/07/25;0800 UTC;;;;;;;;;;;;;;;;;
2022/07/25;0900 UTC;;;;;;;;;;;;;;;;;
2022/07/25;1000 UTC;;;;;;;;;;;;;;;;;
2022/07/25;1100 UTC;;;;;;;;;;;;;;;;;
2022/07/25;1200 UTC;;;;;;;;;;;;;;;;;
2022/07/25;1300 UTC;;;;;;;;;;;;;;;;;
2022/07/25;1400 UTC;;;;;;;;;;;;;;;;;
2022/07/25;1500 UTC;;992.2;992.8;992.2;;;;;;;;;;;136.0;;2.3
2022/07/25;1600 UTC;;991.2;992.2;991.2;;;;;;;;;;;91.0;7.0;2.3
2022/07/25;1700 UTC;;989.9;;;1740.2;35.1;;;;;;;;;204.0;;1.6
2022/07/25;1800 UTC;;989.1;989.9;989.1;2514.0;35.7;;35.9;34.5;;;;;;42.0;6.1;2.3
2022/07/25;1900 UTC;0.0;988.8;989.1;988.8;1923.9;35.1;;35.7;34.3;;;;;;78.0;6.7;2.4
2022/07/25;2000 UTC;0.0;988.6;988.8;988.5;1096.9;34.0;;35.5;34.0;;;;;;106.0;5.3;2.4
2022/07/25;2100 UTC;0.0;988.9;988.9;988.6;210.1;31.4;;34.0;31.4;;;;;;124.0;3.9;0.4
2022/07/25;2200 UTC;0.0;989.8;989.8;988.9;3.0;27.4;;31.4;27.4;;;;;;118.0;1.9;0.0
2022/07/25;2300 UTC;0.0;990.5;990.5;989.9;;25.8;;27.4;25.8;;;;;;137.0;1.1;0.1
2022/07/26;0000 UTC;0.0;991.7;991.7;990.5;;24.6;;25.8;24.6;;;;;;152.0;3.9;1.0
2022/07/26;0100 UTC;0.0;992.1;992.1;991.7;;22.9;;24.6;22.8;;;;;;122.0;2.5;0.6
2022/07/26;0200 UTC;0.0;992.4;992.4;992.1;;21.2;;23.1;21.2;;;;;;130.0;1.5;0.0
2022/07/26;0300 UTC;0.0;992.4;992.5;992.3;;21.4;;21.7;20.9;;;;;;171.0;1.5;0.0
2022/07/26;0400 UTC;0.0;992.1;992.4;992.1;;20.1;;21.4;20.0;;;;;;214.0;1.5;0.7
2022/07/26;0500 UTC;0.0;991.7;992.1;991.7;;19.6;;20.7;19.6;;;;;;108.0;1.5;0.0
2022/07/26;0600 UTC;0.0;991.5;991.7;991.5;;18.8;;19.6;18.8;;;;;;279.0;0.0;0.0
2022/07/26;0700 UTC;0.0;991.4;991.5;991.4;;18.7;;19.4;18.4;;;;;;241.0;2.0;0.0
2022/07/26;0800 UTC;0.0;991.5;991.7;991.3;;19.1;;19.3;18.4;;;;;;269.0;3.8;0.0
2022/07/26;0900 UTC;0.0;991.9;992.0;991.5;;17.6;;19.1;17.6;;;;;;115.0;1.4;0.4
2022/07/26;1000 UTC;0.0;992.5;992.6;991.9;52.6;18.1;;18.1;17.4;;;;;;125.0;2.0;0.2
2022/07/26;1100 UTC;0.0;993.2;993.2;992.5;682.7;23.2;;23.3;18.1;;;;;;71.0;1.4;0.1
2022/07/26;1200 UTC;0.0;993.7;993.7;993.2;1528.7;28.3;;28.3;23.2;;;;;;110.0;9.3;5.9
2022/07/26;1300 UTC;0.0;993.8;993.9;993.6;2260.0;30.0;;30.5;28.4;;;;;;121.0;10.3;6.8
2022/07/26;1400 UTC;0.0;993.4;993.8;993.3;2788.1;31.7;;31.9;30.0;;;;;;105.0;9.5;4.5
2022/07/26;1500 UTC;0.0;992.7;993.4;992.7;3008.6;32.9;;33.8;31.4;;;;;;95.0;8.2;4.0
2022/07/26;1600 UTC;0.0;991.7;992.7;991.7;3013.3;33.0;;33.9;32.4;;;;;;105.0;7.1;2.5
2022/07/26;1700 UTC;0.0;990.6;991.7;990.6;2867.3;33.8;;34.4;33.0;;;;;;111.0;7.5;4.3
2022/07/26;1800 UTC;0.0;989.9;990.6;989.9;2187.4;33.7;;34.5;33.5;;;;;;116.0;7.7;3.2
2022/07/26;1900 UTC;0.0;989.6;990.0;989.5;1885.5;33.6;;34.5;33.5;;;;;;126.0;6.5;2.8
2022/07/26;2000 UTC;0.0;989.6;989.7;989.6;907.9;32.8;;34.0;32.7;;;;;;99.0;6.0;3.1
2022/07/26;2100 UTC;0.0;990.1;990.1;989.6;192.4;29.7;;32.8;29.7;;;;;;113.0;5.2;1.1
2022/07/26;2200 UTC;0.0;990.6;990.6;990.1;2.3;25.5;;29.7;25.5;;;;;;148.0;1.9;1.4
2022/07/26;2300 UTC;0.0;991.2;991.2;990.6;;23.0;;25.5;23.0;;;;;;140.0;1.8;0.8
2022/07/27;0000 UTC;0.0;991.9;991.9;991.2;;22.1;;23.0;22.1;;;;;;145.0;1.1;0.0
2022/07/27;0100 UTC;0.0;992.6;992.6;991.9;;20.9;;22.2;20.7;;;;;;132.0;0.0;0.0
2022/07/27;0200 UTC;0.0;993.0;993.0;992.6;;20.7;;20.9;20.7;;;;;;146.0;0.0;0.0
2022/07/27;0300 UTC;0.0;993.1;993.2;993.0;;19.9;;21.2;19.3;;;;;;153.0;0.0;0.0
2022/07/27;0400 UTC;0.0;992.8;993.1;992.8;;18.4;;20.5;18.1;;;;;;154.0;0.0;0.0
2022/07/27;0500 UTC;0.0;992.2;992.8;992.2;;19.5;;19.7;18.4;;;;;;170.0;2.3;0.0
2022/07/27;0600 UTC;0.0;991.9;992.2;991.9;;19.2;;19.6;18.8;;;;;;206.0;1.1;0.2
2022/07/27;0700 UTC;0.0;991.8;991.9;991.7;;19.1;;19.6;19.1;;;;;;234.0;1.0;0.0
2022/07/27;0800 UTC;0.0;991.9;991.9;991.7;;18.7;;19.1;18.4;;;;;;163.0;0.0;0.0
2022/07/27;0900 UTC;0.0;992.2;992.3;991.9;;19.6;;19.6;18.5;;;;;;191.0;1.7;0.0
2022/07/27;1000 UTC;0.0;992.9;992.9;992.2;46.9;20.0;;20.0;18.6;;;;;;316.0;0.9;0.0
2022/07/27;1100 UTC;0.0;993.6;993.6;992.9;486.3;24.4;;24.4;20.0;;;;;;287.0;0.8;0.0
2022/07/27;1200 UTC;0.0;994.2;994.2;993.6;1169.6;26.9;;26.9;24.4;;;;;;82.0;2.7;0.6
2022/07/27;1300 UTC;0.0;993.9;994.2;993.8;2131.4;30.0;;30.0;26.7;;;;;;107.0;9.1;6.0
2022/07/27;1400 UTC;0.0;993.4;993.9;993.4;2771.6;31.7;;32.1;29.5;;;;;;92.0;8.3;4.0
2022/07/27;1500 UTC;0.0;992.7;993.4;992.6;3108.4;32.6;;33.3;31.6;;;;;;118.0;9.1;3.0
2022/07/27;1600 UTC;0.0;991.8;992.7;991.8;3262.7;33.4;;33.9;32.3;;;;;;88.0;7.8;3.5
2022/07/27;1700 UTC;0.0;990.6;991.8;990.6;3097.8;33.8;;34.6;33.3;;;;;;138.0;9.0;3.9
2022/07/27;1800 UTC;0.0;989.8;990.6;989.8;2677.5;34.1;;35.2;33.5;;;;;;161.0;10.4;1.5
2022/07/27;1900 UTC;0.0;989.5;989.8;989.5;2036.4;34.5;;34.7;33.7;;;;;;99.0;5.2;1.8
2022/07/27;2000 UTC;0.0;989.4;989.6;989.4;976.0;33.7;;34.4;33.6;;;;;;86.0;4.3;0.9
2022/07/27;2100 UTC;0.0;989.5;989.5;989.4;99.6;31.4;;33.7;31.4;;;;;;143.0;2.7;0.0
2022/07/27;2200 UTC;0.0;990.0;990.0;989.5;0.2;25.9;;31.4;25.9;;;;;;128.0;0.8;0.0
2022/07/27;2300 UTC;0.0;990.9;990.9;990.0;;24.0;;25.9;23.7;;;;;;156.0;2.2;0.7
2022/07/28;0000 UTC;0.0;991.7;991.7;990.9;;22.9;;23.9;22.9;;;;;;165.0;2.2;0.1
2022/07/28;0100 UTC;0.0;992.3;992.3;991.7;;21.5;;22.9;21.5;;;;;;176.0;0.8;0.0
2022/07/28;0200 UTC;0.0;992.6;992.6;992.3;;21.6;;21.7;21.4;;;;;;135.0;1.6;0.0
2022/07/28;0300 UTC;0.0;992.5;992.8;992.5;;22.7;;22.7;21.6;;;;;;223.0;3.2;0.6
2022/07/28;0400 UTC;0.0;992.2;992.5;992.2;;21.4;;22.8;21.4;;;;;;26.0;1.7;0.0
2022/07/28;0500 UTC;0.0;991.7;992.2;991.6;;19.9;;21.4;19.9;;;;;;101.0;0.0;0.0
2022/07/28;0600 UTC;0.0;991.1;991.7;991.1;;19.3;;19.9;19.2;;;;;;189.0;0.9;0.0
2022/07/28;0700 UTC;0.0;990.6;991.1;990.6;;18.6;;19.3;18.6;;;;;;153.0;0.0;0.0
2022/07/28;0800 UTC;0.0;990.5;990.7;990.5;;17.7;;18.6;17.7;;;;;;123.0;1.4;0.4
2022/07/28;0900 UTC;0.0;991.0;991.1;990.5;;17.1;;17.7;17.1;;;;;;127.0;5.0;0.9
2022/07/28;1000 UTC;0.0;991.4;991.4;990.9;61.7;18.3;;18.3;16.9;;;;;;137.0;2.1;0.0
2022/07/28;1100 UTC;0.0;992.1;992.1;991.4;689.7;22.4;;22.4;18.3;;;;;;119.0;1.5;0.0
2022/07/28;1200 UTC;0.0;992.2;992.3;992.1;1469.3;27.6;;27.6;22.4;;;;;;187.0;2.3;0.1
2022/07/28;1300 UTC;0.0;992.3;992.4;992.2;2209.8;30.0;;30.0;27.6;;;;;;86.0;5.8;3.4
2022/07/28;1400 UTC;0.0;991.7;992.4;991.7;2748.6;31.8;;31.8;29.7;;;;;;118.0;6.3;2.3
2022/07/28;1500 UTC;0.0;990.9;991.7;990.8;3144.1;33.7;;33.9;31.7;;;;;;102.0;6.2;2.2
2022/07/28;1600 UTC;0.0;990.1;990.9;990.1;3349.7;33.7;;34.9;33.2;;;;;;125.0;7.6;2.6
2022/07/28;1700 UTC;0.0;989.2;990.1;989.2;3196.8;34.7;;35.5;33.7;;;;;;141.0;7.0;3.8
2022/07/28;1800 UTC;0.0;988.4;989.2;988.4;2666.6;35.5;;35.8;34.2;;;;;;52.0;7.0;1.7
2022/07/28;1900 UTC;0.0;988.1;988.4;988.1;1482.7;34.8;;35.7;33.9;;;;;;143.0;5.3;0.4
2022/07/28;2000 UTC;0.0;988.1;988.1;988.0;1114.5;34.1;;35.8;34.1;;;;;;133.0;5.2;2.6
2022/07/28;2100 UTC;0.0;988.5;988.5;988.1;112.3;31.3;;34.1;31.3;;;;;;122.0;4.5;0.6
2022/07/28;2200 UTC;0.0;989.0;989.0;988.5;0.2;27.2;;31.3;27.2;;;;;;138.0;1.2;0.0
2022/07/28;2300 UTC;0.0;989.8;989.8;989.0;;24.2;;27.2;24.2;;;;;;149.0;0.0;0.0
2022/07/29;0000 UTC;0.0;990.7;990.7;989.8;;23.3;;25.0;23.2;;;;;;120.0;1.8;0.0
2022/07/29;0100 UTC;0.0;991.4;991.4;990.7;;22.7;;23.3;22.7;;;;;;314.0;0.0;0.0
2022/07/29;0200 UTC;0.0;991.8;991.8;991.4;;22.7;;23.1;21.9;;;;;;229.0;1.0;0.6
2022/07/29;0300 UTC;0.0;991.9;992.1;991.7;;22.0;;22.7;21.2;;;;;;234.0;5.0;0.3
2022/07/29;0400 UTC;0.0;991.6;991.9;991.6;;20.9;;22.1;20.8;;;;;;123.0;1.4;0.0
2022/07/29;0500 UTC;0.0;991.0;991.6;991.0;;19.9;;21.2;19.9;;;;;;162.0;0.0;0.0
2022/07/29;0600 UTC;0.0;990.7;991.0;990.7;;19.2;;19.9;19.2;;;;;;136.0;1.6;0.0
2022/07/29;0700 UTC;0.0;990.7;990.7;990.5;;18.7;;19.6;18.7;;;;;;133.0;0.0;0.0
2022/07/29;0800 UTC;0.0;990.9;990.9;990.7;;18.3;;18.7;18.3;;;;;;150.0;0.0;0.0
2022/07/29;0900 UTC;0.0;991.6;991.6;990.8;;17.6;;18.3;17.5;;;;;;92.0;2.1;0.0
2022/07/29;1000 UTC;0.0;992.1;992.1;991.6;61.8;19.2;;19.2;17.5;;;;;;133.0;0.9;0.0
2022/07/29;1100 UTC;0.0;992.7;992.7;992.1;667.2;23.1;;23.1;19.2;;;;;;42.0;1.1;0.0
2022/07/29;1200 UTC;0.0;993.2;993.2;992.7;1462.7;27.9;;27.9;23.1;;;;;;288.0;1.2;0.0
2022/07/29;1300 UTC;0.0;993.4;993.4;993.2;2171.5;30.0;;30.3;27.9;;;;;;105.0;3.6;1.6
2022/07/29;1400 UTC;0.0;992.9;993.4;992.9;2695.5;32.7;;32.8;30.0;;;;;;69.0;4.3;1.4
2022/07/29;1500 UTC;0.0;992.2;992.9;992.2;3026.5;33.5;;34.1;32.2;;;;;;84.0;5.8;1.9
2022/07/29;1600 UTC;0.0;991.1;992.2;991.1;3196.3;34.5;;34.7;33.1;;;;;;105.0;5.1;1.7
2022/07/29;1700 UTC;0.0;990.1;991.1;990.1;2445.1;35.1;;35.9;33.7;;;;;;174.0;5.7;2.0
2022/07/29;1800 UTC;0.0;989.4;990.1;989.4;2179.2;34.0;;35.7;34.0;;;;;;248.0;8.7;1.6
2022/07/29;1900 UTC;0.0;989.1;989.5;989.1;1956.7;35.2;;36.1;33.9;;;;;;221.0;4.4;1.8
2022/07/29;2000 UTC;0.0;989.0;989.1;989.0;1070.0;34.4;;35.9;34.3;;;;;;213.0;4.4;0.9
2022/07/29;2100 UTC;0.0;989.1;989.1;989.0;101.1;32.5;;34.4;32.5;;;;;;345.0;2.6;0.0
2022/07/29;2200 UTC;0.0;989.5;989.6;989.0;;27.5;;32.5;27.5;;;;;;135.0;0.0;0.0
2022/07/29;2300 UTC;0.0;990.3;990.3;989.6;;25.0;;27.5;24.9;;;;;;116.0;1.1;0.1
2022/07/30;0000 UTC;0.0;991.1;991.1;990.3;;23.6;;25.0;23.6;;;;;;121.0;1.1;0.1
2022/07/30;0100 UTC;0.0;991.4;991.4;991.1;;22.5;;23.6;22.4;;;;;;117.0;0.8;0.0
2022/07/30;0200 UTC;0.0;991.8;991.8;991.4;;21.3;;22.5;21.2;;;;;;120.0;0.0;0.0
2022/07/30;0300 UTC;0.0;992.0;992.1;991.8;;20.5;;21.3;20.4;;;;;;145.0;0.0;0.0
2022/07/30;0400 UTC;0.0;991.5;992.0;991.5;;20.6;;20.8;20.4;;;;;;77.0;0.0;0.0
2022/07/30;0500 UTC;0.0;991.0;991.5;991.0;;19.5;;20.6;19.5;;;;;;119.0;0.0;0.0
2022/07/30;0600 UTC;0.0;990.8;991.0;990.7;;19.5;;19.6;19.4;;;;;;185.0;0.0;0.0
2022/07/30;0700 UTC;0.0;990.6;990.8;990.6;;18.7;;19.5;18.6;;;;;;132.0;0.0;0.0
2022/07/30;0800 UTC;0.0;990.9;990.9;990.5;;18.3;;19.0;18.3;;;;;;111.0;0.0;0.0
2022/07/30;0900 UTC;0.0;991.5;991.5;990.9;;17.9;;18.3;17.9;;;;;;130.0;0.0;0.0
2022/07/30;1000 UTC;0.0;992.0;992.0;991.5;60.4;19.2;;19.2;17.8;;;;;;199.0;0.0;0.0
2022/07/30;1100 UTC;0.0;992.7;992.7;992.0;598.7;23.1;;23.1;19.2;;;;;;68.0;0.0;0.0
2022/07/30;1200 UTC;0.0;993.1;993.2;992.7;1299.6;27.2;;27.2;23.1;;;;;;116.0;0.0;0.0
2022/07/30;1300 UTC;0.0;993.2;993.3;993.1;2147.9;30.6;;30.6;27.2;;;;;;97.0;3.6;0.5
2022/07/30;1400 UTC;0.0;993.0;993.3;993.0;2692.9;32.6;;32.6;30.6;;;;;;336.0;5.8;1.8
2022/07/30;1500 UTC;0.0;992.3;993.1;992.3;2997.9;34.0;;34.4;31.8;;;;;;296.0;5.3;1.6
2022/07/30;1600 UTC;0.0;991.3;992.3;991.3;3074.7;35.1;;35.9;33.7;;;;;;268.0;3.8;0.6
2022/07/30;1700 UTC;0.0;990.2;991.3;990.2;2999.4;35.2;;35.6;34.7;;;;;;157.0;4.7;0.6
2022/07/30;1800 UTC;0.0;989.3;990.2;989.3;2234.1;35.4;;35.9;34.4;;;;;;58.0;6.0;2.0
2022/07/30;1900 UTC;0.0;988.7;989.3;988.7;1936.1;35.6;;36.2;35.1;;;;;;36.0;4.8;1.2
2022/07/30;2000 UTC;0.0;988.3;988.7;988.3;1017.1;35.0;;35.7;35.0;;;;;;70.0;3.7;0.6
2022/07/30;2100 UTC;0.0;988.6;988.6;988.2;105.8;32.8;;35.0;32.8;;;;;;12.0;1.9;0.1
2022/07/30;2200 UTC;0.0;989.2;989.2;988.6;;29.0;;32.9;29.0;;;;;;212.0;1.5;0.0
2022/07/30;2300 UTC;0.0;989.8;989.8;989.2;;25.7;;29.0;25.7;;;;;;187.0;0.0;0.0
2022/07/31;0000 UTC;0.0;990.9;990.9;989.8;;24.8;;25.7;24.5;;;;;;122.0;5.7;1.3
2022/07/31;0100 UTC;0.0;991.6;991.7;990.9;;24.6;;24.9;24.4;;;;;;84.0;1.9;0.0
2022/07/31;0200 UTC;0.0;991.9;991.9;991.6;;23.7;;24.6;23.7;;;;;;189.0;0.0;0.0
2022/07/31;0300 UTC;0.0;992.2;992.3;991.9;;22.9;;23.7;22.9;;;;;;334.0;0.0;0.0
2022/07/31;0400 UTC;0.0;992.1;992.3;992.1;;22.7;;23.1;22.5;;;;;;123.0;2.1;0.5
2022/07/31;0500 UTC;0.0;991.6;992.1;991.6;;22.9;;23.3;22.7;;;;;;73.0;2.1;0.0
2022/07/31;0600 UTC;0.0;991.3;991.6;991.3;;23.2;;23.2;22.6;;;;;;140.0;0.8;0.0
2022/07/31;0700 UTC;0.0;991.3;991.3;991.1;;22.5;;23.3;22.4;;;;;;98.0;0.9;0.0
2022/07/31;0800 UTC;0.0;991.8;991.8;991.3;;21.8;;22.5;21.8;;;;;;271.0;0.0;0.0
2022/07/31;0900 UTC;0.0;992.3;992.3;991.8;;20.9;;21.8;20.8;;;;;;136.0;1.2;0.0
2022/07/31;1000 UTC;0.0;992.6;992.6;992.3;57.3;21.5;;21.5;20.5;;;;;;271.0;0.0;0.0
2022/07/31;1100 UTC;0.0;993.7;993.7;992.6;630.7;25.2;;25.2;21.5;;;;;;99.0;2.0;0.4
2022/07/31;1200 UTC;0.0;994.1;994.1;993.7;1436.5;27.9;;27.9;25.2;;;;;;17.0;5.2;2.5
2022/07/31;1300 UTC;0.0;994.3;994.4;994.1;1974.2;29.1;;29.7;27.7;;;;;;360.0;6.2;2.4
2022/07/31;1400 UTC;0.0;994.2;994.4;994.2;1646.0;29.4;;29.5;28.6;;;;;;3.0;6.0;2.9
2022/07/31;1500 UTC;0.0;993.8;994.3;993.7;2716.7;30.1;;30.8;28.8;;;;;;355.0;7.6;4.0
2022/07/31;1600 UTC;0.0;992.6;993.8;992.6;3006.4;31.2;;33.0;29.9;;;;;;338.0;6.4;1.2
2022/07/31;1700 UTC;0.0;991.1;992.6;991.1;2904.2;32.7;;33.6;30.9;;;;;;299.0;5.1;1.3
2022/07/31;1800 UTC;0.0;990.0;991.1;990.0;2513.1;33.6;;34.1;32.6;;;;;;331.0;5.2;2.1
2022/07/31;1900 UTC;0.0;989.1;990.0;989.1;1350.8;32.6;;34.1;32.1;;;;;;308.0;4.7;0.7
2022/07/31;2000 UTC;0.0;989.2;989.2;988.9;935.1;32.1;;33.3;32.1;;;;;;349.0;3.3;0.4
2022/07/31;2100 UTC;0.0;989.5;989.5;989.1;187.6;31.3;;32.2;31.3;;;;;;340.0;2.0;0.2
2022/07/31;2200 UTC;0.0;990.2;990.2;989.5;5.3;28.7;;31.3;28.7;;;;;;156.0;5.3;2.6
2022/07/31;2300 UTC;0.0;990.7;990.7;990.1;;27.0;;28.7;26.9;;;;;;107.0;4.3;0.0
2022/08/01;0000 UTC;0.0;991.7;991.7;990.7;;25.3;;26.9;25.2;;;;;;120.0;2.1;1.1
2022/08/01;0100 UTC;0.0;992.4;992.4;991.7;;25.7;;25.9;25.3;;;;;;48.0;1.8;0.0
2022/08/01;0200 UTC;0.0;992.3;992.4;992.3;;24.9;;25.7;24.9;;;;;;218.0;0.0;0.0
2022/08/01;0300 UTC;0.0;991.8;992.3;991.8;;24.4;;24.9;24.1;;;;;;275.0;0.0;0.0
2022/08/01;0400 UTC;0.0;991.8;991.9;991.7;;23.6;;24.4;23.6;;;;;;93.0;0.0;0.0
2022/08/01;0500 UTC;0.0;991.4;991.8;991.4;;22.9;;23.6;22.9;;;;;;117.0;0.8;0.1
2022/08/01;0600 UTC;0.0;991.2;991.4;991.2;;22.6;;22.9;22.6;;;;;;128.0;1.0;0.0
2022/08/01;0700 UTC;0.0;990.9;991.2;990.8;;22.3;;22.7;22.2;;;;;;111.0;0.0;0.0
2022/08/01;0800 UTC;0.0;991.0;991.0;990.8;;22.2;;22.3;22.1;;;;;;128.0;0.9;0.0
2022/08/01;0900 UTC;0.0;991.5;991.5;991.0;;21.5;;22.2;21.5;;;;;;88.0;1.1;0.5
2022/08/01;1000 UTC;0.0;992.2;992.2;991.5;55.7;22.2;;22.2;21.2;;;;;;121.0;1.3;0.0
2022/08/01;1100 UTC;0.0;992.9;992.9;992.2;603.3;24.9;;25.0;22.2;;;;;;70.0;1.5;0.2
2022/08/01;1200 UTC;0.0;993.4;993.4;992.9;1368.9;27.5;;27.7;24.9;;;;;;69.0;4.6;1.8
2022/08/01;1300 UTC;0.0;993.4;993.4;993.3;1951.5;28.8;;29.8;27.5;;;;;;347.0;5.5;2.3
2022/08/01;1400 UTC;0.0;993.1;993.4;993.1;2009.9;30.9;;30.9;28.8;;;;;;71.0;5.4;2.5
2022/08/01;1500 UTC;0.0;992.3;993.1;992.3;1626.0;31.4;;32.2;30.2;;;;;;64.0;7.2;3.8
2022/08/01;1600 UTC;0.0;991.3;992.3;991.3;1931.9;33.3;;33.3;30.4;;;;;;51.0;7.6;2.2
2022/08/01;1700 UTC;0.0;990.2;991.3;990.2;2519.8;33.3;;33.6;32.0;;;;;;63.0;7.3;2.4
2022/08/01;1800 UTC;0.0;989.3;990.2;989.3;2479.8;33.9;;34.5;33.2;;;;;;65.0;6.7;2.4
2022/08/01;1900 UTC;0.0;988.8;989.3;988.7;1862.6;34.1;;35.3;33.4;;;;;;67.0;6.1;2.4
2022/08/01;2000 UTC;0.0;988.6;988.9;988.5;325.4;32.1;;34.3;31.7;;;;;;203.0;6.1;0.0
2022/08/01;2100 UTC;0.0;988.6;988.6;988.5;107.6;29.8;;32.1;29.8;;;;;;29.0;1.1;0.0
2022/08/01;2200 UTC;0.0;988.9;988.9;988.6;;27.1;;29.8;27.0;;;;;;138.0;1.3;0.9
2022/08/01;2300 UTC;0.0;989.4;989.4;988.9;;24.9;;27.1;24.8;;;;;;98.0;1.3;0.0
2022/08/02;0000 UTC;0.0;990.1;990.1;989.4;;23.8;;24.9;23.7;;;;;;187.0;0.0;0.0
2022/08/02;0100 UTC;0.0;990.7;990.7;990.1;;23.2;;24.0;22.8;;;;;;120.0;0.0;0.0
2022/08/02;0200 UTC;0.0;990.8;990.8;990.7;;21.7;;23.2;21.7;;;;;;122.0;1.0;0.0
2022/08/02;0300 UTC;0.0;990.6;991.0;990.5;;21.6;;22.2;21.5;;;;;;78.0;3.4;0.0
2022/08/02;0400 UTC;0.0;990.1;990.6;990.1;;20.3;;21.7;20.3;;;;;;135.0;1.3;1.0
2022/08/02;0500 UTC;0.0;989.9;990.1;989.9;;20.0;;20.5;20.0;;;;;;108.0;1.3;0.0
2022/08/02;0600 UTC;0.0;989.9;989.9;989.8;;19.4;;20.0;19.4;;;;;;121.0;0.7;0.0
2022/08/02;0700 UTC;0.0;989.9;990.0;989.8;;18.6;;19.4;18.6;;;;;;110.0;1.2;0.3
2022/08/02;0800 UTC;0.0;990.4;990.4;989.9;;18.4;;18.7;18.3;;;;;;140.0;1.5;1.0
2022/08/02;0900 UTC;0.0;990.8;990.8;990.4;;18.0;;18.6;18.0;;;;;;178.0;1.5;0.0
2022/08/02;1000 UTC;0.0;991.8;991.8;990.8;64.3;18.5;;18.5;17.6;;;;;;114.0;1.6;0.4
2022/08/02;1100 UTC;0.0;992.3;992.3;991.8;681.4;23.6;;23.6;18.5;;;;;;71.0;1.2;0.0
2022/08/02;1200 UTC;0.0;992.5;992.6;992.3;1487.8;27.4;;27.5;23.6;;;;;;86.0;3.1;1.1
2022/08/02;1300 UTC;0.0;992.3;992.5;992.3;2217.3;30.9;;31.1;27.4;;;;;;80.0;9.1;5.4
2022/08/02;1400 UTC;0.0;992.1;992.3;992.1;2734.6;32.5;;33.0;30.9;;;;;;87.0;9.1;3.9
2022/08/02;1500 UTC;0.0;991.3;992.1;991.2;3018.2;34.2;;34.7;32.3;;;;;;82.0;8.2;4.4
2022/08/02;1600 UTC;0.0;990.3;991.3;990.3;3138.0;34.8;;36.1;33.9;;;;;;114.0;8.8;5.5
2022/08/02;1700 UTC;0.0;989.1;990.3;989.1;2954.4;35.6;;36.2;34.7;;;;;;110.0;9.1;5.2
2022/08/02;1800 UTC;0.0;988.3;989.1;988.3;2593.2;35.6;;36.4;35.1;;;;;;111.0;9.8;5.7
2022/08/02;1900 UTC;0.0;988.0;988.4;988.0;1900.2;35.0;;36.3;35.0;;;;;;118.0;9.7;4.8
2022/08/02;2000 UTC;0.0;988.2;988.2;988.0;1117.8;34.6;;35.6;34.6;;;;;;108.0;8.2;3.4
2022/08/02;2100 UTC;0.0;988.4;988.4;988.2;115.5;31.3;;34.7;31.3;;;;;;124.0;6.0;1.2
2022/08/02;2200 UTC;0.0;988.7;988.7;988.4;0.4;27.4;;31.3;27.3;;;;;;133.0;2.3;0.0
2022/08/02;2300 UTC;0.0;989.1;989.1;988.7;;23.7;;27.4;23.7;;;;;;130.0;0.0;0.0
2022/08/03;0000 UTC;0.0;989.6;989.6;989.1;;22.6;;23.7;22.3;;;;;;147.0;0.7;0.1
2022/08/03;0100 UTC;0.0;990.3;990.3;989.6;;21.1;;22.6;21.1;;;;;;109.0;1.1;0.0
2022/08/03;0200 UTC;0.0;990.5;990.6;990.3;;19.9;;21.1;19.9;;;;;;143.0;0.0;0.0
2022/08/03;0300 UTC;0.0;990.4;990.6;990.4;;19.1;;19.9;19.1;;;;;;93.0;0.0;0.0
2022/08/03;0400 UTC;0.0;990.2;990.4;990.2;;18.4;;19.1;18.2;;;;;;242.0;0.7;0.0
2022/08/03;0500 UTC;0.0;989.7;990.2;989.7;;17.9;;18.5;17.9;;;;;;285.0;0.0;0.0
2022/08/03;0600 UTC;0.0;989.3;989.7;989.3;;17.3;;18.5;17.3;;;;;;142.0;0.0;0.0
2022/08/03;0700 UTC;0.0;989.4;989.8;989.3;;16.9;;17.3;16.7;;;;;;216.0;3.7;0.0
2022/08/03;0800 UTC;0.0;989.8;989.8;989.4;;15.7;;16.9;15.7;;;;;;244.0;0.6;0.0
2022/08/03;0900 UTC;0.0;990.6;990.6;989.7;;15.2;;16.1;15.0;;;;;;115.0;4.2;1.9
2022/08/03;1000 UTC;0.0;991.5;991.5;990.6;67.7;17.3;;17.3;15.1;;;;;;244.0;3.9;0.0
2022/08/03;1100 UTC;0.0;992.1;992.1;991.5;688.1;23.3;;23.3;17.3;;;;;;44.0;0.4;0.0
2022/08/03;1200 UTC;0.0;992.4;992.4;992.1;1517.1;28.7;;28.7;23.2;;;;;;91.0;4.5;2.1
2022/08/03;1300 UTC;0.0;992.5;992.6;992.4;2236.5;31.1;;31.3;28.6;;;;;;62.0;10.5;6.7
2022/08/03;1400 UTC;0.0;992.2;992.6;992.2;2778.7;32.7;;32.9;30.8;;;;;;67.0;11.7;6.3
2022/08/03;1500 UTC;0.0;991.4;992.2;991.4;3091.0;33.1;;33.7;32.2;;;;;;91.0;11.7;6.1
2022/08/03;1600 UTC;0.0;990.3;991.4;990.3;3125.7;34.6;;34.8;32.9;;;;;;58.0;11.1;2.9
2022/08/03;1700 UTC;0.0;989.1;990.3;989.1;2691.2;34.6;;35.4;33.5;;;;;;113.0;9.7;3.4
2022/08/03;1800 UTC;0.0;988.2;989.1;988.2;2314.6;34.5;;35.4;33.9;;;;;;66.0;8.8;2.0
2022/08/03;1900 UTC;0.0;987.8;988.2;987.7;1949.2;34.9;;35.7;34.5;;;;;;98.0;7.0;3.9
2022/08/03;2000 UTC;0.0;987.6;987.8;987.6;738.1;34.2;;34.9;33.6;;;;;;116.0;6.6;1.3
2022/08/03;2100 UTC;0.0;987.8;987.8;987.6;224.9;32.5;;34.3;32.5;;;;;;70.0;2.8;0.0
2022/08/03;2200 UTC;0.0;988.4;988.4;987.8;6.3;28.5;;32.4;28.5;;;;;;146.0;1.8;1.1
2022/08/03;2300 UTC;0.0;989.0;989.0;988.4;;26.6;;28.5;26.6;;;;;;107.0;1.4;0.0
2022/08/04;0000 UTC;0.0;989.8;989.8;989.0;;24.8;;26.6;24.7;;;;;;146.0;0.0;0.0
2022/08/04;0100 UTC;0.0;990.4;990.4;989.8;;23.8;;24.8;23.8;;;;;;132.0;0.0;0.0
2022/08/04;0200 UTC;0.0;990.3;990.5;990.2;;23.2;;23.8;23.2;;;;;;55.0;0.0;0.0
2022/08/04;0300 UTC;0.0;990.1;990.3;990.1;;22.1;;23.2;22.1;;;;;;249.0;0.0;0.0
2022/08/04;0400 UTC;0.0;989.7;990.2;989.7;;21.3;;22.1;21.3;;;;;;103.0;0.0;0.0
2022/08/04;0500 UTC;0.0;989.4;989.7;989.4;;20.7;;21.3;20.6;;;;;;125.0;1.2;0.0
2022/08/04;0600 UTC;0.0;989.3;989.4;989.1;;19.6;;20.8;19.6;;;;;;113.0;0.0;0.0
2022/08/04;0700 UTC;0.0;989.4;989.4;989.2;;18.9;;19.6;18.9;;;;;;120.0;0.0;0.0
2022/08/04;0800 UTC;0.0;989.7;989.7;989.2;;18.6;;18.9;18.6;;;;;;119.0;0.5;0.0
2022/08/04;0900 UTC;0.0;990.4;990.4;989.7;;18.4;;18.6;18.4;;;;;;120.0;1.0;0.4
2022/08/04;1000 UTC;0.0;991.2;991.2;990.4;51.6;18.9;;19.0;18.3;;;;;;128.0;1.0;0.0
2022/08/04;1100 UTC;0.0;992.0;992.0;991.2;579.5;23.2;;23.2;18.9;;;;;;120.0;0.8;0.0
2022/08/04;1200 UTC;0.0;992.6;992.6;992.0;1535.5;28.7;;28.8;23.2;;;;;;59.0;7.0;3.3
2022/08/04;1300 UTC;0.0;992.7;992.7;992.5;2198.9;30.9;;30.9;28.5;;;;;;54.0;6.2;2.5
2022/08/04;1400 UTC;0.0;992.3;992.7;992.3;2211.0;31.7;;32.5;29.7;;;;;;62.0;7.7;4.1
2022/08/04;1500 UTC;0.0;991.4;992.3;991.4;1574.2;31.4;;32.5;31.1;;;;;;51.0;8.4;3.6
2022/08/04;1600 UTC;0.0;990.5;991.5;990.5;1784.6;32.9;;34.0;31.4;;;;;;56.0;8.4;2.8
2022/08/04;1700 UTC;0.0;989.4;990.5;989.4;1774.5;34.0;;34.3;32.2;;;;;;43.0;7.3;2.0
2022/08/04;1800 UTC;0.0;988.3;989.4;988.3;2524.8;34.5;;35.4;33.8;;;;;;100.0;7.2;2.3
2022/08/04;1900 UTC;0.0;987.9;988.3;987.9;1811.6;34.5;;35.3;34.1;;;;;;74.0;6.7;2.5
2022/08/04;2000 UTC;0.0;987.9;987.9;987.8;1088.4;34.0;;34.7;34.0;;;;;;90.0;5.3;1.8
2022/08/04;2100 UTC;0.0;988.1;988.2;987.9;120.8;32.2;;34.2;32.2;;;;;;95.0;3.0;0.9
2022/08/04;2200 UTC;0.0;988.6;988.6;988.1;2.0;28.3;;32.2;28.3;;;;;;121.0;1.5;0.2
2022/08/04;2300 UTC;0.0;989.1;989.1;988.6;;25.3;;28.3;25.3;;;;;;146.0;1.5;0.0
2022/08/05;0000 UTC;0.0;989.9;989.9;989.1;;24.3;;25.5;24.3;;;;;;140.0;1.3;0.1
2022/08/05;0100 UTC;0.0;990.4;990.4;989.9;;23.6;;24.3;23.5;;;;;;138.0;0.7;0.0
2022/08/05;0200 UTC;0.0;990.5;990.5;990.4;;22.7;;23.6;22.5;;;;;;230.0;0.0;0.0
2022/08/05;0300 UTC;0.0;990.5;990.5;990.4;;21.7;;22.8;21.7;;;;;;117.0;0.0;0.0
2022/08/05;0400 UTC;0.0;990.1;990.5;990.1;;20.9;;21.7;20.9;;;;;;124.0;1.0;0.3
2022/08/05;0500 UTC;0.0;989.9;990.1;989.8;;20.7;;20.9;20.6;;;;;;134.0;1.0;0.0
2022/08/05;0600 UTC;0.0;989.9;990.0;989.9;;21.0;;21.3;20.7;;;;;;118.0;0.8;0.1
2022/08/05;0700 UTC;0.0;989.8;989.9;989.7;;20.8;;21.0;20.7;;;;;;169.0;0.8;0.0
2022/08/05;0800 UTC;0.0;990.1;990.1;989.8;;20.3;;20.8;20.1;;;;;;147.0;0.0;0.0
2022/08/05;0900 UTC;0.0;990.8;990.8;990.1;;19.4;;20.3;19.4;;;;;;127.0;1.2;0.5
2022/08/05;1000 UTC;0.0;991.3;991.3;990.8;68.9;20.7;;20.7;19.3;;;;;;124.0;1.2;0.0
2022/08/05;1100 UTC;0.0;991.9;991.9;991.3;668.0;24.8;;24.8;20.7;;;;;;288.0;0.5;0.0
2022/08/05;1200 UTC;0.0;992.5;992.5;991.9;1496.1;27.8;;27.9;24.8;;;;;;6.0;2.7;0.3
2022/08/05;1300 UTC;0.0;992.4;992.6;992.3;2186.0;30.8;;30.8;27.7;;;;;;71.0;6.9;3.7
2022/08/05;1400 UTC;0.0;991.9;992.4;991.9;2487.4;31.9;;32.4;30.4;;;;;;73.0;6.7;2.6
2022/08/05;1500 UTC;0.0;990.8;991.9;990.8;2354.8;32.8;;34.2;32.0;;;;;;87.0;7.3;3.4
2022/08/05;1600 UTC;0.0;989.8;990.8;989.8;2419.6;33.8;;35.1;32.8;;;;;;68.0;8.8;2.5
2022/08/05;1700 UTC;0.0;988.7;989.8;988.7;1309.7;33.3;;34.3;33.3;;;;;;53.0;4.8;1.8
2022/08/05;1800 UTC;0.0;987.8;988.8;987.8;1761.8;34.0;;36.3;32.8;;;;;;17.0;4.0;1.1
2022/08/05;1900 UTC;0.0;987.5;987.9;987.5;879.7;34.1;;34.1;33.5;;;;;;31.0;6.5;2.5
2022/08/05;2000 UTC;0.0;987.6;987.6;987.4;637.4;33.0;;34.2;33.0;;;;;;16.0;4.8;1.5
2022/08/05;2100 UTC;0.0;987.9;987.9;987.5;161.0;31.2;;33.0;31.2;;;;;;70.0;3.4;1.5
2022/08/05;2200 UTC;0.0;988.3;988.3;987.9;0.9;28.9;;31.2;28.8;;;;;;84.0;3.4;0.0
2022/08/05;2300 UTC;0.0;989.0;989.0;988.3;;29.4;;29.4;28.4;;;;;;60.0;4.2;2.3
2022/08/06;0000 UTC;0.0;989.5;989.5;989.0;;28.9;;29.5;28.9;;;;;;81.0;4.2;1.6
2022/08/06;0100 UTC;0.0;990.0;990.0;989.5;;28.4;;28.9;28.3;;;;;;106.0;3.4;0.6
2022/08/06;0200 UTC;0.0;990.3;990.3;990.0;;27.4;;28.4;27.4;;;;;;115.0;2.1;0.4
2022/08/06;0300 UTC;0.0;990.1;990.4;990.1;;26.6;;27.4;26.6;;;;;;122.0;1.3;0.0
2022/08/06;0400 UTC;0.0;989.7;990.1;989.7;;25.5;;26.6;25.5;;;;;;131.0;0.0;0.0
2022/08/06;0500 UTC;0.0;989.4;989.7;989.4;;25.3;;25.5;25.1;;;;;;293.0;0.0;0.0
2022/08/06;0600 UTC;0.0;989.3;989.5;989.2;;24.7;;25.3;24.6;;;;;;146.0;0.3;0.0
2022/08/06;0700 UTC;0.0;989.3;989.3;989.2;;24.1;;24.7;24.1;;;;;;121.0;0.0;0.0
2022/08/06;0800 UTC;0.0;989.5;989.5;989.3;;23.7;;24.1;23.6;;;;;;105.0;0.0;0.0
2022/08/06;0900 UTC;0.0;990.0;990.0;989.5;;23.5;;23.8;23.5;;;;;;151.0;0.0;0.0
2022/08/06;1000 UTC;0.0;990.6;990.6;990.0;84.3;24.5;;24.5;23.3;;;;;;178.0;0.0;0.0
2022/08/06;1100 UTC;0.0;991.7;991.7;990.6;716.6;27.4;;27.4;24.5;;;;;;83.0;2.8;1.5
2022/08/06;1200 UTC;0.0;991.9;992.0;991.7;1566.8;29.6;;29.9;27.3;;;;;;65.0;8.1;4.5
2022/08/06;1300 UTC;0.0;991.8;991.9;991.7;2231.2;31.6;;31.8;29.6;;;;;;50.0;8.1;4.5
2022/08/06;1400 UTC;0.0;991.5;991.8;991.5;2616.1;32.7;;32.8;31.4;;;;;;50.0;9.9;4.7
2022/08/06;1500 UTC;0.0;990.7;991.5;990.7;2757.7;33.3;;33.8;31.7;;;;;;81.0;9.1;4.0
2022/08/06;1600 UTC;0.0;989.6;990.7;989.6;2849.1;34.9;;35.1;33.1;;;;;;95.0;8.9;4.0
2022/08/06;1700 UTC;0.0;988.4;989.6;988.4;2587.4;35.0;;35.6;34.1;;;;;;100.0;9.3;2.7
2022/08/06;1800 UTC;0.0;987.2;988.4;987.2;2313.0;35.3;;36.4;34.3;;;;;;95.0;6.8;3.3
2022/08/06;1900 UTC;0.0;986.8;987.2;986.8;1911.2;35.5;;36.5;35.0;;;;;;108.0;9.5;2.6
2022/08/06;2000 UTC;0.0;986.6;986.8;986.5;1163.7;35.5;;36.1;35.3;;;;;;93.0;6.3;2.4
2022/08/06;2100 UTC;0.0;987.0;987.0;986.6;117.0;33.6;;35.7;33.6;;;;;;87.0;5.9;0.2
2022/08/06;2200 UTC;0.0;987.7;987.7;987.0;1.8;29.6;;33.6;29.6;;;;;;125.0;2.5;0.0
2022/08/06;2300 UTC;0.0;988.6;988.6;987.7;;27.8;;29.9;27.8;;;;;;355.0;2.6;0.0
2022/08/07;0000 UTC;0.0;989.4;989.4;988.6;;26.4;;28.1;26.4;;;;;;38.0;0.6;0.0
2022/08/07;0100 UTC;0.0;990.0;990.0;989.4;;26.3;;26.6;26.2;;;;;;132.0;0.0;0.0
2022/08/07;0200 UTC;0.0;990.1;990.2;990.0;;24.2;;26.3;24.2;;;;;;68.0;0.0;0.0
2022/08/07;0300 UTC;0.0;990.4;990.5;990.1;;22.5;;24.2;22.5;;;;;;157.0;0.7;0.0
2022/08/07;0400 UTC;0.0;989.8;990.4;989.8;;21.7;;22.5;21.7;;;;;;110.0;0.0;0.0
2022/08/07;0500 UTC;0.0;989.3;989.8;989.3;;20.7;;21.7;20.7;;;;;;130.0;0.0;0.0
2022/08/07;0600 UTC;0.0;989.3;989.4;989.2;;20.0;;20.7;20.0;;;;;;140.0;0.8;0.0
2022/08/07;0700 UTC;0.0;989.5;989.5;989.3;;19.3;;20.0;19.3;;;;;;106.0;0.7;0.0
2022/08/07;0800 UTC;0.0;989.9;989.9;989.5;;19.1;;19.3;19.0;;;;;;186.0;1.5;0.0
2022/08/07;0900 UTC;0.0;990.5;990.5;989.9;;18.6;;19.1;18.5;;;;;;153.0;1.0;0.0
2022/08/07;1000 UTC;0.0;991.1;991.1;990.5;77.4;19.9;;19.9;18.4;;;;;;111.0;0.3;0.0
2022/08/07;1100 UTC;0.0;992.5;992.5;991.1;706.3;23.5;;23.5;19.9;;;;;;99.0;3.5;2.5
2022/08/07;1200 UTC;0.0;993.2;993.2;992.5;1509.8;29.1;;29.2;23.5;;;;;;65.0;8.7;4.9
2022/08/07;1300 UTC;0.0;993.1;993.3;993.0;2234.0;30.8;;31.1;28.9;;;;;;36.0;8.3;3.0
2022/08/07;1400 UTC;0.0;992.5;993.1;992.5;2795.6;31.8;;32.4;30.0;;;;;;41.0;8.4;4.2
2022/08/07;1500 UTC;0.0;991.7;992.5;991.6;2786.7;32.9;;32.9;31.2;;;;;;75.0;8.7;3.6
2022/08/07;1600 UTC;0.0;990.4;991.7;990.4;2804.3;32.3;;33.8;32.3;;;;;;96.0;8.5;2.0
2022/08/07;1700 UTC;0.0;989.3;990.4;989.3;2748.3;34.2;;35.0;32.3;;;;;;65.0;5.8;1.7
2022/08/07;1800 UTC;0.0;988.4;989.3;988.4;2395.6;35.4;;35.6;33.8;;;;;;87.0;5.9;1.6
2022/08/07;1900 UTC;0.0;987.9;988.4;987.9;1955.6;35.3;;35.8;34.6;;;;;;72.0;5.3;2.6
2022/08/07;2000 UTC;0.0;988.0;988.0;987.9;1110.1;35.0;;35.9;35.0;;;;;;96.0;5.3;0.9
2022/08/07;2100 UTC;0.0;988.4;988.4;988.0;109.1;33.0;;35.2;33.0;;;;;;134.0;3.5;0.8
2022/08/07;2200 UTC;0.0;988.9;988.9;988.4;0.7;28.2;;33.0;28.2;;;;;;82.0;1.6;0.0
2022/08/07;2300 UTC;0.0;989.7;989.7;988.9;;24.6;;28.2;24.6;;;;;;100.0;0.0;0.0
2022/08/08;0000 UTC;0.0;990.5;990.5;989.7;;23.4;;24.6;23.4;;;;;;195.0;0.0;0.0
2022/08/08;0100 UTC;0.0;990.7;990.8;990.5;;22.2;;23.4;22.2;;;;;;264.0;1.3;0.6
2022/08/08;0200 UTC;0.0;990.8;990.9;990.7;;21.3;;22.5;21.1;;;;;;249.0;1.4;0.6
2022/08/08;0300 UTC;0.0;990.4;990.9;990.4;;19.8;;21.5;19.8;;;;;;116.0;2.0;1.0
2022/08/08;0400 UTC;0.0;990.0;990.4;990.0;;19.2;;19.8;19.2;;;;;;130.0;1.7;0.4
2022/08/08;0500 UTC;0.0;989.8;990.0;989.8;;18.6;;19.4;18.6;;;;;;135.0;1.2;0.0
2022/08/08;0600 UTC;0.0;989.3;989.8;989.3;;18.3;;18.6;18.1;;;;;;217.0;1.9;0.8
2022/08/08;0700 UTC;0.0;989.5;989.6;989.3;;18.2;;18.6;17.8;;;;;;185.0;2.0;0.0
2022/08/08;0800 UTC;0.0;990.3;990.7;989.5;;18.4;;18.5;17.4;;;;;;146.0;6.7;1.2
2022/08/08;0900 UTC;0.0;991.0;991.0;990.2;;17.6;;18.5;17.6;;;;;;116.0;3.4;0.1
2022/08/08;1000 UTC;0.0;991.7;991.7;991.0;85.5;18.9;;18.9;17.6;;;;;;217.0;1.6;0.0
2022/08/08;1100 UTC;0.0;992.3;992.4;991.7;706.6;24.6;;24.6;18.9;;;;;;57.0;0.3;0.0
2022/08/08;1200 UTC;0.0;992.9;992.9;992.3;1531.1;28.9;;29.0;24.3;;;;;;55.0;1.4;0.2
2022/08/08;1300 UTC;0.0;992.9;993.0;992.8;2262.4;31.9;;31.9;28.8;;;;;;70.0;4.1;1.7
2022/08/08;1400 UTC;0.0;992.1;992.9;992.1;2795.5;33.4;;34.0;32.0;;;;;;83.0;8.4;4.9
2022/08/08;1500 UTC;0.0;991.0;992.1;991.0;3119.8;35.5;;35.8;33.1;;;;;;69.0;9.0;4.4
2022/08/08;1600 UTC;0.0;989.9;991.1;989.9;3201.4;35.9;;36.5;34.8;;;;;;124.0;9.5;2.5
2022/08/08;1700 UTC;0.0;988.7;989.9;988.7;3013.1;36.7;;37.0;35.5;;;;;;81.0;8.0;3.4
2022/08/08;1800 UTC;0.0;987.7;988.7;987.6;2602.0;37.5;;37.5;36.2;;;;;;112.0;6.7;3.0
2022/08/08;1900 UTC;0.0;987.5;987.7;987.4;1998.2;36.7;;37.5;36.5;;;;;;85.0;7.1;2.1
2022/08/08;2000 UTC;0.0;987.6;987.6;987.4;1160.1;36.3;;37.0;36.0;;;;;;116.0;5.7;3.4
2022/08/08;2100 UTC;0.0;988.0;988.0;987.6;156.5;33.2;;36.3;33.2;;;;;;103.0;4.8;1.0
2022/08/08;2200 UTC;0.0;988.7;988.7;988.0;0.5;27.8;;33.2;27.8;;;;;;108.0;2.5;1.1
2022/08/08;2300 UTC;0.0;989.4;989.4;988.7;;26.3;;27.8;26.3;;;;;;130.0;2.4;1.8
2022/08/09;0000 UTC;0.0;990.2;990.2;989.4;;24.9;;26.3;24.9;;;;;;134.0;2.4;1.5
2022/08/09;0100 UTC;0.0;990.6;990.6;990.2;;22.2;;24.9;22.2;;;;;;187.0;2.3;0.0
2022/08/09;0200 UTC;0.0;990.8;990.8;990.6;;21.3;;22.8;21.3;;;;;;117.0;0.5;0.0
2022/08/09;0300 UTC;0.0;990.6;990.8;990.5;;21.2;;21.3;20.8;;;;;;240.0;0.5;0.0
2022/08/09;0400 UTC;0.0;990.3;990.8;990.3;;21.4;;21.4;20.0;;;;;;234.0;1.8;0.0
2022/08/09;0500 UTC;0.0;989.8;990.3;989.8;;20.7;;21.5;20.5;;;;;;73.0;1.9;0.1
2022/08/09;0600 UTC;0.0;989.9;989.9;989.7;;20.8;;20.9;20.6;;;;;;243.0;1.1;0.0
2022/08/09;0700 UTC;0.0;990.2;990.3;989.9;;20.3;;20.8;20.0;;;;;;267.0;2.8;0.0
2022/08/09;0800 UTC;0.0;990.7;990.7;990.2;;19.0;;20.4;18.8;;;;;;138.0;1.8;0.1
2022/08/09;0900 UTC;0.0;991.8;991.9;990.7;;18.2;;19.0;17.9;;;;;;121.0;4.2;0.2
2022/08/09;1000 UTC;0.0;992.8;992.9;991.8;90.4;19.4;;19.4;18.0;;;;;;94.0;3.5;0.1
2022/08/09;1100 UTC;0.0;993.4;993.5;992.8;729.6;24.6;;24.6;19.4;;;;;;96.0;2.8;0.0
2022/08/09;1200 UTC;0.0;994.1;994.1;993.4;1550.1;28.9;;29.2;24.4;;;;;;89.0;3.1;1.6
2022/08/09;1300 UTC;0.0;994.0;994.1;993.9;2261.2;31.9;;31.9;28.8;;;;;;60.0;7.7;4.3
2022/08/09;1400 UTC;0.0;993.5;994.0;993.5;2801.8;33.3;;34.2;31.5;;;;;;55.0;11.5;5.1
2022/08/09;1500 UTC;0.0;992.6;993.5;992.6;3089.2;35.6;;35.9;33.1;;;;;;70.0;10.6;3.3
2022/08/09;1600 UTC;0.0;991.4;992.6;991.4;3038.3;35.9;;36.5;35.0;;;;;;56.0;8.7;3.1
2022/08/09;1700 UTC;0.0;990.4;991.4;990.3;2868.5;36.3;;37.2;35.3;;;;;;100.0;8.1;4.6
2022/08/09;1800 UTC;0.0;989.5;990.4;989.5;2618.3;36.5;;37.5;35.1;;;;;;103.0;8.4;5.0
2022/08/09;1900 UTC;0.0;989.2;989.5;989.2;1903.8;36.7;;36.8;35.7;;;;;;81.0;8.1;2.4
2022/08/09;2000 UTC;0.0;989.3;989.4;989.2;1205.4;35.6;;36.7;35.4;;;;;;99.0;6.6;2.3
2022/08/09;2100 UTC;0.0;989.8;989.8;989.3;146.3;33.1;;35.6;33.1;;;;;;81.0;4.0;0.2
2022/08/09;2200 UTC;0.0;990.6;990.7;989.8;1.4;28.0;;33.1;28.0;;;;;;142.0;1.2;0.7
2022/08/09;2300 UTC;0.0;991.2;991.2;990.6;;25.5;;27.9;25.5;;;;;;111.0;2.1;0.3
2022/08/10;0000 UTC;0.0;991.8;991.8;991.2;;23.9;;25.5;23.9;;;;;;138.0;1.7;0.0
2022/08/10;0100 UTC;0.0;992.5;992.5;991.8;;23.2;;24.1;23.2;;;;;;115.0;0.0;0.0
2022/08/10;0200 UTC;0.0;992.8;992.9;992.4;;21.9;;23.1;21.9;;;;;;119.0;0.0;0.0
2022/08/10;0300 UTC;0.0;992.5;992.9;992.5;;21.0;;21.9;21.0;;;;;;132.0;0.8;0.0
2022/08/10;0400 UTC;0.0;992.1;992.5;992.1;;19.8;;21.0;19.8;;;;;;117.0;3.3;0.5
2022/08/10;0500 UTC;0.0;991.7;992.2;991.7;;19.9;;19.9;19.4;;;;;;213.0;5.6;1.4
2022/08/10;0600 UTC;0.0;991.5;991.7;991.5;;19.1;;20.1;19.0;;;;;;142.0;3.2;0.2
2022/08/10;0700 UTC;0.0;991.6;991.7;991.4;;19.1;;19.3;18.7;;;;;;60.0;2.1;0.1
2022/08/10;0800 UTC;0.0;991.8;991.9;991.6;;18.2;;19.2;18.2;;;;;;123.0;2.4;0.9
2022/08/10;0900 UTC;0.0;992.4;992.4;991.8;;18.0;;18.3;17.9;;;;;;125.0;2.7;0.0
2022/08/10;1000 UTC;0.0;992.9;992.9;992.4;88.9;19.0;;19.0;17.5;;;;;;283.0;1.9;0.0
2022/08/10;1100 UTC;0.0;994.1;994.1;992.9;731.5;23.0;;23.0;19.0;;;;;;120.0;4.6;2.4
2022/08/10;1200 UTC;0.0;994.3;994.4;994.1;1551.0;28.4;;28.4;23.0;;;;;;72.0;3.8;0.0
2022/08/10;1300 UTC;0.0;994.3;994.5;994.3;2266.2;30.8;;31.0;28.4;;;;;;232.0;2.8;0.4
2022/08/10;1400 UTC;0.0;993.9;994.3;993.9;2776.2;32.4;;33.2;30.7;;;;;;189.0;3.2;0.3
2022/08/10;1500 UTC;0.0;992.8;993.9;992.8;3077.2;34.5;;34.5;32.4;;;;;;95.0;4.4;0.7
2022/08/10;1600 UTC;0.0;991.7;992.8;991.7;3156.4;35.8;;35.8;33.7;;;;;;121.0;4.8;0.8
2022/08/10;1700 UTC;0.0;990.4;991.7;990.4;3090.4;36.3;;36.7;35.3;;;;;;87.0;5.6;2.2
2022/08/10;1800 UTC;0.0;989.7;990.4;989.7;2511.9;36.2;;37.0;35.6;;;;;;109.0;10.4;1.2
2022/08/10;1900 UTC;0.0;989.4;989.7;989.4;1955.5;36.7;;37.1;35.8;;;;;;42.0;5.6;2.2
2022/08/10;2000 UTC;0.0;989.2;989.4;989.1;1144.5;36.0;;36.8;35.8;;;;;;356.0;4.2;2.0
2022/08/10;2100 UTC;0.0;989.4;989.4;989.2;112.7;33.6;;36.1;33.6;;;;;;106.0;3.8;0.0
2022/08/10;2200 UTC;0.0;990.2;990.2;989.4;;28.7;;33.6;28.7;;;;;;248.0;1.3;0.0
2022/08/10;2300 UTC;0.0;990.6;990.6;990.2;;25.1;;28.7;25.1;;;;;;99.0;1.7;0.0
2022/08/11;0000 UTC;0.0;991.4;991.4;990.6;;24.1;;25.1;23.9;;;;;;127.0;2.3;1.6
2022/08/11;0100 UTC;0.0;992.0;992.0;991.4;;23.9;;24.5;23.7;;;;;;164.0;2.5;0.0
2022/08/11;0200 UTC;0.0;992.4;992.4;992.0;;22.5;;23.9;22.3;;;;;;81.0;2.4;0.0
2022/08/11;0300 UTC;0.0;992.2;992.4;992.1;;20.8;;22.5;20.6;;;;;;133.0;2.2;0.3
2022/08/11;0400 UTC;0.0;991.6;992.3;991.6;;20.2;;20.8;20.2;;;;;;301.0;2.2;0.0
2022/08/11;0500 UTC;0.0;991.0;991.6;991.0;;19.4;;20.2;19.2;;;;;;267.0;0.0;0.0
2022/08/11;0600 UTC;0.0;990.7;991.0;990.7;;18.3;;19.4;18.1;;;;;;130.0;3.2;0.1
2022/08/11;0700 UTC;0.0;990.6;990.7;990.5;;17.6;;18.3;17.6;;;;;;118.0;1.6;1.2
2022/08/11;0800 UTC;0.0;991.0;991.0;990.6;;17.5;;18.0;17.2;;;;;;78.0;2.1;0.0
2022/08/11;0900 UTC;0.0;991.6;991.6;991.0;;17.0;;17.5;16.6;;;;;;123.0;0.9;0.0
2022/08/11;1000 UTC;0.0;992.1;992.1;991.6;82.0;17.4;;17.4;16.9;;;;;;127.0;1.8;0.8
2022/08/11;1100 UTC;0.0;993.0;993.0;992.1;691.2;23.0;;23.0;17.4;;;;;;193.0;1.8;0.0
2022/08/11;1200 UTC;0.0;993.0;993.2;992.9;1505.8;27.9;;27.9;23.0;;;;;;329.0;4.5;1.3
2022/08/11;1300 UTC;0.0;993.1;993.1;992.9;2233.9;30.5;;30.5;27.7;;;;;;332.0;4.8;0.6
2022/08/11;1400 UTC;0.0;992.7;993.1;992.7;2755.3;32.9;;33.1;30.2;;;;;;296.0;3.5;0.7
2022/08/11;1500 UTC;0.0;991.7;992.7;991.7;3039.2;34.0;;34.7;32.6;;;;;;292.0;5.0;1.8
2022/08/11;1600 UTC;0.0;990.7;991.8;990.7;3120.1;36.3;;36.3;33.2;;;;;;347.0;4.9;0.5
2022/08/11;1700 UTC;0.0;989.7;990.7;989.7;2302.1;36.8;;36.8;34.8;;;;;;128.0;3.2;0.7
2022/08/11;1800 UTC;0.0;989.0;989.7;989.0;2723.6;36.1;;37.3;35.6;;;;;;59.0;5.6;1.3
2022/08/11;1900 UTC;0.0;988.5;989.0;988.5;1976.6;36.5;;37.2;36.0;;;;;;44.0;4.4;0.5
2022/08/11;2000 UTC;0.0;988.7;988.7;988.5;1148.9;35.7;;36.6;35.6;;;;;;86.0;2.9;0.3
2022/08/11;2100 UTC;0.0;989.3;989.3;988.7;122.7;33.5;;35.7;33.5;;;;;;27.0;1.6;0.0
2022/08/11;2200 UTC;0.0;989.8;989.8;989.3;;27.9;;33.5;27.9;;;;;;350.0;0.9;0.0
2022/08/11;2300 UTC;0.0;990.7;990.7;989.8;;25.9;;27.9;25.7;;;;;;137.0;2.4;0.1
2022/08/12;0000 UTC;0.0;991.4;991.4;990.7;;24.9;;26.1;24.9;;;;;;182.0;0.9;0.0
2022/08/12;0100 UTC;0.0;991.8;991.9;991.4;;22.8;;24.9;22.8;;;;;;147.0;1.4;0.6
2022/08/12;0200 UTC;0.0;992.3;992.3;991.8;;23.3;;23.3;22.8;;;;;;103.0;1.4;0.1
2022/08/12;0300 UTC;0.0;992.4;992.6;992.3;;23.2;;23.5;23.2;;;;;;358.0;1.1;0.0
2022/08/12;0400 UTC;0.0;992.5;992.6;992.4;;23.8;;23.9;23.0;;;;;;166.0;1.4;0.0
2022/08/12;0500 UTC;0.0;992.2;992.5;992.2;;23.1;;24.0;23.1;;;;;;205.0;0.7;0.0
2022/08/12;0600 UTC;0.0;992.2;992.3;992.1;;21.3;;23.1;21.3;;;;;;95.0;0.8;0.0
2022/08/12;0700 UTC;0.0;992.3;992.3;992.1;;21.0;;21.8;21.0;;;;;;314.0;0.0;0.0
2022/08/12;0800 UTC;0.0;992.4;992.4;992.1;;19.8;;21.2;19.8;;;;;;132.0;1.4;0.3
2022/08/12;0900 UTC;0.0;992.9;992.9;992.4;;19.4;;20.0;19.4;;;;;;125.0;1.4;0.7
2022/08/12;1000 UTC;0.0;993.4;993.4;992.9;102.7;20.3;;20.3;19.3;;;;;;119.0;1.7;0.5
2022/08/12;1100 UTC;0.0;994.0;994.0;993.4;686.4;25.0;;25.0;20.3;;;;;;101.0;1.5;0.0
2022/08/12;1200 UTC;0.0;994.6;994.6;994.0;1484.4;28.8;;28.9;25.0;;;;;;347.0;3.9;1.8
2022/08/12;1300 UTC;0.0;994.4;994.7;994.4;2202.3;30.9;;31.1;28.7;;;;;;9.0;5.8;2.5
2022/08/12;1400 UTC;0.0;993.7;994.4;993.7;2723.7;33.4;;33.4;30.8;;;;;;322.0;6.5;0.8
2022/08/12;1500 UTC;0.0;992.9;993.7;992.9;2965.6;34.1;;35.2;32.9;;;;;;348.0;5.1;2.0
2022/08/12;1600 UTC;0.0;991.8;992.9;991.8;3098.5;35.2;;36.5;33.9;;;;;;24.0;5.5;2.5
2022/08/12;1700 UTC;0.0;990.9;991.9;990.9;2617.4;35.3;;36.9;34.4;;;;;;351.0;6.0;1.0
2022/08/12;1800 UTC;0.0;989.9;990.9;989.9;2346.6;35.0;;36.7;35.0;;;;;;115.0;6.7;1.4
2022/08/12;1900 UTC;0.0;989.5;990.0;989.5;1914.6;36.0;;36.4;34.9;;;;;;350.0;4.4;0.6
2022/08/12;2000 UTC;0.0;989.6;989.7;989.4;972.0;34.9;;36.3;34.9;;;;;;42.0;5.4;1.1
2022/08/12;2100 UTC;0.0;990.1;990.1;989.6;230.0;32.0;;35.0;32.0;;;;;;27.0;8.0;3.3
2022/08/12;2200 UTC;0.0;990.6;990.6;990.1;2.0;29.8;;32.0;29.8;;;;;;8.0;7.2;0.4
2022/08/12;2300 UTC;0.0;991.2;991.2;990.5;;28.9;;29.8;28.9;;;;;;350.0;3.3;1.7
2022/08/13;0000 UTC;0.0;992.0;992.0;991.2;;28.2;;28.9;28.2;;;;;;346.0;2.8;0.7
2022/08/13;0100 UTC;0.0;992.5;992.5;992.0;;26.7;;28.2;26.6;;;;;;177.0;1.9;0.0
2022/08/13;0200 UTC;0.0;992.8;992.9;992.5;;25.2;;26.7;25.2;;;;;;242.0;0.0;0.0
2022/08/13;0300 UTC;0.0;992.7;993.0;992.7;;24.2;;25.3;24.2;;;;;;125.0;1.2;0.3
2022/08/13;0400 UTC;0.0;992.4;992.8;992.4;;23.9;;24.2;23.8;;;;;;113.0;1.5;0.0
2022/08/13;0500 UTC;0.0;992.0;992.4;992.0;;23.2;;23.9;23.2;;;;;;133.0;0.0;0.0
2022/08/13;0600 UTC;0.0;991.8;992.0;991.7;;23.3;;23.3;22.9;;;;;;178.0;0.0;0.0
2022/08/13;0700 UTC;0.0;991.6;991.9;991.6;;22.0;;23.3;22.0;;;;;;131.0;0.0;0.0
2022/08/13;0800 UTC;0.0;991.8;991.8;991.6;;21.6;;22.0;21.5;;;;;;134.0;0.0;0.0
2022/08/13;0900 UTC;0.0;992.3;992.3;991.8;;20.9;;21.6;20.9;;;;;;104.0;1.5;0.6
2022/08/13;1000 UTC;0.0;993.8;994.0;992.3;65.2;22.1;;22.1;20.9;;;;;;90.0;4.6;2.6
2022/08/13;1100 UTC;0.0;995.2;995.3;993.8;526.6;26.2;;26.2;22.1;;;;;;72.0;8.2;5.0
2022/08/13;1200 UTC;0.0;995.9;995.9;995.2;653.9;26.7;;26.7;25.8;;;;;;78.0;8.9;3.5
2022/08/13;1300 UTC;0.0;995.5;996.0;995.5;2062.0;29.8;;30.0;26.6;;;;;;39.0;9.9;3.3
2022/08/13;1400 UTC;0.0;994.9;995.6;994.9;2318.7;31.6;;32.0;29.7;;;;;;53.0;9.2;2.8
2022/08/13;1500 UTC;0.0;994.1;994.9;994.1;1381.8;31.6;;32.1;30.8;;;;;;66.0;7.1;2.8
2022/08/13;1600 UTC;0.0;993.3;994.1;993.3;2559.9;33.4;;33.5;31.4;;;;;;60.0;11.6;4.7
2022/08/13;1700 UTC;0.0;992.0;993.3;992.0;2400.5;33.1;;34.0;32.4;;;;;;76.0;8.9;3.8
2022/08/13;1800 UTC;0.0;990.9;992.0;990.9;2214.8;34.1;;34.5;32.9;;;;;;83.0;8.6;4.6
2022/08/13;1900 UTC;0.0;990.6;991.0;990.5;1907.1;34.6;;34.6;33.6;;;;;;77.0;8.4;2.9
2022/08/13;2000 UTC;0.0;990.8;990.8;990.5;1132.1;34.0;;34.6;33.6;;;;;;74.0;6.7;2.8
2022/08/13;2100 UTC;0.0;991.3;991.3;990.8;166.9;32.1;;34.0;32.1;;;;;;13.0;5.1;0.8
2022/08/13;2200 UTC;0.0;991.7;991.7;991.3;;29.2;;32.1;29.2;;;;;;96.0;2.0;0.0
2022/08/13;2300 UTC;0.0;992.1;992.1;991.7;;26.8;;29.2;26.7;;;;;;148.0;2.2;1.2
2022/08/14;0000 UTC;0.0;993.1;993.1;992.1;;25.6;;27.0;25.6;;;;;;72.0;2.6;0.0
2022/08/14;0100 UTC;0.0;993.8;993.8;993.1;;25.6;;25.8;25.2;;;;;;345.0;1.4;0.1
2022/08/14;0200 UTC;0.0;993.6;994.0;993.6;;24.2;;25.6;24.2;;;;;;304.0;1.5;0.0
2022/08/14;0300 UTC;0.0;993.6;993.9;993.6;;22.3;;24.3;22.3;;;;;;178.0;1.4;0.0
2022/08/14;0400 UTC;0.0;992.9;993.6;992.9;;21.0;;22.4;21.0;;;;;;132.0;0.8;0.0
2022/08/14;0500 UTC;0.0;992.4;992.9;992.4;;20.4;;21.1;20.4;;;;;;129.0;1.6;0.0
2022/08/14;0600 UTC;0.0;992.3;992.5;992.1;;20.4;;20.5;20.0;;;;;;136.0;2.8;1.3
2022/08/14;0700 UTC;0.0;992.6;992.6;992.1;;20.2;;20.5;20.2;;;;;;123.0;2.9;0.8
2022/08/14;0800 UTC;0.0;992.6;992.7;992.5;;19.8;;20.4;19.8;;;;;;269.0;2.1;0.0
2022/08/14;0900 UTC;0.0;993.2;993.2;992.6;;18.9;;19.8;18.9;;;;;;49.0;1.2;0.0
2022/08/14;1000 UTC;0.0;994.1;994.1;993.2;103.0;19.7;;19.7;18.5;;;;;;46.0;0.0;0.0
2022/08/14;1100 UTC;0.0;995.3;995.3;994.1;526.3;23.2;;23.2;19.7;;;;;;349.0;2.8;0.0
2022/08/14;1200 UTC;0.0;995.7;995.7;995.2;1360.7;26.3;;26.4;23.1;;;;;;352.0;3.2;0.2
2022/08/14;1300 UTC;0.0;995.6;995.7;995.6;1777.3;29.0;;29.1;26.2;;;;;;83.0;6.0;2.7
2022/08/14;1400 UTC;0.0;994.9;995.6;994.9;2374.1;30.5;;30.6;28.7;;;;;;84.0;7.9;2.9
2022/08/14;1500 UTC;0.0;994.0;994.9;994.0;2803.5;32.4;;32.4;30.5;;;;;;95.0;8.4;4.5
2022/08/14;1600 UTC;0.0;992.9;994.0;992.9;2926.9;33.5;;33.7;31.8;;;;;;116.0;8.9;3.7
2022/08/14;1700 UTC;0.0;991.7;992.9;991.7;2669.1;33.7;;34.9;33.0;;;;;;120.0;9.9;4.8
2022/08/14;1800 UTC;0.0;990.8;991.7;990.8;2313.0;33.9;;35.1;33.5;;;;;;105.0;9.0;2.5
2022/08/14;1900 UTC;0.0;990.3;990.8;990.3;1077.9;33.3;;34.1;33.2;;;;;;93.0;5.6;1.5
2022/08/14;2000 UTC;0.0;990.1;990.3;990.1;514.1;32.7;;33.3;32.5;;;;;;95.0;4.4;0.0
2022/08/14;2100 UTC;0.0;990.2;990.2;990.1;187.4;29.2;;32.7;29.2;;;;;;71.0;0.0;0.0
2022/08/14;2200 UTC;0.0;990.7;990.7;990.2;;25.2;;29.2;25.2;;;;;;189.0;0.0;0.0
2022/08/14;2300 UTC;0.0;991.2;991.2;990.7;;23.7;;25.3;23.7;;;;;;101.0;1.5;0.0
2022/08/15;0000 UTC;0.0;992.0;992.1;991.2;;24.1;;24.1;22.6;;;;;;155.0;4.6;2.4
2022/08/15;0100 UTC;0.0;992.4;992.4;992.0;;22.2;;24.1;21.9;;;;;;137.0;4.6;0.3
2022/08/15;0200 UTC;0.0;992.7;992.7;992.4;;20.8;;22.2;20.8;;;;;;331.0;1.0;0.0
2022/08/15;0300 UTC;0.0;992.7;992.9;992.7;;20.0;;20.8;20.0;;;;;;43.0;1.6;0.0
2022/08/15;0400 UTC;0.0;992.0;992.8;992.0;;19.2;;20.0;19.1;;;;;;92.0;1.1;0.0
2022/08/15;0500 UTC;0.0;991.8;992.2;991.8;;18.5;;19.2;18.2;;;;;;102.0;3.0;0.1
2022/08/15;0600 UTC;0.0;991.4;991.8;991.4;;17.9;;18.5;17.8;;;;;;143.0;1.2;0.6
2022/08/15;0700 UTC;0.0;991.2;991.4;991.1;;18.3;;18.3;17.8;;;;;;130.0;1.6;0.8
2022/08/15;0800 UTC;0.0;991.3;991.3;991.2;;18.7;;19.1;18.2;;;;;;134.0;2.0;0.1
2022/08/15;0900 UTC;0.0;991.7;991.7;991.3;;18.0;;18.7;17.9;;;;;;182.0;1.3;0.0
2022/08/15;1000 UTC;0.0;992.3;992.3;991.7;98.8;20.4;;20.4;17.4;;;;;;130.0;2.7;1.5
2022/08/15;1100 UTC;0.0;992.6;992.6;992.3;763.7;25.7;;25.8;20.4;;;;;;112.0;8.5;5.6
2022/08/15;1200 UTC;0.0;993.2;993.2;992.6;1620.3;28.1;;28.1;25.7;;;;;;118.0;11.2;6.4
2022/08/15;1300 UTC;0.0;993.3;993.3;993.2;2322.2;30.0;;30.1;27.8;;;;;;117.0;9.3;4.6
2022/08/15;1400 UTC;0.0;993.0;993.3;992.9;2876.3;32.1;;32.2;30.0;;;;;;105.0;8.8;6.1
2022/08/15;1500 UTC;0.0;992.2;993.0;992.2;3195.3;33.3;;33.6;32.0;;;;;;99.0;8.8;4.2
2022/08/15;1600 UTC;0.0;991.1;992.2;991.1;3272.6;34.7;;34.9;33.0;;;;;;114.0;8.3;3.4
2022/08/15;1700 UTC;0.0;989.8;991.1;989.8;2833.0;34.8;;36.2;33.5;;;;;;138.0;9.7;2.1
2022/08/15;1800 UTC;0.0;988.8;989.8;988.8;2545.5;35.1;;36.0;34.4;;;;;;120.0;7.2;2.8
2022/08/15;1900 UTC;0.0;988.6;988.8;988.5;1811.6;34.5;;36.1;34.5;;;;;;94.0;7.0;2.7
2022/08/15;2000 UTC;0.0;988.5;988.6;988.5;1003.3;34.7;;35.4;34.1;;;;;;95.0;4.2;1.8
2022/08/15;2100 UTC;0.0;988.8;988.8;988.5;131.8;32.2;;34.8;32.2;;;;;;105.0;3.4;0.5
2022/08/15;2200 UTC;0.0;989.2;989.2;988.8;0.4;26.8;;32.2;26.8;;;;;;134.0;1.3;0.0
2022/08/15;2300 UTC;0.0;989.8;989.8;989.1;;25.0;;26.8;25.0;;;;;;139.0;1.4;0.7
2022/08/16;0000 UTC;0.0;990.7;990.7;989.8;;23.8;;25.0;23.8;;;;;;114.0;2.4;0.0
2022/08/16;0100 UTC;0.0;991.2;991.2;990.7;;22.8;;23.8;22.8;;;;;;130.0;1.7;0.0
2022/08/16;0200 UTC;0.0;991.4;991.4;991.2;;22.0;;22.8;21.9;;;;;;175.0;0.0;0.0
2022/08/16;0300 UTC;0.0;991.3;991.5;991.3;;22.5;;22.9;21.1;;;;;;325.0;3.4;0.0
2022/08/16;0400 UTC;0.0;990.8;991.3;990.8;;20.8;;22.9;20.8;;;;;;23.0;2.2;0.0
2022/08/16;0500 UTC;0.0;990.5;990.8;990.4;;19.8;;21.1;19.8;;;;;;296.0;0.0;0.0
2022/08/16;0600 UTC;0.0;990.6;990.7;990.4;;18.7;;19.8;18.6;;;;;;138.0;3.1;0.9
2022/08/16;0700 UTC;0.0;990.7;990.7;990.5;;18.1;;19.7;18.1;;;;;;130.0;3.3;0.0
2022/08/16;0800 UTC;0.0;991.3;991.3;990.7;;17.2;;18.1;17.2;;;;;;133.0;0.0;0.0
2022/08/16;0900 UTC;0.0;991.8;991.8;991.3;;16.6;;17.3;16.6;;;;;;136.0;1.8;0.3
2022/08/16;1000 UTC;0.0;992.3;992.3;991.8;104.9;18.4;;18.4;16.4;;;;;;127.0;1.5;0.0
2022/08/16;1100 UTC;0.0;993.0;993.0;992.3;761.9;24.5;;24.5;18.4;;;;;;85.0;3.0;1.6
2022/08/16;1200 UTC;0.0;993.1;993.1;993.0;1616.3;28.2;;28.3;24.5;;;;;;121.0;7.9;4.9
2022/08/16;1300 UTC;0.0;993.1;993.2;993.1;2346.9;31.6;;31.8;28.2;;;;;;107.0;9.4;4.6
2022/08/16;1400 UTC;0.0;992.7;993.1;992.6;2880.5;33.9;;33.9;31.4;;;;;;104.0;9.5;5.4
2022/08/16;1500 UTC;0.0;992.1;992.7;992.1;3172.6;34.5;;34.9;33.5;;;;;;93.0;9.9;5.0
2022/08/16;1600 UTC;0.0;991.3;992.1;991.2;3283.7;35.4;;35.4;34.5;;;;;;135.0;12.5;4.3
2022/08/16;1700 UTC;0.0;990.0;991.3;990.0;3101.9;35.6;;36.0;34.4;;;;;;147.0;9.6;4.5
2022/08/16;1800 UTC;0.0;989.2;990.1;989.2;2652.0;35.3;;35.9;35.0;;;;;;136.0;8.9;3.9
2022/08/16;1900 UTC;0.0;988.9;989.2;988.8;2060.1;35.6;;36.0;35.0;;;;;;96.0;10.0;3.2
2022/08/16;2000 UTC;0.0;989.1;989.1;988.9;1040.3;34.5;;35.6;33.9;;;;;;96.0;7.0;2.5
2022/08/16;2100 UTC;0.0;989.2;989.2;989.1;105.4;31.7;;34.6;31.7;;;;;;105.0;6.0;0.2
2022/08/16;2200 UTC;0.0;989.8;989.8;989.2;0.9;27.2;;31.7;27.2;;;;;;152.0;0.9;0.0
2022/08/16;2300 UTC;0.0;990.5;990.5;989.8;;23.5;;27.2;23.5;;;;;;126.0;0.0;0.0
2022/08/17;0000 UTC;0.0;991.0;991.0;990.5;;21.9;;23.4;21.9;;;;;;172.0;1.9;1.1
2022/08/17;0100 UTC;0.0;991.4;991.4;991.0;;21.3;;22.1;20.7;;;;;;143.0;1.9;1.2
2022/08/17;0200 UTC;0.0;991.4;991.6;991.4;;21.3;;22.2;20.2;;;;;;143.0;2.5;0.3
2022/08/17;0300 UTC;0.0;991.2;991.5;991.2;;19.6;;21.3;19.3;;;;;;129.0;1.2;0.0
2022/08/17;0400 UTC;0.0;990.6;991.2;990.6;;18.8;;19.6;18.7;;;;;;291.0;1.5;0.1
2022/08/17;0500 UTC;0.0;990.1;990.6;990.1;;17.7;;19.0;17.5;;;;;;218.0;3.0;0.0
2022/08/17;0600 UTC;0.0;989.7;990.1;989.7;;16.9;;18.1;16.9;;;;;;122.0;2.2;0.0
2022/08/17;0700 UTC;0.0;989.6;989.7;989.5;;16.5;;17.0;16.3;;;;;;103.0;2.4;0.2
2022/08/17;0800 UTC;0.0;990.6;990.8;989.5;;17.3;;17.3;15.9;;;;;;147.0;11.4;1.3
2022/08/17;0900 UTC;0.0;990.9;991.0;990.6;;16.7;;17.5;16.7;;;;;;85.0;2.1;0.0
2022/08/17;1000 UTC;0.0;991.4;991.4;990.9;110.8;18.5;;18.5;16.3;;;;;;210.0;0.0;0.0
2022/08/17;1100 UTC;0.0;991.8;991.9;991.4;776.6;24.5;;24.5;18.6;;;;;;103.0;2.7;0.9
2022/08/17;1200 UTC;0.0;992.1;992.1;991.8;1626.9;29.5;;29.5;24.5;;;;;;111.0;8.0;4.1
2022/08/17;1300 UTC;0.0;992.1;992.2;992.1;2352.0;31.1;;31.2;29.0;;;;;;108.0;9.3;5.2
2022/08/17;1400 UTC;0.0;991.8;992.2;991.8;2883.3;33.5;;33.5;31.0;;;;;;128.0;8.2;4.4
2022/08/17;1500 UTC;0.0;991.0;991.8;991.0;3225.3;34.3;;34.9;32.8;;;;;;99.0;8.6;2.8
2022/08/17;1600 UTC;0.0;990.1;991.0;990.1;2860.9;35.0;;35.7;33.8;;;;;;100.0;8.8;3.5
2022/08/17;1700 UTC;0.0;989.3;990.1;989.3;2752.6;34.7;;35.8;34.3;;;;;;84.0;8.1;2.2
2022/08/17;1800 UTC;0.0;988.5;989.3;988.5;2157.2;35.0;;36.5;34.2;;;;;;139.0;8.2;3.2
2022/08/17;1900 UTC;0.0;988.1;988.5;988.0;1704.3;34.8;;36.0;34.4;;;;;;116.0;7.5;3.4
2022/08/17;2000 UTC;0.0;988.0;988.1;987.9;1111.6;34.4;;35.3;34.3;;;;;;106.0;5.7;2.5
2022/08/17;2100 UTC;0.0;988.5;988.5;988.0;100.1;31.9;;34.5;31.9;;;;;;112.0;3.9;0.7
2022/08/17;2200 UTC;0.0;989.0;989.0;988.5;0.1;26.7;;31.9;26.6;;;;;;131.0;1.2;0.0
2022/08/17;2300 UTC;0.0;989.7;989.7;989.0;;23.8;;26.8;23.8;;;;;;133.0;0.0;0.0
2022/08/18;0000 UTC;0.0;990.1;990.1;989.7;;22.5;;24.4;22.4;;;;;;129.0;0.0;0.0
2022/08/18;0100 UTC;0.0;990.5;990.5;990.1;;22.1;;22.9;22.1;;;;;;143.0;2.1;0.1
2022/08/18;0200 UTC;0.0;990.7;990.7;990.5;;21.0;;22.1;20.7;;;;;;162.0;1.5;0.0
2022/08/18;0300 UTC;0.0;990.6;990.7;990.6;;20.0;;21.0;20.0;;;;;;146.0;0.0;0.0
2022/08/18;0400 UTC;0.0;990.6;990.8;990.5;;20.2;;20.3;19.6;;;;;;340.0;3.9;0.3
2022/08/18;0500 UTC;0.0;990.2;990.6;990.2;;19.3;;21.0;19.2;;;;;;34.0;2.1;0.0
2022/08/18;0600 UTC;0.0;990.1;990.3;990.1;;18.3;;19.3;18.3;;;;;;114.0;1.1;0.0
2022/08/18;0700 UTC;0.0;989.7;990.1;989.7;;17.3;;18.3;17.2;;;;;;136.0;1.1;0.3
2022/08/18;0800 UTC;0.0;990.3;990.3;989.7;;16.8;;17.5;16.8;;;;;;122.0;1.1;0.3
2022/08/18;0900 UTC;0.0;990.6;990.6;990.3;;16.7;;16.8;16.5;;;;;;239.0;1.3;0.0
2022/08/18;1000 UTC;0.0;991.4;991.4;990.6;105.1;17.8;;17.8;16.5;;;;;;113.0;1.5;0.0
2022/08/18;1100 UTC;0.0;992.0;992.0;991.4;756.9;23.4;;23.4;17.8;;;;;;98.0;1.2;0.0
2022/08/18;1200 UTC;0.0;992.5;992.5;992.0;1590.6;27.9;;28.1;23.4;;;;;;99.0;3.6;1.5
2022/08/18;1300 UTC;0.0;992.6;992.7;992.5;2313.0;31.6;;31.9;27.8;;;;;;100.0;10.1;5.4
2022/08/18;1400 UTC;0.0;992.2;992.6;992.2;2816.1;32.9;;33.6;31.3;;;;;;73.0;8.3;3.9
2022/08/18;1500 UTC;0.0;991.3;992.2;991.3;3106.9;33.9;;34.4;32.6;;;;;;91.0;8.2;3.0
2022/08/18;1600 UTC;0.0;990.5;991.3;990.5;3322.3;34.3;;35.1;33.7;;;;;;86.0;7.7;2.6
2022/08/18;1700 UTC;0.0;989.4;990.5;989.4;3106.8;34.6;;36.4;34.2;;;;;;220.0;7.0;1.6
2022/08/18;1800 UTC;0.0;988.7;989.4;988.7;2660.2;36.1;;36.7;34.4;;;;;;155.0;6.8;0.9
2022/08/18;1900 UTC;0.0;988.5;988.7;988.4;2036.5;36.0;;36.6;35.2;;;;;;154.0;4.7;1.0
2022/08/18;2000 UTC;0.0;988.6;988.6;988.5;1119.5;35.4;;36.0;35.1;;;;;;100.0;4.4;0.6
2022/08/18;2100 UTC;0.0;989.0;989.0;988.6;111.5;33.4;;35.4;33.4;;;;;;19.0;2.9;0.0
2022/08/18;2200 UTC;0.0;989.9;989.9;989.0;;28.3;;33.4;28.3;;;;;;151.0;0.9;0.0
2022/08/18;2300 UTC;0.0;990.7;990.7;989.9;;25.7;;28.3;25.7;;;;;;153.0;1.5;0.4
2022/08/19;0000 UTC;0.0;991.3;991.3;990.7;;24.5;;25.8;24.4;;;;;;142.0;1.5;0.0
2022/08/19;0100 UTC;0.0;992.0;992.0;991.3;;23.5;;24.5;23.3;;;;;;55.0;1.6;0.0
2022/08/19;0200 UTC;0.0;992.6;992.6;992.0;;23.2;;23.5;22.8;;;;;;263.0;0.7;0.0
2022/08/19;0300 UTC;0.0;992.3;992.6;992.3;;21.8;;23.2;21.8;;;;;;152.0;0.8;0.0
2022/08/19;0400 UTC;0.0;992.2;992.3;992.1;;22.2;;22.6;21.8;;;;;;163.0;1.1;0.0
2022/08/19;0500 UTC;0.0;991.9;992.2;991.9;;21.8;;22.2;21.7;;;;;;144.0;0.0;0.0
2022/08/19;0600 UTC;0.0;991.7;991.9;991.7;;21.0;;21.8;20.9;;;;;;124.0;1.0;0.0
2022/08/19;0700 UTC;0.0;991.5;991.8;991.4;;20.1;;21.0;20.1;;;;;;118.0;1.3;0.1
2022/08/19;0800 UTC;0.0;991.7;991.8;991.5;;19.8;;20.4;19.8;;;;;;131.0;2.1;0.2
2022/08/19;0900 UTC;0.0;992.4;992.4;991.7;;19.8;;20.0;19.8;;;;;;126.0;1.1;0.0
2022/08/19;1000 UTC;0.0;993.0;993.0;992.4;115.2;21.0;;21.0;19.6;;;;;;115.0;0.9;0.1
2022/08/19;1100 UTC;0.0;993.4;993.5;993.0;823.6;25.7;;25.7;21.0;;;;;;340.0;0.9;0.0
2022/08/19;1200 UTC;0.0;994.3;994.6;993.4;1606.6;28.4;;29.1;25.7;;;;;;115.0;7.8;2.9
2022/08/19;1300 UTC;0.0;994.3;994.5;994.3;2308.3;31.3;;31.3;28.4;;;;;;124.0;6.6;3.4
2022/08/19;1400 UTC;0.0;993.6;994.3;993.6;2830.1;32.7;;33.5;31.0;;;;;;132.0;7.5;4.2
2022/08/19;1500 UTC;0.0;992.4;993.6;992.4;3144.4;34.7;;35.1;32.5;;;;;;70.0;7.9;3.1
2022/08/19;1600 UTC;0.0;991.2;992.5;991.2;3352.3;35.3;;36.1;34.5;;;;;;92.0;8.7;1.8
2022/08/19;1700 UTC;0.0;990.2;991.2;990.2;2709.2;35.4;;36.7;35.3;;;;;;132.0;7.3;3.1
2022/08/19;1800 UTC;0.0;989.3;990.2;989.3;2397.2;36.2;;37.3;35.1;;;;;;109.0;7.8;3.5
2022/08/19;1900 UTC;0.0;989.2;989.4;989.2;1496.2;35.3;;36.7;35.3;;;;;;152.0;6.8;2.8
2022/08/19;2000 UTC;0.0;989.0;989.2;988.9;792.2;34.8;;36.3;34.8;;;;;;144.0;5.7;2.1
2022/08/19;2100 UTC;0.0;989.2;989.2;989.0;125.8;32.6;;34.8;32.6;;;;;;122.0;3.3;0.8
2022/08/19;2200 UTC;0.0;989.5;989.5;989.2;;27.8;;32.5;27.8;;;;;;144.0;1.9;0.2
2022/08/19;2300 UTC;0.0;990.1;990.1;989.5;;25.1;;27.8;25.1;;;;;;163.0;1.2;0.0
2022/08/20;0000 UTC;0.0;991.0;991.0;990.1;;24.1;;25.5;24.1;;;;;;160.0;2.2;0.5
2022/08/20;0100 UTC;0.0;991.3;991.3;991.0;;24.7;;24.8;23.9;;;;;;127.0;1.5;0.0
2022/08/20;0200 UTC;0.0;991.6;991.7;991.3;;26.3;;26.3;24.7;;;;;;139.0;1.8;0.1
2022/08/20;0300 UTC;0.0;991.4;991.6;991.4;;25.1;;26.3;24.9;;;;;;96.0;1.2;0.0
2022/08/20;0400 UTC;0.0;990.8;991.5;990.8;;26.3;;26.3;24.7;;;;;;148.0;3.7;1.8
2022/08/20;0500 UTC;0.0;990.4;990.8;990.3;;25.2;;26.3;25.2;;;;;;147.0;4.2;0.4
2022/08/20;0600 UTC;0.0;989.7;990.4;989.7;;24.4;;26.2;24.4;;;;;;125.0;4.8;0.0
2022/08/20;0700 UTC;0.0;989.7;989.8;989.7;;24.0;;24.4;23.9;;;;;;174.0;1.0;0.0
2022/08/20;0800 UTC;0.0;989.8;989.8;989.7;;22.1;;24.0;22.1;;;;;;292.0;3.3;0.0
2022/08/20;0900 UTC;0.0;990.6;990.6;989.8;;22.2;;22.6;21.9;;;;;;243.0;3.0;0.0
2022/08/20;1000 UTC;0.0;991.5;991.5;990.6;75.3;22.5;;23.1;22.2;;;;;;139.0;2.0;0.0
2022/08/20;1100 UTC;0.0;992.2;992.2;991.5;780.6;28.1;;28.1;22.5;;;;;;100.0;3.8;2.4
2022/08/20;1200 UTC;0.0;993.0;993.0;992.2;1641.9;30.3;;30.7;28.1;;;;;;97.0;7.8;4.0
2022/08/20;1300 UTC;0.0;992.9;993.1;992.9;2373.0;32.4;;32.5;30.3;;;;;;92.0;11.3;5.4
2022/08/20;1400 UTC;0.0;992.5;992.9;992.4;2897.5;33.0;;33.9;31.8;;;;;;112.0;8.7;5.3
2022/08/20;1500 UTC;0.0;991.6;992.5;991.6;3191.9;34.2;;34.9;32.9;;;;;;105.0;8.3;2.0
2022/08/20;1600 UTC;0.0;990.6;991.6;990.6;3272.2;35.3;;36.6;34.1;;;;;;102.0;7.6;3.1
2022/08/20;1700 UTC;0.0;989.1;990.6;989.1;3071.4;35.6;;36.6;34.7;;;;;;99.0;8.0;2.9
2022/08/20;1800 UTC;0.0;988.6;989.1;988.6;2667.6;35.9;;36.8;35.3;;;;;;103.0;9.3;2.4
2022/08/20;1900 UTC;0.0;988.6;988.6;988.5;2105.3;35.9;;36.8;35.4;;;;;;120.0;8.1;3.1
2022/08/20;2000 UTC;0.0;988.7;988.7;988.6;991.7;34.9;;35.9;34.5;;;;;;110.0;7.4;3.4
2022/08/20;2100 UTC;0.0;989.3;989.3;988.7;108.2;31.6;;34.9;31.6;;;;;;111.0;5.8;1.3
2022/08/20;2200 UTC;0.0;990.1;990.1;989.3;;27.6;;31.6;27.6;;;;;;125.0;2.5;1.7
2022/08/20;2300 UTC;0.0;990.8;990.8;990.1;;26.0;;27.6;26.0;;;;;;102.0;3.1;0.8
2022/08/21;0000 UTC;0.0;991.6;991.6;990.8;;24.0;;26.3;24.0;;;;;;115.0;3.3;1.3
2022/08/21;0100 UTC;0.0;992.4;992.4;991.6;;24.1;;24.6;23.7;;;;;;153.0;2.7;1.3
2022/08/21;0200 UTC;0.0;992.7;992.7;992.3;;22.4;;24.1;22.3;;;;;;124.0;1.8;0.9
2022/08/21;0300 UTC;0.0;992.6;992.7;992.5;;21.3;;22.5;20.7;;;;;;134.0;1.8;0.9
2022/08/21;0400 UTC;0.0;992.2;992.6;992.2;;22.0;;22.8;20.8;;;;;;161.0;1.8;0.0
2022/08/21;0500 UTC;0.0;991.9;992.3;991.8;;21.6;;22.4;21.0;;;;;;170.0;2.5;1.5
2022/08/21;0600 UTC;0.0;991.8;992.0;991.8;;20.5;;21.9;20.4;;;;;;159.0;2.5;0.0
2022/08/21;0700 UTC;0.0;991.7;991.8;991.7;;19.3;;20.9;19.3;;;;;;265.0;1.4;0.0
2022/08/21;0800 UTC;0.0;992.0;992.0;991.7;;18.8;;19.3;18.6;;;;;;229.0;0.0;0.0
2022/08/21;0900 UTC;0.0;992.2;992.2;992.0;;18.9;;19.0;18.3;;;;;;212.0;0.0;0.0
2022/08/21;1000 UTC;0.0;992.8;992.8;992.2;104.1;21.0;;21.3;18.7;;;;;;216.0;1.4;0.0
2022/08/21;1100 UTC;0.0;993.5;993.5;992.8;784.0;27.1;;27.1;20.9;;;;;;121.0;11.5;6.4
2022/08/21;1200 UTC;0.0;994.0;994.0;993.4;1547.0;29.2;;29.2;27.0;;;;;;116.0;13.8;8.6
2022/08/21;1300 UTC;0.0;993.9;994.1;993.9;2353.3;30.7;;30.7;28.8;;;;;;116.0;14.2;9.0
2022/08/21;1400 UTC;0.0;993.7;994.0;993.6;2892.2;31.8;;32.7;30.5;;;;;;121.0;12.8;7.2
2022/08/21;1500 UTC;0.0;992.6;993.6;992.6;3199.5;33.2;;33.6;31.8;;;;;;109.0;12.4;7.6
2022/08/21;1600 UTC;0.0;991.8;992.7;991.7;3267.5;34.5;;34.8;33.0;;;;;;121.0;11.9;6.0
2022/08/21;1700 UTC;0.0;990.8;991.8;990.8;2888.9;34.5;;34.9;33.4;;;;;;144.0;9.6;4.2
2022/08/21;1800 UTC;0.0;990.0;990.8;990.0;2659.3;34.4;;35.5;33.6;;;;;;152.0;10.7;3.6
2022/08/21;1900 UTC;0.0;989.6;990.0;989.6;1913.7;34.4;;34.8;33.1;;;;;;155.0;8.9;3.2
2022/08/21;2000 UTC;0.0;989.9;989.9;989.6;1016.3;33.7;;34.7;32.9;;;;;;116.0;8.4;5.0
2022/08/21;2100 UTC;0.0;990.3;990.3;989.9;146.6;30.6;;33.7;30.6;;;;;;146.0;7.2;1.2
2022/08/21;2200 UTC;0.0;990.8;990.8;990.3;;25.9;;30.6;25.9;;;;;;152.0;1.9;0.1
2022/08/21;2300 UTC;0.0;991.6;991.6;990.8;;24.1;;25.9;23.9;;;;;;125.0;0.9;0.0
2022/08/22;0000 UTC;0.0;992.4;992.4;991.6;;22.4;;24.1;22.3;;;;;;152.0;0.0;0.0
2022/08/22;0100 UTC;0.0;993.1;993.1;992.4;;22.7;;23.1;22.0;;;;;;147.0;0.0;0.0
2022/08/22;0200 UTC;0.0;993.4;993.5;993.1;;22.3;;22.7;21.7;;;;;;144.0;0.0;0.0
2022/08/22;0300 UTC;0.0;993.1;993.5;993.1;;20.4;;22.4;20.4;;;;;;150.0;0.0;0.0
2022/08/22;0400 UTC;0.0;992.7;993.1;992.7;;20.4;;20.5;20.1;;;;;;245.0;0.0;0.0
2022/08/22;0500 UTC;0.0;992.1;992.7;992.1;;20.0;;20.5;19.4;;;;;;140.0;0.0;0.0
2022/08/22;0600 UTC;0.0;991.8;992.1;991.8;;19.3;;20.4;19.3;;;;;;134.0;0.0;0.0
2022/08/22;0700 UTC;0.0;991.8;991.9;991.8;;18.2;;19.3;18.2;;;;;;154.0;0.0;0.0
2022/08/22;0800 UTC;0.0;992.0;992.0;991.8;;18.3;;18.9;18.2;;;;;;138.0;0.0;0.0
2022/08/22;0900 UTC;0.0;992.1;992.1;991.9;;18.4;;18.7;18.2;;;;;;134.0;0.0;0.0
2022/08/22;1000 UTC;0.0;992.4;992.5;992.1;118.1;20.5;;20.5;18.3;;;;;;134.0;0.0;0.0
2022/08/22;1100 UTC;0.0;992.9;992.9;992.4;798.5;25.0;;25.2;20.0;;;;;;104.0;5.6;3.1
2022/08/22;1200 UTC;0.0;993.1;993.1;992.9;1638.7;28.9;;28.9;25.0;;;;;;109.0;8.4;4.3
2022/08/22;1300 UTC;0.0;993.0;993.3;993.0;2367.4;30.6;;31.3;28.7;;;;;;115.0;9.0;6.3
2022/08/22;1400 UTC;0.0;992.3;993.0;992.3;2926.4;32.4;;33.0;30.6;;;;;;120.0;9.0;5.5
2022/08/22;1500 UTC;0.0;991.6;992.3;991.6;3234.8;33.6;;33.9;32.3;;;;;;106.0;10.2;5.6
2022/08/22;1600 UTC;0.0;990.5;991.6;990.5;3341.2;34.6;;34.9;33.4;;;;;;109.0;8.8;4.1
2022/08/22;1700 UTC;0.0;989.6;990.5;989.6;3112.0;34.4;;35.5;33.9;;;;;;124.0;10.4;2.5
2022/08/22;1800 UTC;0.0;988.8;989.6;988.8;2673.5;35.0;;35.5;34.3;;;;;;123.0;8.9;3.9
2022/08/22;1900 UTC;0.0;988.5;988.8;988.4;1790.1;34.5;;35.3;33.7;;;;;;141.0;10.3;2.9
2022/08/22;2000 UTC;0.0;988.7;988.7;988.4;1233.3;34.1;;34.7;34.0;;;;;;146.0;7.0;2.4
2022/08/22;2100 UTC;0.0;989.2;989.2;988.7;197.2;31.7;;34.1;31.7;;;;;;121.0;5.0;1.5
2022/08/22;2200 UTC;0.0;990.0;990.0;989.2;0.7;28.2;;31.7;28.2;;;;;;140.0;2.8;0.3
2022/08/22;2300 UTC;0.0;990.8;990.8;990.0;;27.3;;28.2;27.2;;;;;;104.0;1.1;0.0
2022/08/23;0000 UTC;0.0;991.5;991.6;990.8;;27.5;;27.6;27.2;;;;;;124.0;0.0;0.0
2022/08/23;0100 UTC;0.0;992.0;992.0;991.5;;26.7;;27.5;26.7;;;;;;122.0;0.0;0.0
2022/08/23;0200 UTC;0.0;992.3;992.3;992.0;;26.4;;26.7;26.3;;;;;;142.0;0.0;0.0
2022/08/23;0300 UTC;0.0;992.2;992.4;992.2;;26.1;;26.6;26.1;;;;;;149.0;0.0;0.0
2022/08/23;0400 UTC;0.0;992.0;992.3;992.0;;24.9;;26.1;24.9;;;;;;278.0;0.0;0.0
2022/08/23;0500 UTC;0.0;991.4;992.0;991.4;;23.6;;24.9;23.6;;;;;;201.0;0.0;0.0
2022/08/23;0600 UTC;0.0;991.3;991.4;991.2;;21.9;;23.6;21.9;;;;;;100.0;0.0;0.0
2022/08/23;0700 UTC;0.0;991.3;991.3;991.3;;21.1;;21.9;21.1;;;;;;147.0;0.0;0.0
2022/08/23;0800 UTC;0.0;991.5;991.5;991.2;;20.0;;21.1;19.9;;;;;;118.0;0.0;0.0
2022/08/23;0900 UTC;0.0;992.1;992.1;991.5;;19.4;;20.0;19.4;;;;;;116.0;0.0;0.0
2022/08/23;1000 UTC;0.0;992.9;992.9;992.1;120.2;20.5;;20.5;19.2;;;;;;121.0;0.0;0.0
2022/08/23;1100 UTC;0.0;993.5;993.5;992.9;805.1;25.9;;25.9;20.5;;;;;;127.0;1.9;0.2
2022/08/23;1200 UTC;0.0;993.7;993.8;993.5;1648.9;29.7;;29.7;25.9;;;;;;102.0;6.0;4.0
2022/08/23;1300 UTC;0.0;993.6;993.9;993.6;2385.2;31.4;;31.6;29.4;;;;;;94.0;9.7;5.8
2022/08/23;1400 UTC;0.0;993.0;993.6;993.0;2890.8;32.7;;33.7;31.3;;;;;;92.0;9.7;3.8
2022/08/23;1500 UTC;0.0;992.1;993.0;992.1;3207.1;34.5;;34.6;32.7;;;;;;96.0;9.6;4.7
2022/08/23;1600 UTC;0.0;990.9;992.1;990.9;3202.5;35.1;;35.8;33.4;;;;;;114.0;12.2;4.2
2022/08/23;1700 UTC;0.0;989.7;990.9;989.7;3018.7;35.2;;36.5;34.6;;;;;;115.0;8.5;4.3
2022/08/23;1800 UTC;0.0;988.7;989.7;988.7;2654.7;35.9;;36.5;34.9;;;;;;104.0;8.5;2.1
2022/08/23;1900 UTC;0.0;988.3;988.7;988.3;1831.9;36.0;;36.3;35.0;;;;;;85.0;7.9;1.7
2022/08/23;2000 UTC;0.0;988.7;988.7;988.3;948.4;35.1;;36.2;34.7;;;;;;81.0;6.1;0.8
2022/08/23;2100 UTC;0.0;989.2;989.2;988.7;128.2;33.2;;35.2;33.2;;;;;;139.0;3.3;0.0
2022/08/23;2200 UTC;0.0;989.8;989.8;989.1;;29.3;;33.2;29.2;;;;;;174.0;0.0;0.0
2022/08/23;2300 UTC;0.0;990.5;990.5;989.8;;28.0;;29.3;27.5;;;;;;143.0;2.2;0.3
2022/08/24;0000 UTC;0.0;991.3;991.3;990.5;;26.7;;28.0;26.7;;;;;;133.0;1.1;0.0
2022/08/24;0100 UTC;0.0;991.9;991.9;991.3;;25.3;;26.7;25.3;;;;;;140.0;2.4;0.9
2022/08/24;0200 UTC;0.0;992.5;992.5;991.9;;24.7;;25.5;24.7;;;;;;307.0;2.1;0.0
2022/08/24;0300 UTC;0.0;992.2;992.6;992.2;;27.0;;27.0;24.4;;;;;;216.0;2.6;0.9
2022/08/24;0400 UTC;0.0;991.7;992.2;991.7;;24.7;;27.0;24.7;;;;;;103.0;1.6;0.0
2022/08/24;0500 UTC;0.0;990.9;991.7;990.9;;23.2;;24.7;23.2;;;;;;155.0;0.0;0.0
2022/08/24;0600 UTC;0.0;990.7;990.9;990.7;;21.2;;23.2;21.2;;;;;;119.0;0.0;0.0
2022/08/24;0700 UTC;0.0;990.8;990.9;990.7;;20.8;;21.2;20.6;;;;;;112.0;0.0;0.0
2022/08/24;0800 UTC;0.0;991.1;991.1;990.8;;19.7;;20.8;19.7;;;;;;120.0;0.0;0.0
2022/08/24;0900 UTC;0.0;992.1;992.1;991.1;;19.3;;19.7;19.1;;;;;;105.0;2.0;0.9
2022/08/24;1000 UTC;0.0;993.1;993.1;992.1;114.1;20.7;;20.7;19.1;;;;;;132.0;3.8;1.0
2022/08/24;1100 UTC;0.0;993.8;993.8;993.1;791.0;26.1;;26.2;20.6;;;;;;113.0;3.0;0.1
2022/08/24;1200 UTC;0.0;994.5;994.5;993.8;1636.7;30.9;;30.9;26.1;;;;;;87.0;5.4;2.3
2022/08/24;1300 UTC;0.0;994.5;994.7;994.5;2347.4;32.5;;32.9;30.9;;;;;;72.0;8.9;4.9
2022/08/24;1400 UTC;0.0;994.0;994.5;994.0;2877.3;33.9;;34.4;32.2;;;;;;82.0;8.9;4.7
2022/08/24;1500 UTC;0.0;993.1;994.0;993.1;3281.1;34.7;;35.8;33.6;;;;;;60.0;8.8;5.0
2022/08/24;1600 UTC;0.0;992.0;993.1;991.9;2631.4;35.0;;35.4;34.0;;;;;;79.0;9.8;3.5
2022/08/24;1700 UTC;0.0;990.9;992.0;990.9;2398.2;36.1;;36.5;34.0;;;;;;42.0;8.0;1.0
2022/08/24;1800 UTC;0.0;990.0;990.9;990.0;1989.9;35.8;;36.3;35.0;;;;;;99.0;7.0;1.8
2022/08/24;1900 UTC;0.0;989.4;990.0;989.4;2053.4;36.3;;37.2;35.5;;;;;;110.0;6.4;3.3
2022/08/24;2000 UTC;0.0;989.6;989.6;989.4;765.4;35.7;;36.3;34.6;;;;;;85.0;6.5;3.4
2022/08/24;2100 UTC;0.0;989.9;989.9;989.6;140.0;33.2;;35.7;33.2;;;;;;133.0;6.5;0.0
2022/08/24;2200 UTC;0.0;990.5;990.5;989.9;0.6;29.6;;33.2;29.6;;;;;;111.0;2.0;0.0
2022/08/24;2300 UTC;0.0;991.1;991.1;990.5;;27.2;;29.6;27.2;;;;;;154.0;2.3;0.1
2022/08/25;0000 UTC;0.0;991.7;991.7;991.1;;25.6;;27.3;25.6;;;;;;139.0;1.1;0.0
2022/08/25;0100 UTC;0.0;992.2;992.2;991.7;;23.7;;25.6;23.7;;;;;;150.0;0.7;0.0
2022/08/25;0200 UTC;0.0;992.4;992.5;992.2;;23.2;;23.7;23.2;;;;;;332.0;0.0;0.0
2022/08/25;0300 UTC;0.0;992.1;992.4;992.1;;22.0;;23.2;22.0;;;;;;104.0;0.0;0.0
2022/08/25;0400 UTC;0.0;991.6;992.1;991.6;;20.7;;22.0;20.7;;;;;;104.0;0.0;0.0
2022/08/25;0500 UTC;0.0;991.1;991.6;991.1;;20.8;;20.8;20.5;;;;;;141.0;0.4;0.0
2022/08/25;0600 UTC;0.0;990.7;991.1;990.7;;19.8;;20.8;19.6;;;;;;159.0;1.0;0.0
2022/08/25;0700 UTC;0.0;990.8;990.8;990.6;;19.6;;19.9;19.5;;;;;;101.0;0.9;0.0
2022/08/25;0800 UTC;0.0;991.5;991.5;990.8;;19.8;;19.8;19.4;;;;;;41.0;1.0;0.0
2022/08/25;0900 UTC;0.0;992.4;992.4;991.4;;21.0;;21.0;19.8;;;;;;153.0;4.0;0.3
2022/08/25;1000 UTC;0.0;993.6;993.6;992.4;80.0;21.4;;21.6;20.9;;;;;;93.0;3.3;1.5
2022/08/25;1100 UTC;0.0;994.1;994.1;993.6;767.5;27.1;;27.2;21.4;;;;;;64.0;3.3;0.2
2022/08/25;1200 UTC;0.0;994.9;994.9;994.1;1185.9;29.6;;29.8;26.9;;;;;;50.0;6.1;3.5
2022/08/25;1300 UTC;0.0;994.4;994.9;994.4;2289.2;31.3;;31.4;29.5;;;;;;67.0;9.8;6.2
2022/08/25;1400 UTC;0.0;993.7;994.4;993.7;2845.1;33.2;;33.3;31.2;;;;;;82.0;9.6;4.9
2022/08/25;1500 UTC;0.0;993.0;993.7;993.0;3174.7;34.0;;34.6;32.6;;;;;;99.0;9.3;3.7
2022/08/25;1600 UTC;0.0;992.0;993.0;992.0;3147.0;34.4;;35.1;33.4;;;;;;26.0;8.3;1.2
2022/08/25;1700 UTC;0.0;990.9;992.0;990.9;2825.2;35.3;;35.7;33.7;;;;;;72.0;6.3;1.8
2022/08/25;1800 UTC;0.0;990.1;990.9;990.1;2640.8;35.5;;36.1;34.9;;;;;;44.0;6.8;1.3
2022/08/25;1900 UTC;0.0;989.7;990.1;989.7;1978.3;35.9;;36.3;35.1;;;;;;117.0;7.7;1.9
2022/08/25;2000 UTC;0.0;989.9;990.0;989.7;821.0;35.3;;36.0;34.5;;;;;;136.0;4.6;0.8
2022/08/25;2100 UTC;0.0;990.4;990.5;989.9;173.2;32.3;;35.5;32.3;;;;;;113.0;4.4;1.5
2022/08/25;2200 UTC;0.0;991.1;991.1;990.4;;29.8;;32.3;29.6;;;;;;173.0;2.3;0.2
2022/08/25;2300 UTC;0.0;992.0;992.0;991.1;;28.9;;30.0;28.9;;;;;;124.0;1.5;0.7
2022/08/26;0000 UTC;0.0;992.6;992.6;992.0;;26.3;;28.9;26.3;;;;;;150.0;1.7;0.6
2022/08/26;0100 UTC;0.0;993.1;993.1;992.6;;24.0;;26.3;24.0;;;;;;175.0;1.4;0.0
2022/08/26;0200 UTC;0.0;993.4;993.4;993.1;;22.8;;24.0;22.8;;;;;;350.0;0.4;0.0
2022/08/26;0300 UTC;0.0;993.5;993.6;993.4;;22.7;;23.0;21.8;;;;;;344.0;3.0;0.0
2022/08/26;0400 UTC;0.0;992.8;993.5;992.8;;21.5;;22.7;21.5;;;;;;106.0;0.5;0.1
2022/08/26;0500 UTC;0.0;992.1;992.8;992.1;;21.9;;21.9;21.4;;;;;;118.0;1.7;0.0
2022/08/26;0600 UTC;0.0;991.5;992.1;991.5;;22.5;;22.5;21.9;;;;;;159.0;0.7;0.0
2022/08/26;0700 UTC;0.0;991.7;991.7;991.5;;22.6;;22.8;22.1;;;;;;170.0;1.3;0.0
2022/08/26;0800 UTC;0.0;992.2;992.2;991.7;;22.2;;22.7;22.0;;;;;;125.0;0.0;0.0
2022/08/26;0900 UTC;0.0;993.1;993.1;992.2;;21.1;;22.2;21.0;;;;;;115.0;3.0;1.6
2022/08/26;1000 UTC;0.0;994.1;994.1;993.1;97.1;22.4;;22.4;20.8;;;;;;129.0;3.7;0.9
2022/08/26;1100 UTC;0.0;994.6;994.6;994.1;572.5;25.8;;25.8;22.4;;;;;;112.0;2.5;0.3
2022/08/26;1200 UTC;0.0;994.7;994.8;994.6;1607.4;29.5;;29.5;25.8;;;;;;85.0;3.3;1.3
2022/08/26;1300 UTC;0.0;994.6;994.7;994.6;2302.7;30.7;;31.6;29.3;;;;;;76.0;7.3;4.1
2022/08/26;1400 UTC;0.0;994.1;994.6;994.1;2588.0;32.7;;32.9;30.4;;;;;;57.0;8.2;3.2
2022/08/26;1500 UTC;0.0;993.2;994.1;993.1;3198.0;33.4;;33.9;31.5;;;;;;102.0;8.0;3.1
2022/08/26;1600 UTC;0.0;991.9;993.2;991.9;3202.1;33.9;;34.5;32.3;;;;;;127.0;8.0;2.1
2022/08/26;1700 UTC;0.0;991.0;991.9;991.0;2999.7;35.2;;35.3;33.3;;;;;;70.0;8.3;1.7
2022/08/26;1800 UTC;0.0;990.0;991.0;990.0;2645.5;35.3;;35.7;34.2;;;;;;109.0;7.0;3.0
2022/08/26;1900 UTC;0.0;989.4;990.1;989.4;2022.8;35.0;;35.6;34.7;;;;;;98.0;6.8;0.6
2022/08/26;2000 UTC;0.0;989.5;989.5;989.4;1107.3;34.7;;35.6;34.5;;;;;;108.0;5.9;2.1
2022/08/26;2100 UTC;0.0;989.4;989.5;989.4;243.7;32.1;;34.7;32.1;;;;;;108.0;4.5;1.8
2022/08/26;2200 UTC;0.0;989.9;989.9;989.4;0.4;28.3;;32.1;28.3;;;;;;127.0;2.5;1.0
2022/08/26;2300 UTC;0.0;990.3;990.3;989.9;;26.0;;28.4;26.0;;;;;;121.0;2.1;0.9
2022/08/27;0000 UTC;0.0;991.1;991.1;990.3;;24.8;;26.0;24.8;;;;;;133.0;1.3;0.0
2022/08/27;0100 UTC;0.0;991.8;991.8;991.1;;22.7;;24.8;22.7;;;;;;161.0;0.0;0.0
2022/08/27;0200 UTC;0.0;992.0;992.0;991.8;;21.5;;22.8;21.5;;;;;;118.0;0.0;0.0
2022/08/27;0300 UTC;0.0;991.6;992.0;991.6;;20.8;;21.5;20.7;;;;;;87.0;0.0;0.0
2022/08/27;0400 UTC;0.0;991.2;991.7;991.2;;20.3;;20.9;20.2;;;;;;175.0;0.0;0.0
2022/08/27;0500 UTC;0.0;990.6;991.2;990.6;;19.7;;20.3;19.4;;;;;;67.0;0.0;0.0
2022/08/27;0600 UTC;0.0;990.3;990.7;990.3;;18.9;;19.7;18.5;;;;;;142.0;0.0;0.0
2022/08/27;0700 UTC;0.0;990.3;990.3;990.1;;17.6;;19.3;17.5;;;;;;110.0;2.4;0.9
2022/08/27;0800 UTC;0.0;990.5;990.5;990.3;;16.9;;17.7;16.9;;;;;;122.0;1.7;0.3
2022/08/27;0900 UTC;0.0;991.4;991.4;990.5;;16.9;;17.0;16.3;;;;;;283.0;1.5;0.0
2022/08/27;1000 UTC;0.0;992.2;992.2;991.4;134.2;19.8;;19.8;16.9;;;;;;267.0;1.7;0.4
2022/08/27;1100 UTC;0.0;992.5;992.5;992.2;847.9;25.5;;25.5;19.8;;;;;;111.0;3.4;1.6
2022/08/27;1200 UTC;0.0;992.9;992.9;992.4;1725.5;29.0;;29.0;25.5;;;;;;102.0;10.0;6.0
2022/08/27;1300 UTC;0.0;992.9;993.0;992.8;2433.9;30.5;;31.3;29.0;;;;;;110.0;9.1;5.8
2022/08/27;1400 UTC;0.0;992.3;992.9;992.3;2937.5;33.0;;33.6;30.5;;;;;;116.0;9.0;4.5
2022/08/27;1500 UTC;0.0;991.4;992.3;991.4;3234.0;34.5;;34.5;32.4;;;;;;120.0;9.4;4.7
2022/08/27;1600 UTC;0.0;990.2;991.4;990.2;3257.9;34.8;;35.7;33.9;;;;;;109.0;8.9;3.4
2022/08/27;1700 UTC;0.0;989.2;990.2;989.2;3059.6;35.6;;36.6;34.7;;;;;;149.0;8.9;3.7
2022/08/27;1800 UTC;0.0;988.4;989.2;988.4;2630.9;35.7;;36.9;35.3;;;;;;147.0;11.0;3.4
2022/08/27;1900 UTC;0.0;988.0;988.5;988.0;1918.4;35.7;;37.0;35.6;;;;;;100.0;8.1;2.9
2022/08/27;2000 UTC;0.0;988.1;988.2;987.8;1221.0;35.7;;36.1;35.3;;;;;;145.0;10.5;1.0
2022/08/27;2100 UTC;0.0;988.6;988.6;988.1;264.5;32.6;;35.7;32.6;;;;;;115.0;5.2;0.9
2022/08/27;2200 UTC;0.0;988.9;988.9;988.6;;27.9;;32.6;27.9;;;;;;125.0;1.8;0.0
2022/08/27;2300 UTC;0.0;989.2;989.2;988.8;;25.3;;28.0;25.3;;;;;;145.0;2.3;0.6
2022/08/28;0000 UTC;0.0;989.8;989.8;989.2;;24.1;;25.3;23.7;;;;;;132.0;2.1;0.2
2022/08/28;0100 UTC;0.0;990.4;990.4;989.8;;22.1;;24.1;22.1;;;;;;141.0;1.8;1.0
2022/08/28;0200 UTC;0.0;990.8;990.8;990.4;;21.8;;22.6;21.5;;;;;;150.0;2.2;0.8
2022/08/28;0300 UTC;0.0;990.8;991.0;990.8;;20.5;;21.8;20.5;;;;;;136.0;1.9;0.0
2022/08/28;0400 UTC;0.0;990.5;990.8;990.5;;20.0;;20.5;20.0;;;;;;90.0;0.9;0.0
2022/08/28;0500 UTC;0.0;990.1;990.5;990.1;;18.7;;20.4;18.7;;;;;;98.0;1.5;0.0
2022/08/28;0600 UTC;0.0;989.9;990.1;989.8;;18.4;;18.9;18.4;;;;;;6.0;0.0;0.0
2022/08/28;0700 UTC;0.0;990.5;990.5;989.9;;18.4;;19.2;17.9;;;;;;74.0;3.9;0.0
2022/08/28;0800 UTC;0.0;990.9;990.9;990.5;;17.9;;18.4;17.3;;;;;;309.0;0.8;0.0
2022/08/28;0900 UTC;0.0;991.4;991.4;990.9;;16.4;;17.9;16.4;;;;;;171.0;0.9;0.1
2022/08/28;1000 UTC;0.0;992.3;992.3;991.4;148.9;18.0;;18.0;16.4;;;;;;116.0;0.9;0.0
2022/08/28;1100 UTC;0.0;993.1;993.2;992.3;830.3;24.4;;24.4;18.0;;;;;;80.0;0.4;0.0
2022/08/28;1200 UTC;0.0;993.8;993.8;993.1;1667.7;29.0;;29.0;24.4;;;;;;100.0;5.0;3.0
2022/08/28;1300 UTC;0.0;994.0;994.1;993.8;2395.0;31.1;;31.5;28.7;;;;;;105.0;6.7;3.6
2022/08/28;1400 UTC;0.0;993.7;994.1;993.7;2931.0;33.6;;33.8;31.1;;;;;;103.0;7.6;4.0
2022/08/28;1500 UTC;0.0;992.9;993.7;992.9;3219.8;34.4;;35.0;33.1;;;;;;136.0;7.9;3.2
2022/08/28;1600 UTC;0.0;991.7;992.9;991.7;3231.6;35.5;;36.1;34.4;;;;;;86.0;8.8;1.3
2022/08/28;1700 UTC;0.0;990.6;991.7;990.6;3070.4;37.0;;37.1;35.3;;;;;;141.0;6.9;1.9
2022/08/28;1800 UTC;0.0;989.7;990.6;989.7;2604.7;35.9;;37.6;35.9;;;;;;126.0;8.0;2.7
2022/08/28;1900 UTC;0.0;989.4;989.7;989.4;2024.2;36.5;;37.2;35.9;;;;;;140.0;7.7;3.6
2022/08/28;2000 UTC;0.0;989.3;989.4;989.2;1231.6;35.8;;36.7;35.8;;;;;;138.0;6.8;3.8
2022/08/28;2100 UTC;0.0;989.6;989.6;989.3;262.4;32.4;;35.9;32.4;;;;;;157.0;5.8;2.0
2022/08/28;2200 UTC;0.0;990.1;990.1;989.6;;26.5;;32.4;26.5;;;;;;153.0;2.9;1.2
2022/08/28;2300 UTC;0.0;990.7;990.7;990.1;;24.9;;26.6;24.9;;;;;;149.0;2.5;0.3
2022/08/29;0000 UTC;0.0;991.2;991.2;990.7;;21.8;;24.9;21.8;;;;;;119.0;3.5;1.6
2022/08/29;0100 UTC;0.0;991.6;991.6;991.2;;21.2;;22.1;20.9;;;;;;153.0;2.3;0.0
2022/08/29;0200 UTC;0.0;992.0;992.0;991.6;;19.9;;21.2;19.9;;;;;;155.0;0.0;0.0
2022/08/29;0300 UTC;0.0;991.7;992.0;991.7;;19.3;;19.9;18.6;;;;;;170.0;0.0;0.0
2022/08/29;0400 UTC;0.0;991.0;991.7;991.0;;17.8;;19.3;17.8;;;;;;113.0;0.0;0.0
2022/08/29;0500 UTC;0.0;990.6;991.0;990.6;;16.9;;17.8;16.9;;;;;;117.0;1.8;0.2
2022/08/29;0600 UTC;0.0;990.3;990.8;990.3;;16.3;;17.0;16.3;;;;;;55.0;3.1;0.7
2022/08/29;0700 UTC;0.0;990.4;990.7;990.2;;16.3;;17.4;16.1;;;;;;175.0;4.9;0.8
2022/08/29;0800 UTC;0.0;990.6;990.6;990.3;;15.4;;16.3;15.4;;;;;;111.0;2.6;0.1
2022/08/29;0900 UTC;0.0;991.0;991.0;990.6;;15.0;;15.6;14.9;;;;;;113.0;1.1;0.3
2022/08/29;1000 UTC;0.0;991.9;991.9;991.0;132.8;16.7;;16.7;14.7;;;;;;102.0;1.0;0.0
2022/08/29;1100 UTC;0.0;992.8;992.8;991.9;840.6;22.4;;22.4;16.7;;;;;;319.0;1.6;0.0
2022/08/29;1200 UTC;0.0;993.0;993.0;992.4;1719.2;27.6;;27.6;22.4;;;;;;7.0;2.8;0.3
2022/08/29;1300 UTC;0.0;993.0;993.2;992.9;2421.2;32.1;;32.1;27.4;;;;;;74.0;3.4;1.6
2022/08/29;1400 UTC;0.0;992.6;993.0;992.6;2920.9;34.2;;34.8;31.9;;;;;;89.0;6.9;3.4
2022/08/29;1500 UTC;0.0;991.7;992.6;991.7;3201.2;35.5;;35.7;34.0;;;;;;112.0;6.9;1.0
2022/08/29;1600 UTC;0.0;990.4;991.7;990.4;3247.7;36.8;;37.2;35.0;;;;;;78.0;7.6;1.5
2022/08/29;1700 UTC;0.0;989.1;990.4;989.1;3062.7;36.7;;38.0;36.4;;;;;;126.0;7.6;3.8
2022/08/29;1800 UTC;0.0;988.1;989.1;988.1;2648.6;37.6;;38.2;36.8;;;;;;79.0;10.2;1.1
2022/08/29;1900 UTC;0.0;987.6;988.1;987.6;1965.9;37.5;;38.2;36.8;;;;;;72.0;6.5;1.8
2022/08/29;2000 UTC;0.0;987.7;987.8;987.6;1234.8;36.9;;37.9;36.9;;;;;;87.0;7.8;0.6
2022/08/29;2100 UTC;0.0;988.2;988.2;987.7;267.6;34.0;;37.3;34.0;;;;;;115.0;3.0;0.1
2022/08/29;2200 UTC;0.0;988.9;988.9;988.2;;28.5;;34.0;28.5;;;;;;183.0;2.6;1.0
2022/08/29;2300 UTC;0.0;989.7;989.7;988.9;;24.7;;28.6;24.7;;;;;;139.0;2.0;0.1
2022/08/30;0000 UTC;0.0;990.3;990.4;989.7;;23.8;;25.8;23.2;;;;;;138.0;1.5;0.0
2022/08/30;0100 UTC;0.0;991.2;991.2;990.3;;22.1;;23.8;22.1;;;;;;281.0;1.2;0.0
2022/08/30;0200 UTC;0.0;991.7;991.7;991.2;;22.7;;23.2;21.5;;;;;;269.0;1.7;0.0
2022/08/30;0300 UTC;0.0;991.5;991.7;991.5;;20.3;;22.7;20.3;;;;;;351.0;1.5;0.0
2022/08/30;0400 UTC;0.0;991.2;991.8;991.2;;21.4;;22.5;19.8;;;;;;253.0;3.6;1.3
2022/08/30;0500 UTC;0.0;990.8;991.2;990.8;;20.7;;22.3;20.5;;;;;;168.0;2.9;0.2
2022/08/30;0600 UTC;0.0;990.4;990.8;990.4;;20.5;;21.0;20.3;;;;;;90.0;1.2;0.0
2022/08/30;0700 UTC;0.0;990.2;990.4;990.2;;19.0;;20.5;19.0;;;;;;123.0;0.9;0.1
2022/08/30;0800 UTC;0.0;990.3;990.5;990.1;;19.3;;19.4;18.3;;;;;;180.0;0.8;0.0
2022/08/30;0900 UTC;0.0;990.7;990.8;990.3;;18.0;;19.4;18.0;;;;;;120.0;3.3;0.0
2022/08/30;1000 UTC;0.0;991.4;991.4;990.7;145.4;19.9;;19.9;17.7;;;;;;117.0;0.0;0.0
2022/08/30;1100 UTC;0.0;992.2;992.2;991.4;829.4;25.2;;25.2;19.5;;;;;;303.0;2.4;0.0
2022/08/30;1200 UTC;0.0;992.6;992.7;992.2;1665.3;29.0;;29.3;25.1;;;;;;113.0;2.7;0.2
2022/08/30;1300 UTC;0.0;992.7;992.8;992.5;2352.3;33.2;;33.2;29.1;;;;;;40.0;7.6;4.5
2022/08/30;1400 UTC;0.0;992.1;992.7;992.1;2846.5;34.5;;34.6;33.0;;;;;;63.0;9.4;5.1
2022/08/30;1500 UTC;0.0;991.3;992.1;991.3;3187.0;35.5;;36.2;33.6;;;;;;75.0;9.9;4.5
2022/08/30;1600 UTC;0.0;990.2;991.4;990.2;3243.3;36.0;;36.4;35.1;;;;;;88.0;9.5;3.9
2022/08/30;1700 UTC;0.0;988.9;990.2;988.9;3045.4;36.4;;37.0;35.2;;;;;;113.0;9.6;4.3
2022/08/30;1800 UTC;0.0;988.0;988.9;987.9;2703.3;36.9;;37.6;36.0;;;;;;79.0;8.4;4.1
2022/08/30;1900 UTC;0.0;987.6;988.0;987.6;2065.9;36.4;;37.3;36.2;;;;;;104.0;8.4;3.4
2022/08/30;2000 UTC;0.0;987.7;987.7;987.5;1058.8;35.5;;36.8;35.1;;;;;;150.0;8.3;2.2
2022/08/30;2100 UTC;0.0;988.1;988.1;987.7;294.8;33.0;;35.9;33.0;;;;;;125.0;6.2;1.4
2022/08/30;2200 UTC;0.0;988.8;988.8;988.1;;28.2;;33.0;28.2;;;;;;149.0;2.8;0.7
2022/08/30;2300 UTC;0.0;989.7;989.7;988.8;;25.9;;28.1;25.9;;;;;;130.0;1.9;0.0
2022/08/31;0000 UTC;0.0;990.6;990.6;989.6;;23.9;;26.3;23.9;;;;;;140.0;0.7;0.0
2022/08/31;0100 UTC;0.0;991.6;991.6;990.6;;25.0;;25.0;22.6;;;;;;167.0;4.5;1.8
2022/08/31;0200 UTC;0.0;991.9;991.9;991.6;;22.8;;25.6;22.5;;;;;;154.0;4.5;0.0
2022/08/31;0300 UTC;0.0;991.6;991.9;991.6;;22.4;;22.9;22.1;;;;;;199.0;0.5;0.0
2022/08/31;0400 UTC;0.0;991.0;991.7;991.0;;21.8;;22.5;21.4;;;;;;56.0;1.1;0.0
2022/08/31;0500 UTC;0.0;990.6;991.0;990.6;;20.6;;21.8;20.4;;;;;;181.0;1.2;0.0
2022/08/31;0600 UTC;0.0;990.6;990.8;990.6;;21.1;;22.6;20.6;;;;;;30.0;2.3;0.0
2022/08/31;0700 UTC;0.0;990.9;990.9;990.5;;20.3;;21.1;20.3;;;;;;130.0;1.7;0.9
2022/08/31;0800 UTC;0.0;991.3;991.3;990.8;;19.5;;20.5;19.4;;;;;;180.0;1.9;0.4
2022/08/31;0900 UTC;0.0;992.4;992.4;991.3;;18.9;;20.1;18.9;;;;;;120.0;2.8;1.9
2022/08/31;1000 UTC;0.0;993.3;993.3;992.4;130.9;20.9;;20.9;18.9;;;;;;125.0;2.8;0.1
2022/08/31;1100 UTC;0.0;994.0;994.0;993.2;804.4;26.5;;26.6;20.9;;;;;;104.0;4.9;3.2
2022/08/31;1200 UTC;0.0;994.7;994.7;994.0;1628.4;29.9;;30.0;26.6;;;;;;109.0;7.7;5.2
2022/08/31;1300 UTC;0.0;994.6;994.7;994.5;2391.2;31.6;;32.3;29.9;;;;;;92.0;11.5;7.4
2022/08/31;1400 UTC;0.0;994.2;994.7;994.2;2923.5;33.2;;33.6;31.5;;;;;;97.0;11.5;5.6
2022/08/31;1500 UTC;0.0;993.3;994.2;993.3;3211.0;32.9;;34.0;32.4;;;;;;108.0;10.0;4.8
2022/08/31;1600 UTC;0.0;992.0;993.3;992.0;3226.3;34.3;;35.3;32.8;;;;;;121.0;10.2;4.2
2022/08/31;1700 UTC;0.0;990.6;991.9;990.5;3043.3;36.1;;36.1;34.2;;;;;;92.0;8.8;2.2
2022/08/31;1800 UTC;0.0;989.4;990.6;989.3;2647.0;35.7;;36.1;34.9;;;;;;139.0;8.2;2.7
2022/08/31;1900 UTC;0.0;989.0;989.4;989.0;1855.1;35.7;;36.6;35.2;;;;;;116.0;8.1;3.8
2022/08/31;2000 UTC;0.0;988.7;989.0;988.7;1207.5;35.0;;36.2;35.0;;;;;;154.0;6.8;3.2
2022/08/31;2100 UTC;0.0;988.9;988.9;988.7;363.9;32.6;;35.3;32.6;;;;;;132.0;5.1;1.1
2022/08/31;2200 UTC;0.0;989.6;989.6;988.9;;28.3;;32.6;28.3;;;;;;158.0;2.3;1.3
2022/08/31;2300 UTC;0.0;990.2;990.2;989.6;;25.5;;28.3;25.5;;;;;;115.0;2.3;0.0
2022/09/01;0000 UTC;0.0;990.8;990.8;990.2;;24.4;;25.8;24.4;;;;;;117.0;1.7;0.0
2022/09/01;0100 UTC;0.0;991.3;991.3;990.8;;23.3;;24.6;23.3;;;;;;141.0;0.4;0.0
2022/09/01;0200 UTC;0.0;991.6;991.6;991.3;;22.9;;23.3;22.0;;;;;;145.0;0.5;0.0
2022/09/01;0300 UTC;0.0;991.4;991.6;991.4;;21.4;;22.9;21.1;;;;;;156.0;0.0;0.0
2022/09/01;0400 UTC;0.0;990.5;991.4;990.5;;20.2;;21.4;20.2;;;;;;103.0;0.0;0.0
2022/09/01;0500 UTC;0.0;990.0;990.5;990.0;;19.7;;20.4;19.7;;;;;;7.0;1.8;0.0
2022/09/01;0600 UTC;0.0;989.9;990.0;989.7;;18.5;;19.7;18.4;;;;;;254.0;0.0;0.0
2022/09/01;0700 UTC;0.0;989.4;989.9;989.3;;17.3;;18.5;17.2;;;;;;132.0;1.4;0.2
2022/09/01;0800 UTC;0.0;989.5;989.5;989.3;;17.0;;17.3;16.8;;;;;;101.0;1.0;0.0
2022/09/01;0900 UTC;0.0;990.6;990.6;989.5;;16.5;;17.0;16.3;;;;;;311.0;1.8;0.0
2022/09/01;1000 UTC;0.0;991.4;991.5;990.6;149.2;19.4;;19.4;16.4;;;;;;66.0;1.0;0.0
2022/09/01;1100 UTC;0.0;992.0;992.0;991.4;887.1;26.6;;26.7;19.4;;;;;;112.0;9.9;5.7
2022/09/01;1200 UTC;0.0;992.7;992.7;992.0;1762.6;28.7;;29.1;26.6;;;;;;113.0;10.4;5.9
2022/09/01;1300 UTC;0.0;992.8;993.0;992.7;2466.6;31.2;;31.2;28.6;;;;;;115.0;9.9;5.0
2022/09/01;1400 UTC;0.0;992.5;992.9;992.5;2975.3;32.8;;33.1;30.4;;;;;;103.0;8.8;4.2
2022/09/01;1500 UTC;0.0;991.6;992.5;991.6;3245.8;33.1;;34.1;31.8;;;;;;100.0;9.2;4.9
2022/09/01;1600 UTC;0.0;990.6;991.6;990.5;3258.6;33.8;;34.7;32.9;;;;;;107.0;9.6;4.8
2022/09/01;1700 UTC;0.0;989.3;990.6;989.3;3059.1;35.1;;35.3;33.7;;;;;;95.0;8.5;2.6
2022/09/01;1800 UTC;0.0;988.5;989.3;988.5;2639.1;34.9;;36.1;34.6;;;;;;118.0;7.5;1.8
2022/09/01;1900 UTC;0.0;988.1;988.5;988.1;2018.7;35.4;;35.9;34.8;;;;;;112.0;6.7;2.0
2022/09/01;2000 UTC;0.0;988.2;988.2;988.0;1238.8;34.8;;35.6;34.7;;;;;;111.0;6.5;3.5
2022/09/01;2100 UTC;0.0;988.4;988.5;988.2;376.6;32.0;;34.9;32.0;;;;;;165.0;6.3;2.1
2022/09/01;2200 UTC;0.0;988.9;988.9;988.4;;27.3;;32.0;27.2;;;;;;129.0;3.5;0.0
2022/09/01;2300 UTC;0.0;989.5;989.5;988.9;;23.7;;27.3;23.7;;;;;;123.0;2.0;0.0
2022/09/02;0000 UTC;0.0;990.2;990.3;989.5;;22.1;;24.2;22.1;;;;;;151.0;2.4;0.1
2022/09/02;0100 UTC;0.0;990.8;990.8;990.2;;20.5;;22.5;20.5;;;;;;138.0;2.0;0.0
2022/09/02;0200 UTC;0.0;990.8;991.0;990.8;;19.9;;20.8;19.9;;;;;;134.0;0.0;0.0
2022/09/02;0300 UTC;0.0;990.8;990.9;990.7;;19.4;;19.9;19.4;;;;;;282.0;0.0;0.0
2022/09/02;0400 UTC;0.0;990.2;990.8;990.2;;18.1;;19.4;18.1;;;;;;112.0;0.0;0.0
2022/09/02;0500 UTC;0.0;989.7;990.3;989.7;;17.1;;18.2;17.1;;;;;;119.0;0.0;0.0
2022/09/02;0600 UTC;0.0;989.7;989.7;989.6;;16.6;;17.1;16.5;;;;;;112.0;0.0;0.0
2022/09/02;0700 UTC;0.0;989.7;989.8;989.6;;15.8;;16.7;15.7;;;;;;110.0;0.0;0.0
2022/09/02;0800 UTC;0.0;990.2;990.2;989.6;;16.0;;16.0;15.1;;;;;;172.0;0.0;0.0
2022/09/02;0900 UTC;0.0;991.2;991.2;990.2;;14.8;;16.3;14.8;;;;;;115.0;0.0;0.0
2022/09/02;1000 UTC;0.0;991.9;991.9;991.2;144.7;17.7;;17.7;14.7;;;;;;232.0;0.0;0.0
2022/09/02;1100 UTC;0.0;992.4;992.4;991.9;853.2;24.8;;24.8;17.7;;;;;;91.0;2.1;0.0
2022/09/02;1200 UTC;0.0;992.9;992.9;992.4;1731.9;29.0;;29.0;24.8;;;;;;96.0;6.7;3.9
2022/09/02;1300 UTC;0.0;993.2;993.3;992.9;2419.8;30.8;;31.5;28.9;;;;;;86.0;10.0;4.6
2022/09/02;1400 UTC;0.0;992.6;993.2;992.6;2901.8;32.1;;32.7;30.7;;;;;;102.0;9.4;5.9
2022/09/02;1500 UTC;0.0;991.8;992.6;991.8;3254.2;33.8;;34.7;32.1;;;;;;82.0;9.4;3.7
2022/09/02;1600 UTC;0.0;990.7;991.8;990.7;3264.4;35.2;;35.6;33.7;;;;;;66.0;7.4;2.6
2022/09/02;1700 UTC;0.0;989.6;990.7;989.6;3013.5;35.5;;35.9;34.4;;;;;;119.0;7.3;3.2
2022/09/02;1800 UTC;0.0;989.0;989.6;989.0;2617.1;35.7;;36.6;35.0;;;;;;89.0;8.0;3.3
2022/09/02;1900 UTC;0.0;988.9;989.1;988.8;1864.4;35.4;;36.3;35.3;;;;;;109.0;7.4;2.2
2022/09/02;2000 UTC;0.0;989.1;989.1;988.9;1064.6;35.1;;35.6;35.1;;;;;;112.0;6.6;3.0
2022/09/02;2100 UTC;0.0;989.5;989.5;989.1;383.7;32.2;;35.4;32.2;;;;;;123.0;5.0;0.9
2022/09/02;2200 UTC;0.0;990.2;990.2;989.5;;27.6;;32.2;27.6;;;;;;166.0;3.2;1.4
2022/09/02;2300 UTC;0.0;990.8;990.8;990.2;;25.2;;27.9;24.4;;;;;;146.0;2.2;0.4
2022/09/03;0000 UTC;0.0;991.5;991.5;990.8;;23.5;;25.2;23.5;;;;;;134.0;2.9;1.3
2022/09/03;0100 UTC;0.0;991.7;991.7;991.4;;23.5;;24.8;22.4;;;;;;142.0;1.9;1.2
2022/09/03;0200 UTC;0.0;992.0;992.0;991.7;;22.7;;23.7;21.8;;;;;;136.0;1.7;1.2
2022/09/03;0300 UTC;0.0;991.9;992.0;991.9;;21.0;;22.9;21.0;;;;;;73.0;2.1;0.0
2022/09/03;0400 UTC;0.0;991.1;991.9;991.1;;20.1;;21.0;20.0;;;;;;14.0;0.0;0.0
2022/09/03;0500 UTC;0.0;990.5;991.1;990.5;;21.0;;21.1;19.7;;;;;;310.0;1.2;0.0
2022/09/03;0600 UTC;0.0;990.6;990.6;990.4;;21.0;;21.4;20.1;;;;;;88.0;3.3;0.1
2022/09/03;0700 UTC;0.0;990.5;990.8;990.4;;22.2;;22.2;20.6;;;;;;255.0;1.8;0.0
2022/09/03;0800 UTC;0.0;990.7;990.7;990.3;;21.0;;23.0;21.0;;;;;;45.0;6.1;0.0
2022/09/03;0900 UTC;0.0;991.7;991.7;990.7;;21.5;;21.5;20.7;;;;;;195.0;8.5;0.0
2022/09/03;1000 UTC;0.0;992.5;992.5;991.7;94.4;22.0;;22.0;21.4;;;;;;14.0;0.0;0.0
2022/09/03;1100 UTC;0.0;993.1;993.1;992.5;796.0;27.5;;27.5;22.0;;;;;;320.0;0.0;0.0
2022/09/03;1200 UTC;0.0;993.5;993.5;993.1;1585.3;29.8;;30.0;27.5;;;;;;89.0;4.4;2.8
2022/09/03;1300 UTC;0.0;993.3;993.6;993.3;2413.0;32.9;;33.1;29.7;;;;;;89.0;8.0;4.0
2022/09/03;1400 UTC;0.0;992.6;993.3;992.6;2873.5;34.5;;35.1;32.9;;;;;;89.0;9.1;3.8
2022/09/03;1500 UTC;0.0;991.7;992.6;991.7;3313.9;36.0;;36.7;34.3;;;;;;66.0;9.1;3.5
2022/09/03;1600 UTC;0.0;990.5;991.7;990.5;1802.8;35.4;;36.9;34.5;;;;;;67.0;8.9;1.8
2022/09/03;1700 UTC;0.0;989.5;990.5;989.5;2080.4;36.5;;37.2;34.8;;;;;;106.0;8.1;1.4
2022/09/03;1800 UTC;0.0;988.9;989.5;988.9;2791.2;36.5;;37.8;36.2;;;;;;129.0;7.7;4.2
2022/09/03;1900 UTC;0.0;988.5;988.9;988.5;1878.4;36.9;;37.4;36.0;;;;;;102.0;7.2;2.7
2022/09/03;2000 UTC;0.0;988.5;988.6;988.5;729.7;35.1;;37.3;35.1;;;;;;97.0;7.2;0.0
2022/09/03;2100 UTC;0.0;989.0;989.0;988.5;207.8;32.7;;35.3;32.7;;;;;;120.0;2.2;0.0
2022/09/03;2200 UTC;0.0;989.6;989.6;988.9;;27.8;;32.7;27.8;;;;;;114.0;1.5;0.3
2022/09/03;2300 UTC;0.0;990.3;990.3;989.6;;26.2;;27.8;26.2;;;;;;136.0;1.2;0.0
2022/09/04;0000 UTC;0.0;991.0;991.0;990.3;;25.0;;26.2;24.9;;;;;;72.0;0.0;0.0
2022/09/04;0100 UTC;0.0;991.4;991.4;991.0;;25.1;;25.6;25.0;;;;;;7.0;0.9;0.0
2022/09/04;0200 UTC;0.0;991.7;991.8;991.4;;24.0;;25.1;24.0;;;;;;291.0;0.2;0.0
2022/09/04;0300 UTC;0.0;991.2;991.7;991.2;;22.3;;24.0;22.3;;;;;;106.0;1.3;0.1
2022/09/04;0400 UTC;0.0;990.5;991.2;990.5;;21.7;;22.5;21.7;;;;;;331.0;1.5;0.0
2022/09/04;0500 UTC;0.0;990.2;990.5;990.2;;20.1;;21.7;20.1;;;;;;130.0;1.0;0.1
2022/09/04;0600 UTC;0.0;989.8;990.2;989.8;;19.4;;20.1;19.4;;;;;;120.0;1.0;0.0
2022/09/04;0700 UTC;0.0;989.7;989.9;989.6;;18.7;;19.7;18.7;;;;;;113.0;0.6;0.0
2022/09/04;0800 UTC;0.0;990.0;990.1;989.7;;17.8;;18.7;17.8;;;;;;123.0;0.0;0.0
2022/09/04;0900 UTC;0.0;990.5;990.5;990.0;;17.2;;17.8;17.2;;;;;;131.0;0.0;0.0
2022/09/04;1000 UTC;0.0;991.1;991.2;990.5;161.5;19.1;;19.1;17.1;;;;;;134.0;0.0;0.0
2022/09/04;1100 UTC;0.0;992.6;992.7;991.1;874.3;24.1;;24.1;19.1;;;;;;117.0;4.2;2.4
2022/09/04;1200 UTC;0.0;993.0;993.0;992.4;1727.7;29.7;;30.0;23.9;;;;;;111.0;4.3;2.9
2022/09/04;1300 UTC;0.0;992.9;993.1;992.9;2392.1;32.4;;32.8;29.7;;;;;;102.0;7.3;4.3
2022/09/04;1400 UTC;0.0;992.4;993.0;992.4;2850.8;34.3;;35.4;32.2;;;;;;100.0;8.9;4.4
2022/09/04;1500 UTC;0.0;991.5;992.4;991.5;3208.4;35.6;;36.3;34.2;;;;;;93.0;9.3;3.3
2022/09/04;1600 UTC;0.0;990.4;991.5;990.4;3271.8;36.7;;37.6;35.2;;;;;;123.0;8.6;4.1
2022/09/04;1700 UTC;0.0;989.2;990.4;989.2;3063.8;37.3;;38.2;36.3;;;;;;122.0;8.8;3.7
2022/09/04;1800 UTC;0.0;988.5;989.2;988.5;2631.0;37.9;;38.2;36.6;;;;;;106.0;8.5;1.4
2022/09/04;1900 UTC;0.0;988.2;988.5;988.2;1988.5;37.3;;38.1;37.0;;;;;;115.0;7.3;3.8
2022/09/04;2000 UTC;0.0;988.4;988.4;988.2;1175.0;36.8;;37.4;36.7;;;;;;78.0;7.5;1.7
2022/09/04;2100 UTC;0.0;988.9;988.9;988.4;310.0;34.2;;36.8;34.2;;;;;;75.0;5.5;0.0
2022/09/04;2200 UTC;0.0;989.4;989.4;988.9;;30.0;;34.2;30.0;;;;;;127.0;1.1;0.0
2022/09/04;2300 UTC;0.0;990.1;990.1;989.4;;27.5;;30.0;27.5;;;;;;121.0;2.5;0.0
2022/09/05;0000 UTC;0.0;990.9;990.9;990.1;;27.5;;27.9;27.2;;;;;;126.0;4.2;0.0
2022/09/05;0100 UTC;0.0;991.4;991.4;990.9;;25.3;;27.5;25.3;;;;;;129.0;0.0;0.0
2022/09/05;0200 UTC;0.0;991.7;991.7;991.4;;24.5;;25.3;24.5;;;;;;138.0;0.0;0.0
2022/09/05;0300 UTC;0.0;991.5;991.7;991.5;;23.8;;24.5;23.8;;;;;;192.0;1.3;0.1
2022/09/05;0400 UTC;0.0;991.1;991.6;991.1;;22.6;;24.0;22.6;;;;;;111.0;1.3;0.0
2022/09/05;0500 UTC;0.0;990.3;991.1;990.3;;21.9;;22.7;21.9;;;;;;94.0;1.3;0.0
2022/09/05;0600 UTC;0.0;990.1;990.3;990.1;;21.0;;21.9;21.0;;;;;;132.0;1.1;0.1
2022/09/05;0700 UTC;0.0;990.4;990.4;990.1;;20.0;;21.0;20.0;;;;;;133.0;1.1;0.0
2022/09/05;0800 UTC;0.0;991.1;991.1;990.4;;19.3;;20.1;19.3;;;;;;127.0;2.6;2.0
2022/09/05;0900 UTC;0.0;992.0;992.3;991.1;;19.7;;19.8;19.1;;;;;;116.0;5.1;1.0
2022/09/05;1000 UTC;0.0;993.0;993.0;992.0;156.7;22.0;;22.0;19.7;;;;;;133.0;2.0;0.0
2022/09/05;1100 UTC;0.0;993.7;993.7;993.0;868.0;27.8;;27.8;22.0;;;;;;65.0;2.7;0.9
2022/09/05;1200 UTC;0.0;994.1;994.1;993.7;1724.6;30.3;;30.3;27.8;;;;;;41.0;7.1;3.7
2022/09/05;1300 UTC;0.0;993.8;994.1;993.8;2391.4;32.5;;32.7;30.2;;;;;;64.0;10.1;4.5
2022/09/05;1400 UTC;0.0;993.2;993.8;993.2;2879.2;34.6;;34.7;32.3;;;;;;75.0;10.4;4.6
2022/09/05;1500 UTC;0.0;992.3;993.2;992.3;3184.6;34.9;;36.3;34.3;;;;;;83.0;10.5;5.5
2022/09/05;1600 UTC;0.0;990.9;992.3;990.9;3255.0;36.9;;37.6;34.9;;;;;;86.0;9.5;3.2
2022/09/05;1700 UTC;0.0;989.8;990.9;989.8;2594.2;36.7;;38.0;36.5;;;;;;77.0;7.9;3.4
2022/09/05;1800 UTC;0.0;988.6;989.8;988.6;2715.9;38.0;;38.7;36.5;;;;;;90.0;9.1;2.6
2022/09/05;1900 UTC;0.0;988.4;988.6;988.3;1929.8;37.6;;38.6;37.5;;;;;;115.0;9.0;4.3
2022/09/05;2000 UTC;0.0;988.6;988.6;988.4;1155.4;37.2;;38.2;37.2;;;;;;119.0;8.3;3.9
2022/09/05;2100 UTC;0.0;989.1;989.1;988.6;287.3;33.9;;37.2;33.9;;;;;;112.0;5.6;1.7
2022/09/05;2200 UTC;0.0;989.9;989.9;989.1;;30.0;;33.8;30.0;;;;;;107.0;3.2;0.8
2022/09/05;2300 UTC;0.0;990.6;990.6;989.9;;27.9;;30.0;27.9;;;;;;127.0;1.7;0.0
2022/09/06;0000 UTC;0.0;991.4;991.4;990.6;;26.5;;27.9;26.5;;;;;;118.0;0.0;0.0
2022/09/06;0100 UTC;0.0;992.0;992.0;991.4;;24.4;;26.7;24.4;;;;;;138.0;0.0;0.0
2022/09/06;0200 UTC;0.0;992.4;992.5;992.0;;24.0;;24.6;23.7;;;;;;146.0;0.0;0.0
2022/09/06;0300 UTC;0.0;992.5;992.7;992.4;;24.4;;24.7;22.7;;;;;;330.0;2.8;0.0
2022/09/06;0400 UTC;0.0;991.8;992.5;991.8;;24.6;;25.6;24.4;;;;;;161.0;0.0;0.0
2022/09/06;0500 UTC;0.0;991.1;991.8;991.1;;22.7;;24.6;22.7;;;;;;125.0;0.0;0.0
2022/09/06;0600 UTC;0.0;991.0;991.2;991.0;;21.7;;22.7;21.7;;;;;;101.0;0.0;0.0
2022/09/06;0700 UTC;0.0;991.5;991.5;991.0;;21.0;;21.7;20.9;;;;;;130.0;0.0;0.0
2022/09/06;0800 UTC;0.0;992.4;992.5;991.5;;21.3;;21.3;20.4;;;;;;138.0;4.0;1.9
2022/09/06;0900 UTC;0.0;993.3;993.3;992.4;;20.0;;21.4;20.0;;;;;;107.0;3.6;0.7
2022/09/06;1000 UTC;0.0;994.2;994.2;993.3;166.7;24.2;;24.2;19.8;;;;;;110.0;3.6;1.8
2022/09/06;1100 UTC;0.0;994.7;994.7;994.2;885.0;28.7;;28.7;24.2;;;;;;81.0;5.6;2.1
2022/09/06;1200 UTC;0.0;995.0;995.1;994.7;1704.0;31.2;;31.4;28.7;;;;;;76.0;10.8;5.4
2022/09/06;1300 UTC;0.0;994.9;995.1;994.9;2381.7;32.7;;33.0;30.9;;;;;;63.0;11.0;5.7
2022/09/06;1400 UTC;0.0;994.3;994.9;994.3;2823.6;33.3;;34.2;32.5;;;;;;99.0;9.8;5.0
2022/09/06;1500 UTC;0.0;993.3;994.3;993.2;3175.5;35.0;;35.6;33.3;;;;;;95.0;9.3;4.9
2022/09/06;1600 UTC;0.0;992.2;993.3;992.2;3223.6;36.2;;36.8;34.5;;;;;;124.0;9.2;4.5
2022/09/06;1700 UTC;0.0;990.8;992.2;990.8;3018.7;36.8;;37.6;35.5;;;;;;120.0;10.5;4.3
2022/09/06;1800 UTC;0.0;989.7;990.8;989.6;2638.0;36.9;;37.9;36.3;;;;;;114.0;9.1;5.0
2022/09/06;1900 UTC;0.0;989.2;989.7;989.2;2041.8;37.5;;37.6;36.3;;;;;;111.0;9.1;5.5
2022/09/06;2000 UTC;0.0;989.3;989.3;989.2;851.9;36.3;;37.5;35.5;;;;;;114.0;8.6;2.5
2022/09/06;2100 UTC;0.0;989.9;989.9;989.3;362.7;32.9;;36.5;32.9;;;;;;110.0;5.4;1.7
2022/09/06;2200 UTC;0.0;990.6;990.6;989.9;;29.1;;32.9;29.1;;;;;;121.0;3.7;0.5
2022/09/06;2300 UTC;0.0;991.5;991.5;990.6;;27.2;;29.1;27.2;;;;;;134.0;1.9;0.0
2022/09/07;0000 UTC;0.0;992.2;992.2;991.5;;24.4;;27.1;24.4;;;;;;137.0;0.0;0.0
2022/09/07;0100 UTC;0.0;992.7;992.7;992.2;;23.6;;24.4;23.6;;;;;;149.0;0.0;0.0
2022/09/07;0200 UTC;0.0;993.1;993.1;992.6;;22.3;;23.6;22.3;;;;;;172.0;0.0;0.0
2022/09/07;0300 UTC;0.0;992.9;993.2;992.9;;22.4;;22.6;21.7;;;;;;244.0;0.0;0.0
2022/09/07;0400 UTC;0.0;992.2;992.9;992.2;;20.1;;22.4;20.1;;;;;;152.0;0.0;0.0
2022/09/07;0500 UTC;0.0;991.6;992.2;991.6;;19.5;;20.1;19.5;;;;;;113.0;0.0;0.0
2022/09/07;0600 UTC;0.0;991.5;991.6;991.5;;18.9;;19.8;18.8;;;;;;137.0;0.0;0.0
2022/09/07;0700 UTC;0.0;991.7;991.7;991.4;;17.9;;19.0;17.9;;;;;;120.0;0.0;0.0
2022/09/07;0800 UTC;0.0;992.1;992.2;991.7;;17.6;;18.7;17.6;;;;;;88.0;1.2;0.0
2022/09/07;0900 UTC;0.0;992.7;992.7;992.1;;17.1;;17.7;16.9;;;;;;112.0;2.8;0.3
2022/09/07;1000 UTC;0.0;993.5;993.5;992.7;123.7;18.8;;18.8;17.1;;;;;;101.0;1.6;0.0
2022/09/07;1100 UTC;0.0;994.8;994.8;993.5;569.9;23.5;;23.5;18.8;;;;;;9.0;2.9;1.3
2022/09/07;1200 UTC;0.0;994.9;994.9;994.7;1431.8;28.0;;28.0;23.5;;;;;;8.0;7.2;3.7
2022/09/07;1300 UTC;0.0;994.7;995.0;994.7;1971.5;30.7;;30.9;28.1;;;;;;62.0;7.6;1.7
2022/09/07;1400 UTC;0.0;993.9;994.7;993.9;2814.1;31.9;;32.6;30.6;;;;;;93.0;8.3;3.4
2022/09/07;1500 UTC;0.0;992.9;993.9;992.9;3056.4;33.4;;33.7;31.7;;;;;;87.0;8.8;1.8
2022/09/07;1600 UTC;0.0;991.5;992.9;991.5;3097.0;34.0;;34.5;33.1;;;;;;119.0;7.0;1.2
2022/09/07;1700 UTC;0.0;989.8;991.5;989.8;2987.4;35.9;;36.4;33.9;;;;;;49.0;6.3;2.1
2022/09/07;1800 UTC;0.0;988.3;989.8;988.3;2596.7;36.7;;36.9;35.4;;;;;;235.0;8.0;1.4
2022/09/07;1900 UTC;0.0;988.0;988.3;987.9;1977.2;36.2;;37.4;36.0;;;;;;152.0;5.8;1.9
2022/09/07;2000 UTC;0.0;988.0;988.0;987.9;1209.9;36.3;;37.2;36.1;;;;;;109.0;4.8;2.6
2022/09/07;2100 UTC;0.0;988.5;988.5;988.0;356.2;33.2;;36.3;33.2;;;;;;113.0;4.7;0.9
2022/09/07;2200 UTC;0.0;989.3;989.3;988.5;;28.2;;33.2;28.2;;;;;;134.0;1.5;0.0
2022/09/07;2300 UTC;0.0;989.9;989.9;989.3;;25.3;;28.2;25.3;;;;;;151.0;1.4;0.0
2022/09/08;0000 UTC;0.0;990.5;990.5;989.9;;24.1;;25.3;23.9;;;;;;144.0;0.8;0.0
2022/09/08;0100 UTC;0.0;990.9;990.9;990.4;;22.8;;24.1;22.8;;;;;;135.0;0.0;0.0
2022/09/08;0200 UTC;0.0;990.9;991.0;990.9;;22.8;;23.9;22.7;;;;;;152.0;1.3;0.2
2022/09/08;0300 UTC;0.0;990.5;991.0;990.5;;21.5;;22.8;21.4;;;;;;119.0;1.5;0.0
2022/09/08;0400 UTC;0.0;990.3;990.5;990.3;;21.8;;21.8;20.3;;;;;;319.0;2.1;0.0
2022/09/08;0500 UTC;0.0;990.1;990.3;990.0;;20.7;;22.4;20.7;;;;;;51.0;2.5;0.1
2022/09/08;0600 UTC;0.0;989.8;990.2;989.7;;19.5;;20.7;19.5;;;;;;41.0;1.9;0.0
2022/09/08;0700 UTC;0.0;989.6;989.8;989.6;;18.5;;19.9;18.4;;;;;;120.0;1.0;0.3
2022/09/08;0800 UTC;0.0;990.1;990.1;989.5;;17.5;;18.9;17.5;;;;;;116.0;2.3;1.5
2022/09/08;0900 UTC;0.0;990.9;990.9;990.0;;17.6;;17.9;17.4;;;;;;174.0;3.4;0.0
2022/09/08;1000 UTC;0.0;991.7;991.7;990.9;186.6;20.0;;20.0;17.3;;;;;;128.0;2.9;0.0
2022/09/08;1100 UTC;0.0;992.8;992.8;991.7;835.9;24.4;;24.4;20.0;;;;;;114.0;5.2;2.7
2022/09/08;1200 UTC;0.0;993.3;993.3;992.8;1740.6;30.3;;30.4;24.4;;;;;;91.0;8.0;5.4
2022/09/08;1300 UTC;0.0;993.4;993.5;993.3;2365.5;32.4;;32.4;30.2;;;;;;44.0;9.0;4.0
2022/09/08;1400 UTC;0.0;992.9;993.4;992.8;2848.2;34.1;;34.1;31.8;;;;;;52.0;9.2;3.8
2022/09/08;1500 UTC;0.0;991.9;992.9;991.9;3216.0;34.0;;35.2;33.2;;;;;;107.0;9.2;2.3
2022/09/08;1600 UTC;0.0;990.7;991.9;990.7;3162.2;34.7;;35.9;33.9;;;;;;115.0;8.6;3.7
2022/09/08;1700 UTC;0.0;989.4;990.7;989.4;2833.1;36.1;;36.4;34.6;;;;;;302.0;8.4;1.0
2022/09/08;1800 UTC;0.0;988.5;989.4;988.5;2421.2;35.9;;37.1;35.6;;;;;;115.0;6.2;2.1
2022/09/08;1900 UTC;0.0;987.9;988.5;987.9;1660.3;36.5;;36.6;35.7;;;;;;68.0;5.6;1.2
2022/09/08;2000 UTC;0.0;988.0;988.0;987.9;1154.8;36.3;;36.7;35.9;;;;;;89.0;5.1;0.1
2022/09/08;2100 UTC;0.0;988.3;988.3;988.0;330.2;33.0;;36.3;33.0;;;;;;128.0;2.9;0.1
2022/09/08;2200 UTC;0.0;988.8;988.9;988.3;;28.5;;33.0;27.2;;;;;;3.0;1.5;0.6
2022/09/08;2300 UTC;0.0;989.6;989.6;988.8;;27.2;;29.6;26.2;;;;;;191.0;1.7;0.0
2022/09/09;0000 UTC;0.0;990.3;990.3;989.6;;24.3;;27.2;24.2;;;;;;165.0;0.9;0.2
2022/09/09;0100 UTC;0.0;990.9;990.9;990.3;;23.1;;24.3;23.1;;;;;;106.0;1.5;0.0
2022/09/09;0200 UTC;0.0;990.9;991.1;990.9;;22.6;;23.1;22.6;;;;;;174.0;0.6;0.0
2022/09/09;0300 UTC;0.0;990.3;990.9;990.3;;22.0;;22.6;21.5;;;;;;224.0;0.3;0.0
2022/09/09;0400 UTC;0.0;990.0;990.3;990.0;;20.6;;22.0;20.6;;;;;;127.0;1.9;1.1
2022/09/09;0500 UTC;0.0;989.5;990.0;989.5;;20.3;;20.7;20.2;;;;;;168.0;1.4;0.0
2022/09/09;0600 UTC;0.0;989.4;989.5;989.3;;19.6;;20.5;19.6;;;;;;130.0;1.2;0.7
2022/09/09;0700 UTC;0.0;989.5;989.6;989.4;;19.4;;19.9;19.4;;;;;;143.0;1.2;0.0
2022/09/09;0800 UTC;0.0;989.9;989.9;989.4;;18.5;;19.5;18.5;;;;;;123.0;1.2;0.6
2022/09/09;0900 UTC;0.0;990.9;990.9;989.9;;18.7;;18.7;18.3;;;;;;131.0;1.2;0.0
2022/09/09;1000 UTC;0.0;992.4;992.4;990.9;141.5;20.7;;20.7;18.6;;;;;;129.0;1.7;0.4
2022/09/09;1100 UTC;0.0;993.7;993.7;992.4;672.5;22.7;;23.2;20.6;;;;;;100.0;5.3;2.0
2022/09/09;1200 UTC;0.0;993.9;994.0;993.7;1608.7;30.3;;30.4;22.7;;;;;;36.0;7.4;2.5
2022/09/09;1300 UTC;0.0;993.7;994.1;993.7;2386.6;32.6;;32.6;29.9;;;;;;66.0;9.5;3.3
2022/09/09;1400 UTC;0.0;992.9;993.7;992.9;2811.1;33.9;;34.6;32.2;;;;;;57.0;9.0;4.1
2022/09/09;1500 UTC;0.0;992.1;993.0;992.1;3132.1;34.5;;35.3;33.8;;;;;;62.0;15.0;3.7
2022/09/09;1600 UTC;0.0;991.0;992.1;991.0;2537.2;35.1;;35.5;34.1;;;;;;46.0;7.5;3.6
2022/09/09;1700 UTC;0.0;990.0;991.1;990.0;2721.6;35.5;;36.7;35.0;;;;;;65.0;7.4;2.6
2022/09/09;1800 UTC;0.0;989.1;990.0;989.1;2577.2;36.5;;36.9;35.2;;;;;;108.0;7.4;2.6
2022/09/09;1900 UTC;0.0;988.8;989.1;988.8;1944.5;36.8;;37.4;35.9;;;;;;139.0;7.4;2.0
2022/09/09;2000 UTC;0.0;989.1;989.1;988.5;812.4;35.3;;36.9;35.0;;;;;;131.0;6.8;1.9
2022/09/09;2100 UTC;0.0;989.6;989.6;989.1;349.6;33.2;;35.8;33.2;;;;;;131.0;4.3;1.6
2022/09/09;2200 UTC;0.0;990.1;990.1;989.6;;28.4;;33.2;28.4;;;;;;131.0;2.6;0.1
2022/09/09;2300 UTC;0.0;990.8;990.8;990.1;;25.7;;28.4;25.6;;;;;;109.0;0.9;0.0
2022/09/10;0000 UTC;0.0;991.7;991.7;990.8;;25.1;;25.7;24.2;;;;;;176.0;2.7;0.0
2022/09/10;0100 UTC;0.0;992.2;992.2;991.7;;23.4;;25.5;23.4;;;;;;213.0;2.0;0.2
2022/09/10;0200 UTC;0.0;992.3;992.3;992.1;;22.4;;23.9;22.4;;;;;;320.0;2.6;0.0
2022/09/10;0300 UTC;0.0;992.1;992.3;992.0;;21.4;;22.6;21.3;;;;;;128.0;3.0;0.7
2022/09/10;0400 UTC;0.0;991.6;992.1;991.6;;20.6;;21.5;20.5;;;;;;112.0;2.6;0.0
2022/09/10;0500 UTC;0.0;991.0;991.6;991.0;;20.2;;21.1;20.1;;;;;;135.0;2.8;0.5
2022/09/10;0600 UTC;0.0;990.8;991.0;990.8;;19.9;;20.2;19.6;;;;;;166.0;1.1;0.0
2022/09/10;0700 UTC;0.0;991.1;991.1;990.8;;19.4;;20.0;19.3;;;;;;165.0;1.2;0.0
2022/09/10;0800 UTC;0.0;991.3;991.3;991.0;;18.8;;19.5;18.8;;;;;;165.0;0.0;0.0
2022/09/10;0900 UTC;0.0;992.2;992.2;991.3;;18.4;;18.8;18.2;;;;;;184.0;0.0;0.0
2022/09/10;1000 UTC;0.0;993.1;993.1;992.2;133.6;20.6;;20.6;17.9;;;;;;133.0;1.0;0.0
2022/09/10;1100 UTC;0.0;993.9;993.9;993.1;876.0;24.9;;24.9;20.6;;;;;;88.0;1.8;0.2
2022/09/10;1200 UTC;0.0;994.3;994.4;993.9;1676.9;29.7;;29.7;24.8;;;;;;38.0;1.7;0.1
2022/09/10;1300 UTC;0.0;994.4;994.6;994.3;2327.0;31.9;;32.3;29.5;;;;;;76.0;5.1;1.5
2022/09/10;1400 UTC;0.0;994.1;994.4;994.1;2837.3;33.8;;34.3;31.9;;;;;;46.0;7.3;3.5
2022/09/10;1500 UTC;0.0;993.2;994.1;993.1;3160.3;34.9;;35.6;33.5;;;;;;36.0;8.7;3.8
2022/09/10;1600 UTC;0.0;992.0;993.2;992.0;3209.9;34.9;;35.9;34.3;;;;;;67.0;9.0;2.8
2022/09/10;1700 UTC;0.0;990.7;992.0;990.7;2529.6;35.7;;36.3;34.8;;;;;;85.0;8.5;1.8
2022/09/10;1800 UTC;0.0;989.7;990.7;989.7;2496.0;36.5;;37.1;35.6;;;;;;165.0;6.6;0.9
2022/09/10;1900 UTC;0.0;989.2;989.7;989.1;1882.9;37.2;;37.3;36.1;;;;;;72.0;5.8;0.4
2022/09/10;2000 UTC;0.0;989.1;989.2;989.0;1132.9;36.4;;37.2;36.2;;;;;;334.0;3.9;1.1
2022/09/10;2100 UTC;0.0;989.5;989.5;989.1;315.5;33.9;;36.6;33.9;;;;;;273.0;4.0;1.8
2022/09/10;2200 UTC;0.0;990.0;990.1;989.5;;30.2;;33.9;30.2;;;;;;231.0;2.6;0.0
2022/09/10;2300 UTC;0.0;990.7;990.7;990.1;;27.0;;30.2;26.5;;;;;;128.0;1.4;0.8
2022/09/11;0000 UTC;0.0;991.5;991.5;990.7;;25.6;;27.0;25.3;;;;;;139.0;2.0;0.2
2022/09/11;0100 UTC;0.0;992.2;992.2;991.5;;24.8;;25.8;24.3;;;;;;138.0;2.0;0.4
2022/09/11;0200 UTC;0.0;992.3;992.3;992.2;;23.4;;24.8;23.4;;;;;;79.0;1.6;0.0
2022/09/11;0300 UTC;0.0;992.0;992.3;992.0;;22.6;;23.3;22.2;;;;;;28.0;2.5;0.2
2022/09/11;0400 UTC;0.0;991.3;992.1;991.3;;21.2;;22.8;21.2;;;;;;121.0;1.2;0.0
2022/09/11;0500 UTC;0.0;990.8;991.3;990.7;;20.6;;21.2;20.6;;;;;;118.0;1.5;0.2
2022/09/11;0600 UTC;0.0;990.6;990.8;990.6;;20.0;;20.6;20.0;;;;;;137.0;2.4;0.0
2022/09/11;0700 UTC;0.0;990.5;990.6;990.4;;19.6;;20.5;19.6;;;;;;64.0;2.1;0.3
2022/09/11;0800 UTC;0.0;990.6;990.7;990.4;;19.9;;19.9;19.2;;;;;;182.0;3.9;0.0
2022/09/11;0900 UTC;0.0;991.1;991.1;990.6;;19.1;;19.9;19.1;;;;;;95.0;2.2;0.1
2022/09/11;1000 UTC;0.0;991.9;991.9;991.0;171.0;21.0;;21.1;18.9;;;;;;89.0;2.8;0.3
2022/09/11;1100 UTC;0.0;992.6;992.6;991.9;903.9;26.2;;26.2;21.0;;;;;;94.0;3.1;0.0
2022/09/11;1200 UTC;0.0;993.1;993.2;992.6;1743.3;29.5;;29.5;26.2;;;;;;316.0;4.2;0.4
2022/09/11;1300 UTC;0.0;992.9;993.5;992.8;2393.3;31.0;;31.5;29.1;;;;;;4.0;5.0;1.8
2022/09/11;1400 UTC;0.0;992.6;993.0;992.6;2889.1;33.3;;33.7;30.7;;;;;;82.0;5.0;1.4
2022/09/11;1500 UTC;0.0;991.3;992.6;991.3;3182.4;34.9;;35.6;33.3;;;;;;325.0;6.1;1.5
2022/09/11;1600 UTC;0.0;990.0;991.2;990.0;3203.4;37.0;;37.3;34.9;;;;;;332.0;5.2;1.0
2022/09/11;1700 UTC;0.0;988.6;990.0;988.5;3002.3;38.1;;38.6;36.6;;;;;;90.0;6.6;2.9
2022/09/11;1800 UTC;0.0;987.5;988.6;987.5;2662.0;38.1;;38.7;37.0;;;;;;112.0;6.6;2.3
2022/09/11;1900 UTC;0.0;987.2;987.5;987.2;1613.9;37.3;;38.7;36.0;;;;;;52.0;8.3;2.0
2022/09/11;2000 UTC;0.0;987.2;987.2;987.1;1133.4;36.9;;37.9;36.7;;;;;;48.0;4.2;1.8
2022/09/11;2100 UTC;0.0;987.4;987.4;987.2;264.1;34.3;;36.9;34.3;;;;;;1.0;4.1;0.1
2022/09/11;2200 UTC;0.0;987.8;987.8;987.4;;30.7;;34.3;30.7;;;;;;309.0;1.1;0.0
2022/09/11;2300 UTC;0.0;988.5;988.5;987.8;;28.0;;30.7;28.0;;;;;;110.0;1.7;0.0
2022/09/12;0000 UTC;0.0;989.4;989.4;988.5;;26.2;;28.1;26.1;;;;;;143.0;1.0;0.2
2022/09/12;0100 UTC;0.0;990.1;990.1;989.4;;25.2;;26.3;25.1;;;;;;76.0;2.2;0.0
2022/09/12;0200 UTC;0.0;990.8;990.8;990.1;;24.3;;25.2;24.3;;;;;;136.0;1.0;0.0
2022/09/12;0300 UTC;0.0;990.5;990.8;990.5;;24.0;;25.1;24.0;;;;;;83.0;0.7;0.0
2022/09/12;0400 UTC;0.0;989.8;990.5;989.8;;23.8;;24.7;23.7;;;;;;211.0;1.1;0.0
2022/09/12;0500 UTC;0.0;989.6;989.8;989.5;;22.8;;24.2;22.3;;;;;;172.0;2.7;1.6
2022/09/12;0600 UTC;0.0;989.5;989.7;989.4;;22.3;;23.9;22.2;;;;;;171.0;2.7;0.0
2022/09/12;0700 UTC;0.0;989.4;989.5;989.2;;22.5;;23.1;21.9;;;;;;288.0;1.2;0.0
2022/09/12;0800 UTC;0.0;989.2;989.4;989.1;;21.6;;22.5;21.4;;;;;;271.0;1.5;0.0
2022/09/12;0900 UTC;0.0;990.0;990.0;989.2;;20.8;;21.6;20.8;;;;;;119.0;4.2;0.0
2022/09/12;1000 UTC;0.0;990.9;990.9;990.0;132.9;23.2;;23.2;20.8;;;;;;114.0;1.1;0.0
2022/09/12;1100 UTC;0.0;991.4;991.7;990.8;823.1;26.7;;26.7;23.2;;;;;;11.0;6.0;3.3
2022/09/12;1200 UTC;0.0;992.5;992.5;991.3;1672.1;29.0;;29.0;26.7;;;;;;18.0;7.3;3.3
2022/09/12;1300 UTC;0.0;993.2;993.2;992.5;1048.8;28.9;;29.3;28.6;;;;;;39.0;7.2;3.6
2022/09/12;1400 UTC;0.0;992.9;993.2;992.9;952.2;28.5;;29.9;28.5;;;;;;28.0;7.2;3.7
2022/09/12;1500 UTC;0.0;992.3;992.9;992.3;1151.0;29.1;;29.6;28.4;;;;;;53.0;6.5;3.4
2022/09/12;1600 UTC;0.0;991.0;992.3;991.0;2206.0;30.8;;31.2;29.0;;;;;;42.0;6.9;2.6
2022/09/12;1700 UTC;0.0;989.3;991.0;989.3;2599.8;32.6;;33.4;30.7;;;;;;46.0;7.8;2.9
2022/09/12;1800 UTC;0.0;987.8;989.3;987.8;2511.8;34.4;;34.4;32.5;;;;;;19.0;7.8;4.2
2022/09/12;1900 UTC;0.0;987.0;987.9;987.0;1856.3;34.2;;34.4;33.4;;;;;;20.0;7.0;2.7
2022/09/12;2000 UTC;0.0;986.9;987.1;986.9;1062.5;33.1;;34.4;33.0;;;;;;7.0;6.3;3.0
2022/09/12;2100 UTC;0.0;987.0;987.0;986.8;254.8;31.6;;33.2;31.6;;;;;;359.0;4.8;1.3
2022/09/12;2200 UTC;0.0;987.1;987.1;987.0;;28.8;;31.6;28.8;;;;;;273.0;2.7;0.0
2022/09/12;2300 UTC;0.0;987.8;987.8;987.1;;27.1;;28.8;27.1;;;;;;213.0;1.1;0.0
2022/09/13;0000 UTC;0.0;988.6;988.6;987.8;;25.6;;27.1;25.6;;;;;;137.0;0.0;0.0
2022/09/13;0100 UTC;0.0;989.1;989.1;988.6;;24.7;;25.6;24.7;;;;;;146.0;0.0;0.0
2022/09/13;0200 UTC;0.0;989.2;989.4;989.1;;23.5;;24.8;23.5;;;;;;121.0;1.0;0.5
2022/09/13;0300 UTC;0.0;989.2;989.3;989.1;;22.8;;23.5;22.8;;;;;;107.0;1.8;1.0
2022/09/13;0400 UTC;0.0;988.6;989.3;988.6;;22.4;;23.0;22.3;;;;;;227.0;1.8;0.0
2022/09/13;0500 UTC;0.0;988.0;988.6;988.0;;21.6;;22.5;21.6;;;;;;117.0;0.0;0.0
2022/09/13;0600 UTC;0.0;987.8;988.0;987.8;;20.9;;21.6;20.9;;;;;;124.0;0.0;0.0
2022/09/13;0700 UTC;0.0;988.0;988.1;987.8;;20.5;;21.0;20.5;;;;;;111.0;0.0;0.0
2022/09/13;0800 UTC;0.0;988.4;988.4;988.0;;20.0;;20.5;20.0;;;;;;130.0;1.9;1.0
2022/09/13;0900 UTC;0.0;989.0;989.0;988.4;;20.0;;20.2;19.8;;;;;;180.0;1.4;0.0
2022/09/13;1000 UTC;0.0;990.3;990.3;989.0;180.9;21.4;;21.4;20.0;;;;;;104.0;1.7;0.8
2022/09/13;1100 UTC;0.0;991.9;991.9;990.3;746.9;25.9;;25.9;21.4;;;;;;81.0;3.7;1.5
2022/09/13;1200 UTC;0.0;992.8;992.9;991.9;854.8;27.8;;27.8;25.9;;;;;;40.0;7.7;3.5
2022/09/13;1300 UTC;0.0;993.0;993.0;992.8;1584.2;29.5;;29.9;27.8;;;;;;37.0;7.7;2.9
2022/09/13;1400 UTC;0.0;992.6;993.1;992.6;1833.5;31.5;;31.5;28.9;;;;;;340.0;7.4;2.0
2022/09/13;1500 UTC;0.0;991.9;992.6;991.9;1625.8;32.4;;32.4;30.1;;;;;;350.0;5.6;1.4
2022/09/13;1600 UTC;0.0;990.7;991.9;990.7;2984.8;33.7;;34.6;31.8;;;;;;353.0;8.0;2.6
2022/09/13;1700 UTC;0.0;989.4;990.7;989.4;2742.8;34.8;;35.1;32.7;;;;;;310.0;6.6;1.4
2022/09/13;1800 UTC;0.0;988.4;989.4;988.4;2237.4;35.5;;36.6;34.3;;;;;;319.0;6.1;1.4
2022/09/13;1900 UTC;0.0;987.5;988.4;987.5;2032.7;35.7;;36.8;34.7;;;;;;287.0;5.0;1.3
2022/09/13;2000 UTC;0.0;987.4;987.5;987.4;1237.5;35.4;;36.6;35.1;;;;;;316.0;4.4;0.9
2022/09/13;2100 UTC;0.0;987.9;987.9;987.4;334.6;33.4;;35.4;33.4;;;;;;314.0;3.1;0.0
2022/09/13;2200 UTC;0.0;988.0;988.0;987.8;;29.1;;33.4;29.1;;;;;;278.0;1.0;0.0
2022/09/13;2300 UTC;0.0;988.6;988.6;988.0;;26.6;;29.2;26.5;;;;;;129.0;1.6;0.7
2022/09/14;0000 UTC;0.0;989.3;989.3;988.6;;25.3;;26.6;25.3;;;;;;194.0;1.1;0.0
2022/09/14;0100 UTC;0.0;990.0;990.0;989.3;;24.2;;25.3;24.2;;;;;;153.0;0.9;0.0
2022/09/14;0200 UTC;0.0;990.3;990.3;990.0;;23.1;;24.2;23.1;;;;;;134.0;1.0;0.0
2022/09/14;0300 UTC;0.0;990.3;990.4;990.2;;22.3;;23.1;22.3;;;;;;134.0;0.2;0.0
2022/09/14;0400 UTC;0.0;989.9;990.3;989.9;;22.4;;22.5;21.7;;;;;;252.0;0.0;0.0
2022/09/14;0500 UTC;0.0;989.6;990.0;989.6;;21.1;;22.4;21.1;;;;;;125.0;0.0;0.0
2022/09/14;0600 UTC;0.0;989.8;989.8;989.5;;20.4;;21.4;20.4;;;;;;121.0;0.0;0.0
2022/09/14;0700 UTC;0.0;990.0;990.1;989.7;;20.4;;20.5;20.2;;;;;;150.0;1.3;0.5
2022/09/14;0800 UTC;0.0;990.6;990.6;990.0;;19.7;;20.5;19.7;;;;;;118.0;1.3;0.3
2022/09/14;0900 UTC;0.0;991.5;991.5;990.6;;19.4;;19.8;19.4;;;;;;133.0;0.8;0.0
2022/09/14;1000 UTC;0.0;992.5;992.5;991.5;179.4;21.4;;21.4;19.3;;;;;;131.0;0.4;0.0
2022/09/14;1100 UTC;0.0;993.9;993.9;992.5;815.7;25.4;;26.1;21.4;;;;;;53.0;7.8;4.3
2022/09/14;1200 UTC;0.0;994.3;994.3;993.8;711.4;26.5;;26.6;25.4;;;;;;44.0;8.8;4.5
2022/09/14;1300 UTC;0.0;994.1;994.6;994.1;1642.3;28.9;;29.3;26.2;;;;;;48.0;9.4;3.2
2022/09/14;1400 UTC;0.0;993.3;994.1;993.3;2419.5;30.8;;31.3;28.8;;;;;;359.0;8.0;2.5
2022/09/14;1500 UTC;0.0;992.4;993.3;992.4;2437.2;32.4;;32.8;30.6;;;;;;45.0;7.0;2.5
2022/09/14;1600 UTC;0.0;991.2;992.4;991.2;2234.1;33.5;;33.8;32.2;;;;;;80.0;7.3;2.3
2022/09/14;1700 UTC;0.0;990.0;991.2;990.0;2329.2;34.4;;34.8;33.3;;;;;;44.0;7.2;2.4
2022/09/14;1800 UTC;0.0;989.0;990.0;989.0;2577.3;35.7;;35.7;34.1;;;;;;70.0;7.1;2.3
2022/09/14;1900 UTC;0.0;988.4;989.0;988.4;1945.2;35.7;;36.1;35.2;;;;;;74.0;8.8;1.1
2022/09/14;2000 UTC;0.0;988.3;988.4;988.2;1191.8;35.4;;36.0;35.2;;;;;;100.0;4.4;1.1
2022/09/14;2100 UTC;0.0;988.6;988.6;988.3;354.6;33.7;;35.5;33.7;;;;;;151.0;3.0;0.0
2022/09/14;2200 UTC;0.0;989.0;989.0;988.6;;29.2;;33.7;29.2;;;;;;278.0;0.0;0.0
2022/09/14;2300 UTC;0.0;989.4;989.4;989.0;;28.2;;29.1;28.1;;;;;;319.0;0.0;0.0
2022/09/15;0000 UTC;0.0;990.0;990.0;989.4;;25.5;;28.3;25.5;;;;;;110.0;0.0;0.0
2022/09/15;0100 UTC;0.0;990.2;990.3;990.0;;24.2;;25.5;24.2;;;;;;127.0;0.0;0.0
2022/09/15;0200 UTC;0.0;990.5;990.6;990.2;;23.2;;24.2;23.2;;;;;;117.0;1.0;0.0
2022/09/15;0300 UTC;0.0;990.0;990.6;990.0;;22.6;;23.2;22.6;;;;;;102.0;0.0;0.0
2022/09/15;0400 UTC;0.0;989.5;990.0;989.5;;21.5;;22.6;21.5;;;;;;126.0;0.0;0.0
2022/09/15;0500 UTC;0.0;989.1;989.5;989.1;;21.1;;21.5;20.9;;;;;;147.0;1.0;0.2
2022/09/15;0600 UTC;0.0;989.2;989.4;989.1;;21.2;;21.2;20.5;;;;;;310.0;1.6;0.0
2022/09/15;0700 UTC;0.0;989.4;989.4;989.0;;20.2;;21.2;20.2;;;;;;127.0;1.9;0.8
2022/09/15;0800 UTC;0.0;989.6;989.7;989.3;;19.8;;20.2;19.8;;;;;;155.0;1.9;0.0
2022/09/15;0900 UTC;0.0;990.5;990.5;989.6;;19.2;;20.0;19.2;;;;;;136.0;2.0;0.5
2022/09/15;1000 UTC;0.0;991.4;991.5;990.5;200.8;21.5;;21.5;19.1;;;;;;122.0;3.9;0.7
2022/09/15;1100 UTC;0.0;992.0;992.0;991.4;932.0;26.2;;26.2;21.5;;;;;;342.0;2.1;0.2
2022/09/15;1200 UTC;0.0;992.4;992.5;992.0;1766.3;29.5;;29.9;26.2;;;;;;9.0;7.6;3.8
2022/09/15;1300 UTC;0.0;992.5;992.6;992.3;2436.4;31.7;;31.8;29.5;;;;;;5.0;7.8;3.8
2022/09/15;1400 UTC;0.0;992.2;992.5;992.2;2936.4;33.5;;33.5;31.2;;;;;;11.0;8.8;2.9
2022/09/15;1500 UTC;0.0;991.6;992.2;991.6;3101.7;34.3;;34.3;32.8;;;;;;35.0;8.2;3.7
2022/09/15;1600 UTC;0.0;990.2;991.6;990.2;3164.4;36.1;;36.2;33.4;;;;;;358.0;6.8;2.6
2022/09/15;1700 UTC;0.0;989.0;990.3;989.0;2913.1;35.7;;36.3;34.9;;;;;;2.0;6.6;2.5
2022/09/15;1800 UTC;0.0;988.0;989.0;988.0;2107.1;36.6;;36.8;35.5;;;;;;77.0;6.0;2.4
2022/09/15;1900 UTC;0.0;987.3;988.0;987.3;1897.2;36.8;;37.3;36.2;;;;;;351.0;6.7;1.3
2022/09/15;2000 UTC;0.0;987.2;987.4;987.2;1083.7;35.6;;37.6;35.6;;;;;;324.0;6.2;1.6
2022/09/15;2100 UTC;0.0;988.5;988.7;987.2;322.3;28.3;;35.9;27.6;;;;;;204.0;15.4;9.1
2022/09/15;2200 UTC;2.4;990.0;990.0;988.5;;26.1;;29.5;25.0;;;;;;23.0;17.5;5.7
2022/09/15;2300 UTC;0.0;989.4;990.2;989.3;;26.4;;26.4;25.0;;;;;;336.0;10.2;0.8
2022/09/16;0000 UTC;0.0;989.9;989.9;989.4;;25.2;;26.8;25.1;;;;;;115.0;4.5;0.8
2022/09/16;0100 UTC;0.0;990.8;990.8;989.9;;24.5;;25.3;24.3;;;;;;43.0;2.0;0.9
2022/09/16;0200 UTC;0.0;991.0;991.0;990.7;;24.2;;24.7;24.2;;;;;;135.0;1.9;0.3
2022/09/16;0300 UTC;0.0;991.0;991.1;991.0;;23.4;;24.3;23.4;;;;;;117.0;1.7;1.0
2022/09/16;0400 UTC;0.0;990.4;991.1;990.4;;23.3;;23.5;23.2;;;;;;257.0;2.0;0.0
2022/09/16;0500 UTC;0.0;989.7;990.4;989.7;;23.0;;23.5;22.9;;;;;;264.0;0.0;0.0
2022/09/16;0600 UTC;0.0;989.9;989.9;989.7;;23.0;;23.2;22.8;;;;;;119.0;0.0;0.0
2022/09/16;0700 UTC;0.0;989.8;989.9;989.8;;22.4;;23.0;22.2;;;;;;149.0;0.5;0.0
2022/09/16;0800 UTC;0.0;990.2;990.2;989.8;;22.2;;22.5;22.0;;;;;;229.0;0.5;0.0
2022/09/16;0900 UTC;0.0;990.9;990.9;990.2;;21.9;;22.3;21.8;;;;;;339.0;0.0;0.0
2022/09/16;1000 UTC;0.0;992.2;992.2;990.9;162.6;22.9;;23.0;21.9;;;;;;67.0;0.9;0.0
2022/09/16;1100 UTC;0.0;992.8;992.9;992.2;281.8;24.4;;24.5;22.9;;;;;;352.0;3.6;1.7
2022/09/16;1200 UTC;0.0;993.3;993.4;992.7;1233.4;26.2;;26.7;24.4;;;;;;20.0;6.7;2.8
2022/09/16;1300 UTC;0.0;993.7;993.8;993.3;810.5;26.4;;26.8;26.0;;;;;;23.0;6.1;2.0
2022/09/16;1400 UTC;0.0;993.6;993.7;993.5;890.5;27.0;;27.3;26.4;;;;;;50.0;4.8;1.7
2022/09/16;1500 UTC;0.0;992.7;993.6;992.7;1766.5;28.9;;29.1;26.7;;;;;;294.0;3.7;0.5
2022/09/16;1600 UTC;0.0;991.5;992.7;991.5;3097.9;30.8;;31.6;28.7;;;;;;316.0;4.7;1.3
2022/09/16;1700 UTC;0.0;990.1;991.5;990.0;2909.5;32.0;;32.3;30.5;;;;;;305.0;5.4;1.4
2022/09/16;1800 UTC;0.0;988.7;990.1;988.7;2619.6;33.1;;33.8;32.1;;;;;;262.0;5.4;1.1
2022/09/16;1900 UTC;0.0;988.0;988.7;988.0;1940.6;33.2;;33.9;32.4;;;;;;300.0;3.9;1.3
2022/09/16;2000 UTC;0.0;987.6;988.0;987.6;1109.3;33.4;;33.8;32.7;;;;;;320.0;3.9;0.6
2022/09/16;2100 UTC;0.0;988.5;988.5;987.6;319.5;31.6;;33.4;31.6;;;;;;304.0;3.4;0.0
2022/09/16;2200 UTC;0.0;988.9;988.9;988.4;;29.5;;31.6;29.5;;;;;;247.0;1.9;0.3
2022/09/16;2300 UTC;0.0;989.5;989.6;988.8;;27.8;;29.5;27.8;;;;;;75.0;2.8;0.0
2022/09/17;0000 UTC;0.0;989.9;989.9;989.4;;26.8;;27.8;26.8;;;;;;306.0;2.3;0.0
2022/09/17;0100 UTC;0.0;990.4;990.4;989.9;;25.8;;26.8;25.8;;;;;;191.0;5.1;0.0
2022/09/17;0200 UTC;0.0;990.5;990.7;990.3;;26.2;;26.4;25.8;;;;;;72.0;1.3;0.0
2022/09/17;0300 UTC;0.0;990.3;990.6;990.3;;25.6;;26.2;25.0;;;;;;88.0;0.7;0.0
2022/09/17;0400 UTC;0.0;989.8;990.3;989.8;;24.2;;25.8;24.1;;;;;;124.0;1.9;0.0
2022/09/17;0500 UTC;0.0;989.6;989.8;989.6;;23.6;;24.2;23.6;;;;;;105.0;0.4;0.0
2022/09/17;0600 UTC;0.0;989.2;989.6;989.1;;23.3;;23.7;23.3;;;;;;128.0;0.0;0.0
2022/09/17;0700 UTC;0.0;988.9;989.2;988.8;;22.6;;23.3;22.5;;;;;;130.0;0.0;0.0
2022/09/17;0800 UTC;0.0;989.0;989.0;988.8;;22.3;;22.6;22.2;;;;;;141.0;0.9;0.0
2022/09/17;0900 UTC;0.0;990.1;990.1;989.0;;22.1;;22.5;22.1;;;;;;330.0;0.0;0.0
2022/09/17;1000 UTC;0.0;991.3;991.3;990.2;191.2;23.4;;23.4;21.8;;;;;;70.0;1.3;0.0
2022/09/17;1100 UTC;0.0;992.1;992.1;991.3;839.8;26.3;;26.4;23.4;;;;;;19.0;6.5;3.4
2022/09/17;1200 UTC;0.0;992.3;992.4;992.1;1622.8;28.9;;28.9;26.3;;;;;;359.0;8.3;4.9
2022/09/17;1300 UTC;0.0;992.5;992.6;992.4;2300.8;30.3;;30.8;28.5;;;;;;2.0;7.9;4.0
2022/09/17;1400 UTC;0.0;991.7;992.5;991.7;2535.3;31.9;;32.5;29.8;;;;;;3.0;7.8;2.3
2022/09/17;1500 UTC;0.0;990.8;991.7;990.7;1992.1;32.9;;33.3;31.5;;;;;;7.0;5.6;1.7
2022/09/17;1600 UTC;0.0;989.2;990.8;989.2;2685.4;33.6;;34.7;32.3;;;;;;43.0;6.3;1.3
2022/09/17;1700 UTC;0.0;987.9;989.2;987.9;2494.2;35.1;;36.1;33.7;;;;;;47.0;6.1;2.5
2022/09/17;1800 UTC;0.0;987.1;987.9;987.0;2353.6;35.1;;36.3;34.9;;;;;;65.0;8.8;3.0
2022/09/17;1900 UTC;0.0;986.7;987.1;986.7;1726.3;35.9;;36.4;34.7;;;;;;71.0;6.2;2.6
2022/09/17;2000 UTC;0.0;986.7;986.7;986.5;1174.6;35.0;;36.1;35.0;;;;;;54.0;5.4;2.5
2022/09/17;2100 UTC;0.0;987.0;987.0;986.7;328.6;32.8;;35.0;32.8;;;;;;40.0;4.6;1.7
2022/09/17;2200 UTC;0.0;987.6;987.6;987.0;;30.3;;32.8;30.3;;;;;;21.0;3.5;0.4
2022/09/17;2300 UTC;0.0;988.3;988.3;987.6;;28.8;;30.3;28.8;;;;;;1.0;2.9;1.5
2022/09/18;0000 UTC;0.0;988.6;988.6;988.3;;27.1;;28.9;27.1;;;;;;158.0;2.5;0.0
2022/09/18;0100 UTC;0.0;989.1;989.1;988.6;;25.2;;27.1;25.2;;;;;;259.0;0.0;0.0
2022/09/18;0200 UTC;0.0;989.3;989.4;989.0;;23.9;;25.2;23.9;;;;;;122.0;1.4;0.0
2022/09/18;0300 UTC;0.0;989.4;989.6;989.3;;23.3;;23.9;23.3;;;;;;127.0;0.0;0.0
2022/09/18;0400 UTC;0.0;988.8;989.4;988.8;;23.4;;23.6;22.7;;;;;;334.0;1.1;0.1
2022/09/18;0500 UTC;0.0;988.3;988.8;988.3;;22.2;;23.4;22.2;;;;;;56.0;1.1;0.0
2022/09/18;0600 UTC;0.0;988.2;988.3;988.2;;21.6;;22.2;21.6;;;;;;110.0;0.0;0.0
2022/09/18;0700 UTC;0.0;988.2;988.2;988.1;;21.2;;21.6;21.2;;;;;;116.0;0.0;0.0
2022/09/18;0800 UTC;0.0;989.0;989.0;988.2;;20.7;;21.2;20.7;;;;;;112.0;0.0;0.0
2022/09/18;0900 UTC;0.0;989.8;989.8;989.0;;20.5;;20.7;20.4;;;;;;123.0;0.0;0.0
2022/09/18;1000 UTC;0.0;991.0;991.0;989.8;164.3;22.3;;22.3;20.4;;;;;;118.0;0.0;0.0
2022/09/18;1100 UTC;0.0;991.6;991.6;991.0;921.1;26.9;;26.9;22.3;;;;;;35.0;8.4;4.3
2022/09/18;1200 UTC;0.0;992.4;992.4;991.6;1374.4;27.8;;28.0;26.9;;;;;;22.0;9.4;4.5
2022/09/18;1300 UTC;0.0;992.9;992.9;992.4;1193.3;28.3;;28.7;27.8;;;;;;52.0;8.4;3.6
2022/09/18;1400 UTC;0.0;992.7;992.9;992.6;1088.5;28.7;;28.7;27.5;;;;;;61.0;7.8;4.1
2022/09/18;1500 UTC;0.0;991.5;992.7;991.5;1689.6;30.3;;30.4;28.6;;;;;;43.0;6.7;2.6
2022/09/18;1600 UTC;0.0;990.1;991.5;990.1;2079.5;31.1;;32.2;29.9;;;;;;356.0;6.7;3.6
2022/09/18;1700 UTC;0.0;988.6;990.1;988.6;2340.3;33.0;;33.5;31.0;;;;;;60.0;8.4;2.5
2022/09/18;1800 UTC;0.0;987.8;988.6;987.8;2212.5;33.5;;34.5;32.7;;;;;;70.0;7.4;2.4
2022/09/18;1900 UTC;0.0;987.4;987.8;987.4;1382.6;33.7;;34.5;33.4;;;;;;30.0;5.8;1.2
2022/09/18;2000 UTC;0.0;987.3;987.4;987.2;734.9;33.1;;34.0;33.1;;;;;;1.0;4.8;2.2
2022/09/18;2100 UTC;0.0;987.8;987.8;987.3;243.0;31.5;;33.4;31.5;;;;;;325.0;3.9;0.0
2022/09/18;2200 UTC;0.0;988.1;988.1;987.8;;28.3;;31.5;28.3;;;;;;334.0;0.9;0.0
2022/09/18;2300 UTC;0.0;988.6;988.6;988.0;;25.6;;28.3;25.6;;;;;;314.0;0.6;0.0
2022/09/19;0000 UTC;0.0;989.4;989.4;988.6;;24.1;;25.6;24.1;;;;;;112.0;0.0;0.0
2022/09/19;0100 UTC;0.0;989.7;989.7;989.3;;23.5;;24.1;23.3;;;;;;143.0;0.4;0.0
2022/09/19;0200 UTC;0.0;990.0;990.0;989.6;;22.2;;23.5;22.2;;;;;;113.0;1.3;0.0
2022/09/19;0300 UTC;0.0;989.8;990.0;989.8;;21.7;;22.2;21.7;;;;;;161.0;0.3;0.0
2022/09/19;0400 UTC;0.0;989.5;989.8;989.4;;21.1;;21.7;21.1;;;;;;90.0;0.0;0.0
2022/09/19;0500 UTC;0.0;989.0;989.5;989.0;;20.8;;21.1;20.5;;;;;;123.0;0.6;0.0
2022/09/19;0600 UTC;0.0;988.8;989.0;988.8;;20.1;;20.8;20.1;;;;;;127.0;0.0;0.0
2022/09/19;0700 UTC;0.0;988.9;988.9;988.8;;19.6;;20.1;19.5;;;;;;127.0;2.2;1.6
2022/09/19;0800 UTC;0.0;989.3;989.4;988.9;;19.1;;19.6;19.1;;;;;;138.0;2.2;0.2
2022/09/19;0900 UTC;0.0;989.8;989.8;989.3;;18.9;;19.1;18.7;;;;;;129.0;1.7;0.0
2022/09/19;1000 UTC;0.0;991.1;991.1;989.8;209.1;21.3;;21.3;18.9;;;;;;130.0;1.6;0.5
2022/09/19;1100 UTC;0.0;992.3;992.3;991.1;990.9;24.8;;24.8;21.3;;;;;;88.0;2.4;1.5
2022/09/19;1200 UTC;0.0;992.9;992.9;992.3;1807.0;27.8;;28.1;24.9;;;;;;30.0;7.7;4.1
2022/09/19;1300 UTC;0.0;992.9;993.1;992.9;1292.0;28.0;;28.1;27.1;;;;;;357.0;6.6;3.2
2022/09/19;1400 UTC;0.0;992.1;992.9;992.1;2071.9;29.3;;30.4;27.9;;;;;;317.0;5.9;1.1
2022/09/19;1500 UTC;0.0;990.8;992.1;990.8;2505.1;31.4;;32.5;29.3;;;;;;327.0;4.6;1.7
2022/09/19;1600 UTC;0.0;989.2;990.9;989.2;2860.7;34.0;;34.1;30.7;;;;;;9.0;6.9;0.5
2022/09/19;1700 UTC;0.0;987.9;989.2;987.9;3000.5;35.4;;35.5;33.2;;;;;;135.0;6.7;2.4
2022/09/19;1800 UTC;0.0;987.1;987.9;987.1;2646.5;35.5;;36.3;34.5;;;;;;159.0;7.0;1.7
2022/09/19;1900 UTC;0.0;986.6;987.1;986.6;1961.7;35.9;;36.6;35.4;;;;;;119.0;7.9;2.2
2022/09/19;2000 UTC;0.0;986.7;986.7;986.5;1131.8;36.1;;36.5;35.7;;;;;;94.0;5.7;0.9
2022/09/19;2100 UTC;0.0;987.0;987.0;986.7;320.2;32.9;;36.1;32.9;;;;;;45.0;3.2;0.0
2022/09/19;2200 UTC;0.0;987.4;987.4;987.0;;30.4;;32.9;30.4;;;;;;205.0;1.6;0.0
2022/09/19;2300 UTC;0.0;987.8;987.8;987.4;;27.1;;30.3;27.1;;;;;;98.0;0.7;0.0
2022/09/20;0000 UTC;0.0;988.4;988.4;987.8;;25.7;;27.1;25.7;;;;;;141.0;1.2;0.3
2022/09/20;0100 UTC;0.0;988.9;988.9;988.4;;24.2;;25.7;24.2;;;;;;91.0;1.1;0.0
2022/09/20;0200 UTC;0.0;989.2;989.2;988.9;;23.1;;24.2;23.1;;;;;;121.0;0.8;0.0
2022/09/20;0300 UTC;0.0;989.1;989.2;989.0;;22.2;;23.1;22.0;;;;;;63.0;5.8;1.1
2022/09/20;0400 UTC;0.0;988.5;989.1;988.5;;21.3;;22.5;21.3;;;;;;117.0;5.8;0.8
2022/09/20;0500 UTC;0.0;988.2;988.6;988.2;;21.2;;21.4;20.8;;;;;;193.0;1.8;0.1
2022/09/20;0600 UTC;0.0;988.3;988.4;988.2;;20.6;;21.2;20.4;;;;;;141.0;1.2;0.0
2022/09/20;0700 UTC;0.0;988.4;988.4;988.3;;20.1;;20.6;20.0;;;;;;341.0;0.7;0.0
2022/09/20;0800 UTC;0.0;988.8;988.9;988.4;;19.9;;20.1;19.6;;;;;;119.0;1.3;0.4
2022/09/20;0900 UTC;0.0;989.3;989.3;988.7;;19.7;;20.1;19.5;;;;;;153.0;1.5;0.8
2022/09/20;1000 UTC;0.0;990.8;990.8;989.3;190.1;21.0;;21.0;19.7;;;;;;113.0;2.5;1.2
2022/09/20;1100 UTC;0.0;991.4;991.4;990.8;851.0;27.0;;27.0;21.0;;;;;;93.0;2.2;0.1
2022/09/20;1200 UTC;0.0;991.5;991.5;991.4;1771.1;30.6;;30.7;27.1;;;;;;44.0;7.6;3.9
2022/09/20;1300 UTC;0.0;991.4;991.5;991.3;2488.2;32.0;;32.4;30.5;;;;;;30.0;7.5;3.8
2022/09/20;1400 UTC;0.0;990.6;991.4;990.6;3079.4;34.4;;34.7;31.8;;;;;;67.0;8.2;2.3
2022/09/20;1500 UTC;0.0;989.5;990.7;989.5;2665.6;35.3;;35.4;33.4;;;;;;63.0;8.2;2.6
2022/09/20;1600 UTC;0.0;988.2;989.5;988.2;2439.1;35.5;;35.6;34.3;;;;;;50.0;7.8;2.0
2022/09/20;1700 UTC;0.0;986.9;988.2;986.9;2806.8;35.6;;36.7;34.8;;;;;;86.0;8.4;2.7
2022/09/20;1800 UTC;0.0;986.3;986.9;986.3;1904.2;36.1;;37.0;35.2;;;;;;56.0;9.7;1.1
2022/09/20;1900 UTC;0.0;986.0;986.3;985.9;1758.1;36.2;;37.0;35.4;;;;;;41.0;7.8;2.7
2022/09/20;2000 UTC;0.0;986.0;986.0;985.8;886.0;35.7;;36.5;35.6;;;;;;38.0;5.3;2.0
2022/09/20;2100 UTC;0.0;986.5;986.5;986.0;265.6;34.0;;35.7;34.0;;;;;;53.0;3.9;0.0
2022/09/20;2200 UTC;0.0;986.8;986.8;986.5;;30.3;;34.0;30.3;;;;;;214.0;0.0;0.0
2022/09/20;2300 UTC;0.0;987.5;987.5;986.8;;27.3;;30.3;27.3;;;;;;124.0;0.0;0.0
2022/09/21;0000 UTC;0.0;988.1;988.1;987.5;;25.8;;27.3;25.8;;;;;;28.0;0.0;0.0
2022/09/21;0100 UTC;0.0;988.5;988.5;988.1;;24.8;;25.8;24.8;;;;;;218.0;0.0;0.0
2022/09/21;0200 UTC;0.0;988.7;988.8;988.5;;23.9;;24.8;23.7;;;;;;115.0;1.2;0.4
2022/09/21;0300 UTC;0.0;988.7;988.8;988.7;;23.4;;23.9;23.4;;;;;;128.0;0.9;0.0
2022/09/21;0400 UTC;0.0;988.0;988.7;988.0;;22.8;;23.4;22.8;;;;;;101.0;0.0;0.0
2022/09/21;0500 UTC;0.0;987.7;988.0;987.7;;22.0;;22.8;22.0;;;;;;124.0;0.8;0.0
2022/09/21;0600 UTC;0.0;987.4;987.7;987.4;;21.6;;22.3;21.6;;;;;;111.0;0.7;0.0
2022/09/21;0700 UTC;0.0;987.5;987.5;987.3;;21.4;;21.8;21.4;;;;;;151.0;1.8;0.7
2022/09/21;0800 UTC;0.0;988.0;988.0;987.3;;21.1;;21.5;21.0;;;;;;352.0;1.4;0.0
2022/09/21;0900 UTC;0.0;989.5;989.5;987.9;;20.6;;21.1;20.4;;;;;;97.0;2.0;1.1
2022/09/21;1000 UTC;0.0;990.5;990.5;989.5;193.4;24.5;;24.5;20.5;;;;;;33.0;6.1;2.9
2022/09/21;1100 UTC;0.0;991.7;991.8;990.5;595.9;25.8;;26.0;24.6;;;;;;22.0;7.9;2.7
2022/09/21;1200 UTC;0.0;992.4;992.5;991.7;340.4;25.6;;25.8;25.5;;;;;;23.0;9.0;2.9
2022/09/21;1300 UTC;0.0;992.1;992.4;992.1;471.2;25.8;;26.2;25.6;;;;;;44.0;6.9;4.1
2022/09/21;1400 UTC;0.0;991.5;992.1;991.5;952.3;28.3;;28.3;25.8;;;;;;18.0;6.3;3.1
2022/09/21;1500 UTC;0.0;990.8;991.5;990.8;1253.6;29.2;;29.7;27.8;;;;;;49.0;5.9;2.0
2022/09/21;1600 UTC;0.0;989.3;990.8;989.3;2325.1;31.9;;31.9;29.0;;;;;;1.0;7.1;1.7
2022/09/21;1700 UTC;0.0;988.0;989.3;988.0;2680.1;33.2;;33.4;31.4;;;;;;6.0;8.1;3.2
2022/09/21;1800 UTC;0.0;986.7;988.0;986.7;2213.3;33.8;;34.3;32.2;;;;;;360.0;7.3;1.6
2022/09/21;1900 UTC;0.0;986.3;986.7;986.2;1904.2;34.8;;35.5;33.8;;;;;;315.0;5.1;0.6
2022/09/21;2000 UTC;0.0;986.3;986.3;986.2;1102.0;34.2;;35.4;33.7;;;;;;289.0;6.0;1.1
2022/09/21;2100 UTC;0.0;986.6;986.6;986.3;282.1;32.3;;34.2;32.3;;;;;;285.0;4.1;0.0
2022/09/21;2200 UTC;0.0;987.0;987.0;986.6;;28.8;;32.3;28.7;;;;;;256.0;1.0;0.0
2022/09/21;2300 UTC;0.0;987.5;987.5;987.0;;26.0;;28.8;26.0;;;;;;117.0;1.1;0.1
2022/09/22;0000 UTC;0.0;988.4;988.4;987.5;;24.9;;26.1;24.8;;;;;;124.0;1.4;0.0
2022/09/22;0100 UTC;0.0;988.8;988.8;988.4;;24.3;;24.9;24.0;;;;;;124.0;1.0;0.0
2022/09/22;0200 UTC;0.0;989.2;989.2;988.8;;23.3;;24.3;23.3;;;;;;41.0;0.6;0.0
2022/09/22;0300 UTC;0.0;989.3;989.4;989.2;;21.9;;23.4;21.9;;;;;;119.0;0.8;0.0
2022/09/22;0400 UTC;0.0;988.6;989.3;988.6;;21.4;;21.9;21.4;;;;;;126.0;1.0;0.1
2022/09/22;0500 UTC;0.0;988.1;988.6;988.1;;20.8;;21.5;20.7;;;;;;102.0;1.6;0.2
2022/09/22;0600 UTC;0.0;987.9;988.1;987.8;;20.9;;20.9;20.6;;;;;;162.0;1.6;0.0
2022/09/22;0700 UTC;0.0;988.1;988.1;987.9;;19.9;;20.9;19.9;;;;;;120.0;1.5;0.0
2022/09/22;0800 UTC;0.0;988.9;988.9;988.1;;19.6;;20.0;19.6;;;;;;114.0;1.3;0.0
2022/09/22;0900 UTC;0.0;990.3;990.3;988.9;;19.3;;19.6;19.3;;;;;;245.0;0.0;0.0
2022/09/22;1000 UTC;0.0;991.5;991.5;990.3;210.9;21.3;;21.3;19.3;;;;;;108.0;1.9;0.6
2022/09/22;1100 UTC;0.0;992.3;992.3;991.5;841.0;25.6;;25.7;21.3;;;;;;20.0;7.6;3.7
2022/09/22;1200 UTC;0.0;993.2;993.2;992.3;808.5;26.2;;26.3;25.4;;;;;;17.0;7.5;3.4
2022/09/22;1300 UTC;0.0;993.1;993.4;993.1;897.6;27.2;;27.2;26.1;;;;;;355.0;6.7;4.0
2022/09/22;1400 UTC;0.0;992.6;993.2;992.6;1442.4;28.3;;29.0;27.0;;;;;;319.0;5.8;2.1
2022/09/22;1500 UTC;0.0;991.7;992.6;991.7;1578.5;29.5;;29.9;28.1;;;;;;327.0;5.3;1.6
2022/09/22;1600 UTC;0.0;990.8;991.7;990.8;1612.1;31.0;;31.0;28.9;;;;;;328.0;5.3;1.3
2022/09/22;1700 UTC;0.0;989.7;990.8;989.7;3242.3;32.3;;33.4;31.1;;;;;;326.0;5.6;0.9
2022/09/22;1800 UTC;0.0;988.8;989.7;988.8;2655.5;33.8;;34.1;32.0;;;;;;308.0;5.7;0.9
2022/09/22;1900 UTC;0.0;988.3;988.8;988.3;1937.8;34.0;;34.2;33.3;;;;;;313.0;4.9;1.1
2022/09/22;2000 UTC;0.0;987.7;988.3;987.7;1071.0;33.2;;34.0;33.2;;;;;;289.0;4.4;0.4
2022/09/22;2100 UTC;0.0;988.0;988.1;987.7;274.3;31.6;;33.3;31.6;;;;;;2.0;3.4;0.0
2022/09/22;2200 UTC;0.0;988.3;988.3;988.0;;28.7;;31.6;28.7;;;;;;270.0;0.0;0.0
2022/09/22;2300 UTC;0.0;988.7;988.7;988.3;;26.2;;28.7;26.2;;;;;;119.0;0.0;0.0
2022/09/23;0000 UTC;0.0;989.5;989.5;988.7;;25.2;;26.2;25.2;;;;;;91.0;0.0;0.0
2022/09/23;0100 UTC;0.0;990.5;990.5;989.5;;23.9;;25.2;23.9;;;;;;121.0;1.2;0.0
2022/09/23;0200 UTC;0.0;990.7;990.9;990.5;;23.0;;23.9;23.0;;;;;;218.0;1.1;0.0
2022/09/23;0300 UTC;0.0;990.2;990.7;990.2;;22.6;;23.2;22.6;;;;;;138.0;1.5;0.0
2022/09/23;0400 UTC;0.0;990.1;990.2;990.1;;22.0;;22.7;22.0;;;;;;127.0;1.5;0.6
2022/09/23;0500 UTC;0.0;989.3;990.1;989.3;;21.5;;22.1;21.5;;;;;;138.0;1.2;0.0
2022/09/23;0600 UTC;0.0;988.9;989.3;988.9;;21.2;;21.7;21.2;;;;;;110.0;1.8;0.0
2022/09/23;0700 UTC;0.0;989.2;989.3;988.9;;21.4;;21.6;21.2;;;;;;72.0;1.7;0.0
2022/09/23;0800 UTC;0.0;989.9;989.9;989.2;;20.6;;21.3;20.6;;;;;;137.0;1.4;0.2
2022/09/23;0900 UTC;0.0;990.7;990.7;989.9;;20.1;;20.6;20.1;;;;;;115.0;1.0;0.3
2022/09/23;1000 UTC;0.0;992.6;992.6;990.7;184.3;21.8;;21.8;20.1;;;;;;116.0;1.9;1.0
2022/09/23;1100 UTC;0.0;993.2;993.2;992.6;752.9;26.4;;26.4;21.8;;;;;;34.0;3.6;1.5
2022/09/23;1200 UTC;0.0;993.6;993.7;993.2;1809.5;28.6;;28.8;26.3;;;;;;359.0;6.5;3.6
2022/09/23;1300 UTC;0.0;993.3;993.7;993.3;2521.3;30.6;;30.8;28.5;;;;;;356.0;6.5;1.8
2022/09/23;1400 UTC;0.0;992.8;993.4;992.8;3052.2;32.1;;32.8;29.9;;;;;;3.0;6.3;1.9
2022/09/23;1500 UTC;0.0;992.2;992.8;992.2;3383.5;34.5;;35.1;32.0;;;;;;339.0;5.2;1.3
2022/09/23;1600 UTC;0.0;990.9;992.2;990.9;1927.5;33.7;;34.5;32.4;;;;;;114.0;5.2;1.0
2022/09/23;1700 UTC;0.0;989.4;990.9;989.4;2225.8;34.3;;35.4;33.5;;;;;;301.0;6.3;0.2
2022/09/23;1800 UTC;0.0;988.4;989.4;988.4;2171.3;35.8;;36.1;34.4;;;;;;3.0;4.5;1.3
2022/09/23;1900 UTC;0.0;987.6;988.4;987.6;1947.9;35.9;;36.6;35.0;;;;;;79.0;4.5;0.5
2022/09/23;2000 UTC;0.0;987.6;987.7;987.4;1107.3;35.8;;36.2;35.4;;;;;;312.0;3.5;1.1
2022/09/23;2100 UTC;0.0;988.1;988.1;987.6;233.0;33.4;;35.8;33.4;;;;;;270.0;3.3;0.0
2022/09/23;2200 UTC;0.0;988.8;988.8;988.1;;31.0;;33.4;31.0;;;;;;245.0;7.1;3.6
2022/09/23;2300 UTC;0.0;989.4;989.4;988.8;;28.9;;31.0;28.8;;;;;;81.0;5.4;0.0
2022/09/24;0000 UTC;0.0;990.2;990.2;989.4;;28.2;;29.0;27.6;;;;;;147.0;2.9;1.0
2022/09/24;0100 UTC;0.0;990.7;990.7;990.2;;26.7;;28.2;26.4;;;;;;353.0;1.9;0.4
2022/09/24;0200 UTC;0.0;991.0;991.1;990.7;;26.3;;26.8;25.6;;;;;;231.0;1.2;0.0
2022/09/24;0300 UTC;0.4;990.4;991.0;990.4;;26.1;;26.3;25.2;;;;;;264.0;4.4;0.0
2022/09/24;0400 UTC;0.0;990.3;990.5;990.3;;25.3;;26.1;24.7;;;;;;144.0;4.2;0.0
2022/09/24;0500 UTC;0.0;989.7;990.4;989.7;;24.2;;25.7;24.2;;;;;;318.0;1.4;0.1
2022/09/24;0600 UTC;0.0;989.3;989.7;989.3;;24.0;;25.4;23.7;;;;;;180.0;2.3;0.0
2022/09/24;0700 UTC;0.0;989.2;989.3;989.1;;23.0;;24.0;22.8;;;;;;81.0;2.1;0.0
2022/09/24;0800 UTC;0.0;989.0;989.2;989.0;;22.4;;23.0;22.3;;;;;;145.0;1.1;0.0
2022/09/24;0900 UTC;0.0;990.1;990.1;989.0;;21.8;;22.6;21.8;;;;;;105.0;1.3;0.0
2022/09/24;1000 UTC;0.0;991.1;991.1;990.0;121.1;22.9;;22.9;21.7;;;;;;161.0;0.0;0.0
2022/09/24;1100 UTC;0.0;991.5;991.5;991.1;893.8;27.2;;27.2;22.9;;;;;;321.0;2.9;0.3
2022/09/24;1200 UTC;0.0;992.7;992.7;991.5;1068.0;28.4;;28.4;27.1;;;;;;3.0;2.9;0.0
2022/09/24;1300 UTC;0.0;992.8;992.9;992.6;1360.7;30.3;;30.6;28.4;;;;;;77.0;2.6;0.7
2022/09/24;1400 UTC;7.0;993.7;993.8;992.7;479.6;21.8;;30.8;21.7;;;;;;101.0;17.6;9.3
2022/09/24;1500 UTC;4.8;992.6;993.8;992.5;159.9;22.7;;22.9;21.8;;;;;;135.0;14.1;4.0
2022/09/24;1600 UTC;0.4;991.6;992.6;991.6;520.0;23.9;;23.9;22.7;;;;;;135.0;5.1;3.4
2022/09/24;1700 UTC;0.0;990.6;991.6;990.6;820.7;24.7;;24.8;23.9;;;;;;126.0;4.6;2.9
2022/09/24;1800 UTC;0.0;989.2;990.6;989.2;572.4;25.0;;25.1;24.6;;;;;;116.0;4.2;2.2
2022/09/24;1900 UTC;0.0;989.0;989.2;988.9;676.1;25.9;;25.9;25.0;;;;;;177.0;5.0;1.3
2022/09/24;2000 UTC;0.0;989.0;989.2;989.0;123.0;25.5;;25.9;25.5;;;;;;195.0;2.0;1.0
2022/09/24;2100 UTC;0.0;988.4;989.0;988.4;49.9;25.2;;25.6;25.2;;;;;;170.0;1.7;1.3
2022/09/24;2200 UTC;0.0;988.8;988.8;988.4;;24.7;;25.2;24.6;;;;;;224.0;2.4;1.8
2022/09/24;2300 UTC;0.0;989.7;989.7;988.8;;24.1;;24.7;24.1;;;;;;138.0;2.4;1.6
2022/09/25;0000 UTC;0.0;990.5;990.5;989.6;;23.7;;24.1;23.7;;;;;;123.0;1.9;0.4
2022/09/25;0100 UTC;0.0;990.7;990.8;990.5;;22.8;;23.8;22.8;;;;;;58.0;1.6;1.0
2022/09/25;0200 UTC;0.0;990.5;990.7;990.5;;22.7;;23.0;22.7;;;;;;168.0;2.6;2.1
2022/09/25;0300 UTC;0.0;989.7;990.5;989.7;;22.4;;22.8;22.4;;;;;;134.0;2.6;0.8
2022/09/25;0400 UTC;0.0;989.4;989.9;989.4;;21.5;;22.4;21.5;;;;;;88.0;1.3;1.0
2022/09/25;0500 UTC;0.0;989.1;989.4;989.0;;21.5;;21.6;21.3;;;;;;124.0;1.6;1.4
2022/09/25;0600 UTC;0.2;988.7;989.1;988.6;;20.9;;21.7;20.9;;;;;;333.0;1.6;0.1
2022/09/25;0700 UTC;0.0;989.9;989.9;988.7;;21.8;;22.0;20.9;;;;;;155.0;6.6;2.9
2022/09/25;0800 UTC;0.0;990.1;990.1;989.6;;21.5;;22.0;21.5;;;;;;86.0;5.1;1.1
2022/09/25;0900 UTC;0.0;990.7;990.8;990.0;;21.7;;21.7;21.5;;;;;;163.0;1.7;0.5
2022/09/25;1000 UTC;0.0;991.7;991.7;990.6;127.8;22.4;;22.6;21.7;;;;;;96.0;1.9;0.8
2022/09/25;1100 UTC;0.0;993.1;993.1;991.7;285.3;23.3;;23.3;22.2;;;;;;15.0;2.7;1.0
2022/09/25;1200 UTC;0.0;993.4;993.5;993.1;900.4;25.6;;25.6;23.3;;;;;;53.0;2.4;1.0
2022/09/25;1300 UTC;0.0;993.3;993.5;993.3;1588.7;27.5;;27.5;25.6;;;;;;5.0;6.4;1.0
2022/09/25;1400 UTC;0.0;992.5;993.3;992.5;2546.3;29.6;;30.0;27.4;;;;;;30.0;7.5;4.2
2022/09/25;1500 UTC;0.0;992.2;992.6;992.1;2027.2;29.7;;30.1;29.1;;;;;;4.0;9.1;4.7
2022/09/25;1600 UTC;0.0;991.0;992.2;991.0;2398.2;30.4;;31.1;29.3;;;;;;85.0;9.1;2.7
2022/09/25;1700 UTC;0.0;989.5;991.0;989.5;1366.7;30.2;;30.7;30.0;;;;;;76.0;7.1;4.5
2022/09/25;1800 UTC;0.0;989.0;989.6;989.0;2576.7;32.3;;32.5;30.2;;;;;;78.0;7.1;2.6
2022/09/25;1900 UTC;0.0;988.3;989.0;988.2;1151.2;30.5;;32.7;30.5;;;;;;52.0;7.5;2.5
2022/09/25;2000 UTC;0.0;988.0;988.3;988.0;657.8;30.7;;30.8;30.3;;;;;;122.0;5.0;1.6
2022/09/25;2100 UTC;0.0;988.4;988.4;988.0;184.0;29.1;;30.8;29.1;;;;;;127.0;4.0;1.3
2022/09/25;2200 UTC;0.0;989.3;989.3;988.4;;27.0;;29.1;27.0;;;;;;119.0;2.1;0.0
2022/09/25;2300 UTC;0.0;990.2;990.2;989.3;;26.6;;27.0;26.6;;;;;;256.0;0.0;0.0
2022/09/26;0000 UTC;0.0;990.7;990.8;990.2;;25.2;;26.6;25.2;;;;;;150.0;1.6;1.1
2022/09/26;0100 UTC;0.0;991.5;991.5;990.7;;24.1;;25.2;24.1;;;;;;125.0;1.6;1.0
2022/09/26;0200 UTC;0.0;991.7;991.7;991.5;;23.6;;24.1;23.6;;;;;;148.0;1.4;0.9
2022/09/26;0300 UTC;0.0;991.1;991.7;991.0;;23.0;;23.6;23.0;;;;;;125.0;1.7;0.0
2022/09/26;0400 UTC;0.0;990.3;991.1;990.3;;22.6;;23.1;22.6;;;;;;166.0;0.0;0.0
2022/09/26;0500 UTC;0.0;990.0;990.3;990.0;;22.1;;22.8;22.1;;;;;;103.0;0.0;0.0
2022/09/26;0600 UTC;0.0;989.8;990.0;989.8;;22.0;;22.2;21.9;;;;;;141.0;0.0;0.0
2022/09/26;0700 UTC;0.0;990.1;990.1;989.8;;21.3;;22.0;21.3;;;;;;112.0;0.0;0.0
2022/09/26;0800 UTC;0.0;990.4;990.4;990.0;;21.1;;21.5;21.1;;;;;;129.0;0.0;0.0
2022/09/26;0900 UTC;0.0;991.3;991.3;990.4;;20.8;;21.1;20.6;;;;;;85.0;0.7;0.0
2022/09/26;1000 UTC;0.0;992.5;992.5;991.3;233.2;22.6;;22.6;20.8;;;;;;121.0;1.7;0.9
2022/09/26;1100 UTC;0.0;993.1;993.2;992.5;931.6;25.3;;25.3;22.6;;;;;;116.0;2.8;1.5
2022/09/26;1200 UTC;0.0;993.8;993.8;993.2;1076.4;26.7;;27.4;25.1;;;;;;52.0;7.3;3.1
2022/09/26;1300 UTC;0.0;993.9;994.0;993.8;1481.6;28.2;;29.2;26.7;;;;;;43.0;5.5;2.3
2022/09/26;1400 UTC;0.0;993.1;993.9;993.1;2281.8;29.7;;30.6;28.1;;;;;;28.0;6.3;2.2
2022/09/26;1500 UTC;0.0;991.9;993.1;991.9;2058.2;31.7;;31.7;29.7;;;;;;62.0;7.2;1.9
2022/09/26;1600 UTC;0.0;990.5;991.9;990.5;3144.5;32.7;;33.6;31.6;;;;;;92.0;8.6;4.2
2022/09/26;1700 UTC;0.0;989.6;990.5;989.6;1430.0;33.3;;33.6;32.1;;;;;;119.0;9.1;3.2
2022/09/26;1800 UTC;0.0;988.9;989.6;988.9;1989.2;32.9;;34.0;32.5;;;;;;98.0;10.0;4.0
2022/09/26;1900 UTC;0.0;988.2;988.9;988.2;1670.8;33.8;;33.9;32.5;;;;;;106.0;8.4;3.2
2022/09/26;2000 UTC;0.0;988.3;988.3;988.1;1081.3;32.9;;33.9;32.9;;;;;;113.0;7.3;4.6
2022/09/26;2100 UTC;0.0;988.7;988.7;988.3;299.7;30.7;;32.9;30.7;;;;;;107.0;6.4;0.0
2022/09/26;2200 UTC;0.0;989.2;989.2;988.7;;27.5;;30.7;27.5;;;;;;120.0;0.0;0.0
2022/09/26;2300 UTC;0.4;989.8;989.8;989.2;;25.8;;27.5;25.8;;;;;;125.0;0.3;0.0
2022/09/27;0000 UTC;0.0;990.7;990.7;989.8;;24.8;;25.8;24.8;;;;;;58.0;0.0;0.0
2022/09/27;0100 UTC;0.0;991.2;991.2;990.7;;24.0;;24.8;24.0;;;;;;156.0;0.0;0.0
2022/09/27;0200 UTC;0.0;991.4;991.4;991.2;;23.0;;24.0;23.0;;;;;;145.0;0.0;0.0
2022/09/27;0300 UTC;0.0;991.1;991.4;991.1;;22.3;;23.0;22.3;;;;;;89.0;1.0;0.0
2022/09/27;0400 UTC;0.0;990.6;991.1;990.6;;21.6;;22.3;21.6;;;;;;110.0;0.0;0.0
2022/09/27;0500 UTC;0.0;989.9;990.6;989.9;;21.1;;21.7;21.0;;;;;;87.0;0.0;0.0
2022/09/27;0600 UTC;0.0;989.6;989.9;989.6;;20.8;;21.2;20.8;;;;;;95.0;0.0;0.0
2022/09/27;0700 UTC;0.0;989.5;989.6;989.4;;20.4;;20.8;20.4;;;;;;173.0;0.0;0.0
2022/09/27;0800 UTC;0.0;990.0;990.0;989.5;;19.9;;20.6;19.8;;;;;;121.0;0.0;0.0
2022/09/27;0900 UTC;0.0;990.7;990.7;990.0;;19.2;;19.9;19.1;;;;;;117.0;0.0;0.0
2022/09/27;1000 UTC;0.0;991.7;991.7;990.7;256.1;20.8;;20.8;19.2;;;;;;111.0;0.0;0.0
2022/09/27;1100 UTC;0.0;992.2;992.2;991.7;1062.2;24.9;;24.9;20.8;;;;;;350.0;0.0;0.0
2022/09/27;1200 UTC;0.0;993.2;993.7;992.2;1715.3;27.8;;28.4;24.9;;;;;;79.0;9.1;4.6
2022/09/27;1300 UTC;0.0;993.3;993.7;993.2;2637.5;30.7;;30.8;27.7;;;;;;46.0;9.7;2.5
2022/09/27;1400 UTC;0.0;992.8;993.3;992.7;3024.7;33.2;;33.3;30.7;;;;;;61.0;8.1;3.1
2022/09/27;1500 UTC;0.0;991.8;992.8;991.8;2797.0;33.9;;34.4;32.4;;;;;;110.0;8.2;2.2
2022/09/27;1600 UTC;0.0;990.5;991.8;990.5;3445.5;35.2;;35.9;33.5;;;;;;95.0;9.4;1.3
2022/09/27;1700 UTC;0.0;989.5;990.5;989.4;3265.1;35.6;;36.5;34.6;;;;;;69.0;8.1;2.3
2022/09/27;1800 UTC;0.0;988.5;989.5;988.5;2835.5;36.9;;36.9;35.3;;;;;;110.0;7.5;3.0
2022/09/27;1900 UTC;0.0;987.9;988.5;987.9;1958.7;36.2;;36.9;35.8;;;;;;132.0;6.8;1.7
2022/09/27;2000 UTC;0.0;987.7;987.9;987.6;1020.6;35.8;;36.3;35.6;;;;;;82.0;6.4;1.9
2022/09/27;2100 UTC;0.0;988.0;988.0;987.7;272.1;33.7;;35.8;33.7;;;;;;90.0;3.7;0.0
2022/09/27;2200 UTC;0.0;988.4;988.4;988.0;;29.2;;33.7;29.2;;;;;;73.0;0.0;0.0
2022/09/27;2300 UTC;0.0;988.9;988.9;988.4;;26.5;;29.1;26.5;;;;;;114.0;0.0;0.0
2022/09/28;0000 UTC;0.0;989.7;989.7;988.9;;25.7;;26.5;25.7;;;;;;188.0;1.5;0.0
2022/09/28;0100 UTC;0.0;990.2;990.2;989.7;;24.7;;25.7;24.7;;;;;;120.0;0.0;0.0
2022/09/28;0200 UTC;0.0;990.2;990.3;990.1;;24.0;;24.7;23.9;;;;;;228.0;0.0;0.0
2022/09/28;0300 UTC;0.0;989.8;990.3;989.8;;22.8;;24.1;22.8;;;;;;115.0;0.0;0.0
2022/09/28;0400 UTC;0.0;989.2;989.8;989.2;;21.9;;22.8;21.9;;;;;;103.0;0.0;0.0
2022/09/28;0500 UTC;0.0;988.6;989.2;988.6;;21.4;;21.9;21.3;;;;;;253.0;0.0;0.0
2022/09/28;0600 UTC;0.0;988.3;988.6;988.3;;20.2;;21.6;20.2;;;;;;141.0;0.0;0.0
2022/09/28;0700 UTC;0.0;988.4;988.4;988.2;;19.7;;20.2;19.7;;;;;;133.0;0.2;0.0
2022/09/28;0800 UTC;0.0;988.9;988.9;988.4;;19.4;;20.0;19.4;;;;;;119.0;2.1;0.4
2022/09/28;0900 UTC;0.0;989.6;989.6;988.8;;19.5;;19.5;19.0;;;;;;160.0;2.9;0.4
2022/09/28;1000 UTC;0.0;990.6;990.6;989.6;252.9;21.5;;21.5;19.5;;;;;;262.0;1.6;0.0
2022/09/28;1100 UTC;0.0;991.2;991.2;990.6;1031.9;26.3;;26.4;21.5;;;;;;16.0;4.2;2.1
2022/09/28;1200 UTC;0.0;992.1;992.1;991.2;1857.6;28.8;;28.8;26.3;;;;;;10.0;5.5;2.8
2022/09/28;1300 UTC;0.0;992.4;992.6;992.1;2282.1;30.9;;30.9;28.4;;;;;;41.0;5.8;1.8
2022/09/28;1400 UTC;0.0;992.1;992.4;992.0;2239.8;30.7;;31.8;29.7;;;;;;57.0;6.8;3.7
2022/09/28;1500 UTC;0.0;991.2;992.1;991.2;2340.2;31.8;;32.4;29.6;;;;;;51.0;11.0;3.5
2022/09/28;1600 UTC;0.0;989.9;991.2;989.9;3453.4;33.0;;34.0;31.4;;;;;;38.0;6.9;2.5
2022/09/28;1700 UTC;0.0;988.7;989.9;988.7;3124.6;34.4;;34.7;32.4;;;;;;109.0;7.1;1.5
2022/09/28;1800 UTC;0.0;987.6;988.7;987.6;2686.9;35.5;;36.0;34.1;;;;;;62.0;7.1;2.5
2022/09/28;1900 UTC;0.0;987.0;987.6;987.0;1989.2;35.5;;35.7;34.6;;;;;;33.0;7.1;1.4
2022/09/28;2000 UTC;0.0;987.0;987.0;986.8;932.7;35.0;;35.8;34.9;;;;;;133.0;4.1;0.3
2022/09/28;2100 UTC;0.0;987.1;987.2;986.9;232.4;32.9;;35.1;32.9;;;;;;347.0;1.8;0.0
2022/09/28;2200 UTC;0.0;987.7;987.8;987.1;;29.3;;32.9;29.3;;;;;;252.0;0.0;0.0
2022/09/28;2300 UTC;0.0;988.2;988.2;987.7;;26.8;;29.3;26.8;;;;;;133.0;0.0;0.0
2022/09/29;0000 UTC;0.0;988.6;988.6;988.3;;25.1;;26.8;25.1;;;;;;110.0;0.0;0.0
2022/09/29;0100 UTC;0.0;989.1;989.1;988.6;;24.1;;25.1;24.1;;;;;;126.0;0.0;0.0
2022/09/29;0200 UTC;0.0;989.6;989.6;989.0;;23.6;;24.1;23.4;;;;;;204.0;0.0;0.0
2022/09/29;0300 UTC;0.0;989.3;989.7;989.3;;22.7;;23.7;22.7;;;;;;124.0;0.0;0.0
2022/09/29;0400 UTC;0.0;988.8;989.4;988.8;;21.8;;22.7;21.8;;;;;;127.0;0.0;0.0
2022/09/29;0500 UTC;0.0;988.4;988.9;988.4;;21.1;;21.8;21.0;;;;;;108.0;2.0;0.0
2022/09/29;0600 UTC;0.0;988.0;988.5;988.0;;20.5;;21.2;20.5;;;;;;146.0;2.5;0.0
2022/09/29;0700 UTC;0.0;988.2;988.2;987.9;;20.0;;20.6;20.0;;;;;;108.0;0.0;0.0
2022/09/29;0800 UTC;0.0;989.4;989.4;988.1;;19.8;;20.0;19.4;;;;;;128.0;2.8;0.8
2022/09/29;0900 UTC;0.0;990.3;990.3;989.4;;20.3;;20.3;19.7;;;;;;164.0;1.9;0.0
2022/09/29;1000 UTC;0.0;991.1;991.1;990.3;245.8;23.8;;23.8;20.3;;;;;;77.0;1.2;0.1
2022/09/29;1100 UTC;0.0;991.6;991.6;991.1;1002.5;26.6;;26.6;23.8;;;;;;41.0;7.3;3.4
2022/09/29;1200 UTC;0.0;991.9;992.0;991.6;1915.6;28.2;;28.5;26.6;;;;;;40.0;7.9;3.3
2022/09/29;1300 UTC;0.0;991.6;991.9;991.6;2632.8;29.9;;30.7;28.2;;;;;;66.0;6.6;2.6
2022/09/29;1400 UTC;0.0;991.4;991.7;991.2;2621.5;30.7;;31.5;29.9;;;;;;85.0;8.1;4.0
2022/09/29;1500 UTC;0.0;990.8;991.4;990.8;3208.9;32.5;;33.0;30.5;;;;;;50.0;7.6;1.8
2022/09/29;1600 UTC;0.0;989.2;990.8;989.2;3211.5;33.7;;34.3;31.9;;;;;;110.0;7.1;3.5
2022/09/29;1700 UTC;0.0;988.0;989.2;988.0;3313.3;34.7;;35.7;33.7;;;;;;102.0;8.4;2.1
2022/09/29;1800 UTC;0.0;987.2;988.0;987.2;2547.3;35.9;;36.0;34.2;;;;;;96.0;7.3;2.6
2022/09/29;1900 UTC;0.0;986.8;987.2;986.8;1987.1;35.8;;36.3;35.3;;;;;;84.0;6.0;1.0
2022/09/29;2000 UTC;0.0;986.6;986.8;986.6;1035.9;35.5;;36.0;35.3;;;;;;99.0;4.3;1.7
2022/09/29;2100 UTC;0.0;986.5;986.7;986.5;267.5;33.5;;35.5;33.5;;;;;;75.0;3.8;0.0
2022/09/29;2200 UTC;0.0;987.0;987.0;986.5;;30.0;;33.5;30.0;;;;;;47.0;1.3;0.0
2022/09/29;2300 UTC;0.0;987.8;987.8;987.0;;28.5;;30.0;28.5;;;;;;139.0;0.0;0.0
2022/09/30;0000 UTC;0.0;988.5;988.5;987.8;;26.5;;28.5;26.5;;;;;;180.0;0.0;0.0
2022/09/30;0100 UTC;0.0;989.2;989.2;988.5;;26.7;;27.0;26.1;;;;;;250.0;0.0;0.0
2022/09/30;0200 UTC;0.0;989.3;989.4;989.2;;25.8;;27.0;25.7;;;;;;269.0;1.2;0.2
2022/09/30;0300 UTC;0.0;989.1;989.3;989.0;;25.2;;25.9;25.1;;;;;;317.0;1.2;0.0
2022/09/30;0400 UTC;0.0;988.7;989.1;988.7;;23.4;;25.3;23.4;;;;;;351.0;1.7;0.0
2022/09/30;0500 UTC;0.0;988.4;988.7;988.4;;22.2;;23.4;22.2;;;;;;157.0;0.7;0.0
2022/09/30;0600 UTC;0.0;988.2;988.4;988.1;;21.2;;22.3;21.2;;;;;;112.0;1.1;0.1
2022/09/30;0700 UTC;0.0;988.6;988.6;988.2;;20.7;;21.2;20.7;;;;;;119.0;1.1;0.2
2022/09/30;0800 UTC;0.0;989.2;989.2;988.6;;20.9;;21.3;20.7;;;;;;137.0;1.1;0.0
2022/09/30;0900 UTC;0.0;989.8;989.8;989.2;;20.1;;20.9;20.1;;;;;;129.0;0.4;0.0
2022/09/30;1000 UTC;0.0;990.8;990.8;989.8;246.9;21.9;;21.9;20.0;;;;;;127.0;1.1;0.2
2022/09/30;1100 UTC;0.0;991.6;991.6;990.8;916.6;26.0;;26.0;21.9;;;;;;37.0;2.3;0.3
2022/09/30;1200 UTC;0.0;992.1;992.1;991.6;1738.2;29.0;;29.0;26.0;;;;;;360.0;7.1;3.6
2022/09/30;1300 UTC;0.0;992.0;992.3;992.0;2553.2;31.1;;31.3;28.5;;;;;;13.0;9.2;3.4
2022/09/30;1400 UTC;0.0;991.4;992.0;991.3;3094.9;33.0;;33.0;30.8;;;;;;2.0;7.9;4.0
2022/09/30;1500 UTC;0.0;990.9;991.4;990.9;3253.0;33.5;;34.0;32.3;;;;;;32.0;8.3;3.6
2022/09/30;1600 UTC;0.0;989.8;990.9;989.8;3320.1;34.2;;34.9;33.0;;;;;;47.0;9.2;4.3
2022/09/30;1700 UTC;0.0;989.0;989.8;989.0;3052.6;36.0;;36.0;34.1;;;;;;88.0;8.7;4.7
2022/09/30;1800 UTC;0.0;988.1;989.0;988.1;2583.2;35.9;;36.8;35.0;;;;;;75.0;8.7;2.9
2022/09/30;1900 UTC;0.0;987.6;988.1;987.6;1752.7;36.0;;36.8;35.7;;;;;;90.0;7.0;1.8
2022/09/30;2000 UTC;0.0;987.4;987.6;987.4;1015.7;35.6;;36.4;35.5;;;;;;84.0;6.6;1.0
2022/09/30;2100 UTC;0.0;987.7;987.7;987.4;212.1;33.5;;35.6;33.5;;;;;;47.0;5.0;0.0
2022/09/30;2200 UTC;0.0;988.5;988.5;987.7;;31.7;;33.5;31.7;;;;;;48.0;2.3;0.9
2022/09/30;2300 UTC;0.0;989.2;989.2;988.5;;29.4;;31.7;29.4;;;;;;90.0;2.1;0.2
2022/10/01;0000 UTC;0.0;989.7;989.7;989.2;;28.1;;29.4;27.9;;;;;;127.0;1.5;0.0
2022/10/01;0100 UTC;0.0;990.0;990.0;989.7;;27.1;;28.4;27.1;;;;;;153.0;0.6;0.0
2022/10/01;0200 UTC;0.0;990.2;990.2;990.0;;25.9;;27.1;25.9;;;;;;167.0;0.0;0.0
2022/10/01;0300 UTC;0.0;989.7;990.2;989.7;;25.0;;25.9;25.0;;;;;;250.0;0.0;0.0
2022/10/01;0400 UTC;0.0;989.3;989.7;989.3;;23.2;;25.0;23.2;;;;;;130.0;0.0;0.0
2022/10/01;0500 UTC;0.0;989.0;989.3;988.9;;22.4;;23.2;22.3;;;;;;119.0;1.5;0.7
2022/10/01;0600 UTC;0.0;989.1;989.2;989.0;;22.9;;22.9;22.3;;;;;;119.0;2.1;0.0
2022/10/01;0700 UTC;0.0;989.1;989.2;989.0;;22.6;;23.1;22.6;;;;;;159.0;1.4;0.0
2022/10/01;0800 UTC;0.0;989.7;989.7;989.1;;22.1;;22.7;21.8;;;;;;138.0;1.6;0.5
2022/10/01;0900 UTC;0.0;990.3;990.4;989.7;;23.7;;23.7;21.9;;;;;;357.0;2.8;0.9
2022/10/01;1000 UTC;0.0;991.1;991.1;990.3;278.9;25.2;;25.2;23.5;;;;;;27.0;2.7;0.9
2022/10/01;1100 UTC;0.0;992.0;992.0;991.1;1051.2;27.3;;27.4;25.2;;;;;;55.0;3.8;1.1
2022/10/01;1200 UTC;0.0;992.4;992.5;992.0;1872.5;29.1;;29.1;27.2;;;;;;62.0;5.1;1.3
2022/10/01;1300 UTC;0.0;992.5;992.7;992.4;2539.1;30.2;;31.0;28.7;;;;;;60.0;4.1;1.4
2022/10/01;1400 UTC;0.0;991.7;992.6;991.7;3015.2;34.2;;34.4;30.2;;;;;;60.0;7.3;2.9
2022/10/01;1500 UTC;0.0;990.7;991.7;990.7;3391.0;35.3;;35.7;34.0;;;;;;89.0;10.8;4.3
2022/10/01;1600 UTC;0.0;989.5;990.7;989.4;3445.5;36.4;;37.2;35.2;;;;;;122.0;10.1;4.7
2022/10/01;1700 UTC;0.0;988.5;989.5;988.5;3220.2;36.9;;38.1;35.9;;;;;;99.0;10.3;4.3
2022/10/01;1800 UTC;0.0;987.9;988.5;987.9;2652.9;37.9;;38.2;36.8;;;;;;91.0;9.3;4.1
2022/10/01;1900 UTC;0.0;987.4;987.9;987.4;1839.3;37.5;;38.2;36.8;;;;;;108.0;8.6;5.0
2022/10/01;2000 UTC;0.0;987.3;987.4;987.3;1094.5;36.5;;37.6;36.5;;;;;;92.0;8.6;2.9
2022/10/01;2100 UTC;0.0;987.6;987.6;987.3;269.8;33.9;;36.6;33.9;;;;;;91.0;4.8;1.3
2022/10/01;2200 UTC;0.0;988.4;988.4;987.6;;29.0;;33.9;29.0;;;;;;117.0;2.7;0.0
2022/10/01;2300 UTC;0.0;989.2;989.2;988.4;;26.0;;29.0;26.0;;;;;;129.0;0.0;0.0
2022/10/02;0000 UTC;0.0;990.0;990.0;989.2;;24.8;;26.3;24.8;;;;;;323.0;0.0;0.0
2022/10/02;0100 UTC;0.0;990.6;990.6;990.0;;23.6;;24.8;23.6;;;;;;180.0;0.0;0.0
2022/10/02;0200 UTC;0.0;990.8;991.1;990.6;;22.6;;23.6;22.6;;;;;;121.0;0.0;0.0
2022/10/02;0300 UTC;0.0;990.5;990.8;990.5;;21.8;;22.6;21.8;;;;;;174.0;0.0;0.0
2022/10/02;0400 UTC;0.0;990.3;990.6;990.3;;21.3;;22.0;21.3;;;;;;135.0;0.0;0.0
2022/10/02;0500 UTC;0.0;990.3;990.3;990.1;;20.6;;21.3;20.6;;;;;;143.0;0.0;0.0
2022/10/02;0600 UTC;0.0;990.1;990.3;990.0;;19.7;;20.7;19.7;;;;;;97.0;1.6;0.0
2022/10/02;0700 UTC;0.0;990.0;990.1;990.0;;19.7;;19.8;19.5;;;;;;155.0;1.9;0.0
2022/10/02;0800 UTC;0.0;990.5;990.5;990.0;;18.9;;19.7;18.9;;;;;;129.0;0.8;0.0
2022/10/02;0900 UTC;0.0;991.4;991.4;990.5;;18.4;;18.9;18.4;;;;;;111.0;0.6;0.0
2022/10/02;1000 UTC;0.0;992.4;992.4;991.4;283.6;20.8;;20.8;18.3;;;;;;119.0;1.1;0.0
2022/10/02;1100 UTC;0.0;993.4;993.4;992.4;1022.5;26.9;;26.9;20.8;;;;;;21.0;4.7;2.4
2022/10/02;1200 UTC;0.0;993.4;993.5;993.4;1817.1;28.9;;29.2;26.9;;;;;;1.0;7.0;3.1
2022/10/02;1300 UTC;0.0;993.3;993.6;993.3;2588.9;30.3;;30.9;28.8;;;;;;201.0;5.7;0.5
2022/10/02;1400 UTC;0.0;992.3;993.3;992.3;3130.0;34.0;;34.0;30.4;;;;;;21.0;7.2;3.0
2022/10/02;1500 UTC;0.0;991.2;992.3;991.2;3159.1;34.1;;35.3;32.9;;;;;;54.0;8.0;2.6
2022/10/02;1600 UTC;0.0;990.0;991.2;990.0;3391.3;35.9;;36.2;34.0;;;;;;64.0;9.0;3.8
2022/10/02;1700 UTC;0.0;988.7;990.0;988.7;3217.6;36.6;;37.1;34.9;;;;;;110.0;7.6;3.3
2022/10/02;1800 UTC;0.0;987.9;988.7;987.9;2572.9;37.0;;37.2;36.1;;;;;;93.0;7.4;3.2
2022/10/02;1900 UTC;0.0;987.5;987.9;987.4;1983.2;37.1;;37.8;36.6;;;;;;116.0;8.1;2.2
2022/10/02;2000 UTC;0.0;987.6;987.6;987.4;1008.0;35.9;;37.3;35.8;;;;;;88.0;5.6;1.9
2022/10/02;2100 UTC;0.0;988.1;988.1;987.6;159.4;33.8;;35.9;33.8;;;;;;98.0;3.2;0.0
2022/10/02;2200 UTC;0.0;988.2;988.3;988.1;;29.7;;33.8;29.6;;;;;;35.0;1.4;0.0
2022/10/02;2300 UTC;0.0;989.2;989.2;988.2;;27.8;;29.7;27.8;;;;;;68.0;2.0;0.3
2022/10/03;0000 UTC;0.0;990.0;990.0;989.2;;27.0;;28.4;27.0;;;;;;255.0;1.8;1.1
2022/10/03;0100 UTC;0.0;990.7;990.7;990.0;;25.2;;27.0;25.2;;;;;;105.0;1.8;0.0
2022/10/03;0200 UTC;0.0;990.8;990.9;990.7;;23.7;;25.2;23.7;;;;;;121.0;0.9;0.0
2022/10/03;0300 UTC;0.0;990.8;990.8;990.7;;23.2;;23.7;23.0;;;;;;148.0;1.7;0.0
2022/10/03;0400 UTC;0.0;990.3;990.8;990.2;;22.6;;23.4;22.6;;;;;;328.0;0.0;0.0
2022/10/03;0500 UTC;0.0;990.1;990.3;990.0;;22.4;;23.0;22.4;;;;;;93.0;0.7;0.0
2022/10/03;0600 UTC;0.0;990.2;990.3;990.0;;22.0;;22.8;22.0;;;;;;108.0;2.1;0.0
2022/10/03;0700 UTC;0.0;990.5;990.6;990.2;;21.2;;22.0;21.2;;;;;;124.0;2.2;0.0
2022/10/03;0800 UTC;0.0;991.2;991.2;990.4;;21.3;;21.6;21.0;;;;;;143.0;0.9;0.0
2022/10/03;0900 UTC;0.0;991.8;991.8;991.2;0.0;20.9;;21.3;20.7;;;;;;143.0;1.4;0.0
2022/10/03;1000 UTC;0.0;992.4;992.4;991.7;318.5;23.4;;23.4;20.9;;;;;;130.0;1.6;0.0
2022/10/03;1100 UTC;0.0;993.2;993.2;992.4;1070.9;28.2;;28.2;23.4;;;;;;17.0;4.3;2.4
2022/10/03;1200 UTC;0.0;994.0;994.0;993.1;1861.0;29.9;;29.9;28.1;;;;;;14.0;7.6;3.5
2022/10/03;1300 UTC;0.0;994.0;994.3;993.9;2544.7;31.5;;31.7;29.6;;;;;;343.0;8.1;4.0
2022/10/03;1400 UTC;0.0;993.5;994.1;993.5;1604.1;31.9;;31.9;30.7;;;;;;29.0;7.8;2.4
2022/10/03;1500 UTC;0.0;991.7;993.5;991.7;3096.1;33.5;;34.0;31.3;;;;;;350.0;5.9;2.1
2022/10/03;1600 UTC;0.0;989.9;991.7;989.9;2768.0;34.8;;35.0;33.1;;;;;;35.0;6.8;2.8
2022/10/03;1700 UTC;0.0;988.5;989.9;988.5;2718.9;35.2;;36.2;34.4;;;;;;54.0;6.3;2.5
2022/10/03;1800 UTC;0.0;987.7;988.5;987.7;2256.6;35.9;;36.7;34.7;;;;;;55.0;5.5;1.2
2022/10/03;1900 UTC;0.0;987.5;987.7;987.5;1849.1;36.5;;36.6;35.4;;;;;;88.0;5.2;2.0
2022/10/03;2000 UTC;0.0;987.3;987.6;987.3;1050.6;35.5;;36.5;35.5;;;;;;87.0;4.4;1.3
2022/10/03;2100 UTC;0.0;987.4;987.5;987.3;215.8;32.6;;35.5;32.6;;;;;;67.0;3.5;0.0
2022/10/03;2200 UTC;0.0;987.9;987.9;987.4;;29.5;;32.5;29.5;;;;;;236.0;0.0;0.0
2022/10/03;2300 UTC;0.0;988.6;988.6;987.9;;27.4;;29.5;27.4;;;;;;19.0;0.0;0.0
2022/10/04;0000 UTC;0.0;989.0;989.0;988.6;;26.1;;27.4;26.1;;;;;;42.0;0.0;0.0
2022/10/04;0100 UTC;0.0;989.4;989.4;989.0;;25.1;;26.6;25.1;;;;;;156.0;0.0;0.0
2022/10/04;0200 UTC;0.0;989.4;989.5;989.3;;24.0;;25.1;24.0;;;;;;120.0;0.8;0.2
2022/10/04;0300 UTC;0.0;989.2;989.5;989.2;;24.0;;24.3;23.6;;;;;;332.0;2.3;0.0
2022/10/04;0400 UTC;0.0;989.3;989.4;988.9;;25.0;;25.0;23.0;;;;;;358.0;3.9;1.1
2022/10/04;0500 UTC;0.0;988.7;989.3;988.6;;23.4;;25.0;23.4;;;;;;3.0;2.3;0.0
2022/10/04;0600 UTC;0.0;988.7;988.7;988.6;;22.7;;23.4;22.7;;;;;;141.0;1.8;0.1
2022/10/04;0700 UTC;0.0;989.1;989.1;988.6;;22.2;;23.0;22.1;;;;;;85.0;0.8;0.0
2022/10/04;0800 UTC;0.0;989.7;989.7;989.1;;21.9;;22.2;21.8;;;;;;50.0;1.2;0.0
2022/10/04;0900 UTC;0.0;990.5;990.5;989.7;0.3;21.4;;22.0;21.3;;;;;;116.0;0.6;0.0
2022/10/04;1000 UTC;0.0;991.7;991.7;990.5;261.4;23.1;;23.1;21.4;;;;;;99.0;1.2;0.1
2022/10/04;1100 UTC;0.0;992.7;992.7;991.7;480.3;25.7;;25.7;23.1;;;;;;39.0;2.8;1.1
2022/10/04;1200 UTC;0.0;993.0;993.1;992.7;1517.5;28.8;;28.9;25.8;;;;;;3.0;5.9;3.5
2022/10/04;1300 UTC;0.0;993.1;993.2;993.0;2226.6;30.4;;30.6;28.7;;;;;;358.0;7.2;3.2
2022/10/04;1400 UTC;0.0;992.7;993.2;992.7;1714.6;31.3;;31.3;29.7;;;;;;21.0;6.9;3.3
2022/10/04;1500 UTC;0.0;991.8;992.7;991.8;2328.9;32.4;;32.7;30.2;;;;;;17.0;7.0;3.1
2022/10/04;1600 UTC;0.0;990.3;991.8;990.3;3237.4;33.7;;34.6;31.8;;;;;;350.0;5.8;2.3
2022/10/04;1700 UTC;0.0;989.0;990.3;989.0;2981.1;35.0;;35.0;32.9;;;;;;340.0;8.1;2.5
2022/10/04;1800 UTC;0.0;987.8;989.0;987.8;2533.5;35.0;;35.3;34.0;;;;;;49.0;7.1;1.1
2022/10/04;1900 UTC;0.0;987.2;987.8;987.2;1798.5;35.0;;35.8;34.4;;;;;;3.0;6.9;2.2
2022/10/04;2000 UTC;0.0;987.3;987.3;987.1;1066.0;34.1;;35.6;34.1;;;;;;9.0;6.3;2.7
2022/10/04;2100 UTC;0.0;987.4;987.4;987.2;272.9;32.4;;34.2;32.4;;;;;;2.0;4.9;2.4
2022/10/04;2200 UTC;0.0;987.7;987.7;987.3;;30.4;;32.4;30.4;;;;;;344.0;3.8;0.9
2022/10/04;2300 UTC;0.0;988.2;988.2;987.7;;28.9;;30.4;28.7;;;;;;334.0;2.9;0.4
2022/10/05;0000 UTC;0.0;988.8;988.8;988.2;;26.9;;28.9;26.8;;;;;;341.0;1.3;0.0
2022/10/05;0100 UTC;0.0;989.3;989.3;988.8;;24.7;;27.0;24.7;;;;;;115.0;0.0;0.0
2022/10/05;0200 UTC;0.0;989.0;989.3;989.0;;23.6;;24.7;23.6;;;;;;120.0;0.7;0.0
2022/10/05;0300 UTC;0.0;988.8;989.1;988.8;;23.2;;24.0;23.2;;;;;;152.0;0.9;0.0
2022/10/05;0400 UTC;0.0;988.3;988.8;988.3;;22.2;;23.2;22.2;;;;;;118.0;0.0;0.0
2022/10/05;0500 UTC;0.0;987.8;988.3;987.8;;21.9;;22.3;21.8;;;;;;160.0;1.0;0.0
2022/10/05;0600 UTC;0.0;987.4;987.8;987.4;;21.2;;21.9;21.1;;;;;;157.0;0.0;0.0
2022/10/05;0700 UTC;0.0;987.4;987.5;987.3;;20.4;;21.2;20.4;;;;;;110.0;0.0;0.0
2022/10/05;0800 UTC;0.0;987.7;987.7;987.4;;20.1;;20.4;20.0;;;;;;126.0;0.0;0.0
2022/10/05;0900 UTC;0.0;988.3;988.3;987.7;0.6;19.7;;20.2;19.7;;;;;;120.0;1.1;0.1
2022/10/05;1000 UTC;0.0;989.9;989.9;988.3;289.4;22.3;;22.3;19.6;;;;;;135.0;1.5;0.0
2022/10/05;1100 UTC;0.0;990.8;990.8;989.9;1059.3;27.4;;27.4;22.3;;;;;;51.0;4.2;1.7
2022/10/05;1200 UTC;0.0;991.2;991.3;990.8;1889.5;29.4;;29.9;27.4;;;;;;8.0;9.4;3.7
2022/10/05;1300 UTC;0.0;991.4;991.4;991.2;2571.6;30.8;;31.2;29.1;;;;;;14.0;6.5;1.2
2022/10/05;1400 UTC;0.0;990.7;991.4;990.7;3057.2;32.3;;33.4;30.7;;;;;;333.0;4.8;1.1
2022/10/05;1500 UTC;0.0;989.6;990.7;989.6;3322.5;34.8;;35.2;32.4;;;;;;320.0;5.7;1.3
2022/10/05;1600 UTC;0.0;988.3;989.6;988.3;2640.7;34.5;;36.2;34.1;;;;;;73.0;5.1;0.8
2022/10/05;1700 UTC;0.0;986.8;988.3;986.8;2795.0;37.1;;37.9;34.3;;;;;;97.0;8.3;3.8
2022/10/05;1800 UTC;0.0;985.7;986.8;985.7;2493.3;37.6;;37.9;36.9;;;;;;87.0;6.8;2.6
2022/10/05;1900 UTC;0.0;985.2;985.7;985.2;1829.3;37.6;;38.3;37.1;;;;;;87.0;7.8;4.2
2022/10/05;2000 UTC;0.0;985.4;985.4;985.2;954.4;36.5;;37.9;36.4;;;;;;79.0;7.8;1.3
2022/10/05;2100 UTC;0.0;985.7;985.7;985.3;250.1;34.5;;36.8;34.5;;;;;;60.0;4.9;1.0
2022/10/05;2200 UTC;0.0;986.4;986.4;985.7;;32.1;;34.5;32.1;;;;;;54.0;2.2;0.6
2022/10/05;2300 UTC;0.0;987.2;987.2;986.4;;29.3;;32.1;29.3;;;;;;126.0;1.5;0.0
2022/10/06;0000 UTC;0.0;987.9;987.9;987.2;;28.2;;29.5;28.2;;;;;;132.0;0.7;0.0
2022/10/06;0100 UTC;0.0;988.3;988.3;987.9;;27.4;;28.4;27.4;;;;;;133.0;1.2;0.3
2022/10/06;0200 UTC;0.0;988.7;988.7;988.3;;25.8;;27.6;25.8;;;;;;283.0;3.0;0.3
2022/10/06;0300 UTC;0.0;988.0;988.7;988.0;;27.9;;28.0;25.8;;;;;;360.0;3.4;1.9
2022/10/06;0400 UTC;0.0;987.3;988.0;987.3;;26.7;;27.9;26.7;;;;;;8.0;3.2;0.3
2022/10/06;0500 UTC;0.0;986.8;987.3;986.8;;24.6;;26.8;24.6;;;;;;134.0;1.6;0.0
2022/10/06;0600 UTC;0.0;986.3;986.8;986.3;;22.4;;24.6;22.4;;;;;;122.0;0.9;0.3
2022/10/06;0700 UTC;0.0;987.1;987.1;986.3;;21.7;;22.4;21.7;;;;;;118.0;2.3;1.2
2022/10/06;0800 UTC;0.0;988.1;988.1;987.1;;21.7;;21.8;21.4;;;;;;129.0;2.2;1.4
2022/10/06;0900 UTC;0.0;989.7;989.8;988.1;1.5;21.9;;21.9;21.2;;;;;;54.0;2.2;0.0
2022/10/06;1000 UTC;0.0;990.6;990.6;989.7;258.1;25.2;;25.2;22.0;;;;;;5.0;4.6;2.8
2022/10/06;1100 UTC;0.0;991.6;991.6;990.6;779.0;26.5;;26.6;25.2;;;;;;16.0;5.5;2.8
2022/10/06;1200 UTC;0.0;992.3;992.4;991.6;606.8;27.2;;27.2;26.2;;;;;;7.0;5.9;2.5
2022/10/06;1300 UTC;0.0;992.2;992.5;992.1;1529.2;29.8;;30.0;27.1;;;;;;50.0;6.4;3.1
2022/10/06;1400 UTC;0.0;991.9;992.2;991.9;1671.7;30.9;;30.9;29.4;;;;;;50.0;7.1;2.0
2022/10/06;1500 UTC;0.0;990.7;991.9;990.7;2341.9;31.8;;32.6;30.4;;;;;;59.0;7.2;3.0
2022/10/06;1600 UTC;0.0;989.6;990.7;989.6;2219.1;32.9;;34.4;31.6;;;;;;31.0;7.9;2.5
2022/10/06;1700 UTC;0.0;988.4;989.6;988.4;2785.3;34.5;;34.8;32.8;;;;;;38.0;7.2;3.0
2022/10/06;1800 UTC;0.0;987.5;988.4;987.5;2288.0;35.2;;35.3;33.5;;;;;;48.0;7.9;3.2
2022/10/06;1900 UTC;0.0;987.2;987.5;987.2;1729.1;35.0;;35.3;34.2;;;;;;48.0;6.8;3.5
2022/10/06;2000 UTC;0.0;986.8;987.2;986.8;997.7;34.2;;35.0;33.9;;;;;;48.0;6.8;2.9
2022/10/06;2100 UTC;0.0;987.0;987.0;986.7;232.6;32.1;;34.2;32.1;;;;;;34.0;6.8;1.9
2022/10/06;2200 UTC;0.0;988.0;988.0;987.0;;30.3;;32.1;30.3;;;;;;45.0;4.0;0.3
2022/10/06;2300 UTC;0.0;988.9;988.9;988.0;;28.2;;30.3;28.2;;;;;;89.0;1.4;0.0
2022/10/07;0000 UTC;0.0;989.6;989.6;988.9;;26.3;;28.2;26.3;;;;;;39.0;0.0;0.0
2022/10/07;0100 UTC;0.0;989.9;989.9;989.6;;24.6;;26.3;24.6;;;;;;87.0;0.0;0.0
2022/10/07;0200 UTC;0.0;989.6;990.0;989.6;;23.7;;24.6;23.7;;;;;;118.0;0.0;0.0
2022/10/07;0300 UTC;0.0;989.1;989.6;989.1;;22.8;;23.7;22.8;;;;;;123.0;2.0;0.1
2022/10/07;0400 UTC;0.0;988.5;989.1;988.5;;22.4;;22.8;22.4;;;;;;118.0;1.5;0.0
2022/10/07;0500 UTC;0.0;987.6;988.5;987.5;;21.9;;22.4;21.9;;;;;;119.0;0.0;0.0
2022/10/07;0600 UTC;0.0;987.6;988.0;987.5;;21.5;;22.1;21.5;;;;;;121.0;3.6;0.2
2022/10/07;0700 UTC;0.0;987.7;987.7;987.4;;21.7;;21.7;21.3;;;;;;131.0;1.8;0.3
2022/10/07;0800 UTC;0.0;988.8;988.8;987.7;;21.3;;21.7;21.1;;;;;;144.0;1.3;0.0
2022/10/07;0900 UTC;0.0;989.9;989.9;988.8;0.9;22.1;;22.1;20.9;;;;;;27.0;2.0;0.3
2022/10/07;1000 UTC;0.0;991.1;991.1;989.9;283.4;24.8;;24.8;22.1;;;;;;354.0;3.4;2.0
2022/10/07;1100 UTC;0.0;991.9;991.9;991.1;1012.2;27.2;;27.3;24.8;;;;;;16.0;8.4;3.9
2022/10/07;1200 UTC;0.0;992.4;992.4;991.9;1761.8;29.7;;29.7;27.2;;;;;;33.0;8.4;3.0
2022/10/07;1300 UTC;0.0;992.5;992.7;992.4;2578.8;32.1;;32.1;29.4;;;;;;65.0;7.6;4.2
2022/10/07;1400 UTC;0.0;991.9;992.5;991.9;3106.0;33.8;;33.8;31.6;;;;;;355.0;9.8;3.7
2022/10/07;1500 UTC;0.0;990.9;991.9;990.9;2765.3;35.1;;35.2;32.7;;;;;;3.0;7.9;2.2
2022/10/07;1600 UTC;0.0;989.3;991.0;989.3;2144.2;35.5;;36.8;34.0;;;;;;294.0;5.4;1.0
2022/10/07;1700 UTC;0.0;987.7;989.3;987.7;1871.8;35.5;;36.6;35.0;;;;;;47.0;7.7;3.7
2022/10/07;1800 UTC;0.0;986.4;987.7;986.4;2133.5;36.3;;37.0;35.5;;;;;;49.0;9.6;2.7
2022/10/07;1900 UTC;0.0;985.9;986.4;985.8;1245.4;36.0;;37.0;35.5;;;;;;50.0;8.8;5.2
2022/10/07;2000 UTC;0.0;985.9;985.9;985.7;1043.1;36.1;;36.9;35.9;;;;;;43.0;8.8;3.8
2022/10/07;2100 UTC;0.0;986.7;986.7;985.9;235.4;33.8;;36.2;33.8;;;;;;53.0;7.7;1.9
2022/10/07;2200 UTC;0.0;987.7;987.7;986.6;;32.1;;33.8;32.1;;;;;;59.0;3.6;1.9
2022/10/07;2300 UTC;0.0;988.2;988.2;987.7;;30.9;;32.1;30.8;;;;;;57.0;3.0;1.5
2022/10/08;0000 UTC;0.0;988.8;988.8;988.2;;28.4;;30.9;28.2;;;;;;117.0;2.5;0.0
2022/10/08;0100 UTC;0.0;989.4;989.4;988.8;;25.7;;28.5;25.6;;;;;;213.0;1.1;0.0
2022/10/08;0200 UTC;0.0;989.6;989.7;989.4;;24.9;;26.5;24.9;;;;;;218.0;1.6;0.0
2022/10/08;0300 UTC;0.0;989.3;989.8;989.3;;24.5;;25.4;24.3;;;;;;261.0;1.7;0.0
2022/10/08;0400 UTC;0.0;988.6;989.3;988.6;;22.5;;24.7;22.5;;;;;;111.0;1.7;0.8
2022/10/08;0500 UTC;0.0;988.1;988.7;988.1;;22.6;;22.6;22.2;;;;;;195.0;1.9;0.0
2022/10/08;0600 UTC;0.0;988.0;988.1;988.0;;21.8;;22.6;21.8;;;;;;185.0;0.0;0.0
2022/10/08;0700 UTC;0.0;988.1;988.2;988.0;;21.2;;21.8;21.2;;;;;;102.0;1.1;0.0
2022/10/08;0800 UTC;0.0;989.0;989.0;988.0;;20.9;;21.2;20.8;;;;;;144.0;1.4;0.4
2022/10/08;0900 UTC;0.0;989.4;989.4;989.0;;20.6;;21.2;20.5;;;;;;112.0;1.6;0.4
2022/10/08;1000 UTC;0.0;990.2;990.2;989.4;162.5;23.1;;23.1;20.6;;;;;;142.0;1.1;0.0
2022/10/08;1100 UTC;0.0;991.4;991.4;990.2;412.5;25.4;;25.4;23.1;;;;;;357.0;0.0;0.0
2022/10/08;1200 UTC;0.0;991.7;991.8;991.4;1038.5;28.9;;28.9;25.4;;;;;;332.0;5.2;1.3
2022/10/08;1300 UTC;0.0;991.8;991.9;991.7;1854.9;29.8;;30.4;28.9;;;;;;351.0;5.8;1.8
2022/10/08;1400 UTC;0.0;991.1;991.8;991.1;2374.4;32.2;;33.0;29.7;;;;;;27.0;5.7;1.8
2022/10/08;1500 UTC;0.0;989.7;991.2;989.7;2770.5;33.6;;33.7;31.3;;;;;;18.0;5.7;0.9
2022/10/08;1600 UTC;0.0;988.2;989.7;988.2;2923.5;34.3;;34.8;32.7;;;;;;9.0;4.9;1.0
2022/10/08;1700 UTC;0.0;986.7;988.2;986.7;2106.2;34.9;;35.3;34.0;;;;;;308.0;5.4;1.6
2022/10/08;1800 UTC;0.0;985.8;986.7;985.8;1906.0;35.7;;35.8;34.4;;;;;;83.0;6.0;0.7
2022/10/08;1900 UTC;0.0;985.3;985.8;985.3;1494.0;35.0;;35.7;34.7;;;;;;80.0;4.8;0.1
2022/10/08;2000 UTC;0.0;985.3;985.3;985.2;884.3;34.9;;35.5;34.6;;;;;;88.0;4.7;1.5
2022/10/08;2100 UTC;0.0;985.7;985.7;985.3;206.2;32.8;;34.9;32.8;;;;;;315.0;2.9;0.0
2022/10/08;2200 UTC;0.0;986.1;986.2;985.7;;30.3;;32.8;30.3;;;;;;223.0;1.8;0.0
2022/10/08;2300 UTC;0.0;987.0;987.0;986.1;;28.3;;30.3;28.3;;;;;;14.0;0.0;0.0
2022/10/09;0000 UTC;0.0;987.7;987.7;987.0;;26.5;;28.3;26.5;;;;;;141.0;0.0;0.0
2022/10/09;0100 UTC;0.0;988.4;988.4;987.7;;25.4;;26.5;25.4;;;;;;121.0;0.0;0.0
2022/10/09;0200 UTC;0.0;988.6;988.6;988.4;;24.7;;25.4;24.6;;;;;;127.0;0.8;0.0
2022/10/09;0300 UTC;0.0;988.2;988.6;988.2;;23.8;;24.7;23.8;;;;;;159.0;0.4;0.0
2022/10/09;0400 UTC;0.0;987.5;988.2;987.5;;23.2;;23.8;23.2;;;;;;161.0;0.0;0.0
2022/10/09;0500 UTC;0.0;987.0;987.5;986.9;;23.1;;23.4;23.1;;;;;;70.0;1.6;0.2
2022/10/09;0600 UTC;0.0;986.7;987.1;986.7;;23.4;;24.1;22.7;;;;;;127.0;4.4;0.0
2022/10/09;0700 UTC;0.0;986.7;986.7;986.6;;22.4;;23.4;22.4;;;;;;126.0;1.2;0.3
2022/10/09;0800 UTC;0.0;987.4;987.5;986.7;;22.1;;22.4;22.0;;;;;;144.0;1.5;1.0
2022/10/09;0900 UTC;0.0;988.2;988.2;987.4;0.7;22.0;;22.4;22.0;;;;;;134.0;1.8;0.0
2022/10/09;1000 UTC;0.0;990.0;990.0;988.2;254.5;24.6;;24.6;22.0;;;;;;45.0;1.0;0.0
2022/10/09;1100 UTC;0.0;991.0;991.0;990.0;982.5;28.3;;28.3;24.6;;;;;;5.0;5.0;2.9
2022/10/09;1200 UTC;0.0;991.3;991.3;991.0;1802.1;30.7;;30.7;28.3;;;;;;360.0;7.8;4.8
2022/10/09;1300 UTC;0.0;991.1;991.3;991.0;2481.0;31.8;;31.8;30.3;;;;;;347.0;7.8;3.4
2022/10/09;1400 UTC;0.0;990.7;991.1;990.7;2735.9;33.0;;34.1;31.3;;;;;;293.0;6.6;1.6
2022/10/09;1500 UTC;0.0;989.6;990.7;989.6;2448.8;33.9;;34.5;33.0;;;;;;283.0;5.1;1.1
2022/10/09;1600 UTC;0.0;988.3;989.6;988.3;1656.5;35.0;;35.1;33.4;;;;;;305.0;4.5;0.4
2022/10/09;1700 UTC;0.0;987.3;988.3;987.3;1719.8;34.6;;35.1;33.9;;;;;;152.0;4.6;0.5
2022/10/09;1800 UTC;0.0;986.6;987.3;986.4;1789.7;34.4;;35.7;34.1;;;;;;60.0;9.3;4.0
2022/10/09;1900 UTC;0.0;985.9;987.3;985.9;459.1;27.8;;34.8;27.8;;;;;;110.0;12.7;2.0
2022/10/09;2000 UTC;0.0;986.3;986.4;985.8;199.3;28.3;;28.8;27.7;;;;;;99.0;3.9;2.6
2022/10/09;2100 UTC;0.0;985.9;986.3;985.9;92.8;27.7;;28.4;27.7;;;;;;145.0;3.7;0.7
2022/10/09;2200 UTC;0.0;986.7;986.8;985.9;;26.6;;27.7;26.5;;;;;;208.0;2.5;0.2
2022/10/09;2300 UTC;0.0;986.9;987.0;986.6;;25.5;;26.6;25.5;;;;;;138.0;2.3;0.5
2022/10/10;0000 UTC;0.0;988.6;988.6;986.9;;25.4;;25.5;25.1;;;;;;334.0;2.6;0.0
2022/10/10;0100 UTC;0.0;989.2;989.2;988.6;;24.8;;26.0;24.8;;;;;;101.0;1.3;0.0
2022/10/10;0200 UTC;0.0;989.4;989.4;989.1;;24.1;;24.9;24.1;;;;;;227.0;0.8;0.0
2022/10/10;0300 UTC;0.0;988.6;989.4;988.6;;23.4;;24.2;23.4;;;;;;133.0;0.0;0.0
2022/10/10;0400 UTC;0.0;988.2;988.6;988.2;;22.8;;23.4;22.8;;;;;;123.0;1.3;0.9
2022/10/10;0500 UTC;0.0;988.5;988.6;988.1;;22.8;;23.0;22.7;;;;;;145.0;1.3;0.2
2022/10/10;0600 UTC;0.0;988.7;988.8;988.5;;22.7;;22.9;22.6;;;;;;107.0;1.0;0.0
2022/10/10;0700 UTC;0.0;989.4;989.4;988.7;;22.6;;22.7;22.6;;;;;;134.0;1.1;0.4
2022/10/10;0800 UTC;0.0;990.3;990.3;989.3;;22.7;;22.7;22.4;;;;;;111.0;1.0;0.0
2022/10/10;0900 UTC;0.0;991.5;991.5;990.3;2.1;23.8;;23.8;22.6;;;;;;158.0;0.4;0.0
2022/10/10;1000 UTC;0.0;992.4;992.4;991.5;114.2;25.0;;25.0;23.8;;;;;;41.0;6.1;2.7
2022/10/10;1100 UTC;0.0;993.1;993.1;992.4;311.3;26.6;;26.6;25.0;;;;;;31.0;6.4;2.2
2022/10/10;1200 UTC;0.0;993.3;993.4;993.0;1355.5;28.1;;28.1;26.6;;;;;;18.0;7.2;3.2
2022/10/10;1300 UTC;0.0;993.4;993.5;993.2;1402.9;29.5;;29.9;27.7;;;;;;13.0;6.1;2.8
2022/10/10;1400 UTC;0.0;992.9;993.5;992.9;1711.6;31.1;;31.2;29.0;;;;;;5.0;5.8;3.1
2022/10/10;1500 UTC;0.0;991.9;992.9;991.9;1607.5;31.6;;31.6;30.4;;;;;;68.0;5.8;2.0
2022/10/10;1600 UTC;0.0;990.9;992.0;990.9;1581.7;32.0;;32.6;30.7;;;;;;353.0;7.1;3.5
2022/10/10;1700 UTC;0.0;989.4;990.9;989.4;2041.0;33.8;;34.2;31.5;;;;;;33.0;7.4;2.5
2022/10/10;1800 UTC;0.0;988.5;989.4;988.5;1945.6;35.5;;35.6;33.2;;;;;;66.0;7.3;2.4
2022/10/10;1900 UTC;0.0;988.0;988.5;988.0;1271.2;34.5;;35.5;34.0;;;;;;37.0;7.0;2.7
2022/10/10;2000 UTC;0.0;988.7;988.7;988.0;578.3;31.7;;34.6;31.7;;;;;;352.0;9.0;5.3
2022/10/10;2100 UTC;0.0;988.7;988.9;988.7;136.7;30.3;;31.8;30.3;;;;;;350.0;8.7;3.0
2022/10/10;2200 UTC;0.0;989.1;989.1;988.7;;29.0;;30.3;29.0;;;;;;333.0;3.9;1.1
2022/10/10;2300 UTC;0.0;990.1;990.1;989.1;;28.3;;29.0;28.2;;;;;;332.0;2.7;0.9
2022/10/11;0000 UTC;0.0;990.7;990.7;990.1;;26.6;;28.4;26.3;;;;;;288.0;1.9;0.0
2022/10/11;0100 UTC;0.0;991.1;991.1;990.7;;24.7;;27.0;24.7;;;;;;87.0;1.6;0.0
2022/10/11;0200 UTC;0.0;991.1;991.4;991.1;;23.8;;24.8;23.8;;;;;;125.0;0.4;0.0
2022/10/11;0300 UTC;0.0;990.6;991.1;990.6;;23.2;;23.8;23.2;;;;;;96.0;0.0;0.0
2022/10/11;0400 UTC;0.0;990.2;990.6;990.2;;22.7;;23.2;22.5;;;;;;123.0;1.2;0.0
2022/10/11;0500 UTC;0.0;989.8;990.2;989.8;;22.1;;22.7;22.1;;;;;;173.0;0.5;0.0
2022/10/11;0600 UTC;0.0;990.2;990.2;989.8;;21.8;;22.2;21.7;;;;;;153.0;0.0;0.0
2022/10/11;0700 UTC;0.0;990.6;990.6;990.2;;21.5;;22.1;21.4;;;;;;141.0;1.0;0.3
2022/10/11;0800 UTC;0.0;991.6;991.6;990.6;;21.4;;21.5;21.2;;;;;;116.0;1.5;1.2
2022/10/11;0900 UTC;0.0;992.4;992.4;991.6;8.2;21.7;;21.8;21.2;;;;;;178.0;1.5;0.0
2022/10/11;1000 UTC;0.0;993.3;993.3;992.4;286.3;23.2;;23.2;21.7;;;;;;114.0;1.2;0.2
2022/10/11;1100 UTC;0.0;994.6;994.6;993.3;548.4;25.6;;25.6;23.2;;;;;;146.0;1.2;0.0
2022/10/11;1200 UTC;1.0;994.7;995.1;994.6;862.2;26.3;;26.3;25.2;;;;;;182.0;3.6;0.4
2022/10/11;1300 UTC;0.0;994.3;994.7;994.3;2199.0;29.4;;29.4;26.3;;;;;;47.0;3.4;0.2
2022/10/11;1400 UTC;0.0;993.8;994.3;993.8;2549.7;31.6;;31.6;29.3;;;;;;272.0;3.6;0.6
2022/10/11;1500 UTC;0.0;992.8;993.8;992.8;2582.4;32.3;;33.4;31.3;;;;;;331.0;4.0;1.6
2022/10/11;1600 UTC;0.0;991.3;992.8;991.3;2622.3;34.0;;34.3;31.9;;;;;;61.0;3.7;1.9
2022/10/11;1700 UTC;0.0;989.8;991.3;989.8;3037.8;35.4;;35.5;33.4;;;;;;87.0;4.8;1.7
2022/10/11;1800 UTC;0.0;988.8;989.8;988.8;2399.7;35.5;;36.2;35.0;;;;;;68.0;8.0;1.2
2022/10/11;1900 UTC;0.0;988.1;988.8;988.1;1506.7;35.7;;36.1;34.9;;;;;;97.0;6.4;2.4
2022/10/11;2000 UTC;0.0;987.9;988.2;987.9;694.5;34.6;;35.7;34.5;;;;;;340.0;6.4;0.0
2022/10/11;2100 UTC;0.0;988.1;988.1;987.8;139.9;32.3;;34.6;32.3;;;;;;330.0;1.1;0.0
2022/10/11;2200 UTC;0.0;988.6;988.6;988.1;;29.6;;32.3;29.4;;;;;;341.0;1.0;0.0
2022/10/11;2300 UTC;0.0;989.1;989.1;988.6;;28.0;;29.6;28.0;;;;;;72.0;0.8;0.0
2022/10/12;0000 UTC;0.0;989.5;989.5;989.1;;26.2;;28.0;26.2;;;;;;117.0;1.3;0.4
2022/10/12;0100 UTC;0.0;989.8;990.2;989.5;;27.4;;28.1;26.0;;;;;;340.0;7.4;0.6
2022/10/12;0200 UTC;0.0;989.6;989.8;989.6;;25.3;;27.4;25.3;;;;;;132.0;2.4;1.1
2022/10/12;0300 UTC;0.0;988.9;989.6;988.9;;24.5;;25.3;24.4;;;;;;182.0;2.4;0.0
2022/10/12;0400 UTC;0.0;988.2;988.9;988.2;;23.2;;24.7;23.2;;;;;;118.0;1.4;0.0
2022/10/12;0500 UTC;0.0;987.8;988.2;987.8;;22.6;;23.4;22.6;;;;;;229.0;0.0;0.0
2022/10/12;0600 UTC;0.0;988.0;988.0;987.7;;21.4;;22.6;21.4;;;;;;112.0;1.0;0.0
2022/10/12;0700 UTC;0.0;989.0;989.0;988.0;;21.3;;21.5;21.2;;;;;;124.0;3.0;2.2
2022/10/12;0800 UTC;0.0;989.1;989.3;989.0;;21.4;;21.6;21.2;;;;;;145.0;3.0;0.0
2022/10/12;0900 UTC;0.0;989.5;989.5;989.1;2.9;20.7;;21.5;20.6;;;;;;147.0;1.6;0.0
2022/10/12;1000 UTC;0.0;991.0;991.0;989.5;329.9;23.2;;23.2;20.7;;;;;;21.0;1.5;0.0
2022/10/12;1100 UTC;0.0;991.7;991.7;991.0;1125.4;27.3;;27.3;23.2;;;;;;35.0;1.9;0.1
2022/10/12;1200 UTC;0.0;991.8;992.1;991.7;1962.3;31.5;;31.6;27.3;;;;;;43.0;3.8;1.3
2022/10/12;1300 UTC;0.0;991.5;991.9;991.5;2706.6;33.5;;33.7;31.1;;;;;;67.0;8.1;3.8
2022/10/12;1400 UTC;0.0;990.5;991.5;990.5;2802.5;33.8;;34.8;32.5;;;;;;17.0;7.4;1.7
2022/10/12;1500 UTC;0.0;989.5;990.5;989.4;3465.1;36.3;;36.5;33.8;;;;;;70.0;7.3;3.1
2022/10/12;1600 UTC;0.0;987.9;989.5;987.9;3443.2;35.8;;37.5;35.0;;;;;;337.0;6.9;0.7
2022/10/12;1700 UTC;0.0;986.6;987.9;986.6;3202.7;37.6;;37.7;35.6;;;;;;102.0;7.7;3.9
2022/10/12;1800 UTC;0.0;985.6;986.6;985.6;2274.4;38.1;;38.3;36.2;;;;;;95.0;7.7;3.2
2022/10/12;1900 UTC;0.0;985.0;985.6;985.0;1720.3;37.3;;38.2;37.2;;;;;;82.0;7.9;3.9
2022/10/12;2000 UTC;0.0;984.9;985.0;984.7;648.3;37.2;;37.4;36.6;;;;;;82.0;6.9;0.5
2022/10/12;2100 UTC;0.0;985.0;985.0;984.8;213.9;34.0;;37.2;34.0;;;;;;133.0;2.2;0.3
2022/10/12;2200 UTC;0.0;985.4;985.4;985.0;;29.1;;34.0;29.1;;;;;;105.0;2.8;0.3
2022/10/12;2300 UTC;0.0;986.3;986.3;985.4;;27.3;;29.1;27.3;;;;;;135.0;1.8;0.0
2022/10/13;0000 UTC;0.0;987.7;987.7;986.3;;26.2;;27.7;26.1;;;;;;207.0;1.8;0.0
2022/10/13;0100 UTC;0.0;988.0;988.1;987.7;;24.6;;26.5;24.5;;;;;;112.0;1.3;0.1
2022/10/13;0200 UTC;0.0;988.2;988.2;988.0;;23.4;;24.6;23.4;;;;;;130.0;1.0;0.0
2022/10/13;0300 UTC;0.0;987.9;988.3;987.9;;22.7;;23.5;22.7;;;;;;106.0;0.0;0.0
2022/10/13;0400 UTC;0.0;987.7;988.0;987.7;;21.6;;22.7;21.5;;;;;;102.0;1.5;0.1
2022/10/13;0500 UTC;0.0;987.6;987.8;987.6;;21.6;;21.7;21.3;;;;;;113.0;1.1;0.0
2022/10/13;0600 UTC;0.0;987.9;988.0;987.6;;21.6;;21.6;20.6;;;;;;235.0;2.9;0.0
2022/10/13;0700 UTC;0.0;988.5;988.5;987.9;;20.6;;22.0;20.6;;;;;;54.0;0.8;0.0
2022/10/13;0800 UTC;0.0;989.1;989.1;988.5;;20.5;;20.8;20.3;;;;;;134.0;1.0;0.1
2022/10/13;0900 UTC;0.0;991.0;991.0;989.1;5.3;21.8;;22.0;19.9;;;;;;111.0;9.5;4.1
2022/10/13;1000 UTC;0.0;991.6;991.6;991.0;268.3;24.4;;24.4;21.7;;;;;;67.0;7.1;0.0
2022/10/13;1100 UTC;0.0;992.2;992.2;991.6;994.7;28.9;;28.9;24.4;;;;;;37.0;4.9;1.8
2022/10/13;1200 UTC;0.0;992.4;992.5;992.1;1810.7;30.4;;30.6;28.8;;;;;;19.0;6.4;2.5
2022/10/13;1300 UTC;0.0;992.3;992.4;992.3;2269.1;31.1;;32.3;30.1;;;;;;337.0;6.8;1.8
2022/10/13;1400 UTC;0.0;991.6;992.4;991.6;2408.1;32.8;;33.0;31.0;;;;;;89.0;9.0;2.5
2022/10/13;1500 UTC;0.0;990.3;991.6;990.3;2711.8;33.8;;34.6;32.5;;;;;;77.0;7.7;1.9
2022/10/13;1600 UTC;0.0;988.7;990.3;988.7;3156.3;35.7;;36.2;33.7;;;;;;94.0;7.7;3.2
2022/10/13;1700 UTC;0.0;987.5;988.7;987.5;2987.4;35.5;;36.8;35.1;;;;;;97.0;7.7;3.3
2022/10/13;1800 UTC;0.0;986.5;987.5;986.5;2399.0;36.9;;37.6;35.5;;;;;;85.0;7.2;3.3
2022/10/13;1900 UTC;0.0;986.1;986.5;986.0;1781.2;36.9;;37.8;36.3;;;;;;87.0;7.1;2.5
2022/10/13;2000 UTC;0.0;986.5;986.5;986.1;556.5;34.8;;37.1;34.8;;;;;;111.0;5.9;0.6
2022/10/13;2100 UTC;0.0;986.7;986.8;986.5;123.0;33.1;;34.9;33.0;;;;;;126.0;1.9;0.0
2022/10/13;2200 UTC;0.0;987.4;987.4;986.7;;29.0;;33.1;29.0;;;;;;102.0;1.1;0.2
2022/10/13;2300 UTC;0.0;988.2;988.2;987.4;;27.9;;29.0;27.7;;;;;;128.0;1.2;0.1
2022/10/14;0000 UTC;0.0;988.8;988.8;988.2;;26.7;;27.9;26.7;;;;;;103.0;1.0;0.0
2022/10/14;0100 UTC;0.0;989.6;989.6;988.8;;26.7;;27.4;26.6;;;;;;116.0;0.0;0.0
2022/10/14;0200 UTC;0.0;990.1;990.2;989.6;;26.2;;26.9;26.2;;;;;;14.0;3.5;0.2
2022/10/14;0300 UTC;0.0;989.6;990.2;989.6;;26.0;;26.3;25.6;;;;;;244.0;1.6;0.0
2022/10/14;0400 UTC;0.0;989.0;989.6;989.0;;24.5;;26.0;24.5;;;;;;135.0;0.0;0.0
2022/10/14;0500 UTC;0.0;988.8;989.0;988.7;;23.6;;24.5;23.5;;;;;;120.0;1.5;0.2
2022/10/14;0600 UTC;0.0;988.7;988.8;988.7;;23.2;;23.6;23.2;;;;;;125.0;1.7;1.1
2022/10/14;0700 UTC;0.0;989.0;989.0;988.7;;22.6;;23.2;22.5;;;;;;183.0;1.4;0.3
2022/10/14;0800 UTC;0.0;989.7;989.7;989.0;;21.7;;22.7;21.6;;;;;;130.0;1.1;0.6
2022/10/14;0900 UTC;0.0;990.8;990.8;989.7;4.5;21.9;;21.9;21.4;;;;;;167.0;1.7;0.3
2022/10/14;1000 UTC;0.0;991.8;991.9;990.8;297.0;24.5;;24.5;21.9;;;;;;11.0;1.0;0.0
2022/10/14;1100 UTC;0.0;992.7;992.7;991.8;1048.3;28.7;;29.0;24.5;;;;;;352.0;3.6;1.6
2022/10/14;1200 UTC;0.0;993.3;993.3;992.7;1751.0;30.2;;30.2;28.7;;;;;;31.0;6.9;3.1
2022/10/14;1300 UTC;0.0;993.4;993.5;993.3;1541.3;30.2;;30.6;29.5;;;;;;337.0;5.8;1.8
2022/10/14;1400 UTC;0.0;992.7;993.4;992.6;2414.6;33.0;;33.5;30.2;;;;;;304.0;5.6;1.0
2022/10/14;1500 UTC;0.0;991.6;992.7;991.6;2379.8;33.2;;34.0;32.6;;;;;;216.0;4.5;0.1
2022/10/14;1600 UTC;0.0;990.3;991.6;990.3;3270.0;34.8;;36.4;33.2;;;;;;10.0;6.4;2.6
2022/10/14;1700 UTC;0.0;989.0;990.3;989.0;2241.7;36.4;;36.4;34.6;;;;;;63.0;7.5;1.2
2022/10/14;1800 UTC;0.0;988.0;989.0;988.0;1890.2;36.8;;37.1;35.8;;;;;;99.0;5.5;0.6
2022/10/14;1900 UTC;0.0;987.5;988.0;987.5;1789.3;37.0;;37.4;36.3;;;;;;66.0;4.8;1.3
2022/10/14;2000 UTC;0.0;987.5;987.5;987.4;800.9;36.1;;37.3;36.1;;;;;;108.0;6.5;2.7
2022/10/14;2100 UTC;0.0;987.2;987.5;987.2;134.4;33.2;;36.1;33.2;;;;;;92.0;4.7;0.0
2022/10/14;2200 UTC;0.0;987.7;987.7;987.2;;30.2;;33.2;30.2;;;;;;25.0;0.9;0.0
2022/10/14;2300 UTC;0.0;988.4;988.4;987.7;;28.1;;30.3;28.1;;;;;;130.0;0.0;0.0
2022/10/15;0000 UTC;0.0;989.1;989.1;988.4;;27.7;;28.1;27.6;;;;;;281.0;0.0;0.0
2022/10/15;0100 UTC;0.0;989.7;989.8;989.1;;26.5;;27.7;26.5;;;;;;171.0;0.0;0.0
2022/10/15;0200 UTC;0.0;989.9;989.9;989.7;;25.9;;26.5;25.7;;;;;;125.0;0.0;0.0
2022/10/15;0300 UTC;0.0;989.5;989.9;989.4;;26.0;;26.4;25.4;;;;;;347.0;0.0;0.0
2022/10/15;0400 UTC;0.0;989.0;989.5;989.0;;24.3;;26.3;24.3;;;;;;102.0;0.9;0.1
2022/10/15;0500 UTC;0.0;989.0;989.0;988.9;;23.8;;24.3;23.7;;;;;;130.0;1.3;0.1
2022/10/15;0600 UTC;0.0;988.9;989.0;988.9;;23.4;;24.0;23.4;;;;;;82.0;0.8;0.0
2022/10/15;0700 UTC;0.0;989.6;989.6;988.9;;22.7;;23.4;22.6;;;;;;144.0;0.9;0.0
2022/10/15;0800 UTC;0.0;990.1;990.2;989.6;;22.1;;22.8;22.1;;;;;;126.0;1.3;0.4
2022/10/15;0900 UTC;0.0;991.4;991.4;990.1;0.1;22.7;;22.7;21.9;;;;;;134.0;1.4;0.0
2022/10/15;1000 UTC;0.0;992.4;992.4;991.4;88.9;25.0;;25.0;22.7;;;;;;134.0;2.0;0.3
2022/10/15;1100 UTC;0.0;992.7;992.8;992.4;746.2;29.1;;29.1;24.9;;;;;;54.0;5.3;1.9
2022/10/15;1200 UTC;0.0;993.0;993.0;992.7;1875.6;30.8;;31.1;29.0;;;;;;62.0;6.9;2.9
2022/10/15;1300 UTC;0.0;992.6;993.0;992.6;2693.7;32.4;;33.4;30.8;;;;;;54.0;6.4;2.2
2022/10/15;1400 UTC;0.0;991.9;992.7;991.9;3080.9;33.5;;34.1;32.3;;;;;;100.0;8.2;1.8
2022/10/15;1500 UTC;0.0;990.8;991.9;990.8;2421.6;34.8;;35.4;33.1;;;;;;86.0;8.1;3.9
2022/10/15;1600 UTC;0.0;989.6;990.8;989.5;2776.6;35.5;;35.8;34.1;;;;;;89.0;7.8;3.3
2022/10/15;1700 UTC;0.0;988.3;989.6;988.3;2285.1;35.7;;37.2;34.8;;;;;;88.0;6.9;2.8
2022/10/15;1800 UTC;0.0;987.4;988.4;987.4;2657.0;37.6;;37.8;35.5;;;;;;93.0;7.6;3.9
2022/10/15;1900 UTC;0.0;986.7;987.4;986.7;1806.2;37.0;;37.6;36.3;;;;;;107.0;7.0;4.7
2022/10/15;2000 UTC;0.0;987.0;987.0;986.7;837.3;35.9;;37.1;35.8;;;;;;110.0;6.9;2.4
2022/10/15;2100 UTC;0.0;987.4;987.4;986.9;148.8;33.1;;35.9;33.1;;;;;;101.0;5.4;0.5
2022/10/15;2200 UTC;0.0;987.7;987.7;987.3;;29.9;;33.1;29.9;;;;;;134.0;1.6;0.0
2022/10/15;2300 UTC;0.0;988.3;988.3;987.7;;28.2;;29.9;28.2;;;;;;178.0;1.0;0.0
2022/10/16;0000 UTC;0.0;988.7;988.8;988.3;;27.6;;28.3;27.4;;;;;;218.0;0.7;0.0
2022/10/16;0100 UTC;0.0;989.1;989.1;988.7;;25.8;;27.6;25.8;;;;;;130.0;0.0;0.0
2022/10/16;0200 UTC;0.0;989.2;989.3;989.1;;25.0;;25.9;24.9;;;;;;106.0;1.5;0.0
2022/10/16;0300 UTC;0.0;988.7;989.2;988.7;;24.5;;25.0;24.4;;;;;;142.0;1.4;0.0
2022/10/16;0400 UTC;0.0;987.9;988.7;987.9;;23.4;;24.8;23.4;;;;;;110.0;0.0;0.0
2022/10/16;0500 UTC;0.0;987.8;987.9;987.7;;23.4;;23.4;23.1;;;;;;120.0;1.4;0.0
2022/10/16;0600 UTC;0.0;987.6;987.9;987.6;;22.5;;23.5;22.5;;;;;;124.0;0.0;0.0
2022/10/16;0700 UTC;0.0;988.0;988.1;987.6;;22.1;;22.5;22.0;;;;;;129.0;1.9;1.2
2022/10/16;0800 UTC;0.0;988.5;988.5;987.9;;21.9;;22.6;21.9;;;;;;89.0;1.4;0.0
2022/10/16;0900 UTC;0.0;989.1;989.1;988.5;4.1;21.5;;21.9;21.5;;;;;;120.0;0.8;0.0
2022/10/16;1000 UTC;0.0;990.3;990.3;989.1;151.5;23.3;;23.3;21.5;;;;;;115.0;1.3;0.3
2022/10/16;1100 UTC;0.0;991.5;991.5;990.3;122.9;24.6;;24.6;23.3;;;;;;84.0;3.9;0.9
2022/10/16;1200 UTC;0.0;991.7;992.1;991.5;395.8;26.4;;26.4;24.6;;;;;;14.0;4.5;2.0
2022/10/16;1300 UTC;0.0;991.4;991.8;991.4;961.5;29.0;;29.3;26.4;;;;;;348.0;5.9;2.1
2022/10/16;1400 UTC;0.0;990.7;991.4;990.7;1826.4;31.5;;32.0;29.0;;;;;;71.0;7.4;2.3
2022/10/16;1500 UTC;0.0;989.3;990.7;989.3;2447.0;32.8;;33.7;31.0;;;;;;19.0;8.0;1.7
2022/10/16;1600 UTC;0.0;987.8;989.3;987.8;2916.7;34.4;;35.4;32.8;;;;;;66.0;8.1;3.5
2022/10/16;1700 UTC;0.0;986.6;987.8;986.6;2416.1;36.0;;36.3;33.9;;;;;;116.0;10.3;4.3
2022/10/16;1800 UTC;0.0;986.0;986.6;986.0;2018.5;35.9;;36.3;34.9;;;;;;75.0;7.7;3.9
2022/10/16;1900 UTC;0.0;985.6;986.0;985.6;1615.1;35.9;;36.1;35.1;;;;;;32.0;6.3;2.0
2022/10/16;2000 UTC;0.0;985.8;985.8;985.5;937.2;35.0;;35.9;34.9;;;;;;63.0;6.3;2.3
2022/10/16;2100 UTC;0.0;986.0;986.0;985.7;209.4;32.9;;34.9;32.9;;;;;;73.0;4.2;1.0
2022/10/16;2200 UTC;0.0;986.8;986.8;986.0;;29.1;;32.9;29.1;;;;;;78.0;1.9;0.0
2022/10/16;2300 UTC;0.0;987.3;987.3;986.8;;28.5;;29.0;28.0;;;;;;100.0;1.1;0.0
2022/10/17;0000 UTC;0.0;988.0;988.0;987.3;;27.5;;28.5;27.5;;;;;;125.0;1.4;0.1
2022/10/17;0100 UTC;0.0;988.3;988.4;988.0;;26.9;;27.5;26.4;;;;;;146.0;1.4;0.0
2022/10/17;0200 UTC;0.0;988.1;988.3;988.1;;24.5;;26.9;24.5;;;;;;116.0;0.0;0.0
2022/10/17;0300 UTC;0.0;987.8;988.2;987.8;;24.4;;24.5;23.9;;;;;;248.0;1.8;0.3
2022/10/17;0400 UTC;0.0;987.0;987.8;987.0;;22.7;;24.4;22.7;;;;;;143.0;1.8;0.0
2022/10/17;0500 UTC;0.0;986.5;987.0;986.5;;22.2;;22.7;22.2;;;;;;107.0;1.0;0.0
2022/10/17;0600 UTC;0.0;986.5;986.6;986.4;;22.3;;22.3;21.9;;;;;;180.0;0.7;0.0
2022/10/17;0700 UTC;0.0;986.9;986.9;986.5;;21.7;;22.4;21.7;;;;;;119.0;0.6;0.1
2022/10/17;0800 UTC;0.0;987.9;987.9;986.9;;21.2;;21.7;21.2;;;;;;110.0;0.9;0.0
2022/10/17;0900 UTC;0.0;989.0;989.0;987.9;1.2;21.3;;21.3;21.0;;;;;;101.0;1.2;0.0
2022/10/17;1000 UTC;0.0;990.1;990.1;989.0;233.5;23.4;;23.4;21.2;;;;;;109.0;0.0;0.0
2022/10/17;1100 UTC;0.0;991.1;991.2;990.1;1058.3;27.6;;27.6;23.4;;;;;;355.0;4.1;1.6
2022/10/17;1200 UTC;0.0;991.4;991.4;991.1;1850.7;29.3;;29.5;27.6;;;;;;6.0;7.7;4.2
2022/10/17;1300 UTC;0.0;991.3;991.5;991.1;1900.9;29.5;;30.8;29.1;;;;;;357.0;8.2;4.7
2022/10/17;1400 UTC;0.0;990.9;991.3;990.9;1980.7;31.8;;31.8;29.1;;;;;;18.0;7.7;3.4
2022/10/17;1500 UTC;0.0;989.9;990.9;989.9;2618.4;32.0;;33.1;30.6;;;;;;17.0;8.1;2.8
2022/10/17;1600 UTC;0.0;988.3;989.9;988.3;3142.1;33.4;;34.9;31.9;;;;;;58.0;7.0;2.7
2022/10/17;1700 UTC;0.0;986.8;988.3;986.8;2884.4;35.1;;35.1;33.4;;;;;;96.0;7.9;3.7
2022/10/17;1800 UTC;0.0;985.8;986.8;985.7;2556.6;36.2;;36.2;34.5;;;;;;116.0;7.9;3.8
2022/10/17;1900 UTC;0.0;985.6;985.8;985.6;1690.0;36.0;;36.2;35.1;;;;;;77.0;6.8;2.1
2022/10/17;2000 UTC;0.0;985.7;985.7;985.5;758.1;34.9;;36.1;34.9;;;;;;76.0;6.1;1.6
2022/10/17;2100 UTC;0.0;986.1;986.1;985.7;148.4;32.9;;34.9;32.9;;;;;;23.0;4.0;0.1
2022/10/17;2200 UTC;0.0;986.7;986.7;986.1;;29.7;;32.9;29.7;;;;;;106.0;1.8;0.0
2022/10/17;2300 UTC;0.0;987.3;987.3;986.7;;28.1;;29.7;28.1;;;;;;126.0;1.3;0.2
2022/10/18;0000 UTC;0.0;988.0;988.0;987.3;;26.9;;28.2;26.9;;;;;;142.0;1.3;0.0
2022/10/18;0100 UTC;0.0;988.7;988.7;988.0;;26.1;;26.9;25.8;;;;;;210.0;1.6;0.0
2022/10/18;0200 UTC;0.0;988.9;989.0;988.7;;25.3;;27.4;25.3;;;;;;285.0;0.0;0.0
2022/10/18;0300 UTC;0.0;988.3;988.9;988.3;;23.9;;25.3;23.7;;;;;;314.0;1.2;0.0
2022/10/18;0400 UTC;0.0;987.8;988.4;987.8;;22.6;;24.4;22.6;;;;;;126.0;0.7;0.0
2022/10/18;0500 UTC;0.0;987.5;987.8;987.5;;22.0;;22.6;22.0;;;;;;119.0;1.4;0.1
2022/10/18;0600 UTC;0.0;987.7;987.7;987.5;;21.5;;22.0;21.4;;;;;;114.0;1.8;0.2
2022/10/18;0700 UTC;0.0;988.3;988.3;987.7;;21.6;;21.7;21.3;;;;;;159.0;1.0;0.0
2022/10/18;0800 UTC;0.0;989.3;989.3;988.3;;21.2;;21.6;21.1;;;;;;107.0;0.6;0.0
2022/10/18;0900 UTC;0.0;990.9;990.9;989.3;8.7;21.9;;21.9;21.2;;;;;;145.0;0.9;0.0
2022/10/18;1000 UTC;0.0;992.3;992.3;990.9;404.0;24.8;;24.8;21.9;;;;;;96.0;1.9;0.6
2022/10/18;1100 UTC;0.0;993.0;993.0;992.3;1016.3;27.8;;27.8;24.8;;;;;;14.0;6.2;3.6
2022/10/18;1200 UTC;0.0;993.1;993.1;992.9;1483.3;29.0;;29.1;27.6;;;;;;351.0;7.4;3.8
2022/10/18;1300 UTC;0.0;992.8;993.1;992.7;2187.3;29.9;;30.2;28.6;;;;;;345.0;6.7;2.4
2022/10/18;1400 UTC;0.0;992.4;992.8;992.4;2683.0;32.5;;32.5;29.4;;;;;;37.0;6.9;3.3
2022/10/18;1500 UTC;0.0;991.3;992.4;991.3;2559.2;33.0;;33.5;31.4;;;;;;73.0;7.0;2.4
2022/10/18;1600 UTC;0.0;989.6;991.3;989.6;3137.0;34.3;;35.2;32.8;;;;;;69.0;8.8;3.1
2022/10/18;1700 UTC;0.0;988.8;989.6;988.8;2632.2;34.9;;35.5;34.3;;;;;;65.0;7.8;3.9
2022/10/18;1800 UTC;0.0;987.8;988.8;987.8;2524.1;36.1;;36.4;34.5;;;;;;74.0;8.2;1.5
2022/10/18;1900 UTC;0.0;987.4;987.8;987.4;1866.1;35.5;;36.9;35.5;;;;;;62.0;7.5;2.9
2022/10/18;2000 UTC;0.0;987.3;987.4;987.3;1050.0;35.5;;36.2;35.4;;;;;;75.0;5.3;1.8
2022/10/18;2100 UTC;0.0;987.7;987.7;987.2;239.8;33.6;;35.5;33.6;;;;;;60.0;4.0;0.8
2022/10/18;2200 UTC;0.0;988.3;988.3;987.7;;30.2;;33.6;30.2;;;;;;107.0;1.8;0.0
2022/10/18;2300 UTC;0.0;988.6;988.6;988.3;;27.6;;30.3;27.6;;;;;;123.0;0.0;0.0
2022/10/19;0000 UTC;0.0;989.7;989.7;988.6;;27.5;;28.1;27.2;;;;;;140.0;0.0;0.0
2022/10/19;0100 UTC;0.0;990.0;990.1;989.7;;26.1;;28.1;26.1;;;;;;136.0;0.0;0.0
2022/10/19;0200 UTC;0.0;989.9;990.2;989.9;;24.8;;26.1;24.7;;;;;;172.0;0.0;0.0
2022/10/19;0300 UTC;0.0;989.6;989.9;989.6;;23.5;;24.8;23.5;;;;;;72.0;0.0;0.0
2022/10/19;0400 UTC;0.0;989.1;989.7;989.1;;22.8;;23.8;22.8;;;;;;123.0;1.3;0.0
2022/10/19;0500 UTC;0.0;988.9;989.1;988.9;;21.9;;22.8;21.9;;;;;;120.0;1.3;1.0
2022/10/19;0600 UTC;0.0;988.8;989.0;988.8;;21.6;;22.0;21.6;;;;;;118.0;1.3;0.0
2022/10/19;0700 UTC;0.0;989.2;989.2;988.8;;21.4;;21.6;21.3;;;;;;101.0;1.7;0.0
2022/10/19;0800 UTC;0.0;990.1;990.1;989.2;;21.0;;21.6;20.9;;;;;;143.0;0.7;0.0
2022/10/19;0900 UTC;0.0;991.0;991.0;990.1;8.0;20.8;;21.0;20.6;;;;;;123.0;1.1;0.0
2022/10/19;1000 UTC;0.0;992.2;992.2;991.0;337.5;23.2;;23.2;20.8;;;;;;87.0;1.8;0.1
2022/10/19;1100 UTC;0.0;993.2;993.2;992.2;1090.0;27.8;;27.9;23.2;;;;;;47.0;8.0;3.6
2022/10/19;1200 UTC;0.0;993.1;993.3;993.1;1902.0;29.7;;29.9;27.7;;;;;;43.0;7.7;3.8
2022/10/19;1300 UTC;0.0;992.7;993.1;992.7;2614.6;31.3;;31.7;29.7;;;;;;57.0;7.3;2.7
2022/10/19;1400 UTC;0.0;992.3;992.7;992.3;2787.4;32.2;;33.8;31.3;;;;;;36.0;6.8;1.6
2022/10/19;1500 UTC;0.0;991.2;992.3;991.2;2576.3;35.0;;35.0;32.2;;;;;;75.0;8.3;4.5
2022/10/19;1600 UTC;0.0;989.8;991.2;989.8;2714.3;35.8;;36.1;34.3;;;;;;82.0;9.2;4.1
2022/10/19;1700 UTC;0.0;988.3;989.8;988.2;2853.1;36.8;;37.3;35.5;;;;;;114.0;7.9;3.2
2022/10/19;1800 UTC;0.0;987.4;988.3;987.4;1998.2;36.0;;37.1;35.6;;;;;;82.0;7.9;3.4
2022/10/19;1900 UTC;0.0;986.7;987.4;986.7;1957.7;37.0;;37.4;36.0;;;;;;104.0;7.1;2.4
2022/10/19;2000 UTC;0.0;986.7;986.7;986.6;1017.1;36.2;;37.1;36.2;;;;;;100.0;7.4;2.1
2022/10/19;2100 UTC;0.0;987.0;987.0;986.7;244.2;34.1;;36.2;34.1;;;;;;67.0;4.4;1.7
2022/10/19;2200 UTC;0.0;987.6;987.6;987.0;;31.8;;34.1;31.8;;;;;;66.0;3.5;1.1
2022/10/19;2300 UTC;0.0;988.2;988.2;987.6;;29.5;;31.8;29.5;;;;;;92.0;1.8;0.1
2022/10/20;0000 UTC;0.0;988.5;988.6;988.2;;28.5;;29.7;28.5;;;;;;81.0;2.0;0.1
2022/10/20;0100 UTC;0.0;988.4;988.5;988.4;;28.5;;28.8;28.4;;;;;;104.0;2.3;1.4
2022/10/20;0200 UTC;0.0;988.4;988.6;988.4;;26.0;;28.7;26.0;;;;;;124.0;2.3;0.0
2022/10/20;0300 UTC;0.0;988.0;988.5;988.0;;24.6;;26.0;24.6;;;;;;255.0;0.0;0.0
2022/10/20;0400 UTC;0.0;987.8;988.0;987.6;;23.5;;24.6;23.5;;;;;;61.0;0.0;0.0
2022/10/20;0500 UTC;0.0;987.4;987.7;987.4;;22.8;;23.6;22.8;;;;;;138.0;0.6;0.0
2022/10/20;0600 UTC;0.0;987.2;987.4;987.1;;21.9;;22.9;21.9;;;;;;131.0;0.6;0.0
2022/10/20;0700 UTC;0.0;987.5;987.5;987.2;;21.2;;21.9;21.2;;;;;;139.0;0.0;0.0
2022/10/20;0800 UTC;0.0;988.5;988.5;987.5;;20.9;;21.3;20.9;;;;;;124.0;0.8;0.3
2022/10/20;0900 UTC;0.0;989.6;989.6;988.5;4.0;20.7;;21.1;20.7;;;;;;92.0;0.8;0.0
2022/10/20;1000 UTC;0.0;990.9;990.9;989.6;296.9;23.3;;23.3;20.7;;;;;;99.0;2.0;0.8
2022/10/20;1100 UTC;0.0;992.1;992.2;990.9;1027.9;28.1;;28.1;23.3;;;;;;42.0;5.5;2.7
2022/10/20;1200 UTC;0.0;991.8;992.2;991.8;1902.6;29.9;;30.4;27.9;;;;;;19.0;7.4;2.2
2022/10/20;1300 UTC;0.0;991.7;992.0;991.7;2634.7;32.0;;32.1;29.6;;;;;;17.0;7.1;2.5
2022/10/20;1400 UTC;0.0;991.0;991.7;991.0;2970.8;33.2;;34.1;31.1;;;;;;12.0;6.1;1.6
2022/10/20;1500 UTC;0.0;989.9;991.0;989.9;2787.2;34.7;;34.9;32.8;;;;;;92.0;7.7;3.1
2022/10/20;1600 UTC;0.0;988.5;989.9;988.5;2834.8;35.3;;36.5;34.5;;;;;;81.0;8.0;2.5
2022/10/20;1700 UTC;0.0;986.7;988.5;986.7;1833.6;36.1;;36.4;34.8;;;;;;127.0;6.7;1.6
2022/10/20;1800 UTC;0.0;985.8;986.7;985.7;2133.2;36.4;;37.5;35.9;;;;;;113.0;7.1;1.7
2022/10/20;1900 UTC;0.0;985.5;985.9;985.5;1957.0;37.9;;38.0;36.4;;;;;;322.0;5.7;1.2
2022/10/20;2000 UTC;0.0;985.4;985.5;984.9;1112.3;36.6;;37.9;36.5;;;;;;14.0;9.6;1.1
2022/10/20;2100 UTC;0.0;985.6;985.6;985.3;239.0;34.3;;36.5;34.3;;;;;;30.0;4.3;0.0
2022/10/20;2200 UTC;0.0;986.1;986.1;985.5;;30.2;;34.3;30.2;;;;;;35.0;1.1;0.0
2022/10/20;2300 UTC;0.0;986.4;986.4;986.1;;28.1;;30.2;28.1;;;;;;121.0;0.0;0.0
2022/10/21;0000 UTC;0.0;987.2;987.2;986.4;;27.4;;28.6;27.3;;;;;;310.0;1.2;0.0
2022/10/21;0100 UTC;0.0;987.7;987.7;987.2;;27.2;;27.4;26.4;;;;;;296.0;0.9;0.0
2022/10/21;0200 UTC;0.0;987.5;987.7;987.5;;27.8;;28.0;27.2;;;;;;352.0;1.4;0.1
2022/10/21;0300 UTC;0.0;986.9;987.5;986.8;;26.9;;27.8;26.9;;;;;;6.0;1.5;0.2
2022/10/21;0400 UTC;0.0;986.5;986.9;986.5;;26.4;;27.2;26.2;;;;;;3.0;1.4;0.0
2022/10/21;0500 UTC;0.0;986.3;986.5;986.3;;24.7;;26.6;24.4;;;;;;24.0;0.6;0.0
2022/10/21;0600 UTC;0.0;986.0;986.3;986.0;;23.7;;25.0;23.7;;;;;;119.0;0.5;0.0
2022/10/21;0700 UTC;0.0;985.8;986.0;985.7;;22.9;;23.8;22.9;;;;;;119.0;1.5;0.2
2022/10/21;0800 UTC;0.0;986.2;986.3;985.8;;22.2;;22.9;22.2;;;;;;121.0;1.3;0.2
2022/10/21;0900 UTC;0.0;987.6;987.6;986.2;8.7;22.2;;22.3;21.8;;;;;;132.0;2.3;0.9
2022/10/21;1000 UTC;0.0;988.7;988.7;987.6;315.1;24.8;;24.8;22.2;;;;;;83.0;1.7;0.0
2022/10/21;1100 UTC;0.0;989.8;989.8;988.7;1017.5;28.7;;28.9;24.8;;;;;;12.0;4.1;2.2
2022/10/21;1200 UTC;0.0;990.1;990.2;989.8;1843.4;30.6;;30.8;28.7;;;;;;328.0;6.5;1.9
2022/10/21;1300 UTC;0.0;990.0;990.2;990.0;2586.1;31.8;;32.2;30.2;;;;;;295.0;6.3;0.8
2022/10/21;1400 UTC;0.0;989.4;990.0;989.4;3001.4;33.8;;34.1;31.6;;;;;;8.0;4.8;1.5
2022/10/21;1500 UTC;0.0;988.5;989.4;988.5;2584.9;33.8;;35.0;33.1;;;;;;348.0;5.1;1.3
2022/10/21;1600 UTC;0.0;986.9;988.5;986.9;3087.8;36.2;;36.3;33.8;;;;;;30.0;5.2;2.5
2022/10/21;1700 UTC;0.0;985.6;986.9;985.6;2843.5;36.5;;36.9;35.0;;;;;;105.0;7.0;2.4
2022/10/21;1800 UTC;0.0;984.7;985.6;984.6;2284.6;36.8;;37.4;36.0;;;;;;24.0;8.9;4.2
2022/10/21;1900 UTC;0.0;984.2;984.7;984.2;1429.8;36.4;;37.0;35.9;;;;;;53.0;8.2;2.3
2022/10/21;2000 UTC;0.0;984.4;984.7;984.0;299.5;35.0;;36.4;34.6;;;;;;16.0;6.7;1.4
2022/10/21;2100 UTC;0.0;985.6;985.6;984.3;79.6;33.3;;35.0;33.3;;;;;;347.0;3.9;0.9
2022/10/21;2200 UTC;0.0;986.1;986.1;985.5;;31.7;;33.3;31.7;;;;;;354.0;1.8;1.2
2022/10/21;2300 UTC;0.0;987.0;987.0;986.1;;31.0;;31.7;31.0;;;;;;312.0;2.7;0.0
2022/10/22;0000 UTC;0.0;987.6;987.6;987.0;;30.4;;31.1;30.3;;;;;;285.0;1.7;0.5
2022/10/22;0100 UTC;0.0;988.3;988.3;987.6;;30.4;;31.0;30.2;;;;;;275.0;2.8;0.4
2022/10/22;0200 UTC;0.0;988.1;988.5;988.1;;29.3;;30.4;29.3;;;;;;313.0;3.0;0.0
2022/10/22;0300 UTC;0.0;987.6;988.1;987.6;;27.7;;29.4;27.7;;;;;;106.0;1.7;0.0
2022/10/22;0400 UTC;0.0;987.3;987.7;987.3;;27.1;;27.7;26.9;;;;;;256.0;2.3;0.8
2022/10/22;0500 UTC;0.0;987.1;987.4;987.0;;26.6;;27.4;26.6;;;;;;332.0;1.3;0.0
2022/10/22;0600 UTC;0.0;986.8;987.2;986.8;;25.8;;26.6;25.8;;;;;;321.0;0.0;0.0
2022/10/22;0700 UTC;0.0;987.1;987.1;986.8;;25.2;;25.8;25.1;;;;;;275.0;0.0;0.0
2022/10/22;0800 UTC;0.0;987.8;987.8;987.1;;24.3;;25.2;24.3;;;;;;102.0;0.9;0.0
2022/10/22;0900 UTC;0.0;988.7;988.7;987.8;6.8;24.2;;24.3;24.1;;;;;;126.0;1.0;0.0
2022/10/22;1000 UTC;0.0;989.9;989.9;988.7;169.8;24.8;;25.0;24.2;;;;;;91.0;0.4;0.0
2022/10/22;1100 UTC;0.0;990.9;990.9;989.9;250.4;27.0;;27.0;24.8;;;;;;2.0;2.0;1.1
2022/10/22;1200 UTC;0.0;992.0;992.0;990.9;268.2;27.2;;27.6;26.9;;;;;;19.0;6.0;2.4
2022/10/22;1300 UTC;0.0;992.2;992.3;992.0;374.4;27.4;;27.7;27.1;;;;;;19.0;6.4;2.8
2022/10/22;1400 UTC;0.0;991.7;992.2;991.7;941.4;28.6;;29.0;27.4;;;;;;3.0;6.6;3.3
2022/10/22;1500 UTC;0.0;990.9;991.7;990.9;886.6;29.5;;29.5;28.4;;;;;;348.0;6.6;2.5
2022/10/22;1600 UTC;0.0;989.6;990.9;989.6;2759.7;32.8;;33.1;29.3;;;;;;314.0;5.6;1.4
2022/10/22;1700 UTC;0.0;988.8;989.6;988.8;1883.5;31.3;;32.9;31.0;;;;;;346.0;4.8;1.8
2022/10/22;1800 UTC;0.0;987.8;988.8;987.8;1105.0;32.2;;32.3;31.1;;;;;;360.0;5.0;2.0
2022/10/22;1900 UTC;0.0;987.2;987.8;987.2;1468.7;31.8;;33.3;31.8;;;;;;350.0;5.4;2.3
2022/10/22;2000 UTC;0.0;987.5;987.5;987.1;475.6;31.5;;32.1;31.5;;;;;;354.0;4.4;3.0
2022/10/22;2100 UTC;0.0;988.1;988.1;987.6;105.2;30.5;;31.5;30.5;;;;;;53.0;4.0;0.0
2022/10/22;2200 UTC;0.0;988.9;988.9;988.1;;29.0;;30.5;29.0;;;;;;78.0;0.0;0.0
2022/10/22;2300 UTC;0.0;989.8;989.8;988.9;;28.9;;29.1;28.3;;;;;;242.0;2.8;2.0
2022/10/23;0000 UTC;0.0;990.9;990.9;989.8;;28.2;;28.9;28.1;;;;;;243.0;4.2;2.5
2022/10/23;0100 UTC;0.0;991.6;991.6;990.9;;27.1;;28.2;27.1;;;;;;243.0;5.4;1.9
2022/10/23;0200 UTC;0.0;991.3;991.8;991.3;;26.9;;27.2;26.5;;;;;;234.0;3.0;1.5
2022/10/23;0300 UTC;0.0;990.6;991.3;990.6;;26.9;;27.2;26.9;;;;;;247.0;3.6;0.3
2022/10/23;0400 UTC;0.0;989.8;990.6;989.8;;26.3;;26.9;26.3;;;;;;221.0;1.9;0.3
2022/10/23;0500 UTC;0.0;989.3;989.8;989.0;;25.7;;26.3;25.4;;;;;;228.0;2.4;0.8
2022/10/23;0600 UTC;0.0;989.3;989.4;989.3;;24.5;;25.7;24.5;;;;;;125.0;1.6;0.0
2022/10/23;0700 UTC;0.0;989.5;989.7;989.3;;24.8;;24.8;24.5;;;;;;172.0;0.0;0.0
2022/10/23;0800 UTC;0.0;989.6;989.6;989.3;;24.4;;24.9;24.4;;;;;;105.0;0.0;0.0
2022/10/23;0900 UTC;0.0;990.0;990.0;989.6;5.6;23.9;;24.4;23.8;;;;;;123.0;1.2;0.0
2022/10/23;1000 UTC;0.0;991.2;991.2;990.0;195.2;24.6;;24.6;23.9;;;;;;99.0;1.1;0.4
2022/10/23;1100 UTC;0.0;992.1;992.1;991.2;342.8;25.9;;25.9;24.6;;;;;;90.0;2.3;1.2
2022/10/23;1200 UTC;0.0;992.2;992.3;992.1;1602.2;29.0;;29.0;25.9;;;;;;77.0;3.0;1.2
2022/10/23;1300 UTC;0.0;992.3;992.4;992.2;1949.4;30.6;;31.2;28.8;;;;;;322.0;3.1;0.4
2022/10/23;1400 UTC;0.0;991.9;992.4;991.9;1671.4;31.3;;31.7;30.1;;;;;;357.0;4.5;1.7
2022/10/23;1500 UTC;0.0;991.0;991.9;991.0;2536.8;33.5;;34.3;31.2;;;;;;61.0;4.5;1.0
2022/10/23;1600 UTC;0.0;989.4;991.0;989.4;3043.6;35.2;;35.5;32.7;;;;;;339.0;6.5;1.7
2022/10/23;1700 UTC;0.0;988.0;989.4;988.0;2784.6;35.3;;35.7;34.4;;;;;;288.0;5.0;1.3
2022/10/23;1800 UTC;0.0;987.1;988.0;987.1;2185.7;35.5;;36.5;34.7;;;;;;355.0;5.3;2.2
2022/10/23;1900 UTC;0.0;986.2;987.1;986.1;1187.6;34.1;;36.2;34.1;;;;;;294.0;8.2;1.9
2022/10/23;2000 UTC;0.0;986.9;986.9;986.2;507.4;32.0;;34.1;31.0;;;;;;251.0;8.3;3.9
2022/10/23;2100 UTC;0.0;987.6;987.8;986.9;101.1;30.0;;32.0;30.0;;;;;;167.0;5.5;2.4
2022/10/23;2200 UTC;0.0;988.1;988.1;987.6;;28.1;;30.0;28.1;;;;;;133.0;4.5;2.3
2022/10/23;2300 UTC;0.0;989.1;989.2;988.1;;27.8;;28.2;27.6;;;;;;246.0;2.9;0.0
2022/10/24;0000 UTC;0.0;989.9;989.9;989.1;;27.3;;27.9;27.2;;;;;;127.0;3.2;0.3
2022/10/24;0100 UTC;0.0;990.5;990.5;989.9;;27.2;;27.4;27.1;;;;;;241.0;1.0;0.0
2022/10/24;0200 UTC;0.0;990.0;990.5;990.0;;26.1;;27.4;26.1;;;;;;96.0;0.9;0.3
2022/10/24;0300 UTC;0.0;989.7;990.0;989.7;;25.7;;26.1;25.4;;;;;;105.0;0.9;0.1
2022/10/24;0400 UTC;0.0;989.0;989.7;989.0;;25.4;;25.7;25.4;;;;;;121.0;0.7;0.0
2022/10/24;0500 UTC;0.0;988.4;989.0;988.3;;25.0;;25.4;25.0;;;;;;134.0;0.0;0.0
2022/10/24;0600 UTC;0.0;988.3;988.4;988.1;;24.4;;25.0;24.4;;;;;;20.0;0.0;0.0
2022/10/24;0700 UTC;0.0;988.1;988.3;988.0;;24.4;;24.7;24.3;;;;;;40.0;0.6;0.0
2022/10/24;0800 UTC;0.0;989.0;989.0;988.1;;24.2;;24.4;23.9;;;;;;263.0;0.5;0.0
2022/10/24;0900 UTC;0.0;989.7;989.7;989.0;7.6;24.0;;24.4;23.7;;;;;;3.0;3.0;0.2
2022/10/24;1000 UTC;0.0;989.8;989.9;989.7;290.3;25.7;;25.7;23.8;;;;;;45.0;2.0;0.3
2022/10/24;1100 UTC;0.0;990.7;990.7;989.8;1054.1;28.6;;28.6;25.7;;;;;;354.0;8.2;4.8
2022/10/24;1200 UTC;0.0;991.4;991.4;990.7;1484.4;29.5;;30.0;28.2;;;;;;356.0;7.7;4.3
2022/10/24;1300 UTC;0.0;991.7;991.8;991.4;1262.1;29.5;;30.1;29.1;;;;;;21.0;7.3;3.8
2022/10/24;1400 UTC;0.0;991.5;991.8;991.5;821.3;29.8;;30.0;29.2;;;;;;21.0;6.2;2.4
2022/10/24;1500 UTC;0.0;990.4;991.5;990.4;2578.5;32.1;;32.4;29.7;;;;;;14.0;6.0;2.8
2022/10/24;1600 UTC;0.0;988.6;990.4;988.6;2787.0;33.2;;33.7;31.7;;;;;;355.0;6.9;1.4
2022/10/24;1700 UTC;0.0;987.3;988.6;987.3;2535.6;34.8;;35.1;32.9;;;;;;316.0;5.3;1.2
2022/10/24;1800 UTC;0.0;986.1;987.3;986.1;1123.3;33.4;;34.8;33.1;;;;;;328.0;4.1;1.2
2022/10/24;1900 UTC;0.0;985.6;986.2;985.5;568.5;33.2;;33.9;33.1;;;;;;348.0;3.5;1.5
2022/10/24;2000 UTC;0.0;985.6;985.8;985.5;327.6;33.0;;33.5;33.0;;;;;;313.0;3.6;0.0
2022/10/24;2100 UTC;0.0;985.9;985.9;985.5;89.3;31.5;;33.1;31.5;;;;;;266.0;1.8;0.6
2022/10/24;2200 UTC;0.0;986.6;986.6;985.9;;29.8;;31.5;29.8;;;;;;296.0;1.6;0.0
2022/10/24;2300 UTC;0.0;987.3;987.3;986.5;;28.0;;29.8;27.9;;;;;;92.0;0.0;0.0
2022/10/25;0000 UTC;0.0;988.1;988.1;987.3;;27.3;;28.0;27.2;;;;;;281.0;1.3;0.0
2022/10/25;0100 UTC;0.0;989.1;989.1;988.1;;27.8;;28.1;26.9;;;;;;145.0;3.7;0.3
2022/10/25;0200 UTC;0.0;989.4;989.4;989.1;;26.6;;27.8;26.6;;;;;;194.0;2.1;0.0
2022/10/25;0300 UTC;0.0;988.7;989.4;988.7;;26.8;;27.3;26.6;;;;;;191.0;2.8;1.2
2022/10/25;0400 UTC;0.0;988.0;988.7;988.0;;26.3;;26.8;26.3;;;;;;225.0;3.2;1.3
2022/10/25;0500 UTC;0.0;987.5;988.0;987.5;;25.6;;26.3;25.6;;;;;;234.0;2.6;0.0
2022/10/25;0600 UTC;0.0;987.2;987.7;987.2;;25.7;;25.8;25.5;;;;;;237.0;1.2;0.0
2022/10/25;0700 UTC;0.0;987.5;987.7;987.1;;25.3;;25.7;24.5;;;;;;312.0;1.6;0.0
2022/10/25;0800 UTC;0.0;988.3;988.3;987.5;;25.0;;25.3;25.0;;;;;;12.0;1.6;0.0
2022/10/25;0900 UTC;0.0;989.1;989.2;988.3;4.2;25.3;;25.3;25.0;;;;;;338.0;3.1;1.5
2022/10/25;1000 UTC;0.0;989.6;989.6;989.0;135.3;26.1;;26.1;25.3;;;;;;343.0;3.2;1.3
2022/10/25;1100 UTC;0.0;990.5;990.5;989.6;393.5;27.0;;27.2;26.1;;;;;;319.0;2.8;0.1
2022/10/25;1200 UTC;0.0;991.4;991.4;990.5;295.4;27.4;;27.5;26.7;;;;;;333.0;2.9;0.8
2022/10/25;1300 UTC;0.0;991.5;991.5;991.3;628.8;26.9;;28.2;26.7;;;;;;185.0;4.9;3.0
2022/10/25;1400 UTC;0.0;991.6;991.6;991.3;660.6;27.0;;27.5;25.9;;;;;;173.0;6.9;3.6
2022/10/25;1500 UTC;0.0;991.3;991.7;991.2;713.8;25.8;;26.9;25.5;;;;;;150.0;9.3;6.1
2022/10/25;1600 UTC;12.8;990.8;991.3;990.8;302.6;23.4;;26.0;23.4;;;;;;168.0;9.4;4.4
2022/10/25;1700 UTC;13.8;989.8;990.8;989.8;295.8;24.0;;24.1;23.3;;;;;;144.0;7.8;3.7
2022/10/25;1800 UTC;1.8;989.5;989.8;989.5;178.5;24.1;;24.3;24.0;;;;;;175.0;4.9;2.8
2022/10/25;1900 UTC;3.8;988.9;989.5;988.9;94.3;23.8;;24.1;23.7;;;;;;148.0;4.4;2.5
2022/10/25;2000 UTC;1.0;989.0;989.0;988.5;194.0;23.9;;23.9;23.5;;;;;;219.0;5.0;1.1
2022/10/25;2100 UTC;0.2;989.0;989.4;989.0;116.5;24.0;;24.1;23.9;;;;;;173.0;4.3;3.2
2022/10/25;2200 UTC;0.0;989.6;989.6;989.0;;23.8;;24.0;23.8;;;;;;183.0;4.3;0.6
2022/10/25;2300 UTC;0.0;989.8;989.9;989.6;;23.9;;23.9;23.7;;;;;;183.0;1.7;0.1
2022/10/26;0000 UTC;0.0;989.8;990.0;989.8;;23.7;;23.9;23.7;;;;;;272.0;1.0;0.0
2022/10/26;0100 UTC;0.0;989.9;989.9;989.8;;23.5;;23.8;23.5;;;;;;117.0;0.0;0.0
2022/10/26;0200 UTC;0.0;990.4;990.4;989.9;;23.3;;23.6;23.3;;;;;;191.0;0.0;0.0
2022/10/26;0300 UTC;0.0;989.9;990.4;989.9;;23.1;;23.4;23.0;;;;;;127.0;0.0;0.0
2022/10/26;0400 UTC;0.0;989.3;989.9;989.3;;23.1;;23.3;23.1;;;;;;1.0;0.0;0.0
2022/10/26;0500 UTC;0.0;989.1;989.5;989.1;;22.7;;23.1;22.6;;;;;;53.0;0.0;0.0
2022/10/26;0600 UTC;0.0;989.1;989.2;989.1;;23.0;;23.0;22.7;;;;;;348.0;0.0;0.0
2022/10/26;0700 UTC;0.0;989.5;989.5;989.1;;23.0;;23.1;23.0;;;;;;47.0;0.0;0.0
2022/10/26;0800 UTC;0.0;989.5;989.6;989.5;;23.2;;23.3;23.0;;;;;;141.0;0.0;0.0
2022/10/26;0900 UTC;0.0;989.9;989.9;989.5;2.9;23.0;;23.4;22.9;;;;;;42.0;0.0;0.0
2022/10/26;1000 UTC;0.0;990.7;990.7;989.9;100.9;23.4;;23.5;23.0;;;;;;31.0;0.0;0.0
2022/10/26;1100 UTC;0.0;991.8;991.8;990.7;247.1;23.6;;23.7;23.4;;;;;;93.0;2.3;1.3
2022/10/26;1200 UTC;0.0;992.6;992.6;991.8;559.3;24.4;;24.5;23.6;;;;;;94.0;2.2;0.1
2022/10/26;1300 UTC;0.0;992.7;992.8;992.6;898.5;25.6;;25.7;24.4;;;;;;45.0;1.6;0.2
2022/10/26;1400 UTC;0.0;992.3;992.7;992.3;1588.8;27.1;;27.4;25.6;;;;;;339.0;5.3;1.4
2022/10/26;1500 UTC;0.0;991.5;992.3;991.5;1324.9;27.4;;27.4;26.4;;;;;;315.0;3.4;0.3
2022/10/26;1600 UTC;0.0;990.1;991.5;990.1;1925.7;28.4;;29.2;27.4;;;;;;339.0;3.4;1.0
2022/10/26;1700 UTC;0.0;988.4;990.1;988.4;2269.1;30.3;;30.6;28.3;;;;;;29.0;4.0;0.8
2022/10/26;1800 UTC;0.0;987.5;988.4;987.5;2182.8;30.1;;30.8;29.5;;;;;;359.0;4.7;1.5
2022/10/26;1900 UTC;0.0;987.3;987.4;987.2;1511.8;30.5;;30.9;29.9;;;;;;41.0;5.1;0.7
2022/10/26;2000 UTC;0.0;987.1;987.3;987.0;1090.4;30.7;;31.1;30.5;;;;;;82.0;3.2;1.2
2022/10/26;2100 UTC;0.0;987.4;987.4;987.0;195.9;29.4;;30.7;29.4;;;;;;103.0;3.2;0.0
2022/10/26;2200 UTC;0.0;988.3;988.3;987.4;;26.8;;29.4;26.8;;;;;;107.0;3.2;2.4
2022/10/26;2300 UTC;0.0;989.1;989.1;988.3;;25.8;;26.8;25.8;;;;;;106.0;3.2;1.5
2022/10/27;0000 UTC;0.0;989.9;989.9;989.1;;25.4;;25.8;25.4;;;;;;114.0;3.2;1.7
2022/10/27;0100 UTC;0.0;990.3;990.4;989.9;;24.9;;25.4;24.9;;;;;;113.0;3.1;1.7
2022/10/27;0200 UTC;0.0;990.1;990.4;990.1;;24.3;;24.9;24.3;;;;;;123.0;2.3;1.3
2022/10/27;0300 UTC;0.0;989.8;990.1;989.8;;23.9;;24.3;23.9;;;;;;122.0;2.5;1.1
2022/10/27;0400 UTC;0.0;988.8;989.8;988.8;;23.5;;23.9;23.5;;;;;;125.0;2.2;0.7
2022/10/27;0500 UTC;0.0;988.4;988.8;988.4;;23.4;;23.5;23.3;;;;;;247.0;1.6;0.0
2022/10/27;0600 UTC;0.0;988.1;988.4;988.1;;22.7;;23.4;22.7;;;;;;107.0;0.0;0.0
2022/10/27;0700 UTC;0.0;988.4;988.4;988.1;;22.9;;22.9;22.5;;;;;;165.0;1.7;0.4
2022/10/27;0800 UTC;0.0;988.8;988.8;988.4;;22.5;;22.9;22.4;;;;;;349.0;1.9;0.0
2022/10/27;0900 UTC;0.0;989.3;989.3;988.7;12.9;22.9;;22.9;22.3;;;;;;270.0;0.0;0.0
2022/10/27;1000 UTC;0.0;990.3;990.3;989.3;330.9;24.2;;24.3;22.9;;;;;;356.0;0.5;0.0
2022/10/27;1100 UTC;0.0;991.6;991.6;990.3;901.1;25.4;;25.7;24.1;;;;;;359.0;1.6;0.1
2022/10/27;1200 UTC;0.0;991.9;992.0;991.6;1357.2;27.1;;27.1;25.3;;;;;;44.0;4.2;2.2
2022/10/27;1300 UTC;0.0;991.6;992.0;991.6;1635.4;29.1;;29.2;27.1;;;;;;33.0;5.9;2.4
2022/10/27;1400 UTC;0.0;990.6;991.6;990.6;2688.2;31.1;;31.2;29.1;;;;;;56.0;5.8;2.3
2022/10/27;1500 UTC;0.0;989.9;990.6;989.9;1576.7;31.6;;31.7;30.8;;;;;;26.0;5.6;2.1
2022/10/27;1600 UTC;0.0;988.8;989.9;988.8;1638.9;31.4;;32.7;31.1;;;;;;279.0;7.8;1.3
2022/10/27;1700 UTC;8.6;988.2;989.2;988.2;510.0;27.5;;31.4;25.8;;;;;;251.0;11.1;0.0
2022/10/27;1800 UTC;0.2;986.6;988.2;986.6;841.2;28.5;;28.5;27.3;;;;;;253.0;3.0;0.0
2022/10/27;1900 UTC;0.0;986.1;986.6;986.1;2140.4;31.9;;32.1;28.5;;;;;;171.0;0.0;0.0
2022/10/27;2000 UTC;0.0;985.7;986.1;985.7;1071.9;32.9;;33.7;31.9;;;;;;168.0;0.0;0.0
2022/10/27;2100 UTC;0.0;986.9;986.9;985.7;184.8;27.6;;32.9;27.6;;;;;;357.0;8.3;3.7
2022/10/27;2200 UTC;0.4;988.5;988.5;986.8;;25.6;;27.6;25.6;;;;;;297.0;9.2;0.0
2022/10/27;2300 UTC;3.8;988.6;988.8;988.5;;24.1;;25.6;24.1;;;;;;145.0;3.6;0.2
2022/10/28;0000 UTC;0.2;989.2;989.2;988.6;;24.7;;24.8;23.9;;;;;;261.0;3.6;0.0
2022/10/28;0100 UTC;0.0;990.0;990.0;989.2;;25.0;;25.0;24.4;;;;;;132.0;3.6;0.0
2022/10/28;0200 UTC;0.0;990.4;990.6;990.0;;24.8;;25.0;24.2;;;;;;193.0;0.0;0.0
2022/10/28;0300 UTC;0.0;989.7;990.4;989.7;;24.6;;25.0;24.5;;;;;;123.0;0.0;0.0
2022/10/28;0400 UTC;0.0;989.2;989.7;989.1;;24.5;;24.7;24.5;;;;;;131.0;3.3;0.0
2022/10/28;0500 UTC;0.0;988.9;989.3;988.9;;24.4;;24.5;24.4;;;;;;96.0;0.0;0.0
2022/10/28;0600 UTC;0.0;988.6;989.0;988.6;;24.4;;24.5;24.3;;;;;;311.0;0.0;0.0
2022/10/28;0700 UTC;0.0;988.6;988.6;988.4;;24.0;;24.4;24.0;;;;;;54.0;0.0;0.0
2022/10/28;0800 UTC;0.0;989.2;989.2;988.6;;23.7;;24.0;23.7;;;;;;114.0;0.0;0.0
2022/10/28;0900 UTC;0.0;989.5;989.6;989.1;7.6;23.6;;23.8;23.5;;;;;;68.0;0.0;0.0
2022/10/28;1000 UTC;0.0;990.0;990.0;989.5;321.6;25.0;;25.0;23.6;;;;;;63.0;0.0;0.0
2022/10/28;1100 UTC;0.0;991.0;991.0;990.0;1076.1;26.1;;26.4;24.9;;;;;;64.0;6.0;0.7
2022/10/28;1200 UTC;0.0;991.4;991.4;991.0;1555.6;27.9;;27.9;26.1;;;;;;60.0;7.5;2.2
2022/10/28;1300 UTC;0.0;991.1;991.4;991.1;1951.0;28.9;;29.4;27.8;;;;;;2.0;7.1;2.1
2022/10/28;1400 UTC;0.0;990.7;991.1;990.7;2484.1;30.1;;30.4;28.9;;;;;;9.0;6.8;0.0
2022/10/28;1500 UTC;0.0;989.6;990.7;989.6;1963.9;31.2;;31.7;30.1;;;;;;47.0;6.9;1.4
2022/10/28;1600 UTC;0.0;988.5;989.6;988.5;2567.7;32.8;;32.8;31.2;;;;;;96.0;6.9;0.0
2022/10/28;1700 UTC;0.0;987.3;988.5;987.3;1672.5;33.3;;34.0;32.2;;;;;;95.0;6.1;0.0
2022/10/28;1800 UTC;0.0;986.6;987.3;986.6;1673.5;33.2;;33.9;33.1;;;;;;64.0;6.6;0.2
2022/10/28;1900 UTC;0.0;986.0;986.6;986.0;1270.1;34.0;;34.2;32.8;;;;;;29.0;5.6;0.0
2022/10/28;2000 UTC;0.0;985.9;986.1;985.9;457.6;33.4;;34.0;32.8;;;;;;44.0;0.0;0.0
2022/10/28;2100 UTC;0.0;986.3;986.3;985.8;240.2;31.0;;33.6;31.0;;;;;;98.0;0.0;0.0
2022/10/28;2200 UTC;0.0;986.9;986.9;986.3;;28.5;;31.0;28.5;;;;;;118.0;0.0;0.0
2022/10/28;2300 UTC;0.0;987.7;987.7;986.9;;26.6;;28.5;26.5;;;;;;130.0;0.0;0.0
2022/10/29;0000 UTC;0.0;988.5;988.5;987.7;;25.7;;26.8;25.7;;;;;;141.0;0.0;0.0
2022/10/29;0100 UTC;0.0;988.8;988.8;988.4;;25.2;;25.6;25.0;;;;;;143.0;0.0;0.0
2022/10/29;0200 UTC;0.0;988.6;988.8;988.6;;24.8;;25.2;24.8;;;;;;147.0;0.0;0.0
2022/10/29;0300 UTC;0.0;988.5;988.7;988.5;;24.6;;24.8;24.4;;;;;;255.0;0.0;0.0
2022/10/29;0400 UTC;0.0;988.2;988.5;988.2;;24.3;;24.6;24.3;;;;;;250.0;0.0;0.0
2022/10/29;0500 UTC;0.0;987.6;988.2;987.6;;24.0;;24.3;23.8;;;;;;2.0;0.0;0.0
2022/10/29;0600 UTC;0.0;987.0;987.6;987.0;;23.4;;24.0;23.4;;;;;;242.0;0.0;0.0
2022/10/29;0700 UTC;0.0;987.0;987.0;986.9;;22.7;;23.5;22.7;;;;;;136.0;0.0;0.0
2022/10/29;0800 UTC;0.0;987.5;987.5;986.9;;22.2;;22.7;22.2;;;;;;74.0;0.0;0.0
2022/10/29;0900 UTC;0.0;988.4;988.4;987.5;10.0;22.2;;22.4;22.2;;;;;;104.0;0.0;0.0
2022/10/29;1000 UTC;0.0;989.4;989.4;988.4;403.4;23.9;;24.0;22.2;;;;;;110.0;0.0;0.0
2022/10/29;1100 UTC;0.0;990.1;990.2;989.4;1159.8;27.2;;27.2;23.9;;;;;;31.0;6.5;1.2
2022/10/29;1200 UTC;0.0;990.6;990.6;990.1;1540.7;28.9;;29.0;27.2;;;;;;41.0;8.0;0.8
2022/10/29;1300 UTC;0.0;990.3;990.7;990.3;2499.6;30.9;;30.9;28.9;;;;;;43.0;6.1;0.0
2022/10/29;1400 UTC;0.0;989.6;990.3;989.6;3121.7;32.4;;32.5;30.6;;;;;;72.0;0.0;0.0
2022/10/29;1500 UTC;0.0;988.8;989.6;988.8;2821.6;33.6;;34.0;32.2;;;;;;327.0;0.0;0.0
2022/10/29;1600 UTC;0.0;987.4;988.8;987.4;2031.8;35.4;;35.4;33.3;;;;;;164.0;8.8;1.4
2022/10/29;1700 UTC;0.0;986.1;987.4;986.1;2448.1;34.7;;35.6;34.2;;;;;;264.0;10.0;0.6
2022/10/29;1800 UTC;0.0;984.8;986.1;984.8;2472.9;35.8;;36.0;34.2;;;;;;116.0;5.2;0.0
2022/10/29;1900 UTC;0.0;984.5;984.8;984.5;1928.7;36.4;;36.8;35.8;;;;;;120.0;5.0;0.0
2022/10/29;2000 UTC;0.0;984.4;984.6;984.3;963.3;35.7;;36.4;35.7;;;;;;124.0;4.8;0.0
2022/10/29;2100 UTC;0.0;985.0;985.0;984.4;250.5;32.6;;35.7;32.6;;;;;;134.0;0.0;0.0
2022/10/29;2200 UTC;0.0;985.4;985.4;985.0;;30.5;;32.6;30.5;;;;;;154.0;0.0;0.0
2022/10/29;2300 UTC;0.0;986.0;986.0;985.4;;28.0;;30.6;28.0;;;;;;144.0;0.0;0.0
2022/10/30;0000 UTC;0.0;986.7;986.7;986.0;;27.4;;28.0;27.3;;;;;;169.0;0.0;0.0
2022/10/30;0100 UTC;0.0;987.2;987.2;986.7;;26.0;;27.4;26.0;;;;;;155.0;0.0;0.0
2022/10/30;0200 UTC;0.0;987.3;987.4;987.2;;25.5;;26.2;25.3;;;;;;298.0;0.0;0.0
2022/10/30;0300 UTC;0.0;986.6;987.3;986.6;;25.3;;26.4;25.3;;;;;;151.0;0.0;0.0
2022/10/30;0400 UTC;0.0;986.3;986.6;986.3;;25.7;;26.0;25.1;;;;;;214.0;0.0;0.0
2022/10/30;0500 UTC;0.0;985.9;986.3;985.8;;24.4;;25.8;24.4;;;;;;328.0;0.0;0.0
2022/10/30;0600 UTC;0.0;985.6;985.9;985.6;;24.6;;24.9;24.0;;;;;;359.0;0.0;0.0
2022/10/30;0700 UTC;0.0;985.9;985.9;985.6;;24.5;;25.2;24.3;;;;;;29.0;0.0;0.0
2022/10/30;0800 UTC;0.0;986.5;986.5;985.8;;24.5;;24.6;24.0;;;;;;325.0;0.0;0.0
2022/10/30;0900 UTC;0.0;986.9;986.9;986.5;9.7;24.6;;25.1;24.5;;;;;;257.0;0.0;0.0
2022/10/30;1000 UTC;0.0;987.7;987.7;986.9;256.2;26.2;;26.2;24.6;;;;;;308.0;0.0;0.0
2022/10/30;1100 UTC;0.0;988.9;988.9;987.7;791.4;27.8;;27.8;26.2;;;;;;143.0;0.0;0.0
2022/10/30;1200 UTC;0.0;989.2;989.3;988.8;1501.0;29.0;;29.4;27.8;;;;;;173.0;0.0;0.0
2022/10/30;1300 UTC;0.0;989.0;989.3;989.0;2353.1;32.2;;32.3;29.0;;;;;;18.0;0.0;0.0
2022/10/30;1400 UTC;0.0;988.4;989.0;988.4;3133.6;34.0;;34.8;32.1;;;;;;322.0;2.3;0.0
2022/10/30;1500 UTC;0.0;987.1;988.4;987.1;3527.2;34.6;;35.5;33.8;;;;;;341.0;4.7;0.1
2022/10/30;1600 UTC;0.0;985.7;987.1;985.7;3042.5;35.6;;36.1;34.3;;;;;;17.0;6.4;0.9
2022/10/30;1700 UTC;0.0;984.4;985.7;984.4;2743.2;37.5;;37.5;35.0;;;;;;333.0;6.4;0.0
2022/10/30;1800 UTC;0.0;983.9;984.4;983.9;1663.4;35.8;;37.5;35.5;;;;;;327.0;5.5;0.6
2022/10/30;1900 UTC;0.0;983.5;983.9;983.5;1296.8;35.9;;36.0;34.8;;;;;;312.0;6.3;0.0
2022/10/30;2000 UTC;0.0;983.2;983.5;983.2;494.5;34.2;;36.1;34.2;;;;;;278.0;0.0;0.0
2022/10/30;2100 UTC;0.0;983.6;983.6;983.2;125.1;32.7;;34.2;32.7;;;;;;273.0;0.0;0.0
2022/10/30;2200 UTC;0.0;984.4;984.4;983.6;;29.6;;32.7;29.6;;;;;;326.0;0.0;0.0
2022/10/30;2300 UTC;0.0;985.2;985.2;984.4;;28.2;;29.6;28.2;;;;;;105.0;0.0;0.0
2022/10/31;0000 UTC;0.0;986.4;986.4;985.2;;27.1;;28.2;27.1;;;;;;92.0;0.0;0.0
2022/10/31;0100 UTC;0.0;987.6;987.6;986.4;;28.2;;28.2;27.0;;;;;;347.0;0.0;0.0
2022/10/31;0200 UTC;0.0;987.7;987.9;987.6;;28.2;;28.5;28.1;;;;;;340.0;0.0;0.0
2022/10/31;0300 UTC;0.0;987.5;987.8;987.5;;27.0;;28.3;26.8;;;;;;272.0;0.0;0.0
2022/10/31;0400 UTC;0.0;987.2;987.5;987.0;;26.2;;27.4;26.0;;;;;;8.0;0.0;0.0
2022/10/31;0500 UTC;0.0;987.2;987.2;987.0;;25.1;;26.2;25.0;;;;;;143.0;0.0;0.0
2022/10/31;0600 UTC;0.0;987.1;987.3;987.1;;24.2;;25.2;24.2;;;;;;117.0;0.0;0.0
2022/10/31;0700 UTC;0.0;987.4;987.4;987.1;;24.0;;24.4;24.0;;;;;;42.0;0.0;0.0
2022/10/31;0800 UTC;0.0;988.1;988.1;987.4;;23.9;;24.3;23.9;;;;;;96.0;0.0;0.0
2022/10/31;0900 UTC;0.0;988.9;988.9;988.1;12.1;23.6;;24.0;23.5;;;;;;128.0;0.0;0.0
2022/10/31;1000 UTC;0.0;989.9;989.9;988.9;371.7;26.0;;26.0;23.6;;;;;;353.0;0.0;0.0
2022/10/31;1100 UTC;0.0;990.6;990.6;989.9;1172.3;27.7;;27.8;26.0;;;;;;10.0;5.6;0.5
2022/10/31;1200 UTC;0.0;990.9;990.9;990.5;2038.9;29.5;;30.2;27.6;;;;;;33.0;7.2;1.2
2022/10/31;1300 UTC;0.0;990.5;991.0;990.4;2766.2;31.6;;31.7;29.5;;;;;;358.0;7.5;1.4
2022/10/31;1400 UTC;0.0;989.7;990.5;989.7;2936.2;33.2;;33.2;31.5;;;;;;321.0;7.8;0.0
2022/10/31;1500 UTC;0.0;988.9;989.7;988.9;2773.1;34.5;;34.5;32.0;;;;;;337.0;4.9;0.0
2022/10/31;1600 UTC;0.0;987.6;988.9;987.6;3226.5;34.6;;36.8;34.1;;;;;;287.0;2.8;0.0
2022/10/31;1700 UTC;0.0;986.5;987.6;986.5;2610.7;35.1;;36.4;34.6;;;;;;262.0;6.1;0.8
2022/10/31;1800 UTC;0.0;985.4;986.5;985.4;2518.8;36.5;;36.9;35.1;;;;;;40.0;4.5;0.0
2022/10/31;1900 UTC;0.0;984.8;985.4;984.8;1528.3;35.9;;37.1;35.6;;;;;;289.0;4.6;0.0
2022/10/31;2000 UTC;0.0;984.7;984.8;984.4;587.8;35.3;;36.3;35.2;;;;;;336.0;3.5;0.0
2022/10/31;2100 UTC;0.0;985.8;986.0;984.6;130.6;29.0;;35.3;29.0;;;;;;14.0;11.0;5.7
2022/10/31;2200 UTC;0.0;985.9;986.2;985.8;;27.8;;29.2;27.8;;;;;;356.0;9.5;0.0
2022/10/31;2300 UTC;0.0;986.6;986.6;985.9;;27.9;;28.9;27.7;;;;;;80.0;0.0;0.0
2022/11/01;0000 UTC;0.0;987.3;987.3;986.6;;27.0;;27.9;27.0;;;;;;106.0;0.0;0.0
2022/11/01;0100 UTC;0.0;988.0;988.0;987.3;;27.2;;27.5;27.0;;;;;;132.0;0.0;0.0
2022/11/01;0200 UTC;0.0;988.1;988.1;987.8;;26.7;;27.2;26.6;;;;;;12.0;0.0;0.0
2022/11/01;0300 UTC;0.0;987.9;988.3;987.9;;27.7;;27.8;26.7;;;;;;311.0;0.0;0.0
2022/11/01;0400 UTC;0.0;987.6;987.9;987.6;;27.2;;27.7;27.0;;;;;;219.0;0.0;0.0
2022/11/01;0500 UTC;0.0;987.1;987.6;987.0;;26.2;;27.3;26.2;;;;;;56.0;0.0;0.0
2022/11/01;0600 UTC;0.0;987.1;987.4;987.1;;26.3;;26.4;25.7;;;;;;258.0;0.0;0.0
2022/11/01;0700 UTC;0.0;987.2;987.2;986.9;;25.3;;26.3;25.0;;;;;;26.0;0.0;0.0
2022/11/01;0800 UTC;0.0;988.1;988.1;987.1;;25.5;;25.8;25.2;;;;;;19.0;0.0;0.0
2022/11/01;0900 UTC;0.0;989.1;989.1;988.1;;25.5;;25.6;25.3;;;;;;7.0;0.0;0.0
2022/11/01;1000 UTC;0.0;990.3;990.3;989.1;137.7;26.1;;26.1;25.5;;;;;;351.0;0.0;0.0
2022/11/01;1100 UTC;0.0;991.5;991.5;990.3;601.7;27.0;;27.2;26.1;;;;;;16.0;6.9;3.4
2022/11/01;1200 UTC;0.0;991.9;991.9;991.5;720.7;27.4;;27.4;26.9;;;;;;11.0;7.3;3.5
2022/11/01;1300 UTC;0.0;992.0;992.3;991.9;870.2;28.0;;28.0;27.2;;;;;;11.0;6.6;2.4
2022/11/01;1400 UTC;0.0;992.0;992.1;991.8;1076.5;28.4;;28.7;27.8;;;;;;352.0;5.8;2.8
2022/11/01;1500 UTC;0.0;992.1;992.3;992.0;791.6;29.2;;29.2;28.3;;;;;;298.0;5.8;0.4
2022/11/01;1600 UTC;0.0;991.6;992.1;991.5;1774.8;29.9;;30.9;29.3;;;;;;324.0;4.3;0.8
2022/11/01;1700 UTC;0.0;991.2;991.6;991.2;577.2;28.8;;30.0;28.8;;;;;;283.0;4.8;1.6
2022/11/01;1800 UTC;0.0;990.9;991.2;990.8;630.5;28.4;;28.8;28.3;;;;;;268.0;6.7;3.6
2022/11/01;1900 UTC;0.0;990.9;990.9;990.7;198.9;27.2;;28.4;27.2;;;;;;275.0;5.7;2.7
2022/11/01;2000 UTC;0.0;991.2;991.2;990.9;155.8;27.1;;27.2;26.8;;;;;;228.0;5.4;2.7
2022/11/01;2100 UTC;0.0;991.9;991.9;991.2;42.5;25.3;;27.2;25.3;;;;;;200.0;8.6;5.5
2022/11/01;2200 UTC;0.0;992.6;992.7;991.9;;24.7;;25.3;24.6;;;;;;199.0;8.6;0.0
2022/11/01;2300 UTC;0.0;992.5;992.6;992.3;;24.2;;24.7;24.2;;;;;;196.0;0.0;0.0
2022/11/02;0000 UTC;0.0;992.6;992.7;992.5;;24.0;;24.2;24.0;;;;;;184.0;0.0;0.0
2022/11/02;0100 UTC;0.0;992.8;992.9;992.6;;23.5;;24.0;23.5;;;;;;132.0;0.0;0.0
2022/11/02;0200 UTC;0.0;992.2;992.8;992.2;;23.1;;23.5;23.1;;;;;;124.0;0.0;0.0
2022/11/02;0300 UTC;0.0;991.6;992.2;991.5;;22.8;;23.1;22.8;;;;;;153.0;0.0;0.0
2022/11/02;0400 UTC;0.0;990.7;991.5;990.7;;22.9;;22.9;22.7;;;;;;197.0;0.0;0.0
2022/11/02;0500 UTC;0.0;990.5;990.7;990.5;;22.3;;22.9;22.3;;;;;;104.0;0.0;0.0
2022/11/02;0600 UTC;0.0;990.6;990.6;990.4;;21.8;;22.4;21.8;;;;;;103.0;0.0;0.0
2022/11/02;0700 UTC;0.0;991.0;991.0;990.6;;21.7;;21.8;21.6;;;;;;151.0;0.0;0.0
2022/11/02;0800 UTC;0.0;991.6;991.6;991.0;;21.6;;21.8;21.6;;;;;;111.0;0.0;0.0
2022/11/02;0900 UTC;0.0;992.1;992.1;991.6;8.6;21.7;;21.7;21.5;;;;;;106.0;0.0;0.0
2022/11/02;1000 UTC;0.0;992.9;992.9;992.1;431.2;23.4;;23.4;21.7;;;;;;132.0;0.0;0.0
2022/11/02;1100 UTC;0.0;993.6;993.6;992.9;1109.2;25.3;;25.4;23.4;;;;;;201.0;0.0;0.0
2022/11/02;1200 UTC;0.0;993.9;993.9;993.6;2063.2;27.5;;27.8;25.3;;;;;;207.0;9.4;6.1
2022/11/02;1300 UTC;0.0;994.0;994.1;993.9;2365.5;29.0;;29.0;27.4;;;;;;191.0;8.8;3.6
2022/11/02;1400 UTC;0.0;993.2;994.0;993.1;2738.0;30.4;;30.4;28.3;;;;;;199.0;9.4;4.4
2022/11/02;1500 UTC;0.0;992.1;993.2;992.1;3487.9;31.2;;31.7;29.6;;;;;;203.0;9.4;4.0
2022/11/02;1600 UTC;0.0;990.9;992.1;990.9;3374.6;32.5;;32.7;30.9;;;;;;192.0;8.2;3.8
2022/11/02;1700 UTC;0.0;989.7;990.9;989.7;2908.4;32.8;;33.3;31.6;;;;;;212.0;6.9;3.2
2022/11/02;1800 UTC;0.0;989.1;989.7;989.1;2618.2;33.3;;33.7;32.6;;;;;;238.0;8.5;3.9
2022/11/02;1900 UTC;0.0;989.0;989.1;988.9;1935.2;33.2;;33.8;32.7;;;;;;205.0;8.2;3.7
2022/11/02;2000 UTC;0.0;988.6;989.0;988.6;1084.3;32.0;;33.4;32.0;;;;;;187.0;8.1;5.0
2022/11/02;2100 UTC;0.0;989.2;989.2;988.6;271.3;30.2;;32.1;30.2;;;;;;190.0;8.1;4.7
2022/11/02;2200 UTC;0.0;989.9;989.9;989.2;;29.1;;30.2;29.1;;;;;;191.0;7.0;3.2
2022/11/02;2300 UTC;0.0;991.0;991.0;989.9;;28.4;;29.1;28.4;;;;;;198.0;5.1;2.4
2022/11/03;0000 UTC;0.0;991.6;991.6;991.0;;27.5;;28.3;27.5;;;;;;199.0;3.6;2.2
2022/11/03;0100 UTC;0.0;991.9;991.9;991.5;;26.2;;27.5;26.2;;;;;;202.0;3.6;0.0
2022/11/03;0200 UTC;0.0;991.9;992.1;991.9;;26.1;;26.3;26.0;;;;;;251.0;3.1;1.9
2022/11/03;0300 UTC;0.0;991.4;991.9;991.4;;25.4;;26.1;25.3;;;;;;214.0;2.7;0.9
2022/11/03;0400 UTC;0.0;990.5;991.4;990.5;;24.9;;25.4;24.9;;;;;;199.0;2.7;0.3
2022/11/03;0500 UTC;0.0;989.6;990.5;989.6;;24.6;;25.0;24.6;;;;;;199.0;4.8;1.2
2022/11/03;0600 UTC;0.0;989.4;989.6;989.4;;24.1;;24.6;24.1;;;;;;185.0;3.6;1.0
2022/11/03;0700 UTC;0.0;989.8;989.9;989.4;;23.4;;24.1;23.4;;;;;;229.0;2.6;0.0
2022/11/03;0800 UTC;0.0;990.4;990.5;989.8;;22.6;;23.5;22.3;;;;;;191.0;1.6;0.4
2022/11/03;0900 UTC;0.0;991.0;991.0;990.4;14.3;22.3;;22.9;21.8;;;;;;311.0;1.4;0.0
2022/11/03;1000 UTC;0.0;991.6;991.6;990.9;446.1;24.8;;24.9;22.3;;;;;;214.0;5.3;2.9
2022/11/03;1100 UTC;0.0;992.0;992.1;991.6;1288.8;26.4;;26.4;24.7;;;;;;216.0;6.0;3.1
2022/11/03;1200 UTC;0.0;992.3;992.3;992.0;2129.1;28.1;;28.5;26.4;;;;;;188.0;8.0;4.5
2022/11/03;1300 UTC;0.0;992.0;992.3;991.9;2870.7;29.2;;30.0;27.8;;;;;;184.0;9.3;4.1
2022/11/03;1400 UTC;0.0;991.4;992.0;991.4;3252.5;31.2;;31.4;29.1;;;;;;220.0;7.5;2.4
2022/11/03;1500 UTC;0.0;990.2;991.4;990.2;3462.6;32.4;;32.7;30.5;;;;;;242.0;7.3;2.3
2022/11/03;1600 UTC;0.0;988.8;990.2;988.8;3422.4;34.2;;34.2;31.7;;;;;;263.0;6.8;2.6
2022/11/03;1700 UTC;0.0;987.5;988.8;987.5;3080.6;34.4;;34.8;33.2;;;;;;245.0;8.0;3.1
2022/11/03;1800 UTC;0.0;986.3;987.5;986.3;2581.3;34.7;;35.3;33.5;;;;;;226.0;7.5;4.3
2022/11/03;1900 UTC;0.0;985.8;986.3;985.8;2226.3;34.4;;35.3;34.0;;;;;;209.0;9.2;4.2
2022/11/03;2000 UTC;0.0;985.9;985.9;985.7;951.0;32.8;;35.0;32.8;;;;;;201.0;7.4;4.8
2022/11/03;2100 UTC;0.0;986.8;986.8;985.9;262.0;31.8;;33.2;31.8;;;;;;198.0;7.0;3.4
2022/11/03;2200 UTC;0.0;988.4;988.4;986.8;;30.4;;31.8;30.4;;;;;;224.0;5.0;1.5
2022/11/03;2300 UTC;0.0;989.5;989.5;988.4;;29.8;;30.4;29.6;;;;;;253.0;3.7;2.1
2022/11/04;0000 UTC;0.0;989.9;989.9;989.5;;28.5;;29.8;28.5;;;;;;267.0;3.6;2.4
2022/11/04;0100 UTC;0.0;990.7;990.7;989.9;;26.6;;28.5;26.5;;;;;;66.0;3.2;0.4
2022/11/04;0200 UTC;0.0;990.6;990.8;990.6;;27.1;;27.4;26.6;;;;;;352.0;1.5;0.0
2022/11/04;0300 UTC;0.0;989.8;990.6;989.8;;26.6;;27.3;26.6;;;;;;280.0;0.5;0.0
2022/11/04;0400 UTC;0.0;988.6;989.9;988.6;;25.9;;26.6;25.9;;;;;;49.0;0.0;0.0
2022/11/04;0500 UTC;0.0;988.3;988.6;988.3;;25.8;;26.3;25.8;;;;;;349.0;0.0;0.0
2022/11/04;0600 UTC;0.0;987.9;988.3;987.9;;25.1;;25.8;24.7;;;;;;226.0;1.3;0.6
2022/11/04;0700 UTC;0.0;987.9;987.9;987.5;;23.6;;25.2;23.6;;;;;;96.0;1.3;0.5
2022/11/04;0800 UTC;0.0;988.5;988.5;987.9;;23.3;;23.8;23.3;;;;;;117.0;1.8;0.8
2022/11/04;0900 UTC;0.0;989.3;989.3;988.4;3.9;23.3;;23.5;23.3;;;;;;117.0;1.6;0.0
2022/11/04;1000 UTC;0.2;990.2;990.2;989.3;46.1;24.2;;24.3;23.3;;;;;;56.0;5.7;1.5
2022/11/04;1100 UTC;0.0;991.5;991.5;990.2;401.3;25.4;;25.5;24.2;;;;;;31.0;3.3;0.2
2022/11/04;1200 UTC;0.0;991.8;991.8;991.5;1006.8;26.9;;26.9;25.4;;;;;;36.0;4.7;1.6
2022/11/04;1300 UTC;0.0;991.8;992.0;991.8;1023.0;27.5;;27.7;26.8;;;;;;22.0;5.7;2.7
2022/11/04;1400 UTC;0.0;991.5;991.8;991.5;1783.3;29.1;;29.6;27.5;;;;;;1.0;8.3;5.5
2022/11/04;1500 UTC;0.0;991.1;991.5;991.1;2495.9;28.2;;29.7;27.8;;;;;;354.0;13.6;8.2
2022/11/04;1600 UTC;0.0;990.3;991.1;990.2;2272.9;26.9;;28.9;26.9;;;;;;1.0;14.0;6.6
2022/11/04;1700 UTC;0.0;989.2;990.3;989.2;1453.9;27.6;;28.1;26.5;;;;;;354.0;11.2;4.8
2022/11/04;1800 UTC;0.0;988.5;989.2;988.5;1481.7;27.1;;27.9;27.0;;;;;;357.0;9.4;2.6
2022/11/04;1900 UTC;0.0;987.7;988.5;987.6;1047.9;27.8;;28.0;27.0;;;;;;10.0;6.3;2.5
2022/11/04;2000 UTC;0.0;987.8;988.2;987.7;638.4;26.6;;27.9;26.4;;;;;;29.0;5.5;3.1
2022/11/04;2100 UTC;0.0;989.0;989.0;987.8;95.1;25.8;;26.6;25.7;;;;;;69.0;5.5;0.1
2022/11/04;2200 UTC;0.2;989.8;989.8;989.0;;24.8;;25.8;24.8;;;;;;21.0;2.0;0.8
2022/11/04;2300 UTC;0.0;990.7;990.7;989.8;;24.3;;24.8;24.3;;;;;;12.0;2.0;0.3
2022/11/05;0000 UTC;0.0;991.5;991.5;990.7;;24.2;;24.3;24.1;;;;;;62.0;3.4;1.3
2022/11/05;0100 UTC;0.0;992.4;992.4;991.5;;24.2;;24.3;24.2;;;;;;67.0;3.8;0.2
2022/11/05;0200 UTC;0.0;992.5;992.6;992.4;;24.2;;24.4;24.2;;;;;;69.0;1.9;0.1
2022/11/05;0300 UTC;0.0;991.8;992.5;991.8;;24.1;;24.3;24.0;;;;;;353.0;2.6;1.2
2022/11/05;0400 UTC;0.0;990.8;991.8;990.8;;24.1;;24.2;24.0;;;;;;35.0;3.7;1.3
2022/11/05;0500 UTC;0.0;990.6;990.8;990.5;;24.2;;24.2;24.1;;;;;;354.0;3.5;0.9
2022/11/05;0600 UTC;0.0;989.8;990.6;989.8;;24.2;;24.2;24.1;;;;;;9.0;2.9;0.4
2022/11/05;0700 UTC;0.0;989.8;989.8;989.6;;24.0;;24.2;23.9;;;;;;315.0;1.7;0.0
2022/11/05;0800 UTC;0.0;990.4;990.5;989.8;;24.0;;24.2;23.9;;;;;;356.0;0.8;0.0
2022/11/05;0900 UTC;0.0;991.0;991.0;990.4;4.4;23.8;;24.1;23.8;;;;;;48.0;1.3;0.0
2022/11/05;1000 UTC;0.0;992.0;992.0;991.0;188.6;24.3;;24.3;23.8;;;;;;11.0;0.9;0.0
2022/11/05;1100 UTC;0.0;992.9;992.9;992.0;506.2;25.1;;25.1;24.3;;;;;;41.0;2.2;0.2
2022/11/05;1200 UTC;0.0;993.1;993.2;992.9;908.0;26.5;;26.5;25.1;;;;;;308.0;1.9;0.0
2022/11/05;1300 UTC;0.0;993.0;993.1;993.0;887.5;26.7;;26.9;26.1;;;;;;262.0;3.5;1.4
2022/11/05;1400 UTC;0.0;992.5;993.0;992.5;1254.0;27.5;;27.7;26.5;;;;;;262.0;4.8;2.6
2022/11/05;1500 UTC;0.0;991.4;992.5;991.4;2264.3;29.4;;29.4;27.5;;;;;;330.0;5.7;1.3
2022/11/05;1600 UTC;0.0;989.9;991.4;989.9;2169.9;29.5;;29.9;28.9;;;;;;341.0;4.6;1.2
2022/11/05;1700 UTC;0.0;988.2;989.9;988.2;2399.4;31.0;;31.9;29.5;;;;;;284.0;5.1;1.8
2022/11/05;1800 UTC;0.0;987.4;988.2;987.4;1316.9;30.9;;31.4;30.5;;;;;;342.0;4.5;0.5
2022/11/05;1900 UTC;0.0;987.0;987.4;986.9;1274.0;31.4;;32.1;30.6;;;;;;199.0;3.0;1.4
2022/11/05;2000 UTC;0.0;987.2;987.2;986.9;626.6;31.2;;31.7;30.8;;;;;;234.0;7.0;4.3
2022/11/05;2100 UTC;0.0;988.2;988.2;987.1;276.6;29.6;;31.4;29.6;;;;;;240.0;7.0;4.2
2022/11/05;2200 UTC;0.0;989.2;989.2;988.2;;27.7;;29.6;27.7;;;;;;227.0;5.9;3.8
2022/11/05;2300 UTC;0.0;990.0;990.0;989.2;;26.5;;27.6;26.5;;;;;;221.0;5.3;2.6
2022/11/06;0000 UTC;0.0;991.1;991.1;990.0;;24.8;;26.5;24.8;;;;;;136.0;3.9;1.3
2022/11/06;0100 UTC;0.0;991.5;991.5;991.0;;24.2;;25.0;24.2;;;;;;158.0;2.4;1.3
2022/11/06;0200 UTC;0.0;991.7;991.8;991.5;;23.6;;24.4;23.5;;;;;;100.0;2.3;0.0
2022/11/06;0300 UTC;0.0;991.2;991.7;991.2;;23.4;;23.7;23.4;;;;;;134.0;1.3;0.0
2022/11/06;0400 UTC;0.0;990.3;991.2;990.3;;23.0;;23.4;22.9;;;;;;147.0;1.5;0.0
2022/11/06;0500 UTC;0.0;990.1;990.3;990.1;;22.8;;23.1;22.8;;;;;;95.0;0.0;0.0
2022/11/06;0600 UTC;0.0;989.9;990.1;989.9;;22.9;;22.9;22.5;;;;;;228.0;0.9;0.1
2022/11/06;0700 UTC;0.0;990.0;990.0;989.8;;22.6;;22.9;22.4;;;;;;31.0;0.9;0.0
2022/11/06;0800 UTC;0.0;990.1;990.1;989.9;;23.0;;23.3;22.6;;;;;;40.0;3.2;0.2
2022/11/06;0900 UTC;0.0;990.7;990.7;990.1;4.1;23.0;;23.0;22.9;;;;;;147.0;1.1;0.0
2022/11/06;1000 UTC;0.0;991.7;991.7;990.7;345.9;24.5;;24.5;23.0;;;;;;42.0;1.6;0.1
2022/11/06;1100 UTC;0.0;992.8;992.8;991.7;739.8;25.4;;25.5;24.5;;;;;;8.0;4.0;2.1
2022/11/06;1200 UTC;0.0;993.1;993.2;992.8;1498.8;27.2;;27.3;25.3;;;;;;349.0;4.4;2.0
2022/11/06;1300 UTC;0.0;993.0;993.2;993.0;904.2;27.8;;27.9;26.7;;;;;;347.0;4.1;1.7
2022/11/06;1400 UTC;0.0;992.3;993.0;992.2;2614.2;30.0;;30.7;27.7;;;;;;33.0;4.7;0.8
2022/11/06;1500 UTC;0.0;991.1;992.3;991.1;2275.9;31.0;;31.7;29.8;;;;;;337.0;4.7;2.1
2022/11/06;1600 UTC;0.0;989.7;991.1;989.7;2836.7;33.4;;33.4;30.7;;;;;;307.0;4.7;1.2
2022/11/06;1700 UTC;0.0;988.8;989.7;988.8;1646.6;31.4;;33.7;31.4;;;;;;312.0;6.2;0.7
2022/11/06;1800 UTC;0.0;988.4;988.8;988.3;737.1;29.6;;31.5;29.1;;;;;;203.0;5.7;2.0
2022/11/06;1900 UTC;0.0;988.2;988.5;988.2;388.2;26.7;;29.6;26.7;;;;;;82.0;5.4;3.2
2022/11/06;2000 UTC;0.0;989.0;989.1;988.2;151.0;25.3;;26.7;25.3;;;;;;114.0;6.6;2.8
2022/11/06;2100 UTC;0.0;989.2;989.3;989.0;3.1;24.9;;25.6;24.8;;;;;;347.0;4.3;1.1
2022/11/06;2200 UTC;0.4;990.4;990.4;989.2;;24.8;;24.9;24.6;;;;;;321.0;3.7;0.0
2022/11/06;2300 UTC;0.2;991.0;991.0;990.4;;24.7;;24.9;24.6;;;;;;312.0;0.0;0.0
2022/11/07;0000 UTC;0.0;991.9;991.9;991.0;;24.4;;24.7;24.4;;;;;;283.0;3.5;0.2
2022/11/07;0100 UTC;0.0;992.2;992.2;991.9;;24.2;;24.4;24.2;;;;;;32.0;2.1;0.0
2022/11/07;0200 UTC;0.0;993.1;993.1;992.2;;24.3;;24.3;24.0;;;;;;114.0;4.3;0.8
2022/11/07;0300 UTC;6.4;993.1;993.2;993.0;;22.4;;24.3;22.4;;;;;;179.0;8.7;2.7
2022/11/07;0400 UTC;3.0;991.8;993.1;991.8;;22.1;;22.4;21.8;;;;;;76.0;6.4;0.5
2022/11/07;0500 UTC;1.8;991.1;991.8;991.0;;21.8;;22.1;21.8;;;;;;344.0;2.0;0.0
2022/11/07;0600 UTC;0.6;990.6;991.1;990.5;;22.2;;22.2;21.8;;;;;;346.0;1.4;0.0
2022/11/07;0700 UTC;0.0;990.4;990.6;990.4;;22.1;;22.2;21.9;;;;;;87.0;1.3;1.0
2022/11/07;0800 UTC;0.0;990.5;990.5;990.3;;22.0;;22.2;22.0;;;;;;61.0;2.0;0.0
2022/11/07;0900 UTC;0.2;990.4;990.5;990.4;8.4;22.1;;22.2;22.0;;;;;;74.0;0.0;0.0
2022/11/07;1000 UTC;0.0;991.0;991.0;990.3;198.9;22.6;;22.7;22.1;;;;;;66.0;1.5;0.2
2022/11/07;1100 UTC;0.0;992.4;992.4;991.0;361.5;23.5;;23.6;22.6;;;;;;79.0;3.2;0.3
2022/11/07;1200 UTC;0.0;993.2;993.2;992.4;960.0;25.0;;25.1;23.5;;;;;;303.0;2.4;0.3
2022/11/07;1300 UTC;0.0;993.1;993.3;993.1;1365.6;26.4;;26.5;24.9;;;;;;259.0;3.0;0.3
2022/11/07;1400 UTC;0.0;992.5;993.1;992.5;2284.6;27.9;;28.1;26.2;;;;;;254.0;4.6;3.4
2022/11/07;1500 UTC;0.0;991.5;992.5;991.5;3360.7;29.8;;30.4;27.5;;;;;;283.0;4.6;0.6
2022/11/07;1600 UTC;0.0;989.8;991.5;989.8;1541.2;30.7;;30.8;29.6;;;;;;274.0;4.5;1.5
2022/11/07;1700 UTC;0.0;988.8;989.8;988.8;2533.8;28.7;;32.3;28.7;;;;;;86.0;6.4;3.8
2022/11/07;1800 UTC;0.0;988.4;989.1;988.3;1096.8;26.8;;28.7;26.1;;;;;;176.0;9.2;1.3
2022/11/07;1900 UTC;0.0;988.4;988.6;988.0;432.1;25.6;;27.4;25.6;;;;;;148.0;8.7;6.3
2022/11/07;2000 UTC;0.0;988.5;988.7;988.4;367.8;25.3;;25.7;25.3;;;;;;123.0;9.5;4.6
2022/11/07;2100 UTC;0.0;989.6;989.6;988.5;148.9;25.0;;25.4;25.0;;;;;;99.0;6.9;1.0
2022/11/07;2200 UTC;0.8;990.1;990.1;989.5;;23.8;;25.0;23.8;;;;;;47.0;3.5;0.0
2022/11/07;2300 UTC;0.2;991.5;991.5;990.1;;23.9;;23.9;23.7;;;;;;349.0;0.9;0.0
2022/11/08;0000 UTC;0.6;992.0;992.0;991.5;;23.7;;23.9;23.5;;;;;;314.0;1.2;0.0
2022/11/08;0100 UTC;0.0;991.9;992.0;991.9;;23.8;;23.8;23.5;;;;;;209.0;0.0;0.0
2022/11/08;0200 UTC;0.0;992.1;992.2;991.8;;23.5;;23.9;23.5;;;;;;15.0;1.2;0.0
2022/11/08;0300 UTC;0.0;991.1;992.1;991.1;;23.4;;23.6;23.3;;;;;;96.0;1.9;0.0
2022/11/08;0400 UTC;0.0;990.9;991.3;990.8;;23.1;;23.4;23.0;;;;;;360.0;0.5;0.0
2022/11/08;0500 UTC;0.0;990.4;990.9;990.3;;22.9;;23.1;22.8;;;;;;43.0;0.0;0.0
2022/11/08;0600 UTC;0.0;990.1;990.5;990.1;;23.0;;23.0;22.9;;;;;;29.0;0.8;0.0
2022/11/08;0700 UTC;0.0;990.2;990.3;990.0;;23.1;;23.2;23.0;;;;;;357.0;4.0;0.6
2022/11/08;0800 UTC;0.0;990.7;990.7;990.2;;23.2;;23.3;23.1;;;;;;1.0;3.9;1.9
2022/11/08;0900 UTC;0.0;991.2;991.2;990.7;2.3;23.3;;23.3;23.1;;;;;;341.0;4.2;1.8
2022/11/08;1000 UTC;0.0;991.9;991.9;991.2;122.2;23.5;;23.5;23.2;;;;;;350.0;3.5;1.8
2022/11/08;1100 UTC;0.0;993.0;993.0;991.9;375.9;24.3;;24.3;23.5;;;;;;322.0;3.1;0.1
2022/11/08;1200 UTC;0.0;993.6;993.6;993.0;1038.4;25.2;;25.2;24.2;;;;;;49.0;4.0;1.3
2022/11/08;1300 UTC;0.0;994.2;994.2;993.6;1375.6;25.8;;26.7;25.0;;;;;;87.0;5.0;2.9
2022/11/08;1400 UTC;11.4;994.3;994.4;994.1;273.2;24.3;;25.8;23.9;;;;;;25.0;5.8;1.4
2022/11/08;1500 UTC;3.0;993.3;994.5;993.3;304.0;21.8;;24.3;21.7;;;;;;98.0;9.4;1.5
2022/11/08;1600 UTC;1.6;992.1;993.3;992.1;578.0;22.8;;22.8;21.7;;;;;;330.0;4.3;0.6
2022/11/08;1700 UTC;0.6;990.9;992.1;990.9;823.4;23.7;;23.7;22.7;;;;;;245.0;3.5;0.1
2022/11/08;1800 UTC;0.0;989.7;990.9;989.6;1509.6;25.2;;25.3;23.6;;;;;;65.0;2.0;0.2
2022/11/08;1900 UTC;0.0;989.7;989.7;989.5;1234.7;25.9;;25.9;25.1;;;;;;101.0;2.1;0.0
2022/11/08;2000 UTC;0.0;990.2;990.2;989.7;381.5;24.9;;25.9;24.9;;;;;;130.0;4.7;3.5
2022/11/08;2100 UTC;0.0;991.6;991.6;990.2;57.8;24.4;;24.9;24.3;;;;;;111.0;4.7;0.0
2022/11/08;2200 UTC;0.0;992.4;992.4;991.6;;24.4;;24.5;24.4;;;;;;183.0;2.8;2.0
2022/11/08;2300 UTC;0.0;993.3;993.3;992.4;;23.8;;24.4;23.8;;;;;;75.0;2.7;0.2
2022/11/09;0000 UTC;0.0;993.8;993.8;993.3;;23.7;;23.9;23.7;;;;;;19.0;1.2;0.0
2022/11/09;0100 UTC;0.0;993.7;993.9;993.6;;23.5;;23.8;23.5;;;;;;62.0;0.8;0.0
2022/11/09;0200 UTC;0.0;993.1;993.7;993.1;;23.6;;23.6;23.4;;;;;;4.0;1.0;0.0
2022/11/09;0300 UTC;0.0;992.6;993.2;992.6;;23.4;;23.6;23.4;;;;;;47.0;1.0;0.0
2022/11/09;0400 UTC;0.0;991.5;992.6;991.5;;22.9;;23.4;22.9;;;;;;45.0;1.9;0.2
2022/11/09;0500 UTC;0.0;991.5;991.6;991.4;;23.1;;23.2;22.9;;;;;;63.0;1.7;0.0
2022/11/09;0600 UTC;0.0;991.2;991.5;991.2;;23.0;;23.2;23.0;;;;;;111.0;1.1;0.2
2022/11/09;0700 UTC;0.0;991.4;991.5;991.2;;23.0;;23.2;23.0;;;;;;205.0;1.4;0.8
2022/11/09;0800 UTC;0.0;991.6;991.7;991.3;;23.1;;23.2;22.9;;;;;;200.0;1.8;0.9
2022/11/09;0900 UTC;0.0;991.8;991.9;991.6;8.0;23.2;;23.2;23.0;;;;;;168.0;2.0;1.0
2022/11/09;1000 UTC;0.0;993.0;993.0;991.8;170.4;23.3;;23.5;23.2;;;;;;97.0;2.2;0.1
2022/11/09;1100 UTC;0.0;993.8;993.8;993.0;367.7;23.9;;24.0;23.3;;;;;;139.0;1.5;0.0
2022/11/09;1200 UTC;0.0;994.1;994.1;993.8;1083.0;25.1;;25.6;23.9;;;;;;13.0;3.8;2.0
2022/11/09;1300 UTC;0.0;993.9;994.1;993.8;1958.9;27.5;;27.8;25.1;;;;;;37.0;5.5;2.7
2022/11/09;1400 UTC;0.0;993.3;993.9;993.3;1812.4;29.0;;29.0;27.3;;;;;;55.0;5.5;2.9
2022/11/09;1500 UTC;0.0;992.7;993.3;992.7;1459.2;29.1;;29.4;28.4;;;;;;61.0;5.3;1.0
2022/11/09;1600 UTC;0.0;991.6;992.7;991.6;2218.4;30.7;;30.7;28.9;;;;;;105.0;4.7;1.8
2022/11/09;1700 UTC;2.0;990.5;991.6;990.5;1779.5;27.1;;31.4;26.6;;;;;;6.0;8.3;3.1
2022/11/09;1800 UTC;0.0;989.3;990.5;989.3;2196.0;31.6;;31.6;27.0;;;;;;289.0;6.2;0.5
2022/11/09;1900 UTC;0.0;988.6;989.3;988.5;1770.6;30.9;;32.0;30.3;;;;;;352.0;5.6;2.3
2022/11/09;2000 UTC;0.0;988.4;988.6;988.3;1211.8;31.5;;31.8;30.9;;;;;;75.0;4.8;0.6
2022/11/09;2100 UTC;0.0;988.6;988.6;988.4;383.9;29.9;;31.7;29.9;;;;;;347.0;3.8;0.1
2022/11/09;2200 UTC;0.0;989.5;989.5;988.6;;27.9;;29.9;27.9;;;;;;130.0;3.7;0.1
2022/11/09;2300 UTC;0.0;990.2;990.2;989.5;;26.7;;27.8;26.7;;;;;;97.0;1.0;0.0
2022/11/10;0000 UTC;0.0;990.3;990.4;990.1;;25.7;;26.7;25.7;;;;;;53.0;0.0;0.0
2022/11/10;0100 UTC;0.0;990.9;990.9;990.3;;25.6;;26.0;25.6;;;;;;347.0;0.0;0.0
2022/11/10;0200 UTC;0.0;991.1;991.1;990.9;;24.8;;25.6;24.8;;;;;;51.0;0.0;0.0
2022/11/10;0300 UTC;0.0;990.9;991.2;990.9;;24.1;;24.8;24.1;;;;;;158.0;0.0;0.0
2022/11/10;0400 UTC;0.0;990.3;990.9;990.3;;23.5;;24.1;23.5;;;;;;74.0;0.0;0.0
2022/11/10;0500 UTC;0.0;989.8;990.3;989.8;;23.1;;23.5;23.1;;;;;;135.0;0.0;0.0
2022/11/10;0600 UTC;0.0;989.8;989.8;989.7;;22.5;;23.1;22.4;;;;;;135.0;0.0;0.0
2022/11/10;0700 UTC;0.0;989.6;989.8;989.6;;22.0;;22.6;22.0;;;;;;128.0;0.0;0.0
2022/11/10;0800 UTC;0.0;990.2;990.2;989.6;;21.5;;22.1;21.5;;;;;;106.0;0.0;0.0
2022/11/10;0900 UTC;0.0;990.5;990.5;990.1;20.8;21.7;;21.7;21.4;;;;;;117.0;0.0;0.0
2022/11/10;1000 UTC;0.0;991.4;991.4;990.5;457.6;24.0;;24.0;21.7;;;;;;122.0;0.0;0.0
2022/11/10;1100 UTC;0.0;992.2;992.3;991.4;1337.2;26.7;;26.8;24.0;;;;;;41.0;3.0;1.1
2022/11/10;1200 UTC;0.0;992.9;992.9;992.2;2194.6;28.5;;28.6;26.7;;;;;;21.0;6.6;2.0
2022/11/10;1300 UTC;0.0;993.0;993.0;992.9;2842.6;30.1;;30.4;28.5;;;;;;321.0;5.2;1.3
2022/11/10;1400 UTC;0.0;992.4;993.0;992.4;3004.4;31.4;;32.0;30.0;;;;;;15.0;4.8;1.7
2022/11/10;1500 UTC;0.0;991.5;992.4;991.5;2439.4;32.1;;32.7;31.2;;;;;;48.0;4.3;0.3
2022/11/10;1600 UTC;0.0;990.4;991.5;990.3;2780.5;33.3;;33.8;32.0;;;;;;292.0;4.3;0.5
2022/11/10;1700 UTC;0.0;989.0;990.4;989.0;2593.1;34.1;;34.8;32.2;;;;;;284.0;5.2;0.2
2022/11/10;1800 UTC;0.0;987.8;989.0;987.8;2122.9;32.5;;35.2;32.5;;;;;;31.0;4.4;0.0
2022/11/10;1900 UTC;0.0;988.0;988.0;987.3;1128.2;29.1;;35.0;29.1;;;;;;20.0;9.7;4.3
2022/11/10;2000 UTC;0.0;988.4;988.5;987.9;191.5;25.8;;29.1;25.7;;;;;;290.0;9.3;1.1
2022/11/10;2100 UTC;0.0;988.1;988.5;988.1;70.1;26.3;;26.7;25.8;;;;;;152.0;7.8;0.4
2022/11/10;2200 UTC;0.0;989.1;989.1;988.1;;24.8;;26.2;24.8;;;;;;120.0;1.9;0.0
2022/11/10;2300 UTC;0.0;989.7;989.7;989.0;;24.8;;25.1;24.5;;;;;;142.0;2.7;0.0
2022/11/11;0000 UTC;0.0;990.1;990.1;989.7;;24.1;;24.8;24.0;;;;;;101.0;0.3;0.0
2022/11/11;0100 UTC;0.0;990.8;990.9;990.1;;24.1;;24.1;24.0;;;;;;318.0;0.3;0.0
2022/11/11;0200 UTC;0.0;990.5;990.8;990.5;;23.6;;24.1;23.5;;;;;;137.0;0.3;0.0
2022/11/11;0300 UTC;0.0;990.4;990.5;990.3;;22.9;;23.6;22.9;;;;;;102.0;0.0;0.0
2022/11/11;0400 UTC;0.0;989.4;990.4;989.4;;22.1;;22.9;22.1;;;;;;118.0;1.6;1.0
2022/11/11;0500 UTC;0.0;988.8;989.4;988.8;;21.9;;22.1;21.8;;;;;;118.0;1.9;0.7
2022/11/11;0600 UTC;0.0;988.5;988.8;988.5;;21.8;;22.1;21.8;;;;;;118.0;1.3;0.0
2022/11/11;0700 UTC;0.0;988.7;988.7;988.3;;21.5;;22.2;21.5;;;;;;145.0;0.0;0.0
2022/11/11;0800 UTC;0.0;989.1;989.1;988.7;;21.4;;22.0;21.4;;;;;;158.0;1.3;0.0
2022/11/11;0900 UTC;0.0;989.6;989.7;989.1;21.5;21.5;;21.5;21.1;;;;;;55.0;0.9;0.0
2022/11/11;1000 UTC;0.0;990.4;990.5;989.7;465.7;23.8;;23.8;21.5;;;;;;118.0;0.0;0.0
2022/11/11;1100 UTC;0.0;990.8;990.8;990.4;1316.1;26.8;;26.8;23.7;;;;;;98.0;1.0;0.0
2022/11/11;1200 UTC;0.0;991.4;991.4;990.8;2149.9;28.8;;28.9;26.6;;;;;;9.0;1.9;0.2
2022/11/11;1300 UTC;0.0;991.5;991.6;991.3;2751.4;30.9;;31.4;28.7;;;;;;186.0;2.2;0.1
2022/11/11;1400 UTC;0.0;991.1;991.6;991.1;3360.3;32.5;;32.9;30.8;;;;;;323.0;3.5;1.1
2022/11/11;1500 UTC;0.0;990.3;991.1;990.3;3418.5;33.1;;33.6;32.0;;;;;;267.0;5.2;1.4
2022/11/11;1600 UTC;0.0;988.9;990.3;988.9;3636.2;35.2;;35.2;33.1;;;;;;289.0;4.2;1.1
2022/11/11;1700 UTC;0.0;987.6;988.9;987.6;3119.1;35.6;;35.7;34.5;;;;;;307.0;4.3;0.7
2022/11/11;1800 UTC;0.0;986.5;987.6;986.5;2722.0;35.7;;36.1;34.7;;;;;;295.0;5.0;1.7
2022/11/11;1900 UTC;0.0;985.7;986.5;985.7;1036.6;33.9;;35.8;33.6;;;;;;33.0;5.9;2.3
2022/11/11;2000 UTC;0.0;985.9;985.9;985.5;369.6;32.6;;33.9;32.6;;;;;;21.0;5.9;2.4
2022/11/11;2100 UTC;0.0;986.6;986.8;985.9;151.1;30.3;;32.6;30.3;;;;;;1.0;5.9;1.0
2022/11/11;2200 UTC;0.0;987.0;987.0;986.5;;28.9;;30.3;28.9;;;;;;29.0;3.2;0.0
2022/11/11;2300 UTC;0.0;987.6;987.6;987.0;;27.3;;28.9;27.3;;;;;;131.0;1.1;0.1
2022/11/12;0000 UTC;0.0;988.3;988.3;987.6;;26.8;;27.6;26.8;;;;;;285.0;1.1;0.0
2022/11/12;0100 UTC;0.0;988.9;989.0;988.2;;26.3;;26.9;26.3;;;;;;319.0;1.3;0.0
2022/11/12;0200 UTC;0.0;988.8;988.9;988.8;;25.1;;26.3;25.1;;;;;;123.0;2.0;1.2
2022/11/12;0300 UTC;0.0;988.9;989.0;988.8;;25.1;;25.4;25.0;;;;;;108.0;1.9;0.0
2022/11/12;0400 UTC;0.0;988.5;988.9;988.5;;25.1;;25.4;25.1;;;;;;90.0;0.0;0.0
2022/11/12;0500 UTC;0.0;988.2;988.5;988.2;;25.1;;25.1;24.9;;;;;;91.0;0.0;0.0
2022/11/12;0600 UTC;0.0;987.9;988.3;987.9;;24.6;;25.1;24.6;;;;;;105.0;0.0;0.0
2022/11/12;0700 UTC;0.0;987.8;988.0;987.7;;24.1;;24.6;24.0;;;;;;128.0;0.0;0.0
2022/11/12;0800 UTC;0.0;988.5;988.5;987.8;;24.1;;24.3;24.0;;;;;;310.0;0.0;0.0
2022/11/12;0900 UTC;0.0;989.0;989.0;988.5;14.7;24.1;;24.2;23.8;;;;;;124.0;0.0;0.0
2022/11/12;1000 UTC;0.0;990.1;990.1;989.0;312.9;24.8;;24.8;23.8;;;;;;53.0;0.0;0.0
2022/11/12;1100 UTC;0.0;990.8;990.8;990.1;554.8;26.5;;26.5;24.8;;;;;;349.0;0.0;0.0
2022/11/12;1200 UTC;0.0;991.3;991.3;990.8;1085.4;27.8;;27.9;26.5;;;;;;188.0;3.8;1.7
2022/11/12;1300 UTC;0.0;991.4;991.5;991.3;2134.9;29.4;;29.7;27.8;;;;;;228.0;6.3;3.0
2022/11/12;1400 UTC;0.0;990.8;991.4;990.8;2868.6;30.2;;31.6;29.3;;;;;;245.0;5.4;2.8
2022/11/12;1500 UTC;0.0;989.8;990.8;989.8;2645.8;31.7;;32.3;29.9;;;;;;219.0;6.1;2.7
2022/11/12;1600 UTC;0.0;988.7;989.8;988.7;2889.9;33.1;;33.4;31.4;;;;;;231.0;6.9;3.8
2022/11/12;1700 UTC;0.0;987.2;988.7;987.2;3366.3;33.3;;33.9;32.5;;;;;;209.0;8.4;5.2
2022/11/12;1800 UTC;0.0;987.1;987.3;986.8;2859.2;32.3;;33.4;31.8;;;;;;187.0;11.2;6.1
2022/11/12;1900 UTC;0.0;988.5;989.1;987.1;499.3;22.9;;32.8;22.8;;;;;;5.0;17.1;4.6
2022/11/12;2000 UTC;0.0;989.3;989.3;987.8;29.8;23.7;;23.7;22.8;;;;;;334.0;8.2;0.1
2022/11/12;2100 UTC;0.0;988.3;989.4;988.3;12.4;23.2;;23.9;23.2;;;;;;79.0;2.3;0.2
2022/11/12;2200 UTC;0.0;989.4;989.4;988.3;;23.1;;23.5;23.0;;;;;;170.0;2.4;1.4
2022/11/12;2300 UTC;0.0;989.8;990.0;989.1;;23.2;;23.8;22.9;;;;;;147.0;5.8;0.5
2022/11/13;0000 UTC;0.0;990.1;990.2;989.8;;23.1;;23.4;23.0;;;;;;83.0;2.6;0.2
2022/11/13;0100 UTC;0.0;990.3;990.4;990.1;;22.8;;23.3;22.8;;;;;;121.0;1.8;0.5
2022/11/13;0200 UTC;0.0;989.9;990.3;989.9;;22.3;;22.8;22.3;;;;;;97.0;1.5;0.0
2022/11/13;0300 UTC;0.0;989.9;990.1;989.9;;22.3;;22.4;22.2;;;;;;108.0;1.3;0.0
2022/11/13;0400 UTC;0.0;989.0;989.9;989.0;;22.3;;22.4;22.2;;;;;;142.0;1.4;0.6
2022/11/13;0500 UTC;0.0;988.6;989.0;988.5;;21.7;;22.3;21.7;;;;;;149.0;1.4;0.0
2022/11/13;0600 UTC;0.0;988.0;988.5;987.9;;21.7;;22.0;21.7;;;;;;113.0;0.0;0.0
2022/11/13;0700 UTC;0.0;988.4;988.4;987.9;;22.0;;22.0;21.7;;;;;;238.0;0.0;0.0
2022/11/13;0800 UTC;0.0;988.7;988.7;988.4;;21.9;;22.0;21.6;;;;;;52.0;0.0;0.0
2022/11/13;0900 UTC;0.0;989.5;989.5;988.7;9.6;22.1;;22.1;21.8;;;;;;87.0;0.0;0.0
2022/11/13;1000 UTC;0.0;989.7;989.7;989.5;205.6;22.6;;22.6;22.1;;;;;;141.0;0.7;0.0
2022/11/13;1100 UTC;0.0;990.3;990.3;989.7;826.5;24.1;;24.1;22.6;;;;;;125.0;1.0;0.0
2022/11/13;1200 UTC;0.0;990.7;990.7;990.3;1716.3;26.2;;26.2;24.0;;;;;;126.0;1.8;0.3
2022/11/13;1300 UTC;0.0;990.7;990.8;990.7;2327.9;28.1;;28.3;26.1;;;;;;31.0;2.4;0.5
2022/11/13;1400 UTC;0.0;990.4;990.7;990.4;3072.0;30.1;;30.5;28.1;;;;;;338.0;3.3;1.3
2022/11/13;1500 UTC;0.0;989.4;990.4;989.4;2589.8;31.7;;31.8;29.6;;;;;;322.0;3.7;0.4
2022/11/13;1600 UTC;0.0;988.3;989.4;988.3;2881.7;32.0;;33.4;31.2;;;;;;346.0;5.4;1.9
2022/11/13;1700 UTC;0.0;987.2;988.3;987.1;3020.3;33.1;;34.0;32.0;;;;;;24.0;8.8;3.1
2022/11/13;1800 UTC;0.0;986.2;987.2;986.2;2573.4;33.7;;34.2;33.0;;;;;;14.0;8.8;3.2
2022/11/13;1900 UTC;0.0;985.8;986.3;985.7;1986.8;33.9;;34.1;33.5;;;;;;34.0;6.0;1.3
2022/11/13;2000 UTC;0.0;986.2;986.2;985.8;1099.5;33.4;;34.3;33.3;;;;;;279.0;6.9;0.2
2022/11/13;2100 UTC;0.0;986.9;986.9;986.2;87.3;29.0;;33.4;29.0;;;;;;167.0;7.0;1.3
2022/11/13;2200 UTC;0.0;987.3;987.3;986.9;;28.1;;29.0;28.1;;;;;;71.0;2.3;0.1
2022/11/13;2300 UTC;0.0;987.8;987.8;987.3;;27.2;;28.1;27.1;;;;;;104.0;1.0;0.0
2022/11/14;0000 UTC;0.0;988.9;988.9;987.8;;26.3;;27.2;26.2;;;;;;116.0;1.6;0.1
2022/11/14;0100 UTC;0.0;989.5;989.6;988.9;;25.7;;26.3;25.7;;;;;;152.0;1.0;0.0
2022/11/14;0200 UTC;0.0;989.6;989.7;989.5;;25.4;;25.8;25.3;;;;;;341.0;1.4;0.0
2022/11/14;0300 UTC;0.0;989.2;989.6;989.2;;24.6;;25.5;24.6;;;;;;125.0;0.8;0.1
2022/11/14;0400 UTC;0.0;988.6;989.2;988.6;;24.2;;24.6;24.2;;;;;;118.0;0.8;0.0
2022/11/14;0500 UTC;0.0;988.1;988.6;988.1;;23.7;;24.2;23.6;;;;;;81.0;0.0;0.0
2022/11/14;0600 UTC;0.0;987.7;988.1;987.7;;23.6;;23.8;23.6;;;;;;149.0;0.0;0.0
2022/11/14;0700 UTC;0.0;988.1;988.1;987.7;;22.9;;23.6;22.9;;;;;;118.0;0.9;0.5
2022/11/14;0800 UTC;0.0;988.3;988.3;988.1;;22.7;;22.9;22.7;;;;;;119.0;0.8;0.0
2022/11/14;0900 UTC;0.0;989.2;989.2;988.3;18.3;22.9;;22.9;22.4;;;;;;165.0;1.1;0.5
2022/11/14;1000 UTC;0.0;990.5;990.5;989.2;415.6;24.9;;25.0;22.9;;;;;;106.0;1.1;0.0
2022/11/14;1100 UTC;0.0;991.7;991.7;990.5;1084.1;26.9;;26.9;24.9;;;;;;24.0;4.1;2.1
2022/11/14;1200 UTC;0.0;992.2;992.3;991.7;1145.9;27.6;;27.8;26.6;;;;;;7.0;7.6;3.4
2022/11/14;1300 UTC;0.0;993.0;993.0;992.2;1277.7;28.0;;28.1;27.3;;;;;;16.0;7.7;2.0
2022/11/14;1400 UTC;0.0;992.6;993.2;992.6;1107.8;28.4;;29.1;27.8;;;;;;337.0;4.6;1.4
2022/11/14;1500 UTC;0.0;991.4;992.6;991.4;2553.3;31.1;;31.4;28.4;;;;;;6.0;6.1;1.0
2022/11/14;1600 UTC;0.0;989.7;991.4;989.7;2527.4;31.9;;32.6;31.1;;;;;;297.0;6.1;0.4
2022/11/14;1700 UTC;0.0;988.2;989.7;988.1;2472.9;32.8;;33.3;31.6;;;;;;313.0;4.1;0.4
2022/11/14;1800 UTC;0.0;987.6;988.1;987.5;2236.9;33.7;;34.3;32.7;;;;;;303.0;3.4;0.6
2022/11/14;1900 UTC;0.0;987.3;987.6;987.3;1989.2;33.8;;34.4;33.4;;;;;;221.0;3.8;0.0
2022/11/14;2000 UTC;0.0;987.3;987.3;987.0;656.1;32.6;;33.8;32.6;;;;;;291.0;1.8;0.0
2022/11/14;2100 UTC;0.0;987.4;987.7;987.3;146.3;30.0;;32.7;30.0;;;;;;21.0;6.8;0.0
2022/11/14;2200 UTC;0.0;988.1;988.1;987.4;;28.1;;30.0;28.1;;;;;;124.0;1.4;0.0
2022/11/14;2300 UTC;0.0;989.2;989.2;988.1;;27.7;;28.1;27.5;;;;;;51.0;2.9;0.9
2022/11/15;0000 UTC;0.0;990.1;990.1;989.2;;27.5;;28.2;27.1;;;;;;114.0;3.4;0.6
2022/11/15;0100 UTC;0.0;990.8;990.8;990.1;;26.2;;27.5;26.1;;;;;;165.0;2.2;0.0
2022/11/15;0200 UTC;0.0;990.8;991.0;990.7;;26.3;;26.3;25.6;;;;;;102.0;1.6;0.0
2022/11/15;0300 UTC;0.0;990.1;990.8;990.1;;24.8;;26.3;24.8;;;;;;69.0;0.0;0.0
2022/11/15;0400 UTC;0.0;990.2;990.2;989.8;;24.3;;24.8;24.1;;;;;;269.0;0.8;0.0
2022/11/15;0500 UTC;0.0;990.1;990.3;989.9;;24.0;;24.3;24.0;;;;;;18.0;1.4;0.1
2022/11/15;0600 UTC;0.0;989.8;990.1;989.8;;23.8;;24.0;23.4;;;;;;102.0;2.0;0.3
2022/11/15;0700 UTC;0.0;989.7;989.8;989.5;;23.6;;23.8;23.6;;;;;;115.0;1.5;0.0
2022/11/15;0800 UTC;0.0;990.3;990.3;989.7;;24.1;;24.1;23.6;;;;;;52.0;4.4;2.4
2022/11/15;0900 UTC;0.0;991.1;991.1;990.3;10.7;24.4;;24.4;24.1;;;;;;129.0;4.4;0.0
2022/11/15;1000 UTC;0.0;991.9;991.9;991.1;248.6;25.4;;25.4;24.4;;;;;;251.0;0.6;0.0
2022/11/15;1100 UTC;0.0;992.9;992.9;991.8;681.6;26.4;;26.6;25.4;;;;;;62.0;4.3;2.1
2022/11/15;1200 UTC;0.0;993.1;993.1;992.9;1165.6;27.9;;28.2;26.4;;;;;;64.0;6.2;2.8
2022/11/15;1300 UTC;0.0;993.1;993.3;993.1;1265.6;29.1;;29.3;27.7;;;;;;74.0;6.2;2.9
2022/11/15;1400 UTC;0.0;992.6;993.2;992.6;2265.4;30.9;;31.1;28.8;;;;;;61.0;8.2;3.8
2022/11/15;1500 UTC;0.0;991.9;992.7;991.8;2240.5;31.1;;31.5;29.7;;;;;;34.0;8.8;2.6
2022/11/15;1600 UTC;0.0;990.6;991.9;990.6;2396.6;32.4;;32.4;30.6;;;;;;34.0;6.3;2.6
2022/11/15;1700 UTC;0.0;989.1;990.6;989.1;1966.5;32.7;;32.9;31.7;;;;;;43.0;5.4;1.9
2022/11/15;1800 UTC;0.0;988.4;989.1;988.4;1767.0;33.4;;33.6;31.8;;;;;;356.0;5.9;2.1
2022/11/15;1900 UTC;0.0;988.1;988.4;988.0;1267.8;32.4;;33.7;31.8;;;;;;66.0;5.7;1.7
2022/11/15;2000 UTC;0.0;988.7;988.7;988.0;805.1;30.2;;32.6;30.2;;;;;;6.0;8.3;3.9
2022/11/15;2100 UTC;0.0;989.1;989.3;988.5;248.5;28.4;;30.2;28.4;;;;;;348.0;8.3;2.9
2022/11/15;2200 UTC;0.0;989.2;989.4;988.8;;26.9;;28.4;26.9;;;;;;41.0;4.6;0.9
2022/11/15;2300 UTC;0.0;990.3;990.3;989.2;;26.2;;26.9;26.2;;;;;;17.0;3.5;0.0
2022/11/16;0000 UTC;0.0;990.8;990.9;990.3;;25.9;;26.2;25.7;;;;;;136.0;0.4;0.0
2022/11/16;0100 UTC;0.0;991.4;991.4;990.8;;25.5;;25.9;25.4;;;;;;240.0;1.2;0.0
2022/11/16;0200 UTC;0.0;991.3;991.6;991.2;;24.8;;25.5;24.8;;;;;;23.0;1.6;0.0
2022/11/16;0300 UTC;0.0;990.4;991.3;990.3;;24.6;;24.8;24.4;;;;;;207.0;0.0;0.0
2022/11/16;0400 UTC;0.0;989.5;990.4;989.4;;23.8;;24.8;23.8;;;;;;124.0;0.0;0.0
2022/11/16;0500 UTC;0.0;988.9;989.5;988.9;;23.3;;24.0;23.3;;;;;;121.0;0.9;0.0
2022/11/16;0600 UTC;0.0;988.7;989.0;988.6;;22.9;;23.4;22.9;;;;;;99.0;0.0;0.0
2022/11/16;0700 UTC;0.0;988.9;988.9;988.7;;22.6;;22.9;22.6;;;;;;111.0;0.0;0.0
2022/11/16;0800 UTC;0.0;989.3;989.3;988.9;;22.6;;22.8;22.6;;;;;;226.0;0.0;0.0
2022/11/16;0900 UTC;0.0;989.9;989.9;989.3;13.0;22.3;;22.7;22.1;;;;;;118.0;0.5;0.0
2022/11/16;1000 UTC;0.0;990.9;990.9;989.9;485.0;24.9;;24.9;22.3;;;;;;95.0;0.3;0.0
2022/11/16;1100 UTC;0.0;991.9;991.9;990.9;879.5;26.1;;26.4;24.9;;;;;;41.0;1.2;0.1
2022/11/16;1200 UTC;0.0;992.1;992.2;991.9;1205.7;28.0;;28.0;26.1;;;;;;357.0;2.1;0.1
2022/11/16;1300 UTC;0.0;992.2;992.3;992.1;1083.1;28.1;;28.8;27.8;;;;;;23.0;6.0;2.9
2022/11/16;1400 UTC;0.0;991.7;992.2;991.7;3109.1;30.7;;31.1;28.2;;;;;;359.0;5.4;1.0
2022/11/16;1500 UTC;0.0;990.9;991.7;990.9;2122.5;30.7;;31.9;30.0;;;;;;293.0;3.9;0.3
2022/11/16;1600 UTC;0.0;989.6;990.9;989.6;2592.4;32.1;;33.7;30.6;;;;;;294.0;3.4;0.9
2022/11/16;1700 UTC;0.0;988.6;989.6;988.5;2737.8;32.4;;34.2;31.6;;;;;;298.0;5.6;0.9
2022/11/16;1800 UTC;0.0;987.9;988.6;987.9;1252.5;32.7;;33.3;31.2;;;;;;288.0;4.9;1.5
2022/11/16;1900 UTC;0.0;987.2;987.9;987.2;643.3;32.2;;32.9;31.6;;;;;;289.0;3.9;0.0
2022/11/16;2000 UTC;0.0;987.8;987.8;987.2;595.5;31.4;;32.4;31.4;;;;;;259.0;2.9;1.7
2022/11/16;2100 UTC;0.0;988.7;988.7;987.8;188.6;29.7;;31.4;29.7;;;;;;235.0;4.5;3.1
2022/11/16;2200 UTC;0.0;989.3;989.3;988.7;;28.5;;29.7;28.3;;;;;;142.0;4.5;0.0
2022/11/16;2300 UTC;0.0;990.0;990.0;989.3;;27.6;;28.5;27.6;;;;;;103.0;1.5;0.0
2022/11/17;0000 UTC;0.0;990.5;990.5;990.0;;26.8;;27.7;26.8;;;;;;112.0;0.0;0.0
2022/11/17;0100 UTC;0.0;990.9;990.9;990.5;;26.5;;26.8;26.4;;;;;;251.0;1.1;0.4
2022/11/17;0200 UTC;0.0;990.7;991.0;990.7;;26.3;;26.7;26.2;;;;;;256.0;1.1;0.0
2022/11/17;0300 UTC;0.0;989.9;990.7;989.9;;25.5;;26.3;25.5;;;;;;174.0;1.3;0.0
2022/11/17;0400 UTC;0.0;989.4;990.0;989.4;;25.1;;25.6;25.1;;;;;;181.0;0.9;0.0
2022/11/17;0500 UTC;0.0;988.6;989.4;988.6;;24.2;;25.1;24.1;;;;;;213.0;1.3;0.4
2022/11/17;0600 UTC;0.0;988.4;988.7;988.4;;23.4;;24.2;23.4;;;;;;166.0;1.3;0.0
2022/11/17;0700 UTC;0.0;988.2;988.4;988.2;;23.1;;23.5;23.1;;;;;;131.0;0.0;0.0
2022/11/17;0800 UTC;0.0;988.7;988.7;988.2;;22.7;;23.1;22.6;;;;;;130.0;0.9;0.0
2022/11/17;0900 UTC;0.0;989.2;989.2;988.6;30.8;22.3;;22.7;22.0;;;;;;122.0;0.6;0.0
2022/11/17;1000 UTC;0.0;989.8;989.8;989.1;490.9;25.1;;25.1;22.3;;;;;;101.0;0.0;0.0
2022/11/17;1100 UTC;0.0;990.5;990.5;989.8;1384.5;27.5;;27.5;25.1;;;;;;184.0;2.1;0.7
2022/11/17;1200 UTC;0.0;990.7;990.8;990.5;2114.0;30.2;;30.4;27.5;;;;;;130.0;2.3;0.2
2022/11/17;1300 UTC;0.0;990.0;990.7;990.0;2450.7;31.5;;32.2;30.0;;;;;;284.0;3.6;0.5
2022/11/17;1400 UTC;0.0;989.5;990.0;989.5;1951.1;32.0;;32.5;31.5;;;;;;339.0;5.4;2.7
2022/11/17;1500 UTC;0.0;988.7;989.6;988.7;2859.7;33.8;;34.1;31.7;;;;;;322.0;3.8;0.9
2022/11/17;1600 UTC;0.0;987.6;988.7;987.6;2504.1;33.7;;35.4;32.9;;;;;;26.0;4.2;1.0
2022/11/17;1700 UTC;0.0;986.3;987.6;986.3;754.1;32.5;;33.7;31.0;;;;;;192.0;5.4;0.0
2022/11/17;1800 UTC;0.0;985.6;986.3;985.4;392.1;30.4;;32.6;30.4;;;;;;294.0;4.5;0.2
2022/11/17;1900 UTC;0.0;986.1;986.1;985.3;156.4;28.0;;30.4;27.9;;;;;;71.0;9.3;2.0
2022/11/17;2000 UTC;0.0;986.6;986.6;986.0;81.9;26.7;;28.6;26.7;;;;;;87.0;6.0;2.3
2022/11/17;2100 UTC;0.0;988.0;988.0;986.6;58.1;25.3;;26.7;25.3;;;;;;142.0;10.8;4.3
2022/11/17;2200 UTC;0.0;987.8;988.2;987.8;;24.6;;25.2;24.6;;;;;;336.0;6.4;1.6
2022/11/17;2300 UTC;0.0;988.8;988.8;987.7;;24.4;;24.6;24.4;;;;;;350.0;3.1;1.3
2022/11/18;0000 UTC;0.0;989.6;989.6;988.8;;24.7;;24.7;24.4;;;;;;235.0;2.3;0.0
2022/11/18;0100 UTC;0.0;989.9;989.9;989.6;;24.0;;24.7;24.0;;;;;;115.0;1.9;1.1
2022/11/18;0200 UTC;0.0;991.0;991.1;989.9;;23.9;;24.0;23.8;;;;;;126.0;6.7;2.8
2022/11/18;0300 UTC;0.0;989.6;991.0;989.6;;23.4;;23.8;23.4;;;;;;130.0;6.2;0.2
2022/11/18;0400 UTC;0.0;988.7;989.6;988.7;;23.4;;23.4;23.3;;;;;;251.0;2.0;0.0
2022/11/18;0500 UTC;0.0;988.3;988.7;988.2;;23.4;;23.4;23.3;;;;;;215.0;0.9;0.0
2022/11/18;0600 UTC;0.0;988.2;988.3;988.1;;23.1;;23.4;23.0;;;;;;86.0;1.6;0.0
2022/11/18;0700 UTC;0.0;988.7;988.7;988.2;;22.9;;23.2;22.9;;;;;;164.0;3.1;0.1
2022/11/18;0800 UTC;0.0;989.4;989.4;988.7;;23.0;;23.0;22.9;;;;;;175.0;1.5;0.0
2022/11/18;0900 UTC;0.0;990.0;990.1;989.4;9.0;23.1;;23.2;22.9;;;;;;43.0;0.7;0.0
2022/11/18;1000 UTC;0.0;990.6;990.6;990.0;385.4;23.9;;23.9;22.9;;;;;;82.0;1.6;0.3
2022/11/18;1100 UTC;0.0;991.3;991.4;990.6;535.6;24.5;;24.5;23.8;;;;;;62.0;2.1;0.7
2022/11/18;1200 UTC;0.0;991.9;991.9;991.3;972.0;25.6;;25.7;24.5;;;;;;2.0;4.3;2.2
2022/11/18;1300 UTC;0.0;992.1;992.3;991.9;1201.2;25.5;;25.9;25.1;;;;;;336.0;4.3;1.6
2022/11/18;1400 UTC;0.0;992.0;992.4;992.0;1286.5;26.6;;26.8;25.3;;;;;;327.0;5.3;0.3
2022/11/18;1500 UTC;0.0;991.1;992.0;991.1;1118.3;26.4;;26.7;25.8;;;;;;359.0;5.0;3.1
2022/11/18;1600 UTC;0.0;990.1;991.1;990.1;1632.6;27.6;;27.6;26.4;;;;;;20.0;5.9;2.5
2022/11/18;1700 UTC;0.0;988.5;990.1;988.5;3662.3;28.7;;29.3;27.1;;;;;;354.0;7.3;4.3
2022/11/18;1800 UTC;0.0;987.6;988.5;987.5;2876.8;30.1;;30.1;28.4;;;;;;23.0;7.2;2.6
2022/11/18;1900 UTC;0.0;987.3;987.6;987.3;1661.6;28.7;;30.6;28.6;;;;;;353.0;6.8;3.9
2022/11/18;2000 UTC;0.0;987.3;987.3;987.0;1144.0;28.3;;29.4;28.1;;;;;;1.0;5.9;2.4
2022/11/18;2100 UTC;0.0;987.6;987.7;987.3;192.2;26.9;;28.4;26.9;;;;;;15.0;4.3;1.2
2022/11/18;2200 UTC;0.0;988.7;988.7;987.6;;26.2;;26.9;26.1;;;;;;352.0;3.7;0.0
2022/11/18;2300 UTC;0.0;989.8;989.8;988.8;;25.7;;26.2;25.7;;;;;;350.0;2.0;0.0
2022/11/19;0000 UTC;0.0;990.0;990.1;989.8;;24.8;;25.7;24.7;;;;;;92.0;1.1;0.0
2022/11/19;0100 UTC;0.0;990.6;990.6;990.0;;24.9;;24.9;24.6;;;;;;108.0;0.0;0.0
2022/11/19;0200 UTC;0.0;990.5;990.9;990.5;;24.3;;24.9;24.3;;;;;;99.0;0.0;0.0
2022/11/19;0300 UTC;0.0;990.1;990.5;990.1;;24.3;;24.6;24.3;;;;;;151.0;0.0;0.0
2022/11/19;0400 UTC;0.0;989.5;990.2;989.5;;23.7;;24.3;23.7;;;;;;238.0;0.0;0.0
2022/11/19;0500 UTC;0.0;988.8;989.5;988.8;;23.1;;23.7;23.1;;;;;;123.0;0.0;0.0
2022/11/19;0600 UTC;0.0;988.9;988.9;988.6;;23.3;;23.3;22.7;;;;;;262.0;0.0;0.0
2022/11/19;0700 UTC;0.0;988.7;988.9;988.6;;23.3;;23.5;23.1;;;;;;71.0;0.0;0.0
2022/11/19;0800 UTC;0.0;989.5;989.5;988.8;;23.6;;23.7;23.3;;;;;;256.0;0.0;0.0
2022/11/19;0900 UTC;0.0;990.1;990.1;989.5;6.4;23.8;;23.8;23.6;;;;;;44.0;0.0;0.0
2022/11/19;1000 UTC;0.0;991.1;991.1;990.1;178.9;24.4;;24.4;23.8;;;;;;52.0;0.0;0.0
2022/11/19;1100 UTC;0.0;991.8;991.8;991.1;556.2;25.7;;25.7;24.4;;;;;;5.0;3.0;1.5
2022/11/19;1200 UTC;0.0;992.7;992.7;991.8;1021.6;26.6;;26.8;25.7;;;;;;349.0;5.7;3.0
2022/11/19;1300 UTC;0.0;992.8;993.0;992.7;1554.3;27.7;;27.9;26.5;;;;;;5.0;6.8;3.2
2022/11/19;1400 UTC;0.0;991.9;992.8;991.9;2261.9;28.6;;29.2;27.0;;;;;;17.0;6.0;3.0
2022/11/19;1500 UTC;0.0;991.3;991.9;991.2;2308.4;29.4;;29.4;27.5;;;;;;341.0;5.8;1.9
2022/11/19;1600 UTC;0.0;990.0;991.3;990.0;1684.2;28.8;;29.5;27.7;;;;;;144.0;5.4;3.4
2022/11/19;1700 UTC;0.0;989.1;990.7;989.1;285.9;22.4;;28.8;21.3;;;;;;108.0;11.2;3.1
2022/11/19;1800 UTC;0.0;989.2;989.2;988.5;355.7;23.3;;24.0;22.4;;;;;;355.0;8.1;3.1
2022/11/19;1900 UTC;0.0;989.8;989.8;988.9;52.3;22.5;;23.3;22.4;;;;;;218.0;5.9;1.3
2022/11/19;2000 UTC;0.0;989.7;990.1;989.6;19.9;22.6;;22.8;22.5;;;;;;230.0;2.9;1.6
2022/11/19;2100 UTC;0.0;990.2;990.3;989.7;19.8;22.5;;22.7;22.4;;;;;;195.0;5.1;2.8
2022/11/19;2200 UTC;0.0;990.7;990.7;989.7;;22.4;;22.6;22.4;;;;;;57.0;4.2;0.3
2022/11/19;2300 UTC;0.0;991.0;991.0;990.7;;22.5;;22.6;22.4;;;;;;158.0;1.6;0.0
2022/11/20;0000 UTC;0.0;992.3;992.4;991.0;;22.8;;22.8;22.4;;;;;;333.0;6.0;3.0
2022/11/20;0100 UTC;0.0;992.0;992.3;991.9;;22.6;;22.9;22.6;;;;;;125.0;6.4;2.2
2022/11/20;0200 UTC;0.0;992.4;992.5;992.0;;22.5;;22.7;22.4;;;;;;119.0;2.9;0.8
2022/11/20;0300 UTC;0.0;992.2;992.5;992.2;;22.4;;22.5;22.3;;;;;;129.0;3.0;2.3
2022/11/20;0400 UTC;0.0;991.5;992.2;991.5;;22.2;;22.5;22.1;;;;;;104.0;3.8;2.3
2022/11/20;0500 UTC;0.0;990.7;991.5;990.7;;22.0;;22.2;22.0;;;;;;109.0;3.8;1.3
2022/11/20;0600 UTC;0.0;989.7;990.7;989.7;;21.8;;22.0;21.8;;;;;;130.0;2.7;1.9
2022/11/20;0700 UTC;0.0;989.5;989.7;989.5;;21.8;;21.9;21.7;;;;;;76.0;2.7;0.0
2022/11/20;0800 UTC;0.0;989.7;989.8;989.5;;21.8;;21.8;21.6;;;;;;269.0;0.0;0.0
2022/11/20;0900 UTC;0.0;989.9;990.0;989.7;0.7;21.9;;21.9;21.7;;;;;;214.0;1.7;0.3
2022/11/20;1000 UTC;0.0;991.3;991.3;989.9;226.6;22.3;;22.3;21.9;;;;;;21.0;1.9;0.0
2022/11/20;1100 UTC;0.0;991.9;991.9;991.3;800.1;23.4;;23.4;22.2;;;;;;28.0;3.3;1.0
2022/11/20;1200 UTC;0.0;992.5;992.5;991.8;1071.3;24.2;;24.3;23.3;;;;;;49.0;4.9;1.4
2022/11/20;1300 UTC;0.0;992.1;992.6;992.1;1913.4;25.9;;26.0;24.1;;;;;;54.0;3.3;0.4
2022/11/20;1400 UTC;0.0;991.6;992.1;991.6;2930.9;28.0;;28.0;25.9;;;;;;198.0;3.4;0.5
2022/11/20;1500 UTC;0.0;990.7;991.6;990.7;3340.4;29.9;;30.0;27.9;;;;;;312.0;5.3;0.5
2022/11/20;1600 UTC;0.0;989.4;990.7;989.4;3341.4;31.3;;31.3;29.8;;;;;;322.0;3.9;1.2
2022/11/20;1700 UTC;0.0;988.3;989.4;988.3;3364.7;31.6;;31.9;30.9;;;;;;89.0;3.7;0.5
2022/11/20;1800 UTC;0.0;987.3;988.3;987.3;2559.1;32.6;;32.7;31.2;;;;;;264.0;4.2;0.3
2022/11/20;1900 UTC;0.0;987.1;987.4;987.1;2097.0;32.3;;32.8;32.0;;;;;;222.0;3.3;1.5
2022/11/20;2000 UTC;0.0;987.1;987.1;987.0;1157.3;31.4;;32.7;31.4;;;;;;333.0;2.7;0.8
2022/11/20;2100 UTC;0.0;987.4;987.4;987.0;483.5;31.3;;32.3;31.3;;;;;;182.0;2.6;0.0
2022/11/20;2200 UTC;0.0;988.3;988.3;987.4;1.2;26.0;;31.2;26.0;;;;;;137.0;7.0;2.0
2022/11/20;2300 UTC;0.0;989.2;989.2;988.3;;25.2;;26.1;25.1;;;;;;103.0;2.9;0.8
2022/11/21;0000 UTC;0.0;989.9;989.9;989.2;;24.6;;25.2;24.6;;;;;;116.0;1.8;0.0
2022/11/21;0100 UTC;0.0;990.5;990.5;989.9;;24.8;;24.8;24.3;;;;;;135.0;1.8;0.0
2022/11/21;0200 UTC;0.0;990.3;990.5;990.3;;24.3;;24.8;24.2;;;;;;135.0;0.0;0.0
2022/11/21;0300 UTC;0.0;989.8;990.3;989.8;;23.8;;24.4;23.8;;;;;;111.0;1.6;0.0
2022/11/21;0400 UTC;0.0;989.0;989.8;989.0;;23.2;;23.8;23.2;;;;;;324.0;0.0;0.0
2022/11/21;0500 UTC;0.0;988.4;989.0;988.4;;22.9;;23.3;22.9;;;;;;192.0;0.0;0.0
2022/11/21;0600 UTC;0.0;987.5;988.4;987.5;;22.3;;23.0;22.3;;;;;;125.0;0.0;0.0
2022/11/21;0700 UTC;0.0;987.5;987.5;987.4;;21.8;;22.3;21.8;;;;;;108.0;0.0;0.0
2022/11/21;0800 UTC;0.0;988.0;988.0;987.5;;21.3;;21.8;21.3;;;;;;123.0;1.4;0.0
2022/11/21;0900 UTC;0.0;988.5;988.5;988.0;17.5;21.2;;21.3;21.0;;;;;;96.0;0.0;0.0
2022/11/21;1000 UTC;0.0;989.2;989.2;988.5;473.2;24.0;;24.0;21.2;;;;;;108.0;0.0;0.0
2022/11/21;1100 UTC;0.0;989.7;989.7;989.2;1318.2;26.4;;26.4;23.9;;;;;;114.0;2.1;0.8
2022/11/21;1200 UTC;0.0;990.3;990.3;989.7;2159.4;28.5;;28.5;26.3;;;;;;132.0;2.8;0.5
2022/11/21;1300 UTC;0.0;990.1;990.4;990.1;2816.5;30.0;;30.2;28.3;;;;;;128.0;6.6;1.7
2022/11/21;1400 UTC;0.0;989.1;990.1;989.1;3114.8;32.0;;32.1;30.0;;;;;;49.0;6.1;2.8
2022/11/21;1500 UTC;0.0;988.4;989.1;988.4;2980.7;32.5;;32.7;31.2;;;;;;98.0;6.9;2.7
2022/11/21;1600 UTC;0.0;987.5;988.4;987.5;2150.1;33.0;;33.3;31.5;;;;;;4.0;6.7;3.0
2022/11/21;1700 UTC;0.0;986.2;987.5;986.2;1789.9;33.4;;34.0;31.7;;;;;;46.0;6.5;1.6
2022/11/21;1800 UTC;0.0;985.4;986.2;985.4;2310.9;33.3;;34.2;32.8;;;;;;31.0;7.1;2.1
2022/11/21;1900 UTC;0.0;984.8;985.4;984.7;1672.0;34.0;;34.2;33.0;;;;;;27.0;6.6;2.8
2022/11/21;2000 UTC;0.0;984.7;984.8;984.5;1244.4;33.6;;34.2;33.6;;;;;;12.0;6.1;1.6
2022/11/21;2100 UTC;0.0;985.4;985.4;984.7;225.8;31.2;;33.5;31.2;;;;;;46.0;6.1;0.6
2022/11/21;2200 UTC;0.0;986.2;986.2;985.4;;28.4;;31.2;28.4;;;;;;110.0;2.9;0.1
2022/11/21;2300 UTC;0.0;986.9;986.9;986.2;;26.6;;28.3;26.6;;;;;;121.0;0.7;0.0
2022/11/22;0000 UTC;0.0;987.6;987.6;986.9;;26.0;;26.6;26.0;;;;;;122.0;0.0;0.0
2022/11/22;0100 UTC;0.0;988.2;988.3;987.6;;25.5;;26.1;25.5;;;;;;159.0;0.0;0.0
2022/11/22;0200 UTC;0.0;988.2;988.3;988.2;;24.4;;25.5;24.4;;;;;;146.0;1.6;0.0
2022/11/22;0300 UTC;0.0;988.2;988.4;988.2;;24.1;;24.4;24.1;;;;;;182.0;0.9;0.0
2022/11/22;0400 UTC;0.0;988.1;988.2;988.1;;23.6;;24.2;23.6;;;;;;107.0;0.0;0.0
2022/11/22;0500 UTC;0.0;987.7;988.1;987.7;;22.8;;23.6;22.8;;;;;;116.0;0.0;0.0
2022/11/22;0600 UTC;0.0;987.4;987.7;987.4;;22.9;;22.9;22.7;;;;;;77.0;0.0;0.0
2022/11/22;0700 UTC;0.0;988.1;988.1;987.4;;22.9;;23.0;22.9;;;;;;124.0;0.0;0.0
2022/11/22;0800 UTC;0.0;988.5;988.5;988.1;;22.2;;22.9;22.2;;;;;;113.0;0.0;0.0
2022/11/22;0900 UTC;0.0;989.2;989.2;988.5;17.1;22.4;;22.4;22.2;;;;;;86.0;1.1;0.0
2022/11/22;1000 UTC;0.0;990.1;990.1;989.2;407.3;24.2;;24.3;22.4;;;;;;138.0;0.0;0.0
2022/11/22;1100 UTC;0.0;990.6;990.6;990.1;967.9;26.6;;26.6;24.2;;;;;;79.0;1.7;0.0
2022/11/22;1200 UTC;0.0;990.8;990.9;990.6;2058.3;28.2;;28.8;26.6;;;;;;4.0;6.7;3.2
2022/11/22;1300 UTC;0.0;990.5;990.8;990.4;2814.2;29.5;;30.2;28.2;;;;;;17.0;6.7;1.8
2022/11/22;1400 UTC;0.0;989.5;990.4;989.5;2432.3;30.2;;30.9;29.1;;;;;;27.0;4.8;0.9
2022/11/22;1500 UTC;0.0;988.4;989.5;988.4;2901.7;32.4;;32.4;30.2;;;;;;340.0;4.4;0.0
2022/11/22;1600 UTC;0.0;987.0;988.4;987.0;3253.2;33.0;;33.2;31.8;;;;;;119.0;6.7;4.2
2022/11/22;1700 UTC;0.0;985.7;987.0;985.7;2242.8;32.7;;33.5;32.3;;;;;;352.0;6.7;0.1
2022/11/22;1800 UTC;0.0;985.1;985.7;985.0;1250.3;31.5;;33.7;31.5;;;;;;248.0;4.1;0.2
2022/11/22;1900 UTC;0.0;984.7;985.1;984.6;1252.2;32.7;;33.0;31.2;;;;;;356.0;3.4;0.2
2022/11/22;2000 UTC;0.0;984.9;984.9;984.6;900.3;31.3;;33.0;31.3;;;;;;58.0;6.1;0.6
2022/11/22;2100 UTC;0.0;985.1;985.1;984.8;111.2;29.5;;31.3;29.2;;;;;;197.0;2.9;0.0
2022/11/22;2200 UTC;0.0;985.9;985.9;985.1;;27.8;;29.5;27.6;;;;;;147.0;5.8;0.4
2022/11/22;2300 UTC;0.0;986.5;986.5;985.9;;27.1;;27.8;26.9;;;;;;8.0;2.0;0.0
2022/11/23;0000 UTC;0.0;987.3;987.3;986.4;;25.5;;27.1;25.5;;;;;;243.0;1.4;0.0
2022/11/23;0100 UTC;0.0;988.0;988.0;987.2;;25.2;;25.9;25.2;;;;;;102.0;0.0;0.0
2022/11/23;0200 UTC;0.0;988.3;988.3;987.9;;24.9;;25.2;24.7;;;;;;140.0;0.0;0.0
2022/11/23;0300 UTC;0.0;987.9;988.3;987.9;;24.6;;25.1;24.6;;;;;;85.0;0.0;0.0
2022/11/23;0400 UTC;0.0;987.4;987.9;987.4;;24.3;;24.8;24.3;;;;;;118.0;0.0;0.0
2022/11/23;0500 UTC;0.0;987.0;987.5;987.0;;24.3;;24.5;24.3;;;;;;104.0;0.0;0.0
2022/11/23;0600 UTC;0.0;986.7;987.0;986.6;;24.2;;24.3;24.1;;;;;;123.0;0.0;0.0
2022/11/23;0700 UTC;0.0;986.8;986.8;986.6;;23.8;;24.2;23.8;;;;;;24.0;0.0;0.0
2022/11/23;0800 UTC;0.0;987.1;987.1;986.7;;23.2;;23.8;23.2;;;;;;120.0;0.0;0.0
2022/11/23;0900 UTC;0.0;987.4;987.4;987.0;20.0;23.0;;23.2;22.9;;;;;;286.0;0.0;0.0
2022/11/23;1000 UTC;0.0;988.2;988.2;987.4;461.9;25.4;;25.5;23.0;;;;;;44.0;0.0;0.0
2022/11/23;1100 UTC;0.0;988.8;988.8;988.2;1260.5;27.5;;27.5;25.1;;;;;;218.0;0.0;0.0
2022/11/23;1200 UTC;0.0;989.3;989.4;988.8;1888.8;29.7;;29.7;27.5;;;;;;177.0;0.0;0.0
2022/11/23;1300 UTC;0.0;989.2;989.4;989.2;2575.3;30.6;;31.2;29.7;;;;;;356.0;5.9;3.2
2022/11/23;1400 UTC;0.0;988.7;989.2;988.7;1969.8;31.4;;31.6;30.2;;;;;;343.0;6.2;2.1
2022/11/23;1500 UTC;0.0;987.9;988.7;987.9;2467.1;32.5;;33.0;31.4;;;;;;42.0;6.4;3.4
2022/11/23;1600 UTC;0.0;986.5;987.9;986.5;3086.9;34.2;;34.2;32.5;;;;;;30.0;6.6;2.2
2022/11/23;1700 UTC;0.0;985.3;986.5;985.3;2761.8;34.6;;35.1;33.3;;;;;;39.0;7.1;2.5
2022/11/23;1800 UTC;0.0;984.5;985.3;984.5;1123.8;33.0;;34.6;32.2;;;;;;34.0;7.0;2.3
2022/11/23;1900 UTC;0.0;984.0;984.6;984.0;1309.5;32.8;;33.5;32.6;;;;;;17.0;7.0;2.7
2022/11/23;2000 UTC;0.0;984.1;984.4;984.0;666.1;32.4;;33.3;32.3;;;;;;42.0;6.9;1.9
2022/11/23;2100 UTC;0.0;985.2;985.2;984.0;134.4;30.6;;32.4;30.6;;;;;;29.0;4.5;0.0
2022/11/23;2200 UTC;0.0;986.2;986.2;985.2;;28.3;;30.6;28.3;;;;;;192.0;5.3;3.0
2022/11/23;2300 UTC;0.0;987.5;987.5;986.2;;26.9;;28.3;26.9;;;;;;219.0;4.8;0.0
2022/11/24;0000 UTC;0.0;988.1;988.2;987.5;;26.4;;26.9;26.2;;;;;;268.0;0.0;0.0
2022/11/24;0100 UTC;0.0;988.2;988.3;988.0;;25.4;;26.4;25.3;;;;;;181.0;0.0;0.0
2022/11/24;0200 UTC;0.0;988.6;988.7;988.2;;25.3;;25.5;25.3;;;;;;23.0;0.0;0.0
2022/11/24;0300 UTC;0.0;988.4;988.8;988.4;;25.1;;25.3;25.0;;;;;;165.0;0.0;0.0
2022/11/24;0400 UTC;0.0;987.4;988.5;987.4;;24.9;;25.2;24.8;;;;;;101.0;0.0;0.0
2022/11/24;0500 UTC;0.0;986.8;987.4;986.8;;25.0;;25.0;24.7;;;;;;264.0;0.0;0.0
2022/11/24;0600 UTC;0.0;987.2;987.2;986.8;;25.3;;25.4;24.9;;;;;;234.0;5.3;3.5
2022/11/24;0700 UTC;0.0;987.4;987.4;987.2;;23.7;;25.3;23.7;;;;;;198.0;7.4;4.0
2022/11/24;0800 UTC;0.0;987.7;987.8;987.4;;23.5;;23.7;23.5;;;;;;196.0;6.2;1.4
2022/11/24;0900 UTC;0.0;988.3;988.3;987.7;;23.4;;23.5;23.3;;;;;;162.0;3.7;0.6
2022/11/24;1000 UTC;0.0;989.2;989.2;988.3;50.0;23.7;;23.7;23.4;;;;;;142.0;2.0;0.0
2022/11/24;1100 UTC;0.0;989.9;990.0;989.2;257.9;24.1;;24.2;23.6;;;;;;153.0;1.6;0.0
2022/11/24;1200 UTC;0.0;990.3;990.3;989.9;548.5;25.2;;25.2;24.1;;;;;;94.0;0.0;0.0
2022/11/24;1300 UTC;0.0;990.5;990.6;990.3;807.4;25.8;;25.9;25.1;;;;;;113.0;2.4;0.9
2022/11/24;1400 UTC;0.0;990.1;990.5;990.1;1676.9;27.4;;27.4;25.8;;;;;;54.0;3.2;0.2
2022/11/24;1500 UTC;0.0;989.3;990.1;989.3;2136.2;29.6;;29.6;27.4;;;;;;315.0;3.3;0.5
2022/11/24;1600 UTC;0.0;988.3;989.3;988.3;1942.3;30.1;;30.5;29.3;;;;;;319.0;3.5;0.6
2022/11/24;1700 UTC;0.0;987.2;988.3;987.2;1303.9;30.6;;30.7;29.4;;;;;;305.0;3.1;0.4
2022/11/24;1800 UTC;0.0;985.7;987.2;985.7;2036.3;31.8;;31.9;30.4;;;;;;330.0;2.6;0.4
2022/11/24;1900 UTC;0.0;985.0;985.7;985.0;1567.7;30.8;;32.2;30.8;;;;;;273.0;2.5;0.3
2022/11/24;2000 UTC;0.0;984.9;985.0;984.6;370.5;30.1;;30.8;30.0;;;;;;251.0;1.6;0.0
2022/11/24;2100 UTC;0.0;985.2;985.2;984.9;58.6;28.9;;30.1;28.8;;;;;;259.0;0.0;0.0
2022/11/24;2200 UTC;0.0;986.5;986.5;985.2;;27.8;;28.9;27.7;;;;;;270.0;1.3;0.0
2022/11/24;2300 UTC;0.0;987.7;987.7;986.5;;27.4;;27.8;27.4;;;;;;295.0;1.5;0.1
2022/11/25;0000 UTC;0.0;988.8;988.8;987.8;;26.8;;27.4;26.8;;;;;;256.0;4.3;2.3
2022/11/25;0100 UTC;0.0;989.5;989.5;988.8;;26.4;;26.9;26.4;;;;;;276.0;4.2;1.6
2022/11/25;0200 UTC;0.0;989.9;989.9;989.5;;26.2;;26.5;26.2;;;;;;296.0;4.3;0.4
2022/11/25;0300 UTC;0.0;990.0;990.0;989.8;;25.9;;26.2;25.8;;;;;;299.0;2.9;0.1
2022/11/25;0400 UTC;0.0;989.4;990.1;989.4;;25.8;;26.1;25.8;;;;;;296.0;6.5;0.1
2022/11/25;0500 UTC;0.0;988.6;989.4;988.6;;25.0;;25.8;25.0;;;;;;290.0;3.7;0.5
2022/11/25;0600 UTC;0.0;988.0;988.6;988.0;;24.6;;25.0;24.5;;;;;;284.0;3.1;0.1
2022/11/25;0700 UTC;0.0;988.3;988.3;988.0;;24.7;;24.7;24.5;;;;;;242.0;2.0;0.9
2022/11/25;0800 UTC;0.0;988.7;988.7;988.3;;24.4;;24.7;24.4;;;;;;268.0;4.1;2.7
2022/11/25;0900 UTC;0.0;989.5;989.5;988.7;2.3;24.1;;24.4;24.1;;;;;;265.0;4.7;1.1
2022/11/25;1000 UTC;0.0;990.1;990.1;989.5;282.1;25.1;;25.1;24.1;;;;;;261.0;4.0;2.2
2022/11/25;1100 UTC;0.0;990.8;990.8;990.1;966.8;25.8;;26.1;25.1;;;;;;260.0;5.9;2.6
2022/11/25;1200 UTC;0.0;991.8;991.8;990.8;442.3;26.3;;26.3;25.7;;;;;;321.0;4.4;0.0
2022/11/25;1300 UTC;0.0;991.9;992.0;991.8;871.0;26.7;;26.9;26.2;;;;;;8.0;2.9;0.9
2022/11/25;1400 UTC;0.0;991.5;991.9;991.4;1117.8;26.7;;27.5;26.6;;;;;;20.0;4.5;0.9
2022/11/25;1500 UTC;0.0;991.1;991.7;991.1;368.3;24.5;;26.7;24.0;;;;;;149.0;4.1;1.9
2022/11/25;1600 UTC;0.0;990.5;991.2;990.5;309.5;24.8;;24.9;24.5;;;;;;151.0;4.0;2.8
2022/11/25;1700 UTC;0.0;989.7;990.5;989.6;322.3;24.7;;24.8;24.5;;;;;;104.0;5.9;3.2
2022/11/25;1800 UTC;0.0;988.7;989.7;988.7;187.5;24.2;;24.8;24.0;;;;;;111.0;5.3;2.3
2022/11/25;1900 UTC;0.0;988.5;988.8;988.5;263.8;24.8;;24.9;24.2;;;;;;147.0;4.3;3.0
2022/11/25;2000 UTC;0.0;988.9;989.2;988.4;98.1;24.7;;24.9;24.7;;;;;;8.0;4.8;1.0
2022/11/25;2100 UTC;0.0;989.0;989.1;988.7;21.8;23.4;;24.7;23.3;;;;;;216.0;4.2;0.0
2022/11/25;2200 UTC;0.0;989.4;989.4;989.0;;24.0;;24.0;23.3;;;;;;152.0;1.9;0.8
2022/11/25;2300 UTC;0.0;990.3;990.5;989.4;;24.0;;24.1;23.9;;;;;;215.0;2.0;0.0
2022/11/26;0000 UTC;0.0;990.8;990.8;990.3;;23.9;;24.1;23.9;;;;;;163.0;0.9;0.0
2022/11/26;0100 UTC;0.0;991.5;991.5;990.8;;23.9;;23.9;23.7;;;;;;191.0;0.9;0.1
2022/11/26;0200 UTC;0.0;991.3;991.6;991.3;;23.8;;24.0;23.8;;;;;;136.0;1.6;0.4
2022/11/26;0300 UTC;0.0;990.9;991.3;990.9;;23.5;;23.9;23.5;;;;;;104.0;1.8;0.1
2022/11/26;0400 UTC;0.0;990.0;990.9;990.0;;23.4;;23.5;23.4;;;;;;129.0;1.0;0.0
2022/11/26;0500 UTC;0.0;989.1;990.0;989.1;;23.3;;23.4;23.2;;;;;;192.0;0.0;0.0
2022/11/26;0600 UTC;0.0;988.8;989.1;988.8;;23.1;;23.3;23.1;;;;;;42.0;1.7;0.0
2022/11/26;0700 UTC;0.0;989.2;989.2;988.8;;23.1;;23.1;23.0;;;;;;137.0;0.0;0.0
2022/11/26;0800 UTC;0.0;989.5;989.5;989.2;;23.1;;23.1;23.0;;;;;;129.0;0.0;0.0
2022/11/26;0900 UTC;0.0;990.1;990.1;989.5;22.7;23.0;;23.1;23.0;;;;;;83.0;0.0;0.0
2022/11/26;1000 UTC;0.0;991.1;991.1;990.0;240.6;23.6;;23.6;23.0;;;;;;66.0;0.0;0.0
2022/11/26;1100 UTC;0.0;992.1;992.1;991.1;477.9;24.7;;24.7;23.6;;;;;;341.0;0.0;0.0
2022/11/26;1200 UTC;0.0;993.0;993.0;992.1;614.0;25.4;;25.5;24.5;;;;;;289.0;2.4;0.4
2022/11/26;1300 UTC;0.0;993.7;993.7;993.0;438.5;24.9;;25.5;24.8;;;;;;271.0;4.7;2.9
2022/11/26;1400 UTC;0.0;993.1;993.7;993.1;629.9;24.8;;25.2;24.8;;;;;;256.0;3.9;2.6
2022/11/26;1500 UTC;0.0;992.3;993.1;992.3;761.9;25.4;;25.4;24.7;;;;;;294.0;3.4;0.2
2022/11/26;1600 UTC;0.0;991.1;992.3;991.1;790.1;25.9;;25.9;25.3;;;;;;302.0;2.2;0.2
2022/11/26;1700 UTC;0.0;990.1;991.1;990.1;862.3;26.1;;26.3;25.7;;;;;;288.0;3.2;0.7
2022/11/26;1800 UTC;0.0;989.5;990.1;989.5;971.1;26.4;;26.9;26.0;;;;;;290.0;3.1;0.7
2022/11/26;1900 UTC;0.0;989.1;989.5;989.0;832.2;26.9;;27.2;26.4;;;;;;274.0;3.6;1.9
2022/11/26;2000 UTC;0.0;989.2;989.2;989.0;483.6;26.7;;26.9;26.6;;;;;;265.0;4.1;2.3
2022/11/26;2100 UTC;0.0;989.2;989.2;989.1;386.8;26.3;;27.1;26.3;;;;;;217.0;3.5;0.0
2022/11/26;2200 UTC;0.0;990.2;990.2;989.2;1.6;25.1;;26.3;25.1;;;;;;165.0;1.4;0.4
2022/11/26;2300 UTC;0.0;990.6;990.6;990.2;;24.7;;25.1;24.7;;;;;;175.0;1.0;0.0
2022/11/27;0000 UTC;0.0;991.4;991.4;990.6;;24.1;;24.7;24.1;;;;;;176.0;0.0;0.0
2022/11/27;0100 UTC;0.0;991.2;991.4;991.2;;23.7;;24.3;23.7;;;;;;133.0;0.0;0.0
2022/11/27;0200 UTC;0.0;991.1;991.3;991.1;;23.5;;23.7;23.3;;;;;;97.0;1.1;0.4
2022/11/27;0300 UTC;0.0;990.5;991.1;990.5;;23.7;;23.8;23.5;;;;;;217.0;1.1;0.0
2022/11/27;0400 UTC;0.0;989.9;990.5;989.9;;23.9;;23.9;23.6;;;;;;208.0;0.0;0.0
2022/11/27;0500 UTC;0.0;989.3;989.9;989.3;;23.8;;24.0;23.8;;;;;;147.0;0.8;0.1
2022/11/27;0600 UTC;0.0;988.7;989.3;988.7;;23.5;;23.8;23.4;;;;;;254.0;1.3;0.0
2022/11/27;0700 UTC;0.0;988.9;989.0;988.7;;23.0;;23.5;23.0;;;;;;234.0;0.0;0.0
2022/11/27;0800 UTC;0.0;989.4;989.4;988.9;;22.8;;23.1;22.8;;;;;;183.0;0.0;0.0
2022/11/27;0900 UTC;0.0;989.9;989.9;989.4;9.2;22.9;;23.1;22.8;;;;;;248.0;0.0;0.0
2022/11/27;1000 UTC;0.0;990.5;990.5;989.9;231.6;23.7;;23.7;22.9;;;;;;78.0;0.9;0.0
2022/11/27;1100 UTC;0.0;990.9;990.9;990.5;698.5;24.9;;24.9;23.7;;;;;;126.0;1.5;0.0
2022/11/27;1200 UTC;0.0;991.4;991.4;990.9;887.0;25.9;;26.0;24.9;;;;;;53.0;2.8;0.7
2022/11/27;1300 UTC;0.0;991.3;991.5;991.3;1725.8;27.0;;27.6;25.9;;;;;;11.0;4.5;1.4
2022/11/27;1400 UTC;0.0;990.8;991.3;990.8;1679.7;28.6;;28.6;27.0;;;;;;28.0;4.7;2.2
2022/11/27;1500 UTC;0.0;990.4;990.8;990.4;2454.3;30.4;;30.6;28.4;;;;;;301.0;4.7;0.2
2022/11/27;1600 UTC;0.0;989.3;990.4;989.2;2915.8;30.8;;31.4;29.0;;;;;;334.0;5.1;1.4
2022/11/27;1700 UTC;0.0;988.0;989.3;988.0;2016.2;31.0;;31.4;30.4;;;;;;324.0;5.1;0.9
2022/11/27;1800 UTC;0.0;986.8;988.0;986.8;1462.1;30.5;;32.5;30.4;;;;;;321.0;4.1;0.3
2022/11/27;1900 UTC;0.0;986.4;986.8;986.2;1246.1;30.7;;32.2;30.5;;;;;;345.0;4.1;1.7
2022/11/27;2000 UTC;0.0;986.6;986.6;986.3;562.3;27.5;;30.7;27.5;;;;;;140.0;7.0;4.3
2022/11/27;2100 UTC;0.0;987.0;987.0;986.6;163.8;25.8;;27.5;25.8;;;;;;102.0;7.0;1.8
2022/11/27;2200 UTC;0.0;987.5;987.5;987.0;;24.7;;25.8;24.7;;;;;;130.0;2.9;1.9
2022/11/27;2300 UTC;0.0;988.5;988.6;987.5;;24.9;;24.9;24.7;;;;;;284.0;2.9;0.0
2022/11/28;0000 UTC;0.0;988.7;988.7;988.5;;25.6;;25.6;24.9;;;;;;251.0;3.1;0.3
2022/11/28;0100 UTC;0.0;989.0;989.0;988.7;;24.7;;25.6;24.7;;;;;;69.0;1.3;0.0
2022/11/28;0200 UTC;0.0;989.4;989.7;989.0;;24.9;;25.2;24.6;;;;;;44.0;5.7;2.2
2022/11/28;0300 UTC;0.0;989.8;989.9;989.0;;24.1;;24.9;24.1;;;;;;317.0;5.3;0.7
2022/11/28;0400 UTC;0.0;989.1;989.8;989.1;;22.9;;24.1;22.9;;;;;;21.0;6.2;3.0
2022/11/28;0500 UTC;0.0;988.2;989.1;988.2;;22.9;;23.0;22.9;;;;;;45.0;6.2;1.1
2022/11/28;0600 UTC;0.0;987.4;988.2;987.4;;22.9;;23.0;22.9;;;;;;189.0;2.1;0.0
2022/11/28;0700 UTC;0.0;987.6;987.7;987.3;;22.7;;23.0;22.7;;;;;;350.0;4.3;2.6
2022/11/28;0800 UTC;0.0;987.8;988.0;987.5;;22.6;;22.7;22.5;;;;;;1.0;4.3;0.0
2022/11/28;0900 UTC;0.0;988.1;988.3;987.6;;22.5;;22.6;22.4;;;;;;64.0;1.7;0.7
2022/11/28;1000 UTC;0.0;989.0;989.0;988.1;15.4;22.5;;22.6;22.4;;;;;;123.0;3.5;0.1
2022/11/28;1100 UTC;0.0;989.8;989.8;989.0;99.2;22.6;;22.9;22.5;;;;;;350.0;4.6;2.7
2022/11/28;1200 UTC;0.0;990.0;990.0;989.8;275.8;23.0;;23.0;22.6;;;;;;357.0;4.6;2.6
2022/11/28;1300 UTC;0.0;990.2;990.2;989.9;544.2;23.3;;23.4;23.0;;;;;;357.0;4.2;1.6
2022/11/28;1400 UTC;0.0;990.0;990.2;989.7;319.1;23.1;;23.3;23.0;;;;;;360.0;3.9;1.2
2022/11/28;1500 UTC;0.0;989.0;990.0;989.0;354.0;22.8;;23.3;22.8;;;;;;49.0;3.5;0.8
2022/11/28;1600 UTC;0.0;988.1;989.0;988.1;417.8;23.3;;23.4;22.8;;;;;;345.0;2.2;0.3
2022/11/28;1700 UTC;0.0;987.1;988.1;987.1;707.4;23.6;;23.7;23.2;;;;;;262.0;2.2;0.0
2022/11/28;1800 UTC;0.0;986.3;987.1;986.3;499.6;23.8;;23.9;23.5;;;;;;225.0;1.1;0.1
2022/11/28;1900 UTC;0.0;985.1;986.3;985.1;745.9;24.1;;24.4;23.8;;;;;;145.0;1.9;0.0
2022/11/28;2000 UTC;0.0;984.7;985.1;984.6;336.4;24.2;;24.4;24.1;;;;;;285.0;0.0;0.0
2022/11/28;2100 UTC;0.0;985.1;985.2;984.7;92.6;23.7;;24.3;23.7;;;;;;286.0;1.5;0.0
2022/11/28;2200 UTC;0.0;985.2;985.2;985.0;;23.5;;23.7;23.5;;;;;;187.0;0.0;0.0
2022/11/28;2300 UTC;0.0;985.7;985.7;985.2;;23.5;;23.6;23.4;;;;;;67.0;0.9;0.2
2022/11/29;0000 UTC;0.0;986.1;986.1;985.6;;23.2;;23.5;23.2;;;;;;172.0;1.1;0.0
2022/11/29;0100 UTC;0.0;986.1;986.2;985.9;;23.0;;23.2;22.9;;;;;;124.0;1.2;0.0
2022/11/29;0200 UTC;0.0;986.7;986.7;986.0;;22.7;;23.0;22.7;;;;;;253.0;1.2;0.6
2022/11/29;0300 UTC;0.0;986.6;987.0;986.6;;23.2;;23.2;22.7;;;;;;194.0;1.7;0.0
2022/11/29;0400 UTC;0.0;986.3;986.6;986.3;;23.0;;23.2;22.9;;;;;;130.0;1.4;0.0
2022/11/29;0500 UTC;0.0;985.5;986.3;985.4;;22.9;;23.0;22.8;;;;;;4.0;1.4;0.3
2022/11/29;0600 UTC;0.0;984.6;985.5;984.6;;23.0;;23.0;22.9;;;;;;200.0;1.9;0.0
2022/11/29;0700 UTC;0.0;984.4;984.6;984.2;;22.8;;23.0;22.8;;;;;;13.0;2.2;0.0
2022/11/29;0800 UTC;0.0;984.8;984.8;984.4;;23.0;;23.0;22.8;;;;;;110.0;0.6;0.0
2022/11/29;0900 UTC;0.0;985.5;985.5;984.8;0.2;23.3;;23.3;22.9;;;;;;14.0;2.4;0.7
2022/11/29;1000 UTC;0.0;986.2;986.2;985.5;36.7;23.4;;23.4;23.3;;;;;;31.0;2.3;0.1
2022/11/29;1100 UTC;0.0;987.1;987.1;986.2;78.4;23.4;;23.5;23.4;;;;;;38.0;2.0;0.1
2022/11/29;1200 UTC;0.0;987.5;987.5;987.1;81.4;23.4;;23.5;23.3;;;;;;360.0;4.1;2.5
2022/11/29;1300 UTC;0.0;988.0;988.0;987.5;287.9;22.7;;23.4;22.5;;;;;;30.0;9.8;2.4
2022/11/29;1400 UTC;0.0;988.5;988.5;987.9;252.8;23.4;;23.5;22.7;;;;;;160.0;5.5;0.0
2022/11/29;1500 UTC;0.0;989.1;989.1;988.5;94.9;21.1;;23.7;21.1;;;;;;191.0;13.8;8.2
2022/11/29;1600 UTC;0.0;988.4;989.5;988.2;55.0;20.7;;21.1;20.7;;;;;;213.0;13.8;3.1
2022/11/29;1700 UTC;0.0;988.2;988.6;988.0;101.3;20.8;;21.0;20.7;;;;;;236.0;4.9;1.3
2022/11/29;1800 UTC;0.0;986.8;988.2;986.8;129.5;21.2;;21.2;20.8;;;;;;147.0;3.9;1.7
2022/11/29;1900 UTC;0.0;986.1;986.8;986.1;263.5;21.3;;21.4;21.2;;;;;;119.0;2.7;0.3
2022/11/29;2000 UTC;0.0;985.8;986.1;985.6;248.0;21.4;;21.5;21.3;;;;;;105.0;2.8;1.1
2022/11/29;2100 UTC;0.0;986.3;986.3;985.8;110.4;21.3;;21.5;21.3;;;;;;316.0;1.9;0.0
2022/11/29;2200 UTC;0.0;986.0;986.4;986.0;1.2;21.2;;21.3;21.0;;;;;;181.0;0.0;0.0
2022/11/29;2300 UTC;0.0;986.4;986.4;985.6;;21.1;;21.2;21.0;;;;;;114.0;2.0;0.2
2022/11/30;0000 UTC;0.0;987.5;987.5;986.3;;21.3;;21.3;21.1;;;;;;16.0;3.2;1.2
2022/11/30;0100 UTC;0.0;987.6;988.0;987.4;;21.1;;21.3;21.1;;;;;;133.0;2.7;0.0
2022/11/30;0200 UTC;0.0;987.8;987.9;987.5;;20.7;;21.1;20.7;;;;;;160.0;1.8;0.0
2022/11/30;0300 UTC;0.0;987.3;987.8;987.3;;21.2;;21.4;20.7;;;;;;149.0;1.8;0.0
2022/11/30;0400 UTC;0.0;986.6;987.3;986.6;;21.2;;21.3;21.2;;;;;;119.0;0.0;0.0
2022/11/30;0500 UTC;0.0;986.0;986.6;986.0;;21.4;;21.4;21.2;;;;;;162.0;2.3;0.0
2022/11/30;0600 UTC;0.0;985.6;986.0;985.5;0.2;21.3;;21.5;21.3;;;;;;77.0;0.0;0.0
2022/11/30;0700 UTC;0.0;986.0;986.0;985.6;;21.2;;21.3;21.1;;;;;;295.0;0.0;0.0
2022/11/30;0800 UTC;0.0;986.2;986.2;985.8;;21.1;;21.3;21.1;;;;;;62.0;1.6;0.1
2022/11/30;0900 UTC;0.0;986.5;986.7;986.2;7.7;21.0;;21.2;21.0;;;;;;45.0;1.3;0.1
2022/11/30;1000 UTC;0.0;987.3;987.3;986.5;275.3;21.2;;21.3;20.9;;;;;;50.0;2.5;0.0
2022/11/30;1100 UTC;0.0;988.3;988.3;987.3;497.7;22.1;;22.1;21.2;;;;;;357.0;4.3;2.1
2022/11/30;1200 UTC;0.0;988.3;988.4;988.1;1082.2;23.7;;23.7;22.0;;;;;;360.0;6.0;2.8
2022/11/30;1300 UTC;0.0;988.4;988.5;988.3;1806.4;25.1;;25.3;23.5;;;;;;349.0;5.9;2.7
2022/11/30;1400 UTC;0.0;988.1;988.4;987.9;2044.7;26.9;;26.9;25.1;;;;;;342.0;7.3;3.5
2022/11/30;1500 UTC;0.0;987.5;988.1;987.5;1877.6;27.8;;27.8;26.7;;;;;;353.0;7.4;2.8
2022/11/30;1600 UTC;0.0;986.5;987.5;986.5;2059.1;28.4;;28.4;27.6;;;;;;6.0;6.2;2.5
2022/11/30;1700 UTC;0.0;985.6;986.5;985.6;1450.3;28.2;;28.6;27.9;;;;;;10.0;5.9;2.4
2022/11/30;1800 UTC;0.0;984.8;985.6;984.8;1441.9;28.5;;28.8;28.2;;;;;;359.0;4.9;2.0
2022/11/30;1900 UTC;0.0;984.3;984.8;984.3;1038.6;28.1;;28.9;28.1;;;;;;1.0;4.9;2.3
2022/11/30;2000 UTC;0.0;984.0;984.3;984.0;516.2;27.3;;28.1;27.3;;;;;;358.0;4.9;2.2
2022/11/30;2100 UTC;0.0;984.4;984.4;984.0;289.1;26.8;;27.6;26.8;;;;;;11.0;3.6;0.0
2022/11/30;2200 UTC;0.0;985.2;985.2;984.4;0.8;25.3;;26.8;25.3;;;;;;124.0;0.9;0.0
2022/11/30;2300 UTC;0.0;985.9;985.9;985.2;;24.8;;25.5;24.6;;;;;;290.0;0.0;0.0
2022/12/01;0000 UTC;0.0;986.9;986.9;985.9;;23.8;;24.8;23.7;;;;;;121.0;0.0;0.0
2022/12/01;0100 UTC;0.0;987.7;987.7;986.9;;23.1;;23.9;23.1;;;;;;147.0;0.0;0.0
2022/12/01;0200 UTC;0.0;987.4;987.7;987.4;;22.6;;23.2;22.6;;;;;;120.0;0.0;0.0
2022/12/01;0300 UTC;0.0;987.2;987.5;987.2;;22.5;;22.8;22.5;;;;;;122.0;0.0;0.0
2022/12/01;0400 UTC;0.0;986.5;987.2;986.5;;21.8;;22.4;21.8;;;;;;116.0;0.0;0.0
2022/12/01;0500 UTC;0.0;986.0;986.5;986.0;;21.2;;21.9;21.2;;;;;;113.0;0.0;0.0
2022/12/01;0600 UTC;0.0;985.7;986.0;985.7;;22.0;;22.1;21.1;;;;;;146.0;1.0;0.1
2022/12/01;0700 UTC;0.0;985.8;985.8;985.6;;22.0;;22.2;21.9;;;;;;135.0;1.3;0.0
2022/12/01;0800 UTC;0.0;986.5;986.5;985.8;;22.0;;22.1;22.0;;;;;;102.0;0.0;0.0
2022/12/01;0900 UTC;0.0;987.3;987.3;986.5;6.1;22.1;;22.1;22.0;;;;;;166.0;0.0;0.0
2022/12/01;1000 UTC;0.0;988.2;988.2;987.3;124.6;22.8;;22.8;22.1;;;;;;137.0;1.3;0.0
2022/12/01;1100 UTC;0.0;988.9;988.9;988.2;739.1;24.6;;24.7;22.8;;;;;;239.0;0.0;0.0
2022/12/01;1200 UTC;0.0;989.6;989.7;988.9;920.8;25.7;;26.0;24.6;;;;;;3.0;1.2;0.0
2022/12/01;1300 UTC;0.0;989.7;990.0;989.6;959.3;26.8;;27.1;25.7;;;;;;322.0;1.5;0.0
2022/12/01;1400 UTC;0.0;989.5;989.8;989.1;2057.8;27.1;;28.7;26.7;;;;;;40.0;5.3;1.2
2022/12/01;1500 UTC;0.0;989.2;989.9;989.2;89.0;22.9;;27.1;22.3;;;;;;177.0;14.8;1.5
2022/12/01;1600 UTC;0.0;988.4;989.2;988.0;490.5;24.0;;24.0;22.8;;;;;;150.0;3.0;1.5
2022/12/01;1700 UTC;0.0;987.0;988.4;987.0;1421.0;25.8;;25.9;24.0;;;;;;101.0;2.7;1.5
2022/12/01;1800 UTC;0.0;986.1;987.1;986.1;1154.4;26.3;;26.5;25.8;;;;;;105.0;3.9;2.4
2022/12/01;1900 UTC;0.0;985.4;986.1;985.4;1185.6;27.0;;27.0;26.3;;;;;;89.0;3.9;0.7
2022/12/01;2000 UTC;0.0;985.2;985.4;985.1;879.5;27.2;;27.9;26.9;;;;;;125.0;2.4;0.3
2022/12/01;2100 UTC;0.0;985.0;985.2;984.8;304.9;26.6;;27.5;26.6;;;;;;139.0;1.7;0.0
2022/12/01;2200 UTC;0.0;985.7;985.7;985.0;3.8;25.1;;26.5;25.1;;;;;;88.0;1.8;0.0
2022/12/01;2300 UTC;0.0;986.2;986.2;985.7;;24.3;;25.1;24.3;;;;;;141.0;0.0;0.0
2022/12/02;0000 UTC;0.0;987.5;987.5;986.2;;23.7;;24.3;23.7;;;;;;106.0;0.0;0.0
2022/12/02;0100 UTC;0.0;988.6;988.6;987.4;;23.3;;23.9;23.3;;;;;;120.0;1.1;0.0
2022/12/02;0200 UTC;0.0;988.6;988.7;988.5;;23.1;;23.3;23.0;;;;;;127.0;2.1;0.5
2022/12/02;0300 UTC;0.0;988.1;988.7;988.1;;22.9;;23.3;22.8;;;;;;162.0;1.1;0.0
2022/12/02;0400 UTC;0.0;987.7;988.1;987.6;;22.8;;22.9;22.3;;;;;;230.0;1.6;0.4
2022/12/02;0500 UTC;0.0;987.5;987.8;987.4;;22.8;;22.9;22.6;;;;;;2.0;1.2;0.0
2022/12/02;0600 UTC;0.0;986.9;987.5;986.9;;22.8;;22.9;22.8;;;;;;141.0;0.0;0.0
2022/12/02;0700 UTC;0.0;986.9;986.9;986.7;;22.4;;22.8;22.4;;;;;;100.0;0.0;0.0
2022/12/02;0800 UTC;0.0;987.5;987.5;986.9;;22.7;;22.7;22.4;;;;;;146.0;0.7;0.1
2022/12/02;0900 UTC;0.0;988.1;988.1;987.4;11.9;22.5;;22.7;22.4;;;;;;72.0;1.2;0.0
2022/12/02;1000 UTC;0.0;988.9;988.9;988.1;282.4;23.5;;23.5;22.5;;;;;;114.0;0.0;0.0
2022/12/02;1100 UTC;0.0;988.7;989.0;988.6;1190.0;26.0;;26.0;23.4;;;;;;72.0;5.5;2.5
2022/12/02;1200 UTC;0.0;989.3;989.3;988.7;932.3;26.2;;26.2;25.7;;;;;;83.0;8.2;3.3
2022/12/02;1300 UTC;0.0;989.2;989.4;989.2;2106.3;28.0;;28.5;26.2;;;;;;44.0;7.0;2.7
2022/12/02;1400 UTC;0.0;989.0;989.2;988.9;1266.9;28.1;;29.1;27.8;;;;;;50.0;6.9;3.2
2022/12/02;1500 UTC;0.0;987.9;989.0;987.9;1828.2;29.5;;30.0;28.1;;;;;;56.0;7.5;1.5
2022/12/02;1600 UTC;0.0;986.4;987.9;986.4;2450.6;30.9;;31.2;29.5;;;;;;27.0;7.3;2.4
2022/12/02;1700 UTC;0.0;985.5;986.4;985.5;1957.6;31.6;;31.8;30.0;;;;;;271.0;4.7;0.4
2022/12/02;1800 UTC;0.0;985.4;985.6;985.2;762.3;27.7;;31.6;27.2;;;;;;218.0;7.9;0.0
2022/12/02;1900 UTC;0.0;985.5;985.6;985.2;363.4;25.1;;27.8;25.1;;;;;;275.0;9.3;5.1
2022/12/02;2000 UTC;0.0;986.4;986.4;985.4;194.3;24.5;;25.1;24.4;;;;;;235.0;8.7;0.0
2022/12/02;2100 UTC;0.0;986.1;986.5;986.1;10.9;24.2;;24.5;24.2;;;;;;193.0;2.9;0.0
2022/12/02;2200 UTC;0.0;986.8;986.8;986.1;;24.0;;24.2;23.9;;;;;;119.0;0.0;0.0
2022/12/02;2300 UTC;0.0;987.2;987.2;986.8;;23.8;;24.0;23.8;;;;;;356.0;0.0;0.0
2022/12/03;0000 UTC;0.0;987.5;987.6;987.2;;23.7;;23.9;23.7;;;;;;36.0;0.0;0.0
2022/12/03;0100 UTC;0.0;987.7;987.7;987.4;;23.3;;23.8;23.3;;;;;;325.0;0.0;0.0
2022/12/03;0200 UTC;0.0;987.7;987.9;987.7;;23.2;;23.5;23.2;;;;;;50.0;0.0;0.0
2022/12/03;0300 UTC;0.0;987.2;987.7;987.2;;22.7;;23.2;22.7;;;;;;120.0;0.0;0.0
2022/12/03;0400 UTC;0.0;986.7;987.2;986.7;;22.4;;22.7;22.4;;;;;;115.0;0.0;0.0
2022/12/03;0500 UTC;0.0;986.8;986.9;986.6;;22.3;;22.4;22.2;;;;;;118.0;0.0;0.0
2022/12/03;0600 UTC;0.0;987.3;987.3;986.7;;22.5;;22.5;22.0;;;;;;341.0;0.0;0.0
2022/12/03;0700 UTC;0.0;987.4;987.5;987.2;;22.8;;22.8;22.4;;;;;;270.0;0.0;0.0
2022/12/03;0800 UTC;0.0;987.6;987.6;987.2;;23.0;;23.1;22.8;;;;;;249.0;0.0;0.0
2022/12/03;0900 UTC;0.0;988.3;988.3;987.6;5.9;23.0;;23.1;22.9;;;;;;214.0;0.0;0.0
2022/12/03;1000 UTC;0.0;989.3;989.3;988.3;60.2;23.4;;23.4;23.0;;;;;;73.0;0.0;0.0
2022/12/03;1100 UTC;0.0;990.0;990.0;989.3;714.8;24.7;;24.7;23.3;;;;;;357.0;0.0;0.0
2022/12/03;1200 UTC;0.0;990.8;990.8;990.0;629.3;24.4;;25.0;24.4;;;;;;334.0;2.1;0.0
2022/12/03;1300 UTC;0.0;990.2;990.8;990.0;723.1;25.1;;25.1;24.0;;;;;;263.0;2.8;0.0
2022/12/03;1400 UTC;0.0;989.5;990.2;989.5;1963.5;27.2;;27.2;25.1;;;;;;297.0;0.0;0.0
2022/12/03;1500 UTC;0.0;988.6;989.5;988.6;2348.7;28.5;;28.7;27.0;;;;;;293.0;0.0;0.0
2022/12/03;1600 UTC;0.0;987.8;988.6;987.8;1871.1;27.9;;29.4;27.7;;;;;;300.0;5.1;0.0
2022/12/03;1700 UTC;0.0;986.2;987.8;986.2;2166.2;31.0;;31.0;27.9;;;;;;285.0;4.9;0.0
2022/12/03;1800 UTC;0.0;985.3;986.2;985.3;1912.2;29.1;;31.4;28.3;;;;;;235.0;5.5;0.0
2022/12/03;1900 UTC;0.0;984.8;985.3;984.8;1139.1;29.3;;30.5;29.1;;;;;;323.0;3.8;0.3
2022/12/03;2000 UTC;0.0;984.9;985.1;984.8;509.1;28.6;;29.3;28.6;;;;;;346.0;3.8;0.8
2022/12/03;2100 UTC;0.0;985.4;985.4;984.9;152.6;27.3;;28.6;27.3;;;;;;346.0;2.5;0.1
2022/12/03;2200 UTC;0.0;986.8;986.8;985.4;0.8;26.5;;27.3;26.5;;;;;;16.0;2.3;0.0
2022/12/03;2300 UTC;0.0;988.7;988.8;986.8;2.5;22.7;;26.5;22.7;;;;;;115.0;16.8;8.1
2022/12/04;0000 UTC;0.0;989.1;989.1;988.2;;22.0;;22.7;21.4;;;;;;151.0;14.3;0.0
2022/12/04;0100 UTC;0.0;989.5;989.7;989.1;;22.2;;22.2;22.0;;;;;;237.0;0.0;0.0
2022/12/04;0200 UTC;0.0;989.1;989.5;989.1;;22.2;;22.2;22.0;;;;;;261.0;0.0;0.0
2022/12/04;0300 UTC;0.0;988.4;989.1;988.4;;22.0;;22.2;22.0;;;;;;63.0;2.7;0.0
2022/12/04;0400 UTC;0.0;988.5;988.8;988.2;;21.7;;22.2;21.7;;;;;;114.0;6.6;0.0
2022/12/04;0500 UTC;0.0;987.7;988.5;987.6;;21.8;;21.8;21.5;;;;;;44.0;3.9;0.0
2022/12/04;0600 UTC;0.0;987.6;987.9;987.6;;21.4;;21.8;21.4;;;;;;235.0;0.0;0.0
2022/12/04;0700 UTC;0.0;987.2;987.7;987.2;;21.4;;21.4;21.4;;;;;;280.0;0.0;0.0
2022/12/04;0800 UTC;0.0;987.3;987.3;987.2;;21.8;;21.8;21.4;;;;;;262.0;2.2;0.0
2022/12/04;0900 UTC;0.0;988.0;988.0;987.3;0.0;21.8;;21.8;21.8;;;;;;204.0;0.0;0.0
2022/12/04;1000 UTC;0.0;988.8;988.8;988.0;74.9;22.1;;22.1;21.8;;;;;;125.0;0.0;0.0
2022/12/04;1100 UTC;0.0;989.2;989.2;988.8;371.8;22.6;;22.6;22.1;;;;;;162.0;0.0;0.0
2022/12/04;1200 UTC;0.0;989.6;989.6;989.2;900.5;23.9;;23.9;22.6;;;;;;158.0;0.0;0.0
2022/12/04;1300 UTC;0.0;989.4;989.7;989.4;1291.4;24.8;;24.8;23.7;;;;;;150.0;0.0;0.0
2022/12/04;1400 UTC;0.0;988.9;989.4;988.9;1054.7;25.1;;25.1;24.6;;;;;;164.0;0.0;0.0
2022/12/04;1500 UTC;0.0;988.4;988.9;988.4;1216.7;25.9;;26.0;25.0;;;;;;160.0;0.0;0.0
2022/12/04;1600 UTC;0.0;987.9;988.4;987.9;1232.1;26.2;;26.2;25.7;;;;;;115.0;0.0;0.0
2022/12/04;1700 UTC;0.0;987.0;987.9;987.0;1181.6;26.6;;26.7;26.1;;;;;;127.0;2.8;0.0
2022/12/04;1800 UTC;0.0;986.1;987.0;986.1;1183.5;27.1;;27.2;26.4;;;;;;144.0;0.0;0.0
2022/12/04;1900 UTC;0.0;985.3;986.1;985.3;1174.0;27.6;;27.7;27.1;;;;;;135.0;0.0;0.0
2022/12/04;2000 UTC;0.0;984.8;985.3;984.8;824.1;28.0;;28.0;27.6;;;;;;158.0;0.0;0.0
2022/12/04;2100 UTC;0.0;985.0;985.1;984.8;231.9;26.0;;28.0;26.0;;;;;;348.0;0.0;0.0
2022/12/04;2200 UTC;0.0;985.9;985.9;985.0;2.7;24.8;;26.0;24.7;;;;;;334.0;0.0;0.0
2022/12/04;2300 UTC;0.0;986.8;986.8;985.9;;24.2;;24.8;24.2;;;;;;342.0;2.7;0.2
2022/12/05;0000 UTC;0.0;987.8;987.8;986.8;;23.8;;24.3;23.8;;;;;;66.0;2.8;0.0
2022/12/05;0100 UTC;0.0;988.2;988.3;987.7;;23.5;;23.9;23.4;;;;;;80.0;0.0;0.0
2022/12/05;0200 UTC;0.0;988.5;988.6;988.2;;22.9;;23.5;22.9;;;;;;188.0;0.0;0.0
2022/12/05;0300 UTC;0.0;988.5;988.8;988.5;;22.5;;22.9;22.5;;;;;;100.0;0.0;0.0
2022/12/05;0400 UTC;0.0;988.0;988.5;988.0;;22.5;;22.6;22.5;;;;;;114.0;0.0;0.0
2022/12/05;0500 UTC;0.0;987.5;988.0;987.5;;22.5;;22.5;22.4;;;;;;113.0;0.0;0.0
2022/12/05;0600 UTC;0.0;987.1;987.5;987.1;;22.4;;22.5;22.3;;;;;;135.0;0.0;0.0
2022/12/05;0700 UTC;0.0;987.0;987.2;987.0;;22.5;;22.5;22.4;;;;;;164.0;0.0;0.0
2022/12/05;0800 UTC;0.0;988.0;988.0;987.0;;22.5;;22.6;22.4;;;;;;178.0;0.0;0.0
2022/12/05;0900 UTC;0.0;988.6;988.6;988.0;16.0;22.4;;22.6;22.4;;;;;;122.0;0.0;0.0
2022/12/05;1000 UTC;0.0;989.3;989.3;988.6;253.9;23.2;;23.2;22.4;;;;;;115.0;0.0;0.0
2022/12/05;1100 UTC;0.0;990.3;990.3;989.3;673.7;24.5;;24.5;23.2;;;;;;98.0;0.0;0.0
2022/12/05;1200 UTC;0.0;990.9;990.9;990.3;1468.3;26.0;;26.6;24.5;;;;;;22.0;0.0;0.0
2022/12/05;1300 UTC;0.0;990.6;991.0;990.6;1995.5;27.4;;27.8;26.0;;;;;;14.0;3.4;0.0
2022/12/05;1400 UTC;0.0;990.0;990.6;990.0;1665.1;29.1;;29.5;27.4;;;;;;294.0;2.1;0.0
2022/12/05;1500 UTC;0.0;989.0;990.0;989.0;2760.9;30.8;;30.9;28.7;;;;;;79.0;3.4;0.0
2022/12/05;1600 UTC;0.0;988.3;989.0;988.3;3079.6;30.2;;31.5;29.5;;;;;;7.0;9.6;5.1
2022/12/05;1700 UTC;0.0;986.9;988.3;986.9;3274.5;30.9;;31.1;29.4;;;;;;358.0;8.7;3.3
2022/12/05;1800 UTC;0.0;986.9;987.0;986.4;1453.8;28.0;;31.5;27.6;;;;;;284.0;9.2;1.0
2022/12/05;1900 UTC;0.0;986.5;986.9;986.5;409.0;27.0;;28.1;27.0;;;;;;275.0;5.6;3.7
2022/12/05;2000 UTC;0.0;986.7;986.8;986.5;617.9;28.6;;28.6;26.9;;;;;;296.0;5.7;0.9
2022/12/05;2100 UTC;0.0;987.2;987.2;986.7;290.0;26.9;;28.6;26.9;;;;;;323.0;4.8;0.0
2022/12/05;2200 UTC;0.0;988.4;988.4;987.2;3.3;25.9;;26.9;25.9;;;;;;284.0;1.0;0.0
2022/12/05;2300 UTC;0.0;989.7;989.7;988.4;;25.1;;25.9;25.1;;;;;;254.0;0.8;0.0
2022/12/06;0000 UTC;0.0;990.3;990.3;989.7;;24.7;;25.1;24.6;;;;;;297.0;0.0;0.0
2022/12/06;0100 UTC;0.0;991.0;991.0;990.3;;24.4;;24.7;24.1;;;;;;288.0;1.0;0.0
2022/12/06;0200 UTC;0.0;991.2;991.2;991.0;;23.8;;24.4;23.7;;;;;;240.0;2.0;0.1
2022/12/06;0300 UTC;0.0;990.7;991.2;990.7;;23.1;;23.8;23.1;;;;;;12.0;1.7;0.0
2022/12/06;0400 UTC;0.0;990.4;990.7;990.3;;22.5;;23.1;22.5;;;;;;114.0;0.0;0.0
2022/12/06;0500 UTC;0.0;989.5;990.4;989.4;;22.1;;22.7;22.1;;;;;;146.0;0.0;0.0
2022/12/06;0600 UTC;0.0;989.2;989.5;989.0;;21.5;;22.1;21.5;;;;;;135.0;0.0;0.0
2022/12/06;0700 UTC;0.0;989.3;989.3;989.1;;21.3;;21.5;21.2;;;;;;136.0;0.0;0.0
2022/12/06;0800 UTC;0.0;989.8;989.8;989.3;;21.0;;21.3;21.0;;;;;;125.0;0.0;0.0
2022/12/06;0900 UTC;0.0;990.7;990.7;989.8;12.8;20.8;;21.0;20.8;;;;;;110.0;0.0;0.0
2022/12/06;1000 UTC;0.0;992.3;992.3;990.6;315.1;21.8;;21.8;20.8;;;;;;120.0;0.0;0.0
2022/12/06;1100 UTC;0.0;993.4;993.4;992.3;455.4;23.0;;23.0;21.7;;;;;;76.0;0.8;0.0
2022/12/06;1200 UTC;0.0;993.5;993.8;993.4;816.2;25.0;;25.2;23.0;;;;;;308.0;2.1;0.3
2022/12/06;1300 UTC;0.0;993.4;993.6;993.4;2318.1;26.1;;26.7;24.7;;;;;;83.0;2.8;0.4
2022/12/06;1400 UTC;0.0;992.8;993.4;992.8;1770.9;27.8;;27.8;25.9;;;;;;169.0;5.1;0.0
2022/12/06;1500 UTC;0.0;991.8;992.8;991.8;3038.6;28.8;;29.9;27.5;;;;;;78.0;4.7;1.4
2022/12/06;1600 UTC;0.0;990.9;991.8;990.9;2139.9;26.3;;30.7;25.9;;;;;;146.0;9.3;5.9
2022/12/06;1700 UTC;0.0;990.0;990.9;990.0;2621.9;30.9;;30.9;26.3;;;;;;115.0;8.9;1.4
2022/12/06;1800 UTC;0.0;989.2;990.0;989.0;2304.4;29.8;;31.4;29.8;;;;;;8.0;7.1;3.9
2022/12/06;1900 UTC;0.0;989.1;989.5;989.0;1026.0;26.3;;30.1;26.3;;;;;;75.0;8.3;1.6
2022/12/06;2000 UTC;0.0;988.7;989.1;988.7;250.0;26.7;;27.1;26.2;;;;;;348.0;3.8;1.8
2022/12/06;2100 UTC;0.0;988.7;988.8;988.6;76.3;26.6;;27.0;26.6;;;;;;327.0;2.7;0.0
2022/12/06;2200 UTC;0.0;989.1;989.1;988.6;;25.7;;26.6;25.6;;;;;;84.0;0.0;0.0
2022/12/06;2300 UTC;0.0;989.9;989.9;989.1;;25.1;;25.7;24.9;;;;;;171.0;0.6;0.0
2022/12/07;0000 UTC;0.0;990.6;990.6;989.9;;24.6;;25.1;24.4;;;;;;143.0;0.0;0.0
2022/12/07;0100 UTC;0.0;991.0;991.0;990.6;;23.9;;24.6;23.9;;;;;;120.0;2.0;1.3
2022/12/07;0200 UTC;0.0;991.1;991.2;990.9;;23.5;;23.9;23.5;;;;;;146.0;2.0;0.0
2022/12/07;0300 UTC;0.0;990.5;991.1;990.5;;22.9;;23.6;22.8;;;;;;240.0;0.0;0.0
2022/12/07;0400 UTC;0.0;989.9;990.5;989.9;;22.7;;23.5;22.6;;;;;;251.0;1.3;0.0
2022/12/07;0500 UTC;0.0;989.5;989.9;989.5;;22.5;;23.2;22.3;;;;;;163.0;0.6;0.0
2022/12/07;0600 UTC;0.0;989.4;989.5;989.3;;21.7;;22.5;21.7;;;;;;99.0;1.5;0.0
2022/12/07;0700 UTC;0.0;989.3;989.4;989.3;;21.5;;21.8;21.5;;;;;;128.0;1.5;0.9
2022/12/07;0800 UTC;0.0;990.0;990.0;989.3;;21.3;;21.5;21.1;;;;;;112.0;1.5;0.0
2022/12/07;0900 UTC;0.0;990.3;990.4;990.0;11.7;21.1;;21.3;21.0;;;;;;123.0;0.0;0.0
2022/12/07;1000 UTC;0.0;991.0;991.0;990.3;385.4;23.5;;23.7;21.1;;;;;;88.0;0.0;0.0
2022/12/07;1100 UTC;0.0;991.2;991.2;991.0;1253.3;26.3;;26.4;23.4;;;;;;81.0;0.0;0.0
2022/12/07;1200 UTC;0.0;991.4;991.4;991.2;2111.5;28.5;;29.0;26.2;;;;;;87.0;5.0;2.8
2022/12/07;1300 UTC;0.0;991.4;991.5;991.4;2796.5;30.4;;30.9;28.4;;;;;;100.0;6.4;2.9
2022/12/07;1400 UTC;0.0;990.7;991.4;990.7;3047.5;31.9;;32.4;30.3;;;;;;93.0;8.6;4.2
2022/12/07;1500 UTC;0.0;989.9;990.8;989.9;3457.0;32.6;;33.2;31.5;;;;;;35.0;7.1;2.0
2022/12/07;1600 UTC;0.0;989.0;989.9;989.0;3185.0;33.7;;34.7;32.5;;;;;;50.0;6.3;3.0
2022/12/07;1700 UTC;0.0;988.0;989.0;987.9;2728.8;35.3;;35.7;33.0;;;;;;325.0;6.1;0.8
2022/12/07;1800 UTC;0.0;987.0;988.0;987.0;2190.7;34.5;;35.3;33.6;;;;;;56.0;4.0;0.2
2022/12/07;1900 UTC;0.0;986.5;987.0;986.5;1516.6;34.4;;35.8;33.5;;;;;;318.0;3.8;0.3
2022/12/07;2000 UTC;0.0;986.4;986.5;986.4;1274.4;34.9;;35.6;34.1;;;;;;294.0;3.3;0.1
2022/12/07;2100 UTC;0.0;986.6;986.6;986.4;366.7;31.7;;35.2;31.7;;;;;;330.0;2.9;0.2
2022/12/07;2200 UTC;0.0;987.1;987.1;986.6;3.7;29.3;;31.7;29.3;;;;;;64.0;6.8;3.0
2022/12/07;2300 UTC;0.0;987.5;987.5;986.9;;26.6;;29.3;26.6;;;;;;268.0;6.8;0.8
2022/12/08;0000 UTC;0.0;988.1;988.1;987.5;;26.6;;27.2;26.3;;;;;;28.0;4.1;0.2
2022/12/08;0100 UTC;0.0;988.5;988.5;988.1;;25.8;;26.6;25.8;;;;;;165.0;1.5;0.0
2022/12/08;0200 UTC;0.0;988.5;988.7;988.5;;24.7;;25.8;24.7;;;;;;114.0;1.2;0.0
2022/12/08;0300 UTC;0.0;988.0;988.5;988.0;;24.1;;24.7;24.1;;;;;;157.0;1.4;0.0
2022/12/08;0400 UTC;0.0;987.4;988.0;987.4;;23.6;;24.3;23.6;;;;;;95.0;0.0;0.0
2022/12/08;0500 UTC;0.0;987.1;987.4;987.1;;23.5;;23.7;23.4;;;;;;127.0;0.0;0.0
2022/12/08;0600 UTC;0.0;986.9;987.1;986.8;;23.0;;23.5;23.0;;;;;;121.0;0.0;0.0
2022/12/08;0700 UTC;0.0;986.7;986.9;986.6;;22.9;;23.2;22.9;;;;;;132.0;0.0;0.0
2022/12/08;0800 UTC;0.0;987.2;987.2;986.7;;22.9;;23.0;22.7;;;;;;105.0;1.5;0.5
2022/12/08;0900 UTC;0.0;988.1;988.1;987.2;8.3;23.3;;23.3;22.9;;;;;;159.0;1.5;0.0
2022/12/08;1000 UTC;0.0;988.7;988.7;988.1;301.0;24.7;;24.7;23.2;;;;;;147.0;1.8;0.0
2022/12/08;1100 UTC;0.0;989.4;989.4;988.7;649.1;26.2;;26.2;24.7;;;;;;178.0;0.0;0.0
2022/12/08;1200 UTC;0.0;989.7;989.7;989.4;1691.7;29.3;;29.5;26.2;;;;;;21.0;4.0;1.4
2022/12/08;1300 UTC;0.0;989.6;989.8;989.6;2651.0;30.7;;31.4;29.3;;;;;;350.0;5.7;2.9
2022/12/08;1400 UTC;0.0;989.3;989.6;989.3;1801.5;31.6;;32.0;30.3;;;;;;356.0;5.7;2.3
2022/12/08;1500 UTC;0.0;988.3;989.3;988.3;3114.5;33.3;;33.6;31.2;;;;;;329.0;6.1;1.7
2022/12/08;1600 UTC;0.0;987.4;988.3;987.4;2680.3;33.5;;34.2;32.0;;;;;;337.0;6.2;3.1
2022/12/08;1700 UTC;0.0;986.5;987.4;986.4;2248.4;33.7;;34.3;32.3;;;;;;356.0;7.5;2.5
2022/12/08;1800 UTC;0.0;985.8;986.5;985.8;2806.6;34.3;;34.4;33.2;;;;;;330.0;6.4;1.4
2022/12/08;1900 UTC;0.0;985.2;985.8;985.2;1967.3;34.2;;35.0;33.3;;;;;;6.0;5.7;3.1
2022/12/08;2000 UTC;0.0;985.2;985.3;985.2;1062.4;32.7;;34.2;32.4;;;;;;355.0;5.6;1.8
2022/12/08;2100 UTC;0.0;985.5;985.5;985.1;98.6;30.4;;32.8;30.3;;;;;;340.0;3.4;0.2
2022/12/08;2200 UTC;0.0;985.8;985.8;985.5;;29.0;;30.4;29.0;;;;;;163.0;1.7;0.0
2022/12/08;2300 UTC;0.0;986.9;986.9;985.8;;28.0;;29.0;27.9;;;;;;80.0;0.0;0.0
2022/12/09;0000 UTC;0.0;988.2;988.2;986.9;;27.9;;28.1;27.8;;;;;;258.0;3.6;1.3
2022/12/09;0100 UTC;0.0;988.8;988.9;988.2;;27.2;;27.9;27.2;;;;;;284.0;3.6;0.5
2022/12/09;0200 UTC;0.0;988.6;989.0;988.6;;26.2;;27.2;26.1;;;;;;32.0;2.2;0.0
2022/12/09;0300 UTC;0.0;988.3;988.6;988.3;;25.4;;26.2;25.4;;;;;;329.0;0.0;0.0
2022/12/09;0400 UTC;0.0;987.8;988.3;987.8;;24.8;;25.5;24.8;;;;;;48.0;0.0;0.0
2022/12/09;0500 UTC;0.0;987.7;987.8;987.7;;24.2;;24.8;24.2;;;;;;161.0;0.0;0.0
2022/12/09;0600 UTC;0.0;987.5;987.7;987.5;;23.6;;24.2;23.6;;;;;;88.0;0.0;0.0
2022/12/09;0700 UTC;0.0;987.5;987.6;987.4;;23.2;;23.6;23.2;;;;;;140.0;0.0;0.0
2022/12/09;0800 UTC;0.0;987.7;987.7;987.3;;22.9;;23.4;22.9;;;;;;73.0;0.0;0.0
2022/12/09;0900 UTC;0.0;988.6;988.6;987.6;3.7;23.0;;23.1;22.7;;;;;;107.0;0.0;0.0
2022/12/09;1000 UTC;0.0;989.9;989.9;988.6;226.9;24.8;;24.8;22.9;;;;;;343.0;2.7;0.0
2022/12/09;1100 UTC;0.0;990.5;990.5;989.9;584.4;25.6;;25.8;24.8;;;;;;18.0;4.2;1.8
2022/12/09;1200 UTC;0.0;991.0;991.0;990.5;875.0;26.5;;26.7;25.6;;;;;;16.0;5.9;3.1
2022/12/09;1300 UTC;0.0;991.4;991.4;991.0;846.1;27.9;;27.9;26.4;;;;;;29.0;6.9;2.8
2022/12/09;1400 UTC;0.0;991.2;991.5;991.2;1412.0;29.2;;29.6;27.7;;;;;;15.0;6.9;2.5
2022/12/09;1500 UTC;0.0;990.5;991.2;990.5;2615.7;29.9;;30.7;29.2;;;;;;8.0;7.8;3.7
2022/12/09;1600 UTC;0.0;989.4;990.5;989.4;2350.2;31.0;;31.4;29.5;;;;;;3.0;7.8;3.2
2022/12/09;1700 UTC;0.0;987.8;989.4;987.8;3161.7;32.8;;33.3;31.0;;;;;;330.0;6.9;1.5
2022/12/09;1800 UTC;0.0;987.2;987.8;987.2;2654.5;32.3;;34.1;32.1;;;;;;332.0;6.1;2.2
2022/12/09;1900 UTC;0.0;987.0;987.2;987.0;1337.8;31.8;;33.2;31.5;;;;;;334.0;5.2;2.0
2022/12/09;2000 UTC;0.0;987.1;987.2;987.0;568.0;30.2;;31.8;30.2;;;;;;5.0;4.5;2.3
2022/12/09;2100 UTC;0.0;987.9;987.9;987.1;193.2;29.0;;30.2;29.0;;;;;;48.0;4.3;0.2
2022/12/09;2200 UTC;0.0;987.8;987.9;987.6;0.6;27.8;;29.0;27.8;;;;;;117.0;2.5;1.4
2022/12/09;2300 UTC;0.0;988.7;988.7;987.8;;26.7;;27.8;26.7;;;;;;88.0;2.5;0.1
2022/12/10;0000 UTC;0.0;989.4;989.4;988.7;;25.5;;26.7;25.5;;;;;;153.0;3.2;0.0
2022/12/10;0100 UTC;0.0;990.1;990.1;989.4;;24.5;;25.5;24.5;;;;;;142.0;2.0;0.5
2022/12/10;0200 UTC;0.0;990.1;990.3;990.0;;23.8;;24.5;23.8;;;;;;142.0;2.3;0.0
2022/12/10;0300 UTC;0.0;990.2;990.4;990.1;;23.4;;23.9;23.4;;;;;;253.0;0.0;0.0
2022/12/10;0400 UTC;0.0;989.7;990.3;989.7;;23.3;;23.5;23.0;;;;;;170.0;0.0;0.0
2022/12/10;0500 UTC;0.0;989.0;989.7;989.0;;22.8;;23.3;22.6;;;;;;133.0;0.0;0.0
2022/12/10;0600 UTC;0.0;989.0;989.2;988.9;;22.3;;22.8;22.3;;;;;;115.0;1.5;0.0
2022/12/10;0700 UTC;0.0;989.3;989.3;989.0;;22.0;;22.3;22.0;;;;;;100.0;0.0;0.0
2022/12/10;0800 UTC;0.0;989.8;989.8;989.2;;22.2;;22.3;21.9;;;;;;159.0;0.0;0.0
2022/12/10;0900 UTC;0.0;990.6;990.6;989.8;9.2;21.8;;22.3;21.7;;;;;;99.0;0.0;0.0
2022/12/10;1000 UTC;0.0;991.2;991.2;990.5;373.3;23.7;;23.7;21.8;;;;;;134.0;0.0;0.0
2022/12/10;1100 UTC;0.0;991.7;991.7;991.2;1119.5;26.6;;26.7;23.7;;;;;;94.0;2.4;0.3
2022/12/10;1200 UTC;0.0;991.8;991.9;991.7;1966.3;28.6;;29.0;26.5;;;;;;9.0;6.7;4.1
2022/12/10;1300 UTC;0.0;991.9;992.0;991.8;2265.6;28.9;;30.0;28.4;;;;;;352.0;7.4;3.2
2022/12/10;1400 UTC;0.0;991.8;992.0;991.8;1816.2;31.0;;31.0;28.7;;;;;;344.0;7.2;3.2
2022/12/10;1500 UTC;0.0;990.8;991.8;990.8;2632.7;30.7;;32.4;30.4;;;;;;344.0;5.8;2.6
2022/12/10;1600 UTC;0.0;990.1;990.8;990.1;1807.0;30.8;;32.7;30.5;;;;;;339.0;4.8;1.8
2022/12/10;1700 UTC;0.0;989.3;990.1;989.3;2032.6;32.7;;33.3;30.7;;;;;;318.0;4.5;0.7
2022/12/10;1800 UTC;0.0;988.4;989.3;988.4;1264.3;32.9;;32.9;31.8;;;;;;346.0;4.4;2.2
2022/12/10;1900 UTC;0.0;987.9;988.4;987.9;1554.2;32.4;;33.0;32.1;;;;;;3.0;5.5;1.7
2022/12/10;2000 UTC;0.0;987.7;987.9;987.5;576.0;31.9;;32.6;31.8;;;;;;8.0;3.9;0.0
2022/12/10;2100 UTC;0.0;988.0;988.0;987.7;283.6;30.7;;31.9;30.7;;;;;;24.0;0.4;0.0
2022/12/10;2200 UTC;0.0;989.0;989.0;988.0;1.9;28.6;;30.7;28.6;;;;;;125.0;7.0;3.8
2022/12/10;2300 UTC;0.0;989.8;989.8;989.0;;27.1;;28.6;27.1;;;;;;134.0;7.0;1.4
2022/12/11;0000 UTC;0.0;990.2;990.3;989.8;;26.3;;27.1;26.3;;;;;;123.0;3.0;1.6
2022/12/11;0100 UTC;0.0;990.8;990.8;990.1;;25.4;;26.3;25.4;;;;;;97.0;2.3;0.0
2022/12/11;0200 UTC;0.0;990.9;991.0;990.8;;25.0;;25.4;25.0;;;;;;147.0;2.0;1.3
2022/12/11;0300 UTC;0.0;990.7;990.9;990.5;;24.2;;25.0;24.2;;;;;;237.0;1.9;0.0
2022/12/11;0400 UTC;0.0;990.3;990.7;990.2;;24.3;;24.7;24.2;;;;;;308.0;1.7;0.0
2022/12/11;0500 UTC;0.0;989.5;990.3;989.5;;23.7;;24.3;23.7;;;;;;103.0;0.0;0.0
2022/12/11;0600 UTC;0.0;989.1;989.5;989.1;;23.1;;23.7;23.0;;;;;;195.0;0.4;0.0
2022/12/11;0700 UTC;0.0;989.3;989.5;989.1;;22.7;;23.4;22.7;;;;;;129.0;0.0;0.0
2022/12/11;0800 UTC;0.0;990.0;990.0;989.3;;22.5;;22.7;22.4;;;;;;119.0;0.0;0.0
2022/12/11;0900 UTC;0.0;990.4;990.4;990.0;7.7;22.6;;22.6;22.3;;;;;;169.0;0.0;0.0
2022/12/11;1000 UTC;0.0;991.2;991.2;990.4;277.1;23.1;;23.1;22.6;;;;;;106.0;0.5;0.0
2022/12/11;1100 UTC;0.0;991.8;991.8;991.2;836.6;26.1;;26.1;23.1;;;;;;45.0;0.0;0.0
2022/12/11;1200 UTC;0.0;992.1;992.1;991.8;1372.3;27.7;;28.0;25.9;;;;;;68.0;0.7;0.0
2022/12/11;1300 UTC;0.0;991.9;992.1;991.9;1578.4;29.5;;30.0;27.7;;;;;;23.0;5.1;1.6
2022/12/11;1400 UTC;0.0;991.5;991.9;991.5;2877.0;30.5;;30.9;29.1;;;;;;9.0;6.3;2.6
2022/12/11;1500 UTC;0.0;990.3;991.5;990.3;3533.2;32.1;;33.5;30.3;;;;;;327.0;5.7;2.1
2022/12/11;1600 UTC;0.0;989.4;990.3;989.4;2189.3;33.0;;33.6;31.5;;;;;;330.0;5.7;1.6
2022/12/11;1700 UTC;0.0;988.1;989.4;988.1;2129.3;32.7;;34.3;31.9;;;;;;30.0;5.4;1.1
2022/12/11;1800 UTC;0.0;987.3;988.1;987.3;653.3;30.3;;33.0;29.9;;;;;;157.0;5.6;2.3
2022/12/11;1900 UTC;0.0;986.8;987.5;986.8;551.4;30.3;;30.7;30.1;;;;;;158.0;3.7;0.0
2022/12/11;2000 UTC;0.0;987.1;987.1;986.6;492.1;30.2;;30.6;30.1;;;;;;169.0;4.3;2.0
2022/12/11;2100 UTC;0.0;988.0;988.0;986.7;239.5;29.2;;30.3;29.2;;;;;;72.0;6.6;1.6
2022/12/11;2200 UTC;0.0;989.0;989.1;988.0;;22.8;;29.2;22.3;;;;;;220.0;14.4;3.5
2022/12/11;2300 UTC;0.0;989.5;989.5;989.0;;22.9;;23.0;22.6;;;;;;278.0;5.9;1.3
2022/12/12;0000 UTC;0.0;989.3;989.6;989.1;;23.1;;23.2;22.8;;;;;;102.0;3.0;0.0
2022/12/12;0100 UTC;0.0;989.6;989.6;989.2;;23.1;;23.1;23.0;;;;;;343.0;1.2;0.0
2022/12/12;0200 UTC;0.0;989.7;989.7;989.6;;23.1;;23.1;23.0;;;;;;232.0;1.0;0.0
2022/12/12;0300 UTC;0.0;989.6;989.8;989.5;;22.9;;23.2;22.8;;;;;;133.0;0.0;0.0
2022/12/12;0400 UTC;0.0;989.2;989.6;989.2;;22.6;;22.9;22.5;;;;;;117.0;0.0;0.0
2022/12/12;0500 UTC;0.0;988.6;989.2;988.6;;22.3;;22.6;22.3;;;;;;155.0;0.0;0.0
2022/12/12;0600 UTC;0.0;988.3;988.6;988.3;;22.1;;22.3;22.1;;;;;;139.0;0.0;0.0
2022/12/12;0700 UTC;0.0;988.4;988.4;988.2;;22.2;;22.2;22.1;;;;;;44.0;0.0;0.0
2022/12/12;0800 UTC;0.0;988.6;988.6;988.3;;21.7;;22.2;21.7;;;;;;115.0;0.0;0.0
2022/12/12;0900 UTC;0.0;989.4;989.5;988.6;8.1;21.6;;21.7;21.5;;;;;;149.0;0.0;0.0
2022/12/12;1000 UTC;0.0;990.0;990.2;989.4;257.1;23.0;;23.1;21.6;;;;;;189.0;0.0;0.0
2022/12/12;1100 UTC;0.0;991.2;991.2;990.0;758.2;24.1;;24.3;23.0;;;;;;17.0;3.6;1.6
2022/12/12;1200 UTC;0.0;991.9;991.9;991.2;458.3;24.0;;24.1;23.6;;;;;;140.0;4.3;0.2
2022/12/12;1300 UTC;0.0;992.0;992.0;991.9;1491.2;26.0;;26.2;24.0;;;;;;15.0;5.1;1.8
2022/12/12;1400 UTC;0.0;991.2;992.0;991.2;2273.0;27.2;;28.0;25.9;;;;;;354.0;6.0;3.7
2022/12/12;1500 UTC;0.0;990.3;991.2;990.3;3265.5;30.3;;30.3;27.2;;;;;;20.0;7.2;2.8
2022/12/12;1600 UTC;0.0;989.7;990.3;989.7;2701.6;30.2;;31.5;29.7;;;;;;342.0;6.5;2.9
2022/12/12;1700 UTC;0.0;988.2;989.7;988.2;2734.5;31.9;;31.9;29.9;;;;;;29.0;6.3;2.4
2022/12/12;1800 UTC;0.0;987.4;988.2;987.4;2507.1;31.3;;32.7;31.3;;;;;;19.0;6.5;2.1
2022/12/12;1900 UTC;0.0;987.0;987.4;986.7;2021.3;32.0;;32.6;31.2;;;;;;41.0;6.3;1.6
2022/12/12;2000 UTC;0.0;987.1;987.1;986.8;672.5;31.8;;32.1;31.4;;;;;;301.0;4.5;0.2
2022/12/12;2100 UTC;0.0;987.5;987.6;987.1;260.3;30.0;;32.0;30.0;;;;;;280.0;2.1;0.1
2022/12/12;2200 UTC;0.0;987.9;987.9;987.5;1.4;28.2;;30.0;28.2;;;;;;7.0;5.2;1.7
2022/12/12;2300 UTC;0.0;988.7;988.9;987.9;;27.0;;28.2;27.0;;;;;;245.0;4.5;0.0
2022/12/13;0000 UTC;0.0;989.3;989.3;988.7;;25.5;;27.1;25.4;;;;;;313.0;0.0;0.0
2022/12/13;0100 UTC;0.0;989.4;989.5;989.1;;25.3;;25.7;25.1;;;;;;150.0;0.0;0.0
2022/12/13;0200 UTC;0.0;989.3;989.5;989.2;;24.6;;25.3;24.3;;;;;;146.0;0.0;0.0
2022/12/13;0300 UTC;0.0;988.5;989.3;988.5;;24.0;;24.6;24.0;;;;;;94.0;0.0;0.0
2022/12/13;0400 UTC;0.0;988.8;988.8;988.4;;23.9;;24.0;23.8;;;;;;187.0;0.0;0.0
2022/12/13;0500 UTC;0.0;988.6;988.9;988.6;;23.2;;24.0;23.2;;;;;;57.0;0.0;0.0
2022/12/13;0600 UTC;0.0;988.5;988.6;988.4;;23.2;;23.3;23.1;;;;;;146.0;0.0;0.0
2022/12/13;0700 UTC;0.0;989.0;989.1;988.5;;22.8;;23.2;22.8;;;;;;45.0;1.9;0.2
2022/12/13;0800 UTC;0.0;989.6;989.6;989.0;;23.4;;23.4;22.8;;;;;;130.0;1.9;0.0
2022/12/13;0900 UTC;0.0;990.2;990.2;989.6;2.4;23.7;;23.7;23.3;;;;;;132.0;0.0;0.0
2022/12/13;1000 UTC;0.0;990.8;990.8;990.2;303.9;24.5;;24.5;23.3;;;;;;17.0;0.1;0.0
2022/12/13;1100 UTC;0.0;991.6;991.6;990.8;584.4;25.2;;25.3;24.5;;;;;;348.0;3.7;1.7
2022/12/13;1200 UTC;0.0;991.8;991.9;991.6;997.1;26.7;;26.8;25.2;;;;;;360.0;6.3;2.1
2022/12/13;1300 UTC;0.0;991.4;991.8;991.4;2449.9;28.8;;28.8;26.5;;;;;;356.0;6.4;2.2
2022/12/13;1400 UTC;0.0;991.0;991.4;991.0;1950.3;30.3;;30.5;28.0;;;;;;330.0;6.0;1.1
2022/12/13;1500 UTC;0.0;990.3;991.1;990.3;2433.9;31.1;;31.3;29.0;;;;;;10.0;7.0;2.6
2022/12/13;1600 UTC;0.0;989.4;990.3;989.4;2108.6;30.8;;31.7;29.7;;;;;;357.0;7.0;2.4
2022/12/13;1700 UTC;0.0;988.1;989.4;988.1;2759.6;32.9;;33.7;30.6;;;;;;358.0;5.4;1.1
2022/12/13;1800 UTC;0.0;987.2;988.1;987.2;2054.9;32.0;;34.0;31.4;;;;;;347.0;5.1;2.4
2022/12/13;1900 UTC;0.0;986.6;987.2;986.6;2016.8;32.8;;34.0;31.7;;;;;;340.0;4.6;1.3
2022/12/13;2000 UTC;0.0;986.7;986.7;986.4;1279.4;32.4;;34.0;32.2;;;;;;342.0;4.5;2.0
2022/12/13;2100 UTC;0.0;986.6;986.7;986.5;445.3;30.9;;32.4;30.9;;;;;;342.0;4.2;0.8
2022/12/13;2200 UTC;0.0;986.8;986.9;986.6;6.6;29.0;;30.9;28.9;;;;;;29.0;1.8;0.0
2022/12/13;2300 UTC;0.0;987.2;987.2;986.8;;27.3;;29.0;27.3;;;;;;81.0;0.0;0.0
2022/12/14;0000 UTC;0.0;988.0;988.0;987.2;;25.6;;27.3;25.6;;;;;;123.0;0.4;0.0
2022/12/14;0100 UTC;0.0;988.8;988.8;988.0;;25.4;;25.6;25.3;;;;;;188.0;0.9;0.0
2022/12/14;0200 UTC;0.0;988.9;989.0;988.8;;24.6;;25.4;24.6;;;;;;147.0;0.0;0.0
2022/12/14;0300 UTC;0.0;989.2;989.2;988.9;;24.4;;24.7;24.3;;;;;;163.0;0.0;0.0
2022/12/14;0400 UTC;0.0;988.7;989.2;988.7;;24.2;;24.7;24.1;;;;;;47.0;0.0;0.0
2022/12/14;0500 UTC;0.0;988.2;988.8;988.2;;23.8;;24.4;23.8;;;;;;116.0;0.0;0.0
2022/12/14;0600 UTC;0.0;988.3;988.3;988.2;;23.4;;23.8;23.4;;;;;;92.0;0.0;0.0
2022/12/14;0700 UTC;0.0;988.3;988.3;988.2;;23.2;;23.4;23.2;;;;;;121.0;0.0;0.0
2022/12/14;0800 UTC;0.0;988.7;988.7;988.3;;22.9;;23.2;22.7;;;;;;143.0;0.0;0.0
2022/12/14;0900 UTC;0.0;989.6;989.6;988.7;5.1;22.7;;22.9;22.7;;;;;;140.0;0.0;0.0
2022/12/14;1000 UTC;0.0;990.2;990.2;989.6;336.5;24.5;;24.6;22.7;;;;;;337.0;0.0;0.0
2022/12/14;1100 UTC;0.0;990.9;990.9;990.2;1123.1;25.9;;26.2;24.5;;;;;;355.0;4.0;1.7
2022/12/14;1200 UTC;0.0;990.9;991.1;990.9;1913.2;28.2;;28.3;25.9;;;;;;360.0;7.7;4.2
2022/12/14;1300 UTC;0.0;990.9;991.1;990.9;2674.8;29.6;;30.5;28.0;;;;;;359.0;7.1;3.9
2022/12/14;1400 UTC;0.0;990.4;990.9;990.4;3214.3;31.4;;31.7;29.6;;;;;;12.0;6.9;2.9
2022/12/14;1500 UTC;0.0;989.8;990.4;989.8;3372.8;32.2;;32.8;31.0;;;;;;336.0;5.7;1.5
2022/12/14;1600 UTC;0.0;988.7;989.8;988.7;3339.8;33.3;;33.8;31.5;;;;;;343.0;7.1;1.6
2022/12/14;1700 UTC;0.0;987.6;988.7;987.6;3255.5;34.3;;34.7;32.9;;;;;;320.0;6.7;1.8
2022/12/14;1800 UTC;0.0;986.7;987.6;986.6;2708.6;33.4;;34.9;33.3;;;;;;354.0;7.3;3.0
2022/12/14;1900 UTC;0.0;986.1;986.7;986.1;1989.8;33.4;;34.4;33.2;;;;;;360.0;7.3;3.5
2022/12/14;2000 UTC;0.0;986.4;986.4;986.1;1171.1;32.4;;33.6;32.4;;;;;;357.0;6.7;3.0
2022/12/14;2100 UTC;0.0;986.7;986.7;986.3;331.6;30.9;;32.6;30.9;;;;;;3.0;5.0;0.9
2022/12/14;2200 UTC;0.0;987.1;987.2;986.7;3.1;28.2;;30.9;28.2;;;;;;359.0;2.1;0.6
2022/12/14;2300 UTC;0.0;988.2;988.2;987.1;;26.7;;28.1;26.7;;;;;;302.0;1.6;0.0
2022/12/15;0000 UTC;0.0;988.9;988.9;988.2;;26.1;;27.1;26.1;;;;;;110.0;0.4;0.0
2022/12/15;0100 UTC;0.0;989.9;989.9;988.9;;25.7;;26.1;25.6;;;;;;239.0;1.4;0.0
2022/12/15;0200 UTC;0.0;989.7;989.9;989.7;;24.6;;26.0;24.6;;;;;;119.0;1.5;0.0
2022/12/15;0300 UTC;0.0;989.4;989.7;989.4;;24.1;;24.6;24.0;;;;;;117.0;1.0;0.0
2022/12/15;0400 UTC;0.0;988.9;989.4;988.9;;23.7;;24.2;23.7;;;;;;141.0;0.0;0.0
2022/12/15;0500 UTC;0.0;988.8;988.9;988.8;;23.6;;23.9;23.5;;;;;;131.0;0.5;0.0
2022/12/15;0600 UTC;0.0;988.9;988.9;988.8;;23.7;;23.7;23.4;;;;;;153.0;1.5;0.1
2022/12/15;0700 UTC;0.0;988.7;988.9;988.6;;23.2;;23.9;23.1;;;;;;112.0;0.9;0.0
2022/12/15;0800 UTC;0.0;989.2;989.2;988.7;;23.0;;23.2;23.0;;;;;;123.0;0.0;0.0
2022/12/15;0900 UTC;0.0;989.9;989.9;989.2;3.5;22.7;;23.0;22.6;;;;;;121.0;0.0;0.0
2022/12/15;1000 UTC;0.0;990.9;990.9;989.9;269.5;23.8;;23.8;22.6;;;;;;47.0;0.0;0.0
2022/12/15;1100 UTC;0.0;991.5;991.5;990.9;773.6;25.6;;25.6;23.8;;;;;;67.0;0.0;0.0
2022/12/15;1200 UTC;0.0;992.1;992.1;991.5;1061.6;26.0;;26.4;25.5;;;;;;48.0;5.1;2.6
2022/12/15;1300 UTC;0.0;992.4;992.5;992.1;813.6;25.0;;26.5;25.0;;;;;;80.0;5.1;0.9
2022/12/15;1400 UTC;0.0;992.2;992.5;992.2;1165.5;26.8;;27.0;25.0;;;;;;82.0;3.3;1.8
2022/12/15;1500 UTC;0.0;991.1;992.2;991.1;3163.5;28.9;;30.5;26.7;;;;;;8.0;6.3;2.8
2022/12/15;1600 UTC;0.0;990.2;991.1;990.2;2804.3;30.7;;32.0;28.9;;;;;;352.0;5.3;1.9
2022/12/15;1700 UTC;0.0;989.0;990.2;989.0;2222.4;31.5;;32.1;30.1;;;;;;24.0;4.9;0.6
2022/12/15;1800 UTC;0.0;988.1;989.0;988.1;1491.0;30.0;;32.2;28.9;;;;;;230.0;6.1;0.7
2022/12/15;1900 UTC;0.0;987.0;988.1;987.0;1615.7;30.7;;31.4;29.9;;;;;;242.0;4.1;1.5
2022/12/15;2000 UTC;0.0;986.9;987.0;986.8;1000.5;31.0;;31.3;30.6;;;;;;255.0;4.1;0.5
2022/12/15;2100 UTC;0.0;987.0;987.0;986.7;325.1;29.8;;31.0;29.8;;;;;;302.0;3.1;0.2
2022/12/15;2200 UTC;0.0;987.4;987.4;987.0;4.6;27.7;;29.8;27.7;;;;;;125.0;1.5;0.0
2022/12/15;2300 UTC;0.0;988.2;988.2;987.4;;26.2;;27.7;26.2;;;;;;142.0;0.7;0.0
2022/12/16;0000 UTC;0.0;988.7;988.9;988.3;;25.7;;26.2;25.7;;;;;;146.0;0.0;0.0
2022/12/16;0100 UTC;0.0;989.4;989.4;988.7;;25.2;;25.8;25.2;;;;;;97.0;0.0;0.0
2022/12/16;0200 UTC;0.0;989.1;989.4;989.0;;25.1;;25.4;25.1;;;;;;99.0;0.0;0.0
2022/12/16;0300 UTC;0.0;989.3;989.5;989.1;;24.9;;25.4;24.9;;;;;;62.0;4.2;1.3
2022/12/16;0400 UTC;0.0;988.8;989.4;988.8;;24.8;;25.0;24.7;;;;;;80.0;2.5;0.0
2022/12/16;0500 UTC;0.0;988.1;988.8;988.1;;24.3;;24.9;24.3;;;;;;44.0;1.8;0.7
2022/12/16;0600 UTC;0.0;987.8;988.1;987.8;;24.2;;24.3;24.1;;;;;;39.0;1.8;0.0
2022/12/16;0700 UTC;0.0;988.1;988.2;987.7;;24.2;;24.2;24.1;;;;;;297.0;0.0;0.0
2022/12/16;0800 UTC;0.0;988.5;988.5;988.0;;24.1;;24.3;24.1;;;;;;134.0;1.6;0.0
2022/12/16;0900 UTC;0.0;989.4;989.4;988.5;;23.8;;24.1;23.7;;;;;;52.0;3.0;1.4
2022/12/16;1000 UTC;0.0;990.4;990.4;989.4;4.0;22.8;;23.8;22.8;;;;;;276.0;3.6;0.7
2022/12/16;1100 UTC;0.0;990.7;990.7;990.1;27.6;23.1;;23.1;22.8;;;;;;317.0;3.6;0.6
2022/12/16;1200 UTC;0.0;991.4;991.4;990.7;120.4;23.2;;23.3;23.1;;;;;;30.0;1.9;0.0
2022/12/16;1300 UTC;0.0;990.9;991.4;990.9;399.2;23.9;;23.9;23.2;;;;;;300.0;1.7;0.0
2022/12/16;1400 UTC;0.0;990.1;990.9;990.1;1095.1;25.0;;25.0;23.8;;;;;;355.0;2.9;1.4
2022/12/16;1500 UTC;0.0;989.4;990.1;989.4;2737.0;26.9;;27.5;24.7;;;;;;336.0;3.1;0.8
2022/12/16;1600 UTC;0.0;988.0;989.4;988.0;3181.6;28.5;;29.5;26.7;;;;;;332.0;3.8;1.1
2022/12/16;1700 UTC;0.0;986.5;988.0;986.5;2990.8;30.0;;30.2;28.5;;;;;;29.0;4.8;1.7
2022/12/16;1800 UTC;0.0;985.7;986.5;985.7;1338.2;28.2;;29.9;27.4;;;;;;329.0;6.3;0.0
2022/12/16;1900 UTC;0.0;985.3;985.7;985.2;852.5;29.1;;29.3;28.1;;;;;;277.0;2.4;0.6
2022/12/16;2000 UTC;0.0;985.4;985.4;985.1;1099.9;29.5;;30.3;28.8;;;;;;263.0;4.5;3.0
2022/12/16;2100 UTC;0.0;986.1;986.1;985.3;199.4;27.9;;29.5;27.8;;;;;;321.0;5.0;0.0
2022/12/16;2200 UTC;0.0;986.6;986.6;986.1;2.5;26.5;;27.8;26.5;;;;;;272.0;2.7;1.6
2022/12/16;2300 UTC;0.0;987.6;987.6;986.6;;26.1;;26.5;26.1;;;;;;349.0;2.6;0.0
2022/12/17;0000 UTC;0.0;987.9;987.9;987.6;;26.0;;26.1;25.9;;;;;;274.0;0.0;0.0
2022/12/17;0100 UTC;0.0;988.2;988.2;987.9;;25.2;;26.0;25.2;;;;;;87.0;0.0;0.0
2022/12/17;0200 UTC;0.0;988.2;988.4;988.2;;24.7;;25.2;24.7;;;;;;112.0;0.0;0.0
2022/12/17;0300 UTC;0.0;988.0;988.2;988.0;;24.3;;24.7;24.3;;;;;;29.0;0.0;0.0
2022/12/17;0400 UTC;0.0;987.6;988.0;987.6;;24.1;;24.4;24.1;;;;;;102.0;0.0;0.0
2022/12/17;0500 UTC;0.0;986.8;987.6;986.8;;24.0;;24.1;24.0;;;;;;136.0;0.0;0.0
2022/12/17;0600 UTC;0.0;986.5;986.8;986.5;;23.8;;24.1;23.7;;;;;;123.0;0.0;0.0
2022/12/17;0700 UTC;0.0;986.2;986.5;986.0;;23.5;;23.9;23.4;;;;;;42.0;2.4;0.6
2022/12/17;0800 UTC;0.0;986.6;986.6;986.1;;23.9;;23.9;23.4;;;;;;13.0;3.4;1.0
2022/12/17;0900 UTC;0.0;987.1;987.1;986.6;;23.3;;24.0;23.1;;;;;;251.0;5.9;1.9
2022/12/17;1000 UTC;0.0;988.1;988.2;987.1;42.8;23.4;;23.4;23.2;;;;;;297.0;4.3;0.8
2022/12/17;1100 UTC;0.0;989.0;989.1;988.0;53.6;23.7;;23.7;23.4;;;;;;239.0;3.7;1.8
2022/12/17;1200 UTC;0.0;990.3;990.3;988.9;43.7;23.1;;23.8;23.0;;;;;;342.0;4.0;1.1
2022/12/17;1300 UTC;0.0;991.1;991.1;990.3;65.2;22.5;;23.1;22.4;;;;;;247.0;5.7;0.3
2022/12/17;1400 UTC;0.0;990.9;991.1;990.9;101.4;22.4;;22.7;21.8;;;;;;225.0;3.5;0.0
2022/12/17;1500 UTC;0.0;990.1;990.9;990.1;303.0;22.7;;22.7;21.9;;;;;;185.0;6.4;1.3
2022/12/17;1600 UTC;0.0;989.0;990.2;989.0;815.2;23.7;;23.7;22.7;;;;;;224.0;2.4;0.2
2022/12/17;1700 UTC;0.0;987.4;989.0;987.4;670.9;23.8;;24.1;23.5;;;;;;80.0;2.1;0.8
2022/12/17;1800 UTC;0.0;986.3;987.4;986.3;520.6;23.5;;24.0;23.5;;;;;;165.0;3.0;0.0
2022/12/17;1900 UTC;0.0;986.2;986.3;986.1;558.3;24.0;;24.1;23.5;;;;;;80.0;1.2;0.5
2022/12/17;2000 UTC;0.0;986.3;986.3;986.0;349.1;23.9;;24.0;23.7;;;;;;132.0;2.2;1.6
2022/12/17;2100 UTC;0.0;987.0;987.0;986.3;208.2;23.5;;23.9;23.5;;;;;;110.0;2.7;1.3
2022/12/17;2200 UTC;0.0;987.6;987.6;987.0;7.5;23.3;;23.5;23.2;;;;;;134.0;2.2;0.0
2022/12/17;2300 UTC;0.0;988.1;988.1;987.6;;23.3;;23.3;23.1;;;;;;214.0;1.1;0.0
2022/12/18;0000 UTC;0.0;988.5;988.5;988.1;;23.2;;23.3;23.2;;;;;;160.0;1.6;0.0
2022/12/18;0100 UTC;0.0;989.3;989.4;988.5;;22.8;;23.3;22.8;;;;;;105.0;1.1;0.0
2022/12/18;0200 UTC;0.0;989.9;990.0;989.3;;22.9;;22.9;22.7;;;;;;58.0;0.0;0.0
2022/12/18;0300 UTC;0.0;989.6;989.9;989.6;;22.9;;22.9;22.8;;;;;;126.0;1.4;0.0
2022/12/18;0400 UTC;0.0;989.1;989.6;989.1;;22.9;;23.0;22.8;;;;;;340.0;0.7;0.0
2022/12/18;0500 UTC;0.0;988.8;989.1;988.7;;23.1;;23.2;22.9;;;;;;243.0;1.7;0.4
2022/12/18;0600 UTC;0.0;988.5;988.8;988.4;;22.7;;23.2;22.7;;;;;;104.0;1.2;0.4
2022/12/18;0700 UTC;0.0;988.2;988.5;988.2;;22.4;;22.7;22.4;;;;;;123.0;1.4;0.0
2022/12/18;0800 UTC;0.0;988.1;988.3;988.0;;22.2;;22.4;22.2;;;;;;138.0;0.0;0.0
2022/12/18;0900 UTC;0.0;989.1;989.1;988.1;3.9;21.9;;22.2;21.7;;;;;;221.0;0.0;0.0
2022/12/18;1000 UTC;0.0;990.0;990.0;989.1;311.4;23.2;;23.2;21.9;;;;;;175.0;0.0;0.0
2022/12/18;1100 UTC;0.0;990.5;990.5;989.9;1062.9;24.9;;25.3;23.2;;;;;;151.0;1.5;0.1
2022/12/18;1200 UTC;0.0;990.9;990.9;990.5;1637.4;26.3;;26.3;24.9;;;;;;129.0;3.4;0.4
2022/12/18;1300 UTC;0.0;990.9;991.0;990.8;2300.3;28.1;;28.6;26.2;;;;;;63.0;3.8;0.9
2022/12/18;1400 UTC;0.0;990.5;990.9;990.5;2201.0;28.9;;29.6;28.0;;;;;;295.0;3.8;0.5
2022/12/18;1500 UTC;0.0;989.4;990.5;989.4;2187.0;30.1;;30.5;28.7;;;;;;42.0;2.8;0.8
2022/12/18;1600 UTC;0.0;988.3;989.4;988.3;1550.3;28.1;;30.9;27.5;;;;;;356.0;6.5;3.6
2022/12/18;1700 UTC;0.0;987.6;988.3;987.3;1624.5;27.6;;31.2;27.6;;;;;;109.0;9.7;4.7
2022/12/18;1800 UTC;0.0;986.6;987.8;986.6;516.4;26.8;;27.7;26.1;;;;;;32.0;9.7;0.1
2022/12/18;1900 UTC;0.0;986.2;986.6;985.8;537.4;26.7;;27.1;26.7;;;;;;145.0;2.7;0.8
2022/12/18;2000 UTC;0.0;986.4;986.6;986.2;435.2;26.7;;27.1;26.6;;;;;;195.0;2.5;1.4
2022/12/18;2100 UTC;0.0;986.9;986.9;986.4;218.5;26.1;;27.1;26.1;;;;;;218.0;3.2;0.3
2022/12/18;2200 UTC;0.0;987.1;987.1;986.8;5.4;25.4;;26.1;25.4;;;;;;166.0;1.5;0.0
2022/12/18;2300 UTC;0.0;988.1;988.1;987.0;;24.7;;25.4;24.7;;;;;;116.0;0.0;0.0
2022/12/19;0000 UTC;0.0;989.1;989.1;988.1;;24.8;;24.9;24.7;;;;;;346.0;0.0;0.0
2022/12/19;0100 UTC;0.0;989.4;989.6;989.1;;24.6;;24.8;24.6;;;;;;128.0;0.0;0.0
2022/12/19;0200 UTC;0.0;989.8;989.8;989.4;;24.3;;24.6;24.3;;;;;;117.0;0.5;0.0
2022/12/19;0300 UTC;0.0;989.5;989.9;989.5;;24.1;;24.3;24.1;;;;;;116.0;1.5;0.9
2022/12/19;0400 UTC;0.0;989.3;989.5;989.2;;24.2;;24.2;24.1;;;;;;131.0;1.5;0.0
2022/12/19;0500 UTC;0.0;988.6;989.3;988.6;;24.2;;24.3;24.2;;;;;;326.0;0.0;0.0
2022/12/19;0600 UTC;0.0;988.3;988.7;988.3;;24.0;;24.3;24.0;;;;;;141.0;0.0;0.0
2022/12/19;0700 UTC;0.0;988.3;988.4;988.2;;23.8;;24.1;23.8;;;;;;343.0;0.0;0.0
2022/12/19;0800 UTC;0.0;988.4;988.4;988.3;;23.3;;23.8;23.3;;;;;;99.0;0.0;0.0
2022/12/19;0900 UTC;0.0;989.2;989.2;988.4;3.1;23.2;;23.4;23.2;;;;;;86.0;0.0;0.0
2022/12/19;1000 UTC;0.0;990.2;990.3;989.2;305.0;24.4;;24.4;23.2;;;;;;20.0;2.9;1.3
2022/12/19;1100 UTC;0.0;991.0;991.0;990.2;910.7;25.7;;25.7;24.4;;;;;;35.0;4.3;1.8
2022/12/19;1200 UTC;0.0;991.6;991.6;991.0;1624.6;27.6;;27.7;25.7;;;;;;63.0;4.0;1.9
2022/12/19;1300 UTC;0.0;991.8;991.9;991.6;2296.8;28.6;;28.6;27.4;;;;;;63.0;5.4;3.1
2022/12/19;1400 UTC;0.0;991.2;991.9;991.2;2432.6;29.6;;29.6;28.4;;;;;;45.0;5.3;1.9
2022/12/19;1500 UTC;0.0;990.7;991.2;990.7;2954.3;31.6;;31.8;29.4;;;;;;340.0;4.3;1.0
2022/12/19;1600 UTC;0.0;989.5;990.7;989.5;3076.0;32.4;;33.0;30.9;;;;;;31.0;4.3;1.4
2022/12/19;1700 UTC;0.0;988.4;989.5;988.4;1488.1;31.4;;33.0;31.0;;;;;;9.0;4.6;2.1
2022/12/19;1800 UTC;0.0;987.3;988.4;987.3;2096.9;31.9;;32.6;31.2;;;;;;24.0;6.1;2.7
2022/12/19;1900 UTC;0.0;986.9;987.3;986.8;2174.4;32.1;;32.9;31.9;;;;;;18.0;6.4;3.1
2022/12/19;2000 UTC;0.0;987.0;987.0;986.7;1333.0;31.9;;32.7;31.8;;;;;;39.0;5.5;2.1
2022/12/19;2100 UTC;0.0;987.5;987.5;986.9;478.0;30.7;;32.0;30.7;;;;;;45.0;4.5;0.1
2022/12/19;2200 UTC;0.0;988.4;988.4;987.5;7.0;28.7;;30.7;28.7;;;;;;295.0;3.8;1.2
2022/12/19;2300 UTC;0.0;989.4;989.4;988.4;;27.4;;28.6;27.4;;;;;;305.0;3.8;0.0
2022/12/20;0000 UTC;0.0;990.0;990.0;989.3;;26.8;;27.4;26.8;;;;;;359.0;1.5;0.0
2022/12/20;0100 UTC;0.0;990.4;990.6;990.0;;26.7;;26.9;26.6;;;;;;177.0;1.4;0.0
2022/12/20;0200 UTC;0.0;990.7;990.8;990.4;;26.0;;26.7;26.0;;;;;;118.0;0.8;0.0
2022/12/20;0300 UTC;0.0;990.1;990.7;990.1;;25.9;;26.0;25.8;;;;;;155.0;0.0;0.0
2022/12/20;0400 UTC;0.0;989.4;990.1;989.4;;25.3;;25.9;25.3;;;;;;277.0;0.0;0.0
2022/12/20;0500 UTC;0.0;989.0;989.4;989.0;;24.9;;25.3;24.9;;;;;;248.0;1.1;0.3
2022/12/20;0600 UTC;0.0;988.6;989.0;988.5;;24.3;;24.9;24.3;;;;;;189.0;1.4;0.0
2022/12/20;0700 UTC;0.0;988.8;988.8;988.5;;23.9;;24.3;23.9;;;;;;97.0;1.2;0.0
2022/12/20;0800 UTC;0.0;989.1;989.1;988.8;;23.8;;23.9;23.7;;;;;;97.0;0.6;0.0
2022/12/20;0900 UTC;0.0;989.7;989.8;989.1;0.2;23.7;;23.8;23.6;;;;;;159.0;1.4;0.0
2022/12/20;1000 UTC;0.0;990.5;990.5;989.8;118.7;24.3;;24.3;23.7;;;;;;125.0;1.0;0.2
2022/12/20;1100 UTC;0.0;991.6;991.6;990.5;174.3;24.3;;24.4;24.1;;;;;;148.0;2.5;0.0
2022/12/20;1200 UTC;0.0;992.2;992.2;991.6;640.6;25.5;;25.7;24.3;;;;;;88.0;3.4;0.0
2022/12/20;1300 UTC;0.0;992.2;992.4;992.2;1324.9;27.7;;27.7;25.5;;;;;;23.0;5.4;2.5
2022/12/20;1400 UTC;0.0;991.8;992.2;991.8;2841.4;28.8;;30.3;27.7;;;;;;349.0;6.9;3.1
2022/12/20;1500 UTC;0.0;991.0;991.8;991.0;2732.2;30.2;;31.3;28.5;;;;;;31.0;6.2;1.4
2022/12/20;1600 UTC;0.0;990.3;991.0;990.3;1810.1;30.8;;31.6;29.9;;;;;;298.0;4.6;0.9
2022/12/20;1700 UTC;0.0;989.0;990.3;989.0;1314.1;30.7;;31.1;30.0;;;;;;345.0;3.5;0.5
2022/12/20;1800 UTC;0.0;988.2;989.0;988.2;1464.7;31.3;;31.8;30.6;;;;;;302.0;3.7;0.4
2022/12/20;1900 UTC;0.0;987.4;988.2;987.4;1746.2;32.0;;32.3;31.1;;;;;;316.0;3.7;0.7
2022/12/20;2000 UTC;0.0;986.9;987.4;986.9;836.7;30.9;;32.3;30.8;;;;;;262.0;3.5;1.6
2022/12/20;2100 UTC;0.0;987.6;987.7;986.8;399.5;29.6;;31.4;29.6;;;;;;245.0;3.4;2.2
2022/12/20;2200 UTC;0.0;988.1;988.1;987.6;7.9;28.1;;29.6;28.0;;;;;;234.0;3.2;2.0
2022/12/20;2300 UTC;0.0;989.3;989.3;988.1;;26.4;;28.1;26.4;;;;;;267.0;5.7;1.4
2022/12/21;0000 UTC;0.0;990.4;990.4;989.3;;25.8;;26.4;25.8;;;;;;285.0;3.0;1.0
2022/12/21;0100 UTC;0.0;991.1;991.1;990.3;;25.3;;25.8;25.3;;;;;;267.0;2.6;0.0
2022/12/21;0200 UTC;0.0;991.2;991.3;991.1;;25.2;;25.4;25.2;;;;;;286.0;2.8;0.0
2022/12/21;0300 UTC;0.0;990.9;991.2;990.9;;24.4;;25.3;24.4;;;;;;117.0;2.2;0.2
2022/12/21;0400 UTC;0.0;990.4;990.9;990.4;;24.0;;24.4;23.9;;;;;;23.0;1.3;0.0
2022/12/21;0500 UTC;0.0;989.5;990.4;989.5;;23.8;;24.1;23.8;;;;;;225.0;2.1;0.0
2022/12/21;0600 UTC;0.0;989.4;989.5;989.3;;24.0;;24.0;23.7;;;;;;146.0;0.0;0.0
2022/12/21;0700 UTC;0.0;989.1;989.4;989.1;;23.5;;24.1;23.5;;;;;;163.0;3.3;2.2
2022/12/21;0800 UTC;0.0;989.3;989.3;989.1;;23.1;;23.5;23.1;;;;;;113.0;3.3;0.8
2022/12/21;0900 UTC;0.0;990.2;990.2;989.3;1.4;23.1;;23.1;22.9;;;;;;109.0;1.8;0.0
2022/12/21;1000 UTC;0.0;991.0;991.0;990.2;291.1;24.6;;24.6;23.1;;;;;;146.0;0.0;0.0
2022/12/21;1100 UTC;0.0;991.7;991.7;991.0;1200.3;26.0;;26.4;24.6;;;;;;7.0;5.1;2.9
2022/12/21;1200 UTC;0.0;991.3;991.7;991.3;1301.7;27.2;;27.3;25.5;;;;;;10.0;5.3;1.9
2022/12/21;1300 UTC;0.0;990.9;991.3;990.8;2315.4;28.3;;28.9;27.1;;;;;;38.0;4.3;0.7
2022/12/21;1400 UTC;0.0;990.4;990.9;990.3;2572.1;30.2;;31.2;28.3;;;;;;337.0;5.0;2.1
2022/12/21;1500 UTC;0.0;989.6;990.4;989.6;3711.3;31.7;;31.9;30.2;;;;;;359.0;5.6;1.8
2022/12/21;1600 UTC;0.0;988.4;989.6;988.4;3536.6;33.1;;34.5;31.5;;;;;;319.0;5.6;1.6
2022/12/21;1700 UTC;0.0;987.5;988.4;987.5;3605.0;33.4;;35.2;32.5;;;;;;349.0;7.2;3.2
2022/12/21;1800 UTC;0.0;986.2;987.5;986.2;2927.0;32.8;;33.8;32.3;;;;;;356.0;7.4;4.4
2022/12/21;1900 UTC;0.0;985.6;986.3;985.6;1474.4;31.8;;33.4;31.7;;;;;;335.0;7.4;1.7
2022/12/21;2000 UTC;0.0;985.5;985.6;985.4;463.1;31.3;;31.8;31.2;;;;;;351.0;4.1;0.9
2022/12/21;2100 UTC;0.0;986.0;986.0;985.4;567.2;31.0;;32.7;31.0;;;;;;22.0;2.9;0.3
2022/12/21;2200 UTC;0.0;987.1;987.1;986.0;18.4;29.0;;31.0;29.0;;;;;;291.0;2.9;0.0
2022/12/21;2300 UTC;0.0;988.0;988.0;987.0;;27.4;;29.0;27.4;;;;;;51.0;0.7;0.0
2022/12/22;0000 UTC;0.0;988.8;988.8;988.0;;26.1;;27.4;26.1;;;;;;122.0;0.0;0.0
2022/12/22;0100 UTC;0.0;989.4;989.4;988.8;;25.6;;26.4;25.6;;;;;;96.0;0.0;0.0
2022/12/22;0200 UTC;0.0;989.6;989.7;989.4;;25.5;;25.6;25.3;;;;;;118.0;0.0;0.0
2022/12/22;0300 UTC;0.0;989.5;989.8;989.5;;25.6;;25.7;25.4;;;;;;259.0;0.0;0.0
2022/12/22;0400 UTC;0.0;988.7;989.5;988.7;;25.0;;25.6;24.9;;;;;;8.0;0.0;0.0
2022/12/22;0500 UTC;0.0;988.0;988.7;988.0;;24.6;;25.1;24.6;;;;;;2.0;0.0;0.0
2022/12/22;0600 UTC;0.0;987.6;988.0;987.6;;24.5;;24.6;24.3;;;;;;330.0;0.0;0.0
2022/12/22;0700 UTC;0.0;987.6;987.8;987.5;;24.3;;24.6;24.2;;;;;;343.0;2.9;0.6
2022/12/22;0800 UTC;0.0;988.2;988.2;987.6;;23.9;;24.5;23.9;;;;;;75.0;1.9;0.0
2022/12/22;0900 UTC;0.0;989.0;989.0;988.2;;24.4;;24.4;23.9;;;;;;21.0;4.1;0.0
2022/12/22;1000 UTC;0.0;990.0;990.0;989.0;20.6;24.3;;24.7;24.1;;;;;;66.0;5.0;1.3
2022/12/22;1100 UTC;0.0;990.8;990.8;990.0;211.1;24.7;;24.7;24.2;;;;;;16.0;3.2;0.0
2022/12/22;1200 UTC;0.0;991.1;991.5;990.8;589.9;25.8;;25.8;24.7;;;;;;21.0;5.2;1.7
2022/12/22;1300 UTC;0.0;991.6;991.6;991.0;1317.3;26.6;;26.7;25.8;;;;;;348.0;6.6;2.8
2022/12/22;1400 UTC;0.0;991.0;991.6;991.0;831.5;27.0;;27.1;26.6;;;;;;5.0;4.8;2.3
2022/12/22;1500 UTC;0.0;990.8;991.2;990.8;1918.4;28.5;;28.9;26.9;;;;;;340.0;4.4;0.7
2022/12/22;1600 UTC;0.0;990.6;990.8;990.5;605.2;27.6;;28.5;27.6;;;;;;210.0;4.0;1.8
2022/12/22;1700 UTC;0.0;990.3;990.7;990.3;62.2;23.4;;27.6;23.4;;;;;;229.0;10.2;5.8
2022/12/22;1800 UTC;0.0;988.9;990.3;988.9;183.6;22.9;;23.4;22.8;;;;;;221.0;8.6;1.8
2022/12/22;1900 UTC;0.0;987.3;988.9;987.3;438.8;23.6;;23.7;22.9;;;;;;256.0;3.4;1.3
2022/12/22;2000 UTC;0.0;988.1;988.1;987.2;312.7;24.0;;24.0;23.6;;;;;;232.0;3.4;0.0
2022/12/22;2100 UTC;0.0;989.4;989.4;988.1;97.1;23.5;;24.1;23.5;;;;;;75.0;1.7;0.0
2022/12/22;2200 UTC;0.0;990.0;990.0;989.4;4.2;23.8;;23.8;23.5;;;;;;242.0;0.0;0.0
2022/12/22;2300 UTC;0.0;990.6;990.6;990.0;;23.5;;23.8;23.5;;;;;;203.0;2.0;1.3
2022/12/23;0000 UTC;0.0;991.3;991.3;990.6;;23.6;;23.6;23.4;;;;;;219.0;2.0;0.2
2022/12/23;0100 UTC;0.0;991.5;991.5;991.3;;23.4;;23.6;23.2;;;;;;66.0;1.0;0.0
2022/12/23;0200 UTC;0.0;991.5;991.5;991.3;;23.4;;23.5;23.2;;;;;;255.0;0.0;0.0
2022/12/23;0300 UTC;0.0;991.2;991.6;991.2;;23.1;;23.5;23.1;;;;;;34.0;0.9;0.0
2022/12/23;0400 UTC;0.0;990.9;991.2;990.9;;23.0;;23.2;23.0;;;;;;129.0;0.9;0.0
2022/12/23;0500 UTC;0.0;990.5;990.9;990.5;;23.0;;23.0;22.9;;;;;;135.0;0.0;0.0
2022/12/23;0600 UTC;0.0;990.2;990.5;990.1;;22.9;;23.0;22.8;;;;;;78.0;0.0;0.0
2022/12/23;0700 UTC;0.0;990.2;990.3;990.2;;23.1;;23.1;22.8;;;;;;29.0;1.8;0.1
2022/12/23;0800 UTC;0.0;990.4;990.4;990.2;;22.9;;23.1;22.9;;;;;;26.0;2.3;0.2
2022/12/23;0900 UTC;0.0;991.1;991.1;990.4;;23.0;;23.0;22.9;;;;;;24.0;1.8;0.1
2022/12/23;1000 UTC;0.0;991.9;991.9;991.1;151.0;23.7;;23.7;23.0;;;;;;333.0;2.1;0.6
2022/12/23;1100 UTC;0.0;992.5;992.5;991.9;689.3;24.8;;24.9;23.6;;;;;;319.0;2.9;0.3
2022/12/23;1200 UTC;0.0;993.1;993.1;992.5;1247.8;26.1;;26.3;24.8;;;;;;291.0;3.7;0.9
2022/12/23;1300 UTC;0.0;993.4;993.4;993.0;1472.1;26.9;;26.9;25.7;;;;;;313.0;5.1;0.3
2022/12/23;1400 UTC;0.0;993.0;993.4;993.0;1649.2;27.9;;28.0;26.7;;;;;;304.0;4.6;0.4
2022/12/23;1500 UTC;0.0;992.0;993.0;992.0;1881.7;27.9;;28.5;27.6;;;;;;342.0;4.6;2.5
2022/12/23;1600 UTC;0.0;990.8;992.0;990.8;1625.3;28.8;;29.2;27.3;;;;;;306.0;4.2;1.0
2022/12/23;1700 UTC;0.0;989.2;990.8;989.2;2641.4;29.6;;30.6;28.3;;;;;;347.0;4.0;1.6
2022/12/23;1800 UTC;0.0;988.3;989.2;988.3;2268.7;30.4;;31.4;29.1;;;;;;10.0;4.0;1.1
2022/12/23;1900 UTC;0.0;987.9;988.3;987.9;1407.1;28.0;;31.0;27.8;;;;;;251.0;6.7;3.5
2022/12/23;2000 UTC;0.0;988.0;988.0;987.8;897.6;28.6;;28.9;28.0;;;;;;73.0;5.8;0.4
2022/12/23;2100 UTC;0.0;988.6;988.6;988.0;387.7;26.5;;28.6;26.3;;;;;;13.0;7.2;2.6
2022/12/23;2200 UTC;0.0;989.2;989.2;988.6;23.2;25.4;;26.5;25.4;;;;;;65.0;5.0;1.7
2022/12/23;2300 UTC;0.0;990.3;990.3;989.2;;24.9;;25.4;24.9;;;;;;83.0;3.4;1.4
2022/12/24;0000 UTC;0.0;990.8;990.8;990.3;;24.6;;24.9;24.5;;;;;;57.0;2.5;0.8
2022/12/24;0100 UTC;0.0;991.1;991.1;990.7;;24.4;;24.6;24.3;;;;;;23.0;1.8;0.0
2022/12/24;0200 UTC;0.0;991.0;991.3;991.0;;23.7;;24.4;23.7;;;;;;104.0;0.0;0.0
2022/12/24;0300 UTC;0.0;990.6;991.0;990.6;;23.6;;23.9;23.6;;;;;;101.0;0.0;0.0
2022/12/24;0400 UTC;0.0;989.9;990.6;989.9;;23.2;;23.6;23.2;;;;;;121.0;0.0;0.0
2022/12/24;0500 UTC;0.0;989.3;989.9;989.3;;23.1;;23.2;23.1;;;;;;191.0;0.0;0.0
2022/12/24;0600 UTC;0.0;988.9;989.3;988.9;;22.7;;23.1;22.7;;;;;;115.0;0.0;0.0
2022/12/24;0700 UTC;0.0;989.1;989.1;988.8;;22.3;;22.7;22.3;;;;;;51.0;0.0;0.0
2022/12/24;0800 UTC;0.0;989.5;989.5;989.1;;22.2;;22.3;22.1;;;;;;353.0;0.0;0.0
2022/12/24;0900 UTC;0.0;990.2;990.2;989.5;1.6;21.9;;22.2;21.8;;;;;;135.0;0.6;0.0
2022/12/24;1000 UTC;0.0;991.2;991.2;990.2;242.7;22.8;;22.8;21.9;;;;;;34.0;0.0;0.0
2022/12/24;1100 UTC;0.0;991.7;991.7;991.2;589.2;24.1;;24.2;22.8;;;;;;12.0;1.8;0.5
2022/12/24;1200 UTC;0.0;992.0;992.2;991.7;1137.1;25.7;;25.7;24.1;;;;;;13.0;5.9;2.5
2022/12/24;1300 UTC;0.0;992.1;992.1;991.9;1886.6;27.2;;27.3;25.6;;;;;;22.0;7.0;2.5
2022/12/24;1400 UTC;0.0;991.6;992.3;991.6;1528.1;28.0;;28.3;26.5;;;;;;350.0;6.5;3.7
2022/12/24;1500 UTC;0.0;990.9;991.6;990.9;3001.1;28.9;;30.1;27.9;;;;;;353.0;6.5;2.5
2022/12/24;1600 UTC;0.0;989.9;990.9;989.9;1991.4;29.7;;30.1;28.8;;;;;;347.0;6.0;2.1
2022/12/24;1700 UTC;0.0;989.0;989.9;989.0;1969.4;28.5;;30.5;28.5;;;;;;42.0;8.0;4.9
2022/12/24;1800 UTC;0.0;988.4;989.0;988.4;1987.5;27.7;;28.8;27.3;;;;;;46.0;8.6;4.8
2022/12/24;1900 UTC;0.0;987.9;988.4;987.8;299.6;26.6;;27.7;26.5;;;;;;46.0;8.6;1.0
2022/12/24;2000 UTC;0.0;988.7;988.7;987.9;73.6;25.1;;26.6;25.1;;;;;;241.0;4.1;2.9
2022/12/24;2100 UTC;0.0;989.2;989.2;988.6;15.8;24.5;;25.1;24.5;;;;;;203.0;4.8;3.6
2022/12/24;2200 UTC;0.0;989.3;989.4;989.2;;24.2;;24.5;24.2;;;;;;130.0;5.2;0.0
2022/12/24;2300 UTC;0.0;990.0;990.0;989.2;;24.1;;24.3;24.1;;;;;;238.0;3.1;2.3
2022/12/25;0000 UTC;0.0;990.4;990.4;990.0;;23.8;;24.1;23.8;;;;;;155.0;3.6;0.8
2022/12/25;0100 UTC;0.0;991.0;991.0;990.4;;23.5;;23.8;23.5;;;;;;148.0;1.7;0.0
2022/12/25;0200 UTC;0.0;990.9;991.1;990.8;;23.4;;23.5;23.4;;;;;;109.0;1.5;0.0
2022/12/25;0300 UTC;0.0;990.8;991.1;990.8;;23.4;;23.5;23.3;;;;;;135.0;1.6;0.2
2022/12/25;0400 UTC;0.0;990.4;990.8;990.4;;23.4;;23.5;23.3;;;;;;175.0;1.4;0.0
2022/12/25;0500 UTC;0.0;989.7;990.4;989.7;;23.5;;23.5;23.4;;;;;;182.0;1.0;0.0
2022/12/25;0600 UTC;0.0;989.2;989.7;989.2;;23.3;;23.5;23.3;;;;;;59.0;1.1;0.0
2022/12/25;0700 UTC;0.0;989.0;989.2;989.0;;23.4;;23.4;23.3;;;;;;113.0;0.0;0.0
2022/12/25;0800 UTC;0.0;989.2;989.2;989.0;;23.5;;23.6;23.3;;;;;;37.0;0.9;0.0
2022/12/25;0900 UTC;0.0;989.9;989.9;989.2;;23.2;;23.5;23.2;;;;;;118.0;2.9;1.8
2022/12/25;1000 UTC;0.0;990.3;990.4;989.9;26.2;23.0;;23.2;23.0;;;;;;51.0;3.1;0.0
2022/12/25;1100 UTC;0.0;991.1;991.1;990.3;102.9;23.2;;23.3;23.0;;;;;;353.0;2.9;0.4
2022/12/25;1200 UTC;0.0;991.6;991.6;991.0;379.8;23.9;;23.9;23.2;;;;;;123.0;1.5;0.0
2022/12/25;1300 UTC;0.0;991.4;991.7;991.4;357.5;24.3;;24.3;23.9;;;;;;264.0;2.2;0.0
2022/12/25;1400 UTC;0.0;990.9;991.5;990.9;728.4;25.2;;25.2;24.3;;;;;;325.0;1.1;0.0
2022/12/25;1500 UTC;0.0;990.1;990.9;990.1;2202.4;27.1;;27.6;25.2;;;;;;275.0;3.8;1.6
2022/12/25;1600 UTC;0.0;989.3;990.1;989.3;1257.7;27.1;;27.3;26.5;;;;;;152.0;3.8;2.1
2022/12/25;1700 UTC;0.0;988.5;989.3;988.5;918.0;25.7;;27.2;25.7;;;;;;255.0;4.6;1.1
2022/12/25;1800 UTC;0.0;987.1;988.5;987.1;1196.6;27.3;;27.4;25.3;;;;;;268.0;3.6;0.5
2022/12/25;1900 UTC;0.0;987.1;987.1;986.7;1032.0;25.3;;28.4;25.3;;;;;;111.0;8.4;4.5
2022/12/25;2000 UTC;0.0;987.2;987.3;986.9;827.4;25.8;;25.9;25.0;;;;;;104.0;8.4;0.4
2022/12/25;2100 UTC;0.0;988.0;988.0;987.2;67.7;25.0;;25.8;25.0;;;;;;108.0;2.9;0.7
2022/12/25;2200 UTC;0.0;988.7;988.7;988.0;;24.8;;25.1;24.8;;;;;;91.0;2.1;0.0
2022/12/25;2300 UTC;0.0;989.1;989.1;988.7;;24.4;;24.8;24.4;;;;;;84.0;0.0;0.0
2022/12/26;0000 UTC;0.0;990.0;990.0;989.1;;24.1;;24.4;24.1;;;;;;80.0;1.2;0.0
2022/12/26;0100 UTC;0.0;990.5;990.5;990.0;;24.3;;24.3;24.1;;;;;;235.0;0.4;0.0
2022/12/26;0200 UTC;0.0;990.5;990.8;990.5;;24.3;;24.5;24.3;;;;;;98.0;0.0;0.0
2022/12/26;0300 UTC;0.0;990.4;990.6;990.4;;24.1;;24.5;24.1;;;;;;98.0;0.0;0.0
2022/12/26;0400 UTC;0.0;989.8;990.4;989.7;;23.9;;24.1;23.9;;;;;;99.0;1.4;0.0
2022/12/26;0500 UTC;0.0;989.0;989.8;989.0;;24.0;;24.0;23.8;;;;;;287.0;0.0;0.0
2022/12/26;0600 UTC;0.0;988.9;989.0;988.7;;23.9;;24.1;23.8;;;;;;99.0;0.0;0.0
2022/12/26;0700 UTC;0.0;989.1;989.1;988.8;;24.0;;24.1;23.9;;;;;;229.0;0.0;0.0
2022/12/26;0800 UTC;0.0;989.1;989.2;988.9;;23.7;;24.0;23.7;;;;;;226.0;1.2;0.0
2022/12/26;0900 UTC;0.0;989.8;989.8;989.1;;23.4;;23.7;23.4;;;;;;201.0;0.0;0.0
2022/12/26;1000 UTC;0.0;990.4;990.4;989.8;201.3;24.1;;24.1;23.4;;;;;;165.0;1.4;0.0
2022/12/26;1100 UTC;0.0;990.9;990.9;990.4;785.4;25.1;;25.2;24.1;;;;;;159.0;2.5;0.6
2022/12/26;1200 UTC;0.0;991.2;991.2;990.8;893.0;26.0;;26.1;25.1;;;;;;138.0;2.5;0.0
2022/12/26;1300 UTC;0.0;991.1;991.2;991.1;1395.3;27.3;;27.3;26.0;;;;;;176.0;2.2;0.2
2022/12/26;1400 UTC;0.0;991.0;991.2;991.0;1625.1;28.2;;28.6;27.3;;;;;;326.0;2.2;0.1
2022/12/26;1500 UTC;0.0;990.5;991.0;990.5;1822.6;29.0;;29.0;28.2;;;;;;15.0;3.2;0.5
2022/12/26;1600 UTC;0.0;989.5;990.5;989.5;2163.9;30.8;;30.8;29.0;;;;;;321.0;3.0;0.4
2022/12/26;1700 UTC;0.0;988.3;989.5;988.3;2909.2;31.0;;31.1;30.1;;;;;;69.0;3.4;1.0
2022/12/26;1800 UTC;0.0;987.5;988.3;987.5;1331.7;29.8;;31.5;29.8;;;;;;79.0;3.2;1.1
2022/12/26;1900 UTC;0.0;987.8;987.9;987.5;752.8;29.4;;30.2;29.4;;;;;;106.0;2.2;0.1
2022/12/26;2000 UTC;0.0;988.6;988.6;987.8;66.5;23.6;;29.4;23.0;;;;;;155.0;15.9;3.0
2022/12/26;2100 UTC;0.0;988.6;989.1;988.6;22.2;23.6;;23.9;23.5;;;;;;174.0;5.2;0.7
2022/12/26;2200 UTC;0.0;988.6;988.7;988.5;0.7;23.5;;23.9;23.5;;;;;;242.0;1.5;0.0
2022/12/26;2300 UTC;0.0;989.5;989.5;988.6;;23.6;;23.9;23.1;;;;;;32.0;2.3;1.2
2022/12/27;0000 UTC;0.0;990.6;990.6;989.5;;23.5;;23.6;23.3;;;;;;62.0;2.3;0.0
2022/12/27;0100 UTC;0.0;990.7;990.7;990.4;;23.6;;23.7;23.5;;;;;;80.0;1.2;0.0
2022/12/27;0200 UTC;0.0;991.1;991.1;990.6;;23.7;;23.7;23.4;;;;;;186.0;1.3;0.0
2022/12/27;0300 UTC;0.0;990.9;991.3;990.8;;23.8;;23.8;23.7;;;;;;198.0;0.5;0.0
2022/12/27;0400 UTC;0.0;990.3;990.9;990.3;;23.6;;23.8;23.5;;;;;;222.0;0.0;0.0
2022/12/27;0500 UTC;0.0;990.3;990.5;990.3;;23.5;;23.7;23.4;;;;;;116.0;0.0;0.0
2022/12/27;0600 UTC;0.0;989.7;990.3;989.7;;23.5;;23.6;23.5;;;;;;230.0;0.0;0.0
2022/12/27;0700 UTC;0.0;989.3;989.7;989.3;;23.2;;23.5;23.2;;;;;;11.0;1.2;0.1
2022/12/27;0800 UTC;0.0;989.2;989.4;989.1;;22.9;;23.2;22.9;;;;;;337.0;2.3;0.1
2022/12/27;0900 UTC;0.0;990.0;990.0;989.2;;23.1;;23.1;22.9;;;;;;332.0;1.5;0.1
2022/12/27;1000 UTC;0.0;991.0;991.0;990.0;123.4;23.6;;23.7;23.1;;;;;;266.0;1.1;0.1
2022/12/27;1100 UTC;0.0;991.6;991.6;990.9;598.0;24.5;;24.5;23.6;;;;;;303.0;0.9;0.0
2022/12/27;1200 UTC;0.0;992.2;992.2;991.6;1499.3;25.6;;26.0;24.4;;;;;;194.0;1.3;0.0
2022/12/27;1300 UTC;0.0;992.3;992.4;992.2;2092.3;27.4;;27.8;25.6;;;;;;75.0;3.0;0.7
2022/12/27;1400 UTC;0.0;992.2;992.3;992.2;1834.1;28.1;;28.1;27.0;;;;;;21.0;4.1;1.6
2022/12/27;1500 UTC;0.0;991.5;992.2;991.5;2898.7;29.1;;29.1;27.8;;;;;;349.0;4.4;1.8
2022/12/27;1600 UTC;0.0;990.3;991.5;990.3;3393.0;29.8;;30.2;29.0;;;;;;342.0;5.6;1.6
2022/12/27;1700 UTC;0.0;989.3;990.3;989.3;1455.6;30.1;;30.2;29.3;;;;;;24.0;5.0;1.8
2022/12/27;1800 UTC;0.0;989.0;989.4;988.8;951.0;28.2;;30.2;28.2;;;;;;74.0;5.5;2.5
2022/12/27;1900 UTC;0.0;988.1;989.0;988.0;223.4;26.2;;28.2;26.2;;;;;;148.0;5.1;3.1
2022/12/27;2000 UTC;0.0;988.1;988.4;988.0;327.0;25.6;;26.3;25.5;;;;;;142.0;4.3;1.6
2022/12/27;2100 UTC;0.0;988.6;988.6;988.1;158.9;25.3;;25.7;25.3;;;;;;117.0;2.6;0.8
2022/12/27;2200 UTC;0.0;989.2;989.2;988.7;7.0;25.2;;25.3;25.1;;;;;;156.0;1.9;0.2
2022/12/27;2300 UTC;0.0;990.8;990.8;989.2;;25.2;;25.3;25.0;;;;;;195.0;1.1;0.0
2022/12/28;0000 UTC;0.0;991.2;991.3;990.8;;25.2;;25.4;25.2;;;;;;282.0;2.6;0.8
2022/12/28;0100 UTC;0.0;991.6;991.7;991.2;;24.1;;25.2;24.1;;;;;;285.0;3.1;0.0
2022/12/28;0200 UTC;0.0;991.9;991.9;991.5;;23.9;;24.2;23.8;;;;;;30.0;4.1;1.1
2022/12/28;0300 UTC;0.0;991.2;992.0;991.2;;23.4;;23.9;22.9;;;;;;345.0;6.1;1.9
2022/12/28;0400 UTC;0.0;990.8;991.2;990.8;;23.3;;23.6;23.3;;;;;;211.0;4.4;0.0
2022/12/28;0500 UTC;0.0;990.7;991.0;990.7;;23.0;;23.4;22.9;;;;;;307.0;2.0;0.0
2022/12/28;0600 UTC;0.0;990.4;990.7;990.4;;22.7;;23.0;22.7;;;;;;254.0;4.4;1.1
2022/12/28;0700 UTC;0.0;990.7;990.7;990.4;;22.5;;22.8;22.4;;;;;;235.0;3.0;0.5
2022/12/28;0800 UTC;0.0;991.0;991.0;990.7;;22.5;;22.6;22.5;;;;;;260.0;1.6;0.0
2022/12/28;0900 UTC;0.0;991.9;991.9;991.0;;22.7;;22.7;22.5;;;;;;260.0;3.2;2.0
2022/12/28;1000 UTC;0.0;992.7;992.7;991.9;32.0;22.6;;22.7;22.6;;;;;;269.0;3.6;1.6
2022/12/28;1100 UTC;0.0;993.7;993.7;992.7;64.4;22.3;;22.7;22.3;;;;;;329.0;3.7;0.7
2022/12/28;1200 UTC;0.0;994.1;994.1;993.7;123.6;22.3;;22.3;22.0;;;;;;261.0;4.1;1.5
2022/12/28;1300 UTC;0.0;994.2;994.3;994.1;641.2;23.2;;23.3;22.3;;;;;;232.0;2.6;0.6
2022/12/28;1400 UTC;0.0;993.9;994.2;993.9;1291.1;24.3;;24.4;23.1;;;;;;220.0;3.2;1.4
2022/12/28;1500 UTC;0.0;993.8;993.9;993.7;613.9;24.2;;24.3;23.9;;;;;;77.0;3.2;0.2
2022/12/28;1600 UTC;0.0;993.4;993.8;993.4;638.1;24.1;;24.4;24.0;;;;;;85.0;2.4;1.3
2022/12/28;1700 UTC;0.0;992.6;993.4;992.6;846.7;24.4;;24.4;23.9;;;;;;92.0;2.1;0.4
2022/12/28;1800 UTC;0.0;991.4;992.6;991.4;926.0;24.7;;24.8;24.3;;;;;;127.0;2.6;1.6
2022/12/28;1900 UTC;0.0;990.2;991.4;990.2;998.0;25.1;;25.2;24.6;;;;;;132.0;2.6;1.0
2022/12/28;2000 UTC;0.0;989.8;990.2;989.8;459.9;24.9;;25.2;24.8;;;;;;149.0;4.0;2.4
2022/12/28;2100 UTC;0.0;990.0;990.0;989.7;147.5;24.5;;24.9;24.5;;;;;;137.0;3.5;1.2
2022/12/28;2200 UTC;0.0;990.7;990.7;990.0;12.1;24.0;;24.5;24.0;;;;;;108.0;1.6;0.0
2022/12/28;2300 UTC;0.0;991.6;991.6;990.7;;23.6;;24.1;23.6;;;;;;99.0;1.3;0.2
2022/12/29;0000 UTC;0.0;992.3;992.3;991.6;;23.4;;23.6;23.4;;;;;;62.0;1.3;0.0
2022/12/29;0100 UTC;0.0;993.1;993.1;992.3;;23.1;;23.4;23.1;;;;;;198.0;0.0;0.0
2022/12/29;0200 UTC;0.0;993.0;993.3;993.0;;23.1;;23.2;23.0;;;;;;250.0;0.0;0.0
2022/12/29;0300 UTC;0.0;992.5;993.0;992.5;;22.9;;23.2;22.9;;;;;;82.0;0.9;0.0
2022/12/29;0400 UTC;0.0;992.0;992.5;992.0;;22.6;;22.9;22.5;;;;;;116.0;1.0;0.0
2022/12/29;0500 UTC;0.0;991.7;992.0;991.7;;22.4;;22.6;22.4;;;;;;104.0;1.6;0.0
2022/12/29;0600 UTC;0.0;991.4;991.7;991.4;;22.4;;22.5;22.3;;;;;;149.0;0.4;0.0
2022/12/29;0700 UTC;0.0;991.1;991.4;991.1;;22.5;;22.5;22.4;;;;;;142.0;0.9;0.0
2022/12/29;0800 UTC;0.0;991.3;991.3;991.0;;22.3;;22.7;22.3;;;;;;120.0;0.9;0.0
2022/12/29;0900 UTC;0.0;991.6;991.7;991.3;1.6;22.2;;22.3;21.9;;;;;;190.0;1.3;0.1
2022/12/29;1000 UTC;0.0;992.5;992.5;991.6;97.0;22.4;;22.4;22.2;;;;;;132.0;1.0;0.0
2022/12/29;1100 UTC;0.0;993.6;993.6;992.5;502.8;23.2;;23.2;22.4;;;;;;115.0;1.1;0.0
2022/12/29;1200 UTC;0.0;994.3;994.4;993.6;1140.6;24.7;;24.8;23.2;;;;;;68.0;2.0;0.1
2022/12/29;1300 UTC;0.0;994.0;994.4;994.0;1512.6;26.8;;26.8;24.7;;;;;;354.0;2.5;0.6
2022/12/29;1400 UTC;0.0;993.5;994.0;993.5;3379.4;27.1;;28.1;26.1;;;;;;348.0;4.5;2.3
2022/12/29;1500 UTC;0.0;992.8;993.5;992.8;3190.3;28.6;;29.2;27.0;;;;;;352.0;4.3;1.5
2022/12/29;1600 UTC;0.0;991.5;992.8;991.5;3558.7;29.7;;30.5;28.4;;;;;;347.0;4.0;1.2
2022/12/29;1700 UTC;0.0;990.3;991.5;990.3;3202.0;30.6;;30.9;29.1;;;;;;49.0;3.4;0.8
2022/12/29;1800 UTC;0.0;989.1;990.3;989.1;2986.3;31.3;;31.9;30.2;;;;;;106.0;3.1;0.9
2022/12/29;1900 UTC;0.0;988.6;989.1;988.6;2107.7;31.0;;33.2;31.0;;;;;;171.0;3.7;0.9
2022/12/29;2000 UTC;0.0;989.0;989.0;988.6;646.8;30.0;;31.1;30.0;;;;;;152.0;3.7;0.9
2022/12/29;2100 UTC;0.0;989.3;989.4;989.0;206.2;28.5;;30.0;28.5;;;;;;143.0;3.6;1.5
2022/12/29;2200 UTC;0.0;989.2;989.4;989.2;8.8;27.2;;28.5;27.2;;;;;;125.0;2.3;0.0
2022/12/29;2300 UTC;0.0;990.2;990.2;989.1;;26.4;;27.2;26.4;;;;;;126.0;1.0;0.2
2022/12/30;0000 UTC;0.0;990.9;990.9;990.2;;26.0;;26.4;25.9;;;;;;168.0;1.8;0.0
2022/12/30;0100 UTC;0.0;991.6;991.7;990.9;;25.8;;26.1;25.8;;;;;;206.0;1.4;0.0
2022/12/30;0200 UTC;0.0;991.6;991.8;991.5;;24.9;;25.8;24.8;;;;;;297.0;1.2;0.0
2022/12/30;0300 UTC;0.0;991.6;991.7;991.5;;24.4;;25.0;24.4;;;;;;3.0;0.0;0.0
2022/12/30;0400 UTC;0.0;990.9;991.6;990.9;;24.2;;24.5;24.1;;;;;;273.0;0.0;0.0
2022/12/30;0500 UTC;0.0;990.1;990.9;990.1;;23.8;;24.3;23.7;;;;;;19.0;1.3;0.0
2022/12/30;0600 UTC;0.0;989.8;990.1;989.8;;24.1;;24.2;23.8;;;;;;272.0;0.9;0.0
2022/12/30;0700 UTC;0.0;990.0;990.0;989.7;;23.4;;24.1;23.2;;;;;;86.0;1.3;0.0
2022/12/30;0800 UTC;0.0;990.6;990.6;989.9;;23.8;;23.8;23.3;;;;;;356.0;0.0;0.0
2022/12/30;0900 UTC;0.0;991.1;991.1;990.5;1.2;23.5;;23.9;23.5;;;;;;87.0;0.0;0.0
2022/12/30;1000 UTC;0.0;992.3;992.3;991.1;188.7;24.2;;24.2;23.5;;;;;;43.0;0.0;0.0
2022/12/30;1100 UTC;0.0;992.9;992.9;992.3;747.3;25.2;;25.2;24.2;;;;;;352.0;2.9;1.2
2022/12/30;1200 UTC;0.0;993.4;993.4;992.9;701.8;25.5;;25.7;25.0;;;;;;328.0;3.2;0.9
2022/12/30;1300 UTC;0.0;993.4;993.6;993.4;1368.8;26.3;;26.8;25.5;;;;;;7.0;3.6;1.0
2022/12/30;1400 UTC;0.0;993.0;993.5;993.0;2245.2;27.9;;28.3;26.3;;;;;;303.0;2.9;0.2
2022/12/30;1500 UTC;0.0;992.0;993.0;992.0;2382.7;28.0;;29.4;27.8;;;;;;311.0;3.3;0.2
2022/12/30;1600 UTC;0.0;991.0;992.0;991.0;848.6;26.7;;28.7;26.6;;;;;;72.0;3.7;2.0
2022/12/30;1700 UTC;0.0;989.5;991.0;989.5;1255.8;28.0;;28.2;26.7;;;;;;106.0;4.3;0.4
2022/12/30;1800 UTC;0.0;988.5;989.5;988.5;1697.2;29.7;;30.0;28.0;;;;;;25.0;3.3;1.1
2022/12/30;1900 UTC;0.0;988.1;988.5;988.0;712.3;28.0;;29.7;27.3;;;;;;34.0;6.7;0.9
2022/12/30;2000 UTC;0.0;988.3;988.4;988.1;343.9;27.3;;28.0;27.3;;;;;;32.0;4.3;1.6
2022/12/30;2100 UTC;0.0;988.5;988.5;988.3;89.7;26.8;;27.3;26.8;;;;;;117.0;3.9;0.0
2022/12/30;2200 UTC;0.0;989.4;989.5;988.5;11.1;25.6;;26.9;25.6;;;;;;312.0;1.0;0.0
2022/12/30;2300 UTC;0.0;990.3;990.3;989.4;;24.5;;25.6;24.5;;;;;;111.0;1.1;0.2
2022/12/31;0000 UTC;0.0;991.3;991.3;990.3;;24.0;;24.5;24.0;;;;;;145.0;2.3;0.0
2022/12/31;0100 UTC;0.0;991.1;991.5;991.1;;23.8;;24.0;23.7;;;;;;293.0;0.0;0.0
2022/12/31;0200 UTC;0.0;991.0;991.2;991.0;;23.3;;23.8;23.2;;;;;;161.0;1.1;0.0
2022/12/31;0300 UTC;0.0;990.6;991.0;990.6;;22.7;;23.3;22.7;;;;;;109.0;1.4;0.3
2022/12/31;0400 UTC;0.0;990.3;990.8;990.3;;22.9;;22.9;22.6;;;;;;332.0;1.4;0.0
2022/12/31;0500 UTC;0.0;989.7;990.3;989.7;;22.9;;23.0;22.5;;;;;;265.0;2.5;1.9
2022/12/31;0600 UTC;0.0;989.5;989.7;989.3;;22.1;;22.9;22.1;;;;;;110.0;2.5;0.0
2022/12/31;0700 UTC;0.0;989.4;989.6;989.2;;21.7;;22.1;21.6;;;;;;136.0;0.0;0.0
2022/12/31;0800 UTC;0.0;989.6;989.7;989.3;;21.3;;21.8;21.3;;;;;;128.0;0.8;0.0
2022/12/31;0900 UTC;0.0;990.7;990.7;989.6;1.4;21.2;;21.3;21.1;;;;;;279.0;1.4;0.0
2022/12/31;1000 UTC;0.0;991.5;991.5;990.7;154.7;22.0;;22.0;21.2;;;;;;94.0;1.1;0.0
2022/12/31;1100 UTC;0.0;992.4;992.6;991.5;444.8;23.1;;23.1;22.1;;;;;;145.0;1.8;0.7
2022/12/31;1200 UTC;0.0;993.1;993.2;992.4;1375.2;25.2;;25.3;23.1;;;;;;116.0;1.9;0.3
2022/12/31;1300 UTC;0.0;993.4;993.4;993.0;1629.0;26.6;;26.6;25.2;;;;;;117.0;2.7;0.4
2022/12/31;1400 UTC;0.0;992.6;993.4;992.6;1287.9;27.5;;27.5;26.4;;;;;;360.0;2.8;0.3
2022/12/31;1500 UTC;0.0;991.8;992.6;991.8;2188.4;29.5;;29.7;27.3;;;;;;305.0;2.3;0.3
2022/12/31;1600 UTC;0.0;990.5;991.8;990.5;3551.1;30.4;;31.2;29.2;;;;;;115.0;5.3;1.9
2022/12/31;1700 UTC;0.0;989.5;990.5;989.5;2697.3;30.8;;31.8;30.4;;;;;;50.0;5.3;0.8
2022/12/31;1800 UTC;0.0;988.3;989.5;988.3;2841.7;31.1;;32.2;30.0;;;;;;332.0;5.6;0.8
2022/12/31;1900 UTC;0.0;987.7;988.3;987.7;1071.6;30.0;;32.1;29.8;;;;;;247.0;5.3;2.3
2022/12/31;2000 UTC;0.0;987.6;987.8;987.5;1155.2;30.1;;30.7;29.9;;;;;;231.0;6.0;2.5
2022/12/31;2100 UTC;0.0;989.1;989.5;987.7;265.3;22.3;;30.5;21.5;;;;;;272.0;13.8;1.2
2022/12/31;2200 UTC;0.0;989.1;989.3;988.9;2.6;23.1;;23.2;22.3;;;;;;306.0;4.4;0.0
2022/12/31;2300 UTC;0.0;990.5;990.5;989.1;;23.5;;23.6;23.1;;;;;;312.0;1.2;0.0
